116 2668
30 31 127 1
31 30 127 1
93 101 103 1
101 93 103 1
45 49 111 1
49 45 111 1
44 45 194 1
45 44 194 1
48 50 202 1
50 48 202 1
17 79 135 1
79 17 135 1
43 44 290 1
44 43 290 1
28 72 116 1
72 28 116 1
42 43 239 1
43 42 239 1
48 51 548 1
51 48 548 1
43 47 146 1
47 43 146 1
43 45 199 1
45 43 199 1
25 27 193 1
27 25 193 1
26 27 135 1
27 26 135 1
56 57 840 1
57 56 840 1
76 77 238 1
77 76 238 1
29 72 629 1
72 29 629 1
32 33 149 1
33 32 149 1
29 73 113 1
73 29 113 1
45 47 345 1
47 45 345 1
48 52 415 1
52 48 415 1
51 52 786 1
52 51 786 1
11 13 168 1
13 11 168 1
44 49 304 1
49 44 304 1
73 75 84 1
75 73 84 1
4 8 148 1
8 4 148 1
24 26 201 1
26 24 201 1
91 93 118 1
93 91 118 1
47 49 380 1
49 47 380 1
54 89 853 1
89 54 853 1
73 74 458 1
74 73 458 1
72 74 76 1
74 72 76 1
114 115 96 1
115 114 96 1
36 37 542 1
37 36 542 1
42 47 281 1
47 42 281 1
54 55 651 1
55 54 651 1
95 108 123 1
108 95 123 1
4 9 500 1
9 4 500 1
38 94 246 1
94 38 246 1
23 85 1053 1
85 23 1053 1
52 54 402 1
54 52 402 1
24 25 135 1
25 24 135 1
50 52 243 1
52 50 243 1
98 99 479 1
99 98 479 1
39 115 411 1
115 39 411 1
1 13 546 1
13 1 546 1
51 58 753 1
58 51 753 1
74 76 203 1
76 74 203 1
99 111 265 1
111 99 265 1
22 23 140 1
23 22 140 1
2 93 1417 1
93 2 1417 1
26 30 321 1
30 26 321 1
97 115 218 1
115 97 218 1
62 63 1134 1
63 62 1134 1
44 47 404 1
47 44 404 1
38 39 465 1
39 38 465 1
95 109 146 1
109 95 146 1
42 46 173 1
46 42 173 1
27 84 956 1
84 27 956 1
12 13 959 1
13 12 959 1
28 29 741 1
29 28 741 1
96 98 184 1
98 96 184 1
17 73 298 1
73 17 298 1
26 39 604 1
39 26 604 1
59 66 363 1
66 59 363 1
52 58 705 1
58 52 705 1
58 59 496 1
59 58 496 1
95 96 288 1
96 95 288 1
14 88 613 1
88 14 613 1
27 113 1016 1
113 27 1016 1
39 114 488 1
114 39 488 1
113 114 95 1
114 113 95 1
14 82 179 1
82 14 179 1
97 110 221 1
110 97 221 1
97 114 263 1
114 97 263 1
73 76 450 1
76 73 450 1
48 58 400 1
58 48 400 1
99 112 272 1
112 99 272 1
10 84 516 1
84 10 516 1
27 85 894 1
85 27 894 1
37 96 506 1
96 37 506 1
28 33 585 1
33 28 585 1
39 97 289 1
97 39 289 1
43 49 240 1
49 43 240 1
29 75 189 1
75 29 189 1
2 101 1431 1
101 2 1431 1
29 32 631 1
32 29 631 1
51 53 271 1
53 51 271 1
28 32 528 1
32 28 528 1
111 112 111 1
112 111 111 1
54 58 818 1
58 54 818 1
17 74 721 1
74 17 721 1
40 78 376 1
78 40 376 1
62 72 566 1
72 62 566 1
73 79 296 1
79 73 296 1
16 80 152 1
80 16 152 1
38 54 263 1
54 38 263 1
39 94 407 1
94 39 407 1
32 72 471 1
72 32 471 1
50 51 698 1
51 50 698 1
98 111 265 1
111 98 265 1
91 101 197 1
101 91 197 1
23 84 1113 1
84 23 1113 1
98 112 277 1
112 98 277 1
25 84 1066 1
84 25 1066 1
42 44 208 1
44 42 208 1
70 71 263 1
71 70 263 1
55 98 606 1
98 55 606 1
3 5 603 1
5 3 603 1
68 69 164 1
69 68 164 1
2 8 554 1
8 2 554 1
23 25 373 1
25 23 373 1
74 75 389 1
75 74 389 1
24 27 252 1
27 24 252 1
55 96 492 1
96 55 492 1
23 27 506 1
27 23 506 1
84 85 1130 1
85 84 1130 1
84 88 224 1
88 84 224 1
22 84 1027 1
84 22 1027 1
48 49 410 1
49 48 410 1
51 54 884 1
54 51 884 1
24 84 1013 1
84 24 1013 1
43 46 341 1
46 43 341 1
80 81 1113 1
81 80 1113 1
75 76 374 1
76 75 374 1
8 9 638 1
9 8 638 1
29 74 571 1
74 29 571 1
72 75 453 1
75 72 453 1
27 39 536 1
39 27 536 1
20 21 185 1
21 20 185 1
52 53 746 1
53 52 746 1
104 105 204 1
105 104 204 1
37 55 221 1
55 37 221 1
48 59 599 1
59 48 599 1
14 22 562 1
22 14 562 1
69 93 1169 1
93 69 1169 1
26 31 365 1
31 26 365 1
58 66 198 1
66 58 198 1
17 78 955 1
78 17 955 1
20 25 402 1
25 20 402 1
16 78 122 1
78 16 122 1
51 59 486 1
59 51 486 1
94 115 181 1
115 94 181 1
105 115 176 1
115 105 176 1
72 73 517 1
73 72 517 1
27 89 807 1
89 27 807 1
105 114 152 1
114 105 152 1
17 29 223 1
29 17 223 1
42 98 381 1
98 42 381 1
97 111 292 1
111 97 292 1
46 47 309 1
47 46 309 1
72 76 257 1
76 72 257 1
6 7 710 1
7 6 710 1
20 31 387 1
31 20 387 1
17 72 781 1
72 17 781 1
17 75 351 1
75 17 351 1
74 79 666 1
79 74 666 1
22 24 386 1
24 22 386 1
37 97 271 1
97 37 271 1
25 113 1193 1
113 25 1193 1
37 95 241 1
95 37 241 1
42 45 300 1
45 42 300 1
16 17 998 1
17 16 998 1
3 7 185 1
7 3 185 1
7 65 934 1
65 7 934 1
20 30 328 1
30 20 328 1
27 114 923 1
114 27 923 1
39 88 762 1
88 39 762 1
53 54 818 1
54 53 818 1
3 92 1420 1
92 3 1420 1
25 26 225 1
26 25 225 1
14 84 681 1
84 14 681 1
85 89 220 1
89 85 220 1
25 85 1018 1
85 25 1018 1
96 97 322 1
97 96 322 1
45 67 282 1
67 45 282 1
100 102 87 1
102 100 87 1
55 112 466 1
112 55 466 1
55 114 395 1
114 55 395 1
96 112 337 1
112 96 337 1
106 107 486 1
107 106 486 1
23 24 403 1
24 23 403 1
26 114 936 1
114 26 936 1
29 33 510 1
33 29 510 1
48 66 357 1
66 48 357 1
22 25 402 1
25 22 402 1
37 54 645 1
54 37 645 1
63 79 303 1
79 63 303 1
46 98 212 1
98 46 212 1
85 113 705 1
113 85 705 1
96 110 214 1
110 96 214 1
1 89 788 1
89 1 788 1
8 93 1382 1
93 8 1382 1
1 11 394 1
11 1 394 1
38 105 521 1
105 38 521 1
57 63 249 1
63 57 249 1
95 113 351 1
113 95 351 1
16 76 379 1
76 16 379 1
39 105 458 1
105 39 458 1
55 97 173 1
97 55 173 1
75 77 210 1
77 75 210 1
30 39 678 1
39 30 678 1
51 66 580 1
66 51 580 1
75 79 318 1
79 75 318 1
110 112 272 1
112 110 272 1
1 63 334 1
63 1 334 1
10 11 986 1
11 10 986 1
62 74 590 1
74 62 590 1
28 81 975 1
81 28 975 1
75 81 434 1
81 75 434 1
78 79 878 1
79 78 878 1
13 61 843 1
61 13 843 1
92 93 608 1
93 92 608 1
36 74 242 1
74 36 242 1
55 89 213 1
89 55 213 1
36 96 257 1
96 36 257 1
97 112 339 1
112 97 339 1
73 77 274 1
77 73 274 1
10 26 620 1
26 10 620 1
28 80 329 1
80 28 329 1
90 91 735 1
91 90 735 1
38 88 311 1
88 38 311 1
17 81 182 1
81 17 182 1
32 73 550 1
73 32 550 1
37 89 294 1
89 37 294 1
96 114 265 1
114 96 265 1
38 115 384 1
115 38 384 1
51 89 661 1
89 51 661 1
5 7 538 1
7 5 538 1
10 30 501 1
30 10 501 1
33 72 507 1
72 33 507 1
61 63 238 1
63 61 238 1
109 113 333 1
113 109 333 1
2 4 569 1
4 2 569 1
12 26 521 1
26 12 521 1
36 41 570 1
41 36 570 1
34 84 580 1
84 34 580 1
17 62 1129 1
62 17 1129 1
95 98 433 1
98 95 433 1
43 98 522 1
98 43 522 1
67 69 345 1
69 67 345 1
94 97 266 1
97 94 266 1
38 97 469 1
97 38 469 1
41 94 523 1
94 41 523 1
54 88 224 1
88 54 224 1
110 111 172 1
111 110 172 1
0 10 381 1
10 0 381 1
10 27 715 1
27 10 715 1
29 76 555 1
76 29 555 1
37 113 578 1
113 37 578 1
61 65 175 1
65 61 175 1
36 76 232 1
76 36 232 1
23 38 892 1
38 23 892 1
28 62 527 1
62 28 527 1
33 60 632 1
60 33 632 1
20 71 311 1
71 20 311 1
7 92 1445 1
92 7 1445 1
11 89 636 1
89 11 636 1
52 59 956 1
59 52 956 1
97 109 174 1
109 97 174 1
0 16 380 1
16 0 380 1
17 57 439 1
57 17 439 1
84 114 684 1
114 84 684 1
66 110 549 1
110 66 549 1
1 61 385 1
61 1 385 1
82 84 544 1
84 82 544 1
95 97 97 1
97 95 97 1
0 56 174 1
56 0 174 1
78 109 527 1
109 78 527 1
96 111 286 1
111 96 286 1
14 15 772 1
15 14 772 1
16 79 934 1
79 16 934 1
36 77 422 1
77 36 422 1
2 67 952 1
67 2 952 1
31 34 815 1
34 31 815 1
39 96 494 1
96 39 494 1
78 81 1002 1
81 78 1002 1
109 111 273 1
111 109 273 1
27 30 343 1
30 27 343 1
50 66 475 1
66 50 475 1
53 55 448 1
55 53 448 1
54 96 167 1
96 54 167 1
1 12 1022 1
12 1 1022 1
16 73 769 1
73 16 769 1
36 97 483 1
97 36 483 1
57 79 431 1
79 57 431 1
68 93 1248 1
93 68 1248 1
5 93 1207 1
93 5 1207 1
29 62 1067 1
62 29 1067 1
95 111 347 1
111 95 347 1
20 27 271 1
27 20 271 1
22 85 1113 1
85 22 1113 1
108 113 292 1
113 108 292 1
85 87 616 1
87 85 616 1
84 89 1110 1
89 84 1110 1
49 50 585 1
50 49 585 1
52 89 1027 1
89 52 1027 1
34 35 126 1
35 34 126 1
24 30 283 1
30 24 283 1
26 115 841 1
115 26 841 1
55 58 998 1
58 55 998 1
80 82 469 1
82 80 469 1
103 107 239 1
107 103 239 1
65 92 1075 1
92 65 1075 1
10 24 654 1
24 10 654 1
38 114 469 1
114 38 469 1
46 55 584 1
55 46 584 1
69 101 1234 1
101 69 1234 1
39 55 254 1
55 39 254 1
102 104 159 1
104 102 159 1
35 44 409 1
44 35 409 1
24 31 318 1
31 24 318 1
2 69 758 1
69 2 758 1
82 88 444 1
88 82 444 1
21 109 565 1
109 21 565 1
6 60 799 1
60 6 799 1
37 38 515 1
38 37 515 1
26 84 884 1
84 26 884 1
28 78 272 1
78 28 272 1
48 54 669 1
54 48 669 1
82 87 849 1
87 82 849 1
23 88 1119 1
88 23 1119 1
37 39 117 1
39 37 117 1
111 113 191 1
113 111 191 1
5 91 1178 1
91 5 1178 1
8 101 1359 1
101 8 1359 1
17 63 324 1
63 17 324 1
37 114 513 1
114 37 513 1
13 100 1359 1
100 13 1359 1
26 102 984 1
102 26 984 1
34 114 610 1
114 34 610 1
10 12 181 1
12 10 181 1
20 24 393 1
24 20 393 1
58 61 717 1
61 58 717 1
73 78 740 1
78 73 740 1
16 84 311 1
84 16 311 1
84 87 1148 1
87 84 1148 1
105 113 210 1
113 105 210 1
108 109 87 1
109 108 87 1
2 49 1238 1
49 2 1238 1
29 79 257 1
79 29 257 1
79 81 136 1
81 79 136 1
33 40 654 1
40 33 654 1
36 114 494 1
114 36 494 1
19 73 625 1
73 19 625 1
39 54 618 1
54 39 618 1
27 54 856 1
54 27 856 1
35 110 305 1
110 35 305 1
18 70 528 1
70 18 528 1
46 112 262 1
112 46 262 1
48 53 654 1
53 48 654 1
72 79 733 1
79 72 733 1
10 23 699 1
23 10 699 1
47 90 580 1
90 47 580 1
84 113 718 1
113 84 718 1
88 94 422 1
94 88 422 1
38 41 513 1
41 38 513 1
47 98 442 1
98 47 442 1
52 88 542 1
88 52 542 1
97 99 180 1
99 97 180 1
4 93 1288 1
93 4 1288 1
36 54 228 1
54 36 228 1
74 77 362 1
77 74 362 1
28 75 567 1
75 28 567 1
76 79 567 1
79 76 567 1
95 114 280 1
114 95 280 1
36 38 122 1
38 36 122 1
59 61 271 1
61 59 271 1
19 108 910 1
108 19 910 1
22 27 524 1
27 22 524 1
31 71 265 1
71 31 265 1
51 55 568 1
55 51 568 1
97 105 299 1
105 97 299 1
24 39 767 1
39 24 767 1
112 114 196 1
114 112 196 1
32 62 548 1
62 32 548 1
83 87 158 1
87 83 158 1
5 15 278 1
15 5 278 1
13 89 713 1
89 13 713 1
37 77 246 1
77 37 246 1
55 115 361 1
115 55 361 1
25 34 1006 1
34 25 1006 1
26 100 1042 1
100 26 1042 1
35 45 385 1
45 35 385 1
44 46 353 1
46 44 353 1
94 114 259 1
114 94 259 1
17 40 824 1
40 17 824 1
26 113 1029 1
113 26 1029 1
48 98 566 1
98 48 566 1
12 100 1084 1
100 12 1084 1
21 95 510 1
95 21 510 1
55 99 216 1
99 55 216 1
56 62 252 1
62 56 252 1
76 109 320 1
109 76 320 1
94 105 354 1
105 94 354 1
109 112 348 1
112 109 348 1
16 109 631 1
109 16 631 1
29 40 655 1
40 29 655 1
63 74 885 1
74 63 885 1
23 87 803 1
87 23 803 1
10 16 218 1
16 10 218 1
70 77 376 1
77 70 376 1
110 115 264 1
115 110 264 1
2 45 1193 1
45 2 1193 1
10 22 580 1
22 10 580 1
23 34 949 1
34 23 949 1
38 55 598 1
55 38 598 1
52 87 1253 1
87 52 1253 1
19 32 289 1
32 19 289 1
31 39 657 1
39 31 657 1
63 98 1024 1
98 63 1024 1
113 115 188 1
115 113 188 1
60 61 893 1
61 60 893 1
2 6 165 1
6 2 165 1
16 77 611 1
77 16 611 1
32 74 456 1
74 32 456 1
8 29 833 1
29 8 833 1
37 98 666 1
98 37 666 1
69 91 1081 1
91 69 1081 1
60 101 1230 1
101 60 1230 1
92 101 634 1
101 92 634 1
28 60 684 1
60 28 684 1
30 114 1027 1
114 30 1027 1
32 108 663 1
108 32 663 1
42 49 396 1
49 42 396 1
17 76 648 1
76 17 648 1
21 113 840 1
113 21 840 1
36 40 213 1
40 36 213 1
95 99 272 1
99 95 272 1
97 113 312 1
113 97 312 1
34 64 445 1
64 34 445 1
39 113 565 1
113 39 565 1
58 63 892 1
63 58 892 1
23 71 443 1
71 23 443 1
25 31 272 1
31 25 272 1
25 114 1103 1
114 25 1103 1
34 76 309 1
76 34 309 1
52 55 814 1
55 52 814 1
40 73 549 1
73 40 549 1
41 56 991 1
56 41 991 1
55 113 437 1
113 55 437 1
99 113 264 1
113 99 264 1
16 40 399 1
40 16 399 1
27 115 829 1
115 27 829 1
37 41 217 1
41 37 217 1
48 55 832 1
55 48 832 1
3 23 271 1
23 3 271 1
45 46 448 1
46 45 448 1
10 31 619 1
31 10 619 1
23 31 199 1
31 23 199 1
28 40 248 1
40 28 248 1
28 68 788 1
68 28 788 1
21 27 209 1
27 21 209 1
20 26 232 1
26 20 232 1
57 74 830 1
74 57 830 1
62 75 893 1
75 62 893 1
21 31 344 1
31 21 344 1
49 67 315 1
67 49 315 1
21 25 360 1
25 21 360 1
34 82 812 1
82 34 812 1
40 108 451 1
108 40 451 1
42 96 429 1
96 42 429 1
63 72 944 1
72 63 944 1
27 31 339 1
31 27 339 1
36 89 803 1
89 36 803 1
55 111 434 1
111 55 434 1
101 103 106 1
103 101 106 1
29 81 342 1
81 29 342 1
109 110 135 1
110 109 135 1
17 28 894 1
28 17 894 1
54 114 381 1
114 54 381 1
37 85 343 1
85 37 343 1
53 58 934 1
58 53 934 1
73 109 538 1
109 73 538 1
6 12 248 1
12 6 248 1
17 32 646 1
32 17 646 1
18 30 564 1
30 18 564 1
19 29 673 1
29 19 673 1
27 38 594 1
38 27 594 1
36 72 276 1
72 36 276 1
39 110 466 1
110 39 466 1
54 87 939 1
87 54 939 1
76 78 312 1
78 76 312 1
5 92 1324 1
92 5 1324 1
8 49 1478 1
49 8 1478 1
21 108 562 1
108 21 562 1
25 39 702 1
39 25 702 1
27 37 597 1
37 27 597 1
27 102 1008 1
102 27 1008 1
49 59 382 1
59 49 382 1
36 55 626 1
55 36 626 1
58 89 1156 1
89 58 1156 1
5 101 1174 1
101 5 1174 1
27 88 863 1
88 27 863 1
31 33 517 1
33 31 517 1
38 89 763 1
89 38 763 1
82 83 881 1
83 82 881 1
12 60 825 1
60 12 825 1
95 112 395 1
112 95 395 1
8 92 1269 1
92 8 1269 1
63 99 719 1
99 63 719 1
0 84 624 1
84 0 624 1
2 92 1350 1
92 2 1350 1
23 26 522 1
26 23 522 1
54 84 309 1
84 54 309 1
28 73 629 1
73 28 629 1
0 87 1191 1
87 0 1191 1
28 74 188 1
74 28 188 1
40 109 467 1
109 40 467 1
50 58 486 1
58 50 486 1
68 101 1309 1
101 68 1309 1
94 110 220 1
110 94 220 1
2 91 1366 1
91 2 1366 1
5 6 733 1
6 5 733 1
10 88 586 1
88 10 586 1
71 77 297 1
77 71 297 1
91 92 669 1
92 91 669 1
10 20 506 1
20 10 506 1
17 19 648 1
19 17 648 1
17 108 703 1
108 17 703 1
57 62 1000 1
62 57 1000 1
111 114 232 1
114 111 232 1
72 81 860 1
81 72 860 1
99 110 299 1
110 99 299 1
11 30 584 1
30 11 584 1
22 88 1044 1
88 22 1044 1
54 97 484 1
97 54 484 1
78 80 116 1
80 78 116 1
11 12 972 1
12 11 972 1
33 78 590 1
78 33 590 1
77 80 662 1
80 77 662 1
1 54 1073 1
54 1 1073 1
12 39 908 1
39 12 908 1
31 70 334 1
70 31 334 1
50 59 774 1
59 50 774 1
62 80 268 1
80 62 268 1
64 65 897 1
65 64 897 1
99 115 285 1
115 99 285 1
7 60 1133 1
60 7 1133 1
10 85 1188 1
85 10 1188 1
16 34 555 1
34 16 555 1
27 105 897 1
105 27 897 1
35 67 262 1
67 35 262 1
49 101 814 1
101 49 814 1
62 76 527 1
76 62 527 1
79 95 480 1
95 79 480 1
105 108 296 1
108 105 296 1
3 15 589 1
15 3 589 1
42 55 629 1
55 42 629 1
72 78 300 1
78 72 300 1
77 109 318 1
109 77 318 1
112 113 116 1
113 112 116 1
3 65 942 1
65 3 942 1
20 39 459 1
39 20 459 1
24 115 1029 1
115 24 1029 1
47 69 806 1
69 47 806 1
11 65 770 1
65 11 770 1
32 40 629 1
40 32 629 1
79 109 545 1
109 79 545 1
88 114 584 1
114 88 584 1
95 110 248 1
110 95 248 1
98 102 260 1
102 98 260 1
99 114 265 1
114 99 265 1
12 15 906 1
15 12 906 1
42 99 482 1
99 42 482 1
42 111 258 1
111 42 258 1
18 28 651 1
28 18 651 1
24 85 1108 1
85 24 1108 1
37 112 610 1
112 37 610 1
62 79 1049 1
79 62 1049 1
88 115 538 1
115 88 538 1
97 98 437 1
98 97 437 1
16 74 335 1
74 16 335 1
26 88 791 1
88 26 791 1
49 93 719 1
93 49 719 1
54 100 319 1
100 54 319 1
63 95 704 1
95 63 704 1
98 114 276 1
114 98 276 1
1 57 172 1
57 1 172 1
25 30 292 1
30 25 292 1
27 109 761 1
109 27 761 1
29 78 851 1
78 29 851 1
34 77 351 1
77 34 351 1
2 5 685 1
5 2 685 1
23 39 847 1
39 23 847 1
53 63 685 1
63 53 685 1
102 103 508 1
103 102 508 1
20 23 575 1
23 20 575 1
20 70 213 1
70 20 213 1
57 99 846 1
99 57 846 1
19 78 749 1
78 19 749 1
25 37 745 1
37 25 745 1
30 38 642 1
38 30 642 1
30 113 1109 1
113 30 1109 1
46 49 541 1
49 46 541 1
77 95 322 1
95 77 322 1
66 111 646 1
111 66 646 1
110 114 289 1
114 110 289 1
16 82 421 1
82 16 421 1
18 19 147 1
19 18 147 1
22 64 1169 1
64 22 1169 1
36 115 416 1
115 36 416 1
45 90 767 1
90 45 767 1
49 51 172 1
51 49 172 1
89 100 936 1
100 89 936 1
89 113 633 1
113 89 633 1
12 30 419 1
30 12 419 1
19 21 748 1
21 19 748 1
24 114 1125 1
114 24 1125 1
37 110 431 1
110 37 431 1
31 114 1052 1
114 31 1052 1
33 68 378 1
68 33 378 1
46 96 270 1
96 46 270 1
88 89 1035 1
89 88 1035 1
109 114 278 1
114 109 278 1
45 48 304 1
48 45 304 1
96 99 428 1
99 96 428 1
99 103 258 1
103 99 258 1
100 115 381 1
115 100 381 1
104 108 301 1
108 104 301 1
8 69 1192 1
69 8 1192 1
11 61 675 1
61 11 675 1
16 81 1063 1
81 16 1063 1
17 56 1024 1
56 17 1024 1
26 38 554 1
38 26 554 1
30 34 790 1
34 30 790 1
30 71 303 1
71 30 303 1
37 86 777 1
86 37 777 1
68 91 1170 1
91 68 1170 1
100 103 576 1
103 100 576 1
6 30 365 1
30 6 365 1
24 113 1216 1
113 24 1216 1
8 17 1036 1
17 8 1036 1
18 20 736 1
20 18 736 1
38 84 429 1
84 38 429 1
56 63 1014 1
63 56 1014 1
61 100 1241 1
100 61 1241 1
91 103 258 1
103 91 258 1
10 25 735 1
25 10 735 1
10 114 995 1
114 10 995 1
21 30 349 1
30 21 349 1
40 41 506 1
41 40 506 1
68 81 913 1
81 68 913 1
33 81 613 1
81 33 613 1
48 87 1307 1
87 48 1307 1
10 89 1185 1
89 10 1185 1
24 34 1021 1
34 24 1021 1
31 113 1132 1
113 31 1132 1
6 28 413 1
28 6 413 1
96 102 343 1
102 96 343 1
32 60 487 1
60 32 487 1
42 95 547 1
95 42 547 1
56 106 934 1
106 56 934 1
90 107 713 1
107 90 713 1
23 89 1070 1
89 23 1070 1
90 106 378 1
106 90 378 1
104 110 417 1
110 104 417 1
56 74 591 1
74 56 591 1
37 115 443 1
115 37 443 1
40 72 200 1
72 40 200 1
0 57 825 1
57 0 825 1
25 115 1008 1
115 25 1008 1
30 70 259 1
70 30 259 1
62 81 1169 1
81 62 1169 1
104 115 184 1
115 104 184 1
27 55 790 1
55 27 790 1
5 9 157 1
9 5 157 1
16 62 313 1
62 16 313 1
20 22 544 1
22 20 544 1
23 113 1322 1
113 23 1322 1
54 59 1020 1
59 54 1020 1
67 104 923 1
104 67 923 1
76 99 626 1
99 76 626 1
27 34 903 1
34 27 903 1
32 75 514 1
75 32 514 1
37 53 629 1
53 37 629 1
37 109 343 1
109 37 343 1
52 66 667 1
66 52 667 1
85 114 680 1
114 85 680 1
7 11 254 1
11 7 254 1
72 77 430 1
77 72 430 1
22 71 471 1
71 22 471 1
32 95 664 1
95 32 664 1
36 39 517 1
39 36 517 1
36 94 246 1
94 36 246 1
66 96 666 1
96 66 666 1
73 81 406 1
81 73 406 1
8 50 1336 1
50 8 1336 1
37 111 552 1
111 37 552 1
44 98 563 1
98 44 563 1
49 69 641 1
69 49 641 1
96 108 167 1
108 96 167 1
4 5 350 1
5 4 350 1
7 61 813 1
61 7 813 1
16 99 951 1
99 16 951 1
25 109 919 1
109 25 919 1
46 48 368 1
48 46 368 1
76 95 396 1
95 76 396 1
78 108 559 1
108 78 559 1
98 110 300 1
110 98 300 1
0 1 800 1
1 0 800 1
4 101 1261 1
101 4 1261 1
6 15 884 1
15 6 884 1
7 15 461 1
15 7 461 1
19 69 323 1
69 19 323 1
28 76 345 1
76 28 345 1
8 73 750 1
73 8 750 1
14 23 650 1
23 14 650 1
22 34 922 1
34 22 922 1
30 109 796 1
109 30 796 1
36 112 594 1
112 36 594 1
39 102 700 1
102 39 700 1
40 76 327 1
76 40 327 1
41 72 550 1
72 41 550 1
112 115 269 1
115 112 269 1
24 38 730 1
38 24 730 1
32 68 304 1
68 32 304 1
62 73 961 1
73 62 961 1
98 113 276 1
113 98 276 1
105 110 411 1
110 105 411 1
28 83 861 1
83 28 861 1
34 85 678 1
85 34 678 1
8 59 1427 1
59 8 1427 1
33 75 426 1
75 33 426 1
21 26 271 1
26 21 271 1
75 78 667 1
78 75 667 1
36 58 792 1
58 36 792 1
40 112 757 1
112 40 757 1
54 63 1046 1
63 54 1046 1
6 31 464 1
31 6 464 1
15 92 1292 1
92 15 1292 1
23 105 1262 1
105 23 1262 1
6 64 941 1
64 6 941 1
16 64 567 1
64 16 567 1
23 114 1244 1
114 23 1244 1
42 108 485 1
108 42 485 1
51 98 763 1
98 51 763 1
89 114 592 1
114 89 592 1
34 71 603 1
71 34 603 1
41 57 760 1
57 41 760 1
10 39 882 1
39 10 882 1
19 109 838 1
109 19 838 1
38 96 284 1
96 38 284 1
63 76 747 1
76 63 747 1
0 27 931 1
27 0 931 1
21 78 664 1
78 21 664 1
30 102 1111 1
102 30 1111 1
53 98 671 1
98 53 671 1
59 63 501 1
63 59 501 1
88 105 671 1
105 88 671 1
100 104 240 1
104 100 240 1
0 80 485 1
80 0 485 1
63 96 897 1
96 63 897 1
69 90 1119 1
90 69 1119 1
74 81 792 1
81 74 792 1
12 61 1246 1
61 12 1246 1
19 75 628 1
75 19 628 1
37 57 643 1
57 37 643 1
42 112 333 1
112 42 333 1
54 98 204 1
98 54 204 1
10 113 1059 1
113 10 1059 1
25 105 1085 1
105 25 1085 1
87 88 1035 1
88 87 1035 1
12 38 624 1
38 12 624 1
29 77 357 1
77 29 357 1
37 105 506 1
105 37 506 1
74 78 322 1
78 74 322 1
12 88 689 1
88 12 689 1
24 64 1287 1
64 24 1287 1
31 109 819 1
109 31 819 1
39 84 850 1
84 39 850 1
86 87 805 1
87 86 805 1
96 113 315 1
113 96 315 1
46 99 446 1
99 46 446 1
51 63 543 1
63 51 543 1
55 88 845 1
88 55 845 1
2 9 760 1
9 2 760 1
54 112 454 1
112 54 454 1
73 95 476 1
95 73 476 1
15 93 1054 1
93 15 1054 1
30 33 526 1
33 30 526 1
46 111 189 1
111 46 189 1
90 93 690 1
93 90 690 1
97 104 399 1
104 97 399 1
111 115 269 1
115 111 269 1
3 9 596 1
9 3 596 1
11 85 574 1
85 11 574 1
26 105 921 1
105 26 921 1
36 110 412 1
110 36 412 1
37 99 410 1
99 37 410 1
53 89 552 1
89 53 552 1
58 112 884 1
112 58 884 1
2 64 992 1
64 2 992 1
9 73 497 1
73 9 497 1
10 64 755 1
64 10 755 1
55 105 373 1
105 55 373 1
26 104 905 1
104 26 905 1
33 73 444 1
73 33 444 1
39 100 771 1
100 39 771 1
45 69 625 1
69 45 625 1
47 99 231 1
99 47 231 1
10 71 639 1
71 10 639 1
31 81 775 1
81 31 775 1
34 109 367 1
109 34 367 1
35 43 347 1
43 35 347 1
53 96 662 1
96 53 662 1
84 115 643 1
115 84 643 1
11 31 475 1
31 11 475 1
14 52 1090 1
52 14 1090 1
16 28 220 1
28 16 220 1
18 31 574 1
31 18 574 1
38 58 908 1
58 38 908 1
44 67 332 1
67 44 332 1
47 93 394 1
93 47 394 1
13 26 645 1
26 13 645 1
20 109 557 1
109 20 557 1
27 97 789 1
97 27 789 1
41 62 1018 1
62 41 1018 1
54 115 339 1
115 54 339 1
79 113 788 1
113 79 788 1
102 105 355 1
105 102 355 1
108 114 218 1
114 108 218 1
39 89 325 1
89 39 325 1
44 48 114 1
48 44 114 1
49 90 859 1
90 49 859 1
68 107 1166 1
107 68 1166 1
1 27 890 1
27 1 890 1
58 87 1355 1
87 58 1355 1
60 72 692 1
72 60 692 1
1 100 1327 1
100 1 1327 1
13 54 1130 1
54 13 1130 1
32 76 341 1
76 32 341 1
62 98 668 1
98 62 668 1
10 14 380 1
14 10 380 1
28 30 436 1
30 28 436 1
34 94 438 1
94 34 438 1
34 113 628 1
113 34 628 1
108 110 194 1
110 108 194 1
23 30 259 1
30 23 259 1
24 105 1115 1
105 24 1115 1
44 60 540 1
60 44 540 1
47 48 490 1
48 47 490 1
57 103 1078 1
103 57 1078 1
108 112 335 1
112 108 335 1
5 14 572 1
14 5 572 1
47 67 492 1
67 47 492 1
17 95 598 1
95 17 598 1
26 54 816 1
54 26 816 1
54 105 491 1
105 54 491 1
76 80 424 1
80 76 424 1
85 109 570 1
109 85 570 1
95 102 514 1
102 95 514 1
2 44 1165 1
44 2 1165 1
34 97 481 1
97 34 481 1
58 97 887 1
97 58 887 1
61 111 816 1
111 61 816 1
2 50 1192 1
50 2 1192 1
4 50 1323 1
50 4 1323 1
31 38 708 1
38 31 708 1
37 76 441 1
76 37 441 1
48 107 958 1
107 48 958 1
50 87 1314 1
87 50 1314 1
59 91 926 1
91 59 926 1
6 101 1437 1
101 6 1437 1
9 93 1250 1
93 9 1250 1
10 34 709 1
34 10 709 1
54 102 313 1
102 54 313 1
54 113 426 1
113 54 426 1
58 96 780 1
96 58 780 1
62 99 1000 1
99 62 1000 1
90 101 719 1
101 90 719 1
10 13 1004 1
13 10 1004 1
21 114 752 1
114 21 752 1
24 104 1101 1
104 24 1101 1
108 111 286 1
111 108 286 1
110 113 304 1
113 110 304 1
33 35 375 1
35 33 375 1
40 79 762 1
79 40 762 1
50 53 744 1
53 50 744 1
51 87 1076 1
87 51 1076 1
10 109 786 1
109 10 786 1
16 72 287 1
72 16 287 1
40 74 182 1
74 40 182 1
42 110 303 1
110 42 303 1
56 99 1051 1
99 56 1051 1
71 84 847 1
84 71 847 1
32 78 484 1
78 32 484 1
34 39 610 1
39 34 610 1
37 87 433 1
87 37 433 1
68 90 1109 1
90 68 1109 1
72 80 384 1
80 72 384 1
94 96 89 1
96 94 89 1
3 14 804 1
14 3 804 1
3 64 1134 1
64 3 1134 1
14 20 320 1
20 14 320 1
25 89 956 1
89 25 956 1
38 52 654 1
52 38 654 1
41 74 484 1
74 41 484 1
81 82 1081 1
82 81 1081 1
84 109 579 1
109 84 579 1
96 115 214 1
115 96 214 1
8 19 957 1
19 8 957 1
19 33 238 1
33 19 238 1
51 100 973 1
100 51 973 1
0 37 925 1
37 0 925 1
9 74 740 1
74 9 740 1
16 57 981 1
57 16 981 1
21 67 905 1
67 21 905 1
45 101 807 1
101 45 807 1
82 97 814 1
97 82 814 1
14 71 582 1
71 14 582 1
17 99 704 1
99 17 704 1
20 34 683 1
34 20 683 1
26 89 900 1
89 26 900 1
75 95 407 1
95 75 407 1
20 113 831 1
113 20 831 1
30 100 1157 1
100 30 1157 1
35 104 705 1
104 35 705 1
51 61 458 1
61 51 458 1
59 90 1104 1
90 59 1104 1
90 103 653 1
103 90 653 1
102 110 495 1
110 102 495 1
3 93 1309 1
93 3 1309 1
4 59 1372 1
59 4 1372 1
19 83 893 1
83 19 893 1
20 64 962 1
64 20 962 1
21 33 567 1
33 21 567 1
37 79 267 1
79 37 267 1
66 97 717 1
97 66 717 1
67 90 867 1
90 67 867 1
7 101 1268 1
101 7 1268 1
9 50 1509 1
50 9 1509 1
26 97 829 1
97 26 829 1
63 75 591 1
75 63 591 1
76 114 580 1
114 76 580 1
1 79 428 1
79 1 428 1
3 88 1145 1
88 3 1145 1
3 91 1236 1
91 3 1236 1
9 32 937 1
32 9 937 1
28 31 545 1
31 28 545 1
52 84 487 1
84 52 487 1
55 95 221 1
95 55 221 1
63 73 569 1
73 63 569 1
69 92 1197 1
92 69 1197 1
14 24 389 1
24 14 389 1
23 94 1022 1
94 23 1022 1
31 78 755 1
78 31 755 1
36 95 408 1
95 36 408 1
37 108 355 1
108 37 355 1
58 88 918 1
88 58 918 1
64 84 478 1
84 64 478 1
95 105 309 1
105 95 309 1
2 47 1169 1
47 2 1169 1
32 41 693 1
41 32 693 1
90 92 135 1
92 90 135 1
97 108 170 1
108 97 170 1
8 67 1258 1
67 8 1258 1
25 71 434 1
71 25 434 1
29 108 631 1
108 29 631 1
44 83 1178 1
83 44 1178 1
77 114 582 1
114 77 582 1
37 66 777 1
66 37 777 1
39 71 417 1
71 39 417 1
54 85 906 1
85 54 906 1
79 99 574 1
99 79 574 1
102 113 317 1
113 102 317 1
41 112 775 1
112 41 775 1
11 79 342 1
79 11 342 1
19 47 942 1
47 19 942 1
22 31 234 1
31 22 234 1
42 104 603 1
104 42 603 1
53 107 600 1
107 53 600 1
76 111 559 1
111 76 559 1
82 94 609 1
94 82 609 1
102 114 295 1
114 102 295 1
17 109 666 1
109 17 666 1
20 84 687 1
84 20 687 1
22 82 706 1
82 22 706 1
25 104 1095 1
104 25 1095 1
29 60 1067 1
60 29 1067 1
36 57 914 1
57 36 914 1
99 108 310 1
108 99 310 1
104 113 229 1
113 104 229 1
3 22 347 1
22 3 347 1
9 29 484 1
29 9 484 1
14 25 491 1
25 14 491 1
19 28 732 1
28 19 732 1
19 93 1252 1
93 19 1252 1
34 38 552 1
38 34 552 1
57 106 1143 1
106 57 1143 1
97 100 590 1
100 97 590 1
104 109 377 1
109 104 377 1
0 85 1139 1
85 0 1139 1
29 63 531 1
63 29 531 1
56 72 566 1
72 56 566 1
86 95 706 1
95 86 706 1
89 97 385 1
97 89 385 1
11 26 714 1
26 11 714 1
25 64 1312 1
64 25 1312 1
33 44 737 1
44 33 737 1
46 50 303 1
50 46 303 1
54 94 226 1
94 54 226 1
73 108 560 1
108 73 560 1
6 93 1425 1
93 6 1425 1
38 82 362 1
82 38 362 1
88 97 687 1
97 88 687 1
10 38 560 1
38 10 560 1
37 58 957 1
58 37 957 1
37 94 426 1
94 37 426 1
47 91 332 1
91 47 332 1
55 94 428 1
94 55 428 1
15 90 1267 1
90 15 1267 1
32 96 657 1
96 32 657 1
47 101 478 1
101 47 478 1
59 107 1064 1
107 59 1064 1
63 103 934 1
103 63 934 1
8 75 728 1
75 8 728 1
14 38 497 1
38 14 497 1
15 88 1097 1
88 15 1097 1
16 19 740 1
19 16 740 1
16 56 380 1
56 16 380 1
28 79 847 1
79 28 847 1
40 64 826 1
64 40 826 1
41 55 403 1
55 41 403 1
67 93 875 1
93 67 875 1
2 22 228 1
22 2 228 1
21 81 634 1
81 21 634 1
26 85 985 1
85 26 985 1
34 78 466 1
78 34 466 1
36 105 576 1
105 36 576 1
37 51 673 1
51 37 673 1
43 99 372 1
99 43 372 1
71 80 755 1
80 71 755 1
9 72 761 1
72 9 761 1
18 83 953 1
83 18 953 1
22 38 846 1
38 22 846 1
30 97 872 1
97 30 872 1
38 85 837 1
85 38 837 1
40 99 752 1
99 40 752 1
76 112 647 1
112 76 647 1
77 97 366 1
97 77 366 1
0 82 741 1
82 0 741 1
31 64 1128 1
64 31 1128 1
56 107 1138 1
107 56 1138 1
57 73 601 1
73 57 601 1
62 78 287 1
78 62 287 1
66 107 978 1
107 66 978 1
7 93 1261 1
93 7 1261 1
22 26 505 1
26 22 505 1
32 42 728 1
42 32 728 1
45 93 714 1
93 45 714 1
96 105 387 1
105 96 387 1
2 7 566 1
7 2 566 1
9 64 1448 1
64 9 1448 1
9 92 1428 1
92 9 1428 1
18 71 561 1
71 18 561 1
18 109 857 1
109 18 857 1
36 73 600 1
73 36 600 1
51 102 955 1
102 51 955 1
71 75 163 1
75 71 163 1
79 108 585 1
108 79 585 1
12 54 794 1
54 12 794 1
14 27 449 1
27 14 449 1
19 42 976 1
42 19 976 1
21 32 632 1
32 21 632 1
33 41 611 1
41 33 611 1
53 112 421 1
112 53 421 1
14 39 770 1
39 14 770 1
15 68 1114 1
68 15 1114 1
58 98 810 1
98 58 810 1
63 112 915 1
112 63 915 1
0 36 643 1
36 0 643 1
3 85 893 1
85 3 893 1
16 75 702 1
75 16 702 1
18 77 606 1
77 18 606 1
20 78 525 1
78 20 525 1
30 115 932 1
115 30 932 1
60 62 241 1
62 60 241 1
66 87 1186 1
87 66 1186 1
13 58 1244 1
58 13 1244 1
14 94 734 1
94 14 734 1
19 40 851 1
40 19 851 1
21 71 214 1
71 21 214 1
38 110 451 1
110 38 451 1
57 76 691 1
76 57 691 1
60 93 1168 1
93 60 1168 1
63 110 725 1
110 63 725 1
4 92 1237 1
92 4 1237 1
16 113 881 1
113 16 881 1
18 25 840 1
25 18 840 1
19 95 883 1
95 19 883 1
23 54 1116 1
54 23 1116 1
26 70 383 1
70 26 383 1
37 63 543 1
63 37 543 1
66 99 784 1
99 66 784 1
73 80 850 1
80 73 850 1
77 96 456 1
96 77 456 1
21 39 356 1
39 21 356 1
67 101 953 1
101 67 953 1
19 101 1295 1
101 19 1295 1
24 88 947 1
88 24 947 1
30 80 748 1
80 30 748 1
34 115 566 1
115 34 566 1
40 114 619 1
114 40 619 1
77 86 724 1
86 77 724 1
99 109 321 1
109 99 321 1
1 10 979 1
10 1 979 1
25 70 480 1
70 25 480 1
45 50 474 1
50 45 474 1
58 111 784 1
111 58 784 1
81 83 446 1
83 81 446 1
3 4 707 1
4 3 707 1
8 74 530 1
74 8 530 1
11 100 1299 1
100 11 1299 1
43 48 391 1
48 43 391 1
59 98 975 1
98 59 975 1
1 58 829 1
58 1 829 1
22 87 870 1
87 22 870 1
23 115 1150 1
115 23 1150 1
33 108 673 1
108 33 673 1
52 100 420 1
100 52 420 1
53 87 998 1
87 53 998 1
57 107 955 1
107 57 955 1
61 89 738 1
89 61 738 1
71 85 660 1
85 71 660 1
1 26 956 1
26 1 956 1
30 78 663 1
78 30 663 1
51 111 516 1
111 51 516 1
61 79 487 1
79 61 487 1
67 108 667 1
108 67 667 1
0 23 768 1
23 0 768 1
56 79 965 1
79 56 965 1
34 110 327 1
110 34 327 1
46 66 543 1
66 46 543 1
66 82 1038 1
82 66 1038 1
68 83 1108 1
83 68 1108 1
96 109 176 1
109 96 176 1
38 87 730 1
87 38 730 1
70 75 355 1
75 70 355 1
8 45 1422 1
45 8 1422 1
11 15 385 1
15 11 385 1
37 74 520 1
74 37 520 1
40 113 703 1
113 40 703 1
49 66 437 1
66 49 437 1
66 98 720 1
98 66 720 1
2 68 671 1
68 2 671 1
34 88 672 1
88 34 672 1
38 71 546 1
71 38 546 1
47 96 412 1
96 47 412 1
8 72 485 1
72 8 485 1
21 42 978 1
42 21 978 1
29 61 711 1
61 29 711 1
34 79 586 1
79 34 586 1
41 98 784 1
98 41 784 1
47 55 367 1
55 47 367 1
49 107 859 1
107 49 859 1
80 83 1100 1
83 80 1100 1
7 64 1244 1
64 7 1244 1
19 81 772 1
81 19 772 1
28 77 540 1
77 28 540 1
44 50 287 1
50 44 287 1
55 85 300 1
85 55 300 1
74 80 415 1
80 74 415 1
74 95 497 1
95 74 497 1
13 15 277 1
15 13 277 1
13 63 653 1
63 13 653 1
32 36 555 1
36 32 555 1
20 38 349 1
38 20 349 1
36 56 615 1
56 36 615 1
36 62 525 1
62 36 525 1
1 102 1288 1
102 1 1288 1
5 65 1232 1
65 5 1232 1
53 113 487 1
113 53 487 1
66 86 1121 1
86 66 1121 1
69 83 1050 1
83 69 1050 1
71 87 510 1
87 71 510 1
104 111 377 1
111 104 377 1
1 96 958 1
96 1 958 1
27 87 439 1
87 27 439 1
27 95 702 1
95 27 702 1
28 41 661 1
41 28 661 1
32 81 728 1
81 32 728 1
47 110 210 1
110 47 210 1
53 57 825 1
57 53 825 1
53 66 763 1
66 53 763 1
57 75 616 1
75 57 616 1
59 96 904 1
96 59 904 1
74 99 759 1
99 74 759 1
87 89 476 1
89 87 476 1
97 102 534 1
102 97 534 1
27 71 367 1
71 27 367 1
41 46 810 1
46 41 810 1
67 92 922 1
92 67 922 1
68 106 1131 1
106 68 1131 1
36 46 482 1
46 36 482 1
41 96 611 1
96 41 611 1
84 105 801 1
105 84 801 1
99 104 430 1
104 99 430 1
0 89 1205 1
89 0 1205 1
4 69 1158 1
69 4 1158 1
21 96 648 1
96 21 648 1
43 55 485 1
55 43 485 1
64 78 491 1
78 64 491 1
69 106 1139 1
106 69 1139 1
79 80 991 1
80 79 991 1
80 84 162 1
84 80 162 1
88 100 425 1
100 88 425 1
0 77 681 1
77 0 681 1
3 18 417 1
18 3 417 1
12 102 1064 1
102 12 1064 1
23 70 494 1
70 23 494 1
29 41 234 1
41 29 234 1
31 84 971 1
84 31 971 1
39 82 719 1
82 39 719 1
39 112 619 1
112 39 619 1
46 110 220 1
110 46 220 1
76 98 527 1
98 76 527 1
79 86 986 1
86 79 986 1
89 96 700 1
96 89 700 1
0 76 525 1
76 0 525 1
15 91 1009 1
91 15 1009 1
18 27 862 1
27 18 862 1
19 62 792 1
62 19 792 1
55 59 850 1
59 55 850 1
68 72 754 1
72 68 754 1
73 99 684 1
99 73 684 1
102 107 560 1
107 102 560 1
14 80 575 1
80 14 575 1
16 36 349 1
36 16 349 1
26 109 775 1
109 26 775 1
35 47 370 1
47 35 370 1
38 113 550 1
113 38 550 1
57 68 520 1
68 57 520 1
63 111 831 1
111 63 831 1
77 78 550 1
78 77 550 1
98 103 555 1
103 98 555 1
18 26 857 1
26 18 857 1
42 66 473 1
66 42 473 1
46 59 785 1
59 46 785 1
0 38 744 1
38 0 744 1
20 105 754 1
105 20 754 1
27 100 1073 1
100 27 1073 1
33 83 733 1
83 33 733 1
44 101 868 1
101 44 868 1
69 81 801 1
81 69 801 1
71 94 614 1
94 71 614 1
0 53 1230 1
53 0 1230 1
2 81 1016 1
81 2 1016 1
9 69 1181 1
69 9 1181 1
6 26 607 1
26 6 607 1
11 27 611 1
27 11 611 1
24 70 465 1
70 24 465 1
27 104 911 1
104 27 911 1
35 42 425 1
42 35 425 1
62 107 1088 1
107 62 1088 1
5 90 1279 1
90 5 1279 1
6 33 588 1
33 6 588 1
14 89 1093 1
89 14 1093 1
16 20 522 1
20 16 522 1
18 72 618 1
72 18 618 1
18 80 767 1
80 18 767 1
21 40 380 1
40 21 380 1
43 103 618 1
103 43 618 1
21 85 716 1
85 21 716 1
21 104 765 1
104 21 765 1
21 105 742 1
105 21 742 1
29 95 532 1
95 29 532 1
41 97 446 1
97 41 446 1
54 66 740 1
66 54 740 1
57 72 874 1
72 57 874 1
59 106 1174 1
106 59 1174 1
66 109 621 1
109 66 621 1
77 98 628 1
98 77 628 1
5 67 1194 1
67 5 1194 1
7 45 1151 1
45 7 1151 1
17 36 828 1
36 17 828 1
36 98 402 1
98 36 402 1
36 99 637 1
99 36 637 1
83 94 771 1
94 83 771 1
95 104 381 1
104 95 381 1
19 67 590 1
67 19 590 1
25 97 955 1
97 25 955 1
26 34 907 1
34 26 907 1
33 71 374 1
71 33 374 1
36 53 880 1
53 36 880 1
42 97 497 1
97 42 497 1
49 52 718 1
52 49 718 1
102 109 475 1
109 102 475 1
0 30 652 1
30 0 652 1
0 86 874 1
86 0 874 1
12 89 1220 1
89 12 1220 1
24 78 835 1
78 24 835 1
35 94 438 1
94 35 438 1
43 111 293 1
111 43 293 1
59 89 931 1
89 59 931 1
64 76 611 1
76 64 611 1
64 92 764 1
92 64 764 1
68 75 797 1
75 68 797 1
0 25 940 1
25 0 940 1
15 39 506 1
39 15 506 1
17 80 1070 1
80 17 1070 1
22 89 1126 1
89 22 1126 1
39 41 161 1
41 39 161 1
70 102 879 1
102 70 879 1
76 81 691 1
81 76 691 1
86 107 792 1
107 86 792 1
89 105 535 1
105 89 535 1
1 95 815 1
95 1 815 1
51 112 579 1
112 51 579 1
52 82 943 1
82 52 943 1
62 77 741 1
77 62 741 1
63 102 1192 1
102 63 1192 1
98 108 315 1
108 98 315 1
10 65 1203 1
65 10 1203 1
13 38 919 1
38 13 919 1
16 25 843 1
25 16 843 1
30 84 877 1
84 30 877 1
44 112 534 1
112 44 534 1
57 86 1231 1
86 57 1231 1
77 85 495 1
85 77 495 1
102 111 440 1
111 102 440 1
9 28 835 1
28 9 835 1
16 29 882 1
29 16 882 1
17 33 512 1
33 17 512 1
40 97 584 1
97 40 584 1
44 62 682 1
62 44 682 1
49 98 742 1
98 49 742 1
53 59 742 1
59 53 742 1
55 110 380 1
110 55 380 1
69 82 1105 1
82 69 1105 1
77 111 559 1
111 77 559 1
1 37 646 1
37 1 646 1
7 12 856 1
12 7 856 1
21 37 403 1
37 21 403 1
