116 2668
2 6 165 1
6 2 165 1
18 19 147 1
19 18 147 1
8 25 389 1
25 8 389 1
44 45 194 1
45 44 194 1
76 77 238 1
77 76 238 1
73 75 84 1
75 73 84 1
43 47 146 1
47 43 146 1
29 73 113 1
73 29 113 1
72 74 76 1
74 72 76 1
68 69 164 1
69 68 164 1
6 22 333 1
22 6 333 1
70 71 263 1
71 70 263 1
92 93 608 1
93 92 608 1
17 79 135 1
79 17 135 1
3 7 185 1
7 3 185 1
30 31 127 1
31 30 127 1
37 95 241 1
95 37 241 1
58 59 496 1
59 58 496 1
42 43 239 1
43 42 239 1
101 103 106 1
103 101 106 1
5 27 165 1
27 5 165 1
4 24 144 1
24 4 144 1
80 84 162 1
84 80 162 1
97 109 174 1
109 97 174 1
45 67 282 1
67 45 282 1
16 80 152 1
80 16 152 1
78 80 116 1
80 78 116 1
47 110 210 1
110 47 210 1
42 46 173 1
46 42 173 1
11 13 168 1
13 11 168 1
2 22 228 1
22 2 228 1
60 61 893 1
61 60 893 1
95 97 97 1
97 95 97 1
95 109 146 1
109 95 146 1
37 73 278 1
73 37 278 1
44 49 304 1
49 44 304 1
56 62 252 1
62 56 252 1
59 61 271 1
61 59 271 1
6 7 710 1
7 6 710 1
0 2 460 1
2 0 460 1
5 9 157 1
9 5 157 1
38 39 465 1
39 38 465 1
17 78 955 1
78 17 955 1
4 27 279 1
27 4 279 1
28 72 116 1
72 28 116 1
7 23 337 1
23 7 337 1
37 55 221 1
55 37 221 1
55 96 492 1
96 55 492 1
58 60 266 1
60 58 266 1
60 63 1021 1
63 60 1021 1
58 66 198 1
66 58 198 1
59 60 718 1
60 59 718 1
95 114 280 1
114 95 280 1
28 29 741 1
29 28 741 1
84 85 1130 1
85 84 1130 1
94 97 266 1
97 94 266 1
55 97 173 1
97 55 173 1
49 51 172 1
51 49 172 1
22 23 140 1
23 22 140 1
36 54 228 1
54 36 228 1
2 4 569 1
4 2 569 1
72 76 257 1
76 72 257 1
61 65 175 1
65 61 175 1
62 78 287 1
78 62 287 1
81 84 1146 1
84 81 1146 1
51 67 436 1
67 51 436 1
0 18 364 1
18 0 364 1
79 80 991 1
80 79 991 1
0 106 981 1
106 0 981 1
4 5 350 1
5 4 350 1
37 97 271 1
97 37 271 1
18 68 315 1
68 18 315 1
55 95 221 1
95 55 221 1
74 75 389 1
75 74 389 1
5 71 431 1
71 5 431 1
55 109 337 1
109 55 337 1
91 93 118 1
93 91 118 1
74 76 203 1
76 74 203 1
94 96 89 1
96 94 89 1
44 51 440 1
51 44 440 1
8 14 205 1
14 8 205 1
18 106 1114 1
106 18 1114 1
43 110 298 1
110 43 298 1
17 81 182 1
81 17 182 1
14 25 491 1
25 14 491 1
37 39 117 1
39 37 117 1
45 49 111 1
49 45 111 1
46 55 584 1
55 46 584 1
79 81 136 1
81 79 136 1
45 51 254 1
51 45 254 1
66 67 177 1
67 66 177 1
82 86 143 1
86 82 143 1
0 56 174 1
56 0 174 1
5 25 129 1
25 5 129 1
60 62 241 1
62 60 241 1
96 97 322 1
97 96 322 1
1 57 172 1
57 1 172 1
6 23 465 1
23 6 465 1
1 56 851 1
56 1 851 1
3 23 271 1
23 3 271 1
90 111 396 1
111 90 396 1
91 92 669 1
92 91 669 1
37 75 239 1
75 37 239 1
0 24 899 1
24 0 899 1
15 89 653 1
89 15 653 1
57 62 1000 1
62 57 1000 1
3 6 559 1
6 3 559 1
9 15 219 1
15 9 219 1
43 46 341 1
46 43 341 1
62 80 268 1
80 62 268 1
96 98 184 1
98 96 184 1
63 81 293 1
81 63 293 1
37 108 355 1
108 37 355 1
47 111 188 1
111 47 188 1
16 62 313 1
62 16 313 1
1 19 351 1
19 1 351 1
2 3 405 1
3 2 405 1
17 80 1070 1
80 17 1070 1
34 35 126 1
35 34 126 1
89 109 541 1
109 89 541 1
4 26 161 1
26 4 161 1
20 21 185 1
21 20 185 1
36 38 122 1
38 36 122 1
32 78 484 1
78 32 484 1
29 37 304 1
37 29 304 1
37 96 506 1
96 37 506 1
10 64 755 1
64 10 755 1
25 71 434 1
71 25 434 1
10 12 181 1
12 10 181 1
36 40 213 1
40 36 213 1
37 114 513 1
114 37 513 1
94 109 127 1
109 94 127 1
29 81 342 1
81 29 342 1
80 81 1113 1
81 80 1113 1
46 111 189 1
111 46 189 1
110 111 172 1
111 110 172 1
11 31 475 1
31 11 475 1
55 108 332 1
108 55 332 1
5 24 252 1
24 5 252 1
32 33 149 1
33 32 149 1
75 111 718 1
111 75 718 1
13 29 290 1
29 13 290 1
90 98 163 1
98 90 163 1
4 6 536 1
6 4 536 1
52 98 272 1
98 52 272 1
54 96 167 1
96 54 167 1
16 84 311 1
84 16 311 1
54 55 651 1
55 54 651 1
47 55 367 1
55 47 367 1
95 96 288 1
96 95 288 1
16 56 380 1
56 16 380 1
97 108 170 1
108 97 170 1
37 54 645 1
54 37 645 1
39 95 233 1
95 39 233 1
20 51 1095 1
51 20 1095 1
3 106 1162 1
106 3 1162 1
19 89 1004 1
89 19 1004 1
52 90 240 1
90 52 240 1
43 55 485 1
55 43 485 1
100 102 87 1
102 100 87 1
47 53 268 1
53 47 268 1
78 79 878 1
79 78 878 1
5 26 263 1
26 5 263 1
10 52 956 1
52 10 956 1
72 75 453 1
75 72 453 1
0 3 712 1
3 0 712 1
38 54 263 1
54 38 263 1
83 84 1154 1
84 83 1154 1
46 47 309 1
47 46 309 1
9 27 309 1
27 9 309 1
9 101 1217 1
101 9 1217 1
16 78 122 1
78 16 122 1
57 66 576 1
66 57 576 1
61 63 238 1
63 61 238 1
2 106 1085 1
106 2 1085 1
37 109 343 1
109 37 343 1
85 87 616 1
87 85 616 1
99 111 265 1
111 99 265 1
0 19 488 1
19 0 488 1
56 86 911 1
86 56 911 1
62 63 1134 1
63 62 1134 1
2 26 618 1
26 2 618 1
19 106 1134 1
106 19 1134 1
108 109 87 1
109 108 87 1
3 19 382 1
19 3 382 1
84 87 1148 1
87 84 1148 1
14 72 328 1
72 14 328 1
2 7 566 1
7 2 566 1
7 22 454 1
22 7 454 1
40 74 182 1
74 40 182 1
20 30 328 1
30 20 328 1
90 91 735 1
91 90 735 1
36 37 542 1
37 36 542 1
73 95 476 1
95 73 476 1
0 4 861 1
4 0 861 1
21 40 380 1
40 21 380 1
35 45 385 1
45 35 385 1
21 24 413 1
24 21 413 1
44 67 332 1
67 44 332 1
56 58 427 1
58 56 427 1
92 108 488 1
108 92 488 1
46 53 547 1
53 46 547 1
0 27 931 1
27 0 931 1
5 8 493 1
8 5 493 1
54 109 337 1
109 54 337 1
18 89 1085 1
89 18 1085 1
9 25 252 1
25 9 252 1
24 27 252 1
27 24 252 1
28 80 329 1
80 28 329 1
61 107 939 1
107 61 939 1
63 78 1033 1
78 63 1033 1
6 12 248 1
12 6 248 1
15 19 867 1
19 15 867 1
24 26 201 1
26 24 201 1
57 59 382 1
59 57 382 1
14 74 378 1
74 14 378 1
55 99 216 1
99 55 216 1
56 60 232 1
60 56 232 1
59 63 501 1
63 59 501 1
94 108 97 1
108 94 97 1
97 114 263 1
114 97 263 1
28 36 321 1
36 28 321 1
47 91 332 1
91 47 332 1
7 12 856 1
12 7 856 1
81 85 175 1
85 81 175 1
98 109 329 1
109 98 329 1
40 82 231 1
82 40 231 1
102 112 391 1
112 102 391 1
8 71 624 1
71 8 624 1
55 98 606 1
98 55 606 1
77 110 393 1
110 77 393 1
91 102 669 1
102 91 669 1
75 77 210 1
77 75 210 1
2 93 1417 1
93 2 1417 1
40 112 757 1
112 40 757 1
77 108 373 1
108 77 373 1
36 78 263 1
78 36 263 1
53 102 802 1
102 53 802 1
55 94 428 1
94 55 428 1
35 67 262 1
67 35 262 1
75 109 462 1
109 75 462 1
36 41 570 1
41 36 570 1
37 41 217 1
41 37 217 1
37 47 493 1
47 37 493 1
39 114 488 1
114 39 488 1
48 49 410 1
49 48 410 1
83 87 158 1
87 83 158 1
2 23 340 1
23 2 340 1
19 68 313 1
68 19 313 1
52 101 819 1
101 52 819 1
37 111 552 1
111 37 552 1
38 41 513 1
41 38 513 1
78 81 1002 1
81 78 1002 1
90 101 719 1
101 90 719 1
15 27 336 1
27 15 336 1
50 64 302 1
64 50 302 1
56 83 1181 1
83 56 1181 1
72 73 517 1
73 72 517 1
23 92 1466 1
92 23 1466 1
25 27 193 1
27 25 193 1
16 83 1029 1
83 16 1029 1
25 58 1331 1
58 25 1331 1
73 77 274 1
77 73 274 1
95 108 123 1
108 95 123 1
39 69 918 1
69 39 918 1
73 108 560 1
108 73 560 1
98 99 479 1
99 98 479 1
47 75 674 1
75 47 674 1
85 112 702 1
112 85 702 1
89 98 818 1
98 89 818 1
57 60 868 1
60 57 868 1
62 84 326 1
84 62 326 1
5 15 278 1
15 5 278 1
47 73 730 1
73 47 730 1
82 88 444 1
88 82 444 1
101 107 310 1
107 101 310 1
15 18 910 1
18 15 910 1
21 25 360 1
25 21 360 1
48 71 1030 1
71 48 1030 1
75 95 407 1
95 75 407 1
50 110 492 1
110 50 492 1
43 45 199 1
45 43 199 1
74 77 362 1
77 74 362 1
6 26 607 1
26 6 607 1
20 40 225 1
40 20 225 1
76 104 623 1
104 76 623 1
9 89 869 1
89 9 869 1
24 25 135 1
25 24 135 1
48 52 415 1
52 48 415 1
53 85 491 1
85 53 491 1
57 63 249 1
63 57 249 1
90 99 615 1
99 90 615 1
111 112 111 1
112 111 111 1
13 73 358 1
73 13 358 1
44 48 114 1
48 44 114 1
72 77 430 1
77 72 430 1
87 88 1035 1
88 87 1035 1
32 62 548 1
62 32 548 1
64 100 818 1
100 64 818 1
30 70 259 1
70 30 259 1
29 75 189 1
75 29 189 1
14 71 582 1
71 14 582 1
14 76 580 1
76 14 580 1
21 57 821 1
57 21 821 1
28 73 629 1
73 28 629 1
52 107 835 1
107 52 835 1
58 61 717 1
61 58 717 1
54 98 204 1
98 54 204 1
99 112 272 1
112 99 272 1
9 103 1158 1
103 9 1158 1
48 51 548 1
51 48 548 1
25 31 272 1
31 25 272 1
49 78 930 1
78 49 930 1
57 58 735 1
58 57 735 1
4 15 597 1
15 4 597 1
73 111 787 1
111 73 787 1
30 50 1195 1
50 30 1195 1
42 47 281 1
47 42 281 1
42 55 629 1
55 42 629 1
54 95 438 1
95 54 438 1
84 88 224 1
88 84 224 1
23 93 1407 1
93 23 1407 1
36 88 289 1
88 36 289 1
26 56 972 1
56 26 972 1
32 63 656 1
63 32 656 1
54 97 484 1
97 54 484 1
60 64 187 1
64 60 187 1
108 111 286 1
111 108 286 1
36 80 330 1
80 36 330 1
53 91 265 1
91 53 265 1
107 113 400 1
113 107 400 1
109 114 278 1
114 109 278 1
4 70 430 1
70 4 430 1
42 110 303 1
110 42 303 1
24 70 465 1
70 24 465 1
56 78 391 1
78 56 391 1
96 109 176 1
109 96 176 1
27 71 367 1
71 27 367 1
14 27 449 1
27 14 449 1
16 28 220 1
28 16 220 1
71 76 392 1
76 71 392 1
4 115 964 1
115 4 964 1
3 15 589 1
15 3 589 1
33 61 545 1
61 33 545 1
0 86 874 1
86 0 874 1
39 55 254 1
55 39 254 1
52 112 417 1
112 52 417 1
89 90 968 1
90 89 968 1
13 61 843 1
61 13 843 1
54 94 226 1
94 54 226 1
54 108 319 1
108 54 319 1
75 90 927 1
90 75 927 1
100 112 410 1
112 100 410 1
2 27 659 1
27 2 659 1
31 45 1171 1
45 31 1171 1
55 75 460 1
75 55 460 1
60 74 699 1
74 60 699 1
18 100 1277 1
100 18 1277 1
28 70 247 1
70 28 247 1
46 94 338 1
94 46 338 1
56 57 840 1
57 56 840 1
36 84 341 1
84 36 341 1
46 110 220 1
110 46 220 1
39 73 305 1
73 39 305 1
85 102 967 1
102 85 967 1
101 112 405 1
112 101 405 1
103 107 239 1
107 103 239 1
41 54 714 1
54 41 714 1
14 75 659 1
75 14 659 1
31 65 1062 1
65 31 1062 1
32 56 384 1
56 32 384 1
63 84 1189 1
84 63 1189 1
90 112 377 1
112 90 377 1
91 99 166 1
99 91 166 1
90 102 246 1
102 90 246 1
91 113 366 1
113 91 366 1
5 86 673 1
86 5 673 1
46 99 446 1
99 46 446 1
74 112 785 1
112 74 785 1
29 36 705 1
36 29 705 1
4 22 457 1
22 4 457 1
35 51 483 1
51 35 483 1
37 38 515 1
38 37 515 1
53 55 448 1
55 53 448 1
55 111 434 1
111 55 434 1
63 80 1146 1
80 63 1146 1
70 94 557 1
94 70 557 1
33 65 634 1
65 33 634 1
63 85 364 1
85 63 364 1
8 48 1406 1
48 8 1406 1
36 96 257 1
96 36 257 1
44 95 677 1
95 44 677 1
20 36 396 1
36 20 396 1
52 54 402 1
54 52 402 1
55 73 498 1
73 55 498 1
63 102 1192 1
102 63 1192 1
5 14 572 1
14 5 572 1
50 107 943 1
107 50 943 1
8 27 425 1
27 8 425 1
38 40 158 1
40 38 158 1
47 99 231 1
99 47 231 1
1 85 630 1
85 1 630 1
39 41 161 1
41 39 161 1
100 107 640 1
107 100 640 1
41 95 382 1
95 41 382 1
46 49 541 1
49 46 541 1
50 113 625 1
113 50 625 1
61 64 928 1
64 61 928 1
3 18 417 1
18 3 417 1
32 60 487 1
60 32 487 1
32 80 590 1
80 32 590 1
42 104 603 1
104 42 603 1
65 67 361 1
67 65 361 1
3 5 603 1
5 3 603 1
42 49 396 1
49 42 396 1
43 67 388 1
67 43 388 1
102 111 440 1
111 102 440 1
4 71 523 1
71 4 523 1
14 64 1035 1
64 14 1035 1
24 71 494 1
71 24 494 1
29 79 257 1
79 29 257 1
70 76 285 1
76 70 285 1
89 102 866 1
102 89 866 1
11 65 770 1
65 11 770 1
35 44 409 1
44 35 409 1
38 88 311 1
88 38 311 1
0 83 1120 1
83 0 1120 1
13 75 440 1
75 13 440 1
8 24 258 1
24 8 258 1
17 63 324 1
63 17 324 1
47 77 509 1
77 47 509 1
56 59 788 1
59 56 788 1
14 52 1090 1
52 14 1090 1
0 1 800 1
1 0 800 1
38 95 382 1
95 38 382 1
39 109 356 1
109 39 356 1
60 107 1124 1
107 60 1124 1
2 18 379 1
18 2 379 1
31 50 1246 1
50 31 1246 1
31 51 1202 1
51 31 1202 1
36 81 848 1
81 36 848 1
9 14 725 1
14 9 725 1
10 38 560 1
38 10 560 1
92 113 313 1
113 92 313 1
20 44 1027 1
44 20 1027 1
28 78 272 1
78 28 272 1
41 82 687 1
82 41 687 1
89 106 787 1
106 89 787 1
93 108 478 1
108 93 478 1
22 93 1426 1
93 22 1426 1
43 49 240 1
49 43 240 1
47 85 508 1
85 47 508 1
58 68 392 1
68 58 392 1
47 95 361 1
95 47 361 1
55 114 395 1
114 55 395 1
41 53 839 1
53 41 839 1
79 84 1035 1
84 79 1035 1
32 82 768 1
82 32 768 1
41 84 910 1
84 41 910 1
47 108 359 1
108 47 359 1
53 111 406 1
111 53 406 1
47 97 280 1
97 47 280 1
56 66 485 1
66 56 485 1
3 9 596 1
9 3 596 1
53 81 650 1
81 53 650 1
8 21 536 1
21 8 536 1
39 75 260 1
75 39 260 1
46 104 454 1
104 46 454 1
89 101 462 1
101 89 462 1
0 26 879 1
26 0 879 1
29 39 339 1
39 29 339 1
31 44 1185 1
44 31 1185 1
34 44 373 1
44 34 373 1
53 99 316 1
99 53 316 1
54 90 282 1
90 54 282 1
77 104 668 1
104 77 668 1
96 114 265 1
114 96 265 1
104 113 229 1
113 104 229 1
10 28 213 1
28 10 213 1
10 40 460 1
40 10 460 1
43 85 559 1
85 43 559 1
101 106 633 1
106 101 633 1
5 103 1104 1
103 5 1104 1
20 50 1025 1
50 20 1025 1
36 72 276 1
72 36 276 1
1 83 729 1
83 1 729 1
4 8 148 1
8 4 148 1
14 70 380 1
70 14 380 1
43 44 290 1
44 43 290 1
71 77 297 1
77 71 297 1
15 26 469 1
26 15 469 1
42 54 525 1
54 42 525 1
78 84 235 1
84 78 235 1
1 18 493 1
18 1 493 1
10 76 495 1
76 10 495 1
16 32 504 1
32 16 504 1
57 69 378 1
69 57 378 1
64 107 1075 1
107 64 1075 1
25 70 480 1
70 25 480 1
29 95 532 1
95 29 532 1
85 111 651 1
111 85 651 1
11 81 403 1
81 11 403 1
0 6 417 1
6 0 417 1
1 62 1027 1
62 1 1027 1
72 78 300 1
78 72 300 1
75 76 374 1
76 75 374 1
75 108 484 1
108 75 484 1
0 68 414 1
68 0 414 1
3 4 707 1
4 3 707 1
6 93 1425 1
93 6 1425 1
40 72 200 1
72 40 200 1
88 89 1035 1
89 88 1035 1
95 115 205 1
115 95 205 1
1 3 446 1
3 1 446 1
1 59 541 1
59 1 541 1
2 70 412 1
70 2 412 1
24 57 1099 1
57 24 1099 1
40 41 506 1
41 40 506 1
71 72 402 1
72 71 402 1
90 103 653 1
103 90 653 1
21 60 1000 1
60 21 1000 1
0 82 741 1
82 0 741 1
6 48 1184 1
48 6 1184 1
13 63 653 1
63 13 653 1
20 88 611 1
88 20 611 1
26 27 135 1
27 26 135 1
31 33 517 1
33 31 517 1
38 98 432 1
98 38 432 1
92 114 349 1
114 92 349 1
114 115 96 1
115 114 96 1
17 29 223 1
29 17 223 1
22 26 505 1
26 22 505 1
42 99 482 1
99 42 482 1
45 65 388 1
65 45 388 1
15 24 514 1
24 15 514 1
16 79 934 1
79 16 934 1
40 54 405 1
54 40 405 1
43 53 293 1
53 43 293 1
56 82 787 1
82 56 787 1
77 94 396 1
94 77 396 1
7 92 1445 1
92 7 1445 1
20 31 387 1
31 20 387 1
37 98 666 1
98 37 666 1
0 16 380 1
16 0 380 1
7 105 1186 1
105 7 1186 1
37 53 629 1
53 37 629 1
38 96 284 1
96 38 284 1
56 80 431 1
80 56 431 1
16 17 998 1
17 16 998 1
30 33 526 1
33 30 526 1
41 114 639 1
114 41 639 1
5 101 1174 1
101 5 1174 1
20 78 525 1
78 20 525 1
94 98 264 1
98 94 264 1
5 7 538 1
7 5 538 1
27 68 1083 1
68 27 1083 1
63 88 1219 1
88 63 1219 1
75 97 469 1
97 75 469 1
80 87 1107 1
87 80 1107 1
3 65 942 1
65 3 942 1
66 83 1109 1
83 66 1109 1
73 110 637 1
110 73 637 1
11 61 675 1
61 11 675 1
31 67 971 1
67 31 971 1
36 62 525 1
62 36 525 1
46 108 360 1
108 46 360 1
63 69 603 1
69 63 603 1
89 97 385 1
97 89 385 1
92 95 594 1
95 92 594 1
100 101 656 1
101 100 656 1
20 26 232 1
26 20 232 1
29 80 961 1
80 29 961 1
44 53 562 1
53 44 562 1
60 78 455 1
78 60 455 1
93 103 173 1
103 93 173 1
1 63 334 1
63 1 334 1
71 105 832 1
105 71 832 1
10 48 1025 1
48 10 1025 1
16 86 543 1
86 16 543 1
49 80 1008 1
80 49 1008 1
90 100 182 1
100 90 182 1
0 64 574 1
64 0 574 1
42 53 475 1
53 42 475 1
6 92 1291 1
92 6 1291 1
7 115 1091 1
115 7 1091 1
20 112 885 1
112 20 885 1
53 73 880 1
73 53 880 1
61 68 615 1
68 61 615 1
101 105 274 1
105 101 274 1
11 110 876 1
110 11 876 1
30 51 1224 1
51 30 1224 1
3 26 678 1
26 3 678 1
18 27 862 1
27 18 862 1
24 58 1328 1
58 24 1328 1
28 81 975 1
81 28 975 1
50 100 650 1
100 50 650 1
62 85 1177 1
85 62 1177 1
10 32 558 1
32 10 558 1
37 43 584 1
43 37 584 1
57 85 575 1
85 57 575 1
71 75 163 1
75 71 163 1
5 70 530 1
70 5 530 1
21 26 271 1
26 21 271 1
1 106 1164 1
106 1 1164 1
15 114 987 1
114 15 987 1
18 69 392 1
69 18 392 1
21 31 344 1
31 21 344 1
104 105 204 1
105 104 204 1
5 58 1366 1
58 5 1366 1
21 62 926 1
62 21 926 1
47 96 412 1
96 47 412 1
66 68 378 1
68 66 378 1
11 16 1004 1
16 11 1004 1
19 27 874 1
27 19 874 1
19 56 574 1
56 19 574 1
28 54 527 1
54 28 527 1
34 97 481 1
97 34 481 1
46 96 270 1
96 46 270 1
46 102 463 1
102 46 463 1
89 99 398 1
99 89 398 1
37 92 835 1
92 37 835 1
43 51 245 1
51 43 245 1
18 101 1348 1
101 18 1348 1
28 38 358 1
38 28 358 1
68 100 1230 1
100 68 1230 1
3 27 634 1
27 3 634 1
8 70 477 1
70 8 477 1
13 95 821 1
95 13 821 1
37 46 651 1
46 37 651 1
70 72 158 1
72 70 158 1
77 111 559 1
111 77 559 1
38 114 469 1
114 38 469 1
12 13 959 1
13 12 959 1
54 87 939 1
87 54 939 1
66 69 349 1
69 66 349 1
68 107 1166 1
107 68 1166 1
95 111 347 1
111 95 347 1
96 111 286 1
111 96 286 1
9 65 1235 1
65 9 1235 1
25 66 1220 1
66 25 1220 1
26 71 422 1
71 26 422 1
46 109 326 1
109 46 326 1
104 110 417 1
110 104 417 1
9 100 1346 1
100 9 1346 1
45 47 345 1
47 45 345 1
97 115 218 1
115 97 218 1
17 62 1129 1
62 17 1129 1
26 105 921 1
105 26 921 1
35 115 541 1
115 35 541 1
39 68 969 1
68 39 969 1
47 69 806 1
69 47 806 1
62 82 720 1
82 62 720 1
80 83 1100 1
83 80 1100 1
92 109 522 1
109 92 522 1
5 105 1032 1
105 5 1032 1
13 81 530 1
81 13 530 1
33 78 590 1
78 33 590 1
44 97 631 1
97 44 631 1
48 70 972 1
70 48 972 1
54 88 224 1
88 54 224 1
93 114 346 1
114 93 346 1
7 93 1261 1
93 7 1261 1
10 14 380 1
14 10 380 1
12 114 1083 1
114 12 1083 1
21 87 397 1
87 21 397 1
28 98 715 1
98 28 715 1
38 82 362 1
82 38 362 1
93 106 650 1
106 93 650 1
109 111 273 1
111 109 273 1
0 15 1084 1
15 0 1084 1
6 27 679 1
27 6 679 1
18 64 805 1
64 18 805 1
29 72 629 1
72 29 629 1
30 45 1169 1
45 30 1169 1
52 89 1027 1
89 52 1027 1
96 115 214 1
115 96 214 1
20 48 1072 1
48 20 1072 1
39 53 692 1
53 39 692 1
44 114 674 1
114 44 674 1
46 85 782 1
85 46 782 1
9 18 946 1
18 9 946 1
30 44 1163 1
44 30 1163 1
43 95 483 1
95 43 483 1
52 96 418 1
96 52 418 1
73 109 538 1
109 73 538 1
91 111 390 1
111 91 390 1
25 65 1263 1
65 25 1263 1
37 44 792 1
44 37 792 1
48 54 669 1
54 48 669 1
52 102 475 1
102 52 475 1
92 104 310 1
104 92 310 1
16 87 1049 1
87 16 1049 1
21 82 511 1
82 21 511 1
26 51 1298 1
51 26 1298 1
69 100 1235 1
100 69 1235 1
96 108 167 1
108 96 167 1
20 49 1095 1
49 20 1095 1
30 79 725 1
79 30 725 1
34 70 564 1
70 34 564 1
37 115 443 1
115 37 443 1
43 111 293 1
111 43 293 1
53 109 560 1
109 53 560 1
91 110 456 1
110 91 456 1
100 106 280 1
106 100 280 1
14 40 342 1
40 14 342 1
41 88 824 1
88 41 824 1
53 95 553 1
95 53 553 1
90 107 713 1
107 90 713 1
12 99 1189 1
99 12 1189 1
12 113 1157 1
113 12 1157 1
48 50 202 1
50 48 202 1
57 61 216 1
61 57 216 1
8 58 1298 1
58 8 1298 1
36 95 408 1
95 36 408 1
39 47 551 1
47 39 551 1
45 53 435 1
53 45 435 1
57 68 520 1
68 57 520 1
92 111 381 1
111 92 381 1
10 17 1029 1
17 10 1029 1
22 92 1425 1
92 22 1425 1
27 89 807 1
89 27 807 1
28 79 847 1
79 28 847 1
49 53 406 1
53 49 406 1
79 104 860 1
104 79 860 1
2 15 805 1
15 2 805 1
5 115 972 1
115 5 972 1
7 15 461 1
15 7 461 1
18 83 953 1
83 18 953 1
19 83 893 1
83 19 893 1
36 53 880 1
53 36 880 1
71 115 724 1
115 71 724 1
26 86 416 1
86 26 416 1
46 54 354 1
54 46 354 1
76 110 394 1
110 76 394 1
25 74 582 1
74 25 582 1
26 88 791 1
88 26 791 1
31 71 265 1
71 31 265 1
33 63 547 1
63 33 547 1
39 97 289 1
97 39 289 1
46 92 368 1
92 46 368 1
59 107 1064 1
107 59 1064 1
11 29 239 1
29 11 239 1
46 72 723 1
72 46 723 1
17 28 894 1
28 17 894 1
47 90 580 1
90 47 580 1
86 88 460 1
88 86 460 1
47 92 568 1
92 47 568 1
63 112 915 1
112 63 915 1
106 107 486 1
107 106 486 1
110 113 304 1
113 110 304 1
4 7 733 1
7 4 733 1
17 72 781 1
72 17 781 1
37 94 426 1
94 37 426 1
53 69 959 1
69 53 959 1
57 84 1116 1
84 57 1116 1
12 23 607 1
23 12 607 1
31 48 1244 1
48 31 1244 1
41 55 403 1
55 41 403 1
58 71 951 1
71 58 951 1
64 65 897 1
65 64 897 1
9 23 475 1
23 9 475 1
19 32 289 1
32 19 289 1
73 97 530 1
97 73 530 1
13 113 1170 1
113 13 1170 1
82 84 544 1
84 82 544 1
83 85 549 1
85 83 549 1
99 102 560 1
102 99 560 1
103 106 532 1
106 103 532 1
14 77 716 1
77 14 716 1
20 87 562 1
87 20 562 1
29 30 533 1
30 29 533 1
45 50 474 1
50 45 474 1
15 97 790 1
97 15 790 1
35 71 557 1
71 35 557 1
41 81 452 1
81 41 452 1
50 84 554 1
84 50 554 1
69 90 1119 1
90 69 1119 1
74 111 713 1
111 74 713 1
90 109 492 1
109 90 492 1
11 45 1014 1
45 11 1014 1
14 82 179 1
82 14 179 1
20 84 687 1
84 20 687 1
21 70 303 1
70 21 303 1
25 30 292 1
30 25 292 1
27 101 1063 1
101 27 1063 1
34 51 562 1
51 34 562 1
55 89 213 1
89 55 213 1
92 97 585 1
97 92 585 1
38 81 841 1
81 38 841 1
38 109 342 1
109 38 342 1
39 96 494 1
96 39 494 1
89 112 666 1
112 89 666 1
1 60 923 1
60 1 923 1
6 106 1024 1
106 6 1024 1
6 115 1087 1
115 6 1087 1
12 28 275 1
28 12 275 1
20 57 904 1
57 20 904 1
22 48 1339 1
48 22 1339 1
35 105 686 1
105 35 686 1
59 66 363 1
66 59 363 1
75 110 565 1
110 75 565 1
90 92 135 1
92 90 135 1
100 113 356 1
113 100 356 1
19 102 1271 1
102 19 1271 1
36 98 402 1
98 36 402 1
103 105 173 1
105 103 173 1
3 105 1215 1
105 3 1215 1
9 61 1165 1
61 9 1165 1
21 30 349 1
30 21 349 1
73 74 458 1
74 73 458 1
90 96 335 1
96 90 335 1
20 80 604 1
80 20 604 1
58 67 368 1
67 58 368 1
64 104 887 1
104 64 887 1
2 10 438 1
10 2 438 1
7 65 934 1
65 7 934 1
20 85 844 1
85 20 844 1
21 27 209 1
27 21 209 1
24 56 1021 1
56 24 1021 1
32 72 471 1
72 32 471 1
8 66 1233 1
66 8 1233 1
23 91 1352 1
91 23 1352 1
34 37 540 1
37 34 540 1
75 96 592 1
96 75 592 1
5 59 1317 1
59 5 1317 1
18 102 1258 1
102 18 1258 1
19 100 1295 1
100 19 1295 1
25 75 536 1
75 25 536 1
79 113 788 1
113 79 788 1
89 94 629 1
94 89 629 1
2 12 394 1
12 2 394 1
12 52 1107 1
52 12 1107 1
18 52 1125 1
52 18 1125 1
18 107 1141 1
107 18 1141 1
26 101 1114 1
101 26 1114 1
36 87 808 1
87 36 808 1
50 112 538 1
112 50 538 1
81 87 551 1
87 81 551 1
2 92 1350 1
92 2 1350 1
5 61 1171 1
61 5 1171 1
10 36 501 1
36 10 501 1
33 35 375 1
35 33 375 1
38 83 760 1
83 38 760 1
52 111 398 1
111 52 398 1
59 67 245 1
67 59 245 1
2 24 548 1
24 2 548 1
4 10 570 1
10 4 570 1
8 35 1046 1
35 8 1046 1
22 27 524 1
27 22 524 1
26 70 383 1
70 26 383 1
28 32 528 1
32 28 528 1
36 55 626 1
55 36 626 1
39 115 411 1
115 39 411 1
0 21 821 1
21 0 821 1
3 93 1309 1
93 3 1309 1
13 60 1245 1
60 13 1245 1
27 86 519 1
86 27 519 1
31 87 639 1
87 31 639 1
39 81 431 1
81 39 431 1
43 97 409 1
97 43 409 1
43 104 661 1
104 43 661 1
2 115 1109 1
115 2 1109 1
10 78 335 1
78 10 335 1
29 55 507 1
55 29 507 1
35 97 412 1
97 35 412 1
41 85 509 1
85 41 509 1
61 74 932 1
74 61 932 1
75 92 967 1
92 75 967 1
75 99 632 1
99 75 632 1
95 98 433 1
98 95 433 1
27 115 829 1
115 27 829 1
46 77 585 1
77 46 585 1
30 35 784 1
35 30 784 1
41 44 981 1
44 41 981 1
70 96 605 1
96 70 605 1
73 96 674 1
96 73 674 1
80 88 313 1
88 80 313 1
1 32 484 1
32 1 484 1
25 61 1194 1
61 25 1194 1
36 82 401 1
82 36 401 1
47 67 492 1
67 47 492 1
47 102 619 1
102 47 619 1
52 74 808 1
74 52 808 1
52 99 661 1
99 52 661 1
53 84 1054 1
84 53 1054 1
62 87 1274 1
87 62 1274 1
12 29 886 1
29 12 886 1
31 110 923 1
110 31 923 1
36 63 945 1
63 36 945 1
36 97 483 1
97 36 483 1
41 109 485 1
109 41 485 1
77 92 835 1
92 77 835 1
5 33 790 1
33 5 790 1
9 112 1293 1
112 9 1293 1
59 68 484 1
68 59 484 1
71 74 359 1
74 71 359 1
92 103 574 1
103 92 574 1
3 89 961 1
89 3 961 1
17 104 976 1
104 17 976 1
22 115 1138 1
115 22 1138 1
43 99 372 1
99 43 372 1
56 106 934 1
106 56 934 1
73 81 406 1
81 73 406 1
0 5 1018 1
5 0 1018 1
3 22 347 1
22 3 347 1
9 97 970 1
97 9 970 1
29 38 680 1
38 29 680 1
31 70 334 1
70 31 334 1
32 36 555 1
36 32 555 1
50 81 1084 1
81 50 1084 1
92 110 485 1
110 92 485 1
7 86 1021 1
86 7 1021 1
12 64 932 1
64 12 932 1
29 53 887 1
53 29 887 1
36 52 586 1
52 36 586 1
39 99 432 1
99 39 432 1
55 92 735 1
92 55 735 1
98 111 265 1
111 98 265 1
13 17 364 1
17 13 364 1
15 101 1024 1
101 15 1024 1
16 57 981 1
57 16 981 1
43 54 646 1
54 43 646 1
70 108 590 1
108 70 590 1
88 97 687 1
97 88 687 1
7 106 1176 1
106 7 1176 1
16 81 1063 1
81 16 1063 1
39 98 655 1
98 39 655 1
78 82 455 1
82 78 455 1
93 97 371 1
97 93 371 1
18 90 1192 1
90 18 1192 1
21 58 1085 1
58 21 1085 1
45 110 453 1
110 45 453 1
60 112 882 1
112 60 882 1
20 34 683 1
34 20 683 1
21 65 973 1
65 21 973 1
21 112 894 1
112 21 894 1
42 113 437 1
113 42 437 1
43 113 467 1
113 43 467 1
61 112 910 1
112 61 910 1
12 14 278 1
14 12 278 1
36 112 594 1
112 36 594 1
38 84 429 1
84 38 429 1
93 109 510 1
109 93 510 1
15 68 1114 1
68 15 1114 1
15 93 1054 1
93 15 1054 1
59 69 338 1
69 59 338 1
62 81 1169 1
81 62 1169 1
6 30 365 1
30 6 365 1
8 9 638 1
9 8 638 1
13 59 1042 1
59 13 1042 1
21 66 949 1
66 21 949 1
24 66 1233 1
66 24 1233 1
27 70 417 1
70 27 417 1
29 54 871 1
54 29 871 1
32 86 868 1
86 32 868 1
57 64 941 1
64 57 941 1
60 76 576 1
76 60 576 1
78 88 352 1
88 78 352 1
89 100 936 1
100 89 936 1
102 103 508 1
103 102 508 1
16 106 659 1
106 16 659 1
33 67 474 1
67 33 474 1
34 47 428 1
47 34 428 1
54 75 692 1
75 54 692 1
58 64 312 1
64 58 312 1
68 106 1131 1
106 68 1131 1
69 81 801 1
81 69 801 1
97 98 437 1
98 97 437 1
3 56 840 1
56 3 840 1
7 26 675 1
26 7 675 1
13 49 1151 1
49 13 1151 1
29 87 356 1
87 29 356 1
41 96 611 1
96 41 611 1
46 98 212 1
98 46 212 1
87 109 723 1
109 87 723 1
102 107 560 1
107 102 560 1
15 57 865 1
57 15 865 1
15 109 824 1
109 15 824 1
29 78 851 1
78 29 851 1
32 40 629 1
40 32 629 1
40 62 664 1
62 40 664 1
42 51 463 1
51 42 463 1
56 63 1014 1
63 56 1014 1
86 106 508 1
106 86 508 1
109 112 348 1
112 109 348 1
24 32 845 1
32 24 845 1
27 52 1228 1
52 27 1228 1
36 39 517 1
39 36 517 1
38 115 384 1
115 38 384 1
47 109 317 1
109 47 317 1
54 111 422 1
111 54 422 1
9 68 1194 1
68 9 1194 1
12 73 783 1
73 12 783 1
27 38 594 1
38 27 594 1
53 63 685 1
63 53 685 1
58 115 947 1
115 58 947 1
59 105 1100 1
105 59 1100 1
62 64 300 1
64 62 300 1
64 68 614 1
68 64 614 1
14 21 487 1
21 14 487 1
23 108 1031 1
108 23 1031 1
51 65 287 1
65 51 287 1
60 66 370 1
66 60 370 1
86 87 805 1
87 86 805 1
2 30 317 1
30 2 317 1
11 17 224 1
17 11 224 1
14 112 1099 1
112 14 1099 1
20 42 954 1
42 20 954 1
23 106 1155 1
106 23 1155 1
24 94 920 1
94 24 920 1
62 88 542 1
88 62 542 1
75 114 683 1
114 75 683 1
97 111 292 1
111 97 292 1
19 69 323 1
69 19 323 1
26 32 791 1
32 26 791 1
27 88 863 1
88 27 863 1
33 59 579 1
59 33 579 1
46 73 842 1
73 46 842 1
69 99 970 1
99 69 970 1
76 108 370 1
108 76 370 1
2 105 1253 1
105 2 1253 1
17 33 512 1
33 17 512 1
52 64 474 1
64 52 474 1
53 75 842 1
75 53 842 1
63 107 821 1
107 63 821 1
0 22 675 1
22 0 675 1
1 24 978 1
24 1 978 1
23 46 1256 1
46 23 1256 1
72 99 831 1
99 72 831 1
6 49 1274 1
49 6 1274 1
9 71 488 1
71 9 488 1
9 109 978 1
109 9 978 1
13 31 424 1
31 13 424 1
30 71 303 1
71 30 303 1
98 101 623 1
101 98 623 1
1 89 788 1
89 1 788 1
2 103 1363 1
103 2 1363 1
9 114 1147 1
114 9 1147 1
10 62 483 1
62 10 483 1
10 72 309 1
72 10 309 1
17 49 813 1
49 17 813 1
25 59 1318 1
59 25 1318 1
36 49 877 1
49 36 877 1
54 84 309 1
84 54 309 1
67 69 345 1
69 67 345 1
0 58 565 1
58 0 565 1
8 72 485 1
72 8 485 1
10 24 654 1
24 10 654 1
25 35 978 1
35 25 978 1
32 57 493 1
57 32 493 1
33 34 394 1
34 33 394 1
34 45 409 1
45 34 409 1
41 75 187 1
75 41 187 1
45 114 688 1
114 45 688 1
60 65 898 1
65 60 898 1
4 19 922 1
19 4 922 1
9 102 1277 1
102 9 1277 1
17 32 646 1
32 17 646 1
28 96 577 1
96 28 577 1
89 96 700 1
96 89 700 1
97 99 180 1
99 97 180 1
1 26 956 1
26 1 956 1
4 86 435 1
86 4 435 1
13 37 594 1
37 13 594 1
20 54 606 1
54 20 606 1
36 74 242 1
74 36 242 1
45 95 654 1
95 45 654 1
49 67 315 1
67 49 315 1
57 112 990 1
112 57 990 1
61 100 1241 1
100 61 1241 1
73 90 1009 1
90 73 1009 1
91 100 719 1
100 91 719 1
7 113 1243 1
113 7 1243 1
12 72 358 1
72 12 358 1
36 109 326 1
109 36 326 1
63 87 821 1
87 63 821 1
28 52 856 1
52 28 856 1
32 64 603 1
64 32 603 1
34 43 397 1
43 34 397 1
42 79 812 1
79 42 812 1
44 47 404 1
47 44 404 1
47 54 568 1
54 47 568 1
60 68 469 1
68 60 469 1
64 112 765 1
112 64 765 1
9 19 928 1
19 9 928 1
41 98 784 1
98 41 784 1
99 109 321 1
109 99 321 1
7 49 1147 1
49 7 1147 1
25 105 1085 1
105 25 1085 1
28 37 709 1
37 28 709 1
37 93 575 1
93 37 575 1
53 112 421 1
112 53 421 1
96 99 428 1
99 96 428 1
3 86 986 1
86 3 986 1
10 70 382 1
70 10 382 1
21 56 889 1
56 21 889 1
25 103 1172 1
103 25 1172 1
89 114 592 1
114 89 592 1
4 106 861 1
106 4 861 1
15 23 561 1
23 15 561 1
15 88 1097 1
88 15 1097 1
20 45 1046 1
45 20 1046 1
26 83 578 1
83 26 578 1
27 114 923 1
114 27 923 1
33 45 716 1
45 33 716 1
35 49 434 1
49 35 434 1
37 99 410 1
99 37 410 1
51 66 580 1
66 51 580 1
56 87 1244 1
87 56 1244 1
6 10 299 1
10 6 299 1
8 74 530 1
74 8 530 1
10 16 218 1
16 10 218 1
14 41 702 1
41 14 702 1
34 49 481 1
49 34 481 1
34 110 327 1
110 34 327 1
46 75 767 1
75 46 767 1
93 104 478 1
104 93 478 1
5 35 974 1
35 5 974 1
12 22 481 1
22 12 481 1
16 60 498 1
60 16 498 1
21 74 343 1
74 21 343 1
22 49 1332 1
49 22 1332 1
23 51 1340 1
51 23 1340 1
27 58 1265 1
58 27 1265 1
90 113 376 1
113 90 376 1
11 84 1188 1
84 11 1188 1
13 52 1405 1
52 13 1405 1
17 59 758 1
59 17 758 1
22 44 1293 1
44 22 1293 1
24 40 584 1
40 24 584 1
40 101 898 1
101 40 898 1
52 75 976 1
75 52 976 1
52 76 677 1
76 52 677 1
70 105 847 1
105 70 847 1
71 73 163 1
73 71 163 1
76 94 331 1
94 76 331 1
85 110 584 1
110 85 584 1
93 95 447 1
95 93 447 1
103 111 432 1
111 103 432 1
0 70 525 1
70 0 525 1
4 18 866 1
18 4 866 1
10 112 1075 1
112 10 1075 1
12 95 927 1
95 12 927 1
26 35 893 1
35 26 893 1
46 76 517 1
76 46 517 1
65 66 537 1
66 65 537 1
88 109 538 1
109 88 538 1
91 103 258 1
103 91 258 1
1 86 1182 1
86 1 1182 1
9 24 385 1
24 9 385 1
16 26 698 1
26 16 698 1
24 105 1115 1
105 24 1115 1
27 96 825 1
96 27 825 1
42 48 243 1
48 42 243 1
50 90 473 1
90 50 473 1
4 105 1055 1
105 4 1055 1
16 38 439 1
38 16 439 1
32 59 581 1
59 32 581 1
54 89 853 1
89 54 853 1
68 77 657 1
77 68 657 1
83 86 863 1
86 83 863 1
14 60 967 1
60 14 967 1
15 106 965 1
106 15 965 1
27 98 999 1
98 27 999 1
28 76 345 1
76 28 345 1
28 94 557 1
94 28 557 1
29 31 454 1
31 29 454 1
34 54 521 1
54 34 521 1
37 90 825 1
90 37 825 1
45 73 892 1
73 45 892 1
49 72 1014 1
72 49 1014 1
51 80 1087 1
80 51 1087 1
90 93 690 1
93 90 690 1
101 102 595 1
102 101 595 1
12 100 1084 1
100 12 1084 1
60 72 692 1
72 60 692 1
67 87 1092 1
87 67 1092 1
88 95 625 1
95 88 625 1
102 109 475 1
109 102 475 1
11 64 1218 1
64 11 1218 1
57 83 805 1
83 57 805 1
70 77 376 1
77 70 376 1
73 114 754 1
114 73 754 1
76 99 626 1
99 76 626 1
2 101 1431 1
101 2 1431 1
5 21 332 1
21 5 332 1
11 41 473 1
41 11 473 1
12 115 996 1
115 12 996 1
14 58 1155 1
58 14 1155 1
26 80 792 1
80 26 792 1
29 96 758 1
96 29 758 1
32 81 728 1
81 32 728 1
36 42 628 1
42 36 628 1
52 100 420 1
100 52 420 1
85 91 456 1
91 85 456 1
89 103 468 1
103 89 468 1
98 106 320 1
106 98 320 1
11 60 1139 1
60 11 1139 1
73 76 450 1
76 73 450 1
1 68 549 1
68 1 549 1
4 35 987 1
35 4 987 1
16 58 720 1
58 16 720 1
16 64 567 1
64 16 567 1
46 97 424 1
97 46 424 1
50 103 905 1
103 50 905 1
53 114 535 1
114 53 535 1
57 78 938 1
78 57 938 1
69 73 777 1
73 69 777 1
9 94 994 1
94 9 994 1
11 113 1085 1
113 11 1085 1
14 24 389 1
24 14 389 1
14 28 286 1
28 14 286 1
14 61 1285 1
61 14 1285 1
23 97 1057 1
97 23 1057 1
23 115 1150 1
115 23 1150 1
24 101 1299 1
101 24 1299 1
34 114 610 1
114 34 610 1
44 46 353 1
46 44 353 1
46 95 451 1
95 46 451 1
71 108 604 1
108 71 604 1
75 91 753 1
91 75 753 1
80 85 1121 1
85 80 1121 1
84 100 555 1
100 84 555 1
6 105 1236 1
105 6 1236 1
7 27 597 1
27 7 597 1
21 59 1061 1
59 21 1061 1
58 62 503 1
62 58 503 1
103 112 375 1
112 103 375 1
2 5 685 1
5 2 685 1
8 51 1496 1
51 8 1496 1
19 57 426 1
57 19 426 1
22 95 990 1
95 22 990 1
36 46 482 1
46 36 482 1
37 77 246 1
77 37 246 1
56 88 726 1
88 56 726 1
62 79 1049 1
79 62 1049 1
69 113 1075 1
113 69 1075 1
100 103 576 1
103 100 576 1
102 113 317 1
113 102 317 1
25 48 1425 1
48 25 1425 1
39 88 762 1
88 39 762 1
57 88 1185 1
88 57 1185 1
98 108 315 1
108 98 315 1
8 31 485 1
31 8 485 1
27 103 986 1
103 27 986 1
42 102 621 1
102 42 621 1
69 85 858 1
85 69 858 1
8 59 1427 1
59 8 1427 1
24 86 569 1
86 24 569 1
47 76 575 1
76 47 575 1
55 90 757 1
90 55 757 1
55 93 359 1
93 55 359 1
93 113 317 1
113 93 317 1
111 113 191 1
113 111 191 1
13 16 1048 1
16 13 1048 1
13 48 1332 1
48 13 1332 1
20 79 665 1
79 20 665 1
22 30 218 1
30 22 218 1
23 113 1322 1
113 23 1322 1
36 73 600 1
73 36 600 1
39 54 618 1
54 39 618 1
48 110 500 1
110 48 500 1
2 71 519 1
71 2 519 1
6 15 884 1
15 6 884 1
31 66 997 1
66 31 997 1
44 50 287 1
50 44 287 1
44 96 580 1
96 44 580 1
47 94 415 1
94 47 415 1
53 72 1064 1
72 53 1064 1
65 107 863 1
107 65 863 1
5 65 1232 1
65 5 1232 1
26 48 1303 1
48 26 1303 1
34 48 431 1
48 34 431 1
34 76 309 1
76 34 309 1
40 90 683 1
90 40 683 1
55 110 380 1
110 55 380 1
4 56 971 1
56 4 971 1
21 32 632 1
32 21 632 1
22 108 1017 1
108 22 1017 1
39 63 657 1
63 39 657 1
77 99 529 1
99 77 529 1
1 15 757 1
15 1 757 1
2 19 481 1
19 2 481 1
2 48 1199 1
48 2 1199 1
3 92 1420 1
92 3 1420 1
4 98 1069 1
98 4 1069 1
6 70 405 1
70 6 405 1
9 111 1239 1
111 9 1239 1
31 58 1104 1
58 31 1104 1
36 111 534 1
111 36 534 1
38 87 730 1
87 38 730 1
41 83 252 1
83 41 252 1
43 96 503 1
96 43 503 1
50 79 1009 1
79 50 1009 1
53 90 787 1
90 53 787 1
63 68 745 1
68 63 745 1
75 98 773 1
98 75 773 1
94 115 181 1
115 94 181 1
3 103 1279 1
103 3 1279 1
5 89 870 1
89 5 870 1
22 51 1360 1
51 22 1360 1
29 98 934 1
98 29 934 1
47 114 366 1
114 47 366 1
62 66 562 1
66 62 562 1
91 112 368 1
112 91 368 1
93 94 560 1
94 93 560 1
94 95 213 1
95 94 213 1
7 9 490 1
9 7 490 1
23 45 1302 1
45 23 1302 1
36 75 517 1
75 36 517 1
107 112 482 1
112 107 482 1
0 57 825 1
57 0 825 1
8 26 300 1
26 8 300 1
8 41 768 1
41 8 768 1
11 30 584 1
30 11 584 1
35 70 574 1
70 35 574 1
56 84 539 1
84 56 539 1
59 78 947 1
78 59 947 1
88 96 385 1
96 88 385 1
90 95 589 1
95 90 589 1
108 115 135 1
115 108 135 1
1 27 890 1
27 1 890 1
6 51 1338 1
51 6 1338 1
16 36 349 1
36 16 349 1
18 32 279 1
32 18 279 1
22 105 1261 1
105 22 1261 1
25 64 1312 1
64 25 1312 1
40 52 792 1
52 40 792 1
40 78 376 1
78 40 376 1
41 107 419 1
107 41 419 1
57 80 1050 1
80 57 1050 1
60 81 1111 1
81 60 1111 1
62 83 1241 1
83 62 1241 1
82 83 881 1
83 82 881 1
