116 2668
44 49 304 1
49 44 304 1
44 48 114 1
48 44 114 1
48 49 410 1
49 48 410 1
22 23 140 1
23 22 140 1
30 31 127 1
31 30 127 1
42 43 239 1
43 42 239 1
29 73 113 1
73 29 113 1
73 75 84 1
75 73 84 1
26 27 135 1
27 26 135 1
45 49 111 1
49 45 111 1
28 72 116 1
72 28 116 1
44 45 194 1
45 44 194 1
54 96 167 1
96 54 167 1
24 25 135 1
25 24 135 1
5 9 157 1
9 5 157 1
3 7 185 1
7 3 185 1
48 51 548 1
51 48 548 1
29 37 304 1
37 29 304 1
45 48 304 1
48 45 304 1
18 19 147 1
19 18 147 1
16 80 152 1
80 16 152 1
29 75 189 1
75 29 189 1
8 24 258 1
24 8 258 1
60 64 187 1
64 60 187 1
49 51 172 1
51 49 172 1
37 73 278 1
73 37 278 1
2 6 165 1
6 2 165 1
31 71 265 1
71 31 265 1
48 50 202 1
50 48 202 1
11 71 374 1
71 11 374 1
42 50 271 1
50 42 271 1
10 16 218 1
16 10 218 1
11 17 224 1
17 11 224 1
2 22 228 1
22 2 228 1
101 103 106 1
103 101 106 1
5 25 129 1
25 5 129 1
58 66 198 1
66 58 198 1
90 92 135 1
92 90 135 1
50 51 698 1
51 50 698 1
4 26 161 1
26 4 161 1
91 93 118 1
93 91 118 1
45 51 254 1
51 45 254 1
4 8 148 1
8 4 148 1
4 25 258 1
25 4 258 1
20 21 185 1
21 20 185 1
25 26 225 1
26 25 225 1
30 71 303 1
71 30 303 1
44 51 440 1
51 44 440 1
111 112 111 1
112 111 111 1
66 67 177 1
67 66 177 1
2 23 340 1
23 2 340 1
43 51 245 1
51 43 245 1
55 89 213 1
89 55 213 1
42 44 208 1
44 42 208 1
44 50 287 1
50 44 287 1
49 50 585 1
50 49 585 1
43 50 494 1
50 43 494 1
48 66 357 1
66 48 357 1
58 59 496 1
59 58 496 1
17 81 182 1
81 17 182 1
9 15 219 1
15 9 219 1
13 73 358 1
73 13 358 1
4 24 144 1
24 4 144 1
43 45 199 1
45 43 199 1
6 10 299 1
10 6 299 1
32 33 149 1
33 32 149 1
36 38 122 1
38 36 122 1
45 67 282 1
67 45 282 1
5 24 252 1
24 5 252 1
42 48 243 1
48 42 243 1
37 75 239 1
75 37 239 1
4 14 255 1
14 4 255 1
8 25 389 1
25 8 389 1
36 54 228 1
54 36 228 1
7 11 254 1
11 7 254 1
104 105 204 1
105 104 204 1
11 13 168 1
13 11 168 1
36 40 213 1
40 36 213 1
42 49 396 1
49 42 396 1
61 65 175 1
65 61 175 1
16 78 122 1
78 16 122 1
80 84 162 1
84 80 162 1
0 19 488 1
19 0 488 1
13 31 424 1
31 13 424 1
37 89 294 1
89 37 294 1
93 101 103 1
101 93 103 1
56 60 232 1
60 56 232 1
38 40 158 1
40 38 158 1
78 80 116 1
80 78 116 1
43 44 290 1
44 43 290 1
59 66 363 1
66 59 363 1
17 79 135 1
79 17 135 1
55 99 216 1
99 55 216 1
43 49 240 1
49 43 240 1
42 45 300 1
45 42 300 1
5 15 278 1
15 5 278 1
42 51 463 1
51 42 463 1
3 22 347 1
22 3 347 1
71 73 163 1
73 71 163 1
74 75 389 1
75 74 389 1
43 48 391 1
48 43 391 1
79 85 260 1
85 79 260 1
16 28 220 1
28 16 220 1
44 66 318 1
66 44 318 1
29 41 234 1
41 29 234 1
10 12 181 1
12 10 181 1
38 54 263 1
54 38 263 1
0 18 364 1
18 0 364 1
21 27 209 1
27 21 209 1
48 67 417 1
67 48 417 1
10 28 213 1
28 10 213 1
72 74 76 1
74 72 76 1
4 5 350 1
5 4 350 1
49 66 437 1
66 49 437 1
7 13 237 1
13 7 237 1
6 23 465 1
23 6 465 1
17 71 423 1
71 17 423 1
90 93 690 1
93 90 690 1
13 29 290 1
29 13 290 1
31 73 397 1
73 31 397 1
45 50 474 1
50 45 474 1
55 95 221 1
95 55 221 1
54 88 224 1
88 54 224 1
92 98 220 1
98 92 220 1
11 31 475 1
31 11 475 1
40 72 200 1
72 40 200 1
51 66 580 1
66 51 580 1
2 3 405 1
3 2 405 1
49 67 315 1
67 49 315 1
79 81 136 1
81 79 136 1
6 22 333 1
22 6 333 1
90 91 735 1
91 90 735 1
100 103 576 1
103 100 576 1
72 76 257 1
76 72 257 1
19 33 238 1
33 19 238 1
39 89 325 1
89 39 325 1
71 75 163 1
75 71 163 1
81 85 175 1
85 81 175 1
96 98 184 1
98 96 184 1
13 75 440 1
75 13 440 1
51 65 287 1
65 51 287 1
13 71 401 1
71 13 401 1
100 101 656 1
101 100 656 1
3 18 417 1
18 3 417 1
97 99 180 1
99 97 180 1
25 27 193 1
27 25 193 1
31 75 419 1
75 31 419 1
92 93 608 1
93 92 608 1
103 104 369 1
104 103 369 1
18 33 288 1
33 18 288 1
30 70 259 1
70 30 259 1
51 67 436 1
67 51 436 1
55 97 173 1
97 55 173 1
65 66 537 1
66 65 537 1
104 106 195 1
106 104 195 1
5 14 572 1
14 5 572 1
6 12 248 1
12 6 248 1
11 73 310 1
73 11 310 1
28 40 248 1
40 28 248 1
20 41 386 1
41 20 386 1
41 89 415 1
89 41 415 1
42 46 173 1
46 42 173 1
98 99 479 1
99 98 479 1
4 27 279 1
27 4 279 1
19 32 289 1
32 19 289 1
48 65 674 1
65 48 674 1
28 76 345 1
76 28 345 1
54 92 376 1
92 54 376 1
0 32 356 1
32 0 356 1
14 15 772 1
15 14 772 1
40 54 405 1
54 40 405 1
49 65 308 1
65 49 308 1
67 69 345 1
69 67 345 1
48 60 501 1
60 48 501 1
44 67 332 1
67 44 332 1
37 55 221 1
55 37 221 1
36 72 276 1
72 36 276 1
92 96 390 1
96 92 390 1
7 23 337 1
23 7 337 1
28 80 329 1
80 28 329 1
45 66 369 1
66 45 369 1
73 74 458 1
74 73 458 1
8 26 300 1
26 8 300 1
96 97 322 1
97 96 322 1
34 44 373 1
44 34 373 1
95 105 309 1
105 95 309 1
3 23 271 1
23 3 271 1
7 22 454 1
22 7 454 1
7 31 345 1
31 7 345 1
29 31 454 1
31 29 454 1
55 96 492 1
96 55 492 1
68 69 164 1
69 68 164 1
5 26 263 1
26 5 263 1
16 84 311 1
84 16 311 1
32 62 548 1
62 32 548 1
34 42 401 1
42 34 401 1
34 43 397 1
43 34 397 1
34 49 481 1
49 34 481 1
39 55 254 1
55 39 254 1
2 18 379 1
18 2 379 1
12 70 392 1
70 12 392 1
24 26 201 1
26 24 201 1
90 98 163 1
98 90 163 1
34 48 431 1
48 34 431 1
18 32 279 1
32 18 279 1
29 71 259 1
71 29 259 1
60 62 241 1
62 60 241 1
76 77 238 1
77 76 238 1
66 69 349 1
69 66 349 1
21 41 236 1
41 21 236 1
17 73 298 1
73 17 298 1
21 26 271 1
26 21 271 1
37 95 241 1
95 37 241 1
62 64 300 1
64 62 300 1
4 21 414 1
21 4 414 1
101 104 464 1
104 101 464 1
9 14 725 1
14 9 725 1
28 84 456 1
84 28 456 1
3 19 382 1
19 3 382 1
100 104 240 1
104 100 240 1
44 60 540 1
60 44 540 1
88 92 521 1
92 88 521 1
46 111 189 1
111 46 189 1
105 107 233 1
107 105 233 1
12 14 278 1
14 12 278 1
36 96 257 1
96 36 257 1
10 80 357 1
80 10 357 1
0 33 480 1
33 0 480 1
14 24 389 1
24 14 389 1
50 60 475 1
60 50 475 1
58 67 368 1
67 58 368 1
0 10 381 1
10 0 381 1
100 102 87 1
102 100 87 1
0 6 417 1
6 0 417 1
37 41 217 1
41 37 217 1
73 81 406 1
81 73 406 1
20 39 459 1
39 20 459 1
65 67 361 1
67 65 361 1
85 89 220 1
89 85 220 1
29 74 571 1
74 29 571 1
96 113 315 1
113 96 315 1
2 33 510 1
33 2 510 1
4 9 500 1
9 4 500 1
38 88 311 1
88 38 311 1
34 45 409 1
45 34 409 1
54 98 204 1
98 54 204 1
44 65 564 1
65 44 564 1
55 115 361 1
115 55 361 1
102 103 508 1
103 102 508 1
8 14 205 1
14 8 205 1
9 25 252 1
25 9 252 1
30 73 455 1
73 30 455 1
50 62 545 1
62 50 545 1
22 31 234 1
31 22 234 1
34 67 275 1
67 34 275 1
74 76 203 1
76 74 203 1
105 108 296 1
108 105 296 1
17 85 352 1
85 17 352 1
89 97 385 1
97 89 385 1
16 76 379 1
76 16 379 1
30 72 390 1
72 30 390 1
7 71 395 1
71 7 395 1
36 74 242 1
74 36 242 1
13 30 546 1
30 13 546 1
95 97 97 1
97 95 97 1
11 30 584 1
30 11 584 1
31 70 334 1
70 31 334 1
102 104 159 1
104 102 159 1
4 15 597 1
15 4 597 1
37 85 343 1
85 37 343 1
39 41 161 1
41 39 161 1
17 77 417 1
77 17 417 1
46 112 262 1
112 46 262 1
38 72 305 1
72 38 305 1
3 6 559 1
6 3 559 1
20 38 349 1
38 20 349 1
34 60 439 1
60 34 439 1
96 99 428 1
99 96 428 1
99 115 285 1
115 99 285 1
70 72 158 1
72 70 158 1
29 89 469 1
89 29 469 1
43 67 388 1
67 43 388 1
0 2 460 1
2 0 460 1
29 30 533 1
30 29 533 1
100 105 430 1
105 100 430 1
101 102 595 1
102 101 595 1
12 23 607 1
23 12 607 1
20 27 271 1
27 20 271 1
66 68 378 1
68 66 378 1
14 25 491 1
25 14 491 1
43 47 146 1
47 43 146 1
88 96 385 1
96 88 385 1
3 31 315 1
31 3 315 1
20 40 225 1
40 20 225 1
34 66 268 1
66 34 268 1
3 11 395 1
11 3 395 1
78 84 235 1
84 78 235 1
95 108 123 1
108 95 123 1
22 30 218 1
30 22 218 1
2 7 566 1
7 2 566 1
4 20 334 1
20 4 334 1
7 30 462 1
30 7 462 1
20 29 497 1
29 20 497 1
40 74 182 1
74 40 182 1
28 78 272 1
78 28 272 1
41 87 263 1
87 41 263 1
93 99 208 1
99 93 208 1
0 62 386 1
62 0 386 1
54 72 501 1
72 54 501 1
30 75 454 1
75 30 454 1
42 60 630 1
60 42 630 1
5 27 165 1
27 5 165 1
38 39 465 1
39 38 465 1
48 56 700 1
56 48 700 1
48 58 400 1
58 48 400 1
11 77 511 1
77 11 511 1
49 60 773 1
60 49 773 1
50 66 475 1
66 50 475 1
70 71 263 1
71 70 263 1
71 77 297 1
77 71 297 1
0 16 380 1
16 0 380 1
59 68 484 1
68 59 484 1
5 8 493 1
8 5 493 1
9 24 385 1
24 9 385 1
11 75 388 1
75 11 388 1
54 102 313 1
102 54 313 1
40 88 385 1
88 40 385 1
108 115 135 1
115 108 135 1
2 19 481 1
19 2 481 1
12 28 275 1
28 12 275 1
37 39 117 1
39 37 117 1
42 67 468 1
67 42 468 1
41 73 204 1
73 41 204 1
10 84 516 1
84 10 516 1
10 76 495 1
76 10 495 1
89 99 398 1
99 89 398 1
92 101 634 1
101 92 634 1
70 74 155 1
74 70 155 1
89 95 416 1
95 89 416 1
1 63 334 1
63 1 334 1
28 36 321 1
36 28 321 1
30 74 403 1
74 30 403 1
39 105 458 1
105 39 458 1
43 46 341 1
46 43 341 1
45 65 388 1
65 45 388 1
50 64 302 1
64 50 302 1
55 105 373 1
105 55 373 1
94 97 266 1
97 94 266 1
94 113 328 1
113 94 328 1
107 115 298 1
115 107 298 1
11 81 403 1
81 11 403 1
0 60 405 1
60 0 405 1
43 66 481 1
66 43 481 1
15 25 386 1
25 15 386 1
23 70 494 1
70 23 494 1
41 75 187 1
75 41 187 1
47 91 332 1
91 47 332 1
76 84 486 1
84 76 486 1
98 110 300 1
110 98 300 1
41 83 252 1
83 41 252 1
55 108 332 1
108 55 332 1
6 16 484 1
16 6 484 1
37 74 520 1
74 37 520 1
54 55 651 1
55 54 651 1
104 107 401 1
107 104 401 1
22 25 402 1
25 22 402 1
54 111 422 1
111 54 422 1
56 62 252 1
62 56 252 1
77 81 453 1
81 77 453 1
3 33 424 1
33 3 424 1
20 26 232 1
26 20 232 1
42 66 473 1
66 42 473 1
70 75 355 1
75 70 355 1
98 111 265 1
111 98 265 1
0 64 574 1
64 0 574 1
35 47 370 1
47 35 370 1
47 110 210 1
110 47 210 1
93 111 397 1
111 93 397 1
98 113 276 1
113 98 276 1
23 31 199 1
31 23 199 1
41 82 687 1
82 41 687 1
46 47 309 1
47 46 309 1
105 115 176 1
115 105 176 1
6 7 710 1
7 6 710 1
16 33 609 1
33 16 609 1
96 102 343 1
102 96 343 1
36 88 289 1
88 36 289 1
54 113 426 1
113 54 426 1
59 67 245 1
67 59 245 1
77 79 329 1
79 77 329 1
3 30 397 1
30 3 397 1
6 18 473 1
18 6 473 1
17 75 351 1
75 17 351 1
20 82 329 1
82 20 329 1
13 17 364 1
17 13 364 1
16 72 287 1
72 16 287 1
52 110 456 1
110 52 456 1
60 66 370 1
66 60 370 1
92 111 381 1
111 92 381 1
96 111 286 1
111 96 286 1
58 65 718 1
65 58 718 1
46 52 244 1
52 46 244 1
60 65 898 1
65 60 898 1
100 107 640 1
107 100 640 1
27 82 524 1
82 27 524 1
34 50 475 1
50 34 475 1
54 97 484 1
97 54 484 1
10 33 638 1
33 10 638 1
75 81 434 1
81 75 434 1
56 58 427 1
58 56 427 1
71 74 359 1
74 71 359 1
0 56 174 1
56 0 174 1
46 53 547 1
53 46 547 1
71 72 402 1
72 71 402 1
20 70 213 1
70 20 213 1
42 47 281 1
47 42 281 1
73 79 296 1
79 73 296 1
10 78 335 1
78 10 335 1
37 79 267 1
79 37 267 1
59 69 338 1
69 59 338 1
26 59 1291 1
59 26 1291 1
28 74 188 1
74 28 188 1
34 51 562 1
51 34 562 1
43 65 435 1
65 43 435 1
44 64 436 1
64 44 436 1
1 7 452 1
7 1 452 1
96 110 214 1
110 96 214 1
2 10 438 1
10 2 438 1
29 95 532 1
95 29 532 1
38 103 677 1
103 38 677 1
63 81 293 1
81 63 293 1
1 19 351 1
19 1 351 1
38 96 284 1
96 38 284 1
99 113 264 1
113 99 264 1
1 3 446 1
3 1 446 1
15 26 469 1
26 15 469 1
31 74 479 1
74 31 479 1
47 53 268 1
53 47 268 1
52 90 240 1
90 52 240 1
59 65 304 1
65 59 304 1
76 80 424 1
80 76 424 1
72 84 493 1
84 72 493 1
99 100 610 1
100 99 610 1
20 30 328 1
30 20 328 1
29 39 339 1
39 29 339 1
41 55 403 1
55 41 403 1
89 108 535 1
108 89 535 1
21 30 349 1
30 21 349 1
52 84 487 1
84 52 487 1
58 68 392 1
68 58 392 1
91 101 197 1
101 91 197 1
22 70 443 1
70 22 443 1
44 56 714 1
56 44 714 1
67 68 440 1
68 67 440 1
12 16 384 1
16 12 384 1
56 64 404 1
64 56 404 1
11 29 239 1
29 11 239 1
32 60 487 1
60 32 487 1
38 106 276 1
106 38 276 1
72 88 483 1
88 72 483 1
103 107 239 1
107 103 239 1
34 65 549 1
65 34 549 1
71 81 550 1
81 71 550 1
6 33 588 1
33 6 588 1
23 30 259 1
30 23 259 1
28 30 436 1
30 28 436 1
111 113 191 1
113 111 191 1
28 88 461 1
88 28 461 1
32 56 384 1
56 32 384 1
38 74 265 1
74 38 265 1
40 96 436 1
96 40 436 1
73 85 516 1
85 73 516 1
76 78 312 1
78 76 312 1
93 103 173 1
103 93 173 1
10 72 309 1
72 10 309 1
57 63 249 1
63 57 249 1
14 20 320 1
20 14 320 1
70 73 402 1
73 70 402 1
99 108 310 1
108 99 310 1
21 40 380 1
40 21 380 1
39 95 233 1
95 39 233 1
3 13 410 1
13 3 410 1
5 20 424 1
20 5 424 1
89 115 561 1
115 89 561 1
15 20 521 1
20 15 521 1
23 25 373 1
25 23 373 1
103 105 173 1
105 103 173 1
15 83 194 1
83 15 194 1
7 17 463 1
17 7 463 1
12 22 481 1
22 12 481 1
92 97 585 1
97 92 585 1
110 111 172 1
111 110 172 1
12 72 358 1
72 12 358 1
37 81 336 1
81 37 336 1
54 84 309 1
84 54 309 1
56 66 485 1
66 56 485 1
28 54 527 1
54 28 527 1
97 104 399 1
104 97 399 1
92 103 574 1
103 92 574 1
11 33 518 1
33 11 518 1
46 99 446 1
99 46 446 1
49 58 594 1
58 49 594 1
50 67 562 1
67 50 562 1
71 79 426 1
79 71 426 1
72 78 300 1
78 72 300 1
32 64 603 1
64 32 603 1
50 65 837 1
65 50 837 1
99 101 266 1
101 99 266 1
13 37 594 1
37 13 594 1
34 69 465 1
69 34 465 1
41 108 476 1
108 41 476 1
93 98 589 1
98 93 589 1
14 26 321 1
26 14 321 1
21 70 303 1
70 21 303 1
39 104 557 1
104 39 557 1
39 107 280 1
107 39 280 1
49 56 904 1
56 49 904 1
50 56 674 1
56 50 674 1
48 64 369 1
64 48 369 1
92 104 310 1
104 92 310 1
92 113 313 1
113 92 313 1
38 104 427 1
104 38 427 1
43 53 293 1
53 43 293 1
44 58 416 1
58 44 416 1
72 80 384 1
80 72 384 1
92 99 572 1
99 92 572 1
97 105 299 1
105 97 299 1
40 82 231 1
82 40 231 1
9 20 557 1
20 9 557 1
42 65 644 1
65 42 644 1
90 101 719 1
101 90 719 1
97 113 312 1
113 97 312 1
26 82 411 1
82 26 411 1
58 69 426 1
69 58 426 1
74 95 497 1
95 74 497 1
99 105 287 1
105 99 287 1
73 89 507 1
89 73 507 1
22 33 600 1
33 22 600 1
90 99 615 1
99 90 615 1
70 88 635 1
88 70 635 1
101 105 274 1
105 101 274 1
11 79 342 1
79 11 342 1
41 95 382 1
95 41 382 1
65 69 558 1
69 65 558 1
97 108 170 1
108 97 170 1
15 27 336 1
27 15 336 1
91 92 669 1
92 91 669 1
12 30 419 1
30 12 419 1
17 29 223 1
29 17 223 1
40 70 311 1
70 40 311 1
99 111 265 1
111 99 265 1
19 56 574 1
56 19 574 1
20 36 396 1
36 20 396 1
37 71 401 1
71 37 401 1
54 112 454 1
112 54 454 1
55 104 526 1
104 55 526 1
88 102 433 1
102 88 433 1
4 83 726 1
83 4 726 1
9 26 419 1
26 9 419 1
14 21 487 1
21 14 487 1
36 55 626 1
55 36 626 1
41 74 484 1
74 41 484 1
30 40 513 1
40 30 513 1
54 104 337 1
104 54 337 1
89 104 710 1
104 89 710 1
12 88 689 1
88 12 689 1
39 106 557 1
106 39 557 1
38 70 414 1
70 38 414 1
97 115 218 1
115 97 218 1
1 11 394 1
11 1 394 1
39 108 341 1
108 39 341 1
21 29 329 1
29 21 329 1
39 83 378 1
83 39 378 1
89 105 535 1
105 89 535 1
20 106 592 1
106 20 592 1
58 60 266 1
60 58 266 1
21 39 356 1
39 21 356 1
46 110 220 1
110 46 220 1
55 85 300 1
85 55 300 1
29 85 473 1
85 29 473 1
96 104 297 1
104 96 297 1
98 103 555 1
103 98 555 1
109 112 348 1
112 109 348 1
17 37 368 1
37 17 368 1
21 38 458 1
38 21 458 1
24 27 252 1
27 24 252 1
29 81 342 1
81 29 342 1
42 111 258 1
111 42 258 1
57 59 382 1
59 57 382 1
95 99 272 1
99 95 272 1
21 31 344 1
31 21 344 1
29 55 507 1
55 29 507 1
42 64 503 1
64 42 503 1
3 71 399 1
71 3 399 1
21 82 511 1
82 21 511 1
28 70 247 1
70 28 247 1
97 98 437 1
98 97 437 1
23 24 403 1
24 23 403 1
32 50 755 1
50 32 755 1
47 99 231 1
99 47 231 1
87 89 476 1
89 87 476 1
93 97 371 1
97 93 371 1
105 113 210 1
113 105 210 1
13 70 648 1
70 13 648 1
28 71 506 1
71 28 506 1
16 52 739 1
52 16 739 1
46 98 212 1
98 46 212 1
73 95 476 1
95 73 476 1
6 14 476 1
14 6 476 1
27 41 398 1
41 27 398 1
38 82 362 1
82 38 362 1
47 52 540 1
52 47 540 1
14 38 497 1
38 14 497 1
84 96 441 1
96 84 441 1
95 104 381 1
104 95 381 1
20 25 402 1
25 20 402 1
21 36 510 1
36 21 510 1
72 77 430 1
77 72 430 1
99 104 430 1
104 99 430 1
104 112 332 1
112 104 332 1
45 56 823 1
56 45 823 1
78 110 569 1
110 78 569 1
107 112 482 1
112 107 482 1
29 79 257 1
79 29 257 1
45 60 681 1
60 45 681 1
93 104 478 1
104 93 478 1
57 68 520 1
68 57 520 1
55 98 606 1
98 55 606 1
95 115 205 1
115 95 205 1
84 110 598 1
110 84 598 1
98 100 250 1
100 98 250 1
41 107 419 1
107 41 419 1
72 96 519 1
96 72 519 1
37 97 271 1
97 37 271 1
47 90 580 1
90 47 580 1
97 111 292 1
111 97 292 1
6 19 593 1
19 6 593 1
28 38 358 1
38 28 358 1
36 39 517 1
39 36 517 1
36 113 562 1
113 36 562 1
63 85 364 1
85 63 364 1
75 77 210 1
77 75 210 1
34 64 445 1
64 34 445 1
36 105 576 1
105 36 576 1
4 30 322 1
30 4 322 1
73 77 274 1
77 73 274 1
1 17 391 1
17 1 391 1
1 57 172 1
57 1 172 1
10 88 586 1
88 10 586 1
82 87 849 1
87 82 849 1
89 107 337 1
107 89 337 1
101 106 633 1
106 101 633 1
112 115 269 1
115 112 269 1
22 24 386 1
24 22 386 1
41 104 687 1
104 41 687 1
21 25 360 1
25 21 360 1
47 98 442 1
98 47 442 1
88 98 408 1
98 88 408 1
43 60 748 1
60 43 748 1
54 103 653 1
103 54 653 1
7 70 592 1
70 7 592 1
41 106 653 1
106 41 653 1
51 53 271 1
53 51 271 1
72 94 485 1
94 72 485 1
36 84 341 1
84 36 341 1
52 111 398 1
111 52 398 1
29 83 227 1
83 29 227 1
48 59 599 1
59 48 599 1
49 64 714 1
64 49 714 1
103 113 295 1
113 103 295 1
21 83 382 1
83 21 382 1
60 61 893 1
61 60 893 1
15 21 348 1
21 15 348 1
34 111 469 1
111 34 469 1
93 100 653 1
100 93 653 1
101 107 310 1
107 101 310 1
38 101 771 1
101 38 771 1
90 110 460 1
110 90 460 1
96 112 337 1
112 96 337 1
16 32 504 1
32 16 504 1
20 83 565 1
83 20 565 1
93 112 343 1
112 93 343 1
98 101 623 1
101 98 623 1
8 23 562 1
23 8 562 1
25 83 553 1
83 25 553 1
28 77 540 1
77 28 540 1
36 94 246 1
94 36 246 1
36 97 483 1
97 36 483 1
34 46 395 1
46 34 395 1
53 99 316 1
99 53 316 1
55 107 232 1
107 55 232 1
4 23 506 1
23 4 506 1
103 106 532 1
106 103 532 1
36 107 612 1
107 36 612 1
51 59 486 1
59 51 486 1
52 92 317 1
92 52 317 1
105 106 359 1
106 105 359 1
20 89 778 1
89 20 778 1
104 111 377 1
111 104 377 1
41 115 555 1
115 41 555 1
101 108 495 1
108 101 495 1
107 108 333 1
108 107 333 1
4 22 457 1
22 4 457 1
10 23 699 1
23 10 699 1
36 108 330 1
108 36 330 1
46 97 424 1
97 46 424 1
88 90 414 1
90 88 414 1
91 99 166 1
99 91 166 1
104 115 184 1
115 104 184 1
4 70 430 1
70 4 430 1
7 18 581 1
18 7 581 1
7 33 515 1
33 7 515 1
20 73 397 1
73 20 397 1
38 102 472 1
102 38 472 1
92 110 485 1
110 92 485 1
94 108 97 1
108 94 97 1
99 112 272 1
112 99 272 1
3 25 566 1
25 3 566 1
23 33 604 1
33 23 604 1
29 70 512 1
70 29 512 1
2 32 513 1
32 2 513 1
8 9 638 1
9 8 638 1
17 31 618 1
31 17 618 1
87 105 742 1
105 87 742 1
5 21 332 1
21 5 332 1
7 19 519 1
19 7 519 1
54 99 587 1
99 54 587 1
95 107 258 1
107 95 258 1
93 96 582 1
96 93 582 1
97 112 339 1
112 97 339 1
4 82 403 1
82 4 403 1
54 110 373 1
110 54 373 1
94 96 89 1
96 94 89 1
11 70 629 1
70 11 629 1
16 88 420 1
88 16 420 1
40 84 485 1
84 40 485 1
42 56 786 1
56 42 786 1
45 58 519 1
58 45 519 1
46 96 270 1
96 46 270 1
13 23 488 1
23 13 488 1
37 99 410 1
99 37 410 1
52 80 618 1
80 52 618 1
2 12 394 1
12 2 394 1
4 38 638 1
38 4 638 1
58 107 1147 1
107 58 1147 1
80 110 643 1
110 80 643 1
92 94 455 1
94 92 455 1
26 41 487 1
41 26 487 1
39 73 305 1
73 39 305 1
54 76 415 1
76 54 415 1
76 88 509 1
88 76 509 1
92 114 349 1
114 92 349 1
18 22 537 1
22 18 537 1
35 67 262 1
67 35 262 1
72 113 813 1
113 72 813 1
1 18 493 1
18 1 493 1
8 27 425 1
27 8 425 1
27 59 1253 1
59 27 1253 1
39 40 508 1
40 39 508 1
39 115 411 1
115 39 411 1
40 41 506 1
41 40 506 1
82 106 562 1
106 82 562 1
13 22 606 1
22 13 606 1
27 87 439 1
87 27 439 1
35 43 347 1
43 35 347 1
37 108 355 1
108 37 355 1
64 65 897 1
65 64 897 1
87 104 852 1
104 87 852 1
67 91 790 1
91 67 790 1
92 102 211 1
102 92 211 1
92 106 400 1
106 92 400 1
12 76 591 1
76 12 591 1
13 83 347 1
83 13 347 1
46 113 335 1
113 46 335 1
77 110 393 1
110 77 393 1
40 102 619 1
102 40 619 1
97 114 263 1
114 97 263 1
103 111 432 1
111 103 432 1
36 76 232 1
76 36 232 1
42 62 705 1
62 42 705 1
52 98 272 1
98 52 272 1
14 70 380 1
70 14 380 1
20 31 387 1
31 20 387 1
28 96 577 1
96 28 577 1
66 105 960 1
105 66 960 1
106 107 486 1
107 106 486 1
20 37 510 1
37 20 510 1
38 41 513 1
41 38 513 1
38 105 521 1
105 38 521 1
59 61 271 1
61 59 271 1
66 107 978 1
107 66 978 1
87 95 598 1
95 87 598 1
27 39 536 1
39 27 536 1
38 55 598 1
55 38 598 1
44 62 682 1
62 44 682 1
9 27 309 1
27 9 309 1
11 22 654 1
22 11 654 1
36 95 408 1
95 36 408 1
42 53 475 1
53 42 475 1
55 100 739 1
100 55 739 1
58 105 1107 1
105 58 1107 1
74 77 362 1
77 74 362 1
89 96 700 1
96 89 700 1
35 61 480 1
61 35 480 1
36 112 594 1
112 36 594 1
102 106 217 1
106 102 217 1
14 23 650 1
23 14 650 1
19 62 792 1
62 19 792 1
36 92 596 1
92 36 596 1
46 84 530 1
84 46 530 1
47 93 394 1
93 47 394 1
93 113 317 1
113 93 317 1
95 109 146 1
109 95 146 1
9 21 431 1
21 9 431 1
10 18 609 1
18 10 609 1
20 107 666 1
107 20 666 1
26 58 1249 1
58 26 1249 1
26 66 1142 1
66 26 1142 1
35 45 385 1
45 35 385 1
31 72 482 1
72 31 482 1
34 112 579 1
112 34 579 1
76 113 641 1
113 76 641 1
79 89 364 1
89 79 364 1
75 95 407 1
95 75 407 1
87 100 1075 1
100 87 1075 1
37 87 433 1
87 37 433 1
49 59 382 1
59 49 382 1
0 1 800 1
1 0 800 1
18 62 706 1
62 18 706 1
33 77 332 1
77 33 332 1
54 78 385 1
78 54 385 1
72 75 453 1
75 72 453 1
15 24 514 1
24 15 514 1
38 107 545 1
107 38 545 1
45 69 625 1
69 45 625 1
98 112 277 1
112 98 277 1
48 69 703 1
69 48 703 1
59 107 1064 1
107 59 1064 1
7 73 434 1
73 7 434 1
8 22 480 1
22 8 480 1
19 60 706 1
60 19 706 1
97 109 174 1
109 97 174 1
34 58 424 1
58 34 424 1
75 79 318 1
79 75 318 1
44 69 648 1
69 44 648 1
46 51 585 1
51 46 585 1
54 101 738 1
101 54 738 1
101 111 463 1
111 101 463 1
10 77 693 1
77 10 693 1
46 54 354 1
54 46 354 1
54 74 471 1
74 54 471 1
90 111 396 1
111 90 396 1
14 83 858 1
83 14 858 1
36 70 395 1
70 36 395 1
51 58 753 1
58 51 753 1
68 86 1151 1
86 68 1151 1
20 55 690 1
55 20 690 1
20 75 348 1
75 20 348 1
77 78 550 1
78 77 550 1
32 44 667 1
44 32 667 1
82 83 881 1
83 82 881 1
85 97 439 1
97 85 439 1
73 83 298 1
83 73 298 1
14 88 613 1
88 14 613 1
39 97 289 1
97 39 289 1
78 113 766 1
113 78 766 1
94 98 264 1
98 94 264 1
6 70 405 1
70 6 405 1
16 110 683 1
110 16 683 1
29 87 356 1
87 29 356 1
105 112 319 1
112 105 319 1
10 22 580 1
22 10 580 1
21 74 343 1
74 21 343 1
38 92 603 1
92 38 603 1
48 62 640 1
62 48 640 1
51 60 912 1
60 51 912 1
71 76 392 1
76 71 392 1
89 100 936 1
100 89 936 1
49 61 452 1
61 49 452 1
75 89 504 1
89 75 504 1
92 100 157 1
100 92 157 1
98 102 260 1
102 98 260 1
36 41 570 1
41 36 570 1
40 71 481 1
71 40 481 1
10 70 382 1
70 10 382 1
26 39 604 1
39 26 604 1
26 107 808 1
107 26 808 1
27 107 753 1
107 27 753 1
39 100 771 1
100 39 771 1
55 79 394 1
79 55 394 1
36 104 476 1
104 36 476 1
87 107 525 1
107 87 525 1
100 106 280 1
106 100 280 1
36 101 815 1
101 36 815 1
43 111 293 1
111 43 293 1
49 69 641 1
69 49 641 1
54 100 319 1
100 54 319 1
33 80 703 1
80 33 703 1
40 55 690 1
55 40 690 1
111 115 269 1
115 111 269 1
52 91 777 1
91 52 777 1
53 91 265 1
91 53 265 1
79 96 717 1
96 79 717 1
97 110 221 1
110 97 221 1
101 112 405 1
112 101 405 1
20 72 238 1
72 20 238 1
31 37 658 1
37 31 658 1
46 50 303 1
50 46 303 1
59 87 1210 1
87 59 1210 1
88 103 842 1
103 88 842 1
95 96 288 1
96 95 288 1
6 28 413 1
28 6 413 1
8 15 741 1
15 8 741 1
34 35 126 1
35 34 126 1
51 61 458 1
61 51 458 1
84 88 224 1
88 84 224 1
107 111 490 1
111 107 490 1
5 83 447 1
83 5 447 1
8 21 536 1
21 8 536 1
96 115 214 1
115 96 214 1
110 113 304 1
113 110 304 1
22 71 471 1
71 22 471 1
74 94 426 1
94 74 426 1
99 103 258 1
103 99 258 1
104 114 171 1
114 104 171 1
2 25 585 1
25 2 585 1
11 23 552 1
23 11 552 1
17 63 324 1
63 17 324 1
42 112 333 1
112 42 333 1
52 76 677 1
76 52 677 1
96 105 387 1
105 96 387 1
3 70 520 1
70 3 520 1
20 74 213 1
74 20 213 1
37 77 246 1
77 37 246 1
64 66 392 1
66 64 392 1
39 82 719 1
82 39 719 1
47 111 188 1
111 47 188 1
54 105 491 1
105 54 491 1
108 113 292 1
113 108 292 1
54 93 721 1
93 54 721 1
89 106 787 1
106 89 787 1
90 96 335 1
96 90 335 1
8 70 477 1
70 8 477 1
29 108 631 1
108 29 631 1
77 96 456 1
96 77 456 1
79 84 1035 1
84 79 1035 1
87 106 830 1
106 87 830 1
91 111 390 1
111 91 390 1
105 111 367 1
111 105 367 1
52 78 622 1
78 52 622 1
7 12 856 1
12 7 856 1
63 79 303 1
79 63 303 1
0 3 712 1
3 0 712 1
33 76 380 1
76 33 380 1
41 97 446 1
97 41 446 1
48 61 765 1
61 48 765 1
54 94 226 1
94 54 226 1
58 87 1355 1
87 58 1355 1
98 105 417 1
105 98 417 1
90 103 653 1
103 90 653 1
92 112 325 1
112 92 325 1
10 52 956 1
52 10 956 1
20 24 393 1
24 20 393 1
25 59 1318 1
59 25 1318 1
35 42 425 1
42 35 425 1
36 102 505 1
102 36 505 1
41 105 605 1
105 41 605 1
54 90 282 1
90 54 282 1
56 68 408 1
68 56 408 1
93 94 560 1
94 93 560 1
93 108 478 1
108 93 478 1
98 104 286 1
104 98 286 1
13 81 530 1
81 13 530 1
1 33 355 1
33 1 355 1
5 59 1317 1
59 5 1317 1
7 10 896 1
10 7 896 1
37 115 443 1
115 37 443 1
18 60 647 1
60 18 647 1
53 115 576 1
115 53 576 1
88 101 935 1
101 88 935 1
93 105 305 1
105 93 305 1
35 65 453 1
65 35 453 1
49 62 929 1
62 49 929 1
53 55 448 1
55 53 448 1
101 114 359 1
114 101 359 1
18 64 805 1
64 18 805 1
25 82 617 1
82 25 617 1
36 82 401 1
82 36 401 1
42 52 325 1
52 42 325 1
46 93 585 1
93 46 585 1
54 106 240 1
106 54 240 1
75 85 521 1
85 75 521 1
4 39 755 1
39 4 755 1
11 85 574 1
85 11 574 1
12 36 597 1
36 12 597 1
35 110 305 1
110 35 305 1
36 98 402 1
98 36 402 1
55 73 498 1
73 55 498 1
55 113 437 1
113 55 437 1
75 83 351 1
83 75 351 1
96 103 531 1
103 96 531 1
54 89 853 1
89 54 853 1
93 102 600 1
102 93 600 1
14 22 562 1
22 14 562 1
75 87 423 1
87 75 423 1
91 98 616 1
98 91 616 1
56 61 920 1
61 56 920 1
11 37 515 1
37 11 515 1
40 92 757 1
92 40 757 1
41 85 509 1
85 41 509 1
105 114 152 1
114 105 152 1
33 71 374 1
71 33 374 1
40 100 662 1
100 40 662 1
60 67 538 1
67 60 538 1
95 100 576 1
100 95 576 1
96 101 608 1
101 96 608 1
7 83 551 1
83 7 551 1
105 109 371 1
109 105 371 1
29 40 655 1
40 29 655 1
36 111 534 1
111 36 534 1
44 59 517 1
59 44 517 1
79 97 479 1
97 79 479 1
99 102 560 1
102 99 560 1
13 41 490 1
41 13 490 1
70 77 376 1
77 70 376 1
14 27 449 1
27 14 449 1
17 33 512 1
33 17 512 1
29 72 629 1
72 29 629 1
64 78 491 1
78 64 491 1
16 77 611 1
77 16 611 1
17 30 703 1
30 17 703 1
52 93 761 1
93 52 761 1
52 113 478 1
113 52 478 1
53 85 491 1
85 53 491 1
90 100 182 1
100 90 182 1
3 15 589 1
15 3 589 1
12 71 631 1
71 12 631 1
76 94 331 1
94 76 331 1
12 80 516 1
80 12 516 1
51 69 746 1
69 51 746 1
89 92 938 1
92 89 938 1
95 113 351 1
113 95 351 1
13 74 757 1
74 13 757 1
31 83 561 1
83 31 561 1
39 99 432 1
99 39 432 1
87 108 698 1
108 87 698 1
32 48 714 1
48 32 714 1
45 47 345 1
47 45 345 1
46 109 326 1
109 46 326 1
16 18 646 1
18 16 646 1
46 48 368 1
48 46 368 1
70 83 652 1
83 70 652 1
89 109 541 1
109 89 541 1
21 75 222 1
75 21 222 1
37 96 506 1
96 37 506 1
39 54 618 1
54 39 618 1
87 115 746 1
115 87 746 1
99 107 302 1
107 99 302 1
24 59 1364 1
59 24 1364 1
26 83 578 1
83 26 578 1
66 87 1186 1
87 66 1186 1
3 83 681 1
83 3 681 1
12 40 490 1
40 12 490 1
66 86 1121 1
86 66 1121 1
43 62 845 1
62 43 845 1
54 95 438 1
95 54 438 1
57 69 378 1
69 57 378 1
100 108 467 1
108 100 467 1
4 41 642 1
41 4 642 1
10 71 639 1
71 10 639 1
26 87 560 1
87 26 560 1
38 100 515 1
100 38 515 1
47 51 339 1
51 47 339 1
67 105 903 1
105 67 903 1
72 73 517 1
73 72 517 1
77 88 709 1
88 77 709 1
16 64 567 1
64 16 567 1
66 115 807 1
115 66 807 1
36 93 804 1
93 36 804 1
46 92 368 1
92 46 368 1
56 59 788 1
59 56 788 1
74 79 666 1
79 74 666 1
90 97 593 1
97 90 593 1
103 114 282 1
114 103 282 1
35 91 647 1
91 35 647 1
38 95 382 1
95 38 382 1
43 56 867 1
56 43 867 1
43 64 667 1
64 43 667 1
44 46 353 1
46 44 353 1
76 96 361 1
96 76 361 1
88 93 930 1
93 88 930 1
101 113 350 1
113 101 350 1
113 115 188 1
115 113 188 1
51 68 868 1
68 51 868 1
54 80 402 1
80 54 402 1
56 67 623 1
67 56 623 1
70 76 285 1
76 70 285 1
100 113 356 1
113 100 356 1
27 83 450 1
83 27 450 1
38 113 550 1
113 38 550 1
40 76 327 1
76 40 327 1
74 81 792 1
81 74 792 1
0 78 431 1
78 0 431 1
3 10 768 1
10 3 768 1
31 41 528 1
41 31 528 1
39 96 494 1
96 39 494 1
71 85 660 1
85 71 660 1
76 79 567 1
79 76 567 1
14 82 179 1
82 14 179 1
26 69 1109 1
69 26 1109 1
36 100 531 1
100 36 531 1
55 112 466 1
112 55 466 1
97 101 398 1
101 97 398 1
3 17 565 1
17 3 565 1
33 62 690 1
62 33 690 1
90 104 351 1
104 90 351 1
4 12 434 1
12 4 434 1
12 31 545 1
31 12 545 1
36 103 729 1
103 36 729 1
47 67 492 1
67 47 492 1
59 105 1100 1
105 59 1100 1
93 115 401 1
115 93 401 1
36 106 343 1
106 36 343 1
41 70 482 1
70 41 482 1
89 98 818 1
98 89 818 1
5 82 673 1
82 5 673 1
34 56 491 1
56 34 491 1
38 94 246 1
94 38 246 1
46 49 541 1
49 46 541 1
56 65 961 1
65 56 961 1
65 68 707 1
68 65 707 1
93 107 357 1
107 93 357 1
0 80 485 1
80 0 485 1
91 97 336 1
97 91 336 1
113 114 95 1
114 113 95 1
1 13 546 1
13 1 546 1
3 5 603 1
5 3 603 1
4 59 1372 1
59 4 1372 1
21 24 413 1
24 21 413 1
24 83 669 1
83 24 669 1
53 67 640 1
67 53 640 1
74 96 467 1
96 74 467 1
78 96 453 1
96 78 453 1
104 108 301 1
108 104 301 1
45 59 413 1
59 45 413 1
69 107 1110 1
107 69 1110 1
4 31 397 1
31 4 397 1
21 107 601 1
107 21 601 1
22 26 505 1
26 22 505 1
74 88 485 1
88 74 485 1
104 113 229 1
113 104 229 1
3 9 596 1
9 3 596 1
8 20 420 1
20 8 420 1
64 80 500 1
80 64 500 1
88 94 422 1
94 88 422 1
5 22 506 1
22 5 506 1
21 22 558 1
22 21 558 1
31 81 775 1
81 31 775 1
36 99 637 1
99 36 637 1
41 100 894 1
100 41 894 1
58 104 1061 1
104 58 1061 1
70 106 687 1
106 70 687 1
21 106 670 1
106 21 670 1
40 106 412 1
106 40 412 1
59 109 798 1
109 59 798 1
84 92 597 1
92 84 597 1
7 75 499 1
75 7 499 1
14 30 414 1
30 14 414 1
32 80 590 1
80 32 590 1
55 92 735 1
92 55 735 1
77 94 396 1
94 77 396 1
8 38 679 1
38 8 679 1
8 59 1427 1
59 8 1427 1
88 106 334 1
106 88 334 1
19 22 594 1
22 19 594 1
20 88 611 1
88 20 611 1
54 79 860 1
79 54 860 1
18 56 478 1
56 18 478 1
22 27 524 1
27 22 524 1
91 112 368 1
112 91 368 1
12 21 630 1
21 12 630 1
25 30 292 1
30 25 292 1
38 97 469 1
97 38 469 1
43 112 376 1
112 43 376 1
46 91 577 1
91 46 577 1
74 84 507 1
84 74 507 1
80 88 313 1
88 80 313 1
89 93 471 1
93 89 471 1
21 72 388 1
72 21 388 1
21 73 247 1
73 21 247 1
45 64 610 1
64 45 610 1
74 82 336 1
82 74 336 1
21 108 562 1
108 21 562 1
23 71 443 1
71 23 443 1
32 42 728 1
42 32 728 1
51 56 1024 1
56 51 1024 1
58 61 717 1
61 58 717 1
77 80 662 1
80 77 662 1
92 105 456 1
105 92 456 1
16 19 740 1
19 16 740 1
32 49 731 1
49 32 731 1
36 80 330 1
80 36 330 1
38 112 604 1
112 38 604 1
73 87 395 1
87 73 395 1
80 94 538 1
94 80 538 1
80 113 810 1
113 80 810 1
89 90 968 1
90 89 968 1
91 106 697 1
106 91 697 1
103 112 375 1
112 103 375 1
106 112 479 1
112 106 479 1
10 19 724 1
19 10 724 1
12 20 477 1
20 12 477 1
21 23 542 1
23 21 542 1
27 58 1265 1
58 27 1265 1
28 102 802 1
102 28 802 1
62 78 287 1
78 62 287 1
89 91 402 1
91 89 402 1
94 105 354 1
105 94 354 1
110 112 272 1
112 110 272 1
5 23 453 1
23 5 453 1
18 23 573 1
23 18 573 1
20 71 311 1
71 20 311 1
53 111 406 1
111 53 406 1
6 78 581 1
78 6 581 1
27 30 343 1
30 27 343 1
38 98 432 1
98 38 432 1
38 111 560 1
111 38 560 1
94 99 399 1
99 94 399 1
99 114 265 1
114 99 265 1
101 115 407 1
115 101 407 1
30 37 688 1
37 30 688 1
39 103 503 1
103 39 503 1
107 109 392 1
109 107 392 1
2 24 548 1
24 2 548 1
12 74 431 1
74 12 431 1
14 40 342 1
40 14 342 1
15 39 506 1
39 15 506 1
37 105 506 1
105 37 506 1
39 101 561 1
101 39 561 1
96 100 371 1
100 96 371 1
102 112 391 1
112 102 391 1
59 112 915 1
112 59 915 1
0 61 943 1
61 0 943 1
11 74 727 1
74 11 727 1
27 66 1140 1
66 27 1140 1
32 45 684 1
45 32 684 1
77 84 711 1
84 77 711 1
90 114 392 1
114 90 392 1
30 41 563 1
41 30 563 1
52 53 746 1
53 52 746 1
55 74 679 1
74 55 679 1
58 100 1047 1
100 58 1047 1
55 102 675 1
102 55 675 1
89 112 666 1
112 89 666 1
93 106 650 1
106 93 650 1
109 111 273 1
111 109 273 1
4 106 861 1
106 4 861 1
15 59 1185 1
59 15 1185 1
27 31 339 1
31 27 339 1
39 75 260 1
75 39 260 1
54 107 612 1
107 54 612 1
69 105 1158 1
105 69 1158 1
97 106 471 1
106 97 471 1
1 61 385 1
61 1 385 1
12 84 664 1
84 12 664 1
30 83 641 1
83 30 641 1
38 108 316 1
108 38 316 1
66 112 753 1
112 66 753 1
84 113 718 1
113 84 718 1
90 102 246 1
102 90 246 1
9 83 411 1
83 9 411 1
48 68 728 1
68 48 728 1
74 108 474 1
108 74 474 1
1 10 979 1
10 1 979 1
21 55 604 1
55 21 604 1
31 77 552 1
77 31 552 1
54 77 571 1
77 54 571 1
89 101 462 1
101 89 462 1
90 106 378 1
106 90 378 1
55 101 371 1
101 55 371 1
78 94 474 1
94 78 474 1
91 108 473 1
108 91 473 1
93 114 346 1
114 93 346 1
8 30 385 1
30 8 385 1
20 95 541 1
95 20 541 1
83 106 894 1
106 83 894 1
96 106 277 1
106 96 277 1
103 108 420 1
108 103 420 1
1 77 531 1
77 1 531 1
22 83 792 1
83 22 792 1
26 108 761 1
108 26 761 1
37 100 814 1
100 37 814 1
40 75 477 1
75 40 477 1
61 66 546 1
66 61 546 1
86 87 805 1
87 86 805 1
28 33 585 1
33 28 585 1
31 33 517 1
33 31 517 1
39 87 370 1
87 39 370 1
78 88 352 1
88 78 352 1
94 95 213 1
95 94 213 1
1 81 501 1
81 1 501 1
8 69 1192 1
69 8 1192 1
28 113 881 1
113 28 881 1
30 77 559 1
77 30 559 1
34 59 511 1
59 34 511 1
47 112 265 1
112 47 265 1
74 113 753 1
113 74 753 1
41 59 995 1
59 41 995 1
44 61 662 1
61 44 662 1
80 96 505 1
96 80 505 1
85 95 486 1
95 85 486 1
16 62 313 1
62 16 313 1
22 75 633 1
75 22 633 1
37 40 562 1
40 37 562 1
43 69 724 1
69 43 724 1
55 93 359 1
93 55 359 1
74 87 714 1
87 74 714 1
82 107 847 1
107 82 847 1
100 115 381 1
115 100 381 1
10 110 856 1
110 10 856 1
20 54 606 1
54 20 606 1
24 69 1148 1
69 24 1148 1
25 70 480 1
70 25 480 1
99 110 299 1
110 99 299 1
41 101 711 1
101 41 711 1
58 112 884 1
112 58 884 1
62 80 268 1
80 62 268 1
88 104 496 1
104 88 496 1
14 106 722 1
106 14 722 1
19 64 848 1
64 19 848 1
45 68 715 1
68 45 715 1
91 104 542 1
104 91 542 1
36 37 542 1
37 36 542 1
76 110 394 1
110 76 394 1
