116 2668
95 108 123 1
108 95 123 1
97 99 180 1
99 97 180 1
29 73 113 1
73 29 113 1
95 97 97 1
97 95 97 1
30 31 127 1
31 30 127 1
8 14 205 1
14 8 205 1
94 109 127 1
109 94 127 1
9 15 219 1
15 9 219 1
18 68 315 1
68 18 315 1
38 39 465 1
39 38 465 1
105 107 233 1
107 105 233 1
20 21 185 1
21 20 185 1
72 74 76 1
74 72 76 1
11 17 224 1
17 11 224 1
8 9 638 1
9 8 638 1
97 108 170 1
108 97 170 1
91 92 669 1
92 91 669 1
14 15 772 1
15 14 772 1
96 109 176 1
109 96 176 1
44 45 194 1
45 44 194 1
28 72 116 1
72 28 116 1
44 49 304 1
49 44 304 1
17 63 324 1
63 17 324 1
73 75 84 1
75 73 84 1
80 81 1113 1
81 80 1113 1
112 113 116 1
113 112 116 1
26 27 135 1
27 26 135 1
29 72 629 1
72 29 629 1
78 80 116 1
80 78 116 1
4 9 500 1
9 4 500 1
54 89 853 1
89 54 853 1
18 19 147 1
19 18 147 1
78 81 1002 1
81 78 1002 1
19 68 313 1
68 19 313 1
47 110 210 1
110 47 210 1
76 77 238 1
77 76 238 1
111 112 111 1
112 111 111 1
29 74 571 1
74 29 571 1
38 55 598 1
55 38 598 1
90 98 163 1
98 90 163 1
73 74 458 1
74 73 458 1
10 11 986 1
11 10 986 1
16 80 152 1
80 16 152 1
48 50 202 1
50 48 202 1
11 63 488 1
63 11 488 1
39 89 325 1
89 39 325 1
73 76 450 1
76 73 450 1
40 41 506 1
41 40 506 1
16 17 998 1
17 16 998 1
45 49 111 1
49 45 111 1
5 27 165 1
27 5 165 1
29 76 555 1
76 29 555 1
46 96 270 1
96 46 270 1
39 55 254 1
55 39 254 1
58 59 496 1
59 58 496 1
28 80 329 1
80 28 329 1
108 109 87 1
109 108 87 1
37 40 562 1
40 37 562 1
90 92 135 1
92 90 135 1
105 115 176 1
115 105 176 1
8 15 741 1
15 8 741 1
9 14 725 1
14 9 725 1
95 109 146 1
109 95 146 1
54 55 651 1
55 54 651 1
72 78 300 1
78 72 300 1
110 111 172 1
111 110 172 1
37 41 217 1
41 37 217 1
4 8 148 1
8 4 148 1
10 13 1004 1
13 10 1004 1
111 113 191 1
113 111 191 1
55 89 213 1
89 55 213 1
17 79 135 1
79 17 135 1
54 88 224 1
88 54 224 1
94 96 89 1
96 94 89 1
72 76 257 1
76 72 257 1
96 108 167 1
108 96 167 1
47 99 231 1
99 47 231 1
29 75 189 1
75 29 189 1
34 35 126 1
35 34 126 1
28 78 272 1
78 28 272 1
0 56 174 1
56 0 174 1
70 71 263 1
71 70 263 1
52 53 746 1
53 52 746 1
16 62 313 1
62 16 313 1
42 43 239 1
43 42 239 1
10 16 218 1
16 10 218 1
43 47 146 1
47 43 146 1
45 67 282 1
67 45 282 1
46 53 547 1
53 46 547 1
72 73 517 1
73 72 517 1
28 81 975 1
81 28 975 1
4 5 350 1
5 4 350 1
94 108 97 1
108 94 97 1
36 38 122 1
38 36 122 1
42 47 281 1
47 42 281 1
91 93 118 1
93 91 118 1
55 99 216 1
99 55 216 1
101 102 595 1
102 101 595 1
2 6 165 1
6 2 165 1
21 75 222 1
75 21 222 1
60 61 893 1
61 60 893 1
42 46 173 1
46 42 173 1
63 80 1146 1
80 63 1146 1
4 24 144 1
24 4 144 1
36 37 542 1
37 36 542 1
5 9 157 1
9 5 157 1
8 24 258 1
24 8 258 1
28 29 741 1
29 28 741 1
17 80 1070 1
80 17 1070 1
38 54 263 1
54 38 263 1
18 32 279 1
32 18 279 1
96 110 214 1
110 96 214 1
109 110 135 1
110 109 135 1
72 80 384 1
80 72 384 1
88 89 1035 1
89 88 1035 1
14 26 321 1
26 14 321 1
28 79 847 1
79 28 847 1
38 89 763 1
89 38 763 1
13 31 424 1
31 13 424 1
20 26 232 1
26 20 232 1
46 52 244 1
52 46 244 1
59 107 1064 1
107 59 1064 1
1 57 172 1
57 1 172 1
9 24 385 1
24 9 385 1
68 69 164 1
69 68 164 1
36 40 213 1
40 36 213 1
74 76 203 1
76 74 203 1
11 16 1004 1
16 11 1004 1
39 54 618 1
54 39 618 1
95 96 288 1
96 95 288 1
19 32 289 1
32 19 289 1
28 74 188 1
74 28 188 1
32 33 149 1
33 32 149 1
106 107 486 1
107 106 486 1
49 51 172 1
51 49 172 1
29 80 961 1
80 29 961 1
55 97 173 1
97 55 173 1
70 73 402 1
73 70 402 1
92 98 220 1
98 92 220 1
74 75 389 1
75 74 389 1
96 114 265 1
114 96 265 1
10 17 1029 1
17 10 1029 1
70 72 158 1
72 70 158 1
11 13 168 1
13 11 168 1
16 28 220 1
28 16 220 1
41 102 822 1
102 41 822 1
99 110 299 1
110 99 299 1
111 114 232 1
114 111 232 1
17 81 182 1
81 17 182 1
27 59 1253 1
59 27 1253 1
29 70 512 1
70 29 512 1
5 8 493 1
8 5 493 1
31 71 265 1
71 31 265 1
52 54 402 1
54 52 402 1
99 111 265 1
111 99 265 1
103 113 295 1
113 103 295 1
16 78 122 1
78 16 122 1
16 63 1092 1
63 16 1092 1
92 93 608 1
93 92 608 1
28 76 345 1
76 28 345 1
46 109 326 1
109 46 326 1
63 78 1033 1
78 63 1033 1
102 113 317 1
113 102 317 1
47 111 188 1
111 47 188 1
56 57 840 1
57 56 840 1
48 51 548 1
51 48 548 1
90 91 735 1
91 90 735 1
94 110 220 1
110 94 220 1
95 99 272 1
99 95 272 1
15 26 469 1
26 15 469 1
47 98 442 1
98 47 442 1
17 28 894 1
28 17 894 1
53 55 448 1
55 53 448 1
16 81 1063 1
81 16 1063 1
97 110 221 1
110 97 221 1
99 108 310 1
108 99 310 1
112 114 196 1
114 112 196 1
20 27 271 1
27 20 271 1
12 13 959 1
13 12 959 1
73 77 274 1
77 73 274 1
2 48 1199 1
48 2 1199 1
24 25 135 1
25 24 135 1
29 30 533 1
30 29 533 1
37 110 431 1
110 37 431 1
65 67 361 1
67 65 361 1
5 59 1317 1
59 5 1317 1
59 106 1174 1
106 59 1174 1
23 25 373 1
25 23 373 1
100 106 280 1
106 100 280 1
79 80 991 1
80 79 991 1
72 81 860 1
81 72 860 1
97 111 292 1
111 97 292 1
98 99 479 1
99 98 479 1
32 68 304 1
68 32 304 1
35 67 262 1
67 35 262 1
43 45 199 1
45 43 199 1
66 67 177 1
67 66 177 1
30 73 455 1
73 30 455 1
53 109 560 1
109 53 560 1
1 3 446 1
3 1 446 1
26 59 1291 1
59 26 1291 1
44 48 114 1
48 44 114 1
97 109 174 1
109 97 174 1
2 67 952 1
67 2 952 1
27 89 807 1
89 27 807 1
76 81 691 1
81 76 691 1
59 105 1100 1
105 59 1100 1
4 15 597 1
15 4 597 1
17 78 955 1
78 17 955 1
62 63 1134 1
63 62 1134 1
37 47 493 1
47 37 493 1
77 79 329 1
79 77 329 1
15 27 336 1
27 15 336 1
62 78 287 1
78 62 287 1
79 81 136 1
81 79 136 1
16 79 934 1
79 16 934 1
42 98 381 1
98 42 381 1
13 30 546 1
30 13 546 1
47 97 280 1
97 47 280 1
3 23 271 1
23 3 271 1
59 66 363 1
66 59 363 1
96 98 184 1
98 96 184 1
109 114 278 1
114 109 278 1
46 115 378 1
115 46 378 1
91 99 166 1
99 91 166 1
78 79 878 1
79 78 878 1
96 97 322 1
97 96 322 1
43 44 290 1
44 43 290 1
1 19 351 1
19 1 351 1
50 51 698 1
51 50 698 1
94 114 259 1
114 94 259 1
113 114 95 1
114 113 95 1
26 89 900 1
89 26 900 1
71 80 755 1
80 71 755 1
71 75 163 1
75 71 163 1
28 31 545 1
31 28 545 1
50 52 243 1
52 50 243 1
84 85 1130 1
85 84 1130 1
14 27 449 1
27 14 449 1
21 71 214 1
71 21 214 1
48 49 410 1
49 48 410 1
42 44 208 1
44 42 208 1
27 88 863 1
88 27 863 1
5 26 263 1
26 5 263 1
71 78 647 1
78 71 647 1
91 98 616 1
98 91 616 1
93 103 173 1
103 93 173 1
108 114 218 1
114 108 218 1
46 98 212 1
98 46 212 1
105 114 152 1
114 105 152 1
101 113 350 1
113 101 350 1
10 25 735 1
25 10 735 1
94 104 298 1
104 94 298 1
63 81 293 1
81 63 293 1
4 14 255 1
14 4 255 1
4 27 279 1
27 4 279 1
12 30 419 1
30 12 419 1
22 24 386 1
24 22 386 1
62 80 268 1
80 62 268 1
94 95 213 1
95 94 213 1
2 50 1192 1
50 2 1192 1
5 15 278 1
15 5 278 1
29 81 342 1
81 29 342 1
5 22 506 1
22 5 506 1
29 77 357 1
77 29 357 1
76 78 312 1
78 76 312 1
70 74 155 1
74 70 155 1
9 26 419 1
26 9 419 1
11 80 1102 1
80 11 1102 1
28 77 540 1
77 28 540 1
58 106 1039 1
106 58 1039 1
71 73 163 1
73 71 163 1
50 67 562 1
67 50 562 1
52 55 814 1
55 52 814 1
80 84 162 1
84 80 162 1
29 78 851 1
78 29 851 1
72 75 453 1
75 72 453 1
97 112 339 1
112 97 339 1
70 76 285 1
76 70 285 1
8 26 300 1
26 8 300 1
22 23 140 1
23 22 140 1
11 64 1218 1
64 11 1218 1
36 85 845 1
85 36 845 1
53 89 552 1
89 53 552 1
75 76 374 1
76 75 374 1
6 91 1386 1
91 6 1386 1
34 66 268 1
66 34 268 1
11 79 342 1
79 11 342 1
108 110 194 1
110 108 194 1
45 65 388 1
65 45 388 1
90 105 516 1
105 90 516 1
71 81 550 1
81 71 550 1
48 67 417 1
67 48 417 1
58 66 198 1
66 58 198 1
4 26 161 1
26 4 161 1
7 22 454 1
22 7 454 1
58 93 1138 1
93 58 1138 1
5 83 447 1
83 5 447 1
36 41 570 1
41 36 570 1
58 107 1147 1
107 58 1147 1
43 110 298 1
110 43 298 1
96 115 214 1
115 96 214 1
109 115 211 1
115 109 211 1
74 80 415 1
80 74 415 1
3 18 417 1
18 3 417 1
3 88 1145 1
88 3 1145 1
14 82 179 1
82 14 179 1
7 8 828 1
8 7 828 1
5 14 572 1
14 5 572 1
30 74 403 1
74 30 403 1
99 100 610 1
100 99 610 1
40 102 619 1
102 40 619 1
53 96 662 1
96 53 662 1
34 103 810 1
103 34 810 1
97 98 437 1
98 97 437 1
107 115 298 1
115 107 298 1
76 80 424 1
80 76 424 1
110 113 304 1
113 110 304 1
13 17 364 1
17 13 364 1
40 81 874 1
81 40 874 1
46 108 360 1
108 46 360 1
17 62 1129 1
62 17 1129 1
9 59 1335 1
59 9 1335 1
36 55 626 1
55 36 626 1
69 107 1110 1
107 69 1110 1
73 80 850 1
80 73 850 1
53 54 818 1
54 53 818 1
97 100 590 1
100 97 590 1
33 79 486 1
79 33 486 1
37 95 241 1
95 37 241 1
108 111 286 1
111 108 286 1
6 92 1291 1
92 6 1291 1
2 91 1366 1
91 2 1366 1
52 98 272 1
98 52 272 1
72 79 733 1
79 72 733 1
114 115 96 1
115 114 96 1
71 72 402 1
72 71 402 1
96 105 387 1
105 96 387 1
103 112 375 1
112 103 375 1
8 115 1034 1
115 8 1034 1
31 80 848 1
80 31 848 1
65 71 835 1
71 65 835 1
99 112 272 1
112 99 272 1
9 27 309 1
27 9 309 1
17 76 648 1
76 17 648 1
37 97 271 1
97 37 271 1
42 52 325 1
52 42 325 1
54 106 240 1
106 54 240 1
73 85 516 1
85 73 516 1
20 88 611 1
88 20 611 1
30 76 537 1
76 30 537 1
33 77 332 1
77 33 332 1
0 19 488 1
19 0 488 1
30 70 259 1
70 30 259 1
47 96 412 1
96 47 412 1
74 113 753 1
113 74 753 1
27 54 856 1
54 27 856 1
4 83 726 1
83 4 726 1
29 79 257 1
79 29 257 1
28 73 629 1
73 28 629 1
30 77 559 1
77 30 559 1
47 55 367 1
55 47 367 1
18 88 1010 1
88 18 1010 1
20 38 349 1
38 20 349 1
46 114 362 1
114 46 362 1
51 59 486 1
59 51 486 1
59 90 1104 1
90 59 1104 1
10 12 181 1
12 10 181 1
11 28 875 1
28 11 875 1
46 47 309 1
47 46 309 1
59 89 931 1
89 59 931 1
71 76 392 1
76 71 392 1
0 1 800 1
1 0 800 1
8 27 425 1
27 8 425 1
30 72 390 1
72 30 390 1
61 65 175 1
65 61 175 1
70 75 355 1
75 70 355 1
70 77 376 1
77 70 376 1
75 77 210 1
77 75 210 1
20 89 778 1
89 20 778 1
69 92 1197 1
92 69 1197 1
76 79 567 1
79 76 567 1
105 109 371 1
109 105 371 1
99 113 264 1
113 99 264 1
26 107 808 1
107 26 808 1
31 77 552 1
77 31 552 1
63 79 303 1
79 63 303 1
46 95 451 1
95 46 451 1
61 106 1151 1
106 61 1151 1
8 22 480 1
22 8 480 1
28 30 436 1
30 28 436 1
39 88 762 1
88 39 762 1
58 105 1107 1
105 58 1107 1
110 112 272 1
112 110 272 1
53 98 671 1
98 53 671 1
95 110 248 1
110 95 248 1
2 58 959 1
58 2 959 1
35 66 331 1
66 35 331 1
1 56 851 1
56 1 851 1
10 28 213 1
28 10 213 1
108 112 335 1
112 108 335 1
59 88 1182 1
88 59 1182 1
53 94 658 1
94 53 658 1
69 104 1167 1
104 69 1167 1
11 31 475 1
31 11 475 1
13 16 1048 1
16 13 1048 1
41 100 894 1
100 41 894 1
37 102 749 1
102 37 749 1
45 48 304 1
48 45 304 1
29 71 259 1
71 29 259 1
42 45 300 1
45 42 300 1
42 96 429 1
96 42 429 1
4 22 457 1
22 4 457 1
4 59 1372 1
59 4 1372 1
21 88 754 1
88 21 754 1
12 77 756 1
77 12 756 1
50 65 837 1
65 50 837 1
77 101 754 1
101 77 754 1
21 85 716 1
85 21 716 1
34 64 445 1
64 34 445 1
37 96 506 1
96 37 506 1
47 109 317 1
109 47 317 1
74 78 322 1
78 74 322 1
95 112 395 1
112 95 395 1
11 81 403 1
81 11 403 1
13 76 778 1
76 13 778 1
31 33 517 1
33 31 517 1
95 114 280 1
114 95 280 1
29 31 454 1
31 29 454 1
32 66 416 1
66 32 416 1
1 18 493 1
18 1 493 1
27 52 1228 1
52 27 1228 1
30 71 303 1
71 30 303 1
58 60 266 1
60 58 266 1
47 91 332 1
91 47 332 1
58 89 1156 1
89 58 1156 1
91 94 561 1
94 91 561 1
98 105 417 1
105 98 417 1
1 68 549 1
68 1 549 1
9 22 564 1
22 9 564 1
24 66 1233 1
66 24 1233 1
3 27 634 1
27 3 634 1
10 63 1159 1
63 10 1159 1
31 78 755 1
78 31 755 1
87 97 649 1
97 87 649 1
91 110 456 1
110 91 456 1
31 63 863 1
63 31 863 1
67 107 894 1
107 67 894 1
102 112 391 1
112 102 391 1
21 73 247 1
73 21 247 1
43 99 372 1
99 43 372 1
75 80 775 1
80 75 775 1
98 110 300 1
110 98 300 1
98 111 265 1
111 98 265 1
5 88 1026 1
88 5 1026 1
26 88 791 1
88 26 791 1
91 111 390 1
111 91 390 1
11 62 1169 1
62 11 1169 1
55 98 606 1
98 55 606 1
87 99 759 1
99 87 759 1
2 22 228 1
22 2 228 1
17 57 439 1
57 17 439 1
18 27 862 1
27 18 862 1
56 86 911 1
86 56 911 1
73 101 851 1
101 73 851 1
28 63 1049 1
63 28 1049 1
31 43 1106 1
43 31 1106 1
42 48 243 1
48 42 243 1
42 110 303 1
110 42 303 1
21 26 271 1
26 21 271 1
98 115 287 1
115 98 287 1
104 114 171 1
114 104 171 1
17 31 618 1
31 17 618 1
21 27 209 1
27 21 209 1
28 33 585 1
33 28 585 1
28 82 255 1
82 28 255 1
46 105 514 1
105 46 514 1
52 115 545 1
115 52 545 1
34 86 880 1
86 34 880 1
37 55 221 1
55 37 221 1
38 97 469 1
97 38 469 1
53 115 576 1
115 53 576 1
12 76 591 1
76 12 591 1
16 57 981 1
57 16 981 1
22 30 218 1
30 22 218 1
70 85 848 1
85 70 848 1
37 38 515 1
38 37 515 1
61 100 1241 1
100 61 1241 1
73 78 740 1
78 73 740 1
10 31 619 1
31 10 619 1
15 22 650 1
22 15 650 1
31 79 660 1
79 31 660 1
1 88 1198 1
88 1 1198 1
10 80 357 1
80 10 357 1
14 105 983 1
105 14 983 1
58 61 717 1
61 58 717 1
2 7 566 1
7 2 566 1
6 98 1088 1
98 6 1088 1
13 63 653 1
63 13 653 1
22 27 524 1
27 22 524 1
37 82 780 1
82 37 780 1
46 97 424 1
97 46 424 1
71 74 359 1
74 71 359 1
73 81 406 1
81 73 406 1
74 82 336 1
82 74 336 1
15 24 514 1
24 15 514 1
81 84 1146 1
84 81 1146 1
13 77 608 1
77 13 608 1
14 24 389 1
24 14 389 1
27 58 1265 1
58 27 1265 1
27 107 753 1
107 27 753 1
48 52 415 1
52 48 415 1
93 107 357 1
107 93 357 1
96 111 286 1
111 96 286 1
32 56 384 1
56 32 384 1
52 89 1027 1
89 52 1027 1
52 109 539 1
109 52 539 1
73 102 944 1
102 73 944 1
23 64 1238 1
64 23 1238 1
27 83 450 1
83 27 450 1
95 111 347 1
111 95 347 1
104 105 204 1
105 104 204 1
19 33 238 1
33 19 238 1
20 39 459 1
39 20 459 1
50 53 744 1
53 50 744 1
3 7 185 1
7 3 185 1
28 71 506 1
71 28 506 1
24 73 599 1
73 24 599 1
36 84 341 1
84 36 341 1
0 57 825 1
57 0 825 1
10 114 995 1
114 10 995 1
21 38 458 1
38 21 458 1
29 85 473 1
85 29 473 1
54 58 818 1
58 54 818 1
8 105 1137 1
105 8 1137 1
18 69 392 1
69 18 392 1
72 77 430 1
77 72 430 1
6 99 1231 1
99 6 1231 1
20 59 1099 1
59 20 1099 1
31 81 775 1
81 31 775 1
44 64 436 1
64 44 436 1
67 69 345 1
69 67 345 1
86 96 642 1
96 86 642 1
6 7 710 1
7 6 710 1
31 76 584 1
76 31 584 1
66 107 978 1
107 66 978 1
46 86 899 1
86 46 899 1
89 97 385 1
97 89 385 1
2 92 1350 1
92 2 1350 1
42 50 271 1
50 42 271 1
50 91 845 1
91 50 845 1
87 115 746 1
115 87 746 1
97 113 312 1
113 97 312 1
19 69 323 1
69 19 323 1
58 88 918 1
88 58 918 1
60 105 1068 1
105 60 1068 1
74 81 792 1
81 74 792 1
36 110 412 1
110 36 412 1
109 111 273 1
111 109 273 1
69 91 1081 1
91 69 1081 1
82 84 544 1
84 82 544 1
8 25 389 1
25 8 389 1
20 75 348 1
75 20 348 1
42 53 475 1
53 42 475 1
16 19 740 1
19 16 740 1
71 77 297 1
77 71 297 1
91 107 371 1
107 91 371 1
105 106 359 1
106 105 359 1
0 33 480 1
33 0 480 1
35 45 385 1
45 35 385 1
36 71 552 1
71 36 552 1
19 79 658 1
79 19 658 1
53 114 535 1
114 53 535 1
31 73 397 1
73 31 397 1
41 85 509 1
85 41 509 1
50 107 943 1
107 50 943 1
94 115 181 1
115 94 181 1
17 104 976 1
104 17 976 1
43 71 852 1
71 43 852 1
57 63 249 1
63 57 249 1
89 103 468 1
103 89 468 1
24 35 1010 1
35 24 1010 1
101 103 106 1
103 101 106 1
8 114 1127 1
114 8 1127 1
24 75 604 1
75 24 604 1
28 62 527 1
62 28 527 1
44 51 440 1
51 44 440 1
49 71 957 1
71 49 957 1
63 76 747 1
76 63 747 1
33 63 547 1
63 33 547 1
73 113 827 1
113 73 827 1
74 77 362 1
77 74 362 1
10 64 755 1
64 10 755 1
19 57 426 1
57 19 426 1
28 40 248 1
40 28 248 1
91 97 336 1
97 91 336 1
3 21 582 1
21 3 582 1
5 24 252 1
24 5 252 1
47 53 268 1
53 47 268 1
70 78 427 1
78 70 427 1
89 106 787 1
106 89 787 1
7 65 934 1
65 7 934 1
20 54 606 1
54 20 606 1
3 68 689 1
68 3 689 1
38 41 513 1
41 38 513 1
57 69 378 1
69 57 378 1
60 64 187 1
64 60 187 1
6 55 1131 1
55 6 1131 1
39 97 289 1
97 39 289 1
82 87 849 1
87 82 849 1
17 29 223 1
29 17 223 1
27 105 897 1
105 27 897 1
56 62 252 1
62 56 252 1
75 101 807 1
101 75 807 1
20 85 844 1
85 20 844 1
24 59 1364 1
59 24 1364 1
37 109 343 1
109 37 343 1
38 87 730 1
87 38 730 1
13 28 892 1
28 13 892 1
54 59 1020 1
59 54 1020 1
55 95 221 1
95 55 221 1
77 81 453 1
81 77 453 1
69 90 1119 1
90 69 1119 1
89 99 398 1
99 89 398 1
94 107 417 1
107 94 417 1
7 23 337 1
23 7 337 1
12 29 886 1
29 12 886 1
12 31 545 1
31 12 545 1
16 56 380 1
56 16 380 1
98 109 329 1
109 98 329 1
39 53 692 1
53 39 692 1
60 95 868 1
95 60 868 1
75 78 667 1
78 75 667 1
82 86 143 1
86 82 143 1
7 9 490 1
9 7 490 1
11 78 988 1
78 11 988 1
17 19 648 1
19 17 648 1
34 96 428 1
96 34 428 1
45 47 345 1
47 45 345 1
46 55 584 1
55 46 584 1
2 59 1058 1
59 2 1058 1
9 58 1436 1
58 9 1436 1
24 67 1223 1
67 24 1223 1
55 87 559 1
87 55 559 1
68 104 1183 1
104 68 1183 1
103 111 432 1
111 103 432 1
110 114 289 1
114 110 289 1
6 89 1224 1
89 6 1224 1
6 100 1229 1
100 6 1229 1
14 22 562 1
22 14 562 1
17 34 689 1
34 17 689 1
33 56 531 1
56 33 531 1
56 63 1014 1
63 56 1014 1
69 105 1158 1
105 69 1158 1
94 111 316 1
111 94 316 1
25 31 272 1
31 25 272 1
31 45 1171 1
45 31 1171 1
44 67 332 1
67 44 332 1
44 81 890 1
81 44 890 1
46 94 338 1
94 46 338 1
94 105 354 1
105 94 354 1
0 58 565 1
58 0 565 1
10 76 495 1
76 10 495 1
38 99 625 1
99 38 625 1
52 96 418 1
96 52 418 1
0 54 794 1
54 0 794 1
2 65 1144 1
65 2 1144 1
95 115 205 1
115 95 205 1
42 91 584 1
91 42 584 1
76 102 684 1
102 76 684 1
94 97 266 1
97 94 266 1
4 88 829 1
88 4 829 1
11 33 518 1
33 11 518 1
31 70 334 1
70 31 334 1
70 80 524 1
80 70 524 1
92 105 456 1
105 92 456 1
93 106 650 1
106 93 650 1
100 112 410 1
112 100 410 1
9 60 1369 1
60 9 1369 1
37 84 862 1
84 37 862 1
37 111 552 1
111 37 552 1
48 65 674 1
65 48 674 1
57 68 520 1
68 57 520 1
93 99 208 1
99 93 208 1
103 108 420 1
108 103 420 1
7 26 675 1
26 7 675 1
8 82 379 1
82 8 379 1
13 29 290 1
29 13 290 1
37 99 410 1
99 37 410 1
10 81 1126 1
81 10 1126 1
25 105 1085 1
105 25 1085 1
31 72 482 1
72 31 482 1
37 81 336 1
81 37 336 1
44 79 832 1
79 44 832 1
74 97 582 1
97 74 582 1
94 103 496 1
103 94 496 1
26 58 1249 1
58 26 1249 1
42 49 396 1
49 42 396 1
47 108 359 1
108 47 359 1
59 61 271 1
61 59 271 1
5 89 870 1
89 5 870 1
5 105 1032 1
105 5 1032 1
37 74 520 1
74 37 520 1
2 88 959 1
88 2 959 1
5 58 1366 1
58 5 1366 1
47 95 361 1
95 47 361 1
61 107 939 1
107 61 939 1
90 114 392 1
114 90 392 1
107 109 392 1
109 107 392 1
2 3 405 1
3 2 405 1
17 77 417 1
77 17 417 1
40 84 485 1
84 40 485 1
9 66 1299 1
66 9 1299 1
62 81 1169 1
81 62 1169 1
15 25 386 1
25 15 386 1
31 62 966 1
62 31 966 1
53 91 265 1
91 53 265 1
2 90 1252 1
90 2 1252 1
8 59 1427 1
59 8 1427 1
19 28 732 1
28 19 732 1
69 94 883 1
94 69 883 1
91 114 389 1
114 91 389 1
36 74 242 1
74 36 242 1
51 66 580 1
66 51 580 1
5 40 642 1
40 5 642 1
30 43 1104 1
43 30 1104 1
38 53 897 1
53 38 897 1
34 114 610 1
114 34 610 1
38 94 246 1
94 38 246 1
49 65 308 1
65 49 308 1
63 102 1192 1
102 63 1192 1
74 102 729 1
102 74 729 1
97 114 263 1
114 97 263 1
5 7 538 1
7 5 538 1
6 97 1055 1
97 6 1055 1
14 114 959 1
114 14 959 1
43 77 556 1
77 43 556 1
53 105 581 1
105 53 581 1
62 87 1274 1
87 62 1274 1
91 109 486 1
109 91 486 1
92 99 572 1
99 92 572 1
4 7 733 1
7 4 733 1
6 39 942 1
39 6 942 1
10 79 992 1
79 10 992 1
19 56 574 1
56 19 574 1
45 51 254 1
51 45 254 1
14 107 941 1
107 14 941 1
21 70 303 1
70 21 303 1
96 99 428 1
99 96 428 1
18 104 1201 1
104 18 1201 1
20 71 311 1
71 20 311 1
94 98 264 1
98 94 264 1
11 76 704 1
76 11 704 1
69 93 1169 1
93 69 1169 1
92 107 674 1
107 92 674 1
102 111 440 1
111 102 440 1
11 25 626 1
25 11 626 1
40 85 900 1
85 40 900 1
91 106 697 1
106 91 697 1
11 23 552 1
23 11 552 1
24 34 1021 1
34 24 1021 1
37 98 666 1
98 37 666 1
49 67 315 1
67 49 315 1
87 100 1075 1
100 87 1075 1
36 47 622 1
47 36 622 1
58 69 426 1
69 58 426 1
68 107 1166 1
107 68 1166 1
90 99 615 1
99 90 615 1
6 90 1185 1
90 6 1185 1
22 88 1044 1
88 22 1044 1
38 40 158 1
40 38 158 1
40 74 182 1
74 40 182 1
59 93 1026 1
93 59 1026 1
90 107 713 1
107 90 713 1
5 20 424 1
20 5 424 1
27 53 1217 1
53 27 1217 1
36 54 228 1
54 36 228 1
40 78 376 1
78 40 376 1
45 71 933 1
71 45 933 1
53 107 600 1
107 53 600 1
99 103 258 1
103 99 258 1
0 32 356 1
32 0 356 1
27 48 1308 1
48 27 1308 1
37 43 584 1
43 37 584 1
41 81 452 1
81 41 452 1
0 89 1205 1
89 0 1205 1
6 111 1170 1
111 6 1170 1
36 52 586 1
52 36 586 1
70 79 638 1
79 70 638 1
71 85 660 1
85 71 660 1
2 27 659 1
27 2 659 1
10 23 699 1
23 10 699 1
48 107 958 1
107 48 958 1
80 82 469 1
82 80 469 1
83 88 1071 1
88 83 1071 1
103 114 282 1
114 103 282 1
12 22 481 1
22 12 481 1
25 35 978 1
35 25 978 1
36 39 517 1
39 36 517 1
90 93 690 1
93 90 690 1
9 108 974 1
108 9 974 1
14 58 1155 1
58 14 1155 1
22 25 402 1
25 22 402 1
36 82 401 1
82 36 401 1
52 88 542 1
88 52 542 1
87 91 820 1
91 87 820 1
91 108 473 1
108 91 473 1
6 87 1046 1
87 6 1046 1
38 85 837 1
85 38 837 1
40 80 433 1
80 40 433 1
44 71 961 1
71 44 961 1
75 81 434 1
81 75 434 1
12 73 783 1
73 12 783 1
17 72 781 1
72 17 781 1
21 39 356 1
39 21 356 1
32 60 487 1
60 32 487 1
10 60 650 1
60 10 650 1
18 23 573 1
23 18 573 1
45 50 474 1
50 45 474 1
50 106 751 1
106 50 751 1
100 110 522 1
110 100 522 1
9 105 1106 1
105 9 1106 1
13 80 1155 1
80 13 1155 1
14 115 869 1
115 14 869 1
26 53 1271 1
53 26 1271 1
27 51 1246 1
51 27 1246 1
38 95 382 1
95 38 382 1
63 71 659 1
71 63 659 1
104 107 401 1
107 104 401 1
0 63 1010 1
63 0 1010 1
5 54 1015 1
54 5 1015 1
7 30 462 1
30 7 462 1
18 52 1125 1
52 18 1125 1
24 30 283 1
30 24 283 1
30 102 1111 1
102 30 1111 1
35 104 705 1
104 35 705 1
38 86 366 1
86 38 366 1
47 94 415 1
94 47 415 1
98 108 315 1
108 98 315 1
5 51 1334 1
51 5 1334 1
9 95 899 1
95 9 899 1
14 83 858 1
83 14 858 1
16 68 706 1
68 16 706 1
72 99 831 1
99 72 831 1
82 95 720 1
95 82 720 1
0 39 963 1
39 0 963 1
1 63 334 1
63 1 334 1
15 105 941 1
105 15 941 1
21 89 648 1
89 21 648 1
65 106 1085 1
106 65 1085 1
74 101 945 1
101 74 945 1
81 102 1052 1
102 81 1052 1
90 115 420 1
115 90 420 1
93 108 478 1
108 93 478 1
0 102 1108 1
102 0 1108 1
1 32 484 1
32 1 484 1
22 26 505 1
26 22 505 1
25 84 1066 1
84 25 1066 1
48 59 599 1
59 48 599 1
48 106 864 1
106 48 864 1
50 69 818 1
69 50 818 1
68 109 832 1
109 68 832 1
90 104 351 1
104 90 351 1
16 72 287 1
72 16 287 1
30 33 526 1
33 30 526 1
31 74 479 1
74 31 479 1
46 110 220 1
110 46 220 1
52 105 664 1
105 52 664 1
55 91 297 1
91 55 297 1
61 66 546 1
66 61 546 1
61 105 1028 1
105 61 1028 1
64 104 887 1
104 64 887 1
93 105 305 1
105 93 305 1
108 115 135 1
115 108 135 1
42 99 482 1
99 42 482 1
66 105 960 1
105 66 960 1
96 104 297 1
104 96 297 1
12 28 275 1
28 12 275 1
35 69 473 1
69 35 473 1
47 87 906 1
87 47 906 1
47 92 568 1
92 47 568 1
52 90 240 1
90 52 240 1
64 114 838 1
114 64 838 1
91 105 371 1
105 91 371 1
92 111 381 1
111 92 381 1
0 101 1354 1
101 0 1354 1
23 88 1119 1
88 23 1119 1
49 70 1008 1
70 49 1008 1
51 52 786 1
52 51 786 1
53 90 787 1
90 53 787 1
56 89 1199 1
89 56 1199 1
61 69 456 1
69 61 456 1
66 93 972 1
93 66 972 1
91 103 258 1
103 91 258 1
1 86 1182 1
86 1 1182 1
2 106 1085 1
106 2 1085 1
20 36 396 1
36 20 396 1
32 96 657 1
96 32 657 1
42 92 498 1
92 42 498 1
77 80 662 1
80 77 662 1
6 106 1024 1
106 6 1024 1
32 69 338 1
69 32 338 1
36 109 326 1
109 36 326 1
44 65 564 1
65 44 564 1
75 103 753 1
103 75 753 1
99 109 321 1
109 99 321 1
17 86 1035 1
86 17 1035 1
43 46 341 1
46 43 341 1
6 48 1184 1
48 6 1184 1
18 54 967 1
54 18 967 1
39 99 432 1
99 39 432 1
55 100 739 1
100 55 739 1
108 113 292 1
113 108 292 1
15 23 561 1
23 15 561 1
38 52 654 1
52 38 654 1
76 101 848 1
101 76 848 1
3 64 1134 1
64 3 1134 1
10 82 401 1
82 10 401 1
12 101 1369 1
101 12 1369 1
44 78 731 1
78 44 731 1
28 84 456 1
84 28 456 1
9 115 1058 1
115 9 1058 1
15 104 1023 1
104 15 1023 1
29 84 1027 1
84 29 1027 1
34 74 510 1
74 34 510 1
69 83 1050 1
83 69 1050 1
25 107 938 1
107 25 938 1
55 106 607 1
106 55 607 1
67 106 941 1
106 67 941 1
94 112 366 1
112 94 366 1
20 55 690 1
55 20 690 1
23 31 199 1
31 23 199 1
23 104 1270 1
104 23 1270 1
28 70 247 1
70 28 247 1
31 101 1215 1
101 31 1215 1
73 79 296 1
79 73 296 1
88 106 334 1
106 88 334 1
109 112 348 1
112 109 348 1
0 41 952 1
41 0 952 1
14 66 1094 1
66 14 1094 1
18 105 1215 1
105 18 1215 1
31 44 1185 1
44 31 1185 1
50 92 549 1
92 50 549 1
74 95 497 1
95 74 497 1
13 81 530 1
81 13 530 1
17 64 1130 1
64 17 1130 1
34 76 309 1
76 34 309 1
41 55 403 1
55 41 403 1
66 69 349 1
69 66 349 1
26 106 767 1
106 26 767 1
29 102 1018 1
102 29 1018 1
51 53 271 1
53 51 271 1
56 58 427 1
58 56 427 1
90 111 396 1
111 90 396 1
95 98 433 1
98 95 433 1
97 115 218 1
115 97 218 1
98 100 250 1
100 98 250 1
7 106 1176 1
106 7 1176 1
13 60 1245 1
60 13 1245 1
19 88 1069 1
88 19 1069 1
21 36 510 1
36 21 510 1
41 71 317 1
71 41 317 1
57 81 488 1
81 57 488 1
1 69 441 1
69 1 441 1
5 114 1065 1
114 5 1065 1
14 23 650 1
23 14 650 1
15 59 1185 1
59 15 1185 1
20 70 213 1
70 20 213 1
21 54 704 1
54 21 704 1
28 75 567 1
75 28 567 1
37 85 343 1
85 37 343 1
47 100 643 1
100 47 643 1
2 93 1417 1
93 2 1417 1
17 71 423 1
71 17 423 1
30 101 1224 1
101 30 1224 1
35 103 749 1
103 35 749 1
41 57 760 1
57 41 760 1
41 99 593 1
99 41 593 1
43 49 240 1
49 43 240 1
52 107 835 1
107 52 835 1
93 94 560 1
94 93 560 1
3 20 648 1
20 3 648 1
3 54 1096 1
54 3 1096 1
10 34 709 1
34 10 709 1
18 66 623 1
66 18 623 1
39 94 407 1
94 39 407 1
57 80 1050 1
80 57 1050 1
62 71 867 1
71 62 867 1
92 114 349 1
114 92 349 1
2 45 1193 1
45 2 1193 1
5 23 453 1
23 5 453 1
23 105 1262 1
105 23 1262 1
67 91 790 1
91 67 790 1
68 94 894 1
94 68 894 1
21 101 903 1
101 21 903 1
30 78 663 1
78 30 663 1
64 67 549 1
67 64 549 1
64 92 764 1
92 64 764 1
90 94 414 1
94 90 414 1
104 109 377 1
109 104 377 1
105 108 296 1
108 105 296 1
20 24 393 1
24 20 393 1
38 109 342 1
109 38 342 1
41 47 698 1
47 41 698 1
41 106 653 1
106 41 653 1
41 110 601 1
110 41 601 1
57 59 382 1
59 57 382 1
59 83 1103 1
83 59 1103 1
79 104 860 1
104 79 860 1
1 16 963 1
16 1 963 1
6 49 1274 1
49 6 1274 1
26 103 1030 1
103 26 1030 1
30 79 725 1
79 30 725 1
86 89 1016 1
89 86 1016 1
4 89 1056 1
89 4 1056 1
19 63 644 1
63 19 644 1
21 74 343 1
74 21 343 1
37 46 651 1
46 37 651 1
49 61 452 1
61 49 452 1
53 108 584 1
108 53 584 1
57 62 1000 1
62 57 1000 1
68 105 1200 1
105 68 1200 1
71 84 847 1
84 71 847 1
74 112 785 1
112 74 785 1
77 78 550 1
78 77 550 1
91 100 719 1
100 91 719 1
6 44 1164 1
44 6 1164 1
6 47 1181 1
47 6 1181 1
8 66 1233 1
66 8 1233 1
26 54 816 1
54 26 816 1
64 96 625 1
96 64 625 1
82 96 637 1
96 82 637 1
7 88 1209 1
88 7 1209 1
13 62 1248 1
62 13 1248 1
14 32 767 1
32 14 767 1
14 59 1320 1
59 14 1320 1
14 108 790 1
108 14 790 1
21 80 756 1
80 21 756 1
29 113 879 1
113 29 879 1
34 113 628 1
113 34 628 1
72 97 655 1
97 72 655 1
100 111 457 1
111 100 457 1
1 59 541 1
59 1 541 1
40 83 731 1
83 40 731 1
42 55 629 1
55 42 629 1
56 80 431 1
80 56 431 1
8 60 1121 1
60 8 1121 1
13 79 476 1
79 13 476 1
15 83 194 1
83 15 194 1
25 67 1191 1
67 25 1191 1
32 86 868 1
86 32 868 1
43 76 617 1
76 43 617 1
49 78 930 1
78 49 930 1
54 56 722 1
56 54 722 1
54 86 568 1
86 54 568 1
68 88 1023 1
88 68 1023 1
77 102 773 1
102 77 773 1
2 89 1170 1
89 2 1170 1
20 41 386 1
41 20 386 1
23 83 710 1
83 23 710 1
24 26 201 1
26 24 201 1
36 97 483 1
97 36 483 1
38 74 265 1
74 38 265 1
53 95 553 1
95 53 553 1
74 99 759 1
99 74 759 1
18 109 857 1
109 18 857 1
27 86 519 1
86 27 519 1
52 94 506 1
94 52 506 1
67 93 875 1
93 67 875 1
72 82 298 1
82 72 298 1
87 106 830 1
106 87 830 1
12 34 841 1
34 12 841 1
18 107 1141 1
107 18 1141 1
30 75 454 1
75 30 454 1
34 94 438 1
94 34 438 1
34 112 579 1
112 34 579 1
35 110 305 1
110 35 305 1
46 54 354 1
54 46 354 1
85 101 589 1
101 85 589 1
2 51 1294 1
51 2 1294 1
2 69 758 1
69 2 758 1
7 24 631 1
24 7 631 1
19 23 597 1
23 19 597 1
92 103 574 1
103 92 574 1
3 11 395 1
11 3 395 1
16 31 718 1
31 16 718 1
28 34 618 1
34 28 618 1
44 47 404 1
47 44 404 1
44 50 287 1
50 44 287 1
48 58 400 1
58 48 400 1
58 83 1281 1
83 58 1281 1
3 19 382 1
19 3 382 1
16 25 843 1
25 16 843 1
36 72 276 1
72 36 276 1
37 100 814 1
100 37 814 1
43 81 665 1
81 43 665 1
15 114 987 1
114 15 987 1
36 96 257 1
96 36 257 1
58 90 890 1
90 58 890 1
92 94 455 1
94 92 455 1
0 88 782 1
88 0 782 1
16 76 379 1
76 16 379 1
19 80 851 1
80 19 851 1
3 22 347 1
22 3 347 1
3 86 986 1
86 3 986 1
4 20 334 1
20 4 334 1
32 57 493 1
57 32 493 1
59 115 981 1
115 59 981 1
66 106 937 1
106 66 937 1
1 61 385 1
61 1 385 1
21 29 329 1
29 21 329 1
23 27 506 1
27 23 506 1
32 61 611 1
61 32 611 1
46 51 585 1
51 46 585 1
46 99 446 1
99 46 446 1
55 110 380 1
110 55 380 1
60 108 800 1
108 60 800 1
6 45 1217 1
45 6 1217 1
10 96 746 1
96 10 746 1
26 82 411 1
82 26 411 1
30 80 748 1
80 30 748 1
37 76 441 1
76 37 441 1
37 108 355 1
108 37 355 1
40 72 200 1
72 40 200 1
55 108 332 1
108 55 332 1
67 92 922 1
92 67 922 1
8 23 562 1
23 8 562 1
18 53 1191 1
53 18 1191 1
19 83 893 1
83 19 893 1
35 65 453 1
65 35 453 1
89 93 471 1
93 89 471 1
93 112 343 1
112 93 343 1
9 83 411 1
83 9 411 1
15 18 910 1
18 15 910 1
25 75 536 1
75 25 536 1
29 101 860 1
101 29 860 1
4 34 986 1
34 4 986 1
17 68 840 1
68 17 840 1
48 90 628 1
90 48 628 1
4 66 1205 1
66 4 1205 1
8 83 868 1
83 8 868 1
9 109 978 1
109 9 978 1
25 115 1008 1
115 25 1008 1
34 73 620 1
73 34 620 1
35 94 438 1
94 35 438 1
38 110 451 1
110 38 451 1
45 64 610 1
64 45 610 1
82 83 881 1
83 82 881 1
6 42 1180 1
42 6 1180 1
13 73 358 1
73 13 358 1
40 76 327 1
76 40 327 1
41 78 770 1
78 41 770 1
48 98 566 1
98 48 566 1
60 114 930 1
114 60 930 1
75 85 521 1
85 75 521 1
95 113 351 1
113 95 351 1
10 104 970 1
104 10 970 1
17 25 762 1
25 17 762 1
24 51 1429 1
51 24 1429 1
39 56 973 1
56 39 973 1
50 90 473 1
90 50 473 1
50 98 448 1
98 50 448 1
82 108 675 1
108 82 675 1
1 62 1027 1
62 1 1027 1
7 59 970 1
59 7 970 1
14 18 837 1
18 14 837 1
19 62 792 1
62 19 792 1
22 59 1169 1
59 22 1169 1
37 39 117 1
39 37 117 1
55 109 337 1
109 55 337 1
1 21 745 1
21 1 745 1
27 115 829 1
115 27 829 1
42 51 463 1
51 42 463 1
68 96 891 1
96 68 891 1
72 87 771 1
87 72 771 1
86 108 664 1
108 86 664 1
88 104 496 1
104 88 496 1
92 110 485 1
110 92 485 1
95 105 309 1
105 95 309 1
98 114 276 1
114 98 276 1
3 26 678 1
26 3 678 1
3 89 961 1
89 3 961 1
13 33 629 1
33 13 629 1
14 109 799 1
109 14 799 1
26 105 921 1
105 26 921 1
41 97 446 1
97 41 446 1
83 90 1178 1
90 83 1178 1
4 103 1174 1
103 4 1174 1
9 30 478 1
30 9 478 1
18 21 751 1
21 18 751 1
24 29 657 1
29 24 657 1
29 34 696 1
34 29 696 1
34 108 452 1
108 34 452 1
36 95 408 1
95 36 408 1
61 81 506 1
81 61 506 1
66 88 875 1
88 66 875 1
86 95 706 1
95 86 706 1
15 107 739 1
107 15 739 1
32 64 603 1
64 32 603 1
34 104 710 1
104 34 710 1
35 44 409 1
44 35 409 1
49 81 721 1
81 49 721 1
53 86 1248 1
86 53 1248 1
89 91 402 1
91 89 402 1
5 115 972 1
115 5 972 1
8 108 951 1
108 8 951 1
34 75 559 1
75 34 559 1
39 103 503 1
103 39 503 1
45 77 650 1
77 45 650 1
64 66 392 1
66 64 392 1
65 101 880 1
101 65 880 1
8 107 1063 1
107 8 1063 1
27 90 1121 1
90 27 1121 1
39 62 975 1
62 39 975 1
41 54 714 1
54 41 714 1
43 72 870 1
72 43 870 1
43 97 409 1
97 43 409 1
58 91 1077 1
91 58 1077 1
78 87 1016 1
87 78 1016 1
3 51 1145 1
51 3 1145 1
41 80 868 1
80 41 868 1
53 97 456 1
97 53 456 1
1 39 746 1
39 1 746 1
25 114 1103 1
114 25 1103 1
35 51 483 1
51 35 483 1
35 75 492 1
75 35 492 1
47 90 580 1
90 47 580 1
3 48 1226 1
48 3 1226 1
8 58 1298 1
58 8 1298 1
12 74 431 1
74 12 431 1
18 96 925 1
96 18 925 1
24 84 1013 1
84 24 1013 1
45 66 369 1
66 45 369 1
60 115 895 1
115 60 895 1
63 111 831 1
111 63 831 1
72 102 769 1
102 72 769 1
16 29 882 1
29 16 882 1
21 41 236 1
41 21 236 1
59 67 245 1
67 59 245 1
74 85 839 1
85 74 839 1
9 114 1147 1
114 9 1147 1
15 109 824 1
109 15 824 1
23 62 1065 1
62 23 1065 1
26 39 604 1
39 26 604 1
47 49 380 1
49 47 380 1
48 70 972 1
70 48 972 1
70 101 1040 1
101 70 1040 1
72 113 813 1
113 72 813 1
80 85 1121 1
85 80 1121 1
15 35 881 1
35 15 881 1
39 47 551 1
47 39 551 1
43 74 810 1
74 43 810 1
81 85 175 1
85 81 175 1
89 90 968 1
90 89 968 1
4 58 1292 1
58 4 1292 1
17 56 1024 1
56 17 1024 1
28 32 528 1
32 28 528 1
34 77 351 1
77 34 351 1
38 82 362 1
82 38 362 1
47 71 801 1
71 47 801 1
89 113 633 1
113 89 633 1
12 65 1303 1
65 12 1303 1
26 115 841 1
115 26 841 1
28 56 545 1
56 28 545 1
30 45 1169 1
45 30 1169 1
32 105 956 1
105 32 956 1
39 57 754 1
57 39 754 1
39 86 698 1
86 39 698 1
41 101 711 1
101 41 711 1
42 64 503 1
64 42 503 1
47 63 665 1
63 47 665 1
56 79 965 1
79 56 965 1
58 67 368 1
67 58 368 1
80 102 700 1
102 80 700 1
87 92 1142 1
92 87 1142 1
2 5 685 1
5 2 685 1
9 107 919 1
107 9 919 1
48 92 683 1
92 48 683 1
49 50 585 1
50 49 585 1
62 72 566 1
72 62 566 1
65 70 956 1
70 65 956 1
87 108 698 1
108 87 698 1
101 112 405 1
112 101 405 1
1 89 788 1
89 1 788 1
15 82 832 1
82 15 832 1
29 40 655 1
40 29 655 1
29 63 531 1
63 29 531 1
32 109 589 1
109 32 589 1
62 79 1049 1
79 62 1049 1
6 112 1257 1
112 6 1257 1
13 71 401 1
71 13 401 1
14 25 491 1
25 14 491 1
27 94 748 1
94 27 748 1
29 95 532 1
95 29 532 1
35 77 284 1
77 35 284 1
42 94 484 1
94 42 484 1
63 77 536 1
77 63 536 1
87 95 598 1
95 87 598 1
1 7 452 1
7 1 452 1
1 101 1148 1
101 1 1148 1
19 104 1200 1
104 19 1200 1
22 89 1126 1
89 22 1126 1
39 95 233 1
95 39 233 1
42 90 472 1
90 42 472 1
46 91 577 1
91 46 577 1
57 61 216 1
61 57 216 1
1 54 1073 1
54 1 1073 1
8 95 956 1
95 8 956 1
10 105 1072 1
105 10 1072 1
24 27 252 1
27 24 252 1
29 56 983 1
56 29 983 1
40 82 231 1
82 40 231 1
43 55 485 1
55 43 485 1
5 18 901 1
18 5 901 1
22 73 618 1
73 22 618 1
23 107 1121 1
107 23 1121 1
28 43 949 1
43 28 949 1
32 34 327 1
34 32 327 1
32 83 847 1
83 32 847 1
38 47 654 1
47 38 654 1
39 87 370 1
87 39 370 1
48 66 357 1
66 48 357 1
57 78 938 1
78 57 938 1
10 62 483 1
62 10 483 1
31 102 1165 1
102 31 1165 1
36 43 693 1
43 36 693 1
40 57 982 1
57 40 982 1
41 74 484 1
74 41 484 1
59 69 338 1
69 59 338 1
63 72 944 1
72 63 944 1
83 105 806 1
105 83 806 1
96 112 337 1
112 96 337 1
4 82 403 1
82 4 403 1
23 48 1375 1
48 23 1375 1
