116 2668
5 9 157 1
9 5 157 1
41 75 187 1
75 41 187 1
5 15 278 1
15 5 278 1
44 49 304 1
49 44 304 1
74 75 389 1
75 74 389 1
97 99 180 1
99 97 180 1
40 75 477 1
75 40 477 1
72 74 76 1
74 72 76 1
49 51 172 1
51 49 172 1
43 47 146 1
47 43 146 1
21 41 236 1
41 21 236 1
70 74 155 1
74 70 155 1
41 74 484 1
74 41 484 1
72 75 453 1
75 72 453 1
40 41 506 1
41 40 506 1
36 40 213 1
40 36 213 1
9 14 725 1
14 9 725 1
41 72 550 1
72 41 550 1
55 98 606 1
98 55 606 1
42 43 239 1
43 42 239 1
9 15 219 1
15 9 219 1
40 72 200 1
72 40 200 1
76 77 238 1
77 76 238 1
40 74 182 1
74 40 182 1
21 74 343 1
74 21 343 1
30 31 127 1
31 30 127 1
37 99 410 1
99 37 410 1
21 70 303 1
70 21 303 1
21 40 380 1
40 21 380 1
80 84 162 1
84 80 162 1
97 113 312 1
113 97 312 1
36 75 517 1
75 36 517 1
62 80 268 1
80 62 268 1
21 75 222 1
75 21 222 1
46 47 309 1
47 46 309 1
83 87 158 1
87 83 158 1
32 33 149 1
33 32 149 1
14 15 772 1
15 14 772 1
23 24 403 1
24 23 403 1
98 111 265 1
111 98 265 1
55 99 216 1
99 55 216 1
68 69 164 1
69 68 164 1
71 72 402 1
72 71 402 1
42 49 396 1
49 42 396 1
55 96 492 1
96 55 492 1
41 70 482 1
70 41 482 1
44 51 440 1
51 44 440 1
14 82 179 1
82 14 179 1
91 93 118 1
93 91 118 1
44 48 114 1
48 44 114 1
99 108 310 1
108 99 310 1
102 104 159 1
104 102 159 1
42 51 463 1
51 42 463 1
5 14 572 1
14 5 572 1
37 97 271 1
97 37 271 1
36 41 570 1
41 36 570 1
99 113 264 1
113 99 264 1
102 103 508 1
103 102 508 1
75 95 407 1
95 75 407 1
1 57 172 1
57 1 172 1
21 72 388 1
72 21 388 1
23 31 199 1
31 23 199 1
55 97 173 1
97 55 173 1
36 72 276 1
72 36 276 1
36 74 242 1
74 36 242 1
111 112 111 1
112 111 111 1
41 95 382 1
95 41 382 1
1 19 351 1
19 1 351 1
6 23 465 1
23 6 465 1
97 108 170 1
108 97 170 1
78 80 116 1
80 78 116 1
15 82 832 1
82 15 832 1
92 93 608 1
93 92 608 1
5 20 424 1
20 5 424 1
33 34 394 1
34 33 394 1
71 74 359 1
74 71 359 1
38 100 515 1
100 38 515 1
6 31 464 1
31 6 464 1
20 70 213 1
70 20 213 1
100 107 640 1
107 100 640 1
6 30 365 1
30 6 365 1
55 111 434 1
111 55 434 1
41 106 653 1
106 41 653 1
9 20 557 1
20 9 557 1
21 71 214 1
71 21 214 1
61 65 175 1
65 61 175 1
108 112 335 1
112 108 335 1
42 47 281 1
47 42 281 1
96 97 322 1
97 96 322 1
70 72 158 1
72 70 158 1
38 102 472 1
102 38 472 1
10 12 181 1
12 10 181 1
10 16 218 1
16 10 218 1
37 54 645 1
54 37 645 1
37 55 221 1
55 37 221 1
85 88 1097 1
88 85 1097 1
56 60 232 1
60 56 232 1
43 46 341 1
46 43 341 1
70 75 355 1
75 70 355 1
38 103 677 1
103 38 677 1
41 71 317 1
71 41 317 1
28 31 545 1
31 28 545 1
47 111 188 1
111 47 188 1
24 31 318 1
31 24 318 1
42 53 475 1
53 42 475 1
15 20 521 1
20 15 521 1
37 108 355 1
108 37 355 1
51 53 271 1
53 51 271 1
9 49 1399 1
49 9 1399 1
94 95 213 1
95 94 213 1
11 65 770 1
65 11 770 1
9 44 1434 1
44 9 1434 1
14 26 321 1
26 14 321 1
34 35 126 1
35 34 126 1
7 13 237 1
13 7 237 1
42 44 208 1
44 42 208 1
81 84 1146 1
84 81 1146 1
5 49 1365 1
49 5 1365 1
9 70 641 1
70 9 641 1
46 111 189 1
111 46 189 1
110 111 172 1
111 110 172 1
103 115 322 1
115 103 322 1
28 30 436 1
30 28 436 1
28 72 116 1
72 28 116 1
56 58 427 1
58 56 427 1
99 112 272 1
112 99 272 1
14 20 320 1
20 14 320 1
91 92 669 1
92 91 669 1
37 115 443 1
115 37 443 1
71 75 163 1
75 71 163 1
48 49 410 1
49 48 410 1
66 69 349 1
69 66 349 1
61 63 238 1
63 61 238 1
21 106 670 1
106 21 670 1
40 70 311 1
70 40 311 1
5 44 1368 1
44 5 1368 1
70 71 263 1
71 70 263 1
17 78 955 1
78 17 955 1
47 53 268 1
53 47 268 1
105 114 152 1
114 105 152 1
54 96 167 1
96 54 167 1
55 107 232 1
107 55 232 1
25 49 1387 1
49 25 1387 1
3 12 737 1
12 3 737 1
17 80 1070 1
80 17 1070 1
104 105 204 1
105 104 204 1
9 51 1357 1
51 9 1357 1
66 68 378 1
68 66 378 1
21 95 510 1
95 21 510 1
59 61 271 1
61 59 271 1
43 53 293 1
53 43 293 1
94 101 576 1
101 94 576 1
20 21 185 1
21 20 185 1
55 112 466 1
112 55 466 1
80 81 1113 1
81 80 1113 1
5 82 673 1
82 5 673 1
42 46 173 1
46 42 173 1
97 111 292 1
111 97 292 1
98 99 479 1
99 98 479 1
5 70 530 1
70 5 530 1
19 57 426 1
57 19 426 1
39 73 305 1
73 39 305 1
37 113 578 1
113 37 578 1
96 99 428 1
99 96 428 1
21 36 510 1
36 21 510 1
98 112 277 1
112 98 277 1
99 111 265 1
111 99 265 1
5 51 1334 1
51 5 1334 1
7 49 1147 1
49 7 1147 1
40 71 481 1
71 40 481 1
21 49 1063 1
49 21 1063 1
55 108 332 1
108 55 332 1
28 73 629 1
73 28 629 1
50 64 302 1
64 50 302 1
90 92 135 1
92 90 135 1
18 19 147 1
19 18 147 1
79 111 717 1
111 79 717 1
6 24 555 1
24 6 555 1
48 51 548 1
51 48 548 1
25 42 1319 1
42 25 1319 1
72 95 570 1
95 72 570 1
7 42 1234 1
42 7 1234 1
9 21 431 1
21 9 431 1
17 81 182 1
81 17 182 1
96 98 184 1
98 96 184 1
27 86 519 1
86 27 519 1
94 114 259 1
114 94 259 1
11 13 168 1
13 11 168 1
62 78 287 1
78 62 287 1
23 30 259 1
30 23 259 1
55 113 437 1
113 55 437 1
74 95 497 1
95 74 497 1
9 53 1347 1
53 9 1347 1
54 55 651 1
55 54 651 1
36 95 408 1
95 36 408 1
75 106 695 1
106 75 695 1
38 107 545 1
107 38 545 1
47 110 210 1
110 47 210 1
7 10 896 1
10 7 896 1
3 7 185 1
7 3 185 1
14 70 380 1
70 14 380 1
39 93 576 1
93 39 576 1
14 44 1213 1
44 14 1213 1
49 53 406 1
53 49 406 1
12 44 1177 1
44 12 1177 1
15 26 469 1
26 15 469 1
23 28 680 1
28 23 680 1
35 67 262 1
67 35 262 1
96 108 167 1
108 96 167 1
14 21 487 1
21 14 487 1
15 70 606 1
70 15 606 1
62 84 326 1
84 62 326 1
7 48 1293 1
48 7 1293 1
108 113 292 1
113 108 292 1
15 49 1219 1
49 15 1219 1
9 82 826 1
82 9 826 1
25 51 1371 1
51 25 1371 1
75 77 210 1
77 75 210 1
7 12 856 1
12 7 856 1
9 42 1383 1
42 9 1383 1
97 115 218 1
115 97 218 1
104 114 171 1
114 104 171 1
10 13 1004 1
13 10 1004 1
79 81 136 1
81 79 136 1
40 106 412 1
106 40 412 1
37 107 342 1
107 37 342 1
54 99 587 1
99 54 587 1
1 33 355 1
33 1 355 1
40 95 491 1
95 40 491 1
54 108 319 1
108 54 319 1
39 101 561 1
101 39 561 1
95 106 414 1
106 95 414 1
97 98 437 1
98 97 437 1
54 97 484 1
97 54 484 1
5 21 332 1
21 5 332 1
43 51 245 1
51 43 245 1
95 105 309 1
105 95 309 1
2 88 959 1
88 2 959 1
24 30 283 1
30 24 283 1
73 75 84 1
75 73 84 1
78 79 878 1
79 78 878 1
37 103 537 1
103 37 537 1
57 59 382 1
59 57 382 1
5 26 263 1
26 5 263 1
20 26 232 1
26 20 232 1
89 97 385 1
97 89 385 1
13 48 1332 1
48 13 1332 1
49 70 1008 1
70 49 1008 1
57 67 447 1
67 57 447 1
99 115 285 1
115 99 285 1
15 21 348 1
21 15 348 1
25 48 1425 1
48 25 1425 1
34 57 567 1
57 34 567 1
35 47 370 1
47 35 370 1
25 44 1369 1
44 25 1369 1
26 27 135 1
27 26 135 1
33 63 547 1
63 33 547 1
14 49 1337 1
49 14 1337 1
113 115 188 1
115 113 188 1
5 42 1309 1
42 5 1309 1
5 53 1317 1
53 5 1317 1
7 44 1214 1
44 7 1214 1
39 91 541 1
91 39 541 1
47 98 442 1
98 47 442 1
72 73 517 1
73 72 517 1
107 113 400 1
113 107 400 1
46 110 220 1
110 46 220 1
46 53 547 1
53 46 547 1
15 51 1162 1
51 15 1162 1
59 67 245 1
67 59 245 1
97 110 221 1
110 97 221 1
2 89 1170 1
89 2 1170 1
35 110 305 1
110 35 305 1
43 49 240 1
49 43 240 1
103 107 239 1
107 103 239 1
99 107 302 1
107 99 302 1
34 67 275 1
67 34 275 1
93 101 103 1
101 93 103 1
83 85 549 1
85 83 549 1
19 33 238 1
33 19 238 1
15 42 1223 1
42 15 1223 1
59 66 363 1
66 59 363 1
4 107 958 1
107 4 958 1
108 115 135 1
115 108 135 1
33 57 394 1
57 33 394 1
37 112 610 1
112 37 610 1
40 73 549 1
73 40 549 1
0 10 381 1
10 0 381 1
9 25 252 1
25 9 252 1
37 39 117 1
39 37 117 1
95 114 280 1
114 95 280 1
29 79 257 1
79 29 257 1
45 49 111 1
49 45 111 1
72 106 580 1
106 72 580 1
32 34 327 1
34 32 327 1
92 105 456 1
105 92 456 1
36 70 395 1
70 36 395 1
42 52 325 1
52 42 325 1
2 6 165 1
6 2 165 1
73 77 274 1
77 73 274 1
37 96 506 1
96 37 506 1
103 113 295 1
113 103 295 1
33 47 731 1
47 33 731 1
36 76 232 1
76 36 232 1
99 103 258 1
103 99 258 1
6 28 413 1
28 6 413 1
15 44 1279 1
44 15 1279 1
107 115 298 1
115 107 298 1
63 65 312 1
65 63 312 1
90 104 351 1
104 90 351 1
0 3 712 1
3 0 712 1
79 110 592 1
110 79 592 1
72 94 485 1
94 72 485 1
97 112 339 1
112 97 339 1
15 27 336 1
27 15 336 1
25 53 1369 1
53 25 1369 1
87 89 476 1
89 87 476 1
90 91 735 1
91 90 735 1
33 46 770 1
46 33 770 1
93 95 447 1
95 93 447 1
108 111 286 1
111 108 286 1
0 56 174 1
56 0 174 1
46 98 212 1
98 46 212 1
57 69 378 1
69 57 378 1
13 49 1151 1
49 13 1151 1
70 95 587 1
95 70 587 1
43 98 522 1
98 43 522 1
46 52 244 1
52 46 244 1
60 89 1195 1
89 60 1195 1
3 10 768 1
10 3 768 1
58 60 266 1
60 58 266 1
9 26 419 1
26 9 419 1
43 111 293 1
111 43 293 1
91 99 166 1
99 91 166 1
39 103 503 1
103 39 503 1
75 94 515 1
94 75 515 1
104 106 195 1
106 104 195 1
33 35 375 1
35 33 375 1
33 84 801 1
84 33 801 1
100 115 381 1
115 100 381 1
26 102 984 1
102 26 984 1
75 76 374 1
76 75 374 1
79 112 791 1
112 79 791 1
96 111 286 1
111 96 286 1
17 79 135 1
79 17 135 1
44 45 194 1
45 44 194 1
50 52 243 1
52 50 243 1
95 104 381 1
104 95 381 1
20 44 1027 1
44 20 1027 1
1 34 639 1
34 1 639 1
58 66 198 1
66 58 198 1
102 106 217 1
106 102 217 1
7 51 1137 1
51 7 1137 1
21 104 765 1
104 21 765 1
57 88 1185 1
88 57 1185 1
111 113 191 1
113 111 191 1
3 48 1226 1
48 3 1226 1
13 51 1107 1
51 13 1107 1
90 105 516 1
105 90 516 1
91 101 197 1
101 91 197 1
12 49 1320 1
49 12 1320 1
21 73 247 1
73 21 247 1
49 74 960 1
74 49 960 1
66 67 177 1
67 66 177 1
21 51 1039 1
51 21 1039 1
91 94 561 1
94 91 561 1
71 95 547 1
95 71 547 1
74 106 540 1
106 74 540 1
17 84 1128 1
84 17 1128 1
7 22 454 1
22 7 454 1
95 101 458 1
101 95 458 1
11 16 1004 1
16 11 1004 1
21 105 742 1
105 21 742 1
39 94 407 1
94 39 407 1
72 93 1011 1
93 72 1011 1
44 70 930 1
70 44 930 1
89 113 633 1
113 89 633 1
7 25 539 1
25 7 539 1
24 88 947 1
88 24 947 1
97 107 263 1
107 97 263 1
2 50 1192 1
50 2 1192 1
34 63 642 1
63 34 642 1
52 62 619 1
62 52 619 1
20 74 213 1
74 20 213 1
62 63 1134 1
63 62 1134 1
103 104 369 1
104 103 369 1
2 54 984 1
54 2 984 1
39 83 378 1
83 39 378 1
54 115 339 1
115 54 339 1
0 2 460 1
2 0 460 1
29 73 113 1
73 29 113 1
78 112 768 1
112 78 768 1
54 112 454 1
112 54 454 1
58 59 496 1
59 58 496 1
78 81 1002 1
81 78 1002 1
24 28 571 1
28 24 571 1
29 112 910 1
112 29 910 1
35 46 430 1
46 35 430 1
88 89 1035 1
89 88 1035 1
94 96 89 1
96 94 89 1
5 25 129 1
25 5 129 1
38 115 384 1
115 38 384 1
39 77 312 1
77 39 312 1
0 6 417 1
6 0 417 1
15 86 825 1
86 15 825 1
107 112 482 1
112 107 482 1
41 73 204 1
73 41 204 1
38 83 760 1
83 38 760 1
44 53 562 1
53 44 562 1
55 115 361 1
115 55 361 1
67 69 345 1
69 67 345 1
71 104 863 1
104 71 863 1
85 89 220 1
89 85 220 1
8 82 379 1
82 8 379 1
27 102 1008 1
102 27 1008 1
75 93 807 1
93 75 807 1
6 89 1224 1
89 6 1224 1
93 94 560 1
94 93 560 1
95 109 146 1
109 95 146 1
36 106 343 1
106 36 343 1
38 69 945 1
69 38 945 1
71 105 832 1
105 71 832 1
83 86 863 1
86 83 863 1
100 103 576 1
103 100 576 1
20 41 386 1
41 20 386 1
102 105 355 1
105 102 355 1
13 53 1148 1
53 13 1148 1
42 48 243 1
48 42 243 1
13 25 519 1
25 13 519 1
92 104 310 1
104 92 310 1
23 87 803 1
87 23 803 1
70 105 847 1
105 70 847 1
105 106 359 1
106 105 359 1
0 18 364 1
18 0 364 1
96 113 315 1
113 96 315 1
98 107 585 1
107 98 585 1
20 51 1095 1
51 20 1095 1
20 82 329 1
82 20 329 1
4 26 161 1
26 4 161 1
79 80 991 1
80 79 991 1
90 93 690 1
93 90 690 1
6 50 1151 1
50 6 1151 1
20 49 1095 1
49 20 1095 1
33 52 951 1
52 33 951 1
37 60 955 1
60 37 955 1
63 84 1189 1
84 63 1189 1
1 61 385 1
61 1 385 1
38 104 427 1
104 38 427 1
4 8 148 1
8 4 148 1
21 44 1047 1
44 21 1047 1
51 70 1035 1
70 51 1035 1
86 87 805 1
87 86 805 1
28 77 540 1
77 28 540 1
46 55 584 1
55 46 584 1
96 112 337 1
112 96 337 1
107 111 490 1
111 107 490 1
3 18 417 1
18 3 417 1
36 73 600 1
73 36 600 1
0 89 1205 1
89 0 1205 1
3 44 1158 1
44 3 1158 1
41 49 946 1
49 41 946 1
28 40 248 1
40 28 248 1
96 115 214 1
115 96 214 1
21 114 752 1
114 21 752 1
74 76 203 1
76 74 203 1
36 71 552 1
71 36 552 1
49 71 957 1
71 49 957 1
72 101 1016 1
101 72 1016 1
91 105 371 1
105 91 371 1
98 108 315 1
108 98 315 1
14 51 1362 1
51 14 1362 1
25 43 1261 1
43 25 1261 1
1 63 334 1
63 1 334 1
38 39 465 1
39 38 465 1
40 76 327 1
76 40 327 1
71 114 814 1
114 71 814 1
29 37 304 1
37 29 304 1
46 78 577 1
78 46 577 1
34 62 521 1
62 34 521 1
2 85 1134 1
85 2 1134 1
97 103 349 1
103 97 349 1
7 15 461 1
15 7 461 1
26 86 416 1
86 26 416 1
2 37 895 1
37 2 895 1
23 89 1070 1
89 23 1070 1
49 82 1261 1
82 49 1261 1
77 93 729 1
93 77 729 1
11 63 488 1
63 11 488 1
33 43 715 1
43 33 715 1
34 110 327 1
110 34 327 1
75 104 746 1
104 75 746 1
85 87 616 1
87 85 616 1
107 108 333 1
108 107 333 1
39 106 557 1
106 39 557 1
40 77 472 1
77 40 472 1
49 72 1014 1
72 49 1014 1
53 109 560 1
109 53 560 1
37 111 552 1
111 37 552 1
92 101 634 1
101 92 634 1
14 25 491 1
25 14 491 1
15 53 1143 1
53 15 1143 1
17 73 298 1
73 17 298 1
41 105 605 1
105 41 605 1
60 85 1115 1
85 60 1115 1
71 93 964 1
93 71 964 1
34 65 549 1
65 34 549 1
73 91 794 1
91 73 794 1
8 15 741 1
15 8 741 1
13 44 1244 1
44 13 1244 1
37 98 666 1
98 37 666 1
37 100 814 1
100 37 814 1
54 89 853 1
89 54 853 1
9 74 740 1
74 9 740 1
30 50 1195 1
50 30 1195 1
89 99 398 1
99 89 398 1
5 8 493 1
8 5 493 1
12 45 1250 1
45 12 1250 1
74 114 677 1
114 74 677 1
98 113 276 1
113 98 276 1
14 53 1349 1
53 14 1349 1
41 101 711 1
101 41 711 1
47 55 367 1
55 47 367 1
58 68 392 1
68 58 392 1
41 104 687 1
104 41 687 1
54 98 204 1
98 54 204 1
70 114 802 1
114 70 802 1
38 113 550 1
113 38 550 1
42 111 258 1
111 42 258 1
7 11 254 1
11 7 254 1
40 104 575 1
104 40 575 1
15 25 386 1
25 15 386 1
41 77 345 1
77 41 345 1
52 64 474 1
64 52 474 1
57 85 575 1
85 57 575 1
71 106 782 1
106 71 782 1
88 113 635 1
113 88 635 1
25 73 516 1
73 25 516 1
31 89 902 1
89 31 902 1
52 63 1131 1
63 52 1131 1
2 31 377 1
31 2 377 1
56 89 1199 1
89 56 1199 1
44 82 1116 1
82 44 1116 1
93 105 305 1
105 93 305 1
70 104 814 1
104 70 814 1
2 64 992 1
64 2 992 1
8 18 880 1
18 8 880 1
12 14 278 1
14 12 278 1
16 80 152 1
80 16 152 1
36 77 422 1
77 36 422 1
73 106 774 1
106 73 774 1
79 84 1035 1
84 79 1035 1
34 80 560 1
80 34 560 1
39 95 233 1
95 39 233 1
53 98 671 1
98 53 671 1
55 100 739 1
100 55 739 1
91 95 424 1
95 91 424 1
102 114 295 1
114 102 295 1
13 16 1048 1
16 13 1048 1
41 76 493 1
76 41 493 1
7 21 555 1
21 7 555 1
72 77 430 1
77 72 430 1
73 101 851 1
101 73 851 1
5 7 538 1
7 5 538 1
21 25 360 1
25 21 360 1
29 111 842 1
111 29 842 1
74 104 675 1
104 74 675 1
6 64 941 1
64 6 941 1
12 48 1186 1
48 12 1186 1
32 66 416 1
66 32 416 1
41 93 733 1
93 41 733 1
42 98 381 1
98 42 381 1
58 103 1188 1
103 58 1188 1
75 101 807 1
101 75 807 1
79 109 545 1
109 79 545 1
39 75 260 1
75 39 260 1
70 106 687 1
106 70 687 1
19 66 600 1
66 19 600 1
59 63 501 1
63 59 501 1
72 114 738 1
114 72 738 1
73 95 476 1
95 73 476 1
26 38 554 1
38 26 554 1
70 82 411 1
82 70 411 1
19 32 289 1
32 19 289 1
38 88 311 1
88 38 311 1
39 99 432 1
99 39 432 1
54 107 612 1
107 54 612 1
93 103 173 1
103 93 173 1
17 112 924 1
112 17 924 1
32 63 656 1
63 32 656 1
19 68 313 1
68 19 313 1
60 64 187 1
64 60 187 1
60 99 983 1
99 60 983 1
2 113 1266 1
113 2 1266 1
15 43 1104 1
43 15 1104 1
62 81 1169 1
81 62 1169 1
27 38 594 1
38 27 594 1
28 71 506 1
71 28 506 1
102 107 560 1
107 102 560 1
16 32 504 1
32 16 504 1
17 62 1129 1
62 17 1129 1
37 89 294 1
89 37 294 1
39 54 618 1
54 39 618 1
41 94 523 1
94 41 523 1
51 74 987 1
74 51 987 1
7 9 490 1
9 7 490 1
14 41 702 1
41 14 702 1
34 84 580 1
84 34 580 1
37 38 515 1
38 37 515 1
72 104 727 1
104 72 727 1
79 98 871 1
98 79 871 1
60 63 1021 1
63 60 1021 1
60 115 895 1
115 60 895 1
2 87 993 1
87 2 993 1
20 75 348 1
75 20 348 1
26 82 411 1
82 26 411 1
23 37 838 1
37 23 838 1
29 80 961 1
80 29 961 1
54 100 319 1
100 54 319 1
91 103 258 1
103 91 258 1
26 70 383 1
70 26 383 1
7 45 1151 1
45 7 1151 1
16 111 812 1
111 16 812 1
43 110 298 1
110 43 298 1
55 103 351 1
103 55 351 1
71 73 163 1
73 71 163 1
88 97 687 1
97 88 687 1
2 30 317 1
30 2 317 1
3 13 410 1
13 3 410 1
14 48 1233 1
48 14 1233 1
78 111 693 1
111 78 693 1
110 112 272 1
112 110 272 1
19 69 323 1
69 19 323 1
28 36 321 1
36 28 321 1
32 47 724 1
47 32 724 1
39 96 494 1
96 39 494 1
60 108 800 1
108 60 800 1
63 80 1146 1
80 63 1146 1
71 92 1069 1
92 71 1069 1
13 42 1233 1
42 13 1233 1
21 82 511 1
82 21 511 1
23 54 1116 1
54 23 1116 1
78 84 235 1
84 78 235 1
21 102 871 1
102 21 871 1
22 23 140 1
23 22 140 1
24 85 1108 1
85 24 1108 1
34 47 428 1
47 34 428 1
48 50 202 1
50 48 202 1
20 40 225 1
40 20 225 1
23 65 1169 1
65 23 1169 1
17 36 828 1
36 17 828 1
29 108 631 1
108 29 631 1
3 71 399 1
71 3 399 1
4 55 1003 1
55 4 1003 1
47 79 596 1
79 47 596 1
51 82 1285 1
82 51 1285 1
28 50 883 1
50 28 883 1
47 52 540 1
52 47 540 1
54 88 224 1
88 54 224 1
86 104 694 1
104 86 694 1
12 90 1061 1
90 12 1061 1
20 27 271 1
27 20 271 1
49 95 692 1
95 49 692 1
51 98 763 1
98 51 763 1
56 68 408 1
68 56 408 1
73 94 596 1
94 73 596 1
100 102 87 1
102 100 87 1
6 54 918 1
54 6 918 1
24 39 767 1
39 24 767 1
32 42 728 1
42 32 728 1
39 87 370 1
87 39 370 1
73 93 853 1
93 73 853 1
96 110 214 1
110 96 214 1
112 113 116 1
113 112 116 1
9 48 1507 1
48 9 1507 1
41 114 639 1
114 41 639 1
54 60 681 1
60 54 681 1
78 96 453 1
96 78 453 1
109 110 135 1
110 109 135 1
110 113 304 1
113 110 304 1
1 59 541 1
59 1 541 1
5 74 619 1
74 5 619 1
16 47 880 1
47 16 880 1
21 26 271 1
26 21 271 1
25 106 972 1
106 25 972 1
48 73 1028 1
73 48 1028 1
57 84 1116 1
84 57 1116 1
74 105 731 1
105 74 731 1
94 104 298 1
104 94 298 1
1 11 394 1
11 1 394 1
3 49 1127 1
49 3 1127 1
9 41 527 1
41 9 527 1
29 99 709 1
99 29 709 1
49 75 865 1
75 49 865 1
64 65 897 1
65 64 897 1
23 50 1386 1
50 23 1386 1
47 112 265 1
112 47 265 1
54 113 426 1
113 54 426 1
95 102 514 1
102 95 514 1
3 8 773 1
8 3 773 1
11 61 675 1
61 11 675 1
13 45 1163 1
45 13 1163 1
19 61 611 1
61 19 611 1
25 71 434 1
71 25 434 1
99 100 610 1
100 99 610 1
7 16 964 1
16 7 964 1
26 104 905 1
104 26 905 1
41 82 687 1
82 41 687 1
82 86 143 1
86 82 143 1
85 115 651 1
115 85 651 1
102 113 317 1
113 102 317 1
7 53 1223 1
53 7 1223 1
14 74 378 1
74 14 378 1
31 88 956 1
88 31 956 1
32 80 590 1
80 32 590 1
39 55 254 1
55 39 254 1
16 78 122 1
78 16 122 1
31 50 1246 1
50 31 1246 1
54 111 422 1
111 54 422 1
59 69 338 1
69 59 338 1
32 84 691 1
84 32 691 1
67 68 440 1
68 67 440 1
69 81 801 1
81 69 801 1
79 99 574 1
99 79 574 1
0 12 517 1
12 0 517 1
3 25 566 1
25 3 566 1
6 10 299 1
10 6 299 1
38 99 625 1
99 38 625 1
75 114 683 1
114 75 683 1
7 43 1111 1
43 7 1111 1
9 95 899 1
95 9 899 1
16 46 699 1
46 16 699 1
20 36 396 1
36 20 396 1
38 89 763 1
89 38 763 1
91 108 473 1
108 91 473 1
100 112 410 1
112 100 410 1
7 70 592 1
70 7 592 1
33 80 703 1
80 33 703 1
39 102 700 1
102 39 700 1
44 74 853 1
74 44 853 1
0 68 414 1
68 0 414 1
57 61 216 1
61 57 216 1
10 22 580 1
22 10 580 1
20 71 311 1
71 20 311 1
24 93 1326 1
93 24 1326 1
24 97 1000 1
97 24 1000 1
38 87 730 1
87 38 730 1
60 97 884 1
97 60 884 1
72 76 257 1
76 72 257 1
83 88 1071 1
88 83 1071 1
85 100 1025 1
100 85 1025 1
73 82 720 1
82 73 720 1
99 110 299 1
110 99 299 1
5 27 165 1
27 5 165 1
33 62 690 1
62 33 690 1
38 97 469 1
97 38 469 1
39 41 161 1
41 39 161 1
53 110 473 1
110 53 473 1
56 83 1181 1
83 56 1181 1
86 102 712 1
102 86 712 1
32 62 548 1
62 32 548 1
34 46 395 1
46 34 395 1
35 43 347 1
43 35 347 1
38 86 366 1
86 38 366 1
41 51 889 1
51 41 889 1
45 70 956 1
70 45 956 1
67 85 682 1
85 67 682 1
91 114 389 1
114 91 389 1
92 114 349 1
114 92 349 1
36 94 246 1
94 36 246 1
53 111 406 1
111 53 406 1
60 62 241 1
62 60 241 1
10 45 1113 1
45 10 1113 1
24 99 1174 1
99 24 1174 1
27 104 911 1
104 27 911 1
31 87 639 1
87 31 639 1
46 96 270 1
96 46 270 1
83 89 464 1
89 83 464 1
100 106 280 1
106 100 280 1
2 97 1046 1
97 2 1046 1
10 90 936 1
90 10 936 1
11 47 921 1
47 11 921 1
58 69 426 1
69 58 426 1
12 21 630 1
21 12 630 1
24 54 987 1
54 24 987 1
11 22 654 1
22 11 654 1
14 73 703 1
73 14 703 1
18 70 528 1
70 18 528 1
38 55 598 1
55 38 598 1
43 52 553 1
52 43 553 1
46 112 262 1
112 46 262 1
38 56 731 1
56 38 731 1
61 64 928 1
64 61 928 1
73 112 858 1
112 73 858 1
98 110 300 1
110 98 300 1
28 75 567 1
75 28 567 1
29 39 339 1
39 29 339 1
71 94 614 1
94 71 614 1
93 104 478 1
104 93 478 1
24 87 679 1
87 24 679 1
32 43 699 1
43 32 699 1
54 87 939 1
87 54 939 1
16 79 934 1
79 16 934 1
36 104 476 1
104 36 476 1
38 68 922 1
68 38 922 1
44 71 961 1
71 44 961 1
13 43 1089 1
43 13 1089 1
14 42 1146 1
42 14 1146 1
32 56 384 1
56 32 384 1
52 84 487 1
84 52 487 1
52 111 398 1
111 52 398 1
57 63 249 1
63 57 249 1
84 88 224 1
88 84 224 1
8 44 1378 1
44 8 1378 1
15 105 941 1
105 15 941 1
56 103 1239 1
103 56 1239 1
13 65 935 1
65 13 935 1
38 58 908 1
58 38 908 1
51 71 950 1
71 51 950 1
9 109 978 1
109 9 978 1
40 102 619 1
102 40 619 1
43 44 290 1
44 43 290 1
48 53 654 1
53 48 654 1
58 102 1067 1
102 58 1067 1
9 75 548 1
75 9 548 1
56 99 1051 1
99 56 1051 1
82 101 1107 1
101 82 1107 1
92 95 594 1
95 92 594 1
14 75 659 1
75 14 659 1
23 99 1227 1
99 23 1227 1
29 78 851 1
78 29 851 1
69 90 1119 1
90 69 1119 1
94 105 354 1
105 94 354 1
103 108 420 1
108 103 420 1
5 86 673 1
86 5 673 1
21 45 1031 1
45 21 1031 1
5 12 722 1
12 5 722 1
8 42 1322 1
42 8 1322 1
16 34 555 1
34 16 555 1
25 92 1338 1
92 25 1338 1
72 105 795 1
105 72 795 1
19 59 618 1
59 19 618 1
57 66 576 1
66 57 576 1
86 105 797 1
105 86 797 1
16 33 609 1
33 16 609 1
17 29 223 1
29 17 223 1
28 93 1101 1
93 28 1101 1
34 61 571 1
61 34 571 1
44 72 894 1
72 44 894 1
53 114 535 1
114 53 535 1
55 110 380 1
110 55 380 1
5 43 1235 1
43 5 1235 1
24 37 815 1
37 24 815 1
37 88 804 1
88 37 804 1
39 115 411 1
115 39 411 1
47 109 317 1
109 47 317 1
71 101 966 1
101 71 966 1
31 64 1128 1
64 31 1128 1
34 78 466 1
78 34 466 1
79 97 479 1
97 79 479 1
7 71 395 1
71 7 395 1
16 110 683 1
110 16 683 1
43 55 485 1
55 43 485 1
83 100 1134 1
100 83 1134 1
26 103 1030 1
103 26 1030 1
27 43 1124 1
43 27 1124 1
32 35 357 1
35 32 357 1
37 85 343 1
85 37 343 1
63 81 293 1
81 63 293 1
6 88 860 1
88 6 860 1
9 43 1284 1
43 9 1284 1
14 45 1272 1
45 14 1272 1
21 27 209 1
27 21 209 1
68 90 1109 1
90 68 1109 1
74 82 336 1
82 74 336 1
90 114 392 1
114 90 392 1
97 100 590 1
100 97 590 1
11 34 799 1
34 11 799 1
89 115 561 1
115 89 561 1
8 13 868 1
13 8 868 1
15 41 349 1
41 15 349 1
15 106 965 1
106 15 965 1
21 53 1018 1
53 21 1018 1
47 51 339 1
51 47 339 1
3 5 603 1
5 3 603 1
5 48 1432 1
48 5 1432 1
14 95 814 1
95 14 814 1
15 48 1360 1
48 15 1360 1
15 102 1152 1
102 15 1152 1
24 100 1231 1
100 24 1231 1
48 64 369 1
64 48 369 1
63 85 364 1
85 63 364 1
79 96 717 1
96 79 717 1
8 43 1334 1
43 8 1334 1
20 86 362 1
86 20 362 1
23 97 1057 1
97 23 1057 1
29 81 342 1
81 29 342 1
57 100 1273 1
100 57 1273 1
74 94 426 1
94 74 426 1
75 82 661 1
82 75 661 1
94 115 181 1
115 94 181 1
0 66 594 1
66 0 594 1
21 93 922 1
93 21 922 1
22 27 524 1
27 22 524 1
46 79 801 1
79 46 801 1
49 109 629 1
109 49 629 1
69 100 1235 1
100 69 1235 1
33 67 474 1
67 33 474 1
36 101 815 1
101 36 815 1
38 106 276 1
106 38 276 1
84 85 1130 1
85 84 1130 1
7 8 828 1
8 7 828 1
8 49 1478 1
49 8 1478 1
15 74 683 1
74 15 683 1
16 43 905 1
43 16 905 1
25 82 617 1
82 25 617 1
56 66 485 1
66 56 485 1
59 83 1103 1
83 59 1103 1
62 64 300 1
64 62 300 1
78 110 569 1
110 78 569 1
11 46 1081 1
46 11 1081 1
25 46 1214 1
46 25 1214 1
50 80 641 1
80 50 641 1
12 64 932 1
64 12 932 1
14 71 582 1
71 14 582 1
108 110 194 1
110 108 194 1
14 72 328 1
72 14 328 1
15 47 1025 1
47 15 1025 1
28 64 752 1
64 28 752 1
39 104 557 1
104 39 557 1
53 82 1252 1
82 53 1252 1
106 109 391 1
109 106 391 1
2 83 913 1
83 2 913 1
6 12 248 1
12 6 248 1
16 52 739 1
52 16 739 1
20 104 727 1
104 20 727 1
55 79 394 1
79 55 394 1
87 100 1075 1
100 87 1075 1
2 29 756 1
29 2 756 1
9 52 1482 1
52 9 1482 1
39 105 458 1
105 39 458 1
1 32 484 1
32 1 484 1
77 95 322 1
95 77 322 1
25 41 554 1
41 25 554 1
39 92 812 1
92 39 812 1
43 109 418 1
109 43 418 1
34 59 511 1
59 34 511 1
35 65 453 1
65 35 453 1
40 49 1047 1
49 40 1047 1
69 88 1077 1
88 69 1077 1
69 102 1226 1
102 69 1226 1
72 82 298 1
82 72 298 1
18 32 279 1
32 18 279 1
28 41 661 1
41 28 661 1
36 78 263 1
78 36 263 1
37 79 267 1
79 37 267 1
39 108 341 1
108 39 341 1
52 61 1057 1
61 52 1057 1
77 94 396 1
94 77 396 1
91 104 542 1
104 91 542 1
7 14 868 1
14 7 868 1
9 47 1209 1
47 9 1209 1
30 45 1169 1
45 30 1169 1
40 93 908 1
93 40 908 1
66 86 1121 1
86 66 1121 1
78 108 559 1
108 78 559 1
18 74 626 1
74 18 626 1
32 46 706 1
46 32 706 1
50 62 545 1
62 50 545 1
52 80 618 1
80 52 618 1
5 95 829 1
95 5 829 1
31 85 906 1
85 31 906 1
42 109 434 1
109 42 434 1
45 114 688 1
114 45 688 1
55 102 675 1
102 55 675 1
29 113 879 1
113 29 879 1
38 96 284 1
96 38 284 1
73 108 560 1
108 73 560 1
74 93 940 1
93 74 940 1
92 94 455 1
94 92 455 1
101 114 359 1
114 101 359 1
2 23 340 1
23 2 340 1
3 92 1420 1
92 3 1420 1
6 87 1046 1
87 6 1046 1
16 63 1092 1
63 16 1092 1
24 65 1330 1
65 24 1330 1
32 70 418 1
70 32 418 1
34 52 574 1
52 34 574 1
57 68 520 1
68 57 520 1
16 62 313 1
62 16 313 1
30 72 390 1
72 30 390 1
101 115 407 1
115 101 407 1
1 85 630 1
85 1 630 1
5 41 483 1
41 5 483 1
7 65 934 1
65 7 934 1
14 114 959 1
114 14 959 1
28 94 557 1
94 28 557 1
29 60 1067 1
60 29 1067 1
0 64 574 1
64 0 574 1
5 47 1154 1
47 5 1154 1
5 104 1063 1
104 5 1063 1
9 114 1147 1
114 9 1147 1
21 48 1109 1
48 21 1109 1
24 38 730 1
38 24 730 1
28 87 873 1
87 28 873 1
30 64 1064 1
64 30 1064 1
39 40 508 1
40 39 508 1
88 115 538 1
115 88 538 1
5 105 1032 1
105 5 1032 1
12 82 376 1
82 12 376 1
22 65 1204 1
65 22 1204 1
29 55 507 1
55 29 507 1
8 51 1496 1
51 8 1496 1
28 39 686 1
39 28 686 1
29 54 871 1
54 29 871 1
45 72 948 1
72 45 948 1
76 85 717 1
85 76 717 1
76 88 509 1
88 76 509 1
77 106 633 1
106 77 633 1
81 85 175 1
85 81 175 1
94 97 266 1
97 94 266 1
15 104 1023 1
104 15 1023 1
56 97 920 1
97 56 920 1
60 88 724 1
88 60 724 1
10 48 1025 1
48 10 1025 1
49 114 742 1
114 49 742 1
50 84 554 1
84 50 554 1
90 94 414 1
94 90 414 1
9 45 1389 1
45 9 1389 1
73 78 740 1
78 73 740 1
100 113 356 1
113 100 356 1
33 61 545 1
61 33 545 1
52 78 622 1
78 52 622 1
93 106 650 1
106 93 650 1
98 102 260 1
102 98 260 1
23 85 1053 1
85 23 1053 1
38 85 837 1
85 38 837 1
48 82 1129 1
82 48 1129 1
52 53 746 1
53 52 746 1
54 85 906 1
85 54 906 1
83 104 916 1
104 83 916 1
20 72 238 1
72 20 238 1
21 42 978 1
42 21 978 1
29 97 574 1
97 29 574 1
33 42 788 1
42 33 788 1
53 95 553 1
95 53 553 1
75 105 690 1
105 75 690 1
11 53 1019 1
53 11 1019 1
39 100 771 1
100 39 771 1
59 65 304 1
65 59 304 1
68 100 1230 1
100 68 1230 1
91 97 336 1
97 91 336 1
10 44 1024 1
44 10 1024 1
18 56 478 1
56 18 478 1
19 34 584 1
34 19 584 1
23 93 1407 1
93 23 1407 1
33 110 636 1
110 33 636 1
51 75 837 1
75 51 837 1
79 113 788 1
113 79 788 1
96 107 486 1
107 96 486 1
103 106 532 1
106 103 532 1
8 64 1208 1
64 8 1208 1
11 23 552 1
23 11 552 1
13 22 606 1
22 13 606 1
33 66 503 1
66 33 503 1
36 114 494 1
114 36 494 1
47 49 380 1
49 47 380 1
60 78 455 1
78 60 455 1
14 101 1221 1
101 14 1221 1
25 95 871 1
95 25 871 1
32 52 860 1
52 32 860 1
34 85 678 1
85 34 678 1
9 12 856 1
12 9 856 1
31 54 940 1
54 31 940 1
40 83 731 1
83 40 731 1
51 114 700 1
114 51 700 1
60 65 898 1
65 60 898 1
73 103 803 1
103 73 803 1
24 79 893 1
79 24 893 1
26 107 808 1
107 26 808 1
43 79 634 1
79 43 634 1
38 40 158 1
40 38 158 1
39 97 289 1
97 39 289 1
1 69 441 1
69 1 441 1
5 109 897 1
109 5 897 1
44 114 674 1
114 44 674 1
75 102 865 1
102 75 865 1
20 114 742 1
114 20 742 1
90 102 246 1
102 90 246 1
3 90 1350 1
90 3 1350 1
14 106 722 1
106 14 722 1
63 64 1058 1
64 63 1058 1
74 77 362 1
77 74 362 1
76 78 312 1
78 76 312 1
12 20 477 1
20 12 477 1
47 78 767 1
78 47 767 1
2 99 1219 1
99 2 1219 1
12 15 906 1
15 12 906 1
40 94 393 1
94 40 393 1
0 23 768 1
23 0 768 1
8 25 389 1
25 8 389 1
16 65 1088 1
65 16 1088 1
2 38 808 1
38 2 808 1
18 66 623 1
66 18 623 1
18 83 953 1
83 18 953 1
19 63 644 1
63 19 644 1
24 89 1045 1
89 24 1045 1
40 101 898 1
101 40 898 1
83 115 786 1
115 83 786 1
109 112 348 1
112 109 348 1
2 18 379 1
18 2 379 1
19 67 590 1
67 19 590 1
44 52 464 1
52 44 464 1
51 72 1050 1
72 51 1050 1
51 95 646 1
95 51 646 1
55 89 213 1
89 55 213 1
57 62 1000 1
62 57 1000 1
88 100 425 1
100 88 425 1
37 91 517 1
91 37 517 1
22 87 870 1
87 22 870 1
28 76 345 1
76 28 345 1
29 98 934 1
98 29 934 1
46 51 585 1
51 46 585 1
67 86 1148 1
86 67 1148 1
80 112 813 1
112 80 813 1
9 105 1106 1
105 9 1106 1
12 70 392 1
70 12 392 1
24 60 1196 1
60 24 1196 1
36 39 517 1
39 36 517 1
42 61 760 1
61 42 760 1
69 104 1167 1
104 69 1167 1
25 47 1189 1
47 25 1189 1
53 70 1067 1
70 53 1067 1
4 15 597 1
15 4 597 1
24 83 669 1
83 24 669 1
30 73 455 1
73 30 455 1
1 46 993 1
46 1 993 1
9 46 1294 1
46 9 1294 1
15 95 730 1
95 15 730 1
20 95 541 1
95 20 541 1
20 105 754 1
105 20 754 1
40 114 619 1
114 40 619 1
45 82 1188 1
82 45 1188 1
47 96 412 1
96 47 412 1
69 84 944 1
84 69 944 1
2 28 507 1
28 2 507 1
12 28 275 1
28 12 275 1
20 53 1075 1
53 20 1075 1
32 110 609 1
110 32 609 1
12 13 959 1
13 12 959 1
16 42 811 1
42 16 811 1
26 109 775 1
109 26 775 1
29 107 605 1
107 29 605 1
41 92 949 1
92 41 949 1
85 113 705 1
113 85 705 1
101 108 495 1
108 101 495 1
0 48 847 1
48 0 847 1
4 48 1379 1
48 4 1379 1
5 32 873 1
32 5 873 1
10 11 986 1
11 10 986 1
31 60 1021 1
60 31 1021 1
54 83 966 1
83 54 966 1
11 17 224 1
17 11 224 1
15 109 824 1
109 15 824 1
42 70 898 1
70 42 898 1
51 52 786 1
52 51 786 1
60 113 938 1
113 60 938 1
77 96 456 1
96 77 456 1
96 100 371 1
100 96 371 1
101 105 274 1
105 101 274 1
7 109 932 1
109 7 932 1
16 35 644 1
35 16 644 1
56 87 1244 1
87 56 1244 1
56 113 1026 1
113 56 1026 1
87 88 1035 1
88 87 1035 1
26 106 767 1
106 26 767 1
71 83 425 1
83 71 425 1
91 112 368 1
112 91 368 1
1 88 1198 1
88 1 1198 1
58 115 947 1
115 58 947 1
4 111 1157 1
111 4 1157 1
5 71 431 1
71 5 431 1
11 35 710 1
35 11 710 1
16 84 311 1
84 16 311 1
18 82 891 1
82 18 891 1
28 101 1105 1
101 28 1105 1
73 96 674 1
96 73 674 1
83 101 854 1
101 83 854 1
93 114 346 1
114 93 346 1
18 72 618 1
72 18 618 1
37 73 278 1
73 37 278 1
43 112 376 1
112 43 376 1
45 50 474 1
50 45 474 1
45 71 933 1
71 45 933 1
77 115 503 1
115 77 503 1
102 115 318 1
115 102 318 1
6 97 1055 1
97 6 1055 1
19 62 792 1
62 19 792 1
27 110 890 1
110 27 890 1
63 89 569 1
89 63 569 1
73 74 458 1
74 73 458 1
94 103 496 1
103 94 496 1
21 92 1010 1
92 21 1010 1
28 74 188 1
74 28 188 1
30 40 513 1
40 30 513 1
39 85 433 1
85 39 433 1
45 48 304 1
48 45 304 1
45 94 668 1
94 45 668 1
56 69 542 1
69 56 542 1
60 83 1265 1
83 60 1265 1
7 82 962 1
82 7 962 1
15 46 1145 1
46 15 1145 1
21 109 565 1
109 21 565 1
27 47 1038 1
47 27 1038 1
59 85 741 1
85 59 741 1
62 85 1177 1
85 62 1177 1
9 71 488 1
71 9 488 1
22 86 800 1
86 22 800 1
37 83 399 1
83 37 399 1
37 87 433 1
87 37 433 1
51 61 458 1
61 51 458 1
96 103 531 1
103 96 531 1
12 71 631 1
71 12 631 1
22 92 1425 1
92 22 1425 1
29 89 469 1
89 29 469 1
36 102 505 1
102 36 505 1
67 88 939 1
88 67 939 1
68 86 1151 1
86 68 1151 1
100 108 467 1
108 100 467 1
12 42 1154 1
42 12 1154 1
28 91 1086 1
91 28 1086 1
66 84 731 1
84 66 731 1
0 87 1191 1
87 0 1191 1
4 27 279 1
27 4 279 1
30 88 865 1
88 30 865 1
48 52 415 1
52 48 415 1
48 71 1030 1
71 48 1030 1
69 103 1214 1
103 69 1214 1
89 107 337 1
107 89 337 1
98 109 329 1
109 98 329 1
14 105 983 1
105 14 983 1
39 112 619 1
112 39 619 1
60 61 893 1
61 60 893 1
77 101 754 1
101 77 754 1
78 115 652 1
115 78 652 1
94 106 271 1
106 94 271 1
11 43 952 1
43 11 952 1
21 39 356 1
39 21 356 1
60 103 1182 1
103 60 1182 1
92 106 400 1
106 92 400 1
4 43 1268 1
43 4 1268 1
12 91 1349 1
91 12 1349 1
28 45 1018 1
45 28 1018 1
47 63 665 1
63 47 665 1
77 78 550 1
78 77 550 1
98 100 250 1
100 98 250 1
25 101 1245 1
101 25 1245 1
39 72 575 1
72 39 575 1
41 83 252 1
83 41 252 1
69 113 1075 1
113 69 1075 1
13 47 1044 1
47 13 1044 1
23 100 1403 1
100 23 1403 1
82 106 562 1
106 82 562 1
88 96 385 1
96 88 385 1
13 30 546 1
30 13 546 1
18 105 1215 1
105 18 1215 1
29 103 822 1
103 29 822 1
34 66 268 1
66 34 268 1
39 79 371 1
79 39 371 1
73 81 406 1
81 73 406 1
89 108 535 1
108 89 535 1
94 108 97 1
108 94 97 1
101 104 464 1
104 101 464 1
1 100 1327 1
100 1 1327 1
2 4 569 1
4 2 569 1
3 42 1195 1
42 3 1195 1
8 86 437 1
86 8 437 1
12 30 419 1
30 12 419 1
18 71 561 1
71 18 561 1
26 68 1080 1
68 26 1080 1
29 62 1067 1
62 29 1067 1
25 91 1244 1
91 25 1244 1
34 43 397 1
43 34 397 1
46 80 618 1
80 46 618 1
83 103 815 1
103 83 815 1
101 103 106 1
103 101 106 1
106 114 322 1
114 106 322 1
2 108 982 1
108 2 982 1
3 64 1134 1
64 3 1134 1
6 37 937 1
37 6 937 1
7 27 597 1
27 7 597 1
31 77 552 1
77 31 552 1
2 112 1277 1
112 2 1277 1
5 18 901 1
18 5 901 1
10 23 699 1
23 10 699 1
12 72 358 1
72 12 358 1
18 68 315 1
68 18 315 1
46 62 638 1
62 46 638 1
48 72 921 1
72 48 921 1
60 69 564 1
69 60 564 1
6 99 1231 1
99 6 1231 1
8 87 860 1
87 8 860 1
9 106 1074 1
106 9 1074 1
19 84 968 1
84 19 968 1
20 42 954 1
42 20 954 1
25 109 919 1
109 25 919 1
30 76 537 1
76 30 537 1
90 95 589 1
95 90 589 1
0 31 726 1
31 0 726 1
5 45 1343 1
45 5 1343 1
10 65 1203 1
65 10 1203 1
15 71 394 1
71 15 394 1
49 61 452 1
61 49 452 1
55 73 498 1
73 55 498 1
57 81 488 1
81 57 488 1
67 90 867 1
90 67 867 1
2 22 228 1
22 2 228 1
5 75 500 1
75 5 500 1
25 72 583 1
72 25 583 1
27 84 956 1
84 27 956 1
40 103 804 1
103 40 804 1
54 101 738 1
101 54 738 1
64 89 1175 1
89 64 1175 1
93 115 401 1
115 93 401 1
8 12 346 1
12 8 346 1
12 27 629 1
27 12 629 1
29 84 1027 1
84 29 1027 1
41 44 981 1
44 41 981 1
49 106 982 1
106 49 982 1
54 103 653 1
103 54 653 1
59 74 961 1
74 59 961 1
69 85 858 1
85 69 858 1
83 93 883 1
93 83 883 1
1 67 578 1
67 1 578 1
5 46 1206 1
46 5 1206 1
