116 2668
30 31 127 1
31 30 127 1
80 81 1113 1
81 80 1113 1
24 25 135 1
25 24 135 1
28 72 116 1
72 28 116 1
73 75 84 1
75 73 84 1
42 43 239 1
43 42 239 1
104 107 401 1
107 104 401 1
37 39 117 1
39 37 117 1
43 47 146 1
47 43 146 1
58 59 496 1
59 58 496 1
29 72 629 1
72 29 629 1
74 76 203 1
76 74 203 1
16 17 998 1
17 16 998 1
16 56 380 1
56 16 380 1
60 63 1021 1
63 60 1021 1
52 61 1057 1
61 52 1057 1
75 77 210 1
77 75 210 1
58 60 266 1
60 58 266 1
35 67 262 1
67 35 262 1
75 76 374 1
76 75 374 1
5 9 157 1
9 5 157 1
43 46 341 1
46 43 341 1
11 13 168 1
13 11 168 1
50 67 562 1
67 50 562 1
51 52 786 1
52 51 786 1
58 61 717 1
61 58 717 1
42 46 173 1
46 42 173 1
42 47 281 1
47 42 281 1
28 29 741 1
29 28 741 1
76 77 238 1
77 76 238 1
5 27 165 1
27 5 165 1
46 47 309 1
47 46 309 1
73 77 274 1
77 73 274 1
73 74 458 1
74 73 458 1
39 41 161 1
41 39 161 1
91 93 118 1
93 91 118 1
2 6 165 1
6 2 165 1
36 37 542 1
37 36 542 1
74 75 389 1
75 74 389 1
46 49 541 1
49 46 541 1
79 81 136 1
81 79 136 1
17 81 182 1
81 17 182 1
84 88 224 1
88 84 224 1
64 84 478 1
84 64 478 1
104 105 204 1
105 104 204 1
95 109 146 1
109 95 146 1
95 108 123 1
108 95 123 1
13 15 277 1
15 13 277 1
22 88 1044 1
88 22 1044 1
45 67 282 1
67 45 282 1
32 80 590 1
80 32 590 1
56 57 840 1
57 56 840 1
62 63 1134 1
63 62 1134 1
15 37 533 1
37 15 533 1
42 49 396 1
49 42 396 1
60 61 893 1
61 60 893 1
56 58 427 1
58 56 427 1
20 21 185 1
21 20 185 1
78 80 116 1
80 78 116 1
16 78 122 1
78 16 122 1
8 22 480 1
22 8 480 1
6 22 333 1
22 6 333 1
44 49 304 1
49 44 304 1
10 12 181 1
12 10 181 1
29 81 342 1
81 29 342 1
44 46 353 1
46 44 353 1
1 11 394 1
11 1 394 1
46 98 212 1
98 46 212 1
48 51 548 1
51 48 548 1
0 60 405 1
60 0 405 1
47 49 380 1
49 47 380 1
22 23 140 1
23 22 140 1
48 52 415 1
52 48 415 1
37 41 217 1
41 37 217 1
28 80 329 1
80 28 329 1
44 45 194 1
45 44 194 1
59 61 271 1
61 59 271 1
6 23 465 1
23 6 465 1
96 98 184 1
98 96 184 1
15 39 506 1
39 15 506 1
2 23 340 1
23 2 340 1
51 61 458 1
61 51 458 1
16 28 220 1
28 16 220 1
73 76 450 1
76 73 450 1
43 45 199 1
45 43 199 1
11 17 224 1
17 11 224 1
59 66 363 1
66 59 363 1
100 102 87 1
102 100 87 1
26 27 135 1
27 26 135 1
1 13 546 1
13 1 546 1
4 15 597 1
15 4 597 1
16 80 152 1
80 16 152 1
56 78 391 1
78 56 391 1
106 114 322 1
114 106 322 1
43 49 240 1
49 43 240 1
32 81 728 1
81 32 728 1
105 114 152 1
114 105 152 1
36 81 848 1
81 36 848 1
78 81 1002 1
81 78 1002 1
19 69 323 1
69 19 323 1
36 80 330 1
80 36 330 1
12 14 278 1
14 12 278 1
35 50 559 1
50 35 559 1
38 52 654 1
52 38 654 1
49 55 664 1
55 49 664 1
96 111 286 1
111 96 286 1
28 81 975 1
81 28 975 1
2 22 228 1
22 2 228 1
68 69 164 1
69 68 164 1
79 80 991 1
80 79 991 1
70 76 285 1
76 70 285 1
94 115 181 1
115 94 181 1
1 57 172 1
57 1 172 1
7 65 934 1
65 7 934 1
11 29 239 1
29 11 239 1
52 54 402 1
54 52 402 1
62 80 268 1
80 62 268 1
67 110 507 1
110 67 507 1
34 67 275 1
67 34 275 1
66 105 960 1
105 66 960 1
64 88 675 1
88 64 675 1
92 102 211 1
102 92 211 1
52 60 638 1
60 52 638 1
23 88 1119 1
88 23 1119 1
46 55 584 1
55 46 584 1
0 58 565 1
58 0 565 1
25 30 292 1
30 25 292 1
34 35 126 1
35 34 126 1
16 57 981 1
57 16 981 1
21 25 360 1
25 21 360 1
58 63 892 1
63 58 892 1
1 56 851 1
56 1 851 1
22 30 218 1
30 22 218 1
90 91 735 1
91 90 735 1
90 92 135 1
92 90 135 1
12 60 825 1
60 12 825 1
43 98 522 1
98 43 522 1
70 73 402 1
73 70 402 1
28 36 321 1
36 28 321 1
43 55 485 1
55 43 485 1
2 50 1192 1
50 2 1192 1
38 86 366 1
86 38 366 1
42 45 300 1
45 42 300 1
16 81 1063 1
81 16 1063 1
24 67 1223 1
67 24 1223 1
99 111 265 1
111 99 265 1
4 26 161 1
26 4 161 1
6 70 405 1
70 6 405 1
4 38 638 1
38 4 638 1
17 29 223 1
29 17 223 1
108 109 87 1
109 108 87 1
3 7 185 1
7 3 185 1
96 110 214 1
110 96 214 1
5 89 870 1
89 5 870 1
25 31 272 1
31 25 272 1
42 79 812 1
79 42 812 1
51 54 884 1
54 51 884 1
48 98 566 1
98 48 566 1
56 62 252 1
62 56 252 1
7 23 337 1
23 7 337 1
70 75 355 1
75 70 355 1
72 81 860 1
81 72 860 1
9 23 475 1
23 9 475 1
21 24 413 1
24 21 413 1
27 104 911 1
104 27 911 1
70 77 376 1
77 70 376 1
93 101 103 1
101 93 103 1
38 54 263 1
54 38 263 1
13 17 364 1
17 13 364 1
28 83 861 1
83 28 861 1
74 77 362 1
77 74 362 1
22 70 443 1
70 22 443 1
24 30 283 1
30 24 283 1
24 85 1108 1
85 24 1108 1
25 27 193 1
27 25 193 1
25 85 1018 1
85 25 1018 1
105 107 233 1
107 105 233 1
5 26 263 1
26 5 263 1
57 69 378 1
69 57 378 1
14 18 837 1
18 14 837 1
70 74 155 1
74 70 155 1
52 58 705 1
58 52 705 1
93 107 357 1
107 93 357 1
11 15 385 1
15 11 385 1
6 7 710 1
7 6 710 1
7 9 490 1
9 7 490 1
26 110 904 1
110 26 904 1
47 55 367 1
55 47 367 1
86 88 460 1
88 86 460 1
39 55 254 1
55 39 254 1
12 90 1061 1
90 12 1061 1
30 74 403 1
74 30 403 1
103 105 173 1
105 103 173 1
104 109 377 1
109 104 377 1
22 82 706 1
82 22 706 1
71 75 163 1
75 71 163 1
17 28 894 1
28 17 894 1
92 100 157 1
100 92 157 1
25 67 1191 1
67 25 1191 1
37 38 515 1
38 37 515 1
15 29 295 1
29 15 295 1
41 75 187 1
75 41 187 1
17 112 924 1
112 17 924 1
83 85 549 1
85 83 549 1
47 96 412 1
96 47 412 1
12 72 358 1
72 12 358 1
71 73 163 1
73 71 163 1
114 115 96 1
115 114 96 1
59 69 338 1
69 59 338 1
82 87 849 1
87 82 849 1
70 91 1000 1
91 70 1000 1
84 87 1148 1
87 84 1148 1
6 8 485 1
8 6 485 1
27 66 1140 1
66 27 1140 1
72 80 384 1
80 72 384 1
6 64 941 1
64 6 941 1
82 84 544 1
84 82 544 1
20 71 311 1
71 20 311 1
37 75 239 1
75 37 239 1
30 73 455 1
73 30 455 1
45 49 111 1
49 45 111 1
100 101 656 1
101 100 656 1
5 23 453 1
23 5 453 1
17 78 955 1
78 17 955 1
58 69 426 1
69 58 426 1
88 89 1035 1
89 88 1035 1
29 80 961 1
80 29 961 1
13 29 290 1
29 13 290 1
40 41 506 1
41 40 506 1
113 114 95 1
114 113 95 1
48 55 832 1
55 48 832 1
8 64 1208 1
64 8 1208 1
17 80 1070 1
80 17 1070 1
22 64 1169 1
64 22 1169 1
10 14 380 1
14 10 380 1
36 72 276 1
72 36 276 1
82 86 143 1
86 82 143 1
82 88 444 1
88 82 444 1
91 101 197 1
101 91 197 1
106 115 278 1
115 106 278 1
26 38 554 1
38 26 554 1
28 32 528 1
32 28 528 1
80 83 1100 1
83 80 1100 1
47 98 442 1
98 47 442 1
100 113 356 1
113 100 356 1
14 82 179 1
82 14 179 1
42 98 381 1
98 42 381 1
102 111 440 1
111 102 440 1
36 40 213 1
40 36 213 1
58 66 198 1
66 58 198 1
62 83 1241 1
83 62 1241 1
78 79 878 1
79 78 878 1
17 79 135 1
79 17 135 1
23 27 506 1
27 23 506 1
32 33 149 1
33 32 149 1
56 66 485 1
66 56 485 1
60 72 692 1
72 60 692 1
17 57 439 1
57 17 439 1
23 30 259 1
30 23 259 1
83 87 158 1
87 83 158 1
84 101 1042 1
101 84 1042 1
95 104 381 1
104 95 381 1
24 110 1066 1
110 24 1066 1
17 37 368 1
37 17 368 1
21 110 690 1
110 21 690 1
22 84 1027 1
84 22 1027 1
4 5 350 1
5 4 350 1
60 62 241 1
62 60 241 1
14 86 272 1
86 14 272 1
36 83 816 1
83 36 816 1
91 107 371 1
107 91 371 1
39 89 325 1
89 39 325 1
66 69 349 1
69 66 349 1
104 108 301 1
108 104 301 1
61 63 238 1
63 61 238 1
3 89 961 1
89 3 961 1
12 61 1246 1
61 12 1246 1
29 78 851 1
78 29 851 1
42 80 740 1
80 42 740 1
45 46 448 1
46 45 448 1
17 56 1024 1
56 17 1024 1
56 63 1014 1
63 56 1014 1
27 95 702 1
95 27 702 1
37 55 221 1
55 37 221 1
84 89 1110 1
89 84 1110 1
23 31 199 1
31 23 199 1
30 76 537 1
76 30 537 1
10 60 650 1
60 10 650 1
19 23 597 1
23 19 597 1
20 25 402 1
25 20 402 1
20 87 562 1
87 20 562 1
26 66 1142 1
66 26 1142 1
49 81 721 1
81 49 721 1
48 50 202 1
50 48 202 1
71 77 297 1
77 71 297 1
30 64 1064 1
64 30 1064 1
57 59 382 1
59 57 382 1
30 70 259 1
70 30 259 1
70 71 263 1
71 70 263 1
37 77 246 1
77 37 246 1
40 109 467 1
109 40 467 1
46 96 270 1
96 46 270 1
32 79 600 1
79 32 600 1
23 82 788 1
82 23 788 1
30 84 877 1
84 30 877 1
72 78 300 1
78 72 300 1
7 64 1244 1
64 7 1244 1
29 32 631 1
32 29 631 1
32 36 555 1
36 32 555 1
29 36 705 1
36 29 705 1
20 30 328 1
30 20 328 1
66 103 1026 1
103 66 1026 1
1 17 391 1
17 1 391 1
59 60 718 1
60 59 718 1
31 64 1128 1
64 31 1128 1
41 73 204 1
73 41 204 1
51 53 271 1
53 51 271 1
76 91 787 1
91 76 787 1
2 67 952 1
67 2 952 1
55 96 492 1
96 55 492 1
38 55 598 1
55 38 598 1
49 98 742 1
98 49 742 1
2 8 554 1
8 2 554 1
80 85 1121 1
85 80 1121 1
0 10 381 1
10 0 381 1
15 52 1350 1
52 15 1350 1
23 25 373 1
25 23 373 1
7 88 1209 1
88 7 1209 1
39 40 508 1
40 39 508 1
48 54 669 1
54 48 669 1
15 38 793 1
38 15 793 1
41 76 493 1
76 41 493 1
31 33 517 1
33 31 517 1
48 61 765 1
61 48 765 1
56 80 431 1
80 56 431 1
14 15 772 1
15 14 772 1
3 88 1145 1
88 3 1145 1
17 36 828 1
36 17 828 1
41 83 252 1
83 41 252 1
42 44 208 1
44 42 208 1
59 105 1100 1
105 59 1100 1
10 13 1004 1
13 10 1004 1
6 88 860 1
88 6 860 1
18 54 967 1
54 18 967 1
27 115 829 1
115 27 829 1
30 77 559 1
77 30 559 1
38 39 465 1
39 38 465 1
81 83 446 1
83 81 446 1
3 5 603 1
5 3 603 1
35 110 305 1
110 35 305 1
50 96 527 1
96 50 527 1
50 110 492 1
110 50 492 1
22 24 386 1
24 22 386 1
64 82 943 1
82 64 943 1
71 76 392 1
76 71 392 1
98 111 265 1
111 98 265 1
8 14 205 1
14 8 205 1
9 65 1235 1
65 9 1235 1
30 85 964 1
85 30 964 1
104 114 171 1
114 104 171 1
0 56 174 1
56 0 174 1
13 65 935 1
65 13 935 1
57 81 488 1
81 57 488 1
70 82 411 1
82 70 411 1
20 24 393 1
24 20 393 1
24 27 252 1
27 24 252 1
57 78 938 1
78 57 938 1
72 76 257 1
76 72 257 1
22 93 1426 1
93 22 1426 1
7 13 237 1
13 7 237 1
14 29 801 1
29 14 801 1
64 101 1142 1
101 64 1142 1
111 112 111 1
112 111 111 1
23 64 1238 1
64 23 1238 1
55 98 606 1
98 55 606 1
0 63 1010 1
63 0 1010 1
10 11 986 1
11 10 986 1
16 95 729 1
95 16 729 1
31 85 906 1
85 31 906 1
58 105 1107 1
105 58 1107 1
32 72 471 1
72 32 471 1
43 67 388 1
67 43 388 1
47 79 596 1
79 47 596 1
2 64 992 1
64 2 992 1
28 60 684 1
60 28 684 1
43 81 665 1
81 43 665 1
59 63 501 1
63 59 501 1
84 85 1130 1
85 84 1130 1
91 99 166 1
99 91 166 1
46 79 801 1
79 46 801 1
47 81 624 1
81 47 624 1
0 61 943 1
61 0 943 1
13 61 843 1
61 13 843 1
51 59 486 1
59 51 486 1
16 29 882 1
29 16 882 1
23 110 1096 1
110 23 1096 1
30 101 1224 1
101 30 1224 1
69 105 1158 1
105 69 1158 1
3 19 382 1
19 3 382 1
12 18 670 1
18 12 670 1
49 57 619 1
57 49 619 1
96 112 337 1
112 96 337 1
24 31 318 1
31 24 318 1
28 78 272 1
78 28 272 1
33 35 375 1
35 33 375 1
46 81 867 1
81 46 867 1
76 101 848 1
101 76 848 1
8 30 385 1
30 8 385 1
18 52 1125 1
52 18 1125 1
23 94 1022 1
94 23 1022 1
26 67 1128 1
67 26 1128 1
31 62 966 1
62 31 966 1
31 71 265 1
71 31 265 1
1 32 484 1
32 1 484 1
31 101 1215 1
101 31 1215 1
36 79 738 1
79 36 738 1
40 76 327 1
76 40 327 1
42 62 705 1
62 42 705 1
54 61 1045 1
61 54 1045 1
4 86 435 1
86 4 435 1
11 41 473 1
41 11 473 1
15 36 848 1
36 15 848 1
16 72 287 1
72 16 287 1
23 89 1070 1
89 23 1070 1
39 54 618 1
54 39 618 1
40 83 731 1
83 40 731 1
51 98 763 1
98 51 763 1
56 60 232 1
60 56 232 1
57 58 735 1
58 57 735 1
60 91 1127 1
91 60 1127 1
72 83 754 1
83 72 754 1
5 88 1026 1
88 5 1026 1
6 30 365 1
30 6 365 1
12 13 959 1
13 12 959 1
15 41 349 1
41 15 349 1
31 83 561 1
83 31 561 1
95 112 395 1
112 95 395 1
99 112 272 1
112 99 272 1
15 17 481 1
17 15 481 1
45 47 345 1
47 45 345 1
90 98 163 1
98 90 163 1
3 9 596 1
9 3 596 1
5 25 129 1
25 5 129 1
6 82 587 1
82 6 587 1
17 72 781 1
72 17 781 1
31 74 479 1
74 31 479 1
49 79 702 1
79 49 702 1
8 23 562 1
23 8 562 1
20 100 857 1
100 20 857 1
22 67 1070 1
67 22 1070 1
24 34 1021 1
34 24 1021 1
35 86 906 1
86 35 906 1
65 100 1146 1
100 65 1146 1
1 58 829 1
58 1 829 1
24 97 1000 1
97 24 1000 1
30 71 303 1
71 30 303 1
42 81 865 1
81 42 865 1
98 99 479 1
99 98 479 1
36 76 232 1
76 36 232 1
40 74 182 1
74 40 182 1
87 88 1035 1
88 87 1035 1
18 22 537 1
22 18 537 1
9 89 869 1
89 9 869 1
30 87 699 1
87 30 699 1
48 96 608 1
96 48 608 1
23 113 1322 1
113 23 1322 1
25 89 956 1
89 25 956 1
27 105 897 1
105 27 897 1
35 77 284 1
77 35 284 1
43 96 503 1
96 43 503 1
61 90 1156 1
90 61 1156 1
19 68 313 1
68 19 313 1
20 110 682 1
110 20 682 1
24 45 1393 1
45 24 1393 1
25 94 912 1
94 25 912 1
98 112 277 1
112 98 277 1
1 16 963 1
16 1 963 1
2 110 1015 1
110 2 1015 1
21 100 934 1
100 21 934 1
52 90 240 1
90 52 240 1
56 59 788 1
59 56 788 1
1 69 441 1
69 1 441 1
6 101 1437 1
101 6 1437 1
14 72 328 1
72 14 328 1
22 110 1082 1
110 22 1082 1
32 46 706 1
46 32 706 1
73 87 395 1
87 73 395 1
27 108 748 1
108 27 748 1
65 89 679 1
89 65 679 1
74 83 697 1
83 74 697 1
20 76 380 1
76 20 380 1
29 79 257 1
79 29 257 1
48 49 410 1
49 48 410 1
12 29 886 1
29 12 886 1
25 45 1358 1
45 25 1358 1
66 95 734 1
95 66 734 1
99 113 264 1
113 99 264 1
108 112 335 1
112 108 335 1
23 115 1150 1
115 23 1150 1
29 37 304 1
37 29 304 1
39 87 370 1
87 39 370 1
70 87 695 1
87 70 695 1
10 107 1065 1
107 10 1065 1
37 54 645 1
54 37 645 1
31 84 971 1
84 31 971 1
42 55 629 1
55 42 629 1
11 39 572 1
39 11 572 1
12 28 275 1
28 12 275 1
25 110 1042 1
110 25 1042 1
71 87 510 1
87 71 510 1
82 89 1043 1
89 82 1043 1
14 22 562 1
22 14 562 1
35 96 448 1
96 35 448 1
71 92 1069 1
92 71 1069 1
0 62 386 1
62 0 386 1
22 113 1310 1
113 22 1310 1
34 45 409 1
45 34 409 1
41 77 345 1
77 41 345 1
65 88 1179 1
88 65 1179 1
71 91 911 1
91 71 911 1
91 104 542 1
104 91 542 1
1 28 918 1
28 1 918 1
2 10 438 1
10 2 438 1
2 88 959 1
88 2 959 1
43 48 391 1
48 43 391 1
10 68 756 1
68 10 756 1
49 62 929 1
62 49 929 1
52 91 777 1
91 52 777 1
107 113 400 1
113 107 400 1
2 18 379 1
18 2 379 1
5 35 974 1
35 5 974 1
27 109 761 1
109 27 761 1
63 80 1146 1
80 63 1146 1
6 18 473 1
18 6 473 1
21 26 271 1
26 21 271 1
30 100 1157 1
100 30 1157 1
40 95 491 1
95 40 491 1
87 89 476 1
89 87 476 1
6 91 1386 1
91 6 1386 1
16 79 934 1
79 16 934 1
24 43 1300 1
43 24 1300 1
30 83 641 1
83 30 641 1
4 35 987 1
35 4 987 1
9 88 1163 1
88 9 1163 1
57 63 249 1
63 57 249 1
77 90 787 1
90 77 787 1
7 82 962 1
82 7 962 1
7 114 1176 1
114 7 1176 1
34 115 566 1
115 34 566 1
48 90 628 1
90 48 628 1
11 16 1004 1
16 11 1004 1
12 92 1168 1
92 12 1168 1
21 31 344 1
31 21 344 1
35 45 385 1
45 35 385 1
92 93 608 1
93 92 608 1
32 62 548 1
62 32 548 1
44 55 743 1
55 44 743 1
57 80 1050 1
80 57 1050 1
108 111 286 1
111 108 286 1
16 58 720 1
58 16 720 1
36 41 570 1
41 36 570 1
51 58 753 1
58 51 753 1
2 14 572 1
14 2 572 1
10 61 1158 1
61 10 1158 1
30 113 1109 1
113 30 1109 1
64 93 1076 1
93 64 1076 1
84 100 555 1
100 84 555 1
2 94 947 1
94 2 947 1
8 110 1076 1
110 8 1076 1
96 102 343 1
102 96 343 1
28 62 527 1
62 28 527 1
22 92 1425 1
92 22 1425 1
75 91 753 1
91 75 753 1
5 34 1016 1
34 5 1016 1
20 85 844 1
85 20 844 1
43 79 634 1
79 43 634 1
61 69 456 1
69 61 456 1
4 13 743 1
13 4 743 1
11 56 1037 1
56 11 1037 1
12 52 1107 1
52 12 1107 1
12 91 1349 1
91 12 1349 1
36 39 517 1
39 36 517 1
40 77 472 1
77 40 472 1
1 29 521 1
29 1 521 1
49 80 1008 1
80 49 1008 1
62 101 1225 1
101 62 1225 1
10 98 865 1
98 10 865 1
21 30 349 1
30 21 349 1
21 96 648 1
96 21 648 1
62 109 711 1
109 62 711 1
4 52 1272 1
52 4 1272 1
27 89 807 1
89 27 807 1
35 38 574 1
38 35 574 1
1 15 757 1
15 1 757 1
19 95 883 1
95 19 883 1
21 85 716 1
85 21 716 1
22 31 234 1
31 22 234 1
24 83 669 1
83 24 669 1
31 113 1132 1
113 31 1132 1
54 96 167 1
96 54 167 1
10 93 1289 1
93 10 1289 1
70 90 900 1
90 70 900 1
71 90 1013 1
90 71 1013 1
90 102 246 1
102 90 246 1
90 107 713 1
107 90 713 1
91 103 258 1
103 91 258 1
10 91 1269 1
91 10 1269 1
20 31 387 1
31 20 387 1
28 40 248 1
40 28 248 1
32 40 629 1
40 32 629 1
37 73 278 1
73 37 278 1
38 48 841 1
48 38 841 1
46 48 368 1
48 46 368 1
2 12 394 1
12 2 394 1
16 66 708 1
66 16 708 1
37 76 441 1
76 37 441 1
57 68 520 1
68 57 520 1
69 104 1167 1
104 69 1167 1
95 111 347 1
111 95 347 1
12 15 906 1
15 12 906 1
23 84 1113 1
84 23 1113 1
41 55 403 1
55 41 403 1
22 35 922 1
35 22 922 1
26 96 811 1
96 26 811 1
29 75 189 1
75 29 189 1
56 109 765 1
109 56 765 1
1 61 385 1
61 1 385 1
3 86 986 1
86 3 986 1
5 19 902 1
19 5 902 1
18 19 147 1
19 18 147 1
27 67 1105 1
67 27 1105 1
97 111 292 1
111 97 292 1
8 67 1258 1
67 8 1258 1
20 113 831 1
113 20 831 1
102 112 391 1
112 102 391 1
5 39 639 1
39 5 639 1
12 93 1368 1
93 12 1368 1
23 105 1262 1
105 23 1262 1
23 24 403 1
24 23 403 1
25 34 1006 1
34 25 1006 1
32 49 731 1
49 32 731 1
90 93 690 1
93 90 690 1
3 23 271 1
23 3 271 1
22 101 1426 1
101 22 1426 1
41 87 263 1
87 41 263 1
5 104 1063 1
104 5 1063 1
6 93 1425 1
93 6 1425 1
9 27 309 1
27 9 309 1
14 28 286 1
28 14 286 1
63 100 1236 1
100 63 1236 1
10 17 1029 1
17 10 1029 1
22 50 1336 1
50 22 1336 1
34 50 475 1
50 34 475 1
43 44 290 1
44 43 290 1
66 104 942 1
104 66 942 1
15 55 721 1
55 15 721 1
21 113 840 1
113 21 840 1
41 74 484 1
74 41 484 1
53 84 1054 1
84 53 1054 1
65 113 852 1
113 65 852 1
72 74 76 1
74 72 76 1
29 39 339 1
39 29 339 1
3 13 410 1
13 3 410 1
19 27 874 1
27 19 874 1
26 50 1256 1
50 26 1256 1
30 82 534 1
82 30 534 1
59 104 1146 1
104 59 1146 1
81 98 940 1
98 81 940 1
101 102 595 1
102 101 595 1
20 77 434 1
77 20 434 1
0 52 934 1
52 0 934 1
3 15 589 1
15 3 589 1
20 92 945 1
92 20 945 1
32 78 484 1
78 32 484 1
48 69 703 1
69 48 703 1
71 74 359 1
74 71 359 1
72 87 771 1
87 72 771 1
6 12 248 1
12 6 248 1
6 102 1207 1
102 6 1207 1
18 68 315 1
68 18 315 1
36 74 242 1
74 36 242 1
86 105 797 1
105 86 797 1
99 107 302 1
107 99 302 1
1 89 788 1
89 1 788 1
4 37 812 1
37 4 812 1
25 83 553 1
83 25 553 1
36 75 517 1
75 36 517 1
42 78 692 1
78 42 692 1
62 72 566 1
72 62 566 1
77 92 835 1
92 77 835 1
95 99 272 1
99 95 272 1
0 66 594 1
66 0 594 1
57 79 431 1
79 57 431 1
9 87 450 1
87 9 450 1
20 102 804 1
102 20 804 1
33 34 394 1
34 33 394 1
37 81 336 1
81 37 336 1
63 101 920 1
101 63 920 1
7 92 1445 1
92 7 1445 1
37 40 562 1
40 37 562 1
84 107 904 1
107 84 904 1
99 101 266 1
101 99 266 1
107 114 333 1
114 107 333 1
2 104 1217 1
104 2 1217 1
11 37 515 1
37 11 515 1
11 38 884 1
38 11 884 1
24 26 201 1
26 24 201 1
24 94 920 1
94 24 920 1
35 90 713 1
90 35 713 1
36 38 122 1
38 36 122 1
38 60 768 1
60 38 768 1
105 115 176 1
115 105 176 1
3 27 634 1
27 3 634 1
21 27 209 1
27 21 209 1
21 102 871 1
102 21 871 1
32 83 847 1
83 32 847 1
46 80 618 1
80 46 618 1
60 90 787 1
90 60 787 1
85 111 651 1
111 85 651 1
107 109 392 1
109 107 392 1
38 61 1021 1
61 38 1021 1
75 87 423 1
87 75 423 1
92 113 313 1
113 92 313 1
2 93 1417 1
93 2 1417 1
23 107 1121 1
107 23 1121 1
88 92 521 1
92 88 521 1
8 82 379 1
82 8 379 1
18 88 1010 1
88 18 1010 1
28 63 1049 1
63 28 1049 1
30 88 865 1
88 30 865 1
68 99 1044 1
99 68 1044 1
71 107 693 1
107 71 693 1
86 87 805 1
87 86 805 1
0 59 847 1
59 0 847 1
0 69 556 1
69 0 556 1
7 89 868 1
89 7 868 1
50 94 604 1
94 50 604 1
55 81 401 1
81 55 401 1
64 65 897 1
65 64 897 1
105 109 371 1
109 105 371 1
8 84 881 1
84 8 881 1
16 109 631 1
109 16 631 1
23 67 1077 1
67 23 1077 1
27 110 890 1
110 27 890 1
54 86 568 1
86 54 568 1
62 78 287 1
78 62 287 1
75 92 967 1
92 75 967 1
80 99 917 1
99 80 917 1
80 101 1111 1
101 80 1111 1
96 99 428 1
99 96 428 1
103 106 532 1
106 103 532 1
2 107 1169 1
107 2 1169 1
22 76 708 1
76 22 708 1
27 106 796 1
106 27 796 1
29 41 234 1
41 29 234 1
33 40 654 1
40 33 654 1
37 52 879 1
52 37 879 1
72 75 453 1
75 72 453 1
23 104 1270 1
104 23 1270 1
44 53 562 1
53 44 562 1
1 81 501 1
81 1 501 1
13 60 1245 1
60 13 1245 1
11 81 403 1
81 11 403 1
98 102 260 1
102 98 260 1
107 110 468 1
110 107 468 1
112 114 196 1
114 112 196 1
26 45 1266 1
45 26 1266 1
38 96 284 1
96 38 284 1
48 67 417 1
67 48 417 1
52 59 956 1
59 52 956 1
73 82 720 1
82 73 720 1
3 97 966 1
97 3 966 1
12 38 624 1
38 12 624 1
37 79 267 1
79 37 267 1
52 98 272 1
98 52 272 1
97 106 471 1
106 97 471 1
100 112 410 1
112 100 410 1
3 39 792 1
39 3 792 1
6 92 1291 1
92 6 1291 1
7 22 454 1
22 7 454 1
24 50 1395 1
50 24 1395 1
29 83 227 1
83 29 227 1
1 60 923 1
60 1 923 1
82 83 881 1
83 82 881 1
85 87 616 1
87 85 616 1
2 19 481 1
19 2 481 1
18 35 624 1
35 18 624 1
51 69 746 1
69 51 746 1
75 90 927 1
90 75 927 1
82 106 562 1
106 82 562 1
91 94 561 1
94 91 561 1
28 76 345 1
76 28 345 1
31 109 819 1
109 31 819 1
51 112 579 1
112 51 579 1
1 39 746 1
39 1 746 1
6 31 464 1
31 6 464 1
23 70 494 1
70 23 494 1
28 31 545 1
31 28 545 1
30 33 526 1
33 30 526 1
40 62 664 1
62 40 664 1
3 82 903 1
82 3 903 1
6 84 795 1
84 6 795 1
14 68 1034 1
68 14 1034 1
25 97 955 1
97 25 955 1
32 97 697 1
97 32 697 1
69 89 1015 1
89 69 1015 1
85 108 596 1
108 85 596 1
7 19 519 1
19 7 519 1
13 39 622 1
39 13 622 1
20 74 213 1
74 20 213 1
71 105 832 1
105 71 832 1
97 99 180 1
99 97 180 1
21 92 1010 1
92 21 1010 1
25 35 978 1
35 25 978 1
33 110 636 1
110 33 636 1
51 60 912 1
60 51 912 1
56 81 1090 1
81 56 1090 1
4 68 1109 1
68 4 1109 1
52 53 746 1
53 52 746 1
72 73 517 1
73 72 517 1
79 83 420 1
83 79 420 1
110 113 304 1
113 110 304 1
17 95 598 1
95 17 598 1
25 43 1261 1
43 25 1261 1
39 83 378 1
83 39 378 1
47 111 188 1
111 47 188 1
0 48 847 1
48 0 847 1
13 89 713 1
89 13 713 1
27 114 923 1
114 27 923 1
38 90 535 1
90 38 535 1
62 84 326 1
84 62 326 1
85 89 220 1
89 85 220 1
10 58 862 1
58 10 862 1
12 86 512 1
86 12 512 1
19 57 426 1
57 19 426 1
58 103 1188 1
103 58 1188 1
66 68 378 1
68 66 378 1
73 84 919 1
84 73 919 1
85 94 684 1
94 85 684 1
5 15 278 1
15 5 278 1
11 28 875 1
28 11 875 1
12 102 1064 1
102 12 1064 1
13 14 902 1
14 13 902 1
15 28 819 1
28 15 819 1
21 99 765 1
99 21 765 1
26 35 893 1
35 26 893 1
31 73 397 1
73 31 397 1
54 68 945 1
68 54 945 1
58 91 1077 1
91 58 1077 1
62 81 1169 1
81 62 1169 1
85 113 705 1
113 85 705 1
4 11 819 1
11 4 819 1
5 65 1232 1
65 5 1232 1
7 113 1243 1
113 7 1243 1
8 31 485 1
31 8 485 1
29 55 507 1
55 29 507 1
31 100 1216 1
100 31 1216 1
80 100 687 1
100 80 687 1
4 59 1372 1
59 4 1372 1
39 75 260 1
75 39 260 1
63 72 944 1
72 63 944 1
107 108 333 1
108 107 333 1
17 55 513 1
55 17 513 1
39 73 305 1
73 39 305 1
76 92 745 1
92 76 745 1
88 93 930 1
93 88 930 1
13 59 1042 1
59 13 1042 1
18 50 1005 1
50 18 1005 1
44 47 404 1
47 44 404 1
48 112 575 1
112 48 575 1
78 99 844 1
99 78 844 1
31 82 641 1
82 31 641 1
36 60 646 1
60 36 646 1
44 67 332 1
67 44 332 1
1 59 541 1
59 1 541 1
1 63 334 1
63 1 334 1
9 25 252 1
25 9 252 1
18 82 891 1
82 18 891 1
24 113 1216 1
113 24 1216 1
101 107 310 1
107 101 310 1
7 31 345 1
31 7 345 1
8 88 819 1
88 8 819 1
10 99 1105 1
99 10 1105 1
17 98 995 1
98 17 995 1
65 92 1075 1
92 65 1075 1
86 93 1081 1
93 86 1081 1
11 12 972 1
12 11 972 1
47 48 490 1
48 47 490 1
64 107 1075 1
107 64 1075 1
73 92 1046 1
92 73 1046 1
9 34 1087 1
34 9 1087 1
27 107 753 1
107 27 753 1
39 52 892 1
52 39 892 1
69 95 876 1
95 69 876 1
92 101 634 1
101 92 634 1
105 108 296 1
108 105 296 1
112 113 116 1
113 112 116 1
1 83 729 1
83 1 729 1
14 64 1035 1
64 14 1035 1
16 112 888 1
112 16 888 1
18 47 993 1
47 18 993 1
22 100 1358 1
100 22 1358 1
31 108 842 1
108 31 842 1
80 111 747 1
111 80 747 1
41 94 523 1
94 41 523 1
51 96 733 1
96 51 733 1
74 87 714 1
87 74 714 1
1 19 351 1
19 1 351 1
18 51 1036 1
51 18 1036 1
18 60 647 1
60 18 647 1
83 97 654 1
97 83 654 1
90 104 351 1
104 90 351 1
104 115 184 1
115 104 184 1
4 34 986 1
34 4 986 1
7 106 1176 1
106 7 1176 1
12 54 794 1
54 12 794 1
30 65 1102 1
65 30 1102 1
31 40 592 1
40 31 592 1
53 56 1149 1
56 53 1149 1
56 95 883 1
95 56 883 1
70 92 982 1
92 70 982 1
99 102 560 1
102 99 560 1
113 115 188 1
115 113 188 1
40 75 477 1
75 40 477 1
42 85 771 1
85 42 771 1
76 87 753 1
87 76 753 1
101 108 495 1
108 101 495 1
108 114 218 1
114 108 218 1
4 55 1003 1
55 4 1003 1
6 94 917 1
94 6 917 1
8 70 477 1
70 8 477 1
27 69 1092 1
69 27 1092 1
35 48 491 1
48 35 491 1
90 115 420 1
115 90 420 1
3 83 681 1
83 3 681 1
12 17 1046 1
17 12 1046 1
13 112 1199 1
112 13 1199 1
48 58 400 1
58 48 400 1
48 59 599 1
59 48 599 1
60 102 963 1
102 60 963 1
1 80 1054 1
80 1 1054 1
5 54 1015 1
54 5 1015 1
8 53 1492 1
53 8 1492 1
21 95 510 1
95 21 510 1
34 64 445 1
64 34 445 1
53 71 983 1
71 53 983 1
93 104 478 1
104 93 478 1
6 90 1185 1
90 6 1185 1
16 62 313 1
62 16 313 1
16 100 798 1
100 16 798 1
24 35 1010 1
35 24 1010 1
35 54 571 1
54 35 571 1
41 95 382 1
95 41 382 1
57 62 1000 1
62 57 1000 1
64 114 838 1
114 64 838 1
88 113 635 1
113 88 635 1
13 58 1244 1
58 13 1244 1
57 66 576 1
66 57 576 1
0 38 744 1
38 0 744 1
0 104 1096 1
104 0 1096 1
2 35 833 1
35 2 833 1
10 52 956 1
52 10 956 1
12 75 743 1
75 12 743 1
28 79 847 1
79 28 847 1
40 72 200 1
72 40 200 1
49 56 904 1
56 49 904 1
58 62 503 1
62 58 503 1
66 115 807 1
115 66 807 1
71 104 863 1
104 71 863 1
80 84 162 1
84 80 162 1
3 79 634 1
79 3 634 1
4 14 255 1
14 4 255 1
4 105 1055 1
105 4 1055 1
10 90 936 1
90 10 936 1
31 70 334 1
70 31 334 1
60 103 1182 1
103 60 1182 1
63 109 730 1
109 63 730 1
65 114 861 1
114 65 861 1
6 87 1046 1
87 6 1046 1
10 38 560 1
38 10 560 1
15 54 1028 1
54 15 1028 1
19 109 838 1
109 19 838 1
61 91 822 1
91 61 822 1
68 98 994 1
98 68 994 1
74 85 839 1
85 74 839 1
81 97 523 1
97 81 523 1
110 111 172 1
111 110 172 1
3 65 942 1
65 3 942 1
27 34 903 1
34 27 903 1
44 48 114 1
48 44 114 1
63 102 1192 1
102 63 1192 1
15 83 194 1
83 15 194 1
23 34 949 1
34 23 949 1
29 73 113 1
73 29 113 1
43 50 494 1
50 43 494 1
48 66 357 1
66 48 357 1
56 99 1051 1
99 56 1051 1
76 93 823 1
93 76 823 1
0 28 492 1
28 0 492 1
3 106 1162 1
106 3 1162 1
22 91 1377 1
91 22 1377 1
35 41 612 1
41 35 612 1
52 69 993 1
69 52 993 1
57 95 781 1
95 57 781 1
76 99 626 1
99 76 626 1
90 111 396 1
111 90 396 1
6 110 1008 1
110 6 1008 1
19 97 912 1
97 19 912 1
20 35 677 1
35 20 677 1
22 94 996 1
94 22 996 1
27 45 1240 1
45 27 1240 1
39 77 312 1
77 39 312 1
45 55 662 1
55 45 662 1
71 93 964 1
93 71 964 1
102 113 317 1
113 102 317 1
15 72 724 1
72 15 724 1
22 86 800 1
86 22 800 1
23 92 1466 1
92 23 1466 1
33 65 634 1
65 33 634 1
57 112 990 1
112 57 990 1
94 111 316 1
111 94 316 1
5 86 673 1
86 5 673 1
6 100 1229 1
100 6 1229 1
13 37 594 1
37 13 594 1
30 75 454 1
75 30 454 1
31 76 584 1
76 31 584 1
35 37 446 1
37 35 446 1
36 77 422 1
77 36 422 1
36 112 594 1
112 36 594 1
3 26 678 1
26 3 678 1
5 7 538 1
7 5 538 1
26 99 1000 1
99 26 1000 1
34 77 351 1
77 34 351 1
37 72 595 1
72 37 595 1
44 79 832 1
79 44 832 1
99 106 562 1
106 99 562 1
3 92 1420 1
92 3 1420 1
36 73 600 1
73 36 600 1
40 89 829 1
89 40 829 1
55 79 394 1
79 55 394 1
73 102 944 1
102 73 944 1
1 97 819 1
97 1 819 1
15 61 998 1
61 15 998 1
40 63 1007 1
63 40 1007 1
50 51 698 1
51 50 698 1
58 104 1061 1
104 58 1061 1
59 68 484 1
68 59 484 1
70 72 158 1
72 70 158 1
106 108 322 1
108 106 322 1
1 68 549 1
68 1 549 1
15 97 790 1
97 15 790 1
16 63 1092 1
63 16 1092 1
22 74 594 1
74 22 594 1
23 87 803 1
87 23 803 1
27 59 1253 1
59 27 1253 1
45 50 474 1
50 45 474 1
47 72 816 1
72 47 816 1
3 22 347 1
22 3 347 1
3 37 746 1
37 3 746 1
5 38 756 1
38 5 756 1
21 71 214 1
71 21 214 1
24 74 560 1
74 24 560 1
64 67 549 1
67 64 549 1
74 101 945 1
101 74 945 1
74 106 540 1
106 74 540 1
76 102 684 1
102 76 684 1
1 72 829 1
72 1 829 1
12 58 1025 1
58 12 1025 1
22 87 870 1
87 22 870 1
37 112 610 1
112 37 610 1
65 108 767 1
108 65 767 1
75 82 661 1
82 75 661 1
3 14 804 1
14 3 804 1
5 110 1022 1
110 5 1022 1
11 55 701 1
55 11 701 1
13 32 767 1
32 13 767 1
70 101 1040 1
101 70 1040 1
93 105 305 1
105 93 305 1
106 111 487 1
111 106 487 1
4 50 1323 1
50 4 1323 1
5 69 1149 1
69 5 1149 1
8 50 1336 1
50 8 1336 1
8 113 1216 1
113 8 1216 1
13 38 919 1
38 13 919 1
13 97 864 1
97 13 864 1
16 36 349 1
36 16 349 1
17 41 414 1
41 17 414 1
23 69 907 1
69 23 907 1
40 73 549 1
73 40 549 1
50 54 543 1
54 50 543 1
52 103 773 1
103 52 773 1
60 99 983 1
99 60 983 1
7 84 1202 1
84 7 1202 1
28 56 545 1
56 28 545 1
34 92 737 1
92 34 737 1
47 53 268 1
53 47 268 1
73 91 794 1
91 73 794 1
91 92 669 1
92 91 669 1
2 105 1253 1
105 2 1253 1
6 9 834 1
9 6 834 1
6 107 1177 1
107 6 1177 1
20 73 397 1
73 20 397 1
26 113 1029 1
113 26 1029 1
36 78 263 1
78 36 263 1
105 106 359 1
106 105 359 1
6 115 1087 1
115 6 1087 1
8 18 880 1
18 8 880 1
9 113 1235 1
113 9 1235 1
10 16 218 1
16 10 218 1
10 48 1025 1
48 10 1025 1
54 98 204 1
98 54 204 1
66 78 635 1
78 66 635 1
67 94 677 1
94 67 677 1
70 88 635 1
88 70 635 1
91 105 371 1
105 91 371 1
1 78 939 1
78 1 939 1
2 70 412 1
70 2 412 1
4 104 1017 1
104 4 1017 1
11 61 675 1
61 11 675 1
26 59 1291 1
59 26 1291 1
27 94 748 1
94 27 748 1
30 89 952 1
89 30 952 1
36 49 877 1
49 36 877 1
51 65 287 1
65 51 287 1
58 107 1147 1
107 58 1147 1
76 100 714 1
100 76 714 1
28 41 661 1
41 28 661 1
29 60 1067 1
60 29 1067 1
33 64 737 1
64 33 737 1
51 90 888 1
90 51 888 1
67 96 668 1
96 67 668 1
0 12 517 1
12 0 517 1
8 24 258 1
24 8 258 1
12 63 1218 1
63 12 1218 1
15 86 825 1
86 15 825 1
31 65 1062 1
65 31 1062 1
45 66 369 1
66 45 369 1
54 65 986 1
65 54 986 1
54 88 224 1
88 54 224 1
62 79 1049 1
79 62 1049 1
74 100 766 1
100 74 766 1
0 72 516 1
72 0 516 1
28 30 436 1
30 28 436 1
30 110 901 1
110 30 901 1
32 74 456 1
74 32 456 1
36 85 845 1
85 36 845 1
58 90 890 1
90 58 890 1
97 110 221 1
110 97 221 1
106 112 479 1
112 106 479 1
0 32 356 1
32 0 356 1
25 44 1369 1
44 25 1369 1
47 80 841 1
80 47 841 1
50 68 811 1
68 50 811 1
52 55 814 1
55 52 814 1
56 69 542 1
69 56 542 1
66 67 177 1
67 66 177 1
0 54 794 1
54 0 794 1
9 18 946 1
18 9 946 1
11 75 388 1
75 11 388 1
20 26 232 1
26 20 232 1
53 91 265 1
91 53 265 1
76 83 717 1
83 76 717 1
0 105 1170 1
105 0 1170 1
5 105 1032 1
105 5 1032 1
20 22 544 1
22 20 544 1
44 66 318 1
66 44 318 1
88 107 781 1
107 88 781 1
32 57 493 1
57 32 493 1
33 114 880 1
114 33 880 1
79 85 260 1
85 79 260 1
91 115 428 1
115 91 428 1
11 21 514 1
21 11 514 1
37 43 584 1
43 37 584 1
38 59 1046 1
59 38 1046 1
55 78 841 1
78 55 841 1
64 85 1107 1
85 64 1107 1
73 101 851 1
101 73 851 1
77 91 668 1
91 77 668 1
95 97 97 1
97 95 97 1
1 37 646 1
37 1 646 1
1 74 790 1
74 1 790 1
7 87 691 1
87 7 691 1
9 39 688 1
39 9 688 1
9 84 1241 1
84 9 1241 1
26 44 1256 1
44 26 1256 1
50 64 302 1
64 50 302 1
51 103 737 1
103 51 737 1
62 115 846 1
115 62 846 1
84 93 1016 1
93 84 1016 1
3 18 417 1
18 3 417 1
5 67 1194 1
67 5 1194 1
9 19 928 1
19 9 928 1
13 52 1405 1
52 13 1405 1
18 70 528 1
70 18 528 1
25 113 1193 1
113 25 1193 1
36 54 228 1
54 36 228 1
82 101 1107 1
101 82 1107 1
99 115 285 1
115 99 285 1
8 76 729 1
76 8 729 1
22 73 618 1
73 22 618 1
25 74 582 1
74 25 582 1
44 62 682 1
62 44 682 1
45 106 909 1
106 45 909 1
17 39 453 1
39 17 453 1
59 90 1104 1
90 59 1104 1
60 101 1230 1
101 60 1230 1
72 79 733 1
79 72 733 1
78 109 527 1
109 78 527 1
81 85 175 1
85 81 175 1
0 57 825 1
57 0 825 1
8 74 530 1
74 8 530 1
22 25 402 1
25 22 402 1
32 55 771 1
55 32 771 1
33 44 737 1
44 33 737 1
43 97 409 1
97 43 409 1
64 86 1029 1
86 64 1029 1
65 112 785 1
112 65 785 1
67 85 682 1
85 67 682 1
5 37 688 1
37 5 688 1
6 10 299 1
10 6 299 1
7 59 970 1
59 7 970 1
19 89 1004 1
89 19 1004 1
31 115 958 1
115 31 958 1
32 63 656 1
63 32 656 1
35 75 492 1
75 35 492 1
38 72 305 1
72 38 305 1
45 85 677 1
85 45 677 1
65 102 1120 1
102 65 1120 1
82 91 1133 1
91 82 1133 1
100 111 457 1
111 100 457 1
9 82 826 1
82 9 826 1
27 113 1016 1
113 27 1016 1
28 57 964 1
57 28 964 1
29 38 680 1
38 29 680 1
37 48 879 1
48 37 879 1
93 103 173 1
103 93 173 1
25 39 702 1
39 25 702 1
35 88 741 1
88 35 741 1
40 86 262 1
86 40 262 1
62 64 300 1
64 62 300 1
62 99 1000 1
99 62 1000 1
63 84 1189 1
84 63 1189 1
90 94 414 1
94 90 414 1
94 96 89 1
96 94 89 1
99 110 299 1
110 99 299 1
4 39 755 1
39 4 755 1
15 60 1288 1
60 15 1288 1
18 33 288 1
33 18 288 1
19 58 678 1
58 19 678 1
37 83 399 1
83 37 399 1
54 89 853 1
89 54 853 1
66 108 706 1
108 66 706 1
93 100 653 1
100 93 653 1
97 103 349 1
103 97 349 1
14 38 497 1
38 14 497 1
25 115 1008 1
115 25 1008 1
34 113 628 1
113 34 628 1
2 7 566 1
7 2 566 1
17 83 381 1
83 17 381 1
19 108 910 1
108 19 910 1
43 110 298 1
110 43 298 1
58 78 663 1
78 58 663 1
84 113 718 1
113 84 718 1
10 102 973 1
102 10 973 1
13 56 1122 1
56 13 1122 1
16 108 661 1
108 16 661 1
17 60 1082 1
60 17 1082 1
23 65 1169 1
65 23 1169 1
26 68 1080 1
68 26 1080 1
36 43 693 1
43 36 693 1
46 67 554 1
67 46 554 1
50 52 243 1
52 50 243 1
51 55 568 1
55 51 568 1
52 96 418 1
96 52 418 1
64 106 847 1
106 64 847 1
0 107 1161 1
107 0 1161 1
1 36 918 1
36 1 918 1
14 93 1238 1
93 14 1238 1
20 96 592 1
96 20 592 1
23 93 1407 1
93 23 1407 1
26 43 1155 1
43 26 1155 1
31 80 848 1
80 31 848 1
36 62 525 1
62 36 525 1
54 90 282 1
90 54 282 1
74 81 792 1
81 74 792 1
75 102 865 1
102 75 865 1
77 102 773 1
102 77 773 1
8 73 750 1
73 8 750 1
15 40 725 1
40 15 725 1
15 48 1360 1
48 15 1360 1
30 40 513 1
40 30 513 1
33 102 1043 1
102 33 1043 1
62 85 1177 1
85 62 1177 1
4 107 958 1
107 4 958 1
6 65 1218 1
65 6 1218 1
17 68 840 1
68 17 840 1
19 104 1200 1
104 19 1200 1
29 33 510 1
33 29 510 1
32 60 487 1
60 32 487 1
39 94 407 1
94 39 407 1
44 56 714 1
56 44 714 1
61 112 910 1
112 61 910 1
64 100 818 1
100 64 818 1
66 109 621 1
109 66 621 1
6 103 1362 1
103 6 1362 1
12 70 392 1
70 12 392 1
16 60 498 1
60 16 498 1
39 86 698 1
86 39 698 1
54 60 681 1
60 54 681 1
63 89 569 1
89 63 569 1
65 84 1120 1
84 65 1120 1
4 27 279 1
27 4 279 1
5 94 896 1
94 5 896 1
20 107 666 1
107 20 666 1
21 37 403 1
37 21 403 1
31 77 552 1
77 31 552 1
40 82 231 1
82 40 231 1
53 88 1043 1
88 53 1043 1
84 104 642 1
104 84 642 1
13 19 700 1
19 13 700 1
13 57 681 1
57 13 681 1
22 107 1142 1
107 22 1142 1
34 114 610 1
114 34 610 1
38 51 954 1
51 38 954 1
41 72 550 1
72 41 550 1
43 80 868 1
80 43 868 1
73 83 298 1
83 73 298 1
78 93 1024 1
93 78 1024 1
100 110 522 1
110 100 522 1
0 16 380 1
16 0 380 1
1 75 562 1
75 1 562 1
4 10 570 1
10 4 570 1
6 105 1236 1
105 6 1236 1
10 104 970 1
104 10 970 1
