116 2668
28 72 116 1
72 28 116 1
5 9 157 1
9 5 157 1
72 74 76 1
74 72 76 1
42 43 239 1
43 42 239 1
5 24 252 1
24 5 252 1
44 45 194 1
45 44 194 1
17 79 135 1
79 17 135 1
16 28 220 1
28 16 220 1
79 81 136 1
81 79 136 1
101 103 106 1
103 101 106 1
17 81 182 1
81 17 182 1
11 17 224 1
17 11 224 1
28 74 188 1
74 28 188 1
30 31 127 1
31 30 127 1
4 26 161 1
26 4 161 1
43 47 146 1
47 43 146 1
91 93 118 1
93 91 118 1
16 72 287 1
72 16 287 1
111 112 111 1
112 111 111 1
47 110 210 1
110 47 210 1
55 96 492 1
96 55 492 1
42 47 281 1
47 42 281 1
20 72 238 1
72 20 238 1
29 73 113 1
73 29 113 1
46 53 547 1
53 46 547 1
46 98 212 1
98 46 212 1
5 27 165 1
27 5 165 1
42 46 173 1
46 42 173 1
20 28 320 1
28 20 320 1
96 97 322 1
97 96 322 1
55 99 216 1
99 55 216 1
7 13 237 1
13 7 237 1
2 6 165 1
6 2 165 1
94 97 266 1
97 94 266 1
10 12 181 1
12 10 181 1
98 111 265 1
111 98 265 1
92 93 608 1
93 92 608 1
53 98 671 1
98 53 671 1
38 39 465 1
39 38 465 1
9 24 385 1
24 9 385 1
73 75 84 1
75 73 84 1
22 30 218 1
30 22 218 1
36 40 213 1
40 36 213 1
44 49 304 1
49 44 304 1
24 25 135 1
25 24 135 1
54 55 651 1
55 54 651 1
20 21 185 1
21 20 185 1
112 113 116 1
113 112 116 1
5 25 129 1
25 5 129 1
11 13 168 1
13 11 168 1
24 27 252 1
27 24 252 1
16 74 335 1
74 16 335 1
37 41 217 1
41 37 217 1
46 47 309 1
47 46 309 1
46 111 189 1
111 46 189 1
55 97 173 1
97 55 173 1
4 8 148 1
8 4 148 1
7 31 345 1
31 7 345 1
91 99 166 1
99 91 166 1
93 101 103 1
101 93 103 1
93 103 173 1
103 93 173 1
97 108 170 1
108 97 170 1
36 38 122 1
38 36 122 1
53 112 421 1
112 53 421 1
48 50 202 1
50 48 202 1
36 37 542 1
37 36 542 1
46 52 244 1
52 46 244 1
20 74 213 1
74 20 213 1
99 111 265 1
111 99 265 1
43 46 341 1
46 43 341 1
100 102 87 1
102 100 87 1
52 53 746 1
53 52 746 1
98 99 479 1
99 98 479 1
12 30 419 1
30 12 419 1
45 49 111 1
49 45 111 1
48 49 410 1
49 48 410 1
72 78 300 1
78 72 300 1
93 113 317 1
113 93 317 1
41 74 484 1
74 41 484 1
9 27 309 1
27 9 309 1
58 66 198 1
66 58 198 1
55 98 606 1
98 55 606 1
98 112 277 1
112 98 277 1
99 113 264 1
113 99 264 1
113 114 95 1
114 113 95 1
9 25 252 1
25 9 252 1
1 57 172 1
57 1 172 1
16 78 122 1
78 16 122 1
36 96 257 1
96 36 257 1
54 96 167 1
96 54 167 1
38 40 158 1
40 38 158 1
74 75 389 1
75 74 389 1
10 16 218 1
16 10 218 1
96 98 184 1
98 96 184 1
99 112 272 1
112 99 272 1
13 31 424 1
31 13 424 1
53 111 406 1
111 53 406 1
29 75 189 1
75 29 189 1
28 78 272 1
78 28 272 1
6 12 248 1
12 6 248 1
46 112 262 1
112 46 262 1
78 80 116 1
80 78 116 1
43 51 245 1
51 43 245 1
43 110 298 1
110 43 298 1
64 65 897 1
65 64 897 1
32 33 149 1
33 32 149 1
74 76 203 1
76 74 203 1
53 99 316 1
99 53 316 1
0 56 174 1
56 0 174 1
45 67 282 1
67 45 282 1
39 95 233 1
95 39 233 1
55 89 213 1
89 55 213 1
3 7 185 1
7 3 185 1
66 67 177 1
67 66 177 1
93 112 343 1
112 93 343 1
16 20 522 1
20 16 522 1
6 10 299 1
10 6 299 1
7 11 254 1
11 7 254 1
39 94 407 1
94 39 407 1
67 69 345 1
69 67 345 1
111 113 191 1
113 111 191 1
38 96 284 1
96 38 284 1
53 113 487 1
113 53 487 1
41 72 550 1
72 41 550 1
104 105 204 1
105 104 204 1
36 39 517 1
39 36 517 1
53 55 448 1
55 53 448 1
97 111 292 1
111 97 292 1
46 54 354 1
54 46 354 1
25 27 193 1
27 25 193 1
39 97 289 1
97 39 289 1
4 5 350 1
5 4 350 1
11 81 403 1
81 11 403 1
36 41 570 1
41 36 570 1
6 22 333 1
22 6 333 1
28 70 247 1
70 28 247 1
105 115 176 1
115 105 176 1
20 70 213 1
70 20 213 1
55 111 434 1
111 55 434 1
73 74 458 1
74 73 458 1
97 99 180 1
99 97 180 1
21 28 487 1
28 21 487 1
58 59 496 1
59 58 496 1
72 76 257 1
76 72 257 1
70 72 158 1
72 70 158 1
97 105 299 1
105 97 299 1
4 24 144 1
24 4 144 1
46 55 584 1
55 46 584 1
90 92 135 1
92 90 135 1
99 114 265 1
114 99 265 1
71 75 163 1
75 71 163 1
15 27 336 1
27 15 336 1
54 98 204 1
98 54 204 1
93 99 208 1
99 93 208 1
10 28 213 1
28 10 213 1
36 72 276 1
72 36 276 1
98 113 276 1
113 98 276 1
4 9 500 1
9 4 500 1
16 80 152 1
80 16 152 1
30 71 303 1
71 30 303 1
91 103 258 1
103 91 258 1
91 113 366 1
113 91 366 1
39 96 494 1
96 39 494 1
12 22 481 1
22 12 481 1
39 83 378 1
83 39 378 1
54 88 224 1
88 54 224 1
13 17 364 1
17 13 364 1
22 24 386 1
24 22 386 1
42 51 463 1
51 42 463 1
95 109 146 1
109 95 146 1
15 41 349 1
41 15 349 1
75 77 210 1
77 75 210 1
94 105 354 1
105 94 354 1
11 79 342 1
79 11 342 1
40 41 506 1
41 40 506 1
47 111 188 1
111 47 188 1
96 111 286 1
111 96 286 1
95 97 97 1
97 95 97 1
60 62 241 1
62 60 241 1
94 95 213 1
95 94 213 1
2 22 228 1
22 2 228 1
75 76 374 1
76 75 374 1
28 80 329 1
80 28 329 1
73 76 450 1
76 73 450 1
92 104 310 1
104 92 310 1
59 66 363 1
66 59 363 1
76 77 238 1
77 76 238 1
21 70 303 1
70 21 303 1
28 41 661 1
41 28 661 1
1 63 334 1
63 1 334 1
15 83 194 1
83 15 194 1
42 110 303 1
110 42 303 1
22 23 140 1
23 22 140 1
29 37 304 1
37 29 304 1
103 104 369 1
104 103 369 1
20 30 328 1
30 20 328 1
72 80 384 1
80 72 384 1
91 92 669 1
92 91 669 1
94 108 97 1
108 94 97 1
46 99 446 1
99 46 446 1
97 109 174 1
109 97 174 1
73 79 296 1
79 73 296 1
8 92 1269 1
92 8 1269 1
96 99 428 1
99 96 428 1
0 19 488 1
19 0 488 1
8 26 300 1
26 8 300 1
11 31 475 1
31 11 475 1
24 26 201 1
26 24 201 1
37 96 506 1
96 37 506 1
46 96 270 1
96 46 270 1
49 51 172 1
51 49 172 1
14 88 613 1
88 14 613 1
37 76 441 1
76 37 441 1
23 31 199 1
31 23 199 1
42 52 325 1
52 42 325 1
46 113 335 1
113 46 335 1
99 105 287 1
105 99 287 1
1 19 351 1
19 1 351 1
103 113 295 1
113 103 295 1
1 81 501 1
81 1 501 1
108 109 87 1
109 108 87 1
10 72 309 1
72 10 309 1
12 28 275 1
28 12 275 1
29 72 629 1
72 29 629 1
74 78 322 1
78 74 322 1
14 20 320 1
20 14 320 1
96 108 167 1
108 96 167 1
84 88 224 1
88 84 224 1
38 94 246 1
94 38 246 1
91 101 197 1
101 91 197 1
92 102 211 1
102 92 211 1
93 111 397 1
111 93 397 1
55 112 466 1
112 55 466 1
39 108 341 1
108 39 341 1
92 111 381 1
111 92 381 1
36 74 242 1
74 36 242 1
36 76 232 1
76 36 232 1
44 50 287 1
50 44 287 1
37 38 515 1
38 37 515 1
101 104 464 1
104 101 464 1
7 30 462 1
30 7 462 1
13 30 546 1
30 13 546 1
25 26 225 1
26 25 225 1
0 18 364 1
18 0 364 1
34 35 126 1
35 34 126 1
72 75 453 1
75 72 453 1
95 108 123 1
108 95 123 1
105 114 152 1
114 105 152 1
12 71 631 1
71 12 631 1
28 71 506 1
71 28 506 1
32 62 548 1
62 32 548 1
29 74 571 1
74 29 571 1
36 54 228 1
54 36 228 1
20 71 311 1
71 20 311 1
21 72 388 1
72 21 388 1
94 115 181 1
115 94 181 1
44 67 332 1
67 44 332 1
54 84 309 1
84 54 309 1
5 26 263 1
26 5 263 1
44 48 114 1
48 44 114 1
16 70 409 1
70 16 409 1
20 41 386 1
41 20 386 1
92 112 325 1
112 92 325 1
103 114 282 1
114 103 282 1
47 53 268 1
53 47 268 1
4 92 1237 1
92 4 1237 1
18 56 478 1
56 18 478 1
97 115 218 1
115 97 218 1
98 104 286 1
104 98 286 1
3 23 271 1
23 3 271 1
8 9 638 1
9 8 638 1
91 105 371 1
105 91 371 1
92 113 313 1
113 92 313 1
6 30 365 1
30 6 365 1
34 94 438 1
94 34 438 1
36 95 408 1
95 36 408 1
2 30 317 1
30 2 317 1
22 31 234 1
31 22 234 1
52 98 272 1
98 52 272 1
71 74 359 1
74 71 359 1
14 28 286 1
28 14 286 1
9 15 219 1
15 9 219 1
104 113 229 1
113 104 229 1
10 30 501 1
30 10 501 1
21 71 214 1
71 21 214 1
55 114 395 1
114 55 395 1
1 11 394 1
11 1 394 1
29 79 257 1
79 29 257 1
92 100 157 1
100 92 157 1
28 36 321 1
36 28 321 1
54 99 587 1
99 54 587 1
18 19 147 1
19 18 147 1
53 93 353 1
93 53 353 1
29 41 234 1
41 29 234 1
71 72 402 1
72 71 402 1
54 104 337 1
104 54 337 1
34 97 481 1
97 34 481 1
105 113 210 1
113 105 210 1
16 76 379 1
76 16 379 1
40 72 200 1
72 40 200 1
47 51 339 1
51 47 339 1
14 15 772 1
15 14 772 1
37 39 117 1
39 37 117 1
74 80 415 1
80 74 415 1
1 17 391 1
17 1 391 1
21 74 343 1
74 21 343 1
94 96 89 1
96 94 89 1
37 75 239 1
75 37 239 1
47 90 580 1
90 47 580 1
52 100 420 1
100 52 420 1
76 78 312 1
78 76 312 1
104 111 377 1
111 104 377 1
4 25 258 1
25 4 258 1
38 41 513 1
41 38 513 1
42 53 475 1
53 42 475 1
49 50 585 1
50 49 585 1
110 111 172 1
111 110 172 1
2 31 377 1
31 2 377 1
8 25 389 1
25 8 389 1
15 20 521 1
20 15 521 1
46 104 454 1
104 46 454 1
97 112 339 1
112 97 339 1
37 73 278 1
73 37 278 1
52 84 487 1
84 52 487 1
2 23 340 1
23 2 340 1
10 74 381 1
74 10 381 1
53 54 818 1
54 53 818 1
95 96 288 1
96 95 288 1
99 115 285 1
115 99 285 1
41 83 252 1
83 41 252 1
15 72 724 1
72 15 724 1
37 40 562 1
40 37 562 1
52 90 240 1
90 52 240 1
30 73 455 1
73 30 455 1
28 75 567 1
75 28 567 1
37 74 520 1
74 37 520 1
38 83 760 1
83 38 760 1
93 104 478 1
104 93 478 1
36 78 263 1
78 36 263 1
37 72 595 1
72 37 595 1
63 79 303 1
79 63 303 1
2 12 394 1
12 2 394 1
36 94 246 1
94 36 246 1
20 27 271 1
27 20 271 1
55 105 373 1
105 55 373 1
23 67 1077 1
67 23 1077 1
65 67 361 1
67 65 361 1
26 27 135 1
27 26 135 1
40 88 385 1
88 40 385 1
5 22 506 1
22 5 506 1
22 27 524 1
27 22 524 1
39 40 508 1
40 39 508 1
99 103 258 1
103 99 258 1
55 85 300 1
85 55 300 1
41 75 187 1
75 41 187 1
37 95 241 1
95 37 241 1
38 95 382 1
95 38 382 1
93 105 305 1
105 93 305 1
41 73 204 1
73 41 204 1
49 65 308 1
65 49 308 1
72 73 517 1
73 72 517 1
63 81 293 1
81 63 293 1
99 104 430 1
104 99 430 1
47 52 540 1
52 47 540 1
83 95 609 1
95 83 609 1
12 70 392 1
70 12 392 1
14 27 449 1
27 14 449 1
28 76 345 1
76 28 345 1
52 54 402 1
54 52 402 1
103 105 173 1
105 103 173 1
96 115 214 1
115 96 214 1
104 112 332 1
112 104 332 1
114 115 96 1
115 114 96 1
49 67 315 1
67 49 315 1
13 73 358 1
73 13 358 1
6 23 465 1
23 6 465 1
7 23 337 1
23 7 337 1
12 16 384 1
16 12 384 1
35 110 305 1
110 35 305 1
15 40 725 1
40 15 725 1
8 24 258 1
24 8 258 1
13 71 401 1
71 13 401 1
28 29 741 1
29 28 741 1
51 53 271 1
53 51 271 1
53 91 265 1
91 53 265 1
100 104 240 1
104 100 240 1
10 20 506 1
20 10 506 1
31 71 265 1
71 31 265 1
55 113 437 1
113 55 437 1
20 78 525 1
78 20 525 1
34 109 367 1
109 34 367 1
81 85 175 1
85 81 175 1
97 110 221 1
110 97 221 1
76 80 424 1
80 76 424 1
93 114 346 1
114 93 346 1
47 98 442 1
98 47 442 1
55 108 332 1
108 55 332 1
2 10 438 1
10 2 438 1
36 80 330 1
80 36 330 1
46 110 220 1
110 46 220 1
73 77 274 1
77 73 274 1
36 55 626 1
55 36 626 1
44 66 318 1
66 44 318 1
17 29 223 1
29 17 223 1
29 40 655 1
40 29 655 1
55 115 361 1
115 55 361 1
48 103 924 1
103 48 924 1
58 68 392 1
68 58 392 1
96 112 337 1
112 96 337 1
1 68 549 1
68 1 549 1
36 97 483 1
97 36 483 1
92 98 220 1
98 92 220 1
17 73 298 1
73 17 298 1
22 25 402 1
25 22 402 1
54 115 339 1
115 54 339 1
91 114 389 1
114 91 389 1
12 14 278 1
14 12 278 1
13 29 290 1
29 13 290 1
15 28 819 1
28 15 819 1
54 105 491 1
105 54 491 1
58 67 368 1
67 58 368 1
10 22 580 1
22 10 580 1
38 97 469 1
97 38 469 1
29 36 705 1
36 29 705 1
92 101 634 1
101 92 634 1
4 93 1288 1
93 4 1288 1
97 98 437 1
98 97 437 1
30 74 403 1
74 30 403 1
10 14 380 1
14 10 380 1
71 73 163 1
73 71 163 1
30 75 454 1
75 30 454 1
38 54 263 1
54 38 263 1
40 83 731 1
83 40 731 1
53 92 739 1
92 53 739 1
54 113 426 1
113 54 426 1
54 114 381 1
114 54 381 1
71 77 297 1
77 71 297 1
85 89 220 1
89 85 220 1
96 104 297 1
104 96 297 1
1 79 428 1
79 1 428 1
29 71 259 1
71 29 259 1
34 108 452 1
108 34 452 1
39 89 325 1
89 39 325 1
41 78 770 1
78 41 770 1
73 81 406 1
81 73 406 1
93 98 589 1
98 93 589 1
42 111 258 1
111 42 258 1
96 105 387 1
105 96 387 1
109 111 273 1
111 109 273 1
12 31 545 1
31 12 545 1
40 74 182 1
74 40 182 1
14 72 328 1
72 14 328 1
21 41 236 1
41 21 236 1
89 99 398 1
99 89 398 1
6 7 710 1
7 6 710 1
12 20 477 1
20 12 477 1
57 68 520 1
68 57 520 1
70 74 155 1
74 70 155 1
39 41 161 1
41 39 161 1
90 102 246 1
102 90 246 1
0 60 405 1
60 0 405 1
6 15 884 1
15 6 884 1
7 12 856 1
12 7 856 1
96 110 214 1
110 96 214 1
3 31 315 1
31 3 315 1
13 79 476 1
79 13 476 1
59 68 484 1
68 59 484 1
0 32 356 1
32 0 356 1
1 33 355 1
33 1 355 1
96 109 176 1
109 96 176 1
5 15 278 1
15 5 278 1
12 72 358 1
72 12 358 1
16 41 813 1
41 16 813 1
20 82 329 1
82 20 329 1
23 25 373 1
25 23 373 1
61 65 175 1
65 61 175 1
14 26 321 1
26 14 321 1
21 25 360 1
25 21 360 1
21 27 209 1
27 21 209 1
38 108 316 1
108 38 316 1
66 68 378 1
68 66 378 1
5 8 493 1
8 5 493 1
28 30 436 1
30 28 436 1
49 66 437 1
66 49 437 1
16 21 674 1
21 16 674 1
29 76 555 1
76 29 555 1
40 54 405 1
54 40 405 1
40 96 436 1
96 40 436 1
59 69 338 1
69 59 338 1
28 40 248 1
40 28 248 1
45 65 388 1
65 45 388 1
70 71 263 1
71 70 263 1
12 74 431 1
74 12 431 1
91 112 368 1
112 91 368 1
41 76 493 1
76 41 493 1
51 52 786 1
52 51 786 1
97 104 399 1
104 97 399 1
98 114 276 1
114 98 276 1
14 16 483 1
16 14 483 1
84 104 642 1
104 84 642 1
102 104 159 1
104 102 159 1
3 11 395 1
11 3 395 1
57 81 488 1
81 57 488 1
11 63 488 1
63 11 488 1
48 91 808 1
91 48 808 1
54 97 484 1
97 54 484 1
82 83 881 1
83 82 881 1
3 6 559 1
6 3 559 1
10 70 382 1
70 10 382 1
13 63 653 1
63 13 653 1
46 92 368 1
92 46 368 1
91 111 390 1
111 91 390 1
15 38 793 1
38 15 793 1
20 75 348 1
75 20 348 1
82 88 444 1
88 82 444 1
9 23 475 1
23 9 475 1
29 83 227 1
83 29 227 1
44 106 847 1
106 44 847 1
46 51 585 1
51 46 585 1
104 114 171 1
114 104 171 1
38 88 311 1
88 38 311 1
39 55 254 1
55 39 254 1
90 100 182 1
100 90 182 1
92 103 574 1
103 92 574 1
41 95 382 1
95 41 382 1
9 65 1235 1
65 9 1235 1
46 93 585 1
93 46 585 1
50 103 905 1
103 50 905 1
15 16 1006 1
16 15 1006 1
17 63 324 1
63 17 324 1
37 77 246 1
77 37 246 1
68 69 164 1
69 68 164 1
35 76 333 1
76 35 333 1
96 114 265 1
114 96 265 1
43 111 293 1
111 43 293 1
99 101 266 1
101 99 266 1
44 58 416 1
58 44 416 1
52 92 317 1
92 52 317 1
56 80 431 1
80 56 431 1
8 90 1188 1
90 8 1188 1
23 65 1169 1
65 23 1169 1
54 85 906 1
85 54 906 1
54 111 422 1
111 54 422 1
113 115 188 1
115 113 188 1
23 45 1302 1
45 23 1302 1
15 61 998 1
61 15 998 1
19 33 238 1
33 19 238 1
33 63 547 1
63 33 547 1
48 93 850 1
93 48 850 1
112 114 196 1
114 112 196 1
6 31 464 1
31 6 464 1
14 22 562 1
22 14 562 1
99 108 310 1
108 99 310 1
7 17 463 1
17 7 463 1
9 61 1165 1
61 9 1165 1
20 29 497 1
29 20 497 1
38 82 362 1
82 38 362 1
53 104 704 1
104 53 704 1
57 58 735 1
58 57 735 1
19 59 618 1
59 19 618 1
3 22 347 1
22 3 347 1
13 81 530 1
81 13 530 1
37 85 343 1
85 37 343 1
89 97 385 1
97 89 385 1
21 30 349 1
30 21 349 1
21 82 511 1
82 21 511 1
9 26 419 1
26 9 419 1
20 73 397 1
73 20 397 1
111 114 232 1
114 111 232 1
23 24 403 1
24 23 403 1
28 82 255 1
82 28 255 1
43 53 293 1
53 43 293 1
48 66 357 1
66 48 357 1
6 16 484 1
16 6 484 1
25 30 292 1
30 25 292 1
37 55 221 1
55 37 221 1
104 115 184 1
115 104 184 1
7 33 515 1
33 7 515 1
47 112 265 1
112 47 265 1
100 101 656 1
101 100 656 1
12 75 743 1
75 12 743 1
15 74 683 1
74 15 683 1
20 76 380 1
76 20 380 1
29 81 342 1
81 29 342 1
59 67 245 1
67 59 245 1
97 114 263 1
114 97 263 1
26 92 1145 1
92 26 1145 1
30 72 390 1
72 30 390 1
47 99 231 1
99 47 231 1
91 98 616 1
98 91 616 1
4 27 279 1
27 4 279 1
18 32 279 1
32 18 279 1
42 98 381 1
98 42 381 1
64 67 549 1
67 64 549 1
6 28 413 1
28 6 413 1
14 40 342 1
40 14 342 1
19 32 289 1
32 19 289 1
36 83 816 1
83 36 816 1
54 112 454 1
112 54 454 1
62 78 287 1
78 62 287 1
62 80 268 1
80 62 268 1
77 79 329 1
79 77 329 1
89 108 535 1
108 89 535 1
93 102 600 1
102 93 600 1
15 78 1000 1
78 15 1000 1
46 97 424 1
97 46 424 1
55 104 526 1
104 55 526 1
1 58 829 1
58 1 829 1
5 23 453 1
23 5 453 1
47 55 367 1
55 47 367 1
55 95 221 1
95 55 221 1
101 106 633 1
106 101 633 1
12 13 959 1
13 12 959 1
16 36 349 1
36 16 349 1
20 40 225 1
40 20 225 1
14 70 380 1
70 14 380 1
23 30 259 1
30 23 259 1
79 85 260 1
85 79 260 1
8 111 1218 1
111 8 1218 1
29 77 357 1
77 29 357 1
28 37 709 1
37 28 709 1
34 96 428 1
96 34 428 1
50 91 845 1
91 50 845 1
52 111 398 1
111 52 398 1
54 89 853 1
89 54 853 1
0 1 800 1
1 0 800 1
11 29 239 1
29 11 239 1
12 73 783 1
73 12 783 1
34 95 480 1
95 34 480 1
46 84 530 1
84 46 530 1
66 103 1026 1
103 66 1026 1
17 57 439 1
57 17 439 1
22 71 471 1
71 22 471 1
28 73 629 1
73 28 629 1
36 88 289 1
88 36 289 1
6 70 405 1
70 6 405 1
60 61 893 1
61 60 893 1
10 76 495 1
76 10 495 1
44 91 726 1
91 44 726 1
77 81 453 1
81 77 453 1
6 27 679 1
27 6 679 1
50 84 554 1
84 50 554 1
101 113 350 1
113 101 350 1
9 22 564 1
22 9 564 1
21 78 664 1
78 21 664 1
52 104 543 1
104 52 543 1
105 108 296 1
108 105 296 1
4 113 1150 1
113 4 1150 1
92 105 456 1
105 92 456 1
108 111 286 1
111 108 286 1
7 71 395 1
71 7 395 1
45 64 610 1
64 45 610 1
50 52 243 1
52 50 243 1
96 113 315 1
113 96 315 1
57 79 431 1
79 57 431 1
83 87 158 1
87 83 158 1
36 75 517 1
75 36 517 1
43 52 553 1
52 43 553 1
45 66 369 1
66 45 369 1
70 76 285 1
76 70 285 1
105 111 367 1
111 105 367 1
106 107 486 1
107 106 486 1
0 33 480 1
33 0 480 1
8 65 1425 1
65 8 1425 1
10 75 732 1
75 10 732 1
14 74 378 1
74 14 378 1
40 82 231 1
82 40 231 1
105 112 319 1
112 105 319 1
108 114 218 1
114 108 218 1
110 115 264 1
115 110 264 1
41 70 482 1
70 41 482 1
100 107 640 1
107 100 640 1
31 73 397 1
73 31 397 1
52 112 417 1
112 52 417 1
23 64 1238 1
64 23 1238 1
55 94 428 1
94 55 428 1
57 69 378 1
69 57 378 1
68 81 913 1
81 68 913 1
92 99 572 1
99 92 572 1
101 105 274 1
105 101 274 1
99 110 299 1
110 99 299 1
11 30 584 1
30 11 584 1
42 44 208 1
44 42 208 1
50 93 862 1
93 50 862 1
55 91 297 1
91 55 297 1
85 88 1097 1
88 85 1097 1
103 112 375 1
112 103 375 1
45 51 254 1
51 45 254 1
88 96 385 1
96 88 385 1
91 104 542 1
104 91 542 1
4 112 1211 1
112 4 1211 1
37 54 645 1
54 37 645 1
2 7 566 1
7 2 566 1
31 77 552 1
77 31 552 1
90 91 735 1
91 90 735 1
15 95 730 1
95 15 730 1
90 110 460 1
110 90 460 1
8 14 205 1
14 8 205 1
29 30 533 1
30 29 533 1
50 101 936 1
101 50 936 1
53 114 535 1
114 53 535 1
20 24 393 1
24 20 393 1
91 115 428 1
115 91 428 1
101 102 595 1
102 101 595 1
112 115 269 1
115 112 269 1
21 75 222 1
75 21 222 1
32 60 487 1
60 32 487 1
45 48 304 1
48 45 304 1
48 101 937 1
101 48 937 1
94 114 259 1
114 94 259 1
97 113 312 1
113 97 312 1
1 69 441 1
69 1 441 1
75 85 521 1
85 75 521 1
20 36 396 1
36 20 396 1
31 75 419 1
75 31 419 1
42 91 584 1
91 42 584 1
70 82 411 1
82 70 411 1
102 103 508 1
103 102 508 1
3 30 397 1
30 3 397 1
14 41 702 1
41 14 702 1
20 22 544 1
22 20 544 1
42 50 271 1
50 42 271 1
42 54 525 1
54 42 525 1
52 102 475 1
102 52 475 1
90 111 396 1
111 90 396 1
15 36 848 1
36 15 848 1
36 82 401 1
82 36 401 1
94 109 127 1
109 94 127 1
111 115 269 1
115 111 269 1
16 62 313 1
62 16 313 1
25 31 272 1
31 25 272 1
36 115 416 1
115 36 416 1
42 99 482 1
99 42 482 1
45 50 474 1
50 45 474 1
80 84 162 1
84 80 162 1
4 111 1157 1
111 4 1157 1
39 115 411 1
115 39 411 1
57 63 249 1
63 57 249 1
70 78 427 1
78 70 427 1
90 104 351 1
104 90 351 1
103 107 239 1
107 103 239 1
8 93 1382 1
93 8 1382 1
41 80 868 1
80 41 868 1
26 113 1029 1
113 26 1029 1
14 30 414 1
30 14 414 1
38 72 305 1
72 38 305 1
86 87 805 1
87 86 805 1
11 57 518 1
57 11 518 1
14 82 179 1
82 14 179 1
62 63 1134 1
63 62 1134 1
8 47 1265 1
47 8 1265 1
39 82 719 1
82 39 719 1
75 79 318 1
79 75 318 1
93 100 653 1
100 93 653 1
37 70 546 1
70 37 546 1
44 103 860 1
103 44 860 1
52 107 835 1
107 52 835 1
15 39 506 1
39 15 506 1
34 36 459 1
36 34 459 1
108 115 135 1
115 108 135 1
37 97 271 1
97 37 271 1
95 105 309 1
105 95 309 1
11 23 552 1
23 11 552 1
19 57 426 1
57 19 426 1
28 84 456 1
84 28 456 1
41 71 317 1
71 41 317 1
46 91 577 1
91 46 577 1
52 113 478 1
113 52 478 1
55 110 380 1
110 55 380 1
67 68 440 1
68 67 440 1
67 110 507 1
110 67 507 1
60 83 1265 1
83 60 1265 1
14 24 389 1
24 14 389 1
38 55 598 1
55 38 598 1
39 54 618 1
54 39 618 1
39 105 458 1
105 39 458 1
76 96 361 1
96 76 361 1
10 71 639 1
71 10 639 1
15 24 514 1
24 15 514 1
19 56 574 1
56 19 574 1
24 30 283 1
30 24 283 1
40 89 829 1
89 40 829 1
44 51 440 1
51 44 440 1
34 76 309 1
76 34 309 1
47 96 412 1
96 47 412 1
89 96 700 1
96 89 700 1
104 107 401 1
107 104 401 1
55 109 337 1
109 55 337 1
72 82 298 1
82 72 298 1
104 110 417 1
110 104 417 1
5 14 572 1
14 5 572 1
7 22 454 1
22 7 454 1
7 29 417 1
29 7 417 1
9 64 1448 1
64 9 1448 1
10 78 335 1
78 10 335 1
58 69 426 1
69 58 426 1
66 69 349 1
69 66 349 1
52 99 661 1
99 52 661 1
56 60 232 1
60 56 232 1
59 94 905 1
94 59 905 1
100 103 576 1
103 100 576 1
103 115 322 1
115 103 322 1
4 98 1069 1
98 4 1069 1
14 84 681 1
84 14 681 1
16 56 380 1
56 16 380 1
17 31 618 1
31 17 618 1
34 62 521 1
62 34 521 1
36 62 525 1
62 36 525 1
84 85 1130 1
85 84 1130 1
10 73 783 1
73 10 783 1
42 45 300 1
45 42 300 1
56 62 252 1
62 56 252 1
69 90 1119 1
90 69 1119 1
3 12 737 1
12 3 737 1
5 20 424 1
20 5 424 1
42 112 333 1
112 42 333 1
100 106 280 1
106 100 280 1
101 112 405 1
112 101 405 1
11 73 310 1
73 11 310 1
16 75 702 1
75 16 702 1
53 85 491 1
85 53 491 1
15 70 606 1
70 15 606 1
69 108 886 1
108 69 886 1
98 105 417 1
105 98 417 1
6 83 986 1
83 6 986 1
47 97 280 1
97 47 280 1
8 43 1334 1
43 8 1334 1
4 91 1276 1
91 4 1276 1
8 46 1191 1
46 8 1191 1
21 37 403 1
37 21 403 1
34 78 466 1
78 34 466 1
53 100 830 1
100 53 830 1
62 76 527 1
76 62 527 1
90 98 163 1
98 90 163 1
2 3 405 1
3 2 405 1
20 80 604 1
80 20 604 1
40 55 690 1
55 40 690 1
8 51 1496 1
51 8 1496 1
19 94 903 1
94 19 903 1
21 80 756 1
80 21 756 1
46 90 324 1
90 46 324 1
53 96 662 1
96 53 662 1
72 88 483 1
88 72 483 1
95 114 280 1
114 95 280 1
0 62 386 1
62 0 386 1
21 76 440 1
76 21 440 1
32 34 327 1
34 32 327 1
7 73 434 1
73 7 434 1
16 40 399 1
40 16 399 1
19 68 313 1
68 19 313 1
46 100 451 1
100 46 451 1
53 103 508 1
103 53 508 1
20 37 510 1
37 20 510 1
44 57 766 1
57 44 766 1
20 25 402 1
25 20 402 1
27 70 417 1
70 27 417 1
28 38 358 1
38 28 358 1
31 45 1171 1
45 31 1171 1
40 94 393 1
94 40 393 1
101 115 407 1
115 101 407 1
25 45 1358 1
45 25 1358 1
42 55 629 1
55 42 629 1
50 57 991 1
57 50 991 1
59 61 271 1
61 59 271 1
86 88 460 1
88 86 460 1
42 92 498 1
92 42 498 1
43 45 199 1
45 43 199 1
91 97 336 1
97 91 336 1
108 112 335 1
112 108 335 1
7 65 934 1
65 7 934 1
8 42 1322 1
42 8 1322 1
10 29 893 1
29 10 893 1
28 88 461 1
88 28 461 1
40 95 491 1
95 40 491 1
49 91 630 1
91 49 630 1
98 110 300 1
110 98 300 1
6 14 476 1
14 6 476 1
10 80 357 1
80 10 357 1
20 84 687 1
84 20 687 1
26 98 979 1
98 26 979 1
27 38 594 1
38 27 594 1
32 61 611 1
61 32 611 1
37 83 399 1
83 37 399 1
37 108 355 1
108 37 355 1
91 110 456 1
110 91 456 1
50 51 698 1
51 50 698 1
61 95 778 1
95 61 778 1
70 75 355 1
75 70 355 1
5 6 733 1
6 5 733 1
8 52 1288 1
52 8 1288 1
35 43 347 1
43 35 347 1
37 89 294 1
89 37 294 1
52 88 542 1
88 52 542 1
89 114 592 1
114 89 592 1
102 113 317 1
113 102 317 1
27 82 524 1
82 27 524 1
35 77 284 1
77 35 284 1
42 100 606 1
100 42 606 1
57 59 382 1
59 57 382 1
75 80 775 1
80 75 775 1
2 33 510 1
33 2 510 1
21 36 510 1
36 21 510 1
22 26 505 1
26 22 505 1
38 89 763 1
89 38 763 1
61 83 902 1
83 61 902 1
66 91 902 1
91 66 902 1
81 89 308 1
89 81 308 1
93 97 371 1
97 93 371 1
0 63 1010 1
63 0 1010 1
6 20 561 1
20 6 561 1
47 91 332 1
91 47 332 1
27 30 343 1
30 27 343 1
61 94 881 1
94 61 881 1
94 104 298 1
104 94 298 1
6 72 449 1
72 6 449 1
14 38 497 1
38 14 497 1
27 28 565 1
28 27 565 1
30 70 259 1
70 30 259 1
40 75 477 1
75 40 477 1
43 98 522 1
98 43 522 1
51 106 972 1
106 51 972 1
82 84 544 1
84 82 544 1
90 93 690 1
93 90 690 1
10 31 619 1
31 10 619 1
16 30 615 1
30 16 615 1
34 61 571 1
61 34 571 1
37 109 343 1
109 37 343 1
38 115 384 1
115 38 384 1
40 78 376 1
78 40 376 1
45 106 909 1
106 45 909 1
69 94 883 1
94 69 883 1
98 109 329 1
109 98 329 1
102 107 560 1
107 102 560 1
3 13 410 1
13 3 410 1
29 85 473 1
85 29 473 1
35 96 448 1
96 35 448 1
42 113 437 1
113 42 437 1
44 101 868 1
101 44 868 1
95 111 347 1
111 95 347 1
101 114 359 1
114 101 359 1
7 63 675 1
63 7 675 1
16 29 882 1
29 16 882 1
36 73 600 1
73 36 600 1
15 21 348 1
21 15 348 1
19 61 611 1
61 19 611 1
50 92 549 1
92 50 549 1
52 91 777 1
91 52 777 1
0 2 460 1
2 0 460 1
36 109 326 1
109 36 326 1
42 90 472 1
90 42 472 1
46 114 362 1
114 46 362 1
12 29 886 1
29 12 886 1
34 38 552 1
38 34 552 1
46 115 378 1
115 46 378 1
52 101 819 1
101 52 819 1
79 89 364 1
89 79 364 1
87 89 476 1
89 87 476 1
15 82 832 1
82 15 832 1
32 78 484 1
78 32 484 1
49 58 594 1
58 49 594 1
6 9 834 1
9 6 834 1
23 33 604 1
33 23 604 1
34 110 327 1
110 34 327 1
84 100 555 1
100 84 555 1
105 110 411 1
110 105 411 1
36 108 330 1
108 36 330 1
44 65 564 1
65 44 564 1
55 93 359 1
93 55 359 1
83 108 716 1
108 83 716 1
109 110 135 1
110 109 135 1
32 56 384 1
56 32 384 1
34 39 610 1
39 34 610 1
43 55 485 1
55 43 485 1
71 76 392 1
76 71 392 1
106 110 467 1
110 106 467 1
6 24 555 1
24 6 555 1
17 89 445 1
89 17 445 1
22 70 443 1
70 22 443 1
42 106 676 1
106 42 676 1
46 105 514 1
105 46 514 1
49 93 719 1
93 49 719 1
74 82 336 1
82 74 336 1
92 106 400 1
106 92 400 1
16 18 646 1
18 16 646 1
26 93 1144 1
93 26 1144 1
70 80 524 1
80 70 524 1
10 15 968 1
15 10 968 1
26 111 1043 1
111 26 1043 1
44 68 695 1
68 44 695 1
67 90 867 1
90 67 867 1
68 106 1131 1
106 68 1131 1
108 110 194 1
110 108 194 1
2 70 412 1
70 2 412 1
4 90 1167 1
90 4 1167 1
16 71 654 1
71 16 654 1
41 62 1018 1
62 41 1018 1
49 57 619 1
57 49 619 1
50 106 751 1
106 50 751 1
72 84 493 1
84 72 493 1
5 70 530 1
70 5 530 1
36 114 494 1
114 36 494 1
37 80 842 1
80 37 842 1
47 92 568 1
92 47 568 1
88 98 408 1
98 88 408 1
27 41 398 1
41 27 398 1
32 63 656 1
63 32 656 1
32 83 847 1
83 32 847 1
37 78 740 1
78 37 740 1
69 105 1158 1
105 69 1158 1
70 77 376 1
77 70 376 1
75 81 434 1
81 75 434 1
94 99 399 1
99 94 399 1
8 64 1208 1
64 8 1208 1
34 115 566 1
115 34 566 1
54 94 226 1
94 54 226 1
84 107 904 1
107 84 904 1
93 115 401 1
115 93 401 1
107 113 400 1
113 107 400 1
13 75 440 1
75 13 440 1
18 101 1348 1
101 18 1348 1
25 67 1191 1
67 25 1191 1
41 96 611 1
96 41 611 1
43 96 503 1
96 43 503 1
73 85 516 1
85 73 516 1
98 115 287 1
115 98 287 1
20 38 349 1
38 20 349 1
42 93 614 1
93 42 614 1
101 107 310 1
107 101 310 1
8 100 1159 1
100 8 1159 1
20 88 611 1
88 20 611 1
8 53 1492 1
53 8 1492 1
39 87 370 1
87 39 370 1
52 55 814 1
55 52 814 1
52 106 576 1
106 52 576 1
65 69 558 1
69 65 558 1
94 111 316 1
111 94 316 1
102 106 217 1
106 102 217 1
27 72 496 1
72 27 496 1
31 33 517 1
33 31 517 1
38 78 371 1
78 38 371 1
71 78 647 1
78 71 647 1
71 80 755 1
80 71 755 1
103 106 532 1
106 103 532 1
10 41 849 1
41 10 849 1
37 79 267 1
79 37 267 1
39 59 935 1
59 39 935 1
8 112 1273 1
112 8 1273 1
17 68 840 1
68 17 840 1
41 82 687 1
82 41 687 1
93 106 650 1
106 93 650 1
14 54 716 1
54 14 716 1
84 113 718 1
113 84 718 1
91 102 669 1
102 91 669 1
8 27 425 1
27 8 425 1
17 77 417 1
77 17 417 1
1 32 484 1
32 1 484 1
24 70 465 1
70 24 465 1
26 112 1094 1
112 26 1094 1
90 112 377 1
112 90 377 1
12 21 630 1
21 12 630 1
15 29 295 1
29 15 295 1
40 80 433 1
80 40 433 1
44 93 779 1
93 44 779 1
83 89 464 1
89 83 464 1
110 112 272 1
112 110 272 1
10 21 662 1
21 10 662 1
19 69 323 1
69 19 323 1
33 67 474 1
67 33 474 1
34 112 579 1
112 34 579 1
36 56 615 1
56 36 615 1
42 84 665 1
84 42 665 1
46 101 649 1
101 46 649 1
74 88 485 1
88 74 485 1
23 49 1325 1
49 23 1325 1
25 64 1312 1
64 25 1312 1
31 106 964 1
106 31 964 1
47 106 636 1
106 47 636 1
76 109 320 1
109 76 320 1
98 108 315 1
108 98 315 1
99 109 321 1
109 99 321 1
16 82 421 1
82 16 421 1
18 60 647 1
60 18 647 1
35 47 370 1
47 35 370 1
36 85 845 1
85 36 845 1
50 100 650 1
100 50 650 1
91 100 719 1
100 91 719 1
94 112 366 1
112 94 366 1
4 53 1405 1
53 4 1405 1
5 61 1171 1
61 5 1171 1
6 71 586 1
71 6 586 1
16 73 769 1
73 16 769 1
36 84 341 1
84 36 341 1
67 91 790 1
91 67 790 1
16 60 498 1
60 16 498 1
30 41 563 1
41 30 563 1
33 65 634 1
65 33 634 1
46 88 560 1
88 46 560 1
49 103 837 1
103 49 837 1
4 14 255 1
14 4 255 1
21 38 458 1
38 21 458 1
38 105 521 1
105 38 521 1
55 88 845 1
88 55 845 1
8 50 1336 1
50 8 1336 1
13 22 606 1
22 13 606 1
51 110 520 1
110 51 520 1
52 93 761 1
93 52 761 1
3 33 424 1
33 3 424 1
4 48 1379 1
48 4 1379 1
8 98 1104 1
98 8 1104 1
45 110 453 1
110 45 453 1
47 113 338 1
113 47 338 1
68 91 1170 1
91 68 1170 1
2 25 585 1
25 2 585 1
4 22 457 1
22 4 457 1
23 27 506 1
27 23 506 1
37 71 401 1
71 37 401 1
98 102 260 1
102 98 260 1
9 14 725 1
14 9 725 1
16 84 311 1
84 16 311 1
34 64 445 1
64 34 445 1
44 64 436 1
64 44 436 1
67 106 941 1
106 67 941 1
34 111 469 1
111 34 469 1
86 102 712 1
102 86 712 1
7 10 896 1
10 7 896 1
21 24 413 1
24 21 413 1
51 65 287 1
65 51 287 1
51 85 514 1
85 51 514 1
62 72 566 1
72 62 566 1
43 54 646 1
54 43 646 1
53 90 787 1
90 53 787 1
38 87 730 1
87 38 730 1
64 66 392 1
66 64 392 1
83 94 771 1
94 83 771 1
14 21 487 1
21 14 487 1
16 37 809 1
37 16 809 1
42 49 396 1
49 42 396 1
5 21 332 1
21 5 332 1
43 85 559 1
85 43 559 1
47 104 532 1
104 47 532 1
48 92 683 1
92 48 683 1
48 113 676 1
113 48 676 1
26 70 383 1
70 26 383 1
37 94 426 1
94 37 426 1
24 112 1273 1
112 24 1273 1
43 112 376 1
112 43 376 1
53 101 452 1
101 53 452 1
77 106 633 1
106 77 633 1
1 44 896 1
44 1 896 1
18 103 1302 1
103 18 1302 1
25 65 1263 1
65 25 1263 1
90 106 378 1
106 90 378 1
3 71 399 1
71 3 399 1
7 79 561 1
79 7 561 1
24 48 1432 1
48 24 1432 1
25 70 480 1
70 25 480 1
39 61 794 1
61 39 794 1
69 91 1081 1
91 69 1081 1
6 41 867 1
41 6 867 1
40 85 900 1
85 40 900 1
27 78 793 1
78 27 793 1
36 89 803 1
89 36 803 1
39 69 918 1
69 39 918 1
44 100 799 1
100 44 799 1
3 83 681 1
83 3 681 1
12 26 521 1
26 12 521 1
16 88 420 1
88 16 420 1
52 85 1026 1
85 52 1026 1
91 106 697 1
106 91 697 1
8 70 477 1
70 8 477 1
8 106 905 1
106 8 905 1
29 31 454 1
31 29 454 1
60 89 1195 1
89 60 1195 1
5 82 673 1
82 5 673 1
24 49 1432 1
49 24 1432 1
50 53 744 1
53 50 744 1
54 72 501 1
72 54 501 1
109 114 278 1
114 109 278 1
13 23 488 1
23 13 488 1
20 26 232 1
26 20 232 1
89 95 416 1
95 89 416 1
102 112 391 1
112 102 391 1
6 33 588 1
33 6 588 1
35 37 446 1
37 35 446 1
45 58 519 1
58 45 519 1
51 67 436 1
67 51 436 1
53 84 1054 1
84 53 1054 1
53 107 600 1
107 53 600 1
59 105 1100 1
105 59 1100 1
93 110 487 1
110 93 487 1
2 27 659 1
27 2 659 1
22 75 633 1
75 22 633 1
36 104 476 1
104 36 476 1
21 35 666 1
35 21 666 1
21 84 830 1
84 21 830 1
36 98 402 1
98 36 402 1
2 24 548 1
24 2 548 1
29 95 532 1
95 29 532 1
33 62 690 1
62 33 690 1
42 68 830 1
68 42 830 1
63 73 569 1
73 63 569 1
75 78 667 1
78 75 667 1
17 106 979 1
106 17 979 1
38 114 469 1
114 38 469 1
42 104 603 1
104 42 603 1
43 106 752 1
106 43 752 1
29 87 356 1
87 29 356 1
5 38 756 1
38 5 756 1
15 37 533 1
37 15 533 1
17 75 351 1
75 17 351 1
39 114 488 1
114 39 488 1
84 115 643 1
115 84 643 1
92 110 485 1
110 92 485 1
4 50 1323 1
50 4 1323 1
47 67 492 1
67 47 492 1
47 100 643 1
100 47 643 1
91 108 473 1
108 91 473 1
109 112 348 1
112 109 348 1
22 86 800 1
86 22 800 1
29 80 961 1
80 29 961 1
40 73 549 1
73 40 549 1
49 64 714 1
64 49 714 1
53 115 576 1
115 53 576 1
35 109 338 1
109 35 338 1
38 70 414 1
70 38 414 1
40 97 584 1
97 40 584 1
43 97 409 1
97 43 409 1
69 97 875 1
97 69 875 1
78 94 474 1
94 78 474 1
92 97 585 1
97 92 585 1
95 98 433 1
98 95 433 1
11 33 518 1
33 11 518 1
14 25 491 1
25 14 491 1
14 86 272 1
86 14 272 1
34 105 727 1
105 34 727 1
88 104 496 1
104 88 496 1
89 105 535 1
105 89 535 1
4 101 1261 1
101 4 1261 1
11 44 1105 1
44 11 1105 1
40 56 722 1
56 40 722 1
58 102 1067 1
102 58 1067 1
62 83 1241 1
83 62 1241 1
95 115 205 1
115 95 205 1
2 21 636 1
21 2 636 1
6 21 662 1
21 6 662 1
11 75 388 1
75 11 388 1
75 88 798 1
88 75 798 1
90 101 719 1
101 90 719 1
6 74 506 1
74 6 506 1
17 58 1029 1
58 17 1029 1
29 89 469 1
89 29 469 1
41 88 824 1
88 41 824 1
53 97 456 1
97 53 456 1
100 113 356 1
113 100 356 1
101 110 541 1
110 101 541 1
21 77 387 1
77 21 387 1
47 93 394 1
93 47 394 1
11 22 654 1
22 11 654 1
37 88 804 1
88 37 804 1
54 92 376 1
92 54 376 1
70 73 402 1
73 70 402 1
72 96 519 1
96 72 519 1
84 98 455 1
98 84 455 1
84 103 961 1
103 84 961 1
2 71 519 1
71 2 519 1
6 25 624 1
25 6 624 1
6 78 581 1
78 6 581 1
11 12 972 1
12 11 972 1
19 58 678 1
58 19 678 1
32 36 555 1
36 32 555 1
32 76 341 1
76 32 341 1
33 61 545 1
61 33 545 1
48 58 400 1
58 48 400 1
56 85 1128 1
85 56 1128 1
60 86 1011 1
86 60 1011 1
70 90 900 1
90 70 900 1
74 84 507 1
84 74 507 1
1 89 788 1
89 1 788 1
31 44 1185 1
44 31 1185 1
31 79 660 1
79 31 660 1
53 102 802 1
102 53 802 1
57 91 921 1
91 57 921 1
34 83 887 1
83 34 887 1
40 114 619 1
114 40 619 1
42 101 698 1
101 42 698 1
43 90 649 1
90 43 649 1
58 81 1039 1
81 58 1039 1
70 88 635 1
88 70 635 1
98 100 250 1
100 98 250 1
1 7 452 1
7 1 452 1
18 68 315 1
68 18 315 1
22 28 590 1
28 22 590 1
25 35 978 1
35 25 978 1
48 57 860 1
57 48 860 1
65 66 537 1
66 65 537 1
85 96 743 1
96 85 743 1
50 113 625 1
113 50 625 1
74 77 362 1
77 74 362 1
93 108 478 1
108 93 478 1
31 63 863 1
63 31 863 1
39 109 356 1
109 39 356 1
53 110 473 1
110 53 473 1
54 108 319 1
108 54 319 1
58 107 1147 1
107 58 1147 1
2 16 591 1
16 2 591 1
17 50 1130 1
50 17 1130 1
27 83 450 1
83 27 450 1
39 99 432 1
99 39 432 1
41 85 509 1
85 41 509 1
43 44 290 1
44 43 290 1
82 90 824 1
90 82 824 1
9 92 1428 1
92 9 1428 1
19 89 1004 1
89 19 1004 1
26 50 1256 1
50 26 1256 1
31 81 775 1
81 31 775 1
35 67 262 1
67 35 262 1
43 49 240 1
49 43 240 1
43 104 661 1
104 43 661 1
44 81 890 1
81 44 890 1
46 85 782 1
85 46 782 1
48 64 369 1
64 48 369 1
62 95 844 1
95 62 844 1
77 85 495 1
85 77 495 1
5 30 380 1
30 5 380 1
16 86 543 1
86 16 543 1
34 37 540 1
37 34 540 1
69 95 876 1
95 69 876 1
89 94 629 1
94 89 629 1
5 64 1350 1
64 5 1350 1
8 110 1076 1
110 8 1076 1
34 60 439 1
60 34 439 1
46 103 609 1
103 46 609 1
48 99 711 1
99 48 711 1
84 114 684 1
114 84 684 1
