116 2668
42 43 239 1
43 42 239 1
44 49 304 1
49 44 304 1
16 80 152 1
80 16 152 1
44 45 194 1
45 44 194 1
73 74 458 1
74 73 458 1
36 37 542 1
37 36 542 1
29 72 629 1
72 29 629 1
30 31 127 1
31 30 127 1
16 82 421 1
82 16 421 1
28 72 116 1
72 28 116 1
42 46 173 1
46 42 173 1
24 26 201 1
26 24 201 1
72 73 517 1
73 72 517 1
22 23 140 1
23 22 140 1
36 38 122 1
38 36 122 1
5 26 263 1
26 5 263 1
46 47 309 1
47 46 309 1
49 51 172 1
51 49 172 1
79 81 136 1
81 79 136 1
32 33 149 1
33 32 149 1
37 95 241 1
95 37 241 1
43 46 341 1
46 43 341 1
62 63 1134 1
63 62 1134 1
29 73 113 1
73 29 113 1
28 29 741 1
29 28 741 1
4 8 148 1
8 4 148 1
98 111 265 1
111 98 265 1
43 47 146 1
47 43 146 1
50 51 698 1
51 50 698 1
42 44 208 1
44 42 208 1
42 47 281 1
47 42 281 1
47 49 380 1
49 47 380 1
72 74 76 1
74 72 76 1
43 44 290 1
44 43 290 1
48 51 548 1
51 48 548 1
44 46 353 1
46 44 353 1
46 98 212 1
98 46 212 1
51 53 271 1
53 51 271 1
46 49 541 1
49 46 541 1
80 81 1113 1
81 80 1113 1
10 16 218 1
16 10 218 1
48 49 410 1
49 48 410 1
80 82 469 1
82 80 469 1
91 92 669 1
92 91 669 1
42 53 475 1
53 42 475 1
5 24 252 1
24 5 252 1
37 76 441 1
76 37 441 1
82 83 881 1
83 82 881 1
17 79 135 1
79 17 135 1
14 15 772 1
15 14 772 1
29 74 571 1
74 29 571 1
76 77 238 1
77 76 238 1
4 26 161 1
26 4 161 1
43 49 240 1
49 43 240 1
37 38 515 1
38 37 515 1
12 14 278 1
14 12 278 1
94 108 97 1
108 94 97 1
41 72 550 1
72 41 550 1
92 93 608 1
93 92 608 1
36 76 232 1
76 36 232 1
43 53 293 1
53 43 293 1
46 111 189 1
111 46 189 1
76 79 567 1
79 76 567 1
41 73 204 1
73 41 204 1
20 21 185 1
21 20 185 1
45 49 111 1
49 45 111 1
44 48 114 1
48 44 114 1
41 55 403 1
55 41 403 1
58 59 496 1
59 58 496 1
73 75 84 1
75 73 84 1
63 76 747 1
76 63 747 1
44 47 404 1
47 44 404 1
24 25 135 1
25 24 135 1
47 53 268 1
53 47 268 1
68 69 164 1
69 68 164 1
91 93 118 1
93 91 118 1
2 6 165 1
6 2 165 1
90 91 735 1
91 90 735 1
7 9 490 1
9 7 490 1
10 82 401 1
82 10 401 1
13 15 277 1
15 13 277 1
60 61 893 1
61 60 893 1
37 78 740 1
78 37 740 1
100 102 87 1
102 100 87 1
78 80 116 1
80 78 116 1
7 11 254 1
11 7 254 1
37 77 246 1
77 37 246 1
9 13 376 1
13 9 376 1
46 53 547 1
53 46 547 1
45 48 304 1
48 45 304 1
47 51 339 1
51 47 339 1
36 78 263 1
78 36 263 1
41 74 484 1
74 41 484 1
36 80 330 1
80 36 330 1
0 1 800 1
1 0 800 1
17 76 648 1
76 17 648 1
43 51 245 1
51 43 245 1
9 15 219 1
15 9 219 1
42 49 396 1
49 42 396 1
22 24 386 1
24 22 386 1
57 63 249 1
63 57 249 1
10 14 380 1
14 10 380 1
73 76 450 1
76 73 450 1
28 74 188 1
74 28 188 1
10 12 181 1
12 10 181 1
1 61 385 1
61 1 385 1
17 63 324 1
63 17 324 1
17 81 182 1
81 17 182 1
44 51 440 1
51 44 440 1
44 98 563 1
98 44 563 1
73 81 406 1
81 73 406 1
101 103 106 1
103 101 106 1
105 113 210 1
113 105 210 1
23 113 1322 1
113 23 1322 1
5 22 506 1
22 5 506 1
4 14 255 1
14 4 255 1
50 53 744 1
53 50 744 1
76 78 312 1
78 76 312 1
36 95 408 1
95 36 408 1
74 75 389 1
75 74 389 1
28 73 629 1
73 28 629 1
48 50 202 1
50 48 202 1
12 15 906 1
15 12 906 1
4 5 350 1
5 4 350 1
63 79 303 1
79 63 303 1
65 92 1075 1
92 65 1075 1
78 95 636 1
95 78 636 1
37 96 506 1
96 37 506 1
49 98 742 1
98 49 742 1
56 57 840 1
57 56 840 1
17 74 721 1
74 17 721 1
36 96 257 1
96 36 257 1
63 74 885 1
74 63 885 1
28 41 661 1
41 28 661 1
66 67 177 1
67 66 177 1
73 79 296 1
79 73 296 1
4 93 1288 1
93 4 1288 1
33 61 545 1
61 33 545 1
13 31 424 1
31 13 424 1
34 35 126 1
35 34 126 1
53 112 421 1
112 53 421 1
55 72 755 1
72 55 755 1
4 24 144 1
24 4 144 1
38 78 371 1
78 38 371 1
30 42 1143 1
42 30 1143 1
41 62 1018 1
62 41 1018 1
61 65 175 1
65 61 175 1
24 30 283 1
30 24 283 1
38 96 284 1
96 38 284 1
42 51 463 1
51 42 463 1
17 73 298 1
73 17 298 1
69 88 1077 1
88 69 1077 1
76 81 691 1
81 76 691 1
6 12 248 1
12 6 248 1
92 100 157 1
100 92 157 1
37 80 842 1
80 37 842 1
41 75 187 1
75 41 187 1
51 112 579 1
112 51 579 1
63 73 569 1
73 63 569 1
95 97 97 1
97 95 97 1
2 22 228 1
22 2 228 1
23 25 373 1
25 23 373 1
36 41 570 1
41 36 570 1
61 68 615 1
68 61 615 1
76 80 424 1
80 76 424 1
7 13 237 1
13 7 237 1
36 81 848 1
81 36 848 1
64 65 897 1
65 64 897 1
39 95 233 1
95 39 233 1
5 27 165 1
27 5 165 1
26 27 135 1
27 26 135 1
63 78 1033 1
78 63 1033 1
11 65 770 1
65 11 770 1
29 81 342 1
81 29 342 1
37 39 117 1
39 37 117 1
38 95 382 1
95 38 382 1
22 25 402 1
25 22 402 1
68 88 1023 1
88 68 1023 1
0 18 364 1
18 0 364 1
0 84 624 1
84 0 624 1
17 62 1129 1
62 17 1129 1
16 81 1063 1
81 16 1063 1
58 60 266 1
60 58 266 1
38 41 513 1
41 38 513 1
57 58 735 1
58 57 735 1
65 88 1179 1
88 65 1179 1
104 111 377 1
111 104 377 1
11 13 168 1
13 11 168 1
20 30 328 1
30 20 328 1
30 53 1265 1
53 30 1265 1
55 73 498 1
73 55 498 1
3 22 347 1
22 3 347 1
36 73 600 1
73 36 600 1
93 114 346 1
114 93 346 1
42 50 271 1
50 42 271 1
43 45 199 1
45 43 199 1
47 98 442 1
98 47 442 1
4 15 597 1
15 4 597 1
16 28 220 1
28 16 220 1
37 81 336 1
81 37 336 1
72 75 453 1
75 72 453 1
30 43 1104 1
43 30 1104 1
46 51 585 1
51 46 585 1
10 80 357 1
80 10 357 1
28 55 861 1
55 28 861 1
38 40 158 1
40 38 158 1
64 88 675 1
88 64 675 1
38 39 465 1
39 38 465 1
17 80 1070 1
80 17 1070 1
17 84 1128 1
84 17 1128 1
57 76 691 1
76 57 691 1
8 15 741 1
15 8 741 1
18 19 147 1
19 18 147 1
29 41 234 1
41 29 234 1
74 79 666 1
79 74 666 1
55 96 492 1
96 55 492 1
1 33 355 1
33 1 355 1
67 69 345 1
69 67 345 1
94 110 220 1
110 94 220 1
4 9 500 1
9 4 500 1
16 36 349 1
36 16 349 1
92 102 211 1
102 92 211 1
22 113 1310 1
113 22 1310 1
36 77 422 1
77 36 422 1
8 9 638 1
9 8 638 1
8 14 205 1
14 8 205 1
36 55 626 1
55 36 626 1
74 81 792 1
81 74 792 1
79 80 991 1
80 79 991 1
1 85 630 1
85 1 630 1
13 30 546 1
30 13 546 1
74 76 203 1
76 74 203 1
2 3 405 1
3 2 405 1
47 111 188 1
111 47 188 1
80 83 1100 1
83 80 1100 1
42 111 258 1
111 42 258 1
93 101 103 1
101 93 103 1
32 62 548 1
62 32 548 1
41 96 611 1
96 41 611 1
113 114 95 1
114 113 95 1
31 71 265 1
71 31 265 1
55 74 679 1
74 55 679 1
16 83 1029 1
83 16 1029 1
41 76 493 1
76 41 493 1
105 114 152 1
114 105 152 1
16 78 122 1
78 16 122 1
25 27 193 1
27 25 193 1
42 45 300 1
45 42 300 1
80 95 719 1
95 80 719 1
23 24 403 1
24 23 403 1
17 29 223 1
29 17 223 1
28 83 861 1
83 28 861 1
43 50 494 1
50 43 494 1
55 82 916 1
82 55 916 1
73 80 850 1
80 73 850 1
81 96 799 1
96 81 799 1
33 63 547 1
63 33 547 1
41 78 770 1
78 41 770 1
56 63 1014 1
63 56 1014 1
8 26 300 1
26 8 300 1
29 75 189 1
75 29 189 1
33 60 632 1
60 33 632 1
20 112 885 1
112 20 885 1
90 92 135 1
92 90 135 1
3 23 271 1
23 3 271 1
62 73 961 1
73 62 961 1
62 76 527 1
76 62 527 1
73 78 740 1
78 73 740 1
52 53 746 1
53 52 746 1
94 97 266 1
97 94 266 1
25 113 1193 1
113 25 1193 1
60 68 469 1
68 60 469 1
65 100 1146 1
100 65 1146 1
40 41 506 1
41 40 506 1
88 89 1035 1
89 88 1035 1
37 73 278 1
73 37 278 1
26 53 1271 1
53 26 1271 1
60 63 1021 1
63 60 1021 1
69 89 1015 1
89 69 1015 1
69 100 1235 1
100 69 1235 1
3 65 942 1
65 3 942 1
28 40 248 1
40 28 248 1
78 81 1002 1
81 78 1002 1
16 29 882 1
29 16 882 1
35 39 531 1
39 35 531 1
41 81 452 1
81 41 452 1
49 53 406 1
53 49 406 1
74 78 322 1
78 74 322 1
77 95 322 1
95 77 322 1
23 105 1262 1
105 23 1262 1
29 83 227 1
83 29 227 1
49 111 530 1
111 49 530 1
63 75 591 1
75 63 591 1
17 28 894 1
28 17 894 1
24 27 252 1
27 24 252 1
28 80 329 1
80 28 329 1
57 79 431 1
79 57 431 1
5 9 157 1
9 5 157 1
33 62 690 1
62 33 690 1
44 111 448 1
111 44 448 1
74 80 415 1
80 74 415 1
5 23 453 1
23 5 453 1
19 32 289 1
32 19 289 1
65 69 558 1
69 65 558 1
29 80 961 1
80 29 961 1
36 79 738 1
79 36 738 1
56 76 519 1
76 56 519 1
22 86 800 1
86 22 800 1
28 82 255 1
82 28 255 1
36 39 517 1
39 36 517 1
37 41 217 1
41 37 217 1
75 76 374 1
76 75 374 1
97 108 170 1
108 97 170 1
7 65 934 1
65 7 934 1
7 92 1445 1
92 7 1445 1
41 80 868 1
80 41 868 1
7 100 1408 1
100 7 1408 1
62 74 590 1
74 62 590 1
65 89 679 1
89 65 679 1
46 112 262 1
112 46 262 1
86 105 797 1
105 86 797 1
23 93 1407 1
93 23 1407 1
45 51 254 1
51 45 254 1
48 59 599 1
59 48 599 1
40 72 200 1
72 40 200 1
3 89 961 1
89 3 961 1
21 31 344 1
31 21 344 1
21 71 214 1
71 21 214 1
55 63 600 1
63 55 600 1
75 78 667 1
78 75 667 1
78 79 878 1
79 78 878 1
6 8 485 1
8 6 485 1
38 55 598 1
55 38 598 1
54 95 438 1
95 54 438 1
86 113 874 1
113 86 874 1
21 30 349 1
30 21 349 1
29 55 507 1
55 29 507 1
38 54 263 1
54 38 263 1
88 100 425 1
100 88 425 1
20 23 575 1
23 20 575 1
32 63 656 1
63 32 656 1
98 112 277 1
112 98 277 1
47 48 490 1
48 47 490 1
48 98 566 1
98 48 566 1
1 57 172 1
57 1 172 1
16 95 729 1
95 16 729 1
20 40 225 1
40 20 225 1
37 54 645 1
54 37 645 1
37 55 221 1
55 37 221 1
37 75 239 1
75 37 239 1
62 81 1169 1
81 62 1169 1
77 78 550 1
78 77 550 1
22 26 505 1
26 22 505 1
30 46 1051 1
46 30 1051 1
37 79 267 1
79 37 267 1
8 24 258 1
24 8 258 1
24 53 1427 1
53 24 1427 1
78 96 453 1
96 78 453 1
84 85 1130 1
85 84 1130 1
1 11 394 1
11 1 394 1
35 67 262 1
67 35 262 1
41 83 252 1
83 41 252 1
72 81 860 1
81 72 860 1
41 63 682 1
63 41 682 1
4 53 1405 1
53 4 1405 1
16 37 809 1
37 16 809 1
82 106 562 1
106 82 562 1
36 82 401 1
82 36 401 1
104 105 204 1
105 104 204 1
55 80 931 1
80 55 931 1
15 30 522 1
30 15 522 1
75 77 210 1
77 75 210 1
81 109 623 1
109 81 623 1
22 30 218 1
30 22 218 1
26 93 1144 1
93 26 1144 1
28 81 975 1
81 28 975 1
57 61 216 1
61 57 216 1
58 61 717 1
61 58 717 1
77 79 329 1
79 77 329 1
35 90 713 1
90 35 713 1
55 78 841 1
78 55 841 1
67 90 867 1
90 67 867 1
22 93 1426 1
93 22 1426 1
3 88 1145 1
88 3 1145 1
23 114 1244 1
114 23 1244 1
26 30 321 1
30 26 321 1
61 63 238 1
63 61 238 1
1 18 493 1
18 1 493 1
3 92 1420 1
92 3 1420 1
40 54 405 1
54 40 405 1
42 98 381 1
98 42 381 1
37 63 543 1
63 37 543 1
36 74 242 1
74 36 242 1
55 62 1031 1
62 55 1031 1
45 47 345 1
47 45 345 1
63 81 293 1
81 63 293 1
103 104 369 1
104 103 369 1
15 26 469 1
26 15 469 1
77 81 453 1
81 77 453 1
1 60 923 1
60 1 923 1
16 73 769 1
73 16 769 1
51 98 763 1
98 51 763 1
2 93 1417 1
93 2 1417 1
39 54 618 1
54 39 618 1
18 32 279 1
32 18 279 1
91 100 719 1
100 91 719 1
49 50 585 1
50 49 585 1
50 112 538 1
112 50 538 1
69 90 1119 1
90 69 1119 1
81 82 1081 1
82 81 1081 1
93 105 305 1
105 93 305 1
38 80 426 1
80 38 426 1
43 111 293 1
111 43 293 1
46 72 723 1
72 46 723 1
61 100 1241 1
100 61 1241 1
8 12 346 1
12 8 346 1
18 33 288 1
33 18 288 1
70 71 263 1
71 70 263 1
72 80 384 1
80 72 384 1
22 50 1336 1
50 22 1336 1
22 105 1261 1
105 22 1261 1
28 75 567 1
75 28 567 1
38 75 499 1
75 38 499 1
16 72 287 1
72 16 287 1
5 8 493 1
8 5 493 1
37 97 271 1
97 37 271 1
81 83 446 1
83 81 446 1
0 88 782 1
88 0 782 1
16 38 439 1
38 16 439 1
52 111 398 1
111 52 398 1
49 59 382 1
59 49 382 1
60 78 455 1
78 60 455 1
12 13 959 1
13 12 959 1
16 17 998 1
17 16 998 1
41 82 687 1
82 41 687 1
2 23 340 1
23 2 340 1
14 82 179 1
82 14 179 1
17 57 439 1
57 17 439 1
23 86 866 1
86 23 866 1
25 86 638 1
86 25 638 1
35 69 473 1
69 35 473 1
44 53 562 1
53 44 562 1
72 83 754 1
83 72 754 1
77 80 662 1
80 77 662 1
83 85 549 1
85 83 549 1
39 110 466 1
110 39 466 1
55 83 558 1
83 55 558 1
88 92 521 1
92 88 521 1
7 15 461 1
15 7 461 1
43 48 391 1
48 43 391 1
55 98 606 1
98 55 606 1
62 75 893 1
75 62 893 1
69 92 1197 1
92 69 1197 1
112 113 116 1
113 112 116 1
21 112 894 1
112 21 894 1
55 76 571 1
76 55 571 1
10 84 516 1
84 10 516 1
57 60 868 1
60 57 868 1
62 79 1049 1
79 62 1049 1
11 85 574 1
85 11 574 1
76 95 396 1
95 76 396 1
4 20 334 1
20 4 334 1
36 72 276 1
72 36 276 1
40 83 731 1
83 40 731 1
8 93 1382 1
93 8 1382 1
67 110 507 1
110 67 507 1
98 99 479 1
99 98 479 1
34 110 327 1
110 34 327 1
55 81 401 1
81 55 401 1
30 71 303 1
71 30 303 1
54 89 853 1
89 54 853 1
20 113 831 1
113 20 831 1
4 91 1276 1
91 4 1276 1
61 88 1219 1
88 61 1219 1
17 75 351 1
75 17 351 1
21 25 360 1
25 21 360 1
36 75 517 1
75 36 517 1
39 108 341 1
108 39 341 1
45 46 448 1
46 45 448 1
7 91 1186 1
91 7 1186 1
8 91 1373 1
91 8 1373 1
63 77 536 1
77 63 536 1
53 98 671 1
98 53 671 1
1 63 334 1
63 1 334 1
5 25 129 1
25 5 129 1
12 28 275 1
28 12 275 1
37 99 410 1
99 37 410 1
96 97 322 1
97 96 322 1
16 55 931 1
55 16 931 1
17 56 1024 1
56 17 1024 1
21 24 413 1
24 21 413 1
24 43 1300 1
43 24 1300 1
38 72 305 1
72 38 305 1
42 48 243 1
48 42 243 1
20 71 311 1
71 20 311 1
21 40 380 1
40 21 380 1
23 30 259 1
30 23 259 1
39 94 407 1
94 39 407 1
46 52 244 1
52 46 244 1
84 88 224 1
88 84 224 1
4 6 536 1
6 4 536 1
6 64 941 1
64 6 941 1
16 109 631 1
109 16 631 1
20 42 954 1
42 20 954 1
92 114 349 1
114 92 349 1
25 26 225 1
26 25 225 1
60 77 735 1
77 60 735 1
105 115 176 1
115 105 176 1
24 42 1334 1
42 24 1334 1
36 63 945 1
63 36 945 1
103 105 173 1
105 103 173 1
4 30 322 1
30 4 322 1
39 77 312 1
77 39 312 1
42 52 325 1
52 42 325 1
17 72 781 1
72 17 781 1
39 97 289 1
97 39 289 1
57 59 382 1
59 57 382 1
81 95 542 1
95 81 542 1
104 113 229 1
113 104 229 1
4 22 457 1
22 4 457 1
14 26 321 1
26 14 321 1
32 60 487 1
60 32 487 1
35 110 305 1
110 35 305 1
70 75 355 1
75 70 355 1
3 25 566 1
25 3 566 1
5 50 1417 1
50 5 1417 1
17 78 955 1
78 17 955 1
24 113 1216 1
113 24 1216 1
29 78 851 1
78 29 851 1
41 95 382 1
95 41 382 1
65 102 1120 1
102 65 1120 1
6 7 710 1
7 6 710 1
25 93 1273 1
93 25 1273 1
103 114 282 1
114 103 282 1
3 64 1134 1
64 3 1134 1
8 53 1492 1
53 8 1492 1
11 88 1176 1
88 11 1176 1
33 57 394 1
57 33 394 1
44 50 287 1
50 44 287 1
56 96 743 1
96 56 743 1
58 63 892 1
63 58 892 1
95 108 123 1
108 95 123 1
10 15 968 1
15 10 968 1
51 52 786 1
52 51 786 1
16 41 813 1
41 16 813 1
20 53 1075 1
53 20 1075 1
24 93 1326 1
93 24 1326 1
26 50 1256 1
50 26 1256 1
39 89 325 1
89 39 325 1
36 54 228 1
54 36 228 1
7 90 1390 1
90 7 1390 1
10 11 986 1
11 10 986 1
24 50 1395 1
50 24 1395 1
56 79 965 1
79 56 965 1
108 110 194 1
110 108 194 1
46 48 368 1
48 46 368 1
75 79 318 1
79 75 318 1
18 87 1063 1
87 18 1063 1
22 53 1432 1
53 22 1432 1
29 79 257 1
79 29 257 1
32 41 693 1
41 32 693 1
7 102 1355 1
102 7 1355 1
16 74 335 1
74 16 335 1
17 37 368 1
37 17 368 1
34 97 481 1
97 34 481 1
43 98 522 1
98 43 522 1
49 112 609 1
112 49 609 1
57 62 1000 1
62 57 1000 1
26 43 1155 1
43 26 1155 1
30 50 1195 1
50 30 1195 1
67 107 894 1
107 67 894 1
73 98 854 1
98 73 854 1
0 85 1139 1
85 0 1139 1
1 68 549 1
68 1 549 1
20 22 544 1
22 20 544 1
38 76 305 1
76 38 305 1
64 84 478 1
84 64 478 1
80 85 1121 1
85 80 1121 1
17 41 414 1
41 17 414 1
76 96 361 1
96 76 361 1
106 107 486 1
107 106 486 1
0 68 414 1
68 0 414 1
44 112 534 1
112 44 534 1
103 113 295 1
113 103 295 1
63 80 1146 1
80 63 1146 1
69 107 1110 1
107 69 1110 1
37 74 520 1
74 37 520 1
100 107 640 1
107 100 640 1
0 63 1010 1
63 0 1010 1
1 84 1139 1
84 1 1139 1
30 44 1163 1
44 30 1163 1
50 52 243 1
52 50 243 1
72 111 772 1
111 72 772 1
90 100 182 1
100 90 182 1
24 86 569 1
86 24 569 1
24 105 1115 1
105 24 1115 1
29 40 655 1
40 29 655 1
40 55 690 1
55 40 690 1
46 50 303 1
50 46 303 1
73 83 298 1
83 73 298 1
83 106 894 1
106 83 894 1
2 91 1366 1
91 2 1366 1
4 23 506 1
23 4 506 1
10 83 1031 1
83 10 1031 1
26 112 1094 1
112 26 1094 1
32 57 493 1
57 32 493 1
41 79 379 1
79 41 379 1
89 100 936 1
100 89 936 1
96 98 184 1
98 96 184 1
96 99 428 1
99 96 428 1
97 99 180 1
99 97 180 1
0 62 386 1
62 0 386 1
3 5 603 1
5 3 603 1
62 77 741 1
77 62 741 1
93 103 173 1
103 93 173 1
2 8 554 1
8 2 554 1
19 62 792 1
62 19 792 1
52 98 272 1
98 52 272 1
78 82 455 1
82 78 455 1
0 56 174 1
56 0 174 1
23 42 1326 1
42 23 1326 1
23 115 1150 1
115 23 1150 1
59 66 363 1
66 59 363 1
10 85 1188 1
85 10 1188 1
26 51 1298 1
51 26 1298 1
56 81 1090 1
81 56 1090 1
3 93 1309 1
93 3 1309 1
20 93 974 1
93 20 974 1
32 76 341 1
76 32 341 1
55 75 460 1
75 55 460 1
62 80 268 1
80 62 268 1
1 88 1198 1
88 1 1198 1
4 112 1211 1
112 4 1211 1
5 93 1207 1
93 5 1207 1
28 62 527 1
62 28 527 1
38 81 841 1
81 38 841 1
57 73 601 1
73 57 601 1
58 66 198 1
66 58 198 1
32 81 728 1
81 32 728 1
1 32 484 1
32 1 484 1
3 115 1099 1
115 3 1099 1
62 78 287 1
78 62 287 1
82 109 693 1
109 82 693 1
94 109 127 1
109 94 127 1
6 50 1151 1
50 6 1151 1
20 31 387 1
31 20 387 1
31 42 1171 1
42 31 1171 1
3 114 1184 1
114 3 1184 1
0 33 480 1
33 0 480 1
53 113 487 1
113 53 487 1
60 62 241 1
62 60 241 1
65 68 707 1
68 65 707 1
20 24 393 1
24 20 393 1
80 84 162 1
84 80 162 1
3 7 185 1
7 3 185 1
5 13 461 1
13 5 461 1
34 67 275 1
67 34 275 1
38 73 580 1
73 38 580 1
60 76 576 1
76 60 576 1
114 115 96 1
115 114 96 1
6 14 476 1
14 6 476 1
51 111 516 1
111 51 516 1
89 102 866 1
102 89 866 1
17 36 828 1
36 17 828 1
22 43 1259 1
43 22 1259 1
57 77 533 1
77 57 533 1
80 97 779 1
97 80 779 1
29 82 824 1
82 29 824 1
40 113 703 1
113 40 703 1
56 74 591 1
74 56 591 1
108 109 87 1
109 108 87 1
0 17 982 1
17 0 982 1
28 46 774 1
46 28 774 1
53 111 406 1
111 53 406 1
36 56 615 1
56 36 615 1
38 82 362 1
82 38 362 1
17 77 417 1
77 17 417 1
23 43 1259 1
43 23 1259 1
40 105 656 1
105 40 656 1
47 112 265 1
112 47 265 1
79 84 1035 1
84 79 1035 1
9 30 478 1
30 9 478 1
47 50 544 1
50 47 544 1
47 55 367 1
55 47 367 1
72 98 675 1
98 72 675 1
0 60 405 1
60 0 405 1
28 78 272 1
78 28 272 1
38 77 447 1
77 38 447 1
45 98 655 1
98 45 655 1
69 91 1081 1
91 69 1081 1
79 109 545 1
109 79 545 1
5 30 380 1
30 5 380 1
11 64 1218 1
64 11 1218 1
68 100 1230 1
100 68 1230 1
72 78 300 1
78 72 300 1
18 84 897 1
84 18 897 1
20 103 873 1
103 20 873 1
24 112 1273 1
112 24 1273 1
29 76 555 1
76 29 555 1
35 65 453 1
65 35 453 1
46 55 584 1
55 46 584 1
70 77 376 1
77 70 376 1
0 10 381 1
10 0 381 1
39 71 417 1
71 39 417 1
39 82 719 1
82 39 719 1
68 89 1110 1
89 68 1110 1
10 28 213 1
28 10 213 1
33 68 378 1
68 33 378 1
37 56 930 1
56 37 930 1
75 95 407 1
95 75 407 1
25 110 1042 1
110 25 1042 1
31 43 1106 1
43 31 1106 1
33 76 380 1
76 33 380 1
62 72 566 1
72 62 566 1
75 80 775 1
80 75 775 1
78 97 697 1
97 78 697 1
108 114 218 1
114 108 218 1
37 62 953 1
62 37 953 1
55 99 216 1
99 55 216 1
93 113 317 1
113 93 317 1
16 106 659 1
106 16 659 1
72 76 257 1
76 72 257 1
110 115 264 1
115 110 264 1
5 53 1317 1
53 5 1317 1
26 86 416 1
86 26 416 1
30 112 1143 1
112 30 1143 1
35 89 648 1
89 35 648 1
56 97 920 1
97 56 920 1
22 42 1301 1
42 22 1301 1
39 69 918 1
69 39 918 1
42 112 333 1
112 42 333 1
48 53 654 1
53 48 654 1
101 106 633 1
106 101 633 1
16 39 805 1
39 16 805 1
16 97 797 1
97 16 797 1
20 26 232 1
26 20 232 1
20 114 742 1
114 20 742 1
21 23 542 1
23 21 542 1
54 55 651 1
55 54 651 1
69 115 1010 1
115 69 1010 1
20 105 754 1
105 20 754 1
32 68 304 1
68 32 304 1
55 95 221 1
95 55 221 1
74 96 467 1
96 74 467 1
5 43 1235 1
43 5 1235 1
20 46 831 1
46 20 831 1
52 113 478 1
113 52 478 1
80 96 505 1
96 80 505 1
90 107 713 1
107 90 713 1
3 100 1385 1
100 3 1385 1
4 43 1268 1
43 4 1268 1
5 113 1156 1
113 5 1156 1
35 108 425 1
108 35 425 1
29 62 1067 1
62 29 1067 1
63 96 897 1
96 63 897 1
70 73 402 1
73 70 402 1
73 96 674 1
96 73 674 1
98 104 286 1
104 98 286 1
34 64 445 1
64 34 445 1
64 92 764 1
92 64 764 1
0 32 356 1
32 0 356 1
9 11 523 1
11 9 523 1
41 54 714 1
54 41 714 1
56 99 1051 1
99 56 1051 1
74 83 697 1
83 74 697 1
24 51 1429 1
51 24 1429 1
39 78 740 1
78 39 740 1
95 109 146 1
109 95 146 1
37 82 780 1
82 37 780 1
88 90 414 1
90 88 414 1
16 79 934 1
79 16 934 1
20 43 937 1
43 20 937 1
36 99 637 1
99 36 637 1
39 96 494 1
96 39 494 1
77 85 495 1
85 77 495 1
111 113 191 1
113 111 191 1
0 80 485 1
80 0 485 1
29 36 705 1
36 29 705 1
36 40 213 1
40 36 213 1
54 86 568 1
86 54 568 1
93 102 600 1
102 93 600 1
20 25 402 1
25 20 402 1
42 72 843 1
72 42 843 1
62 85 1177 1
85 62 1177 1
3 69 687 1
69 3 687 1
14 16 483 1
16 14 483 1
53 72 1064 1
72 53 1064 1
86 87 805 1
87 86 805 1
101 114 359 1
114 101 359 1
16 76 379 1
76 16 379 1
25 114 1103 1
114 25 1103 1
39 80 834 1
80 39 834 1
56 62 252 1
62 56 252 1
73 95 476 1
95 73 476 1
5 86 673 1
86 5 673 1
8 22 480 1
22 8 480 1
12 82 376 1
82 12 376 1
39 109 356 1
109 39 356 1
9 26 419 1
26 9 419 1
53 105 581 1
105 53 581 1
75 81 434 1
81 75 434 1
12 30 419 1
30 12 419 1
28 38 358 1
38 28 358 1
32 56 384 1
56 32 384 1
32 66 416 1
66 32 416 1
9 100 1346 1
100 9 1346 1
11 15 385 1
15 11 385 1
11 89 636 1
89 11 636 1
16 54 493 1
54 16 493 1
70 76 285 1
76 70 285 1
31 46 1090 1
46 31 1090 1
1 78 939 1
78 1 939 1
1 107 981 1
107 1 981 1
4 12 434 1
12 4 434 1
37 57 643 1
57 37 643 1
41 77 345 1
77 41 345 1
73 77 274 1
77 73 274 1
1 76 689 1
76 1 689 1
6 9 834 1
9 6 834 1
14 20 320 1
20 14 320 1
14 30 414 1
30 14 414 1
14 53 1349 1
53 14 1349 1
57 78 938 1
78 57 938 1
68 115 1040 1
115 68 1040 1
0 82 741 1
82 0 741 1
6 93 1425 1
93 6 1425 1
8 13 868 1
13 8 868 1
11 12 972 1
12 11 972 1
29 38 680 1
38 29 680 1
35 97 412 1
97 35 412 1
61 102 1213 1
102 61 1213 1
74 111 713 1
111 74 713 1
94 95 213 1
95 94 213 1
58 77 753 1
77 58 753 1
14 93 1238 1
93 14 1238 1
32 61 611 1
61 32 611 1
52 112 417 1
112 52 417 1
58 90 890 1
90 58 890 1
72 96 519 1
96 72 519 1
96 111 286 1
111 96 286 1
0 97 963 1
97 0 963 1
66 110 549 1
110 66 549 1
69 108 886 1
108 69 886 1
95 96 288 1
96 95 288 1
0 61 943 1
61 0 943 1
6 91 1386 1
91 6 1386 1
11 61 675 1
61 11 675 1
19 33 238 1
33 19 238 1
38 74 265 1
74 38 265 1
82 84 544 1
84 82 544 1
113 115 188 1
115 113 188 1
4 92 1237 1
92 4 1237 1
5 52 1379 1
52 5 1379 1
5 92 1324 1
92 5 1324 1
9 14 725 1
14 9 725 1
15 20 521 1
20 15 521 1
26 42 1183 1
42 26 1183 1
29 63 531 1
63 29 531 1
60 65 898 1
65 60 898 1
79 95 480 1
95 79 480 1
92 107 674 1
107 92 674 1
102 107 560 1
107 102 560 1
56 77 690 1
77 56 690 1
56 78 391 1
78 56 391 1
82 95 720 1
95 82 720 1
0 78 431 1
78 0 431 1
9 12 856 1
12 9 856 1
9 24 385 1
24 9 385 1
32 78 484 1
78 32 484 1
34 39 610 1
39 34 610 1
40 82 231 1
82 40 231 1
43 112 376 1
112 43 376 1
48 112 575 1
112 48 575 1
54 96 167 1
96 54 167 1
17 85 352 1
85 17 352 1
19 76 599 1
76 19 599 1
63 72 944 1
72 63 944 1
73 111 787 1
111 73 787 1
1 62 1027 1
62 1 1027 1
15 53 1143 1
53 15 1143 1
18 62 706 1
62 18 706 1
82 85 1121 1
85 82 1121 1
33 41 611 1
41 33 611 1
33 77 332 1
77 33 332 1
77 96 456 1
96 77 456 1
79 96 717 1
96 79 717 1
80 106 591 1
106 80 591 1
2 86 809 1
86 2 809 1
4 50 1323 1
50 4 1323 1
14 83 858 1
83 14 858 1
55 87 559 1
87 55 559 1
3 113 1250 1
113 3 1250 1
26 113 1029 1
113 26 1029 1
34 66 268 1
66 34 268 1
2 64 992 1
64 2 992 1
57 98 1043 1
98 57 1043 1
59 90 1104 1
90 59 1104 1
16 40 399 1
40 16 399 1
32 96 657 1
96 32 657 1
36 57 914 1
57 36 914 1
47 52 540 1
52 47 540 1
57 81 488 1
81 57 488 1
12 16 384 1
16 12 384 1
48 111 498 1
111 48 498 1
90 94 414 1
94 90 414 1
92 115 404 1
115 92 404 1
4 51 1418 1
51 4 1418 1
4 105 1055 1
105 4 1055 1
22 114 1232 1
114 22 1232 1
29 46 914 1
46 29 914 1
36 97 483 1
97 36 483 1
37 60 955 1
60 37 955 1
93 100 653 1
100 93 653 1
4 42 1278 1
42 4 1278 1
29 37 304 1
37 29 304 1
37 72 595 1
72 37 595 1
64 93 1076 1
93 64 1076 1
72 79 733 1
79 72 733 1
76 84 486 1
84 76 486 1
8 30 385 1
30 8 385 1
42 113 437 1
113 42 437 1
48 58 400 1
58 48 400 1
111 112 111 1
112 111 111 1
5 15 278 1
15 5 278 1
36 70 395 1
70 36 395 1
51 59 486 1
59 51 486 1
76 85 717 1
85 76 717 1
2 4 569 1
4 2 569 1
10 81 1126 1
81 10 1126 1
10 106 807 1
106 10 807 1
33 78 590 1
78 33 590 1
71 75 163 1
75 71 163 1
73 82 720 1
82 73 720 1
89 115 561 1
115 89 561 1
101 113 350 1
113 101 350 1
0 79 944 1
79 0 944 1
19 41 815 1
41 19 815 1
30 47 1058 1
47 30 1058 1
42 105 625 1
105 42 625 1
56 73 886 1
73 56 886 1
72 82 298 1
82 72 298 1
28 47 900 1
47 28 900 1
29 96 758 1
96 29 758 1
32 79 600 1
79 32 600 1
43 52 553 1
52 43 553 1
80 109 607 1
109 80 607 1
86 110 816 1
110 86 816 1
13 27 531 1
27 13 531 1
49 52 718 1
52 49 718 1
62 83 1241 1
83 62 1241 1
15 24 514 1
24 15 514 1
35 68 531 1
68 35 531 1
61 69 456 1
69 61 456 1
77 94 396 1
94 77 396 1
0 81 1076 1
81 0 1076 1
23 40 770 1
40 23 770 1
30 86 614 1
86 30 614 1
34 94 438 1
94 34 438 1
93 112 343 1
112 93 343 1
105 108 296 1
108 105 296 1
81 84 1146 1
84 81 1146 1
17 33 512 1
33 17 512 1
70 72 158 1
72 70 158 1
1 19 351 1
19 1 351 1
30 105 1049 1
105 30 1049 1
34 65 549 1
65 34 549 1
62 95 844 1
95 62 844 1
76 82 520 1
82 76 520 1
78 99 844 1
99 78 844 1
78 109 527 1
109 78 527 1
1 58 829 1
58 1 829 1
1 77 531 1
77 1 531 1
7 8 828 1
8 7 828 1
23 26 522 1
26 23 522 1
33 56 531 1
56 33 531 1
26 46 1059 1
46 26 1059 1
88 93 930 1
93 88 930 1
95 99 272 1
99 95 272 1
12 83 999 1
83 12 999 1
15 31 431 1
31 15 431 1
47 96 412 1
96 47 412 1
63 95 704 1
95 63 704 1
96 110 214 1
110 96 214 1
102 106 217 1
106 102 217 1
16 96 566 1
96 16 566 1
27 86 519 1
86 27 519 1
9 92 1428 1
92 9 1428 1
60 95 868 1
95 60 868 1
68 78 695 1
78 68 695 1
11 84 1188 1
84 11 1188 1
48 90 628 1
90 48 628 1
56 84 539 1
84 56 539 1
75 96 592 1
96 75 592 1
91 114 389 1
114 91 389 1
26 105 921 1
105 26 921 1
28 79 847 1
79 28 847 1
32 73 550 1
73 32 550 1
34 56 491 1
56 34 491 1
45 67 282 1
67 45 282 1
47 72 816 1
72 47 816 1
57 68 520 1
68 57 520 1
102 103 508 1
103 102 508 1
12 106 877 1
106 12 877 1
94 105 354 1
105 94 354 1
7 64 1244 1
64 7 1244 1
28 63 1049 1
63 28 1049 1
30 45 1169 1
45 30 1169 1
39 40 508 1
40 39 508 1
55 111 434 1
111 55 434 1
67 91 790 1
91 67 790 1
85 89 220 1
89 85 220 1
106 109 391 1
109 106 391 1
45 66 369 1
66 45 369 1
7 88 1209 1
88 7 1209 1
22 27 524 1
27 22 524 1
45 50 474 1
50 45 474 1
88 91 958 1
91 88 958 1
15 93 1054 1
93 15 1054 1
46 73 842 1
73 46 842 1
46 104 454 1
104 46 454 1
48 52 415 1
52 48 415 1
59 67 245 1
67 59 245 1
14 24 389 1
24 14 389 1
16 84 311 1
84 16 311 1
30 51 1224 1
51 30 1224 1
31 44 1185 1
44 31 1185 1
13 24 641 1
24 13 641 1
16 85 1095 1
85 16 1095 1
21 38 458 1
38 21 458 1
32 37 626 1
37 32 626 1
41 70 482 1
70 41 482 1
45 59 413 1
59 45 413 1
66 107 978 1
107 66 978 1
77 97 366 1
97 77 366 1
82 96 637 1
96 82 637 1
2 12 394 1
12 2 394 1
4 113 1150 1
113 4 1150 1
7 107 1014 1
107 7 1014 1
25 30 292 1
30 25 292 1
33 66 503 1
66 33 503 1
46 113 335 1
113 46 335 1
50 113 625 1
113 50 625 1
68 107 1166 1
107 68 1166 1
81 97 523 1
97 81 523 1
2 7 566 1
7 2 566 1
8 92 1269 1
92 8 1269 1
56 80 431 1
80 56 431 1
88 107 781 1
107 88 781 1
89 114 592 1
114 89 592 1
3 102 1340 1
102 3 1340 1
0 76 525 1
76 0 525 1
1 87 873 1
87 1 873 1
14 28 286 1
28 14 286 1
17 109 666 1
109 17 666 1
33 79 486 1
79 33 486 1
35 94 438 1
94 35 438 1
104 114 171 1
114 104 171 1
105 112 319 1
112 105 319 1
2 113 1266 1
113 2 1266 1
21 113 840 1
113 21 840 1
24 31 318 1
31 24 318 1
25 35 978 1
35 25 978 1
25 105 1085 1
105 25 1085 1
46 74 677 1
74 46 677 1
5 42 1309 1
42 5 1309 1
5 51 1334 1
51 5 1334 1
10 29 893 1
29 10 893 1
25 31 272 1
31 25 272 1
35 91 647 1
91 35 647 1
40 108 451 1
108 40 451 1
23 31 199 1
31 23 199 1
32 77 383 1
77 32 383 1
42 104 603 1
104 42 603 1
57 84 1116 1
84 57 1116 1
91 102 669 1
102 91 669 1
10 109 786 1
109 10 786 1
34 105 727 1
105 34 727 1
40 53 1023 1
53 40 1023 1
40 80 433 1
80 40 433 1
69 110 773 1
110 69 773 1
102 114 295 1
114 102 295 1
1 100 1327 1
100 1 1327 1
17 18 752 1
18 17 752 1
28 36 321 1
36 28 321 1
32 55 771 1
55 32 771 1
33 80 703 1
80 33 703 1
54 72 501 1
72 54 501 1
56 104 1033 1
104 56 1033 1
101 105 274 1
105 101 274 1
3 27 634 1
27 3 634 1
19 39 853 1
39 19 853 1
32 36 555 1
36 32 555 1
1 89 788 1
89 1 788 1
8 64 1208 1
64 8 1208 1
14 106 722 1
106 14 722 1
21 46 873 1
46 21 873 1
40 86 262 1
86 40 262 1
89 106 787 1
106 89 787 1
39 99 432 1
99 39 432 1
69 94 883 1
94 69 883 1
77 107 536 1
107 77 536 1
8 51 1496 1
51 8 1496 1
22 64 1169 1
64 22 1169 1
34 60 439 1
60 34 439 1
42 86 1057 1
86 42 1057 1
42 103 682 1
103 42 682 1
50 98 448 1
98 50 448 1
63 99 719 1
99 63 719 1
71 73 163 1
73 71 163 1
94 107 417 1
107 94 417 1
104 115 184 1
115 104 184 1
112 114 196 1
114 112 196 1
0 83 1120 1
83 0 1120 1
38 94 246 1
94 38 246 1
52 104 543 1
104 52 543 1
58 62 503 1
62 58 503 1
89 92 938 1
92 89 938 1
97 109 174 1
109 97 174 1
9 31 394 1
31 9 394 1
15 27 336 1
27 15 336 1
18 82 891 1
82 18 891 1
25 101 1245 1
101 25 1245 1
32 87 937 1
87 32 937 1
34 69 465 1
69 34 465 1
49 55 664 1
55 49 664 1
78 85 1017 1
85 78 1017 1
94 114 259 1
114 94 259 1
38 108 316 1
108 38 316 1
88 102 433 1
102 88 433 1
25 103 1172 1
103 25 1172 1
40 75 477 1
75 40 477 1
43 105 608 1
105 43 608 1
58 75 949 1
75 58 949 1
64 100 818 1
100 64 818 1
74 82 336 1
82 74 336 1
1 80 1054 1
80 1 1054 1
2 25 585 1
25 2 585 1
20 72 238 1
72 20 238 1
30 113 1109 1
113 30 1109 1
36 83 816 1
83 36 816 1
38 71 546 1
71 38 546 1
50 93 862 1
93 50 862 1
54 78 385 1
78 54 385 1
58 76 672 1
76 58 672 1
61 92 1185 1
92 61 1185 1
3 11 395 1
11 3 395 1
8 50 1336 1
50 8 1336 1
33 58 627 1
58 33 627 1
50 111 478 1
111 50 478 1
68 76 626 1
76 68 626 1
13 50 1383 1
50 13 1383 1
32 58 511 1
58 32 511 1
51 113 663 1
113 51 663 1
63 85 364 1
85 63 364 1
2 5 685 1
5 2 685 1
37 109 343 1
109 37 343 1
67 92 922 1
92 67 922 1
2 114 1198 1
114 2 1198 1
19 56 574 1
56 19 574 1
30 49 1208 1
49 30 1208 1
66 77 590 1
77 66 590 1
76 99 626 1
99 76 626 1
1 59 541 1
59 1 541 1
19 83 893 1
83 19 893 1
29 98 934 1
98 29 934 1
41 87 263 1
87 41 263 1
65 90 1061 1
90 65 1061 1
54 113 426 1
113 54 426 1
108 115 135 1
115 108 135 1
5 105 1032 1
105 5 1032 1
19 37 776 1
37 19 776 1
19 60 706 1
60 19 706 1
21 39 356 1
39 21 356 1
21 42 978 1
42 21 978 1
23 50 1386 1
50 23 1386 1
44 59 517 1
59 44 517 1
62 84 326 1
84 62 326 1
28 42 898 1
42 28 898 1
65 67 361 1
67 65 361 1
69 102 1226 1
102 69 1226 1
18 83 953 1
83 18 953 1
23 53 1411 1
53 23 1411 1
33 73 444 1
73 33 444 1
39 41 161 1
41 39 161 1
40 42 830 1
42 40 830 1
90 93 690 1
93 90 690 1
40 74 182 1
74 40 182 1
40 95 491 1
95 40 491 1
44 52 464 1
52 44 464 1
100 108 467 1
108 100 467 1
2 24 548 1
24 2 548 1
18 60 647 1
60 18 647 1
19 99 1048 1
99 19 1048 1
33 81 613 1
81 33 613 1
77 109 318 1
109 77 318 1
15 102 1152 1
102 15 1152 1
22 51 1360 1
51 22 1360 1
72 112 844 1
112 72 844 1
10 17 1029 1
17 10 1029 1
43 113 467 1
113 43 467 1
82 97 814 1
97 82 814 1
0 19 488 1
19 0 488 1
34 37 540 1
37 34 540 1
54 82 561 1
82 54 561 1
91 112 368 1
112 91 368 1
102 115 318 1
115 102 318 1
103 111 432 1
111 103 432 1
19 80 851 1
80 19 851 1
26 47 1071 1
47 26 1071 1
45 112 552 1
112 45 552 1
60 79 1000 1
79 60 1000 1
74 98 633 1
98 74 633 1
93 115 401 1
115 93 401 1
2 92 1350 1
92 2 1350 1
19 57 426 1
57 19 426 1
28 76 345 1
76 28 345 1
34 109 367 1
109 34 367 1
53 86 1248 1
86 53 1248 1
77 83 539 1
83 77 539 1
11 27 611 1
27 11 611 1
18 76 581 1
76 18 581 1
31 53 1248 1
53 31 1248 1
17 83 381 1
83 17 381 1
25 115 1008 1
115 25 1008 1
27 87 439 1
87 27 439 1
10 97 936 1
97 10 936 1
13 65 935 1
65 13 935 1
33 107 867 1
107 33 867 1
35 37 446 1
37 35 446 1
38 97 469 1
97 38 469 1
57 80 1050 1
80 57 1050 1
65 91 690 1
91 65 690 1
80 108 630 1
108 80 630 1
17 82 1011 1
82 17 1011 1
22 104 1247 1
104 22 1247 1
28 43 949 1
43 28 949 1
32 80 590 1
80 32 590 1
37 70 546 1
70 37 546 1
38 109 342 1
109 38 342 1
58 68 392 1
68 58 392 1
83 84 1154 1
84 83 1154 1
87 113 899 1
113 87 899 1
99 113 264 1
113 99 264 1
8 52 1288 1
52 8 1288 1
11 100 1299 1
100 11 1299 1
17 95 598 1
95 17 598 1
22 31 234 1
31 22 234 1
27 113 1016 1
113 27 1016 1
29 42 967 1
42 29 967 1
30 52 1201 1
52 30 1201 1
63 84 1189 1
84 63 1189 1
94 115 181 1
115 94 181 1
0 77 681 1
77 0 681 1
3 86 986 1
86 3 986 1
18 88 1010 1
88 18 1010 1
29 71 259 1
71 29 259 1
40 46 685 1
46 40 685 1
52 72 837 1
72 52 837 1
56 68 408 1
68 56 408 1
85 106 897 1
106 85 897 1
86 104 694 1
104 86 694 1
97 110 221 1
110 97 221 1
98 103 555 1
103 98 555 1
2 50 1192 1
50 2 1192 1
6 114 1174 1
114 6 1174 1
19 63 644 1
63 19 644 1
35 66 331 1
66 35 331 1
46 86 899 1
86 46 899 1
60 88 724 1
88 60 724 1
92 101 634 1
101 92 634 1
5 7 538 1
7 5 538 1
47 113 338 1
113 47 338 1
52 87 1253 1
87 52 1253 1
55 79 394 1
79 55 394 1
68 97 933 1
97 68 933 1
10 13 1004 1
13 10 1004 1
22 115 1138 1
115 22 1138 1
33 85 703 1
85 33 703 1
47 86 1016 1
86 47 1016 1
54 99 587 1
99 54 587 1
64 91 1046 1
91 64 1046 1
71 110 676 1
110 71 676 1
15 21 348 1
21 15 348 1
16 77 611 1
77 16 611 1
19 68 313 1
68 19 313 1
24 46 1220 1
46 24 1220 1
43 72 870 1
72 43 870 1
94 101 576 1
101 94 576 1
1 69 441 1
69 1 441 1
5 112 1217 1
112 5 1217 1
8 23 562 1
23 8 562 1
26 92 1145 1
92 26 1145 1
32 74 456 1
74 32 456 1
38 99 625 1
99 38 625 1
58 78 663 1
78 58 663 1
60 66 370 1
66 60 370 1
78 108 559 1
108 78 559 1
7 12 856 1
12 7 856 1
38 70 414 1
70 38 414 1
54 80 402 1
80 54 402 1
65 115 847 1
115 65 847 1
0 11 958 1
11 0 958 1
45 111 467 1
111 45 467 1
58 107 1147 1
107 58 1147 1
1 65 536 1
65 1 536 1
1 82 1112 1
82 1 1112 1
6 18 473 1
18 6 473 1
9 102 1277 1
102 9 1277 1
21 72 388 1
72 21 388 1
28 53 1155 1
53 28 1155 1
50 92 549 1
92 50 549 1
5 64 1350 1
64 5 1350 1
13 43 1089 1
43 13 1089 1
16 75 702 1
75 16 702 1
61 76 764 1
76 61 764 1
0 16 380 1
16 0 380 1
11 92 1324 1
92 11 1324 1
16 108 661 1
108 16 661 1
23 52 1420 1
52 23 1420 1
25 67 1191 1
67 25 1191 1
39 86 698 1
86 39 698 1
43 104 661 1
104 43 661 1
48 66 357 1
66 48 357 1
77 84 711 1
84 77 711 1
91 107 371 1
107 91 371 1
5 104 1063 1
104 5 1063 1
6 22 333 1
22 6 333 1
12 29 886 1
29 12 886 1
28 30 436 1
30 28 436 1
28 109 610 1
109 28 610 1
2 67 952 1
67 2 952 1
2 105 1253 1
105 2 1253 1
3 105 1215 1
105 3 1215 1
4 52 1272 1
52 4 1272 1
