116 2668
42 46 173 1
46 42 173 1
43 47 146 1
47 43 146 1
44 45 194 1
45 44 194 1
26 27 135 1
27 26 135 1
30 31 127 1
31 30 127 1
42 43 239 1
43 42 239 1
42 47 281 1
47 42 281 1
46 47 309 1
47 46 309 1
43 46 341 1
46 43 341 1
28 72 116 1
72 28 116 1
42 44 208 1
44 42 208 1
42 45 300 1
45 42 300 1
45 49 111 1
49 45 111 1
28 29 741 1
29 28 741 1
42 49 396 1
49 42 396 1
44 49 304 1
49 44 304 1
29 72 629 1
72 29 629 1
45 47 345 1
47 45 345 1
11 13 168 1
13 11 168 1
73 74 458 1
74 73 458 1
60 61 893 1
61 60 893 1
43 45 199 1
45 43 199 1
17 81 182 1
81 17 182 1
42 98 381 1
98 42 381 1
47 49 380 1
49 47 380 1
44 47 404 1
47 44 404 1
28 83 861 1
83 28 861 1
46 98 212 1
98 46 212 1
21 27 209 1
27 21 209 1
62 63 1134 1
63 62 1134 1
73 76 450 1
76 73 450 1
1 57 172 1
57 1 172 1
43 49 240 1
49 43 240 1
4 8 148 1
8 4 148 1
44 46 353 1
46 44 353 1
45 46 448 1
46 45 448 1
46 49 541 1
49 46 541 1
32 72 471 1
72 32 471 1
47 98 442 1
98 47 442 1
90 92 135 1
92 90 135 1
76 77 238 1
77 76 238 1
28 81 975 1
81 28 975 1
13 15 277 1
15 13 277 1
0 56 174 1
56 0 174 1
43 44 290 1
44 43 290 1
80 81 1113 1
81 80 1113 1
64 84 478 1
84 64 478 1
33 64 737 1
64 33 737 1
36 40 213 1
40 36 213 1
40 41 506 1
41 40 506 1
21 26 271 1
26 21 271 1
43 98 522 1
98 43 522 1
17 80 1070 1
80 17 1070 1
31 33 517 1
33 31 517 1
72 81 860 1
81 72 860 1
29 83 227 1
83 29 227 1
40 81 874 1
81 40 874 1
6 64 941 1
64 6 941 1
73 75 84 1
75 73 84 1
12 13 959 1
13 12 959 1
2 6 165 1
6 2 165 1
70 71 263 1
71 70 263 1
34 35 126 1
35 34 126 1
32 83 847 1
83 32 847 1
72 83 754 1
83 72 754 1
41 73 204 1
73 41 204 1
6 33 588 1
33 6 588 1
36 41 570 1
41 36 570 1
30 83 641 1
83 30 641 1
30 33 526 1
33 30 526 1
20 21 185 1
21 20 185 1
66 67 177 1
67 66 177 1
27 50 1279 1
50 27 1279 1
17 78 955 1
78 17 955 1
74 76 203 1
76 74 203 1
17 63 324 1
63 17 324 1
43 55 485 1
55 43 485 1
91 93 118 1
93 91 118 1
92 93 608 1
93 92 608 1
78 81 1002 1
81 78 1002 1
33 83 733 1
83 33 733 1
58 59 496 1
59 58 496 1
72 73 517 1
73 72 517 1
90 91 735 1
91 90 735 1
47 55 367 1
55 47 367 1
17 40 824 1
40 17 824 1
45 98 655 1
98 45 655 1
17 79 135 1
79 17 135 1
18 32 279 1
32 18 279 1
4 24 144 1
24 4 144 1
24 25 135 1
25 24 135 1
30 72 390 1
72 30 390 1
32 81 728 1
81 32 728 1
26 38 554 1
38 26 554 1
44 98 563 1
98 44 563 1
34 64 445 1
64 34 445 1
81 83 446 1
83 81 446 1
40 73 549 1
73 40 549 1
48 51 548 1
51 48 548 1
28 32 528 1
32 28 528 1
36 74 242 1
74 36 242 1
63 78 1033 1
78 63 1033 1
41 74 484 1
74 41 484 1
1 11 394 1
11 1 394 1
23 31 199 1
31 23 199 1
2 33 510 1
33 2 510 1
75 76 374 1
76 75 374 1
26 104 905 1
104 26 905 1
56 68 408 1
68 56 408 1
28 30 436 1
30 28 436 1
72 74 76 1
74 72 76 1
38 54 263 1
54 38 263 1
104 105 204 1
105 104 204 1
17 57 439 1
57 17 439 1
75 77 210 1
77 75 210 1
29 30 533 1
30 29 533 1
27 104 911 1
104 27 911 1
36 76 232 1
76 36 232 1
3 27 634 1
27 3 634 1
18 83 953 1
83 18 953 1
40 74 182 1
74 40 182 1
40 72 200 1
72 40 200 1
29 32 631 1
32 29 631 1
58 66 198 1
66 58 198 1
16 80 152 1
80 16 152 1
28 80 329 1
80 28 329 1
79 81 136 1
81 79 136 1
56 78 391 1
78 56 391 1
26 115 841 1
115 26 841 1
32 33 149 1
33 32 149 1
33 35 375 1
35 33 375 1
1 17 391 1
17 1 391 1
33 72 507 1
72 33 507 1
49 55 664 1
55 49 664 1
21 104 765 1
104 21 765 1
57 61 216 1
61 57 216 1
26 89 900 1
89 26 900 1
55 98 606 1
98 55 606 1
22 23 140 1
23 22 140 1
23 25 373 1
25 23 373 1
20 26 232 1
26 20 232 1
40 76 327 1
76 40 327 1
42 55 629 1
55 42 629 1
68 69 164 1
69 68 164 1
94 108 97 1
108 94 97 1
54 55 651 1
55 54 651 1
28 40 248 1
40 28 248 1
46 53 547 1
53 46 547 1
41 75 187 1
75 41 187 1
91 92 669 1
92 91 669 1
55 96 492 1
96 55 492 1
95 97 97 1
97 95 97 1
0 81 1076 1
81 0 1076 1
72 80 384 1
80 72 384 1
20 27 271 1
27 20 271 1
4 26 161 1
26 4 161 1
21 50 1091 1
50 21 1091 1
26 50 1256 1
50 26 1256 1
103 104 369 1
104 103 369 1
21 94 569 1
94 21 569 1
48 52 415 1
52 48 415 1
3 23 271 1
23 3 271 1
8 14 205 1
14 8 205 1
24 26 201 1
26 24 201 1
19 83 893 1
83 19 893 1
27 38 594 1
38 27 594 1
25 27 193 1
27 25 193 1
31 83 561 1
83 31 561 1
35 64 566 1
64 35 566 1
46 55 584 1
55 46 584 1
51 59 486 1
59 51 486 1
74 75 389 1
75 74 389 1
18 28 651 1
28 18 651 1
92 102 211 1
102 92 211 1
41 76 493 1
76 41 493 1
97 109 174 1
109 97 174 1
17 56 1024 1
56 17 1024 1
27 115 829 1
115 27 829 1
18 72 618 1
72 18 618 1
48 58 400 1
58 48 400 1
49 98 742 1
98 49 742 1
63 81 293 1
81 63 293 1
70 73 402 1
73 70 402 1
0 40 699 1
40 0 699 1
35 67 262 1
67 35 262 1
58 60 266 1
60 58 266 1
61 63 238 1
63 61 238 1
88 93 930 1
93 88 930 1
25 26 225 1
26 25 225 1
67 93 875 1
93 67 875 1
96 110 214 1
110 96 214 1
50 52 243 1
52 50 243 1
87 89 476 1
89 87 476 1
14 15 772 1
15 14 772 1
38 94 246 1
94 38 246 1
65 92 1075 1
92 65 1075 1
26 54 816 1
54 26 816 1
41 72 550 1
72 41 550 1
56 62 252 1
62 56 252 1
36 81 848 1
81 36 848 1
78 79 878 1
79 78 878 1
21 103 830 1
103 21 830 1
42 53 475 1
53 42 475 1
54 96 167 1
96 54 167 1
26 97 829 1
97 26 829 1
59 69 338 1
69 59 338 1
21 97 595 1
97 21 595 1
27 103 986 1
103 27 986 1
68 89 1110 1
89 68 1110 1
41 81 452 1
81 41 452 1
37 41 217 1
41 37 217 1
29 31 454 1
31 29 454 1
38 115 384 1
115 38 384 1
97 104 399 1
104 97 399 1
3 26 678 1
26 3 678 1
20 94 527 1
94 20 527 1
21 25 360 1
25 21 360 1
27 89 807 1
89 27 807 1
29 81 342 1
81 29 342 1
1 61 385 1
61 1 385 1
28 73 629 1
73 28 629 1
38 104 427 1
104 38 427 1
107 109 392 1
109 107 392 1
16 78 122 1
78 16 122 1
38 89 763 1
89 38 763 1
66 103 1026 1
103 66 1026 1
95 109 146 1
109 95 146 1
26 103 1030 1
103 26 1030 1
52 58 705 1
58 52 705 1
58 61 717 1
61 58 717 1
7 65 934 1
65 7 934 1
59 68 484 1
68 59 484 1
82 86 143 1
86 82 143 1
38 108 316 1
108 38 316 1
56 59 788 1
59 56 788 1
27 94 748 1
94 27 748 1
52 53 746 1
53 52 746 1
11 15 385 1
15 11 385 1
73 77 274 1
77 73 274 1
2 64 992 1
64 2 992 1
24 27 252 1
27 24 252 1
50 51 698 1
51 50 698 1
104 106 195 1
106 104 195 1
32 76 341 1
76 32 341 1
96 98 184 1
98 96 184 1
21 115 657 1
115 21 657 1
72 76 257 1
76 72 257 1
80 82 469 1
82 80 469 1
1 59 541 1
59 1 541 1
43 53 293 1
53 43 293 1
28 31 545 1
31 28 545 1
28 33 585 1
33 28 585 1
38 96 284 1
96 38 284 1
5 48 1432 1
48 5 1432 1
26 93 1144 1
93 26 1144 1
38 39 465 1
39 38 465 1
45 55 662 1
55 45 662 1
84 88 224 1
88 84 224 1
21 113 840 1
113 21 840 1
36 73 600 1
73 36 600 1
20 104 727 1
104 20 727 1
38 68 922 1
68 38 922 1
71 73 163 1
73 71 163 1
11 12 972 1
12 11 972 1
102 104 159 1
104 102 159 1
16 17 998 1
17 16 998 1
65 67 361 1
67 65 361 1
95 115 205 1
115 95 205 1
34 67 275 1
67 34 275 1
20 103 873 1
103 20 873 1
29 41 234 1
41 29 234 1
21 24 413 1
24 21 413 1
29 33 510 1
33 29 510 1
67 91 790 1
91 67 790 1
104 115 184 1
115 104 184 1
28 74 188 1
74 28 188 1
32 64 603 1
64 32 603 1
63 79 303 1
79 63 303 1
6 84 795 1
84 6 795 1
29 40 655 1
40 29 655 1
54 89 853 1
89 54 853 1
26 105 921 1
105 26 921 1
28 78 272 1
78 28 272 1
93 102 600 1
102 93 600 1
16 102 798 1
102 16 798 1
17 28 894 1
28 17 894 1
27 93 1095 1
93 27 1095 1
28 41 661 1
41 28 661 1
28 63 1049 1
63 28 1049 1
97 103 349 1
103 97 349 1
4 27 279 1
27 4 279 1
18 30 564 1
30 18 564 1
27 97 789 1
97 27 789 1
10 16 218 1
16 10 218 1
37 87 433 1
87 37 433 1
92 105 456 1
105 92 456 1
40 63 1007 1
63 40 1007 1
5 9 157 1
9 5 157 1
26 59 1291 1
59 26 1291 1
8 12 346 1
12 8 346 1
94 103 496 1
103 94 496 1
40 78 376 1
78 40 376 1
97 105 299 1
105 97 299 1
72 75 453 1
75 72 453 1
84 85 1130 1
85 84 1130 1
3 7 185 1
7 3 185 1
76 84 486 1
84 76 486 1
71 75 163 1
75 71 163 1
29 73 113 1
73 29 113 1
30 32 574 1
32 30 574 1
57 79 431 1
79 57 431 1
20 105 754 1
105 20 754 1
99 112 272 1
112 99 272 1
21 38 458 1
38 21 458 1
51 58 753 1
58 51 753 1
51 104 868 1
104 51 868 1
70 76 285 1
76 70 285 1
76 81 691 1
81 76 691 1
16 103 1073 1
103 16 1073 1
21 86 520 1
86 21 520 1
44 55 743 1
55 44 743 1
48 59 599 1
59 48 599 1
56 61 920 1
61 56 920 1
88 89 1035 1
89 88 1035 1
89 97 385 1
97 89 385 1
16 62 313 1
62 16 313 1
26 94 743 1
94 26 743 1
36 37 542 1
37 36 542 1
92 100 157 1
100 92 157 1
108 115 135 1
115 108 135 1
16 56 380 1
56 16 380 1
39 94 407 1
94 39 407 1
3 50 1273 1
50 3 1273 1
0 80 485 1
80 0 485 1
26 102 984 1
102 26 984 1
59 63 501 1
63 59 501 1
0 17 982 1
17 0 982 1
8 19 957 1
19 8 957 1
20 113 831 1
113 20 831 1
26 51 1298 1
51 26 1298 1
27 51 1246 1
51 27 1246 1
0 28 492 1
28 0 492 1
21 54 704 1
54 21 704 1
27 105 897 1
105 27 897 1
56 60 232 1
60 56 232 1
31 72 482 1
72 31 482 1
59 61 271 1
61 59 271 1
114 115 96 1
115 114 96 1
27 88 863 1
88 27 863 1
29 80 961 1
80 29 961 1
40 75 477 1
75 40 477 1
65 88 1179 1
88 65 1179 1
67 90 867 1
90 67 867 1
102 113 317 1
113 102 317 1
111 112 111 1
112 111 111 1
18 33 288 1
33 18 288 1
73 81 406 1
81 73 406 1
1 102 1288 1
102 1 1288 1
32 80 590 1
80 32 590 1
34 84 580 1
84 34 580 1
52 59 956 1
59 52 956 1
19 29 673 1
29 19 673 1
49 53 406 1
53 49 406 1
74 81 792 1
81 74 792 1
90 93 690 1
93 90 690 1
40 56 722 1
56 40 722 1
40 80 433 1
80 40 433 1
63 80 1146 1
80 63 1146 1
6 22 333 1
22 6 333 1
67 92 922 1
92 67 922 1
18 29 740 1
29 18 740 1
34 88 672 1
88 34 672 1
11 61 675 1
61 11 675 1
21 51 1039 1
51 21 1039 1
33 84 801 1
84 33 801 1
0 72 516 1
72 0 516 1
17 36 828 1
36 17 828 1
32 73 550 1
73 32 550 1
39 68 969 1
68 39 969 1
51 52 786 1
52 51 786 1
75 83 351 1
83 75 351 1
6 30 365 1
30 6 365 1
10 101 1302 1
101 10 1302 1
92 113 313 1
113 92 313 1
2 31 377 1
31 2 377 1
2 35 833 1
35 2 833 1
7 9 490 1
9 7 490 1
37 75 239 1
75 37 239 1
78 80 116 1
80 78 116 1
12 15 906 1
15 12 906 1
17 72 781 1
72 17 781 1
24 94 920 1
94 24 920 1
65 93 802 1
93 65 802 1
0 32 356 1
32 0 356 1
19 28 732 1
28 19 732 1
36 72 276 1
72 36 276 1
59 66 363 1
66 59 363 1
3 25 566 1
25 3 566 1
10 102 973 1
102 10 973 1
20 24 393 1
24 20 393 1
62 80 268 1
80 62 268 1
33 77 332 1
77 33 332 1
40 83 731 1
83 40 731 1
54 104 337 1
104 54 337 1
70 74 155 1
74 70 155 1
70 75 355 1
75 70 355 1
74 83 697 1
83 74 697 1
79 80 991 1
80 79 991 1
23 30 259 1
30 23 259 1
27 66 1140 1
66 27 1140 1
93 113 317 1
113 93 317 1
103 105 173 1
105 103 173 1
10 82 401 1
82 10 401 1
18 64 805 1
64 18 805 1
6 31 464 1
31 6 464 1
56 63 1014 1
63 56 1014 1
62 78 287 1
78 62 287 1
6 32 555 1
32 6 555 1
7 105 1186 1
105 7 1186 1
16 63 1092 1
63 16 1092 1
57 59 382 1
59 57 382 1
66 69 349 1
69 66 349 1
5 51 1334 1
51 5 1334 1
27 54 856 1
54 27 856 1
46 52 244 1
52 46 244 1
54 115 339 1
115 54 339 1
38 88 311 1
88 38 311 1
89 93 471 1
93 89 471 1
21 105 742 1
105 21 742 1
0 76 525 1
76 0 525 1
57 60 868 1
60 57 868 1
54 87 939 1
87 54 939 1
0 78 431 1
78 0 431 1
70 77 376 1
77 70 376 1
1 79 428 1
79 1 428 1
93 103 173 1
103 93 173 1
38 105 521 1
105 38 521 1
40 79 762 1
79 40 762 1
59 62 914 1
62 59 914 1
4 25 258 1
25 4 258 1
38 103 677 1
103 38 677 1
69 96 887 1
96 69 887 1
73 83 298 1
83 73 298 1
105 113 210 1
113 105 210 1
1 13 546 1
13 1 546 1
33 75 426 1
75 33 426 1
41 83 252 1
83 41 252 1
108 114 218 1
114 108 218 1
0 18 364 1
18 0 364 1
13 61 843 1
61 13 843 1
26 66 1142 1
66 26 1142 1
41 79 379 1
79 41 379 1
77 83 539 1
83 77 539 1
0 36 643 1
36 0 643 1
1 100 1327 1
100 1 1327 1
17 68 840 1
68 17 840 1
35 91 647 1
91 35 647 1
48 49 410 1
49 48 410 1
57 81 488 1
81 57 488 1
25 103 1172 1
103 25 1172 1
97 115 218 1
115 97 218 1
86 101 1052 1
101 86 1052 1
23 27 506 1
27 23 506 1
35 90 713 1
90 35 713 1
93 115 401 1
115 93 401 1
7 101 1268 1
101 7 1268 1
28 75 567 1
75 28 567 1
71 77 297 1
77 71 297 1
3 104 1246 1
104 3 1246 1
4 14 255 1
14 4 255 1
18 81 878 1
81 18 878 1
27 67 1105 1
67 27 1105 1
36 96 257 1
96 36 257 1
56 80 431 1
80 56 431 1
16 79 934 1
79 16 934 1
57 58 735 1
58 57 735 1
85 89 220 1
89 85 220 1
86 115 706 1
115 86 706 1
22 31 234 1
31 22 234 1
33 81 613 1
81 33 613 1
48 104 822 1
104 48 822 1
1 68 549 1
68 1 549 1
3 89 961 1
89 3 961 1
24 113 1216 1
113 24 1216 1
46 111 189 1
111 46 189 1
1 89 788 1
89 1 788 1
19 69 323 1
69 19 323 1
45 53 435 1
53 45 435 1
47 53 268 1
53 47 268 1
1 112 1078 1
112 1 1078 1
7 92 1445 1
92 7 1445 1
32 40 629 1
40 32 629 1
50 54 543 1
54 50 543 1
51 89 661 1
89 51 661 1
1 37 646 1
37 1 646 1
11 17 224 1
17 11 224 1
13 53 1148 1
53 13 1148 1
32 63 656 1
63 32 656 1
1 56 851 1
56 1 851 1
6 18 473 1
18 6 473 1
33 34 394 1
34 33 394 1
75 81 434 1
81 75 434 1
38 58 908 1
58 38 908 1
58 69 426 1
69 58 426 1
7 67 937 1
67 7 937 1
16 59 1012 1
59 16 1012 1
42 111 258 1
111 42 258 1
44 53 562 1
53 44 562 1
93 105 305 1
105 93 305 1
38 97 469 1
97 38 469 1
61 65 175 1
65 61 175 1
100 112 410 1
112 100 410 1
19 32 289 1
32 19 289 1
56 57 840 1
57 56 840 1
102 112 391 1
112 102 391 1
17 61 534 1
61 17 534 1
32 74 456 1
74 32 456 1
56 81 1090 1
81 56 1090 1
63 72 944 1
72 63 944 1
103 115 322 1
115 103 322 1
1 63 334 1
63 1 334 1
6 83 986 1
83 6 986 1
12 14 278 1
14 12 278 1
36 79 738 1
79 36 738 1
0 73 829 1
73 0 829 1
19 72 678 1
72 19 678 1
26 58 1249 1
58 26 1249 1
50 67 562 1
67 50 562 1
54 58 818 1
58 54 818 1
58 89 1156 1
89 58 1156 1
68 78 695 1
78 68 695 1
20 115 646 1
115 20 646 1
28 62 527 1
62 28 527 1
39 108 341 1
108 39 341 1
51 66 580 1
66 51 580 1
57 69 378 1
69 57 378 1
20 38 349 1
38 20 349 1
37 76 441 1
76 37 441 1
60 63 1021 1
63 60 1021 1
93 104 478 1
104 93 478 1
17 60 1082 1
60 17 1082 1
35 65 453 1
65 35 453 1
48 54 669 1
54 48 669 1
8 49 1478 1
49 8 1478 1
26 68 1080 1
68 26 1080 1
50 104 729 1
104 50 729 1
91 102 669 1
102 91 669 1
102 115 318 1
115 102 318 1
25 105 1085 1
105 25 1085 1
40 57 982 1
57 40 982 1
50 55 863 1
55 50 863 1
14 22 562 1
22 14 562 1
1 58 829 1
58 1 829 1
5 49 1365 1
49 5 1365 1
9 48 1507 1
48 9 1507 1
12 53 1414 1
53 12 1414 1
24 50 1395 1
50 24 1395 1
56 58 427 1
58 56 427 1
28 82 255 1
82 28 255 1
32 77 383 1
77 32 383 1
40 62 664 1
62 40 664 1
65 89 679 1
89 65 679 1
68 87 1214 1
87 68 1214 1
102 114 295 1
114 102 295 1
16 86 543 1
86 16 543 1
85 87 616 1
87 85 616 1
89 102 866 1
102 89 866 1
90 100 182 1
100 90 182 1
16 104 808 1
104 16 808 1
17 41 414 1
41 17 414 1
21 66 949 1
66 21 949 1
30 70 259 1
70 30 259 1
50 87 1314 1
87 50 1314 1
80 83 1100 1
83 80 1100 1
110 111 172 1
111 110 172 1
5 7 538 1
7 5 538 1
11 102 1239 1
102 11 1239 1
109 114 278 1
114 109 278 1
3 85 893 1
85 3 893 1
75 79 318 1
79 75 318 1
4 21 414 1
21 4 414 1
37 68 886 1
68 37 886 1
106 114 322 1
114 106 322 1
16 115 757 1
115 16 757 1
29 75 189 1
75 29 189 1
39 41 161 1
41 39 161 1
41 77 345 1
77 41 345 1
59 104 1146 1
104 59 1146 1
66 93 972 1
93 66 972 1
68 97 933 1
97 68 933 1
66 68 378 1
68 66 378 1
10 14 380 1
14 10 380 1
50 86 1077 1
86 50 1077 1
72 78 300 1
78 72 300 1
37 89 294 1
89 37 294 1
44 111 448 1
111 44 448 1
70 72 158 1
72 70 158 1
26 88 791 1
88 26 791 1
40 60 806 1
60 40 806 1
89 92 938 1
92 89 938 1
105 115 176 1
115 105 176 1
51 55 568 1
55 51 568 1
58 97 887 1
97 58 887 1
10 50 948 1
50 10 948 1
38 66 807 1
66 38 807 1
55 69 924 1
69 55 924 1
105 114 152 1
114 105 152 1
10 92 1051 1
92 10 1051 1
32 36 555 1
36 32 555 1
66 89 963 1
89 66 963 1
66 97 717 1
97 66 717 1
64 88 675 1
88 64 675 1
65 91 690 1
91 65 690 1
95 99 272 1
99 95 272 1
37 73 278 1
73 37 278 1
65 95 715 1
95 65 715 1
6 28 413 1
28 6 413 1
18 19 147 1
19 18 147 1
63 74 885 1
74 63 885 1
6 35 860 1
35 6 860 1
11 112 1101 1
112 11 1101 1
92 112 325 1
112 92 325 1
19 81 772 1
81 19 772 1
37 39 117 1
39 37 117 1
104 113 229 1
113 104 229 1
7 104 1243 1
104 7 1243 1
17 62 1129 1
62 17 1129 1
18 80 767 1
80 18 767 1
37 40 562 1
40 37 562 1
86 88 460 1
88 86 460 1
11 48 1197 1
48 11 1197 1
48 61 765 1
61 48 765 1
49 51 172 1
51 49 172 1
50 66 475 1
66 50 475 1
57 100 1273 1
100 57 1273 1
97 108 170 1
108 97 170 1
6 72 449 1
72 6 449 1
7 27 597 1
27 7 597 1
59 97 823 1
97 59 823 1
1 54 1073 1
54 1 1073 1
16 113 881 1
113 16 881 1
52 104 543 1
104 52 543 1
2 30 317 1
30 2 317 1
27 102 1008 1
102 27 1008 1
50 53 744 1
53 50 744 1
64 65 897 1
65 64 897 1
66 104 942 1
104 66 942 1
94 115 181 1
115 94 181 1
43 111 293 1
111 43 293 1
51 103 737 1
103 51 737 1
93 97 371 1
97 93 371 1
17 32 646 1
32 17 646 1
18 31 574 1
31 18 574 1
26 96 811 1
96 26 811 1
26 108 761 1
108 26 761 1
54 88 224 1
88 54 224 1
65 90 1061 1
90 65 1061 1
67 103 944 1
103 67 944 1
26 86 416 1
86 26 416 1
36 84 341 1
84 36 341 1
57 68 520 1
68 57 520 1
96 104 297 1
104 96 297 1
98 111 265 1
111 98 265 1
11 105 1020 1
105 11 1020 1
20 50 1025 1
50 20 1025 1
67 101 953 1
101 67 953 1
89 104 710 1
104 89 710 1
100 102 87 1
102 100 87 1
19 74 670 1
74 19 670 1
40 77 472 1
77 40 472 1
16 82 421 1
82 16 421 1
60 80 480 1
80 60 480 1
68 104 1183 1
104 68 1183 1
59 115 981 1
115 59 981 1
81 84 1146 1
84 81 1146 1
15 29 295 1
29 15 295 1
52 106 576 1
106 52 576 1
65 105 928 1
105 65 928 1
94 113 328 1
113 94 328 1
11 57 518 1
57 11 518 1
48 66 357 1
66 48 357 1
86 104 694 1
104 86 694 1
93 101 103 1
101 93 103 1
34 77 351 1
77 34 351 1
38 87 730 1
87 38 730 1
62 103 1159 1
103 62 1159 1
10 86 544 1
86 10 544 1
22 85 1113 1
85 22 1113 1
50 98 448 1
98 50 448 1
56 99 1051 1
99 56 1051 1
99 111 265 1
111 99 265 1
4 105 1055 1
105 4 1055 1
4 115 964 1
115 4 964 1
5 58 1366 1
58 5 1366 1
19 23 597 1
23 19 597 1
25 97 955 1
97 25 955 1
27 92 1167 1
92 27 1167 1
27 113 1016 1
113 27 1016 1
54 59 1020 1
59 54 1020 1
62 81 1169 1
81 62 1169 1
110 113 304 1
113 110 304 1
3 103 1279 1
103 3 1279 1
7 10 896 1
10 7 896 1
21 108 562 1
108 21 562 1
23 85 1053 1
85 23 1053 1
29 78 851 1
78 29 851 1
38 93 775 1
93 38 775 1
58 87 1355 1
87 58 1355 1
84 101 1042 1
101 84 1042 1
2 18 379 1
18 2 379 1
25 67 1191 1
67 25 1191 1
84 86 610 1
86 84 610 1
102 105 355 1
105 102 355 1
25 31 272 1
31 25 272 1
39 57 754 1
57 39 754 1
57 63 249 1
63 57 249 1
58 68 392 1
68 58 392 1
63 83 697 1
83 63 697 1
74 84 507 1
84 74 507 1
18 62 706 1
62 18 706 1
20 86 362 1
86 20 362 1
38 110 451 1
110 38 451 1
51 54 884 1
54 51 884 1
88 95 625 1
95 88 625 1
113 114 95 1
114 113 95 1
1 40 950 1
40 1 950 1
4 50 1323 1
50 4 1323 1
10 103 1219 1
103 10 1219 1
77 81 453 1
81 77 453 1
94 104 298 1
104 94 298 1
0 62 386 1
62 0 386 1
2 32 513 1
32 2 513 1
9 44 1434 1
44 9 1434 1
59 96 904 1
96 59 904 1
99 104 430 1
104 99 430 1
32 62 548 1
62 32 548 1
56 69 542 1
69 56 542 1
23 24 403 1
24 23 403 1
23 50 1386 1
50 23 1386 1
30 75 454 1
75 30 454 1
65 85 476 1
85 65 476 1
73 79 296 1
79 73 296 1
88 92 521 1
92 88 521 1
106 115 278 1
115 106 278 1
39 87 370 1
87 39 370 1
52 54 402 1
54 52 402 1
55 99 216 1
99 55 216 1
57 112 990 1
112 57 990 1
0 74 551 1
74 0 551 1
10 84 516 1
84 10 516 1
27 86 519 1
86 27 519 1
31 75 419 1
75 31 419 1
34 93 788 1
93 34 788 1
39 58 1032 1
58 39 1032 1
56 89 1199 1
89 56 1199 1
3 21 582 1
21 3 582 1
4 54 890 1
54 4 890 1
11 114 1023 1
114 11 1023 1
13 14 902 1
14 13 902 1
26 113 1029 1
113 26 1029 1
36 80 330 1
80 36 330 1
61 62 1047 1
62 61 1047 1
13 73 358 1
73 13 358 1
20 39 459 1
39 20 459 1
22 33 600 1
33 22 600 1
46 48 368 1
48 46 368 1
54 98 204 1
98 54 204 1
89 103 468 1
103 89 468 1
94 97 266 1
97 94 266 1
6 7 710 1
7 6 710 1
21 59 1061 1
59 21 1061 1
22 25 402 1
25 22 402 1
57 80 1050 1
80 57 1050 1
88 115 538 1
115 88 538 1
34 66 268 1
66 34 268 1
35 110 305 1
110 35 305 1
55 87 559 1
87 55 559 1
63 73 569 1
73 63 569 1
102 103 508 1
103 102 508 1
108 109 87 1
109 108 87 1
64 77 767 1
77 64 767 1
14 82 179 1
82 14 179 1
16 26 698 1
26 16 698 1
25 50 1404 1
50 25 1404 1
0 75 786 1
75 0 786 1
2 28 507 1
28 2 507 1
2 29 756 1
29 2 756 1
3 37 746 1
37 3 746 1
22 84 1027 1
84 22 1027 1
29 74 571 1
74 29 571 1
38 114 469 1
114 38 469 1
39 59 935 1
59 39 935 1
50 113 625 1
113 50 625 1
78 83 999 1
83 78 999 1
37 57 643 1
57 37 643 1
60 62 241 1
62 60 241 1
23 33 604 1
33 23 604 1
24 103 1219 1
103 24 1219 1
30 74 403 1
74 30 403 1
67 88 939 1
88 67 939 1
10 21 662 1
21 10 662 1
34 65 549 1
65 34 549 1
41 87 263 1
87 41 263 1
64 67 549 1
67 64 549 1
64 76 611 1
76 64 611 1
68 103 1277 1
103 68 1277 1
11 79 342 1
79 11 342 1
26 67 1128 1
67 26 1128 1
35 109 338 1
109 35 338 1
37 74 520 1
74 37 520 1
39 40 508 1
40 39 508 1
77 84 711 1
84 77 711 1
94 105 354 1
105 94 354 1
18 63 774 1
63 18 774 1
19 41 815 1
41 19 815 1
24 96 985 1
96 24 985 1
27 58 1265 1
58 27 1265 1
39 56 973 1
56 39 973 1
51 97 563 1
97 51 563 1
0 41 952 1
41 0 952 1
10 12 181 1
12 10 181 1
17 29 223 1
29 17 223 1
17 59 758 1
59 17 758 1
75 84 839 1
84 75 839 1
95 106 414 1
106 95 414 1
22 30 218 1
30 22 218 1
17 83 381 1
83 17 381 1
20 25 402 1
25 20 402 1
21 52 1052 1
52 21 1052 1
25 113 1193 1
113 25 1193 1
26 95 736 1
95 26 736 1
31 71 265 1
71 31 265 1
87 88 1035 1
88 87 1035 1
1 96 958 1
96 1 958 1
7 115 1091 1
115 7 1091 1
27 108 748 1
108 27 748 1
30 64 1064 1
64 30 1064 1
38 102 472 1
102 38 472 1
41 78 770 1
78 41 770 1
47 111 188 1
111 47 188 1
48 55 832 1
55 48 832 1
53 98 671 1
98 53 671 1
61 66 546 1
66 61 546 1
67 97 637 1
97 67 637 1
0 68 414 1
68 0 414 1
1 48 985 1
48 1 985 1
8 24 258 1
24 8 258 1
10 22 580 1
22 10 580 1
26 92 1145 1
92 26 1145 1
35 85 553 1
85 35 553 1
60 65 898 1
65 60 898 1
103 108 420 1
108 103 420 1
37 54 645 1
54 37 645 1
50 115 676 1
115 50 676 1
3 51 1145 1
51 3 1145 1
27 114 923 1
114 27 923 1
31 70 334 1
70 31 334 1
32 78 484 1
78 32 484 1
75 78 667 1
78 75 667 1
0 83 1120 1
83 0 1120 1
18 74 626 1
74 18 626 1
64 83 1303 1
83 64 1303 1
21 96 648 1
96 21 648 1
45 111 467 1
111 45 467 1
54 102 313 1
102 54 313 1
1 69 441 1
69 1 441 1
38 59 1046 1
59 38 1046 1
55 59 850 1
59 55 850 1
71 76 392 1
76 71 392 1
93 94 560 1
94 93 560 1
102 106 217 1
106 102 217 1
11 54 1068 1
54 11 1068 1
25 89 956 1
89 25 956 1
48 53 654 1
53 48 654 1
54 66 740 1
66 54 740 1
24 69 1148 1
69 24 1148 1
27 59 1253 1
59 27 1253 1
0 57 825 1
57 0 825 1
16 105 923 1
105 16 923 1
2 83 913 1
83 2 913 1
9 90 1391 1
90 9 1391 1
11 104 1111 1
104 11 1111 1
13 48 1332 1
48 13 1332 1
21 48 1109 1
48 21 1109 1
24 38 730 1
38 24 730 1
28 76 345 1
76 28 345 1
33 76 380 1
76 33 380 1
58 108 852 1
108 58 852 1
60 66 370 1
66 60 370 1
96 99 428 1
99 96 428 1
98 99 479 1
99 98 479 1
3 20 648 1
20 3 648 1
16 20 522 1
20 16 522 1
2 72 507 1
72 2 507 1
37 85 343 1
85 37 343 1
39 54 618 1
54 39 618 1
61 79 487 1
79 61 487 1
9 49 1399 1
49 9 1399 1
27 91 1074 1
91 27 1074 1
29 82 824 1
82 29 824 1
43 52 553 1
52 43 553 1
33 73 444 1
73 33 444 1
34 85 678 1
85 34 678 1
85 88 1097 1
88 85 1097 1
99 106 562 1
106 99 562 1
7 23 337 1
23 7 337 1
15 53 1143 1
53 15 1143 1
65 97 657 1
97 65 657 1
3 94 975 1
94 3 975 1
5 27 165 1
27 5 165 1
10 65 1203 1
65 10 1203 1
13 57 681 1
57 13 681 1
13 114 1099 1
114 13 1099 1
21 114 752 1
114 21 752 1
1 60 923 1
60 1 923 1
3 92 1420 1
92 3 1420 1
17 73 298 1
73 17 298 1
68 114 1093 1
114 68 1093 1
96 102 343 1
102 96 343 1
99 102 560 1
102 99 560 1
4 20 334 1
20 4 334 1
10 27 715 1
27 10 715 1
16 21 674 1
21 16 674 1
22 24 386 1
24 22 386 1
35 92 768 1
92 35 768 1
54 86 568 1
86 54 568 1
82 94 609 1
94 82 609 1
103 107 239 1
107 103 239 1
0 60 405 1
60 0 405 1
3 22 347 1
22 3 347 1
24 54 987 1
54 24 987 1
34 76 309 1
76 34 309 1
60 79 1000 1
79 60 1000 1
60 81 1111 1
81 60 1111 1
66 114 833 1
114 66 833 1
67 69 345 1
69 67 345 1
8 69 1192 1
69 8 1192 1
48 50 202 1
50 48 202 1
92 114 349 1
114 92 349 1
104 114 171 1
114 104 171 1
89 95 416 1
95 89 416 1
14 19 916 1
19 14 916 1
21 39 356 1
39 21 356 1
90 113 376 1
113 90 376 1
16 97 797 1
97 16 797 1
31 64 1128 1
64 31 1128 1
36 38 122 1
38 36 122 1
50 89 1065 1
89 50 1065 1
51 113 663 1
113 51 663 1
11 89 636 1
89 11 636 1
20 102 804 1
102 20 804 1
57 78 938 1
78 57 938 1
68 96 891 1
96 68 891 1
3 67 879 1
67 3 879 1
103 113 295 1
113 103 295 1
21 67 905 1
67 21 905 1
62 72 566 1
72 62 566 1
3 10 768 1
10 3 768 1
20 96 592 1
96 20 592 1
27 52 1228 1
52 27 1228 1
41 70 482 1
70 41 482 1
59 60 718 1
60 59 718 1
67 85 682 1
85 67 682 1
76 83 717 1
83 76 717 1
95 114 280 1
114 95 280 1
1 16 963 1
16 1 963 1
3 66 920 1
66 3 920 1
3 68 689 1
68 3 689 1
6 9 834 1
9 6 834 1
10 26 620 1
26 10 620 1
58 114 970 1
114 58 970 1
93 95 447 1
95 93 447 1
6 29 840 1
29 6 840 1
13 112 1199 1
112 13 1199 1
19 40 851 1
40 19 851 1
31 82 641 1
82 31 641 1
1 87 873 1
87 1 873 1
2 12 394 1
12 2 394 1
9 46 1294 1
46 9 1294 1
32 84 691 1
84 32 691 1
47 96 412 1
96 47 412 1
90 102 246 1
102 90 246 1
66 109 621 1
109 66 621 1
67 110 507 1
110 67 507 1
71 114 814 1
114 71 814 1
21 89 648 1
89 21 648 1
26 69 1109 1
69 26 1109 1
42 48 243 1
48 42 243 1
48 97 706 1
97 48 706 1
55 104 526 1
104 55 526 1
1 52 1206 1
52 1 1206 1
29 63 531 1
63 29 531 1
59 89 931 1
89 59 931 1
61 78 1006 1
78 61 1006 1
64 72 754 1
72 64 754 1
67 104 923 1
104 67 923 1
7 64 1244 1
64 7 1244 1
7 93 1261 1
93 7 1261 1
9 42 1383 1
42 9 1383 1
18 73 675 1
73 18 675 1
27 101 1063 1
101 27 1063 1
29 76 555 1
76 29 555 1
68 94 894 1
94 68 894 1
89 91 402 1
91 89 402 1
98 110 300 1
110 98 300 1
113 115 188 1
115 113 188 1
3 88 1145 1
88 3 1145 1
9 45 1389 1
45 9 1389 1
19 30 607 1
30 19 607 1
20 82 329 1
82 20 329 1
22 94 996 1
94 22 996 1
27 65 1171 1
65 27 1171 1
33 74 480 1
74 33 480 1
40 68 919 1
68 40 919 1
59 99 857 1
99 59 857 1
74 79 666 1
79 74 666 1
92 103 574 1
103 92 574 1
15 75 396 1
75 15 396 1
88 114 584 1
114 88 584 1
37 38 515 1
38 37 515 1
86 113 874 1
113 86 874 1
101 103 106 1
103 101 106 1
0 63 1010 1
63 0 1010 1
3 87 809 1
87 3 809 1
9 60 1369 1
60 9 1369 1
50 103 905 1
103 50 905 1
10 113 1059 1
113 10 1059 1
37 112 610 1
112 37 610 1
12 49 1320 1
49 12 1320 1
14 26 321 1
26 14 321 1
43 50 494 1
50 43 494 1
72 77 430 1
77 72 430 1
97 99 180 1
99 97 180 1
16 61 1070 1
61 16 1070 1
17 76 648 1
76 17 648 1
21 55 604 1
55 21 604 1
25 94 912 1
94 25 912 1
37 50 906 1
50 37 906 1
59 103 1115 1
103 59 1115 1
0 61 943 1
61 0 943 1
16 109 631 1
109 16 631 1
28 79 847 1
79 28 847 1
36 88 289 1
88 36 289 1
46 96 270 1
96 46 270 1
61 90 1156 1
90 61 1156 1
90 109 492 1
109 90 492 1
98 100 250 1
100 98 250 1
8 13 868 1
13 8 868 1
11 52 1305 1
52 11 1305 1
23 67 1077 1
67 23 1077 1
48 60 501 1
60 48 501 1
80 107 937 1
107 80 937 1
82 101 1107 1
101 82 1107 1
91 97 336 1
97 91 336 1
0 70 525 1
70 0 525 1
2 81 1016 1
81 2 1016 1
7 88 1209 1
88 7 1209 1
16 57 981 1
57 16 981 1
26 91 1131 1
91 26 1131 1
7 90 1390 1
90 7 1390 1
38 69 945 1
69 38 945 1
66 115 807 1
115 66 807 1
92 97 585 1
97 92 585 1
97 107 263 1
107 97 263 1
105 108 296 1
108 105 296 1
4 55 1003 1
55 4 1003 1
12 48 1186 1
48 12 1186 1
16 99 951 1
99 16 951 1
61 112 910 1
112 61 910 1
65 66 537 1
66 65 537 1
73 84 919 1
84 73 919 1
89 114 592 1
114 89 592 1
17 19 648 1
19 17 648 1
37 77 246 1
77 37 246 1
64 93 1076 1
93 64 1076 1
67 105 903 1
105 67 903 1
76 79 567 1
79 76 567 1
99 110 299 1
110 99 299 1
33 70 413 1
70 33 413 1
37 79 267 1
79 37 267 1
39 97 289 1
97 39 289 1
41 63 682 1
63 41 682 1
76 80 424 1
80 76 424 1
0 99 1111 1
99 0 1111 1
12 22 481 1
22 12 481 1
16 48 829 1
48 16 829 1
16 96 566 1
96 16 566 1
24 31 318 1
31 24 318 1
43 96 503 1
96 43 503 1
49 111 530 1
111 49 530 1
50 101 936 1
101 50 936 1
54 68 945 1
68 54 945 1
60 74 699 1
74 60 699 1
88 102 433 1
102 88 433 1
16 52 739 1
52 16 739 1
36 77 422 1
77 36 422 1
90 114 392 1
114 90 392 1
2 60 843 1
60 2 843 1
11 16 1004 1
16 11 1004 1
21 58 1085 1
58 21 1085 1
22 64 1169 1
64 22 1169 1
25 95 871 1
95 25 871 1
37 59 824 1
59 37 824 1
51 92 878 1
92 51 878 1
66 88 875 1
88 66 875 1
68 99 1044 1
99 68 1044 1
92 104 310 1
104 92 310 1
5 53 1317 1
53 5 1317 1
6 81 1103 1
81 6 1103 1
25 52 1373 1
52 25 1373 1
28 70 247 1
70 28 247 1
8 42 1322 1
42 8 1322 1
13 52 1405 1
52 13 1405 1
17 100 1170 1
100 17 1170 1
25 38 749 1
38 25 749 1
27 68 1083 1
68 27 1083 1
29 77 357 1
77 29 357 1
30 81 847 1
81 30 847 1
63 68 745 1
68 63 745 1
75 99 632 1
99 75 632 1
99 100 610 1
100 99 610 1
7 21 555 1
21 7 555 1
10 115 915 1
115 10 915 1
11 65 770 1
65 11 770 1
25 104 1095 1
104 25 1095 1
26 48 1303 1
48 26 1303 1
32 41 693 1
41 32 693 1
61 95 778 1
95 61 778 1
92 115 404 1
115 92 404 1
4 5 350 1
5 4 350 1
4 23 506 1
23 4 506 1
5 44 1368 1
44 5 1368 1
30 41 563 1
41 30 563 1
36 57 914 1
57 36 914 1
36 83 816 1
83 36 816 1
60 78 455 1
78 60 455 1
76 88 509 1
88 76 509 1
100 113 356 1
113 100 356 1
2 34 808 1
34 2 808 1
6 34 815 1
34 6 815 1
9 114 1147 1
114 9 1147 1
23 91 1352 1
91 23 1352 1
1 99 923 1
99 1 923 1
35 93 718 1
93 35 718 1
36 87 808 1
87 36 808 1
58 67 368 1
67 58 368 1
107 114 333 1
114 107 333 1
2 9 760 1
9 2 760 1
13 75 440 1
75 13 440 1
52 98 272 1
98 52 272 1
60 88 724 1
88 60 724 1
3 105 1215 1
105 3 1215 1
51 67 436 1
67 51 436 1
77 82 682 1
82 77 682 1
7 103 1229 1
103 7 1229 1
9 47 1209 1
47 9 1209 1
35 77 284 1
77 35 284 1
36 60 646 1
60 36 646 1
86 102 712 1
102 86 712 1
88 108 517 1
108 88 517 1
93 114 346 1
114 93 346 1
8 45 1422 1
45 8 1422 1
20 97 635 1
97 20 635 1
26 39 604 1
39 26 604 1
36 63 945 1
63 36 945 1
68 88 1023 1
88 68 1023 1
74 77 362 1
77 74 362 1
4 69 1158 1
69 4 1158 1
19 31 589 1
31 19 589 1
35 113 606 1
113 35 606 1
71 74 359 1
74 71 359 1
74 88 485 1
88 74 485 1
95 108 123 1
108 95 123 1
10 20 506 1
20 10 506 1
26 114 936 1
114 26 936 1
28 36 321 1
36 28 321 1
65 103 905 1
103 65 905 1
85 113 705 1
113 85 705 1
104 112 332 1
112 104 332 1
0 1 800 1
1 0 800 1
12 111 1115 1
111 12 1115 1
27 95 702 1
95 27 702 1
37 51 673 1
51 37 673 1
51 91 505 1
91 51 505 1
57 87 938 1
87 57 938 1
110 112 272 1
112 110 272 1
21 93 922 1
93 21 922 1
26 65 1232 1
65 26 1232 1
36 78 263 1
78 36 263 1
67 89 830 1
89 67 830 1
88 106 334 1
106 88 334 1
1 51 787 1
51 1 787 1
2 107 1169 1
107 2 1169 1
16 107 951 1
107 16 951 1
21 102 871 1
102 21 871 1
35 84 678 1
84 35 678 1
96 111 286 1
111 96 286 1
4 108 880 1
108 4 880 1
5 66 1239 1
66 5 1239 1
16 68 706 1
68 16 706 1
17 75 351 1
75 17 351 1
20 68 909 1
68 20 909 1
25 92 1338 1
92 25 1338 1
61 97 738 1
97 61 738 1
93 108 478 1
108 93 478 1
5 21 332 1
21 5 332 1
5 114 1065 1
114 5 1065 1
11 39 572 1
39 11 572 1
24 98 1155 1
98 24 1155 1
36 70 395 1
70 36 395 1
85 91 456 1
91 85 456 1
89 113 633 1
113 89 633 1
97 113 312 1
113 97 312 1
0 107 1161 1
107 0 1161 1
18 101 1348 1
101 18 1348 1
19 73 625 1
73 19 625 1
23 26 522 1
26 23 522 1
71 88 827 1
88 71 827 1
7 25 539 1
25 7 539 1
14 23 650 1
23 14 650 1
59 95 862 1
95 59 862 1
79 83 420 1
83 79 420 1
7 95 897 1
95 7 897 1
10 104 970 1
104 10 970 1
25 65 1263 1
65 25 1263 1
82 84 544 1
84 82 544 1
97 114 263 1
114 97 263 1
11 78 988 1
78 11 988 1
39 55 254 1
55 39 254 1
50 58 486 1
58 50 486 1
66 108 706 1
108 66 706 1
89 105 535 1
105 89 535 1
103 109 477 1
109 103 477 1
8 55 1109 1
55 8 1109 1
9 13 376 1
13 9 376 1
17 74 721 1
74 17 721 1
38 91 783 1
91 38 783 1
44 48 114 1
48 44 114 1
58 115 947 1
115 58 947 1
64 101 1142 1
101 64 1142 1
1 39 746 1
39 1 746 1
1 81 501 1
81 1 501 1
4 104 1017 1
104 4 1017 1
10 93 1289 1
93 10 1289 1
17 39 453 1
39 17 453 1
39 96 494 1
96 39 494 1
68 108 915 1
108 68 915 1
3 15 589 1
15 3 589 1
8 43 1334 1
43 8 1334 1
8 47 1265 1
47 8 1265 1
9 66 1299 1
66 9 1299 1
31 32 596 1
32 31 596 1
38 95 382 1
95 38 382 1
51 102 955 1
102 51 955 1
71 100 1020 1
100 71 1020 1
84 93 1016 1
93 84 1016 1
96 115 214 1
115 96 214 1
1 114 1067 1
114 1 1067 1
8 46 1191 1
46 8 1191 1
9 58 1436 1
58 9 1436 1
11 14 937 1
14 11 937 1
25 51 1371 1
51 25 1371 1
69 87 1163 1
87 69 1163 1
73 78 740 1
78 73 740 1
77 111 559 1
111 77 559 1
4 49 1415 1
49 4 1415 1
14 89 1093 1
89 14 1093 1
17 69 744 1
69 17 744 1
24 115 1029 1
115 24 1029 1
31 35 790 1
35 31 790 1
72 79 733 1
79 72 733 1
94 96 89 1
96 94 89 1
0 29 925 1
29 0 925 1
1 80 1054 1
80 1 1054 1
11 59 879 1
59 11 879 1
40 61 1067 1
61 40 1067 1
46 50 303 1
50 46 303 1
61 68 615 1
68 61 615 1
75 100 924 1
100 75 924 1
93 110 487 1
110 93 487 1
105 107 233 1
107 105 233 1
5 105 1032 1
105 5 1032 1
8 53 1492 1
53 8 1492 1
19 36 821 1
36 19 821 1
21 23 542 1
23 21 542 1
34 91 729 1
91 34 729 1
40 70 311 1
70 40 311 1
41 80 868 1
80 41 868 1
65 104 1022 1
104 65 1022 1
79 84 1035 1
84 79 1035 1
86 103 950 1
103 86 950 1
15 23 561 1
23 15 561 1
15 83 194 1
83 15 194 1
26 52 1199 1
52 26 1199 1
27 106 796 1
106 27 796 1
38 55 598 1
55 38 598 1
42 52 325 1
52 42 325 1
51 61 458 1
61 51 458 1
4 89 1056 1
89 4 1056 1
11 106 1080 1
106 11 1080 1
13 65 935 1
65 13 935 1
36 56 615 1
56 36 615 1
37 63 543 1
63 37 543 1
48 102 819 1
102 48 819 1
62 74 590 1
74 62 590 1
91 114 389 1
114 91 389 1
2 77 699 1
77 2 699 1
6 44 1164 1
44 6 1164 1
16 60 498 1
60 16 498 1
16 81 1063 1
81 16 1063 1
19 100 1295 1
100 19 1295 1
54 69 967 1
69 54 967 1
55 111 434 1
111 55 434 1
61 105 1028 1
105 61 1028 1
6 82 587 1
82 6 587 1
11 75 388 1
75 11 388 1
13 29 290 1
29 13 290 1
27 87 439 1
87 27 439 1
55 68 1003 1
68 55 1003 1
59 109 798 1
109 59 798 1
62 76 527 1
76 62 527 1
65 84 1120 1
84 65 1120 1
69 112 1017 1
112 69 1017 1
70 83 652 1
83 70 652 1
18 76 581 1
76 18 581 1
30 73 455 1
73 30 455 1
31 77 552 1
77 31 552 1
35 114 586 1
114 35 586 1
37 96 506 1
96 37 506 1
58 104 1061 1
104 58 1061 1
62 102 862 1
102 62 862 1
66 107 978 1
107 66 978 1
79 100 1051 1
100 79 1051 1
94 110 220 1
110 94 220 1
