116 2668
44 45 194 1
45 44 194 1
42 43 239 1
43 42 239 1
104 105 204 1
105 104 204 1
28 72 116 1
72 28 116 1
30 31 127 1
31 30 127 1
45 49 111 1
49 45 111 1
95 108 123 1
108 95 123 1
43 45 199 1
45 43 199 1
11 13 168 1
13 11 168 1
42 45 300 1
45 42 300 1
44 49 304 1
49 44 304 1
47 110 210 1
110 47 210 1
0 56 174 1
56 0 174 1
22 23 140 1
23 22 140 1
73 75 84 1
75 73 84 1
56 57 840 1
57 56 840 1
106 107 486 1
107 106 486 1
90 92 135 1
92 90 135 1
29 73 113 1
73 29 113 1
74 76 203 1
76 74 203 1
17 29 223 1
29 17 223 1
78 80 116 1
80 78 116 1
88 89 1035 1
89 88 1035 1
18 19 147 1
19 18 147 1
48 51 548 1
51 48 548 1
16 28 220 1
28 16 220 1
79 81 136 1
81 79 136 1
16 62 313 1
62 16 313 1
16 72 287 1
72 16 287 1
17 79 135 1
79 17 135 1
48 50 202 1
50 48 202 1
12 13 959 1
13 12 959 1
20 21 185 1
21 20 185 1
36 40 213 1
40 36 213 1
101 102 595 1
102 101 595 1
17 73 298 1
73 17 298 1
76 77 238 1
77 76 238 1
98 99 479 1
99 98 479 1
98 111 265 1
111 98 265 1
34 35 126 1
35 34 126 1
42 49 396 1
49 42 396 1
32 33 149 1
33 32 149 1
86 87 805 1
87 86 805 1
72 74 76 1
74 72 76 1
93 101 103 1
101 93 103 1
103 105 173 1
105 103 173 1
73 74 458 1
74 73 458 1
42 44 208 1
44 42 208 1
43 49 240 1
49 43 240 1
31 33 517 1
33 31 517 1
37 41 217 1
41 37 217 1
99 111 265 1
111 99 265 1
29 72 629 1
72 29 629 1
80 81 1113 1
81 80 1113 1
84 85 1130 1
85 84 1130 1
74 75 389 1
75 74 389 1
73 76 450 1
76 73 450 1
3 7 185 1
7 3 185 1
103 104 369 1
104 103 369 1
17 28 894 1
28 17 894 1
20 70 213 1
70 20 213 1
2 6 165 1
6 2 165 1
17 81 182 1
81 17 182 1
36 37 542 1
37 36 542 1
0 57 825 1
57 0 825 1
93 102 600 1
102 93 600 1
17 72 781 1
72 17 781 1
20 75 348 1
75 20 348 1
36 76 232 1
76 36 232 1
50 52 243 1
52 50 243 1
51 53 271 1
53 51 271 1
52 89 1027 1
89 52 1027 1
97 108 170 1
108 97 170 1
46 47 309 1
47 46 309 1
95 109 146 1
109 95 146 1
92 93 608 1
93 92 608 1
2 22 228 1
22 2 228 1
73 79 296 1
79 73 296 1
3 6 559 1
6 3 559 1
22 24 386 1
24 22 386 1
91 93 118 1
93 91 118 1
62 63 1134 1
63 62 1134 1
54 55 651 1
55 54 651 1
84 87 1148 1
87 84 1148 1
110 111 172 1
111 110 172 1
43 44 290 1
44 43 290 1
75 76 374 1
76 75 374 1
95 97 97 1
97 95 97 1
55 89 213 1
89 55 213 1
42 46 173 1
46 42 173 1
94 109 127 1
109 94 127 1
100 102 87 1
102 100 87 1
5 9 157 1
9 5 157 1
75 77 210 1
77 75 210 1
105 110 411 1
110 105 411 1
0 1 800 1
1 0 800 1
3 22 347 1
22 3 347 1
16 17 998 1
17 16 998 1
24 25 135 1
25 24 135 1
6 7 710 1
7 6 710 1
78 81 1002 1
81 78 1002 1
43 47 146 1
47 43 146 1
107 110 468 1
110 107 468 1
42 47 281 1
47 42 281 1
46 49 541 1
49 46 541 1
18 68 315 1
68 18 315 1
54 96 167 1
96 54 167 1
19 68 313 1
68 19 313 1
25 26 225 1
26 25 225 1
28 62 527 1
62 28 527 1
48 49 410 1
49 48 410 1
70 75 355 1
75 70 355 1
71 73 163 1
73 71 163 1
90 103 653 1
103 90 653 1
64 65 897 1
65 64 897 1
72 76 257 1
76 72 257 1
16 74 335 1
74 16 335 1
17 80 1070 1
80 17 1070 1
37 38 515 1
38 37 515 1
92 100 157 1
100 92 157 1
92 102 211 1
102 92 211 1
58 61 717 1
61 58 717 1
72 73 517 1
73 72 517 1
84 86 610 1
86 84 610 1
3 23 271 1
23 3 271 1
75 81 434 1
81 75 434 1
76 79 567 1
79 76 567 1
52 55 814 1
55 52 814 1
56 74 591 1
74 56 591 1
68 69 164 1
69 68 164 1
25 30 292 1
30 25 292 1
46 48 368 1
48 46 368 1
50 51 698 1
51 50 698 1
66 67 177 1
67 66 177 1
73 81 406 1
81 73 406 1
1 19 351 1
19 1 351 1
19 69 323 1
69 19 323 1
96 111 286 1
111 96 286 1
17 78 955 1
78 17 955 1
74 81 792 1
81 74 792 1
102 104 159 1
104 102 159 1
97 111 292 1
111 97 292 1
105 107 233 1
107 105 233 1
96 110 214 1
110 96 214 1
41 109 485 1
109 41 485 1
74 79 666 1
79 74 666 1
76 81 691 1
81 76 691 1
28 29 741 1
29 28 741 1
11 30 584 1
30 11 584 1
22 25 402 1
25 22 402 1
70 76 285 1
76 70 285 1
21 75 222 1
75 21 222 1
35 67 262 1
67 35 262 1
41 95 382 1
95 41 382 1
53 55 448 1
55 53 448 1
57 68 520 1
68 57 520 1
71 77 297 1
77 71 297 1
40 76 327 1
76 40 327 1
41 110 601 1
110 41 601 1
49 51 172 1
51 49 172 1
1 57 172 1
57 1 172 1
10 12 181 1
12 10 181 1
17 63 324 1
63 17 324 1
97 110 221 1
110 97 221 1
90 105 516 1
105 90 516 1
39 95 233 1
95 39 233 1
5 8 493 1
8 5 493 1
5 15 278 1
15 5 278 1
37 109 343 1
109 37 343 1
102 113 317 1
113 102 317 1
8 14 205 1
14 8 205 1
29 79 257 1
79 29 257 1
94 95 213 1
95 94 213 1
70 74 155 1
74 70 155 1
86 88 460 1
88 86 460 1
58 59 496 1
59 58 496 1
28 76 345 1
76 28 345 1
47 49 380 1
49 47 380 1
62 72 566 1
72 62 566 1
37 39 117 1
39 37 117 1
11 12 972 1
12 11 972 1
28 78 272 1
78 28 272 1
113 114 95 1
114 113 95 1
22 27 524 1
27 22 524 1
104 110 417 1
110 104 417 1
11 29 239 1
29 11 239 1
34 64 445 1
64 34 445 1
90 114 392 1
114 90 392 1
47 106 636 1
106 47 636 1
25 31 272 1
31 25 272 1
6 22 333 1
22 6 333 1
44 46 353 1
46 44 353 1
60 61 893 1
61 60 893 1
90 104 351 1
104 90 351 1
17 74 721 1
74 17 721 1
28 80 329 1
80 28 329 1
56 81 1090 1
81 56 1090 1
104 107 401 1
107 104 401 1
6 30 365 1
30 6 365 1
16 76 379 1
76 16 379 1
45 46 448 1
46 45 448 1
23 27 506 1
27 23 506 1
29 78 851 1
78 29 851 1
29 80 961 1
80 29 961 1
93 103 173 1
103 93 173 1
25 64 1312 1
64 25 1312 1
92 101 634 1
101 92 634 1
38 95 382 1
95 38 382 1
77 79 329 1
79 77 329 1
24 84 1013 1
84 24 1013 1
29 81 342 1
81 29 342 1
28 40 248 1
40 28 248 1
70 72 158 1
72 70 158 1
103 114 282 1
114 103 282 1
4 24 144 1
24 4 144 1
73 77 274 1
77 73 274 1
45 47 345 1
47 45 345 1
55 96 492 1
96 55 492 1
5 26 263 1
26 5 263 1
27 88 863 1
88 27 863 1
28 81 975 1
81 28 975 1
34 65 549 1
65 34 549 1
70 73 402 1
73 70 402 1
24 26 201 1
26 24 201 1
52 53 746 1
53 52 746 1
68 97 933 1
97 68 933 1
96 97 322 1
97 96 322 1
37 74 520 1
74 37 520 1
55 98 606 1
98 55 606 1
46 96 270 1
96 46 270 1
55 111 434 1
111 55 434 1
14 84 681 1
84 14 681 1
38 39 465 1
39 38 465 1
103 113 295 1
113 103 295 1
9 65 1235 1
65 9 1235 1
55 97 173 1
97 55 173 1
28 79 847 1
79 28 847 1
30 33 526 1
33 30 526 1
39 97 289 1
97 39 289 1
69 90 1119 1
90 69 1119 1
11 31 475 1
31 11 475 1
23 25 373 1
25 23 373 1
37 76 441 1
76 37 441 1
2 23 340 1
23 2 340 1
28 63 1049 1
63 28 1049 1
47 107 509 1
107 47 509 1
59 61 271 1
61 59 271 1
47 96 412 1
96 47 412 1
91 103 258 1
103 91 258 1
22 86 800 1
86 22 800 1
23 88 1119 1
88 23 1119 1
41 106 653 1
106 41 653 1
69 104 1167 1
104 69 1167 1
78 79 878 1
79 78 878 1
56 79 965 1
79 56 965 1
63 72 944 1
72 63 944 1
22 64 1169 1
64 22 1169 1
7 60 1133 1
60 7 1133 1
75 79 318 1
79 75 318 1
96 98 184 1
98 96 184 1
7 61 813 1
61 7 813 1
26 83 578 1
83 26 578 1
38 54 263 1
54 38 263 1
7 9 490 1
9 7 490 1
56 75 833 1
75 56 833 1
29 71 259 1
71 29 259 1
52 98 272 1
98 52 272 1
59 66 363 1
66 59 363 1
106 110 467 1
110 106 467 1
17 75 351 1
75 17 351 1
9 15 219 1
15 9 219 1
51 52 786 1
52 51 786 1
24 86 569 1
86 24 569 1
25 27 193 1
27 25 193 1
82 83 881 1
83 82 881 1
93 100 653 1
100 93 653 1
24 64 1287 1
64 24 1287 1
1 68 549 1
68 1 549 1
46 55 584 1
55 46 584 1
60 63 1021 1
63 60 1021 1
100 101 656 1
101 100 656 1
95 106 414 1
106 95 414 1
105 114 152 1
114 105 152 1
17 71 423 1
71 17 423 1
36 77 422 1
77 36 422 1
72 79 733 1
79 72 733 1
6 60 799 1
60 6 799 1
20 73 397 1
73 20 397 1
95 110 248 1
110 95 248 1
44 48 114 1
48 44 114 1
35 44 409 1
44 35 409 1
72 78 300 1
78 72 300 1
10 28 213 1
28 10 213 1
73 80 850 1
80 73 850 1
57 79 431 1
79 57 431 1
39 88 762 1
88 39 762 1
81 85 175 1
85 81 175 1
21 73 247 1
73 21 247 1
47 90 580 1
90 47 580 1
69 105 1158 1
105 69 1158 1
35 65 453 1
65 35 453 1
108 109 87 1
109 108 87 1
6 31 464 1
31 6 464 1
23 24 403 1
24 23 403 1
28 74 188 1
74 28 188 1
4 6 536 1
6 4 536 1
16 78 122 1
78 16 122 1
37 75 239 1
75 37 239 1
92 103 574 1
103 92 574 1
2 18 379 1
18 2 379 1
16 80 152 1
80 16 152 1
49 53 406 1
53 49 406 1
103 110 496 1
110 103 496 1
37 95 241 1
95 37 241 1
79 80 991 1
80 79 991 1
80 84 162 1
84 80 162 1
20 74 213 1
74 20 213 1
52 58 705 1
58 52 705 1
77 78 550 1
78 77 550 1
8 9 638 1
9 8 638 1
57 76 691 1
76 57 691 1
72 81 860 1
81 72 860 1
89 97 385 1
97 89 385 1
14 27 449 1
27 14 449 1
48 52 415 1
52 48 415 1
52 54 402 1
54 52 402 1
17 62 1129 1
62 17 1129 1
26 84 884 1
84 26 884 1
58 60 266 1
60 58 266 1
8 15 741 1
15 8 741 1
16 81 1063 1
81 16 1063 1
82 84 544 1
84 82 544 1
106 109 391 1
109 106 391 1
10 72 309 1
72 10 309 1
28 73 629 1
73 28 629 1
39 89 325 1
89 39 325 1
43 46 341 1
46 43 341 1
48 53 654 1
53 48 654 1
21 25 360 1
25 21 360 1
27 84 956 1
84 27 956 1
64 84 478 1
84 64 478 1
22 88 1044 1
88 22 1044 1
93 104 478 1
104 93 478 1
69 97 875 1
97 69 875 1
71 76 392 1
76 71 392 1
72 75 453 1
75 72 453 1
77 81 453 1
81 77 453 1
21 24 413 1
24 21 413 1
29 63 531 1
63 29 531 1
70 77 376 1
77 70 376 1
82 86 143 1
86 82 143 1
36 41 570 1
41 36 570 1
90 93 690 1
93 90 690 1
11 60 1139 1
60 11 1139 1
28 70 247 1
70 28 247 1
39 110 466 1
110 39 466 1
36 74 242 1
74 36 242 1
39 108 341 1
108 39 341 1
5 65 1232 1
65 5 1232 1
36 38 122 1
38 36 122 1
40 72 200 1
72 40 200 1
73 78 740 1
78 73 740 1
16 70 409 1
70 16 409 1
47 111 188 1
111 47 188 1
52 59 956 1
59 52 956 1
36 82 401 1
82 36 401 1
47 105 464 1
105 47 464 1
1 56 851 1
56 1 851 1
35 45 385 1
45 35 385 1
56 76 519 1
76 56 519 1
69 110 773 1
110 69 773 1
95 107 258 1
107 95 258 1
3 64 1134 1
64 3 1134 1
21 70 303 1
70 21 303 1
11 61 675 1
61 11 675 1
17 76 648 1
76 17 648 1
19 57 426 1
57 19 426 1
47 53 268 1
53 47 268 1
33 67 474 1
67 33 474 1
37 56 930 1
56 37 930 1
41 47 698 1
47 41 698 1
55 108 332 1
108 55 332 1
57 74 830 1
74 57 830 1
101 103 106 1
103 101 106 1
15 65 1052 1
65 15 1052 1
25 84 1066 1
84 25 1066 1
28 77 540 1
77 28 540 1
90 102 246 1
102 90 246 1
3 25 566 1
25 3 566 1
10 13 1004 1
13 10 1004 1
57 77 533 1
77 57 533 1
97 99 180 1
99 97 180 1
13 61 843 1
61 13 843 1
34 66 268 1
66 34 268 1
97 107 263 1
107 97 263 1
98 102 260 1
102 98 260 1
96 99 428 1
99 96 428 1
0 81 1076 1
81 0 1076 1
2 3 405 1
3 2 405 1
27 89 807 1
89 27 807 1
29 30 533 1
30 29 533 1
36 72 276 1
72 36 276 1
38 109 342 1
109 38 342 1
6 11 866 1
11 6 866 1
69 103 1214 1
103 69 1214 1
47 103 476 1
103 47 476 1
53 105 581 1
105 53 581 1
54 89 853 1
89 54 853 1
24 30 283 1
30 24 283 1
37 77 246 1
77 37 246 1
26 27 135 1
27 26 135 1
29 74 571 1
74 29 571 1
57 59 382 1
59 57 382 1
91 99 166 1
99 91 166 1
77 99 529 1
99 77 529 1
16 57 981 1
57 16 981 1
34 44 373 1
44 34 373 1
55 99 216 1
99 55 216 1
114 115 96 1
115 114 96 1
90 98 163 1
98 90 163 1
27 86 519 1
86 27 519 1
41 94 523 1
94 41 523 1
107 108 333 1
108 107 333 1
11 63 488 1
63 11 488 1
95 111 347 1
111 95 347 1
0 58 565 1
58 0 565 1
54 111 422 1
111 54 422 1
56 80 431 1
80 56 431 1
98 113 276 1
113 98 276 1
16 56 380 1
56 16 380 1
23 52 1420 1
52 23 1420 1
40 77 472 1
77 40 472 1
61 65 175 1
65 61 175 1
94 106 271 1
106 94 271 1
1 32 484 1
32 1 484 1
7 11 254 1
11 7 254 1
36 109 326 1
109 36 326 1
0 19 488 1
19 0 488 1
5 21 332 1
21 5 332 1
53 90 787 1
90 53 787 1
1 61 385 1
61 1 385 1
45 67 282 1
67 45 282 1
58 66 198 1
66 58 198 1
70 79 638 1
79 70 638 1
71 75 163 1
75 71 163 1
98 112 277 1
112 98 277 1
54 97 484 1
97 54 484 1
92 104 310 1
104 92 310 1
94 108 97 1
108 94 97 1
17 70 666 1
70 17 666 1
55 95 221 1
95 55 221 1
6 83 986 1
83 6 986 1
38 88 311 1
88 38 311 1
82 87 849 1
87 82 849 1
54 98 204 1
98 54 204 1
72 80 384 1
80 72 384 1
0 80 485 1
80 0 485 1
13 29 290 1
29 13 290 1
98 100 250 1
100 98 250 1
5 20 424 1
20 5 424 1
22 26 505 1
26 22 505 1
101 104 464 1
104 101 464 1
9 26 419 1
26 9 419 1
35 64 566 1
64 35 566 1
36 54 228 1
54 36 228 1
48 55 832 1
55 48 832 1
68 76 626 1
76 68 626 1
13 65 935 1
65 13 935 1
38 41 513 1
41 38 513 1
90 111 396 1
111 90 396 1
2 4 569 1
4 2 569 1
54 68 945 1
68 54 945 1
51 55 568 1
55 51 568 1
6 64 941 1
64 6 941 1
47 104 532 1
104 47 532 1
70 71 263 1
71 70 263 1
3 88 1145 1
88 3 1145 1
11 71 374 1
71 11 374 1
39 55 254 1
55 39 254 1
52 90 240 1
90 52 240 1
65 67 361 1
67 65 361 1
22 84 1027 1
84 22 1027 1
41 83 252 1
83 41 252 1
67 90 867 1
90 67 867 1
3 65 942 1
65 3 942 1
32 76 341 1
76 32 341 1
40 54 405 1
54 40 405 1
38 94 246 1
94 38 246 1
41 76 493 1
76 41 493 1
88 97 687 1
97 88 687 1
15 85 720 1
85 15 720 1
68 96 891 1
96 68 891 1
111 113 191 1
113 111 191 1
65 85 476 1
85 65 476 1
90 91 735 1
91 90 735 1
17 77 417 1
77 17 417 1
32 74 456 1
74 32 456 1
99 112 272 1
112 99 272 1
22 87 870 1
87 22 870 1
34 67 275 1
67 34 275 1
37 73 278 1
73 37 278 1
14 82 179 1
82 14 179 1
14 87 842 1
87 14 842 1
108 115 135 1
115 108 135 1
10 16 218 1
16 10 218 1
7 65 934 1
65 7 934 1
17 21 542 1
21 17 542 1
23 53 1411 1
53 23 1411 1
41 82 687 1
82 41 687 1
57 75 616 1
75 57 616 1
69 92 1197 1
92 69 1197 1
76 78 312 1
78 76 312 1
90 115 420 1
115 90 420 1
21 26 271 1
26 21 271 1
12 60 825 1
60 12 825 1
33 63 547 1
63 33 547 1
72 77 430 1
77 72 430 1
6 26 607 1
26 6 607 1
24 87 679 1
87 24 679 1
31 71 265 1
71 31 265 1
46 51 585 1
51 46 585 1
53 103 508 1
103 53 508 1
21 27 209 1
27 21 209 1
26 29 574 1
29 26 574 1
54 99 587 1
99 54 587 1
55 88 845 1
88 55 845 1
29 75 189 1
75 29 189 1
44 47 404 1
47 44 404 1
55 110 380 1
110 55 380 1
112 113 116 1
113 112 116 1
0 75 786 1
75 0 786 1
20 37 510 1
37 20 510 1
25 65 1263 1
65 25 1263 1
26 50 1256 1
50 26 1256 1
17 56 1024 1
56 17 1024 1
36 95 408 1
95 36 408 1
47 109 317 1
109 47 317 1
90 110 460 1
110 90 460 1
96 106 277 1
106 96 277 1
16 63 1092 1
63 16 1092 1
40 82 231 1
82 40 231 1
57 81 488 1
81 57 488 1
77 98 628 1
98 77 628 1
15 81 596 1
81 15 596 1
23 26 522 1
26 23 522 1
107 111 490 1
111 107 490 1
3 9 596 1
9 3 596 1
16 79 934 1
79 16 934 1
18 97 954 1
97 18 954 1
24 71 494 1
71 24 494 1
71 79 426 1
79 71 426 1
102 103 508 1
103 102 508 1
16 75 702 1
75 16 702 1
27 87 439 1
87 27 439 1
52 88 542 1
88 52 542 1
92 113 313 1
113 92 313 1
92 114 349 1
114 92 349 1
36 81 848 1
81 36 848 1
74 80 415 1
80 74 415 1
6 23 465 1
23 6 465 1
16 40 399 1
40 16 399 1
39 41 161 1
41 39 161 1
1 79 428 1
79 1 428 1
40 57 982 1
57 40 982 1
54 106 240 1
106 54 240 1
91 101 197 1
101 91 197 1
97 98 437 1
98 97 437 1
104 111 377 1
111 104 377 1
3 92 1420 1
92 3 1420 1
12 28 275 1
28 12 275 1
19 97 912 1
97 19 912 1
20 72 238 1
72 20 238 1
46 53 547 1
53 46 547 1
47 95 361 1
95 47 361 1
102 112 391 1
112 102 391 1
4 82 403 1
82 4 403 1
54 101 738 1
101 54 738 1
23 89 1070 1
89 23 1070 1
29 31 454 1
31 29 454 1
82 106 562 1
106 82 562 1
90 101 719 1
101 90 719 1
96 104 297 1
104 96 297 1
26 30 321 1
30 26 321 1
32 68 304 1
68 32 304 1
32 79 600 1
79 32 600 1
59 103 1115 1
103 59 1115 1
84 88 224 1
88 84 224 1
91 92 669 1
92 91 669 1
111 112 111 1
112 111 111 1
96 107 486 1
107 96 486 1
8 58 1298 1
58 8 1298 1
13 60 1245 1
60 13 1245 1
14 15 772 1
15 14 772 1
50 53 744 1
53 50 744 1
74 77 362 1
77 74 362 1
32 72 471 1
72 32 471 1
56 73 886 1
73 56 886 1
90 100 182 1
100 90 182 1
90 113 376 1
113 90 376 1
27 39 536 1
39 27 536 1
31 63 863 1
63 31 863 1
38 55 598 1
55 38 598 1
76 80 424 1
80 76 424 1
0 74 551 1
74 0 551 1
18 70 528 1
70 18 528 1
37 57 643 1
57 37 643 1
64 88 675 1
88 64 675 1
11 33 518 1
33 11 518 1
22 30 218 1
30 22 218 1
50 84 554 1
84 50 554 1
21 79 530 1
79 21 530 1
47 67 492 1
67 47 492 1
18 88 1010 1
88 18 1010 1
39 111 575 1
111 39 575 1
40 74 182 1
74 40 182 1
53 110 473 1
110 53 473 1
28 75 567 1
75 28 567 1
0 76 525 1
76 0 525 1
3 26 678 1
26 3 678 1
38 40 158 1
40 38 158 1
46 110 220 1
110 46 220 1
10 94 740 1
94 10 740 1
37 79 267 1
79 37 267 1
7 33 515 1
33 7 515 1
9 11 523 1
11 9 523 1
14 24 389 1
24 14 389 1
29 83 227 1
83 29 227 1
44 67 332 1
67 44 332 1
63 79 303 1
79 63 303 1
77 80 662 1
80 77 662 1
38 85 837 1
85 38 837 1
75 78 667 1
78 75 667 1
38 108 316 1
108 38 316 1
40 41 506 1
41 40 506 1
52 100 420 1
100 52 420 1
57 99 846 1
99 57 846 1
95 115 205 1
115 95 205 1
101 112 405 1
112 101 405 1
21 81 634 1
81 21 634 1
29 76 555 1
76 29 555 1
61 92 1185 1
92 61 1185 1
8 65 1425 1
65 8 1425 1
37 110 431 1
110 37 431 1
24 85 1108 1
85 24 1108 1
50 58 486 1
58 50 486 1
52 92 317 1
92 52 317 1
91 98 616 1
98 91 616 1
108 111 286 1
111 108 286 1
6 24 555 1
24 6 555 1
23 86 866 1
86 23 866 1
80 85 1121 1
85 80 1121 1
10 74 381 1
74 10 381 1
62 70 663 1
70 62 663 1
3 11 395 1
11 3 395 1
7 92 1445 1
92 7 1445 1
91 113 366 1
113 91 366 1
16 36 349 1
36 16 349 1
54 87 939 1
87 54 939 1
61 63 238 1
63 61 238 1
34 45 409 1
45 34 409 1
34 75 559 1
75 34 559 1
38 84 429 1
84 38 429 1
75 80 775 1
80 75 775 1
91 102 669 1
102 91 669 1
98 101 623 1
101 98 623 1
100 113 356 1
113 100 356 1
36 57 914 1
57 36 914 1
56 77 690 1
77 56 690 1
59 69 338 1
69 59 338 1
68 110 813 1
110 68 813 1
71 78 647 1
78 71 647 1
103 111 432 1
111 103 432 1
108 110 194 1
110 108 194 1
7 13 237 1
13 7 237 1
7 31 345 1
31 7 345 1
41 74 484 1
74 41 484 1
50 100 650 1
100 50 650 1
64 85 1107 1
85 64 1107 1
68 99 1044 1
99 68 1044 1
14 18 837 1
18 14 837 1
14 22 562 1
22 14 562 1
20 39 459 1
39 20 459 1
21 71 214 1
71 21 214 1
20 34 683 1
34 20 683 1
52 103 773 1
103 52 773 1
14 40 342 1
40 14 342 1
21 78 664 1
78 21 664 1
28 36 321 1
36 28 321 1
5 14 572 1
14 5 572 1
27 85 894 1
85 27 894 1
34 85 678 1
85 34 678 1
37 72 595 1
72 37 595 1
13 71 401 1
71 13 401 1
37 108 355 1
108 37 355 1
39 68 969 1
68 39 969 1
56 115 941 1
115 56 941 1
2 19 481 1
19 2 481 1
5 75 500 1
75 5 500 1
71 72 402 1
72 71 402 1
16 32 504 1
32 16 504 1
25 85 1018 1
85 25 1018 1
30 64 1064 1
64 30 1064 1
93 112 343 1
112 93 343 1
9 35 1031 1
35 9 1031 1
24 29 657 1
29 24 657 1
38 82 362 1
82 38 362 1
52 111 398 1
111 52 398 1
54 95 438 1
95 54 438 1
105 111 367 1
111 105 367 1
37 82 780 1
82 37 780 1
52 69 993 1
69 52 993 1
89 93 471 1
93 89 471 1
2 7 566 1
7 2 566 1
16 77 611 1
77 16 611 1
101 113 350 1
113 101 350 1
8 20 420 1
20 8 420 1
12 15 906 1
15 12 906 1
40 79 762 1
79 40 762 1
52 97 650 1
97 52 650 1
87 96 843 1
96 87 843 1
3 24 623 1
24 3 623 1
15 73 336 1
73 15 336 1
37 54 645 1
54 37 645 1
38 87 730 1
87 38 730 1
21 74 343 1
74 21 343 1
26 85 985 1
85 26 985 1
27 52 1228 1
52 27 1228 1
59 90 1104 1
90 59 1104 1
1 78 939 1
78 1 939 1
13 15 277 1
15 13 277 1
23 64 1238 1
64 23 1238 1
25 86 638 1
86 25 638 1
28 71 506 1
71 28 506 1
43 109 418 1
109 43 418 1
104 114 171 1
114 104 171 1
6 25 624 1
25 6 624 1
9 29 484 1
29 9 484 1
30 63 932 1
63 30 932 1
48 100 791 1
100 48 791 1
53 98 671 1
98 53 671 1
96 105 387 1
105 96 387 1
100 112 410 1
112 100 410 1
9 48 1507 1
48 9 1507 1
24 27 252 1
27 24 252 1
32 70 418 1
70 32 418 1
53 69 959 1
69 53 959 1
96 113 315 1
113 96 315 1
16 19 740 1
19 16 740 1
62 74 590 1
74 62 590 1
65 84 1120 1
84 65 1120 1
96 103 531 1
103 96 531 1
9 92 1428 1
92 9 1428 1
33 35 375 1
35 33 375 1
57 115 958 1
115 57 958 1
113 115 188 1
115 113 188 1
6 33 588 1
33 6 588 1
37 40 562 1
40 37 562 1
53 104 704 1
104 53 704 1
74 78 322 1
78 74 322 1
16 18 646 1
18 16 646 1
20 76 380 1
76 20 380 1
30 60 957 1
60 30 957 1
37 81 336 1
81 37 336 1
55 107 232 1
107 55 232 1
66 69 349 1
69 66 349 1
11 64 1218 1
64 11 1218 1
28 32 528 1
32 28 528 1
57 69 378 1
69 57 378 1
60 62 241 1
62 60 241 1
88 108 517 1
108 88 517 1
102 111 440 1
111 102 440 1
9 24 385 1
24 9 385 1
19 32 289 1
32 19 289 1
29 77 357 1
77 29 357 1
57 98 1043 1
98 57 1043 1
70 81 769 1
81 70 769 1
98 103 555 1
103 98 555 1
18 32 279 1
32 18 279 1
21 39 356 1
39 21 356 1
25 87 575 1
87 25 575 1
38 86 366 1
86 38 366 1
68 111 952 1
111 68 952 1
2 24 548 1
24 2 548 1
5 27 165 1
27 5 165 1
9 61 1165 1
61 9 1165 1
16 73 769 1
73 16 769 1
18 76 581 1
76 18 581 1
29 82 824 1
82 29 824 1
39 109 356 1
109 39 356 1
48 98 566 1
98 48 566 1
54 108 319 1
108 54 319 1
1 69 441 1
69 1 441 1
2 88 959 1
88 2 959 1
5 73 471 1
73 5 471 1
33 60 632 1
60 33 632 1
46 106 508 1
106 46 508 1
73 85 516 1
85 73 516 1
11 25 626 1
25 11 626 1
15 75 396 1
75 15 396 1
23 87 803 1
87 23 803 1
38 83 760 1
83 38 760 1
54 93 721 1
93 54 721 1
63 73 569 1
73 63 569 1
31 60 1021 1
60 31 1021 1
32 81 728 1
81 32 728 1
109 115 211 1
115 109 211 1
3 27 634 1
27 3 634 1
14 26 321 1
26 14 321 1
25 71 434 1
71 25 434 1
64 86 1029 1
86 64 1029 1
22 89 1126 1
89 22 1126 1
30 71 303 1
71 30 303 1
32 63 656 1
63 32 656 1
62 80 268 1
80 62 268 1
104 113 229 1
113 104 229 1
5 84 1110 1
84 5 1110 1
36 79 738 1
79 36 738 1
59 114 1002 1
114 59 1002 1
93 113 317 1
113 93 317 1
99 101 266 1
101 99 266 1
3 5 603 1
5 3 603 1
9 44 1434 1
44 9 1434 1
14 23 650 1
23 14 650 1
24 73 599 1
73 24 599 1
38 89 763 1
89 38 763 1
63 71 659 1
71 63 659 1
69 89 1015 1
89 69 1015 1
1 74 790 1
74 1 790 1
20 32 609 1
32 20 609 1
37 85 343 1
85 37 343 1
54 91 742 1
91 54 742 1
83 85 549 1
85 83 549 1
0 77 681 1
77 0 681 1
8 48 1406 1
48 8 1406 1
21 85 716 1
85 21 716 1
39 96 494 1
96 39 494 1
40 109 467 1
109 40 467 1
41 72 550 1
72 41 550 1
71 81 550 1
81 71 550 1
86 89 1016 1
89 86 1016 1
3 13 410 1
13 3 410 1
36 70 395 1
70 36 395 1
99 108 310 1
108 99 310 1
11 17 224 1
17 11 224 1
37 94 426 1
94 37 426 1
59 98 975 1
98 59 975 1
2 83 913 1
83 2 913 1
13 30 546 1
30 13 546 1
16 29 882 1
29 16 882 1
35 49 434 1
49 35 434 1
53 97 456 1
97 53 456 1
97 105 299 1
105 97 299 1
100 104 240 1
104 100 240 1
32 66 416 1
66 32 416 1
36 75 517 1
75 36 517 1
56 78 391 1
78 56 391 1
98 104 286 1
104 98 286 1
15 100 1225 1
100 15 1225 1
21 80 756 1
80 21 756 1
43 106 752 1
106 43 752 1
21 29 329 1
29 21 329 1
36 84 341 1
84 36 341 1
94 115 181 1
115 94 181 1
9 13 376 1
13 9 376 1
13 78 1046 1
78 13 1046 1
20 81 779 1
81 20 779 1
24 82 536 1
82 24 536 1
44 51 440 1
51 44 440 1
89 98 818 1
98 89 818 1
91 111 390 1
111 91 390 1
99 113 264 1
113 99 264 1
2 60 843 1
60 2 843 1
34 73 620 1
73 34 620 1
63 81 293 1
81 63 293 1
68 74 749 1
74 68 749 1
69 107 1110 1
107 69 1110 1
0 79 944 1
79 0 944 1
15 28 819 1
28 15 819 1
19 77 567 1
77 19 567 1
21 34 706 1
34 21 706 1
41 111 726 1
111 41 726 1
44 78 731 1
78 44 731 1
53 89 552 1
89 53 552 1
62 78 287 1
78 62 287 1
69 96 887 1
96 69 887 1
92 111 381 1
111 92 381 1
51 59 486 1
59 51 486 1
53 99 316 1
99 53 316 1
75 99 632 1
99 75 632 1
92 98 220 1
98 92 220 1
26 80 792 1
80 26 792 1
27 38 594 1
38 27 594 1
32 57 493 1
57 32 493 1
36 80 330 1
80 36 330 1
52 93 761 1
93 52 761 1
55 68 1003 1
68 55 1003 1
62 81 1169 1
81 62 1169 1
67 109 581 1
109 67 581 1
103 115 322 1
115 103 322 1
3 30 397 1
30 3 397 1
12 64 932 1
64 12 932 1
14 88 613 1
88 14 613 1
33 61 545 1
61 33 545 1
37 106 622 1
106 37 622 1
47 55 367 1
55 47 367 1
68 89 1110 1
89 68 1110 1
74 85 839 1
85 74 839 1
103 107 239 1
107 103 239 1
5 25 129 1
25 5 129 1
59 89 931 1
89 59 931 1
102 114 295 1
114 102 295 1
23 69 907 1
69 23 907 1
33 62 690 1
62 33 690 1
45 48 304 1
48 45 304 1
98 110 300 1
110 98 300 1
20 85 844 1
85 20 844 1
29 37 304 1
37 29 304 1
36 94 246 1
94 36 246 1
46 107 643 1
107 46 643 1
78 112 768 1
112 78 768 1
85 87 616 1
87 85 616 1
1 76 689 1
76 1 689 1
18 69 392 1
69 18 392 1
22 93 1426 1
93 22 1426 1
49 107 859 1
107 49 859 1
10 60 650 1
60 10 650 1
39 54 618 1
54 39 618 1
50 85 1013 1
85 50 1013 1
92 105 456 1
105 92 456 1
3 93 1309 1
93 3 1309 1
20 24 393 1
24 20 393 1
35 85 553 1
85 35 553 1
53 111 406 1
111 53 406 1
56 99 1051 1
99 56 1051 1
57 70 774 1
70 57 774 1
69 111 906 1
111 69 906 1
92 112 325 1
112 92 325 1
31 83 561 1
83 31 561 1
47 108 359 1
108 47 359 1
54 102 313 1
102 54 313 1
72 109 524 1
109 72 524 1
76 99 626 1
99 76 626 1
102 105 355 1
105 102 355 1
15 62 1246 1
62 15 1246 1
25 50 1404 1
50 25 1404 1
26 31 365 1
31 26 365 1
61 114 963 1
114 61 963 1
69 93 1169 1
93 69 1169 1
0 27 931 1
27 0 931 1
1 11 394 1
11 1 394 1
2 27 659 1
27 2 659 1
4 22 457 1
22 4 457 1
13 64 1328 1
64 13 1328 1
38 106 276 1
106 38 276 1
41 54 714 1
54 41 714 1
57 62 1000 1
62 57 1000 1
57 111 890 1
111 57 890 1
59 105 1100 1
105 59 1100 1
72 82 298 1
82 72 298 1
97 106 471 1
106 97 471 1
7 67 937 1
67 7 937 1
26 51 1298 1
51 26 1298 1
36 73 600 1
73 36 600 1
40 68 919 1
68 40 919 1
41 107 419 1
107 41 419 1
91 100 719 1
100 91 719 1
10 40 460 1
40 10 460 1
19 76 599 1
76 19 599 1
20 29 497 1
29 20 497 1
106 108 322 1
108 106 322 1
0 78 431 1
78 0 431 1
37 111 552 1
111 37 552 1
40 81 874 1
81 40 874 1
71 74 359 1
74 71 359 1
77 112 648 1
112 77 648 1
8 75 728 1
75 8 728 1
20 27 271 1
27 20 271 1
41 57 760 1
57 41 760 1
4 18 866 1
18 4 866 1
26 48 1303 1
48 26 1303 1
28 56 545 1
56 28 545 1
38 111 560 1
111 38 560 1
52 105 664 1
105 52 664 1
68 79 805 1
79 68 805 1
89 111 640 1
111 89 640 1
4 7 733 1
7 4 733 1
9 25 252 1
25 9 252 1
54 107 612 1
107 54 612 1
109 110 135 1
110 109 135 1
15 29 295 1
29 15 295 1
17 24 864 1
24 17 864 1
19 88 1069 1
88 19 1069 1
26 82 411 1
82 26 411 1
40 95 491 1
95 40 491 1
16 95 729 1
95 16 729 1
37 96 506 1
96 37 506 1
59 115 981 1
115 59 981 1
100 111 457 1
111 100 457 1
3 31 315 1
31 3 315 1
8 70 477 1
70 8 477 1
11 24 736 1
24 11 736 1
25 34 1006 1
34 25 1006 1
28 57 964 1
57 28 964 1
75 85 521 1
85 75 521 1
41 115 555 1
115 41 555 1
10 108 812 1
108 10 812 1
13 73 358 1
73 13 358 1
21 35 666 1
35 21 666 1
1 18 493 1
18 1 493 1
47 98 442 1
98 47 442 1
52 91 777 1
91 52 777 1
57 108 842 1
108 57 842 1
58 84 737 1
84 58 737 1
9 49 1399 1
49 9 1399 1
30 32 574 1
32 30 574 1
36 99 637 1
99 36 637 1
0 68 414 1
68 0 414 1
1 58 829 1
58 1 829 1
11 73 310 1
73 11 310 1
36 108 330 1
108 36 330 1
54 88 224 1
88 54 224 1
58 93 1138 1
93 58 1138 1
79 99 574 1
99 79 574 1
10 32 558 1
32 10 558 1
14 86 272 1
86 14 272 1
23 55 1060 1
55 23 1060 1
32 34 327 1
34 32 327 1
36 87 808 1
87 36 808 1
64 67 549 1
67 64 549 1
77 111 559 1
111 77 559 1
97 104 399 1
104 97 399 1
13 31 424 1
31 13 424 1
15 17 481 1
17 15 481 1
16 20 522 1
20 16 522 1
19 111 1024 1
111 19 1024 1
31 45 1171 1
45 31 1171 1
36 43 693 1
43 36 693 1
36 78 263 1
78 36 263 1
56 68 408 1
68 56 408 1
10 76 495 1
76 10 495 1
15 74 683 1
74 15 683 1
28 33 585 1
33 28 585 1
29 85 473 1
85 29 473 1
32 62 548 1
62 32 548 1
35 43 347 1
43 35 347 1
58 91 1077 1
91 58 1077 1
67 105 903 1
105 67 903 1
91 114 389 1
114 91 389 1
5 100 1233 1
100 5 1233 1
27 55 790 1
55 27 790 1
55 104 526 1
104 55 526 1
63 74 885 1
74 63 885 1
64 87 1344 1
87 64 1344 1
68 107 1166 1
107 68 1166 1
0 61 943 1
61 0 943 1
4 83 726 1
83 4 726 1
18 57 564 1
57 18 564 1
62 79 1049 1
79 62 1049 1
88 95 625 1
95 88 625 1
7 64 1244 1
64 7 1244 1
23 84 1113 1
84 23 1113 1
24 88 947 1
88 24 947 1
43 67 388 1
67 43 388 1
53 108 584 1
108 53 584 1
60 83 1265 1
83 60 1265 1
71 112 918 1
112 71 918 1
99 100 610 1
100 99 610 1
2 64 992 1
64 2 992 1
5 7 538 1
7 5 538 1
5 85 946 1
85 5 946 1
6 18 473 1
18 6 473 1
20 36 396 1
36 20 396 1
21 30 349 1
30 21 349 1
34 70 564 1
70 34 564 1
36 56 615 1
56 36 615 1
47 114 366 1
114 47 366 1
50 55 863 1
55 50 863 1
55 93 359 1
93 55 359 1
106 111 487 1
111 106 487 1
14 80 575 1
80 14 575 1
30 83 641 1
83 30 641 1
40 94 393 1
94 40 393 1
45 78 840 1
78 45 840 1
46 111 189 1
111 46 189 1
54 112 454 1
112 54 454 1
0 52 934 1
52 0 934 1
50 80 641 1
80 50 641 1
12 61 1246 1
61 12 1246 1
14 85 1160 1
85 14 1160 1
57 73 601 1
73 57 601 1
57 78 938 1
78 57 938 1
99 110 299 1
110 99 299 1
9 100 1346 1
100 9 1346 1
10 101 1302 1
101 10 1302 1
11 22 654 1
22 11 654 1
17 20 694 1
20 17 694 1
31 42 1171 1
42 31 1171 1
56 72 566 1
72 56 566 1
16 108 661 1
108 16 661 1
47 69 806 1
69 47 806 1
47 91 332 1
91 47 332 1
80 112 813 1
112 80 813 1
81 112 823 1
112 81 823 1
6 9 834 1
9 6 834 1
33 43 715 1
43 33 715 1
47 97 280 1
97 47 280 1
54 110 373 1
110 54 373 1
67 91 790 1
91 67 790 1
94 97 266 1
97 94 266 1
18 54 967 1
54 18 967 1
31 64 1128 1
64 31 1128 1
38 74 265 1
74 38 265 1
67 92 922 1
92 67 922 1
85 88 1097 1
88 85 1097 1
1 88 1198 1
88 1 1198 1
3 89 961 1
89 3 961 1
8 50 1336 1
50 8 1336 1
40 80 433 1
80 40 433 1
42 82 1028 1
82 42 1028 1
58 89 1156 1
89 58 1156 1
60 65 898 1
65 60 898 1
101 111 463 1
111 101 463 1
20 35 677 1
35 20 677 1
31 35 790 1
35 31 790 1
34 49 481 1
49 34 481 1
51 98 763 1
98 51 763 1
55 91 297 1
91 55 297 1
74 109 457 1
109 74 457 1
8 61 1371 1
61 8 1371 1
13 33 629 1
33 13 629 1
18 40 807 1
40 18 807 1
21 64 1051 1
64 21 1051 1
33 66 503 1
66 33 503 1
36 85 845 1
85 36 845 1
52 99 661 1
99 52 661 1
54 94 226 1
94 54 226 1
1 13 546 1
13 1 546 1
21 88 754 1
88 21 754 1
29 112 910 1
112 29 910 1
40 86 262 1
86 40 262 1
46 109 326 1
109 46 326 1
47 99 231 1
99 47 231 1
93 99 208 1
99 93 208 1
6 12 248 1
12 6 248 1
7 35 816 1
35 7 816 1
39 86 698 1
86 39 698 1
40 83 731 1
83 40 731 1
42 109 434 1
109 42 434 1
46 113 335 1
113 46 335 1
53 107 600 1
107 53 600 1
56 85 1128 1
85 56 1128 1
68 87 1214 1
87 68 1214 1
6 19 593 1
19 6 593 1
15 72 724 1
72 15 724 1
37 55 221 1
55 37 221 1
42 106 676 1
106 42 676 1
49 99 587 1
99 49 587 1
56 70 605 1
70 56 605 1
60 64 187 1
64 60 187 1
5 29 493 1
29 5 493 1
36 86 441 1
86 36 441 1
56 98 821 1
98 56 821 1
62 76 527 1
76 62 527 1
68 77 657 1
77 68 657 1
9 60 1369 1
60 9 1369 1
12 58 1025 1
58 12 1025 1
18 82 891 1
82 18 891 1
21 84 830 1
84 21 830 1
49 55 664 1
55 49 664 1
49 106 982 1
106 49 982 1
52 104 543 1
104 52 543 1
55 105 373 1
105 55 373 1
76 112 647 1
112 76 647 1
82 109 693 1
109 82 693 1
89 108 535 1
108 89 535 1
95 99 272 1
99 95 272 1
96 109 176 1
109 96 176 1
98 105 417 1
105 98 417 1
1 112 1078 1
112 1 1078 1
3 61 814 1
61 3 814 1
10 81 1126 1
81 10 1126 1
13 17 364 1
17 13 364 1
15 70 606 1
70 15 606 1
17 112 924 1
112 17 924 1
19 70 573 1
70 19 573 1
33 72 507 1
72 33 507 1
50 59 774 1
59 50 774 1
68 88 1023 1
88 68 1023 1
82 95 720 1
95 82 720 1
83 109 722 1
109 83 722 1
87 91 820 1
91 87 820 1
91 106 697 1
106 91 697 1
0 10 381 1
10 0 381 1
18 55 1006 1
55 18 1006 1
19 62 792 1
62 19 792 1
22 83 792 1
83 22 792 1
46 108 360 1
108 46 360 1
58 92 982 1
92 58 982 1
93 105 305 1
105 93 305 1
10 56 466 1
56 10 466 1
20 79 665 1
79 20 665 1
33 45 716 1
45 33 716 1
34 84 580 1
84 34 580 1
38 96 284 1
96 38 284 1
53 91 265 1
91 53 265 1
67 114 792 1
114 67 792 1
87 88 1035 1
88 87 1035 1
89 92 938 1
92 89 938 1
105 113 210 1
113 105 210 1
0 59 847 1
59 0 847 1
1 81 501 1
81 1 501 1
12 71 631 1
71 12 631 1
17 30 703 1
30 17 703 1
47 113 338 1
113 47 338 1
58 88 918 1
88 58 918 1
79 112 791 1
112 79 791 1
99 107 302 1
107 99 302 1
4 14 255 1
14 4 255 1
4 78 746 1
78 4 746 1
10 95 859 1
95 10 859 1
15 61 998 1
61 15 998 1
17 34 689 1
34 17 689 1
28 112 911 1
112 28 911 1
39 70 540 1
70 39 540 1
66 68 378 1
68 66 378 1
71 80 755 1
80 71 755 1
10 109 786 1
109 10 786 1
13 22 606 1
22 13 606 1
14 75 659 1
75 14 659 1
27 58 1265 1
58 27 1265 1
34 81 688 1
81 34 688 1
40 55 690 1
55 40 690 1
54 113 426 1
113 54 426 1
99 103 258 1
103 99 258 1
1 77 531 1
77 1 531 1
4 29 708 1
29 4 708 1
29 62 1067 1
62 29 1067 1
31 32 596 1
32 31 596 1
32 75 514 1
75 32 514 1
36 39 517 1
39 36 517 1
37 70 546 1
70 37 546 1
42 71 934 1
71 42 934 1
46 98 212 1
98 46 212 1
56 62 252 1
62 56 252 1
3 4 707 1
4 3 707 1
15 80 1098 1
80 15 1098 1
48 105 862 1
105 48 862 1
50 60 475 1
60 50 475 1
52 56 797 1
56 52 797 1
67 108 667 1
108 67 667 1
83 84 1154 1
84 83 1154 1
99 102 560 1
102 99 560 1
100 103 576 1
103 100 576 1
1 80 1054 1
80 1 1054 1
11 78 988 1
78 11 988 1
31 43 1106 1
43 31 1106 1
40 115 529 1
115 40 529 1
55 106 607 1
106 55 607 1
56 59 788 1
59 56 788 1
57 72 874 1
72 57 874 1
57 95 781 1
95 57 781 1
10 85 1188 1
85 10 1188 1
12 72 358 1
72 12 358 1
23 92 1466 1
92 23 1466 1
35 42 425 1
42 35 425 1
48 107 958 1
107 48 958 1
54 103 653 1
103 54 653 1
0 37 925 1
37 0 925 1
12 102 1064 1
102 12 1064 1
14 52 1090 1
52 14 1090 1
18 95 915 1
95 18 915 1
22 85 1113 1
85 22 1113 1
36 42 628 1
42 36 628 1
50 89 1065 1
89 50 1065 1
62 73 961 1
73 62 961 1
72 112 844 1
112 72 844 1
83 114 861 1
114 83 861 1
103 106 532 1
106 103 532 1
9 45 1389 1
45 9 1389 1
9 80 1146 1
80 9 1146 1
15 34 954 1
34 15 954 1
67 107 894 1
107 67 894 1
89 95 416 1
95 89 416 1
9 64 1448 1
64 9 1448 1
33 34 394 1
34 33 394 1
40 56 722 1
56 40 722 1
57 80 1050 1
80 57 1050 1
97 109 174 1
109 97 174 1
3 60 1005 1
60 3 1005 1
4 11 819 1
11 4 819 1
4 26 161 1
26 4 161 1
15 35 881 1
35 15 881 1
17 45 840 1
45 17 840 1
35 75 492 1
75 35 492 1
49 104 900 1
104 49 900 1
54 104 337 1
104 54 337 1
66 103 1026 1
103 66 1026 1
91 104 542 1
104 91 542 1
101 106 633 1
106 101 633 1
0 115 997 1
115 0 997 1
1 16 963 1
16 1 963 1
10 38 560 1
38 10 560 1
10 54 681 1
54 10 681 1
15 60 1288 1
60 15 1288 1
58 65 718 1
65 58 718 1
90 99 615 1
99 90 615 1
98 108 315 1
108 98 315 1
6 13 864 1
13 6 864 1
9 34 1087 1
34 9 1087 1
12 33 709 1
33 12 709 1
17 57 439 1
57 17 439 1
24 80 900 1
80 24 900 1
57 97 767 1
97 57 767 1
65 88 1179 1
88 65 1179 1
88 111 646 1
111 88 646 1
89 99 398 1
99 89 398 1
0 16 380 1
16 0 380 1
2 25 585 1
25 2 585 1
10 17 1029 1
17 10 1029 1
52 96 418 1
96 52 418 1
82 94 609 1
94 82 609 1
91 96 589 1
96 91 589 1
17 44 951 1
44 17 951 1
21 65 973 1
65 21 973 1
47 82 1007 1
82 47 1007 1
54 109 337 1
109 54 337 1
68 108 915 1
108 68 915 1
110 115 264 1
115 110 264 1
5 34 1016 1
34 5 1016 1
40 96 436 1
96 40 436 1
52 101 819 1
101 52 819 1
59 97 823 1
97 59 823 1
66 91 902 1
91 66 902 1
104 106 195 1
106 104 195 1
