116 2668
44 45 194 1
45 44 194 1
42 43 239 1
43 42 239 1
8 9 638 1
9 8 638 1
46 49 541 1
49 46 541 1
30 31 127 1
31 30 127 1
80 81 1113 1
81 80 1113 1
20 21 185 1
21 20 185 1
28 72 116 1
72 28 116 1
4 8 148 1
8 4 148 1
50 51 698 1
51 50 698 1
48 49 410 1
49 48 410 1
78 80 116 1
80 78 116 1
11 13 168 1
13 11 168 1
91 93 118 1
93 91 118 1
50 52 243 1
52 50 243 1
46 48 368 1
48 46 368 1
61 65 175 1
65 61 175 1
51 52 786 1
52 51 786 1
10 12 181 1
12 10 181 1
72 73 517 1
73 72 517 1
73 74 458 1
74 73 458 1
5 9 157 1
9 5 157 1
22 23 140 1
23 22 140 1
24 30 283 1
30 24 283 1
51 53 271 1
53 51 271 1
56 57 840 1
57 56 840 1
49 51 172 1
51 49 172 1
12 14 278 1
14 12 278 1
95 108 123 1
108 95 123 1
72 74 76 1
74 72 76 1
98 99 479 1
99 98 479 1
4 5 350 1
5 4 350 1
16 78 122 1
78 16 122 1
4 9 500 1
9 4 500 1
22 110 1082 1
110 22 1082 1
23 25 373 1
25 23 373 1
44 49 304 1
49 44 304 1
17 79 135 1
79 17 135 1
22 30 218 1
30 22 218 1
16 80 152 1
80 16 152 1
34 35 126 1
35 34 126 1
79 81 136 1
81 79 136 1
104 105 204 1
105 104 204 1
42 49 396 1
49 42 396 1
76 77 238 1
77 76 238 1
5 8 493 1
8 5 493 1
42 46 173 1
46 42 173 1
17 81 182 1
81 17 182 1
1 57 172 1
57 1 172 1
13 15 277 1
15 13 277 1
10 28 213 1
28 10 213 1
21 108 562 1
108 21 562 1
2 6 165 1
6 2 165 1
25 65 1263 1
65 25 1263 1
3 7 185 1
7 3 185 1
24 34 1021 1
34 24 1021 1
10 11 986 1
11 10 986 1
1 56 851 1
56 1 851 1
21 25 360 1
25 21 360 1
52 53 746 1
53 52 746 1
28 29 741 1
29 28 741 1
23 30 259 1
30 23 259 1
35 110 305 1
110 35 305 1
10 14 380 1
14 10 380 1
38 39 465 1
39 38 465 1
7 61 813 1
61 7 813 1
78 81 1002 1
81 78 1002 1
46 55 584 1
55 46 584 1
4 6 536 1
6 4 536 1
35 45 385 1
45 35 385 1
0 56 174 1
56 0 174 1
25 35 978 1
35 25 978 1
29 72 629 1
72 29 629 1
62 63 1134 1
63 62 1134 1
25 30 292 1
30 25 292 1
78 79 878 1
79 78 878 1
48 55 832 1
55 48 832 1
16 28 220 1
28 16 220 1
48 51 548 1
51 48 548 1
1 63 334 1
63 1 334 1
15 61 998 1
61 15 998 1
39 55 254 1
55 39 254 1
74 76 203 1
76 74 203 1
92 93 608 1
93 92 608 1
73 112 858 1
112 73 858 1
22 24 386 1
24 22 386 1
24 25 135 1
25 24 135 1
23 65 1169 1
65 23 1169 1
56 68 408 1
68 56 408 1
103 104 369 1
104 103 369 1
17 29 223 1
29 17 223 1
41 74 484 1
74 41 484 1
18 19 147 1
19 18 147 1
30 34 790 1
34 30 790 1
5 7 538 1
7 5 538 1
45 49 111 1
49 45 111 1
103 105 173 1
105 103 173 1
12 60 825 1
60 12 825 1
26 27 135 1
27 26 135 1
44 46 353 1
46 44 353 1
24 35 1010 1
35 24 1010 1
91 92 669 1
92 91 669 1
28 73 629 1
73 28 629 1
24 31 318 1
31 24 318 1
73 76 450 1
76 73 450 1
35 67 262 1
67 35 262 1
43 45 199 1
45 43 199 1
73 75 84 1
75 73 84 1
46 47 309 1
47 46 309 1
59 69 338 1
69 59 338 1
75 76 374 1
76 75 374 1
20 108 552 1
108 20 552 1
42 44 208 1
44 42 208 1
1 68 549 1
68 1 549 1
15 65 1052 1
65 15 1052 1
39 95 233 1
95 39 233 1
16 63 1092 1
63 16 1092 1
38 108 316 1
108 38 316 1
43 46 341 1
46 43 341 1
45 47 345 1
47 45 345 1
68 85 974 1
85 68 974 1
97 108 170 1
108 97 170 1
0 85 1139 1
85 0 1139 1
1 69 441 1
69 1 441 1
28 74 188 1
74 28 188 1
16 17 998 1
17 16 998 1
57 68 520 1
68 57 520 1
32 56 384 1
56 32 384 1
84 85 1130 1
85 84 1130 1
3 92 1420 1
92 3 1420 1
21 38 458 1
38 21 458 1
43 49 240 1
49 43 240 1
84 88 224 1
88 84 224 1
0 1 800 1
1 0 800 1
7 92 1445 1
92 7 1445 1
92 100 157 1
100 92 157 1
72 76 257 1
76 72 257 1
23 31 199 1
31 23 199 1
12 13 959 1
13 12 959 1
43 47 146 1
47 43 146 1
7 9 490 1
9 7 490 1
16 81 1063 1
81 16 1063 1
5 6 733 1
6 5 733 1
46 51 585 1
51 46 585 1
22 35 922 1
35 22 922 1
105 114 152 1
114 105 152 1
57 69 378 1
69 57 378 1
74 75 389 1
75 74 389 1
25 67 1191 1
67 25 1191 1
44 48 114 1
48 44 114 1
16 72 287 1
72 16 287 1
20 25 402 1
25 20 402 1
58 103 1188 1
103 58 1188 1
9 13 376 1
13 9 376 1
32 57 493 1
57 32 493 1
32 66 416 1
66 32 416 1
36 80 330 1
80 36 330 1
60 61 893 1
61 60 893 1
87 110 837 1
110 87 837 1
22 34 922 1
34 22 922 1
72 78 300 1
78 72 300 1
85 89 220 1
89 85 220 1
100 102 87 1
102 100 87 1
63 78 1033 1
78 63 1033 1
0 72 516 1
72 0 516 1
41 73 204 1
73 41 204 1
6 8 485 1
8 6 485 1
42 48 243 1
48 42 243 1
16 79 934 1
79 16 934 1
25 110 1042 1
110 25 1042 1
105 107 233 1
107 105 233 1
2 64 992 1
64 2 992 1
28 76 345 1
76 28 345 1
86 87 805 1
87 86 805 1
22 25 402 1
25 22 402 1
25 31 272 1
31 25 272 1
58 60 266 1
60 58 266 1
42 45 300 1
45 42 300 1
58 59 496 1
59 58 496 1
29 40 655 1
40 29 655 1
57 81 488 1
81 57 488 1
1 81 501 1
81 1 501 1
34 64 445 1
64 34 445 1
34 110 327 1
110 34 327 1
49 55 664 1
55 49 664 1
29 73 113 1
73 29 113 1
40 41 506 1
41 40 506 1
27 38 594 1
38 27 594 1
11 15 385 1
15 11 385 1
56 85 1128 1
85 56 1128 1
30 35 784 1
35 30 784 1
11 16 1004 1
16 11 1004 1
36 74 242 1
74 36 242 1
96 110 214 1
110 96 214 1
0 62 386 1
62 0 386 1
72 75 453 1
75 72 453 1
66 67 177 1
67 66 177 1
82 83 881 1
83 82 881 1
43 44 290 1
44 43 290 1
50 53 744 1
53 50 744 1
0 73 829 1
73 0 829 1
16 29 882 1
29 16 882 1
47 55 367 1
55 47 367 1
0 16 380 1
16 0 380 1
0 80 485 1
80 0 485 1
27 86 519 1
86 27 519 1
3 15 589 1
15 3 589 1
17 73 298 1
73 17 298 1
38 110 451 1
110 38 451 1
79 80 991 1
80 79 991 1
11 12 972 1
12 11 972 1
21 95 510 1
95 21 510 1
5 31 333 1
31 5 333 1
1 85 630 1
85 1 630 1
21 35 666 1
35 21 666 1
59 103 1115 1
103 59 1115 1
20 35 677 1
35 20 677 1
54 55 651 1
55 54 651 1
0 28 492 1
28 0 492 1
2 67 952 1
67 2 952 1
17 40 824 1
40 17 824 1
59 61 271 1
61 59 271 1
16 73 769 1
73 16 769 1
54 87 939 1
87 54 939 1
56 80 431 1
80 56 431 1
54 96 167 1
96 54 167 1
24 108 938 1
108 24 938 1
32 68 304 1
68 32 304 1
37 56 930 1
56 37 930 1
44 47 404 1
47 44 404 1
56 69 542 1
69 56 542 1
1 80 1054 1
80 1 1054 1
20 45 1046 1
45 20 1046 1
39 96 494 1
96 39 494 1
76 111 559 1
111 76 559 1
38 82 362 1
82 38 362 1
7 15 461 1
15 7 461 1
8 42 1322 1
42 8 1322 1
21 39 356 1
39 21 356 1
45 67 282 1
67 45 282 1
93 103 173 1
103 93 173 1
98 102 260 1
102 98 260 1
0 36 643 1
36 0 643 1
20 38 349 1
38 20 349 1
24 110 1066 1
110 24 1066 1
39 108 341 1
108 39 341 1
25 38 749 1
38 25 749 1
25 108 916 1
108 25 916 1
29 83 227 1
83 29 227 1
90 98 163 1
98 90 163 1
21 24 413 1
24 21 413 1
28 78 272 1
78 28 272 1
0 74 551 1
74 0 551 1
0 19 488 1
19 0 488 1
41 72 550 1
72 41 550 1
63 80 1146 1
80 63 1146 1
40 55 690 1
55 40 690 1
57 80 1050 1
80 57 1050 1
10 13 1004 1
13 10 1004 1
0 68 414 1
68 0 414 1
36 73 600 1
73 36 600 1
17 72 781 1
72 17 781 1
21 71 214 1
71 21 214 1
45 46 448 1
46 45 448 1
20 24 393 1
24 20 393 1
38 54 263 1
54 38 263 1
72 79 733 1
79 72 733 1
2 4 569 1
4 2 569 1
29 81 342 1
81 29 342 1
49 50 585 1
50 49 585 1
2 30 317 1
30 2 317 1
38 55 598 1
55 38 598 1
80 84 162 1
84 80 162 1
103 107 239 1
107 103 239 1
27 39 536 1
39 27 536 1
6 7 710 1
7 6 710 1
6 9 834 1
9 6 834 1
11 28 875 1
28 11 875 1
39 97 289 1
97 39 289 1
72 112 844 1
112 72 844 1
59 66 363 1
66 59 363 1
104 114 171 1
114 104 171 1
50 89 1065 1
89 50 1065 1
0 41 952 1
41 0 952 1
33 77 332 1
77 33 332 1
37 39 117 1
39 37 117 1
75 112 790 1
112 75 790 1
25 95 871 1
95 25 871 1
92 113 313 1
113 92 313 1
17 28 894 1
28 17 894 1
17 37 368 1
37 17 368 1
34 45 409 1
45 34 409 1
56 81 1090 1
81 56 1090 1
58 66 198 1
66 58 198 1
62 80 268 1
80 62 268 1
57 79 431 1
79 57 431 1
64 88 675 1
88 64 675 1
95 97 97 1
97 95 97 1
0 37 925 1
37 0 925 1
28 75 567 1
75 28 567 1
58 69 426 1
69 58 426 1
4 31 397 1
31 4 397 1
68 81 913 1
81 68 913 1
47 49 380 1
49 47 380 1
5 20 424 1
20 5 424 1
7 31 345 1
31 7 345 1
48 50 202 1
50 48 202 1
42 47 281 1
47 42 281 1
3 23 271 1
23 3 271 1
43 48 391 1
48 43 391 1
55 95 221 1
95 55 221 1
19 115 1045 1
115 19 1045 1
32 69 338 1
69 32 338 1
57 85 575 1
85 57 575 1
28 36 321 1
36 28 321 1
52 89 1027 1
89 52 1027 1
28 79 847 1
79 28 847 1
57 63 249 1
63 57 249 1
68 69 164 1
69 68 164 1
2 7 566 1
7 2 566 1
21 45 1031 1
45 21 1031 1
10 16 218 1
16 10 218 1
36 56 615 1
56 36 615 1
59 105 1100 1
105 59 1100 1
21 97 595 1
97 21 595 1
76 112 647 1
112 76 647 1
6 64 941 1
64 6 941 1
10 72 309 1
72 10 309 1
21 31 344 1
31 21 344 1
6 12 248 1
12 6 248 1
12 15 906 1
15 12 906 1
14 64 1035 1
64 14 1035 1
37 41 217 1
41 37 217 1
15 92 1292 1
92 15 1292 1
23 67 1077 1
67 23 1077 1
28 40 248 1
40 28 248 1
7 65 934 1
65 7 934 1
7 13 237 1
13 7 237 1
113 114 95 1
114 113 95 1
31 34 815 1
34 31 815 1
47 110 210 1
110 47 210 1
0 78 431 1
78 0 431 1
2 31 377 1
31 2 377 1
14 15 772 1
15 14 772 1
50 85 1013 1
85 50 1013 1
23 110 1096 1
110 23 1096 1
56 79 965 1
79 56 965 1
39 87 370 1
87 39 370 1
60 62 241 1
62 60 241 1
65 67 361 1
67 65 361 1
92 114 349 1
114 92 349 1
17 57 439 1
57 17 439 1
20 31 387 1
31 20 387 1
46 98 212 1
98 46 212 1
12 28 275 1
28 12 275 1
2 24 548 1
24 2 548 1
16 36 349 1
36 16 349 1
27 87 439 1
87 27 439 1
17 80 1070 1
80 17 1070 1
24 95 910 1
95 24 910 1
30 110 901 1
110 30 901 1
40 72 200 1
72 40 200 1
8 33 863 1
33 8 863 1
16 56 380 1
56 16 380 1
17 78 955 1
78 17 955 1
21 30 349 1
30 21 349 1
55 108 332 1
108 55 332 1
0 81 1076 1
81 0 1076 1
8 12 346 1
12 8 346 1
13 61 843 1
61 13 843 1
17 55 513 1
55 17 513 1
35 44 409 1
44 35 409 1
49 53 406 1
53 49 406 1
23 35 930 1
35 23 930 1
40 83 731 1
83 40 731 1
70 71 263 1
71 70 263 1
20 95 541 1
95 20 541 1
27 110 890 1
110 27 890 1
32 62 548 1
62 32 548 1
60 103 1182 1
103 60 1182 1
99 102 560 1
102 99 560 1
72 80 384 1
80 72 384 1
76 91 787 1
91 76 787 1
0 63 1010 1
63 0 1010 1
66 69 349 1
69 66 349 1
73 79 296 1
79 73 296 1
93 101 103 1
101 93 103 1
85 87 616 1
87 85 616 1
9 12 856 1
12 9 856 1
23 24 403 1
24 23 403 1
40 82 231 1
82 40 231 1
88 89 1035 1
89 88 1035 1
0 79 944 1
79 0 944 1
16 62 313 1
62 16 313 1
9 15 219 1
15 9 219 1
20 27 271 1
27 20 271 1
20 71 311 1
71 20 311 1
29 76 555 1
76 29 555 1
4 33 810 1
33 4 810 1
111 112 111 1
112 111 111 1
41 76 493 1
76 41 493 1
55 96 492 1
96 55 492 1
70 76 285 1
76 70 285 1
101 102 595 1
102 101 595 1
4 7 733 1
7 4 733 1
5 13 461 1
13 5 461 1
62 78 287 1
78 62 287 1
73 78 740 1
78 73 740 1
1 37 646 1
37 1 646 1
31 33 517 1
33 31 517 1
38 95 382 1
95 38 382 1
9 42 1383 1
42 9 1383 1
47 96 412 1
96 47 412 1
8 14 205 1
14 8 205 1
36 84 341 1
84 36 341 1
36 85 845 1
85 36 845 1
75 77 210 1
77 75 210 1
0 76 525 1
76 0 525 1
1 16 963 1
16 1 963 1
20 39 459 1
39 20 459 1
25 34 1006 1
34 25 1006 1
59 67 245 1
67 59 245 1
65 104 1022 1
104 65 1022 1
61 92 1185 1
92 61 1185 1
66 103 1026 1
103 66 1026 1
72 81 860 1
81 72 860 1
38 87 730 1
87 38 730 1
3 61 814 1
61 3 814 1
84 94 496 1
94 84 496 1
59 65 304 1
65 59 304 1
94 97 266 1
97 94 266 1
4 77 744 1
77 4 744 1
22 38 846 1
38 22 846 1
37 99 410 1
99 37 410 1
6 18 473 1
18 6 473 1
6 14 476 1
14 6 476 1
22 31 234 1
31 22 234 1
24 67 1223 1
67 24 1223 1
39 54 618 1
54 39 618 1
1 19 351 1
19 1 351 1
35 108 425 1
108 35 425 1
85 86 1120 1
86 85 1120 1
86 96 642 1
96 86 642 1
91 103 258 1
103 91 258 1
104 107 401 1
107 104 401 1
1 58 829 1
58 1 829 1
36 72 276 1
72 36 276 1
37 68 886 1
68 37 886 1
37 85 343 1
85 37 343 1
82 108 675 1
108 82 675 1
84 86 610 1
86 84 610 1
9 11 523 1
11 9 523 1
104 106 195 1
106 104 195 1
16 102 798 1
102 16 798 1
68 80 778 1
80 68 778 1
90 107 713 1
107 90 713 1
14 28 286 1
28 14 286 1
20 44 1027 1
44 20 1027 1
26 64 1183 1
64 26 1183 1
90 92 135 1
92 90 135 1
42 55 629 1
55 42 629 1
38 96 284 1
96 38 284 1
52 106 576 1
106 52 576 1
56 78 391 1
78 56 391 1
101 103 106 1
103 101 106 1
2 22 228 1
22 2 228 1
25 71 434 1
71 25 434 1
16 41 813 1
41 16 813 1
16 74 335 1
74 16 335 1
65 103 905 1
103 65 905 1
16 37 809 1
37 16 809 1
31 77 552 1
77 31 552 1
42 51 463 1
51 42 463 1
54 57 1038 1
57 54 1038 1
56 63 1014 1
63 56 1014 1
67 105 903 1
105 67 903 1
78 102 697 1
102 78 697 1
2 14 572 1
14 2 572 1
7 67 937 1
67 7 937 1
10 75 732 1
75 10 732 1
24 64 1287 1
64 24 1287 1
93 100 653 1
100 93 653 1
8 43 1334 1
43 8 1334 1
25 97 955 1
97 25 955 1
4 14 255 1
14 4 255 1
71 95 547 1
95 71 547 1
87 96 843 1
96 87 843 1
13 14 902 1
14 13 902 1
36 75 517 1
75 36 517 1
41 80 868 1
80 41 868 1
52 90 240 1
90 52 240 1
22 88 1044 1
88 22 1044 1
32 33 149 1
33 32 149 1
2 60 843 1
60 2 843 1
26 82 411 1
82 26 411 1
29 79 257 1
79 29 257 1
39 47 551 1
47 39 551 1
0 112 1084 1
112 0 1084 1
1 86 1182 1
86 1 1182 1
14 60 967 1
60 14 967 1
17 53 802 1
53 17 802 1
90 91 735 1
91 90 735 1
103 114 282 1
114 103 282 1
5 61 1171 1
61 5 1171 1
21 55 604 1
55 21 604 1
14 26 321 1
26 14 321 1
22 64 1169 1
64 22 1169 1
37 79 267 1
79 37 267 1
94 101 576 1
101 94 576 1
108 110 194 1
110 108 194 1
92 103 574 1
103 92 574 1
17 83 381 1
83 17 381 1
47 48 490 1
48 47 490 1
16 112 888 1
112 16 888 1
28 81 975 1
81 28 975 1
62 74 590 1
74 62 590 1
28 80 329 1
80 28 329 1
34 44 373 1
44 34 373 1
25 61 1194 1
61 25 1194 1
36 94 246 1
94 36 246 1
2 34 808 1
34 2 808 1
3 9 596 1
9 3 596 1
40 97 584 1
97 40 584 1
48 53 654 1
53 48 654 1
4 12 434 1
12 4 434 1
98 101 623 1
101 98 623 1
18 60 647 1
60 18 647 1
20 26 232 1
26 20 232 1
22 26 505 1
26 22 505 1
51 55 568 1
55 51 568 1
15 23 561 1
23 15 561 1
28 41 661 1
41 28 661 1
29 75 189 1
75 29 189 1
30 67 972 1
67 30 972 1
36 79 738 1
79 36 738 1
40 81 874 1
81 40 874 1
59 107 1064 1
107 59 1064 1
77 109 318 1
109 77 318 1
34 67 275 1
67 34 275 1
9 14 725 1
14 9 725 1
48 52 415 1
52 48 415 1
57 96 913 1
96 57 913 1
68 79 805 1
79 68 805 1
2 93 1417 1
93 2 1417 1
17 39 453 1
39 17 453 1
48 54 669 1
54 48 669 1
61 67 382 1
67 61 382 1
19 105 1190 1
105 19 1190 1
17 36 828 1
36 17 828 1
24 38 730 1
38 24 730 1
40 74 182 1
74 40 182 1
3 65 942 1
65 3 942 1
19 56 574 1
56 19 574 1
29 53 887 1
53 29 887 1
54 88 224 1
88 54 224 1
86 110 816 1
110 86 816 1
2 91 1366 1
91 2 1366 1
0 57 825 1
57 0 825 1
6 33 588 1
33 6 588 1
31 35 790 1
35 31 790 1
34 108 452 1
108 34 452 1
43 55 485 1
55 43 485 1
61 103 1017 1
103 61 1017 1
62 72 566 1
72 62 566 1
98 111 265 1
111 98 265 1
1 17 391 1
17 1 391 1
10 79 992 1
79 10 992 1
5 71 431 1
71 5 431 1
8 31 485 1
31 8 485 1
38 86 366 1
86 38 366 1
40 79 762 1
79 40 762 1
65 92 1075 1
92 65 1075 1
102 109 475 1
109 102 475 1
2 35 833 1
35 2 833 1
11 52 1305 1
52 11 1305 1
17 41 414 1
41 17 414 1
14 82 179 1
82 14 179 1
18 103 1302 1
103 18 1302 1
25 39 702 1
39 25 702 1
59 104 1146 1
104 59 1146 1
74 78 322 1
78 74 322 1
76 115 499 1
115 76 499 1
88 94 422 1
94 88 422 1
1 32 484 1
32 1 484 1
1 79 428 1
79 1 428 1
19 85 882 1
85 19 882 1
37 96 506 1
96 37 506 1
1 78 939 1
78 1 939 1
36 78 263 1
78 36 263 1
54 89 853 1
89 54 853 1
76 83 717 1
83 76 717 1
41 78 770 1
78 41 770 1
47 95 361 1
95 47 361 1
55 97 173 1
97 55 173 1
64 113 831 1
113 64 831 1
2 23 340 1
23 2 340 1
36 57 914 1
57 36 914 1
41 85 509 1
85 41 509 1
60 66 370 1
66 60 370 1
72 102 769 1
102 72 769 1
26 110 904 1
110 26 904 1
39 57 754 1
57 39 754 1
41 79 379 1
79 41 379 1
63 79 303 1
79 63 303 1
75 91 753 1
91 75 753 1
18 105 1215 1
105 18 1215 1
21 34 706 1
34 21 706 1
47 111 188 1
111 47 188 1
51 83 1017 1
83 51 1017 1
90 100 182 1
100 90 182 1
27 96 825 1
96 27 825 1
30 95 791 1
95 30 791 1
62 73 961 1
73 62 961 1
69 105 1158 1
105 69 1158 1
21 47 833 1
47 21 833 1
35 38 574 1
38 35 574 1
37 81 336 1
81 37 336 1
41 81 452 1
81 41 452 1
47 98 442 1
98 47 442 1
73 111 787 1
111 73 787 1
17 112 924 1
112 17 924 1
18 33 288 1
33 18 288 1
20 34 683 1
34 20 683 1
53 73 880 1
73 53 880 1
56 62 252 1
62 56 252 1
73 80 850 1
80 73 850 1
82 86 143 1
86 82 143 1
10 60 650 1
60 10 650 1
45 48 304 1
48 45 304 1
80 85 1121 1
85 80 1121 1
29 78 851 1
78 29 851 1
41 62 1018 1
62 41 1018 1
49 52 718 1
52 49 718 1
59 63 501 1
63 59 501 1
74 99 759 1
99 74 759 1
1 59 541 1
59 1 541 1
11 29 239 1
29 11 239 1
29 37 304 1
37 29 304 1
44 55 743 1
55 44 743 1
39 40 508 1
40 39 508 1
51 106 972 1
106 51 972 1
52 85 1026 1
85 52 1026 1
16 57 981 1
57 16 981 1
16 98 666 1
98 16 666 1
17 74 721 1
74 17 721 1
28 112 911 1
112 28 911 1
36 62 525 1
62 36 525 1
0 17 982 1
17 0 982 1
10 36 501 1
36 10 501 1
20 30 328 1
30 20 328 1
30 64 1064 1
64 30 1064 1
39 81 431 1
81 39 431 1
54 85 906 1
85 54 906 1
55 99 216 1
99 55 216 1
15 89 653 1
89 15 653 1
54 110 373 1
110 54 373 1
60 64 187 1
64 60 187 1
38 97 469 1
97 38 469 1
41 68 978 1
68 41 978 1
0 75 786 1
75 0 786 1
2 18 379 1
18 2 379 1
17 56 1024 1
56 17 1024 1
21 67 905 1
67 21 905 1
27 35 871 1
35 27 871 1
37 73 278 1
73 37 278 1
10 29 893 1
29 10 893 1
55 98 606 1
98 55 606 1
55 57 743 1
57 55 743 1
56 96 743 1
96 56 743 1
74 79 666 1
79 74 666 1
31 67 971 1
67 31 971 1
7 59 970 1
59 7 970 1
13 65 935 1
65 13 935 1
21 82 511 1
82 21 511 1
36 41 570 1
41 36 570 1
37 74 520 1
74 37 520 1
6 31 464 1
31 6 464 1
7 71 395 1
71 7 395 1
19 33 238 1
33 19 238 1
23 61 1058 1
61 23 1058 1
36 81 848 1
81 36 848 1
41 83 252 1
83 41 252 1
50 107 943 1
107 50 943 1
73 99 684 1
99 73 684 1
87 89 476 1
89 87 476 1
100 109 518 1
109 100 518 1
5 15 278 1
15 5 278 1
21 43 915 1
43 21 915 1
23 64 1238 1
64 23 1238 1
61 64 928 1
64 61 928 1
10 93 1289 1
93 10 1289 1
87 104 852 1
104 87 852 1
99 101 266 1
101 99 266 1
3 11 395 1
11 3 395 1
78 84 235 1
84 78 235 1
86 101 1052 1
101 86 1052 1
20 67 918 1
67 20 918 1
18 91 1236 1
91 18 1236 1
35 65 453 1
65 35 453 1
36 37 542 1
37 36 542 1
50 54 543 1
54 50 543 1
74 85 839 1
85 74 839 1
11 14 937 1
14 11 937 1
26 38 554 1
38 26 554 1
58 62 503 1
62 58 503 1
69 103 1214 1
103 69 1214 1
82 97 814 1
97 82 814 1
0 10 381 1
10 0 381 1
2 61 1041 1
61 2 1041 1
16 75 702 1
75 16 702 1
22 67 1070 1
67 22 1070 1
63 81 293 1
81 63 293 1
24 82 536 1
82 24 536 1
32 58 511 1
58 32 511 1
60 88 724 1
88 60 724 1
67 108 667 1
108 67 667 1
74 101 945 1
101 74 945 1
19 69 323 1
69 19 323 1
22 82 706 1
82 22 706 1
35 43 347 1
43 35 347 1
43 51 245 1
51 43 245 1
75 100 924 1
100 75 924 1
4 18 866 1
18 4 866 1
24 45 1393 1
45 24 1393 1
56 84 539 1
84 56 539 1
7 100 1408 1
100 7 1408 1
14 89 1093 1
89 14 1093 1
37 57 643 1
57 37 643 1
43 53 293 1
53 43 293 1
70 111 827 1
111 70 827 1
90 104 351 1
104 90 351 1
99 111 265 1
111 99 265 1
11 89 636 1
89 11 636 1
52 54 402 1
54 52 402 1
2 12 394 1
12 2 394 1
27 43 1124 1
43 27 1124 1
71 108 604 1
108 71 604 1
6 60 799 1
60 6 799 1
25 27 193 1
27 25 193 1
29 112 910 1
112 29 910 1
30 108 817 1
108 30 817 1
67 110 507 1
110 67 507 1
85 88 1097 1
88 85 1097 1
24 26 201 1
26 24 201 1
62 81 1169 1
81 62 1169 1
65 105 928 1
105 65 928 1
10 74 381 1
74 10 381 1
19 90 1212 1
90 19 1212 1
64 67 549 1
67 64 549 1
74 112 785 1
112 74 785 1
82 87 849 1
87 82 849 1
89 105 535 1
105 89 535 1
1 87 873 1
87 1 873 1
9 31 394 1
31 9 394 1
12 16 384 1
16 12 384 1
31 71 265 1
71 31 265 1
67 103 944 1
103 67 944 1
69 107 1110 1
107 69 1110 1
91 101 197 1
101 91 197 1
1 41 715 1
41 1 715 1
3 113 1250 1
113 3 1250 1
37 55 221 1
55 37 221 1
54 56 722 1
56 54 722 1
58 63 892 1
63 58 892 1
2 66 917 1
66 2 917 1
23 103 1345 1
103 23 1345 1
40 73 549 1
73 40 549 1
90 102 246 1
102 90 246 1
2 113 1266 1
113 2 1266 1
29 74 571 1
74 29 571 1
75 101 807 1
101 75 807 1
109 115 211 1
115 109 211 1
23 105 1262 1
105 23 1262 1
60 63 1021 1
63 60 1021 1
73 85 516 1
85 73 516 1
0 84 624 1
84 0 624 1
5 35 974 1
35 5 974 1
9 61 1165 1
61 9 1165 1
10 15 968 1
15 10 968 1
15 60 1288 1
60 15 1288 1
21 44 1047 1
44 21 1047 1
31 64 1128 1
64 31 1128 1
40 80 433 1
80 40 433 1
2 103 1363 1
103 2 1363 1
59 60 718 1
60 59 718 1
70 91 1000 1
91 70 1000 1
2 5 685 1
5 2 685 1
22 96 1047 1
96 22 1047 1
32 72 471 1
72 32 471 1
87 105 742 1
105 87 742 1
1 62 1027 1
62 1 1027 1
12 58 1025 1
58 12 1025 1
19 84 968 1
84 19 968 1
37 87 433 1
87 37 433 1
39 110 466 1
110 39 466 1
11 92 1324 1
92 11 1324 1
17 52 1166 1
52 17 1166 1
29 41 234 1
41 29 234 1
32 63 656 1
63 32 656 1
52 87 1253 1
87 52 1253 1
97 106 471 1
106 97 471 1
45 110 453 1
110 45 453 1
57 58 735 1
58 57 735 1
73 81 406 1
81 73 406 1
14 88 613 1
88 14 613 1
18 76 581 1
76 18 581 1
75 78 667 1
78 75 667 1
91 113 366 1
113 91 366 1
1 115 1005 1
115 1 1005 1
7 23 337 1
23 7 337 1
30 77 559 1
77 30 559 1
69 97 875 1
97 69 875 1
90 115 420 1
115 90 420 1
6 91 1386 1
91 6 1386 1
29 80 961 1
80 29 961 1
4 28 477 1
28 4 477 1
23 38 892 1
38 23 892 1
23 88 1119 1
88 23 1119 1
25 45 1358 1
45 25 1358 1
60 91 1127 1
91 60 1127 1
105 113 210 1
113 105 210 1
3 13 410 1
13 3 410 1
19 68 313 1
68 19 313 1
31 95 797 1
95 31 797 1
44 51 440 1
51 44 440 1
62 79 1049 1
79 62 1049 1
18 77 606 1
77 18 606 1
38 47 654 1
47 38 654 1
80 102 700 1
102 80 700 1
1 101 1148 1
101 1 1148 1
6 24 555 1
24 6 555 1
35 47 370 1
47 35 370 1
60 92 903 1
92 60 903 1
91 99 166 1
99 91 166 1
0 11 958 1
11 0 958 1
3 64 1134 1
64 3 1134 1
5 21 332 1
21 5 332 1
19 73 625 1
73 19 625 1
21 27 209 1
27 21 209 1
38 71 546 1
71 38 546 1
87 107 525 1
107 87 525 1
95 99 272 1
99 95 272 1
96 102 343 1
102 96 343 1
7 91 1186 1
91 7 1186 1
12 62 664 1
62 12 664 1
17 111 850 1
111 17 850 1
26 86 416 1
86 26 416 1
75 93 807 1
93 75 807 1
65 89 679 1
89 65 679 1
67 107 894 1
107 67 894 1
1 98 1107 1
98 1 1107 1
8 77 827 1
77 8 827 1
21 26 271 1
26 21 271 1
28 37 709 1
37 28 709 1
50 104 729 1
104 50 729 1
74 80 415 1
80 74 415 1
11 78 988 1
78 11 988 1
17 68 840 1
68 17 840 1
33 81 613 1
81 33 613 1
41 56 991 1
56 41 991 1
73 91 794 1
91 73 794 1
74 91 918 1
91 74 918 1
77 111 559 1
111 77 559 1
13 92 1402 1
92 13 1402 1
18 64 805 1
64 18 805 1
25 106 972 1
106 25 972 1
29 102 1018 1
102 29 1018 1
33 72 507 1
72 33 507 1
47 108 359 1
108 47 359 1
73 83 298 1
83 73 298 1
79 111 717 1
111 79 717 1
89 104 710 1
104 89 710 1
44 67 332 1
67 44 332 1
70 93 1035 1
93 70 1035 1
82 88 444 1
88 82 444 1
87 108 698 1
108 87 698 1
47 97 280 1
97 47 280 1
81 84 1146 1
84 81 1146 1
5 77 694 1
77 5 694 1
10 48 1025 1
48 10 1025 1
13 29 290 1
29 13 290 1
36 76 232 1
76 36 232 1
42 53 475 1
53 42 475 1
79 102 994 1
102 79 994 1
3 4 707 1
4 3 707 1
5 43 1235 1
43 5 1235 1
12 72 358 1
72 12 358 1
26 34 907 1
34 26 907 1
68 86 1151 1
86 68 1151 1
1 102 1288 1
102 1 1288 1
5 42 1309 1
42 5 1309 1
18 72 618 1
72 18 618 1
31 43 1106 1
43 31 1106 1
37 72 595 1
72 37 595 1
10 91 1269 1
91 10 1269 1
13 71 401 1
71 13 401 1
17 76 648 1
76 17 648 1
67 95 667 1
95 67 667 1
68 84 871 1
84 68 871 1
32 79 600 1
79 32 600 1
41 99 593 1
99 41 593 1
63 73 569 1
73 63 569 1
101 115 407 1
115 101 407 1
3 6 559 1
6 3 559 1
26 83 578 1
83 26 578 1
40 95 491 1
95 40 491 1
96 111 286 1
111 96 286 1
98 100 250 1
100 98 250 1
20 29 497 1
29 20 497 1
36 40 213 1
40 36 213 1
55 81 401 1
81 55 401 1
93 104 478 1
104 93 478 1
113 115 188 1
115 113 188 1
21 83 382 1
83 21 382 1
28 62 527 1
62 28 527 1
31 70 334 1
70 31 334 1
36 88 289 1
88 36 289 1
6 75 726 1
75 6 726 1
9 43 1284 1
43 9 1284 1
10 40 460 1
40 10 460 1
19 88 1069 1
88 19 1069 1
27 45 1240 1
45 27 1240 1
30 70 259 1
70 30 259 1
46 83 1042 1
83 46 1042 1
76 93 823 1
93 76 823 1
96 99 428 1
99 96 428 1
21 110 690 1
110 21 690 1
22 43 1259 1
43 22 1259 1
25 87 575 1
87 25 575 1
28 83 861 1
83 28 861 1
53 83 977 1
83 53 977 1
58 105 1107 1
105 58 1107 1
68 78 695 1
78 68 695 1
18 32 279 1
32 18 279 1
21 65 973 1
65 21 973 1
57 62 1000 1
62 57 1000 1
93 113 317 1
113 93 317 1
41 115 555 1
115 41 555 1
46 79 801 1
79 46 801 1
63 102 1192 1
102 63 1192 1
4 30 322 1
30 4 322 1
8 13 868 1
13 8 868 1
50 106 751 1
106 50 751 1
55 82 916 1
82 55 916 1
76 109 320 1
109 76 320 1
10 17 1029 1
17 10 1029 1
29 42 967 1
42 29 967 1
95 110 248 1
110 95 248 1
8 44 1378 1
44 8 1378 1
23 34 949 1
34 23 949 1
37 76 441 1
76 37 441 1
39 86 698 1
86 39 698 1
74 94 426 1
94 74 426 1
1 96 958 1
96 1 958 1
5 27 165 1
27 5 165 1
11 63 488 1
63 11 488 1
22 108 1017 1
108 22 1017 1
31 108 842 1
108 31 842 1
73 115 669 1
115 73 669 1
86 94 606 1
94 86 606 1
16 40 399 1
40 16 399 1
46 50 303 1
50 46 303 1
98 107 585 1
107 98 585 1
1 54 1073 1
54 1 1073 1
26 43 1155 1
43 26 1155 1
32 80 590 1
80 32 590 1
54 107 612 1
107 54 612 1
56 115 941 1
115 56 941 1
62 99 1000 1
99 62 1000 1
64 82 943 1
82 64 943 1
64 91 1046 1
91 64 1046 1
73 98 854 1
98 73 854 1
81 83 446 1
83 81 446 1
81 102 1052 1
102 81 1052 1
15 25 386 1
25 15 386 1
41 112 775 1
112 41 775 1
46 111 189 1
111 46 189 1
57 78 938 1
78 57 938 1
74 83 697 1
83 74 697 1
90 93 690 1
93 90 690 1
100 101 656 1
101 100 656 1
40 46 685 1
46 40 685 1
64 65 897 1
65 64 897 1
11 72 773 1
72 11 773 1
74 111 713 1
111 74 713 1
80 94 538 1
94 80 538 1
83 108 716 1
108 83 716 1
87 95 598 1
95 87 598 1
99 100 610 1
100 99 610 1
17 51 751 1
51 17 751 1
22 27 524 1
27 22 524 1
40 94 393 1
94 40 393 1
62 75 893 1
75 62 893 1
91 100 719 1
100 91 719 1
9 29 484 1
29 9 484 1
20 97 635 1
97 20 635 1
39 106 557 1
106 39 557 1
81 86 1091 1
86 81 1091 1
6 13 864 1
13 6 864 1
22 87 870 1
87 22 870 1
82 101 1107 1
101 82 1107 1
2 25 585 1
25 2 585 1
3 91 1236 1
91 3 1236 1
5 24 252 1
24 5 252 1
40 42 830 1
42 40 830 1
41 82 687 1
82 41 687 1
47 99 231 1
99 47 231 1
73 90 1009 1
90 73 1009 1
93 102 600 1
102 93 600 1
18 62 706 1
62 18 706 1
56 58 427 1
58 56 427 1
18 113 1181 1
113 18 1181 1
20 47 858 1
47 20 858 1
21 48 1109 1
48 21 1109 1
22 65 1204 1
65 22 1204 1
29 71 259 1
71 29 259 1
37 112 610 1
112 37 610 1
75 111 718 1
111 75 718 1
92 102 211 1
102 92 211 1
4 72 467 1
72 4 467 1
6 61 1132 1
61 6 1132 1
28 91 1086 1
91 28 1086 1
29 100 1082 1
100 29 1082 1
37 54 645 1
54 37 645 1
58 88 918 1
88 58 918 1
60 93 1168 1
93 60 1168 1
76 101 848 1
101 76 848 1
21 22 558 1
22 21 558 1
91 115 428 1
115 91 428 1
5 33 790 1
33 5 790 1
21 40 380 1
40 21 380 1
69 96 887 1
96 69 887 1
79 96 717 1
96 79 717 1
86 115 706 1
115 86 706 1
95 96 288 1
96 95 288 1
5 100 1233 1
100 5 1233 1
10 76 495 1
76 10 495 1
29 111 842 1
111 29 842 1
30 38 642 1
38 30 642 1
32 81 728 1
81 32 728 1
58 89 1156 1
89 58 1156 1
74 98 633 1
98 74 633 1
90 103 653 1
103 90 653 1
13 28 892 1
28 13 892 1
17 82 1011 1
82 17 1011 1
20 82 329 1
82 20 329 1
77 91 668 1
91 77 668 1
102 111 440 1
111 102 440 1
17 46 930 1
46 17 930 1
51 90 888 1
90 51 888 1
62 109 711 1
109 62 711 1
63 68 745 1
68 63 745 1
68 73 821 1
73 68 821 1
70 77 376 1
77 70 376 1
72 83 754 1
83 72 754 1
0 32 356 1
32 0 356 1
27 54 856 1
54 27 856 1
40 48 953 1
48 40 953 1
61 105 1028 1
105 61 1028 1
82 94 609 1
94 82 609 1
5 45 1343 1
45 5 1343 1
56 74 591 1
74 56 591 1
87 114 818 1
114 87 818 1
3 31 315 1
31 3 315 1
3 114 1184 1
114 3 1184 1
25 96 984 1
96 25 984 1
26 87 560 1
87 26 560 1
31 42 1171 1
42 31 1171 1
33 76 380 1
76 33 380 1
45 86 1232 1
86 45 1232 1
79 85 260 1
85 79 260 1
97 110 221 1
110 97 221 1
0 83 1120 1
83 0 1120 1
7 113 1243 1
113 7 1243 1
19 76 599 1
76 19 599 1
49 98 742 1
98 49 742 1
53 112 421 1
112 53 421 1
66 107 978 1
107 66 978 1
1 52 1206 1
52 1 1206 1
11 61 675 1
61 11 675 1
12 75 743 1
75 12 743 1
38 48 841 1
48 38 841 1
70 112 906 1
112 70 906 1
90 99 615 1
99 90 615 1
10 82 401 1
82 10 401 1
50 90 473 1
90 50 473 1
57 84 1116 1
84 57 1116 1
57 87 938 1
87 57 938 1
62 85 1177 1
85 62 1177 1
63 69 603 1
69 63 603 1
4 42 1278 1
42 4 1278 1
4 76 685 1
76 4 685 1
46 54 354 1
54 46 354 1
72 99 831 1
99 72 831 1
39 41 161 1
41 39 161 1
56 99 1051 1
99 56 1051 1
58 61 717 1
61 58 717 1
76 79 567 1
79 76 567 1
85 94 684 1
94 85 684 1
90 101 719 1
101 90 719 1
105 106 359 1
106 105 359 1
1 73 531 1
73 1 531 1
2 3 405 1
3 2 405 1
4 24 144 1
24 4 144 1
5 30 380 1
30 5 380 1
14 22 562 1
22 14 562 1
46 53 547 1
53 46 547 1
46 99 446 1
99 46 446 1
70 95 587 1
95 70 587 1
85 114 680 1
114 85 680 1
3 5 603 1
5 3 603 1
17 48 1051 1
48 17 1051 1
18 66 623 1
66 18 623 1
37 78 740 1
78 37 740 1
40 78 376 1
78 40 376 1
56 73 886 1
73 56 886 1
77 112 648 1
112 77 648 1
4 70 430 1
70 4 430 1
6 34 815 1
34 6 815 1
6 113 1243 1
113 6 1243 1
7 8 828 1
8 7 828 1
16 99 951 1
99 16 951 1
30 71 303 1
71 30 303 1
54 79 860 1
79 54 860 1
73 102 944 1
102 73 944 1
3 18 417 1
18 3 417 1
19 87 1016 1
87 19 1016 1
23 97 1057 1
97 23 1057 1
25 59 1318 1
59 25 1318 1
40 108 451 1
108 40 451 1
43 110 298 1
110 43 298 1
54 104 337 1
104 54 337 1
73 100 1005 1
100 73 1005 1
9 28 835 1
28 9 835 1
24 71 494 1
71 24 494 1
29 46 914 1
46 29 914 1
39 43 659 1
43 39 659 1
39 70 540 1
70 39 540 1
11 75 388 1
75 11 388 1
12 61 1246 1
61 12 1246 1
73 101 851 1
101 73 851 1
85 96 743 1
96 85 743 1
32 60 487 1
60 32 487 1
36 112 594 1
112 36 594 1
37 86 777 1
86 37 777 1
39 46 678 1
46 39 678 1
63 85 364 1
85 63 364 1
65 106 1085 1
106 65 1085 1
17 63 324 1
63 17 324 1
52 112 417 1
112 52 417 1
81 85 175 1
85 81 175 1
81 96 799 1
96 81 799 1
106 107 486 1
107 106 486 1
0 29 925 1
29 0 925 1
6 76 615 1
76 6 615 1
21 23 542 1
23 21 542 1
23 27 506 1
27 23 506 1
5 67 1194 1
67 5 1194 1
26 39 604 1
39 26 604 1
30 65 1102 1
65 30 1102 1
45 55 662 1
55 45 662 1
51 104 868 1
104 51 868 1
58 68 392 1
68 58 392 1
65 71 835 1
71 65 835 1
3 93 1309 1
93 3 1309 1
4 13 743 1
13 4 743 1
19 101 1295 1
101 19 1295 1
34 47 428 1
47 34 428 1
35 95 421 1
95 35 421 1
46 96 270 1
96 46 270 1
62 92 837 1
92 62 837 1
65 114 861 1
114 65 861 1
67 69 345 1
69 67 345 1
0 58 565 1
58 0 565 1
8 28 459 1
28 8 459 1
18 74 626 1
74 18 626 1
19 41 815 1
41 19 815 1
21 42 978 1
42 21 978 1
58 104 1061 1
104 58 1061 1
102 115 318 1
115 102 318 1
1 90 1264 1
90 1 1264 1
2 8 554 1
8 2 554 1
22 70 443 1
70 22 443 1
27 37 597 1
37 27 597 1
39 71 417 1
71 39 417 1
44 86 1168 1
86 44 1168 1
98 109 329 1
109 98 329 1
101 113 350 1
113 101 350 1
109 111 273 1
111 109 273 1
6 28 413 1
28 6 413 1
6 72 449 1
72 6 449 1
17 75 351 1
75 17 351 1
23 26 522 1
26 23 522 1
27 81 799 1
81 27 799 1
53 106 847 1
106 53 847 1
68 96 891 1
96 68 891 1
69 110 773 1
110 69 773 1
87 101 801 1
101 87 801 1
6 67 991 1
67 6 991 1
20 42 954 1
42 20 954 1
29 51 876 1
51 29 876 1
45 108 643 1
108 45 643 1
62 102 862 1
102 62 862 1
65 110 634 1
110 65 634 1
68 72 754 1
72 68 754 1
92 107 674 1
107 92 674 1
1 94 913 1
94 1 913 1
12 36 597 1
36 12 597 1
26 35 893 1
35 26 893 1
26 88 791 1
88 26 791 1
29 55 507 1
55 29 507 1
32 36 555 1
36 32 555 1
55 79 394 1
79 55 394 1
88 113 635 1
113 88 635 1
95 98 433 1
98 95 433 1
0 99 1111 1
99 0 1111 1
2 65 1144 1
65 2 1144 1
3 109 922 1
109 3 922 1
18 88 1010 1
88 18 1010 1
25 103 1172 1
103 25 1172 1
32 78 484 1
78 32 484 1
61 104 1114 1
104 61 1114 1
62 66 562 1
66 62 562 1
63 98 1024 1
98 63 1024 1
94 115 181 1
115 94 181 1
20 40 225 1
40 20 225 1
32 102 997 1
102 32 997 1
77 110 393 1
110 77 393 1
86 88 460 1
88 86 460 1
92 104 310 1
104 92 310 1
95 111 347 1
111 95 347 1
99 103 258 1
103 99 258 1
10 73 783 1
73 10 783 1
16 32 504 1
32 16 504 1
19 107 1100 1
107 19 1100 1
19 114 1115 1
114 19 1115 1
51 89 661 1
89 51 661 1
53 74 995 1
74 53 995 1
68 87 1214 1
87 68 1214 1
84 89 1110 1
89 84 1110 1
3 94 975 1
94 3 975 1
17 98 995 1
98 17 995 1
26 53 1271 1
53 26 1271 1
35 64 566 1
64 35 566 1
58 107 1147 1
107 58 1147 1
10 62 483 1
62 10 483 1
22 95 990 1
95 22 990 1
23 70 494 1
70 23 494 1
60 69 564 1
69 60 564 1
60 113 938 1
113 60 938 1
63 90 1184 1
90 63 1184 1
65 97 657 1
97 65 657 1
73 77 274 1
77 73 274 1
76 99 626 1
99 76 626 1
107 108 333 1
108 107 333 1
18 58 669 1
58 18 669 1
21 46 873 1
46 21 873 1
23 114 1244 1
114 23 1244 1
37 102 749 1
102 37 749 1
43 111 293 1
111 43 293 1
76 82 520 1
82 76 520 1
107 115 298 1
115 107 298 1
1 39 746 1
39 1 746 1
8 45 1422 1
45 8 1422 1
18 93 1308 1
93 18 1308 1
19 62 792 1
62 19 792 1
24 70 465 1
70 24 465 1
29 33 510 1
33 29 510 1
38 40 158 1
40 38 158 1
41 55 403 1
55 41 403 1
52 107 835 1
107 52 835 1
98 112 277 1
112 98 277 1
1 99 923 1
99 1 923 1
9 16 1038 1
16 9 1038 1
33 78 590 1
78 33 590 1
75 80 775 1
80 75 775 1
77 115 503 1
115 77 503 1
92 109 522 1
109 92 522 1
11 50 1265 1
50 11 1265 1
13 91 1074 1
91 13 1074 1
21 29 329 1
29 21 329 1
29 43 829 1
43 29 829 1
33 75 426 1
75 33 426 1
43 96 503 1
96 43 503 1
50 87 1314 1
87 50 1314 1
52 73 1055 1
73 52 1055 1
63 92 1202 1
92 63 1202 1
19 113 1158 1
113 19 1158 1
27 95 702 1
95 27 702 1
7 60 1133 1
60 7 1133 1
9 20 557 1
20 9 557 1
13 100 1359 1
100 13 1359 1
20 55 690 1
55 20 690 1
30 43 1104 1
43 30 1104 1
40 76 327 1
76 40 327 1
78 98 547 1
98 78 547 1
18 107 1141 1
107 18 1141 1
25 47 1189 1
47 25 1189 1
39 79 371 1
79 39 371 1
63 112 915 1
112 63 915 1
71 93 964 1
93 71 964 1
75 115 597 1
115 75 597 1
80 86 567 1
86 80 567 1
7 11 254 1
11 7 254 1
22 54 1063 1
54 22 1063 1
25 82 617 1
82 25 617 1
41 98 784 1
98 41 784 1
58 102 1067 1
102 58 1067 1
68 83 1108 1
83 68 1108 1
72 111 772 1
111 72 772 1
79 98 871 1
98 79 871 1
20 43 937 1
43 20 937 1
50 55 863 1
55 50 863 1
66 99 784 1
99 66 784 1
75 79 318 1
79 75 318 1
78 85 1017 1
85 78 1017 1
87 106 830 1
106 87 830 1
0 88 782 1
88 0 782 1
4 29 708 1
29 4 708 1
10 78 335 1
78 10 335 1
56 98 821 1
98 56 821 1
65 93 802 1
93 65 802 1
82 110 802 1
110 82 802 1
110 111 172 1
111 110 172 1
6 10 299 1
10 6 299 1
34 87 945 1
87 34 945 1
38 45 872 1
45 38 872 1
47 67 492 1
67 47 492 1
51 87 1076 1
87 51 1076 1
68 110 813 1
110 68 813 1
101 114 359 1
114 101 359 1
0 101 1354 1
101 0 1354 1
12 91 1349 1
91 12 1349 1
22 45 1298 1
45 22 1298 1
