116 2668
29 72 629 1
72 29 629 1
42 43 239 1
43 42 239 1
2 6 165 1
6 2 165 1
36 40 213 1
40 36 213 1
44 45 194 1
45 44 194 1
5 27 165 1
27 5 165 1
73 76 450 1
76 73 450 1
34 35 126 1
35 34 126 1
26 27 135 1
27 26 135 1
80 81 1113 1
81 80 1113 1
72 74 76 1
74 72 76 1
74 76 203 1
76 74 203 1
5 26 263 1
26 5 263 1
4 8 148 1
8 4 148 1
43 47 146 1
47 43 146 1
36 37 542 1
37 36 542 1
17 29 223 1
29 17 223 1
20 21 185 1
21 20 185 1
17 72 781 1
72 17 781 1
40 115 529 1
115 40 529 1
19 69 323 1
69 19 323 1
42 47 281 1
47 42 281 1
65 87 1028 1
87 65 1028 1
3 23 271 1
23 3 271 1
44 47 404 1
47 44 404 1
99 111 265 1
111 99 265 1
36 115 416 1
115 36 416 1
47 110 210 1
110 47 210 1
29 74 571 1
74 29 571 1
35 67 262 1
67 35 262 1
73 74 458 1
74 73 458 1
44 110 439 1
110 44 439 1
22 86 800 1
86 22 800 1
41 108 476 1
108 41 476 1
43 44 290 1
44 43 290 1
4 26 161 1
26 4 161 1
11 85 574 1
85 11 574 1
45 110 453 1
110 45 453 1
99 112 272 1
112 99 272 1
37 75 239 1
75 37 239 1
10 12 181 1
12 10 181 1
16 76 379 1
76 16 379 1
72 76 257 1
76 72 257 1
78 79 878 1
79 78 878 1
40 41 506 1
41 40 506 1
37 41 217 1
41 37 217 1
37 40 562 1
40 37 562 1
64 86 1029 1
86 64 1029 1
107 115 298 1
115 107 298 1
111 115 269 1
115 111 269 1
24 25 135 1
25 24 135 1
55 98 606 1
98 55 606 1
35 71 557 1
71 35 557 1
16 74 335 1
74 16 335 1
72 73 517 1
73 72 517 1
90 100 182 1
100 90 182 1
41 115 555 1
115 41 555 1
17 74 721 1
74 17 721 1
45 47 345 1
47 45 345 1
43 45 199 1
45 43 199 1
4 5 350 1
5 4 350 1
36 111 534 1
111 36 534 1
112 113 116 1
113 112 116 1
99 107 302 1
107 99 302 1
86 88 460 1
88 86 460 1
23 87 803 1
87 23 803 1
36 41 570 1
41 36 570 1
74 75 389 1
75 74 389 1
86 87 805 1
87 86 805 1
54 55 651 1
55 54 651 1
3 87 809 1
87 3 809 1
6 7 710 1
7 6 710 1
16 73 769 1
73 16 769 1
76 77 238 1
77 76 238 1
9 67 1237 1
67 9 1237 1
107 111 490 1
111 107 490 1
0 53 1230 1
53 0 1230 1
16 81 1063 1
81 16 1063 1
23 86 866 1
86 23 866 1
1 68 549 1
68 1 549 1
48 51 548 1
51 48 548 1
72 81 860 1
81 72 860 1
24 35 1010 1
35 24 1010 1
28 72 116 1
72 28 116 1
16 72 287 1
72 16 287 1
21 27 209 1
27 21 209 1
44 49 304 1
49 44 304 1
40 107 641 1
107 40 641 1
74 79 666 1
79 74 666 1
16 17 998 1
17 16 998 1
58 60 266 1
60 58 266 1
73 77 274 1
77 73 274 1
84 85 1130 1
85 84 1130 1
30 31 127 1
31 30 127 1
10 28 213 1
28 10 213 1
22 23 140 1
23 22 140 1
24 34 1021 1
34 24 1021 1
28 29 741 1
29 28 741 1
29 76 555 1
76 29 555 1
42 44 208 1
44 42 208 1
19 68 313 1
68 19 313 1
37 55 221 1
55 37 221 1
37 115 443 1
115 37 443 1
20 26 232 1
26 20 232 1
29 73 113 1
73 29 113 1
17 76 648 1
76 17 648 1
34 71 603 1
71 34 603 1
74 81 792 1
81 74 792 1
57 68 520 1
68 57 520 1
55 96 492 1
96 55 492 1
67 87 1092 1
87 67 1092 1
75 76 374 1
76 75 374 1
0 63 1010 1
63 0 1010 1
40 111 707 1
111 40 707 1
73 75 84 1
75 73 84 1
104 105 204 1
105 104 204 1
17 28 894 1
28 17 894 1
33 34 394 1
34 33 394 1
33 35 375 1
35 33 375 1
36 99 637 1
99 36 637 1
92 93 608 1
93 92 608 1
34 110 327 1
110 34 327 1
36 107 612 1
107 36 612 1
79 81 136 1
81 79 136 1
17 99 704 1
99 17 704 1
29 81 342 1
81 29 342 1
3 86 986 1
86 3 986 1
41 55 403 1
55 41 403 1
56 57 840 1
57 56 840 1
17 73 298 1
73 17 298 1
21 26 271 1
26 21 271 1
23 64 1238 1
64 23 1238 1
23 25 373 1
25 23 373 1
95 97 97 1
97 95 97 1
98 99 479 1
99 98 479 1
108 111 286 1
111 108 286 1
65 86 1324 1
86 65 1324 1
6 90 1185 1
90 6 1185 1
21 71 214 1
71 21 214 1
22 88 1044 1
88 22 1044 1
75 77 210 1
77 75 210 1
108 115 135 1
115 108 135 1
12 14 278 1
14 12 278 1
72 75 453 1
75 72 453 1
78 81 1002 1
81 78 1002 1
2 100 1297 1
100 2 1297 1
9 35 1031 1
35 9 1031 1
6 89 1224 1
89 6 1224 1
6 100 1229 1
100 6 1229 1
6 22 333 1
22 6 333 1
7 65 934 1
65 7 934 1
8 61 1371 1
61 8 1371 1
91 93 118 1
93 91 118 1
37 95 241 1
95 37 241 1
37 79 267 1
79 37 267 1
76 79 567 1
79 76 567 1
28 74 188 1
74 28 188 1
34 67 275 1
67 34 275 1
29 75 189 1
75 29 189 1
29 79 257 1
79 29 257 1
6 8 485 1
8 6 485 1
17 79 135 1
79 17 135 1
32 80 590 1
80 32 590 1
16 29 882 1
29 16 882 1
64 65 897 1
65 64 897 1
14 15 772 1
15 14 772 1
72 79 733 1
79 72 733 1
77 109 318 1
109 77 318 1
74 99 759 1
99 74 759 1
2 8 554 1
8 2 554 1
4 27 279 1
27 4 279 1
37 74 520 1
74 37 520 1
17 81 182 1
81 17 182 1
46 96 270 1
96 46 270 1
73 81 406 1
81 73 406 1
3 7 185 1
7 3 185 1
4 20 334 1
20 4 334 1
14 22 562 1
22 14 562 1
36 81 848 1
81 36 848 1
41 75 187 1
75 41 187 1
16 28 220 1
28 16 220 1
41 111 726 1
111 41 726 1
43 46 341 1
46 43 341 1
90 102 246 1
102 90 246 1
64 87 1344 1
87 64 1344 1
99 113 264 1
113 99 264 1
2 7 566 1
7 2 566 1
16 80 152 1
80 16 152 1
36 74 242 1
74 36 242 1
38 39 465 1
39 38 465 1
8 87 860 1
87 8 860 1
25 67 1191 1
67 25 1191 1
39 110 466 1
110 39 466 1
99 115 285 1
115 99 285 1
61 65 175 1
65 61 175 1
25 31 272 1
31 25 272 1
36 80 330 1
80 36 330 1
55 114 395 1
114 55 395 1
1 19 351 1
19 1 351 1
40 74 182 1
74 40 182 1
40 99 752 1
99 40 752 1
55 75 460 1
75 55 460 1
73 79 296 1
79 73 296 1
23 67 1077 1
67 23 1077 1
43 110 298 1
110 43 298 1
97 108 170 1
108 97 170 1
10 11 986 1
11 10 986 1
40 80 433 1
80 40 433 1
37 108 355 1
108 37 355 1
64 88 675 1
88 64 675 1
24 45 1393 1
45 24 1393 1
60 61 893 1
61 60 893 1
62 63 1134 1
63 62 1134 1
8 60 1121 1
60 8 1121 1
23 65 1169 1
65 23 1169 1
35 110 305 1
110 35 305 1
76 81 691 1
81 76 691 1
4 60 1138 1
60 4 1138 1
42 45 300 1
45 42 300 1
79 99 574 1
99 79 574 1
25 35 978 1
35 25 978 1
16 99 951 1
99 16 951 1
16 79 934 1
79 16 934 1
36 108 330 1
108 36 330 1
50 88 679 1
88 50 679 1
22 64 1169 1
64 22 1169 1
28 36 321 1
36 28 321 1
37 76 441 1
76 37 441 1
42 46 173 1
46 42 173 1
93 105 305 1
105 93 305 1
111 112 111 1
112 111 111 1
8 26 300 1
26 8 300 1
25 34 1006 1
34 25 1006 1
37 111 552 1
111 37 552 1
20 71 311 1
71 20 311 1
74 78 322 1
78 74 322 1
113 114 95 1
114 113 95 1
33 45 716 1
45 33 716 1
55 115 361 1
115 55 361 1
36 95 408 1
95 36 408 1
1 115 1005 1
115 1 1005 1
46 47 309 1
47 46 309 1
56 101 1297 1
101 56 1297 1
23 69 907 1
69 23 907 1
15 83 194 1
83 15 194 1
86 89 1016 1
89 86 1016 1
2 14 572 1
14 2 572 1
10 84 516 1
84 10 516 1
16 63 1092 1
63 16 1092 1
40 108 451 1
108 40 451 1
0 72 516 1
72 0 516 1
2 4 569 1
4 2 569 1
16 32 504 1
32 16 504 1
20 27 271 1
27 20 271 1
3 22 347 1
22 3 347 1
4 6 536 1
6 4 536 1
25 27 193 1
27 25 193 1
45 49 111 1
49 45 111 1
28 32 528 1
32 28 528 1
65 67 361 1
67 65 361 1
2 90 1252 1
90 2 1252 1
14 82 179 1
82 14 179 1
25 65 1263 1
65 25 1263 1
28 76 345 1
76 28 345 1
40 81 874 1
81 40 874 1
8 15 741 1
15 8 741 1
36 75 517 1
75 36 517 1
37 96 506 1
96 37 506 1
3 65 942 1
65 3 942 1
75 96 592 1
96 75 592 1
41 95 382 1
95 41 382 1
24 110 1066 1
110 24 1066 1
35 45 385 1
45 35 385 1
6 14 476 1
14 6 476 1
7 86 1021 1
86 7 1021 1
98 111 265 1
111 98 265 1
46 55 584 1
55 46 584 1
98 114 276 1
114 98 276 1
33 71 374 1
71 33 374 1
36 79 738 1
79 36 738 1
32 81 728 1
81 32 728 1
37 73 278 1
73 37 278 1
58 93 1138 1
93 58 1138 1
74 77 362 1
77 74 362 1
55 99 216 1
99 55 216 1
93 103 173 1
103 93 173 1
28 40 248 1
40 28 248 1
30 82 534 1
82 30 534 1
5 23 453 1
23 5 453 1
9 25 252 1
25 9 252 1
21 25 360 1
25 21 360 1
21 35 666 1
35 21 666 1
63 72 944 1
72 63 944 1
72 77 430 1
77 72 430 1
91 92 669 1
92 91 669 1
95 108 123 1
108 95 123 1
107 112 482 1
112 107 482 1
2 89 1170 1
89 2 1170 1
63 101 920 1
101 63 920 1
24 67 1223 1
67 24 1223 1
37 81 336 1
81 37 336 1
91 101 197 1
101 91 197 1
14 86 272 1
86 14 272 1
38 54 263 1
54 38 263 1
93 101 103 1
101 93 103 1
8 14 205 1
14 8 205 1
52 66 667 1
66 52 667 1
46 98 212 1
98 46 212 1
53 101 452 1
101 53 452 1
62 83 1241 1
83 62 1241 1
88 89 1035 1
89 88 1035 1
0 29 925 1
29 0 925 1
7 8 828 1
8 7 828 1
36 55 626 1
55 36 626 1
37 99 410 1
99 37 410 1
58 101 1214 1
101 58 1214 1
41 96 611 1
96 41 611 1
42 114 483 1
114 42 483 1
58 103 1188 1
103 58 1188 1
59 61 271 1
61 59 271 1
111 113 191 1
113 111 191 1
17 75 351 1
75 17 351 1
97 109 174 1
109 97 174 1
44 46 353 1
46 44 353 1
17 37 368 1
37 17 368 1
28 80 329 1
80 28 329 1
47 96 412 1
96 47 412 1
51 52 786 1
52 51 786 1
72 80 384 1
80 72 384 1
33 110 636 1
110 33 636 1
37 54 645 1
54 37 645 1
2 60 843 1
60 2 843 1
55 111 434 1
111 55 434 1
56 63 1014 1
63 56 1014 1
12 28 275 1
28 12 275 1
0 101 1354 1
101 0 1354 1
7 89 868 1
89 7 868 1
75 108 484 1
108 75 484 1
78 80 116 1
80 78 116 1
96 98 184 1
98 96 184 1
23 88 1119 1
88 23 1119 1
29 63 531 1
63 29 531 1
100 102 87 1
102 100 87 1
82 86 143 1
86 82 143 1
7 87 691 1
87 7 691 1
90 106 378 1
106 90 378 1
1 18 493 1
18 1 493 1
5 8 493 1
8 5 493 1
7 106 1176 1
106 7 1176 1
74 80 415 1
80 74 415 1
81 99 581 1
99 81 581 1
109 110 135 1
110 109 135 1
8 20 420 1
20 8 420 1
80 107 937 1
107 80 937 1
82 83 881 1
83 82 881 1
74 111 713 1
111 74 713 1
3 106 1162 1
106 3 1162 1
21 67 905 1
67 21 905 1
41 98 784 1
98 41 784 1
64 67 549 1
67 64 549 1
9 26 419 1
26 9 419 1
38 77 447 1
77 38 447 1
103 104 369 1
104 103 369 1
2 22 228 1
22 2 228 1
6 86 719 1
86 6 719 1
75 98 773 1
98 75 773 1
28 73 629 1
73 28 629 1
99 114 265 1
114 99 265 1
31 33 517 1
33 31 517 1
42 110 303 1
110 42 303 1
72 78 300 1
78 72 300 1
75 79 318 1
79 75 318 1
9 21 431 1
21 9 431 1
10 85 1188 1
85 10 1188 1
34 45 409 1
45 34 409 1
10 115 915 1
115 10 915 1
22 89 1126 1
89 22 1126 1
16 101 1154 1
101 16 1154 1
20 60 911 1
60 20 911 1
28 81 975 1
81 28 975 1
33 47 731 1
47 33 731 1
37 72 595 1
72 37 595 1
40 55 690 1
55 40 690 1
73 78 740 1
78 73 740 1
8 65 1425 1
65 8 1425 1
9 24 385 1
24 9 385 1
29 37 304 1
37 29 304 1
96 110 214 1
110 96 214 1
3 69 687 1
69 3 687 1
8 23 562 1
23 8 562 1
16 36 349 1
36 16 349 1
4 87 715 1
87 4 715 1
23 27 506 1
27 23 506 1
9 23 475 1
23 9 475 1
33 44 737 1
44 33 737 1
5 21 332 1
21 5 332 1
7 13 237 1
13 7 237 1
76 78 312 1
78 76 312 1
4 61 1291 1
61 4 1291 1
10 108 812 1
108 10 812 1
57 63 249 1
63 57 249 1
7 61 813 1
61 7 813 1
25 71 434 1
71 25 434 1
7 22 454 1
22 7 454 1
22 69 897 1
69 22 897 1
24 71 494 1
71 24 494 1
82 84 544 1
84 82 544 1
7 59 970 1
59 7 970 1
51 53 271 1
53 51 271 1
12 13 959 1
13 12 959 1
43 96 503 1
96 43 503 1
3 64 1134 1
64 3 1134 1
21 24 413 1
24 21 413 1
41 42 897 1
42 41 897 1
7 23 337 1
23 7 337 1
14 88 613 1
88 14 613 1
31 65 1062 1
65 31 1062 1
40 75 477 1
75 40 477 1
5 87 460 1
87 5 460 1
20 61 1022 1
61 20 1022 1
29 96 758 1
96 29 758 1
77 78 550 1
78 77 550 1
8 86 437 1
86 8 437 1
0 74 551 1
74 0 551 1
69 106 1139 1
106 69 1139 1
26 59 1291 1
59 26 1291 1
29 77 357 1
77 29 357 1
36 76 232 1
76 36 232 1
98 113 276 1
113 98 276 1
24 44 1385 1
44 24 1385 1
61 87 1019 1
87 61 1019 1
17 63 324 1
63 17 324 1
16 78 122 1
78 16 122 1
19 83 893 1
83 19 893 1
34 64 445 1
64 34 445 1
36 73 600 1
73 36 600 1
72 96 519 1
96 72 519 1
78 94 474 1
94 78 474 1
17 98 995 1
98 17 995 1
25 87 575 1
87 25 575 1
72 99 831 1
99 72 831 1
23 106 1155 1
106 23 1155 1
40 95 491 1
95 40 491 1
44 109 562 1
109 44 562 1
37 77 246 1
77 37 246 1
29 41 234 1
41 29 234 1
17 36 828 1
36 17 828 1
63 81 293 1
81 63 293 1
98 107 585 1
107 98 585 1
29 32 631 1
32 29 631 1
55 108 332 1
108 55 332 1
91 102 669 1
102 91 669 1
0 16 380 1
16 0 380 1
9 33 834 1
33 9 834 1
37 98 666 1
98 37 666 1
97 114 263 1
114 97 263 1
8 67 1258 1
67 8 1258 1
67 71 764 1
71 67 764 1
28 37 709 1
37 28 709 1
40 79 762 1
79 40 762 1
58 66 198 1
66 58 198 1
29 80 961 1
80 29 961 1
22 50 1336 1
50 22 1336 1
40 72 200 1
72 40 200 1
55 95 221 1
95 55 221 1
56 91 1205 1
91 56 1205 1
42 98 381 1
98 42 381 1
114 115 96 1
115 114 96 1
10 82 401 1
82 10 401 1
25 33 765 1
33 25 765 1
29 40 655 1
40 29 655 1
37 107 342 1
107 37 342 1
63 76 747 1
76 63 747 1
41 43 793 1
43 41 793 1
71 110 676 1
110 71 676 1
80 99 917 1
99 80 917 1
95 111 347 1
111 95 347 1
5 20 424 1
20 5 424 1
11 115 948 1
115 11 948 1
28 99 923 1
99 28 923 1
28 115 724 1
115 28 724 1
0 62 386 1
62 0 386 1
28 75 567 1
75 28 567 1
49 110 518 1
110 49 518 1
5 25 129 1
25 5 129 1
9 34 1087 1
34 9 1087 1
73 99 684 1
99 73 684 1
88 90 414 1
90 88 414 1
20 35 677 1
35 20 677 1
21 61 941 1
61 21 941 1
39 96 494 1
96 39 494 1
75 99 632 1
99 75 632 1
8 27 425 1
27 8 425 1
16 40 399 1
40 16 399 1
10 41 849 1
41 10 849 1
30 33 526 1
33 30 526 1
89 90 968 1
90 89 968 1
0 73 829 1
73 0 829 1
9 71 488 1
71 9 488 1
27 87 439 1
87 27 439 1
29 99 709 1
99 29 709 1
31 82 641 1
82 31 641 1
32 72 471 1
72 32 471 1
72 98 675 1
98 72 675 1
112 114 196 1
114 112 196 1
25 45 1358 1
45 25 1358 1
77 79 329 1
79 77 329 1
22 82 706 1
82 22 706 1
22 87 870 1
87 22 870 1
33 67 474 1
67 33 474 1
66 94 692 1
94 66 692 1
90 91 735 1
91 90 735 1
107 113 400 1
113 107 400 1
18 68 315 1
68 18 315 1
20 24 393 1
24 20 393 1
25 110 1042 1
110 25 1042 1
66 76 556 1
76 66 556 1
82 88 444 1
88 82 444 1
5 9 157 1
9 5 157 1
13 89 713 1
89 13 713 1
41 74 484 1
74 41 484 1
55 74 679 1
74 55 679 1
74 98 633 1
98 74 633 1
17 111 850 1
111 17 850 1
48 49 410 1
49 48 410 1
96 109 176 1
109 96 176 1
93 100 653 1
100 93 653 1
10 36 501 1
36 10 501 1
42 55 629 1
55 42 629 1
4 59 1372 1
59 4 1372 1
5 65 1232 1
65 5 1232 1
51 73 868 1
73 51 868 1
0 76 525 1
76 0 525 1
3 89 961 1
89 3 961 1
4 100 1129 1
100 4 1129 1
9 20 557 1
20 9 557 1
34 39 610 1
39 34 610 1
94 112 366 1
112 94 366 1
31 86 707 1
86 31 707 1
52 59 956 1
59 52 956 1
56 58 427 1
58 56 427 1
74 96 467 1
96 74 467 1
80 115 707 1
115 80 707 1
8 22 480 1
22 8 480 1
75 115 597 1
115 75 597 1
91 100 719 1
100 91 719 1
92 105 456 1
105 92 456 1
95 115 205 1
115 95 205 1
39 47 551 1
47 39 551 1
43 114 502 1
114 43 502 1
47 49 380 1
49 47 380 1
92 100 157 1
100 92 157 1
54 114 381 1
114 54 381 1
81 107 591 1
107 81 591 1
24 33 797 1
33 24 797 1
26 105 921 1
105 26 921 1
36 84 341 1
84 36 341 1
8 9 638 1
9 8 638 1
9 87 450 1
87 9 450 1
32 74 456 1
74 32 456 1
75 111 718 1
111 75 718 1
22 90 1341 1
90 22 1341 1
29 55 507 1
55 29 507 1
4 9 500 1
9 4 500 1
9 15 219 1
15 9 219 1
11 95 744 1
95 11 744 1
16 66 708 1
66 16 708 1
28 84 456 1
84 28 456 1
58 59 496 1
59 58 496 1
60 93 1168 1
93 60 1168 1
75 81 434 1
81 75 434 1
18 89 1085 1
89 18 1085 1
28 41 661 1
41 28 661 1
40 76 327 1
76 40 327 1
58 61 717 1
61 58 717 1
77 96 456 1
96 77 456 1
98 112 277 1
112 98 277 1
25 64 1312 1
64 25 1312 1
78 99 844 1
99 78 844 1
79 111 717 1
111 79 717 1
12 82 376 1
82 12 376 1
27 65 1171 1
65 27 1171 1
29 36 705 1
36 29 705 1
42 96 429 1
96 42 429 1
76 99 626 1
99 76 626 1
92 103 574 1
103 92 574 1
40 73 549 1
73 40 549 1
36 72 276 1
72 36 276 1
46 114 362 1
114 46 362 1
2 93 1417 1
93 2 1417 1
3 6 559 1
6 3 559 1
57 59 382 1
59 57 382 1
68 83 1108 1
83 68 1108 1
33 43 715 1
43 33 715 1
72 109 524 1
109 72 524 1
4 7 733 1
7 4 733 1
4 58 1292 1
58 4 1292 1
34 44 373 1
44 34 373 1
37 78 740 1
78 37 740 1
54 75 692 1
75 54 692 1
0 17 982 1
17 0 982 1
6 87 1046 1
87 6 1046 1
19 22 594 1
22 19 594 1
24 27 252 1
27 24 252 1
50 89 1065 1
89 50 1065 1
0 51 1107 1
51 0 1107 1
79 94 650 1
94 79 650 1
81 95 542 1
95 81 542 1
18 90 1192 1
90 18 1192 1
28 108 624 1
108 28 624 1
63 74 885 1
74 63 885 1
17 41 414 1
41 17 414 1
41 107 419 1
107 41 419 1
41 114 639 1
114 41 639 1
52 53 746 1
53 52 746 1
35 64 566 1
64 35 566 1
4 23 506 1
23 4 506 1
40 98 586 1
98 40 586 1
89 106 787 1
106 89 787 1
10 40 460 1
40 10 460 1
17 55 513 1
55 17 513 1
67 86 1148 1
86 67 1148 1
26 104 905 1
104 26 905 1
29 98 934 1
98 29 934 1
35 44 409 1
44 35 409 1
43 98 522 1
98 43 522 1
56 81 1090 1
81 56 1090 1
64 84 478 1
84 64 478 1
73 109 538 1
109 73 538 1
76 109 320 1
109 76 320 1
93 104 478 1
104 93 478 1
1 107 981 1
107 1 981 1
8 59 1427 1
59 8 1427 1
39 77 312 1
77 39 312 1
3 19 382 1
19 3 382 1
6 18 473 1
18 6 473 1
18 102 1258 1
102 18 1258 1
14 89 1093 1
89 14 1093 1
46 49 541 1
49 46 541 1
17 80 1070 1
80 17 1070 1
24 47 1229 1
47 24 1229 1
41 72 550 1
72 41 550 1
54 95 438 1
95 54 438 1
54 98 204 1
98 54 204 1
15 82 832 1
82 15 832 1
29 78 851 1
78 29 851 1
38 109 342 1
109 38 342 1
41 99 593 1
99 41 593 1
55 72 755 1
72 55 755 1
63 73 569 1
73 63 569 1
2 58 959 1
58 2 959 1
3 67 879 1
67 3 879 1
23 26 522 1
26 23 522 1
32 40 629 1
40 32 629 1
63 80 1146 1
80 63 1146 1
8 100 1159 1
100 8 1159 1
11 36 890 1
36 11 890 1
21 34 706 1
34 21 706 1
41 97 446 1
97 41 446 1
79 112 791 1
112 79 791 1
90 93 690 1
93 90 690 1
54 99 587 1
99 54 587 1
55 97 173 1
97 55 173 1
73 80 850 1
80 73 850 1
3 50 1273 1
50 3 1273 1
53 73 880 1
73 53 880 1
87 106 830 1
106 87 830 1
2 18 379 1
18 2 379 1
3 8 773 1
8 3 773 1
9 27 309 1
27 9 309 1
16 37 809 1
37 16 809 1
24 43 1300 1
43 24 1300 1
54 74 471 1
74 54 471 1
20 67 918 1
67 20 918 1
54 73 776 1
73 54 776 1
60 105 1068 1
105 60 1068 1
74 108 474 1
108 74 474 1
74 115 586 1
115 74 586 1
1 41 715 1
41 1 715 1
9 65 1235 1
65 9 1235 1
11 41 473 1
41 11 473 1
36 112 594 1
112 36 594 1
0 66 594 1
66 0 594 1
3 5 603 1
5 3 603 1
15 69 1077 1
69 15 1077 1
27 59 1253 1
59 27 1253 1
5 59 1317 1
59 5 1317 1
25 39 702 1
39 25 702 1
96 108 167 1
108 96 167 1
111 114 232 1
114 111 232 1
29 46 914 1
46 29 914 1
37 80 842 1
80 37 842 1
50 102 692 1
102 50 692 1
59 87 1210 1
87 59 1210 1
37 97 271 1
97 37 271 1
39 71 417 1
71 39 417 1
60 91 1127 1
91 60 1127 1
60 103 1182 1
103 60 1182 1
66 81 845 1
81 66 845 1
98 115 287 1
115 98 287 1
101 103 106 1
103 101 106 1
10 13 1004 1
13 10 1004 1
10 37 891 1
37 10 891 1
16 115 757 1
115 16 757 1
17 40 824 1
40 17 824 1
17 101 871 1
101 17 871 1
9 45 1389 1
45 9 1389 1
11 37 515 1
37 11 515 1
52 58 705 1
58 52 705 1
11 54 1068 1
54 11 1068 1
16 111 812 1
111 16 812 1
40 84 485 1
84 40 485 1
64 82 943 1
82 64 943 1
112 115 269 1
115 112 269 1
17 32 646 1
32 17 646 1
81 115 734 1
115 81 734 1
2 59 1058 1
59 2 1058 1
6 106 1024 1
106 6 1024 1
11 84 1188 1
84 11 1188 1
16 56 380 1
56 16 380 1
21 59 1061 1
59 21 1061 1
45 71 933 1
71 45 933 1
79 80 991 1
80 79 991 1
26 60 1118 1
60 26 1118 1
32 79 600 1
79 32 600 1
100 106 280 1
106 100 280 1
0 80 485 1
80 0 485 1
4 103 1174 1
103 4 1174 1
51 54 884 1
54 51 884 1
3 88 1145 1
88 3 1145 1
15 19 867 1
19 15 867 1
18 19 147 1
19 18 147 1
74 95 497 1
95 74 497 1
40 114 619 1
114 40 619 1
1 57 172 1
57 1 172 1
4 48 1379 1
48 4 1379 1
17 95 598 1
95 17 598 1
27 67 1105 1
67 27 1105 1
14 100 965 1
100 14 965 1
36 78 263 1
78 36 263 1
50 100 650 1
100 50 650 1
74 107 691 1
107 74 691 1
4 67 1210 1
67 4 1210 1
20 33 587 1
33 20 587 1
20 58 1037 1
58 20 1037 1
21 33 567 1
33 21 567 1
89 100 936 1
100 89 936 1
28 111 842 1
111 28 842 1
59 65 304 1
65 59 304 1
62 80 268 1
80 62 268 1
66 74 744 1
74 66 744 1
79 95 480 1
95 79 480 1
15 61 998 1
61 15 998 1
53 72 1064 1
72 53 1064 1
79 107 579 1
107 79 579 1
6 59 1126 1
59 6 1126 1
32 62 548 1
62 32 548 1
66 79 758 1
79 66 758 1
75 78 667 1
78 75 667 1
82 85 1121 1
85 82 1121 1
70 71 263 1
71 70 263 1
78 107 864 1
107 78 864 1
1 112 1078 1
112 1 1078 1
6 48 1184 1
48 6 1184 1
6 88 860 1
88 6 860 1
21 65 973 1
65 21 973 1
38 46 544 1
46 38 544 1
41 73 204 1
73 41 204 1
73 101 851 1
101 73 851 1
6 23 465 1
23 6 465 1
6 93 1425 1
93 6 1425 1
11 40 844 1
40 11 844 1
11 74 727 1
74 11 727 1
32 36 555 1
36 32 555 1
45 67 282 1
67 45 282 1
54 79 860 1
79 54 860 1
54 96 167 1
96 54 167 1
56 92 1017 1
92 56 1017 1
64 85 1107 1
85 64 1107 1
3 25 566 1
25 3 566 1
11 28 875 1
28 11 875 1
15 22 650 1
22 15 650 1
21 87 397 1
87 21 397 1
67 110 507 1
110 67 507 1
68 69 164 1
69 68 164 1
95 96 288 1
96 95 288 1
1 40 950 1
40 1 950 1
6 60 799 1
60 6 799 1
9 61 1165 1
61 9 1165 1
18 52 1125 1
52 18 1125 1
53 63 685 1
63 53 685 1
54 97 484 1
97 54 484 1
66 78 635 1
78 66 635 1
18 113 1181 1
113 18 1181 1
23 50 1386 1
50 23 1386 1
28 63 1049 1
63 28 1049 1
35 87 863 1
87 35 863 1
46 72 723 1
72 46 723 1
59 68 484 1
68 59 484 1
42 108 485 1
108 42 485 1
55 79 394 1
79 55 394 1
36 98 402 1
98 36 402 1
1 111 979 1
111 1 979 1
3 9 596 1
9 3 596 1
0 81 1076 1
81 0 1076 1
4 21 414 1
21 4 414 1
5 105 1032 1
105 5 1032 1
11 79 342 1
79 11 342 1
25 26 225 1
26 25 225 1
26 67 1128 1
67 26 1128 1
26 87 560 1
87 26 560 1
59 67 245 1
67 59 245 1
60 101 1230 1
101 60 1230 1
24 39 767 1
39 24 767 1
44 96 580 1
96 44 580 1
36 54 228 1
54 36 228 1
41 81 452 1
81 41 452 1
43 55 485 1
55 43 485 1
51 89 661 1
89 51 661 1
71 77 297 1
77 71 297 1
0 52 934 1
52 0 934 1
2 86 809 1
86 2 809 1
13 14 902 1
14 13 902 1
16 107 951 1
107 16 951 1
28 62 527 1
62 28 527 1
38 114 469 1
114 38 469 1
52 68 984 1
68 52 984 1
79 96 717 1
96 79 717 1
10 111 999 1
111 10 999 1
28 30 436 1
30 28 436 1
28 79 847 1
79 28 847 1
46 110 220 1
110 46 220 1
47 114 366 1
114 47 366 1
107 114 333 1
114 107 333 1
7 18 581 1
18 7 581 1
30 34 790 1
34 30 790 1
35 39 531 1
39 35 531 1
37 114 513 1
114 37 513 1
40 112 757 1
112 40 757 1
10 55 1049 1
55 10 1049 1
11 75 388 1
75 11 388 1
17 114 865 1
114 17 865 1
48 109 620 1
109 48 620 1
54 111 422 1
111 54 422 1
56 66 485 1
66 56 485 1
59 66 363 1
66 59 363 1
2 102 1269 1
102 2 1269 1
14 64 1035 1
64 14 1035 1
19 59 618 1
59 19 618 1
25 86 638 1
86 25 638 1
27 105 897 1
105 27 897 1
41 47 698 1
47 41 698 1
58 91 1077 1
91 58 1077 1
76 80 424 1
80 76 424 1
15 26 469 1
26 15 469 1
17 96 834 1
96 17 834 1
34 109 367 1
109 34 367 1
49 109 629 1
109 49 629 1
57 101 1081 1
101 57 1081 1
3 59 922 1
59 3 922 1
11 97 774 1
97 11 774 1
23 35 930 1
35 23 930 1
25 88 998 1
88 25 998 1
55 113 437 1
113 55 437 1
56 93 1249 1
93 56 1249 1
90 92 135 1
92 90 135 1
0 18 364 1
18 0 364 1
32 78 484 1
78 32 484 1
50 69 818 1
69 50 818 1
51 75 837 1
75 51 837 1
55 107 232 1
107 55 232 1
1 36 918 1
36 1 918 1
10 75 732 1
75 10 732 1
15 23 561 1
23 15 561 1
38 55 598 1
55 38 598 1
2 12 394 1
12 2 394 1
7 15 461 1
15 7 461 1
17 115 802 1
115 17 802 1
29 53 887 1
53 29 887 1
33 83 733 1
83 33 733 1
76 101 848 1
101 76 848 1
10 97 936 1
97 10 936 1
31 64 1128 1
64 31 1128 1
54 76 415 1
76 54 415 1
61 67 382 1
67 61 382 1
67 69 345 1
69 67 345 1
55 112 466 1
112 55 466 1
98 108 315 1
108 98 315 1
9 64 1448 1
64 9 1448 1
12 115 996 1
115 12 996 1
50 85 1013 1
85 50 1013 1
17 113 917 1
113 17 917 1
42 109 434 1
109 42 434 1
75 95 407 1
95 75 407 1
80 95 719 1
95 80 719 1
81 111 760 1
111 81 760 1
11 55 701 1
55 11 701 1
23 59 1157 1
59 23 1157 1
11 73 310 1
73 11 310 1
40 78 376 1
78 40 376 1
47 109 317 1
109 47 317 1
0 28 492 1
28 0 492 1
34 87 945 1
87 34 945 1
55 81 401 1
81 55 401 1
86 106 508 1
106 86 508 1
95 113 351 1
113 95 351 1
10 95 859 1
95 10 859 1
22 65 1204 1
65 22 1204 1
55 73 498 1
73 55 498 1
77 81 453 1
81 77 453 1
7 14 868 1
14 7 868 1
8 64 1208 1
64 8 1208 1
43 109 418 1
109 43 418 1
53 70 1067 1
70 53 1067 1
75 109 462 1
109 75 462 1
7 88 1209 1
88 7 1209 1
23 31 199 1
31 23 199 1
26 61 1191 1
61 26 1191 1
96 97 322 1
97 96 322 1
4 65 1344 1
65 4 1344 1
30 64 1064 1
64 30 1064 1
11 13 168 1
13 11 168 1
31 61 975 1
61 31 975 1
91 103 258 1
103 91 258 1
113 115 188 1
115 113 188 1
14 50 1150 1
50 14 1150 1
14 102 929 1
102 14 929 1
22 100 1358 1
100 22 1358 1
38 96 284 1
96 38 284 1
39 44 864 1
44 39 864 1
56 70 605 1
70 56 605 1
7 90 1390 1
90 7 1390 1
29 115 730 1
115 29 730 1
36 114 494 1
114 36 494 1
5 67 1194 1
67 5 1194 1
42 49 396 1
49 42 396 1
7 100 1408 1
100 7 1408 1
28 55 861 1
55 28 861 1
29 109 610 1
109 29 610 1
32 99 839 1
99 32 839 1
74 109 457 1
109 74 457 1
17 112 924 1
112 17 924 1
20 34 683 1
34 20 683 1
107 108 333 1
108 107 333 1
4 15 597 1
15 4 597 1
18 112 1158 1
112 18 1158 1
32 63 656 1
63 32 656 1
43 49 240 1
49 43 240 1
45 109 572 1
109 45 572 1
11 108 839 1
108 11 839 1
16 75 702 1
75 16 702 1
38 110 451 1
110 38 451 1
53 76 824 1
76 53 824 1
63 66 706 1
66 63 706 1
31 87 639 1
87 31 639 1
84 108 592 1
108 84 592 1
5 7 538 1
7 5 538 1
44 98 563 1
98 44 563 1
69 83 1050 1
83 69 1050 1
92 104 310 1
104 92 310 1
100 103 576 1
103 100 576 1
103 105 173 1
105 103 173 1
108 114 218 1
114 108 218 1
24 26 201 1
26 24 201 1
24 49 1432 1
49 24 1432 1
43 108 477 1
108 43 477 1
45 46 448 1
46 45 448 1
70 91 1000 1
91 70 1000 1
79 115 682 1
115 79 682 1
80 111 747 1
111 80 747 1
99 108 310 1
108 99 310 1
28 42 898 1
42 28 898 1
61 86 1324 1
86 61 1324 1
2 13 744 1
13 2 744 1
5 104 1063 1
104 5 1063 1
11 111 1023 1
111 11 1023 1
38 78 371 1
78 38 371 1
4 105 1055 1
105 4 1055 1
20 49 1095 1
49 20 1095 1
3 15 589 1
15 3 589 1
41 46 810 1
46 41 810 1
66 73 837 1
73 66 837 1
6 13 864 1
13 6 864 1
38 44 815 1
44 38 815 1
39 46 678 1
46 39 678 1
87 88 1035 1
88 87 1035 1
1 113 1104 1
113 1 1104 1
54 78 385 1
78 54 385 1
69 87 1163 1
87 69 1163 1
72 101 1016 1
101 72 1016 1
84 95 699 1
95 84 699 1
2 48 1199 1
48 2 1199 1
3 39 792 1
39 3 792 1
28 107 859 1
107 28 859 1
30 86 614 1
86 30 614 1
2 103 1363 1
103 2 1363 1
86 90 814 1
90 86 814 1
11 76 704 1
76 11 704 1
41 79 379 1
79 41 379 1
0 1 800 1
1 0 800 1
2 91 1366 1
91 2 1366 1
6 15 884 1
15 6 884 1
6 52 1192 1
52 6 1192 1
54 77 571 1
77 54 571 1
12 16 384 1
16 12 384 1
31 88 956 1
88 31 956 1
69 86 1203 1
86 69 1203 1
85 95 486 1
95 85 486 1
10 42 1010 1
42 10 1010 1
20 25 402 1
25 20 402 1
20 87 562 1
87 20 562 1
10 54 681 1
54 10 681 1
27 71 367 1
71 27 367 1
52 57 1117 1
57 52 1117 1
3 27 634 1
27 3 634 1
8 21 536 1
21 8 536 1
41 76 493 1
76 41 493 1
54 115 339 1
115 54 339 1
5 6 733 1
6 5 733 1
46 75 767 1
75 46 767 1
50 64 302 1
64 50 302 1
10 74 381 1
74 10 381 1
46 109 326 1
109 46 326 1
96 114 265 1
114 96 265 1
6 102 1207 1
102 6 1207 1
14 60 967 1
60 14 967 1
34 47 428 1
47 34 428 1
95 99 272 1
99 95 272 1
13 61 843 1
61 13 843 1
36 113 562 1
113 36 562 1
44 71 961 1
71 44 961 1
72 115 649 1
115 72 649 1
75 107 539 1
107 75 539 1
79 113 788 1
113 79 788 1
1 52 1206 1
52 1 1206 1
5 24 252 1
24 5 252 1
8 25 389 1
25 8 389 1
13 18 772 1
18 13 772 1
17 78 955 1
78 17 955 1
33 82 804 1
82 33 804 1
40 96 436 1
96 40 436 1
56 80 431 1
80 56 431 1
0 12 517 1
12 0 517 1
0 75 786 1
75 0 786 1
38 49 943 1
49 38 943 1
48 89 1015 1
89 48 1015 1
95 114 280 1
114 95 280 1
101 102 595 1
102 101 595 1
26 71 422 1
71 26 422 1
32 66 416 1
66 32 416 1
51 55 568 1
55 51 568 1
60 104 980 1
104 60 980 1
95 109 146 1
109 95 146 1
3 4 707 1
4 3 707 1
4 93 1288 1
93 4 1288 1
32 76 341 1
76 32 341 1
34 65 549 1
65 34 549 1
36 96 257 1
96 36 257 1
15 59 1185 1
59 15 1185 1
47 55 367 1
55 47 367 1
51 77 677 1
77 51 677 1
53 75 842 1
75 53 842 1
0 56 174 1
56 0 174 1
1 83 729 1
83 1 729 1
17 54 969 1
54 17 969 1
32 104 940 1
104 32 940 1
9 59 1335 1
59 9 1335 1
19 52 1141 1
52 19 1141 1
39 87 370 1
87 39 370 1
52 93 761 1
93 52 761 1
19 23 597 1
23 19 597 1
56 99 1051 1
99 56 1051 1
57 104 1139 1
104 57 1139 1
7 64 1244 1
64 7 1244 1
11 29 239 1
29 11 239 1
76 108 370 1
108 76 370 1
97 111 292 1
111 97 292 1
16 62 313 1
62 16 313 1
31 43 1106 1
43 31 1106 1
47 108 359 1
108 47 359 1
73 115 669 1
115 73 669 1
108 109 87 1
109 108 87 1
18 51 1036 1
51 18 1036 1
23 100 1403 1
100 23 1403 1
36 85 845 1
85 36 845 1
46 54 354 1
54 46 354 1
48 52 415 1
52 48 415 1
0 13 1027 1
13 0 1027 1
1 10 979 1
10 1 979 1
1 99 923 1
99 1 923 1
2 61 1041 1
61 2 1041 1
15 67 1089 1
67 15 1089 1
19 82 964 1
82 19 964 1
26 103 1030 1
103 26 1030 1
33 61 545 1
61 33 545 1
55 80 931 1
80 55 931 1
2 52 1249 1
52 2 1249 1
11 12 972 1
12 11 972 1
12 62 664 1
62 12 664 1
17 53 802 1
53 17 802 1
20 105 754 1
105 20 754 1
40 94 393 1
94 40 393 1
41 54 714 1
54 41 714 1
41 80 868 1
80 41 868 1
51 76 794 1
76 51 794 1
52 101 819 1
101 52 819 1
57 91 921 1
91 57 921 1
21 83 382 1
83 21 382 1
66 80 709 1
80 66 709 1
80 112 813 1
112 80 813 1
81 112 823 1
112 81 823 1
15 60 1288 1
60 15 1288 1
27 104 911 1
104 27 911 1
48 100 791 1
100 48 791 1
49 91 630 1
91 49 630 1
50 86 1077 1
86 50 1077 1
85 89 220 1
89 85 220 1
87 89 476 1
89 87 476 1
10 17 1029 1
17 10 1029 1
19 106 1134 1
106 19 1134 1
25 69 1122 1
69 25 1122 1
7 67 937 1
67 7 937 1
14 90 988 1
90 14 988 1
17 109 666 1
109 17 666 1
30 84 877 1
84 30 877 1
39 45 814 1
45 39 814 1
49 51 172 1
51 49 172 1
79 98 871 1
98 79 871 1
15 20 521 1
20 15 521 1
17 77 417 1
77 17 417 1
18 22 537 1
22 18 537 1
32 107 906 1
107 32 906 1
48 90 628 1
90 48 628 1
52 56 797 1
56 52 797 1
65 88 1179 1
88 65 1179 1
74 114 677 1
114 74 677 1
23 89 1070 1
89 23 1070 1
26 92 1145 1
92 26 1145 1
28 78 272 1
78 28 272 1
2 15 805 1
15 2 805 1
7 69 790 1
69 7 790 1
52 112 417 1
112 52 417 1
76 111 559 1
111 76 559 1
1 102 1288 1
102 1 1288 1
8 48 1406 1
48 8 1406 1
16 58 720 1
58 16 720 1
20 70 213 1
70 20 213 1
24 30 283 1
30 24 283 1
33 87 839 1
87 33 839 1
35 65 453 1
65 35 453 1
52 89 1027 1
89 52 1027 1
38 98 432 1
98 38 432 1
46 74 677 1
74 46 677 1
56 73 886 1
73 56 886 1
63 83 697 1
83 63 697 1
65 106 1085 1
106 65 1085 1
31 47 1060 1
47 31 1060 1
45 88 963 1
88 45 963 1
77 110 393 1
110 77 393 1
104 112 332 1
112 104 332 1
4 92 1237 1
92 4 1237 1
12 17 1046 1
17 12 1046 1
12 53 1414 1
53 12 1414 1
39 67 776 1
67 39 776 1
40 63 1007 1
63 40 1007 1
14 23 650 1
23 14 650 1
17 97 605 1
97 17 605 1
19 57 426 1
57 19 426 1
22 67 1070 1
67 22 1070 1
26 65 1232 1
65 26 1232 1
33 42 788 1
42 33 788 1
40 42 830 1
42 40 830 1
46 77 585 1
77 46 585 1
56 105 1117 1
105 56 1117 1
76 95 396 1
95 76 396 1
12 84 664 1
84 12 664 1
31 110 923 1
110 31 923 1
50 90 473 1
90 50 473 1
69 90 1119 1
90 69 1119 1
1 95 815 1
95 1 815 1
6 65 1218 1
65 6 1218 1
8 24 258 1
24 8 258 1
23 24 403 1
24 23 403 1
26 58 1249 1
58 26 1249 1
38 43 745 1
43 38 745 1
59 69 338 1
69 59 338 1
78 96 453 1
96 78 453 1
3 26 678 1
26 3 678 1
11 72 773 1
72 11 773 1
20 59 1099 1
59 20 1099 1
31 34 815 1
34 31 815 1
34 77 351 1
77 34 351 1
2 87 993 1
87 2 993 1
2 106 1085 1
106 2 1085 1
6 103 1362 1
103 6 1362 1
10 14 380 1
14 10 380 1
15 21 348 1
21 15 348 1
22 59 1169 1
59 22 1169 1
56 78 391 1
78 56 391 1
70 101 1040 1
101 70 1040 1
72 95 570 1
95 72 570 1
73 111 787 1
111 73 787 1
23 34 949 1
34 23 949 1
39 109 356 1
109 39 356 1
42 115 508 1
115 42 508 1
81 96 799 1
96 81 799 1
17 108 703 1
108 17 703 1
18 53 1191 1
53 18 1191 1
25 50 1404 1
50 25 1404 1
56 72 566 1
72 56 566 1
73 98 854 1
98 73 854 1
98 102 260 1
102 98 260 1
12 108 895 1
108 12 895 1
24 31 318 1
31 24 318 1
28 98 715 1
98 28 715 1
85 115 651 1
115 85 651 1
25 44 1369 1
44 25 1369 1
78 95 636 1
95 78 636 1
78 109 527 1
109 78 527 1
104 107 401 1
107 104 401 1
21 23 542 1
23 21 542 1
51 98 763 1
98 51 763 1
35 47 370 1
47 35 370 1
37 38 515 1
38 37 515 1
54 81 951 1
81 54 951 1
58 92 982 1
92 58 982 1
9 83 411 1
83 9 411 1
29 111 842 1
111 29 842 1
6 64 941 1
64 6 941 1
22 102 1317 1
102 22 1317 1
28 95 668 1
95 28 668 1
33 65 634 1
65 33 634 1
39 49 832 1
49 39 832 1
42 97 497 1
97 42 497 1
69 82 1105 1
82 69 1105 1
85 88 1097 1
88 85 1097 1
4 106 861 1
106 4 861 1
10 76 495 1
76 10 495 1
12 111 1115 1
111 12 1115 1
16 112 888 1
112 16 888 1
54 109 337 1
109 54 337 1
56 68 408 1
68 56 408 1
66 101 1048 1
101 66 1048 1
13 86 1003 1
86 13 1003 1
15 87 271 1
87 15 271 1
40 43 865 1
43 40 865 1
55 78 841 1
78 55 841 1
72 111 772 1
111 72 772 1
88 100 425 1
100 88 425 1
91 105 371 1
105 91 371 1
10 29 893 1
29 10 893 1
10 53 1310 1
53 10 1310 1
28 96 577 1
96 28 577 1
29 51 876 1
51 29 876 1
69 100 1235 1
100 69 1235 1
97 115 218 1
115 97 218 1
1 69 441 1
69 1 441 1
6 50 1151 1
50 6 1151 1
10 72 309 1
72 10 309 1
12 102 1064 1
102 12 1064 1
28 109 610 1
109 28 610 1
54 72 501 1
72 54 501 1
9 44 1434 1
44 9 1434 1
10 99 1105 1
99 10 1105 1
67 88 939 1
88 67 939 1
13 85 695 1
85 13 695 1
25 47 1189 1
47 25 1189 1
40 54 405 1
54 40 405 1
41 77 345 1
77 41 345 1
48 92 683 1
92 48 683 1
49 92 871 1
92 49 871 1
61 70 908 1
70 61 908 1
62 72 566 1
72 62 566 1
73 95 476 1
95 73 476 1
84 115 643 1
115 84 643 1
1 37 646 1
37 1 646 1
16 54 493 1
54 16 493 1
37 113 578 1
113 37 578 1
51 101 699 1
101 51 699 1
56 112 990 1
112 56 990 1
7 9 490 1
9 7 490 1
54 89 853 1
89 54 853 1
54 108 319 1
108 54 319 1
68 107 1166 1
107 68 1166 1
1 80 1054 1
80 1 1054 1
4 104 1017 1
104 4 1017 1
5 64 1350 1
64 5 1350 1
8 90 1188 1
90 8 1188 1
14 30 414 1
30 14 414 1
23 90 1391 1
90 23 1391 1
36 94 246 1
94 36 246 1
57 83 805 1
83 57 805 1
12 18 670 1
18 12 670 1
13 65 935 1
65 13 935 1
14 69 1104 1
69 14 1104 1
18 98 1066 1
98 18 1066 1
37 84 862 1
84 37 862 1
57 92 1242 1
92 57 1242 1
4 90 1167 1
90 4 1167 1
5 60 1275 1
60 5 1275 1
6 61 1132 1
61 6 1132 1
8 89 1179 1
89 8 1179 1
11 42 1108 1
42 11 1108 1
36 63 945 1
63 36 945 1
42 75 840 1
75 42 840 1
59 60 718 1
60 59 718 1
66 77 590 1
77 66 590 1
2 101 1431 1
101 2 1431 1
22 25 402 1
25 22 402 1
27 35 871 1
35 27 871 1
30 35 784 1
35 30 784 1
73 108 560 1
108 73 560 1
76 115 499 1
115 76 499 1
0 10 381 1
10 0 381 1
6 58 957 1
58 6 957 1
38 42 697 1
42 38 697 1
54 112 454 1
112 54 454 1
58 105 1107 1
105 58 1107 1
1 11 394 1
11 1 394 1
3 85 893 1
85 3 893 1
23 82 788 1
82 23 788 1
72 107 763 1
107 72 763 1
75 114 683 1
114 75 683 1
77 97 366 1
97 77 366 1
88 102 433 1
102 88 433 1
5 61 1171 1
61 5 1171 1
23 61 1058 1
61 23 1058 1
28 53 1155 1
53 28 1155 1
53 74 995 1
74 53 995 1
5 103 1104 1
103 5 1104 1
50 55 863 1
55 50 863 1
10 73 783 1
73 10 783 1
23 39 847 1
39 23 847 1
28 43 949 1
43 28 949 1
