116 2668
44 45 194 1
45 44 194 1
30 31 127 1
31 30 127 1
11 13 168 1
13 11 168 1
7 65 934 1
65 7 934 1
26 27 135 1
27 26 135 1
26 38 554 1
38 26 554 1
24 26 201 1
26 24 201 1
24 30 283 1
30 24 283 1
24 25 135 1
25 24 135 1
32 33 149 1
33 32 149 1
28 72 116 1
72 28 116 1
25 27 193 1
27 25 193 1
22 24 386 1
24 22 386 1
73 75 84 1
75 73 84 1
24 27 252 1
27 24 252 1
29 72 629 1
72 29 629 1
34 35 126 1
35 34 126 1
4 24 144 1
24 4 144 1
70 71 263 1
71 70 263 1
29 75 189 1
75 29 189 1
58 59 496 1
59 58 496 1
42 43 239 1
43 42 239 1
91 93 118 1
93 91 118 1
29 71 259 1
71 29 259 1
20 71 311 1
71 20 311 1
51 59 486 1
59 51 486 1
5 25 129 1
25 5 129 1
21 31 344 1
31 21 344 1
26 30 321 1
30 26 321 1
91 101 197 1
101 91 197 1
93 101 103 1
101 93 103 1
24 31 318 1
31 24 318 1
65 92 1075 1
92 65 1075 1
20 26 232 1
26 20 232 1
42 46 173 1
46 42 173 1
27 38 594 1
38 27 594 1
44 49 304 1
49 44 304 1
4 8 148 1
8 4 148 1
56 57 840 1
57 56 840 1
29 73 113 1
73 29 113 1
29 70 512 1
70 29 512 1
62 63 1134 1
63 62 1134 1
73 74 458 1
74 73 458 1
97 109 174 1
109 97 174 1
99 111 265 1
111 99 265 1
27 30 343 1
30 27 343 1
51 52 786 1
52 51 786 1
71 73 163 1
73 71 163 1
25 31 272 1
31 25 272 1
25 26 225 1
26 25 225 1
61 90 1156 1
90 61 1156 1
76 77 238 1
77 76 238 1
20 30 328 1
30 20 328 1
59 61 271 1
61 59 271 1
7 92 1445 1
92 7 1445 1
16 56 380 1
56 16 380 1
20 31 387 1
31 20 387 1
21 30 349 1
30 21 349 1
15 29 295 1
29 15 295 1
36 72 276 1
72 36 276 1
46 47 309 1
47 46 309 1
0 56 174 1
56 0 174 1
48 52 415 1
52 48 415 1
74 75 389 1
75 74 389 1
21 24 413 1
24 21 413 1
4 22 457 1
22 4 457 1
31 71 265 1
71 31 265 1
8 14 205 1
14 8 205 1
20 38 349 1
38 20 349 1
5 24 252 1
24 5 252 1
22 26 505 1
26 22 505 1
23 25 373 1
25 23 373 1
28 29 741 1
29 28 741 1
43 47 146 1
47 43 146 1
36 75 517 1
75 36 517 1
22 23 140 1
23 22 140 1
25 30 292 1
30 25 292 1
72 74 76 1
74 72 76 1
90 92 135 1
92 90 135 1
52 59 956 1
59 52 956 1
70 75 355 1
75 70 355 1
30 71 303 1
71 30 303 1
14 22 562 1
22 14 562 1
41 73 204 1
73 41 204 1
45 49 111 1
49 45 111 1
51 90 888 1
90 51 888 1
52 54 402 1
54 52 402 1
22 30 218 1
30 22 218 1
9 65 1235 1
65 9 1235 1
11 15 385 1
15 11 385 1
42 45 300 1
45 42 300 1
72 75 453 1
75 72 453 1
56 99 1051 1
99 56 1051 1
60 63 1021 1
63 60 1021 1
61 65 175 1
65 61 175 1
20 27 271 1
27 20 271 1
12 14 278 1
14 12 278 1
46 55 584 1
55 46 584 1
36 76 232 1
76 36 232 1
24 38 730 1
38 24 730 1
26 31 365 1
31 26 365 1
48 49 410 1
49 48 410 1
20 73 397 1
73 20 397 1
43 45 199 1
45 43 199 1
48 59 599 1
59 48 599 1
71 75 163 1
75 71 163 1
8 22 480 1
22 8 480 1
3 7 185 1
7 3 185 1
20 21 185 1
21 20 185 1
69 103 1214 1
103 69 1214 1
98 99 479 1
99 98 479 1
72 73 517 1
73 72 517 1
29 37 304 1
37 29 304 1
32 63 656 1
63 32 656 1
11 61 675 1
61 11 675 1
37 41 217 1
41 37 217 1
75 76 374 1
76 75 374 1
36 74 242 1
74 36 242 1
56 78 391 1
78 56 391 1
76 79 567 1
79 76 567 1
27 31 339 1
31 27 339 1
52 90 240 1
90 52 240 1
84 88 224 1
88 84 224 1
4 26 161 1
26 4 161 1
74 76 203 1
76 74 203 1
15 20 521 1
20 15 521 1
100 102 87 1
102 100 87 1
21 26 271 1
26 21 271 1
104 106 195 1
106 104 195 1
37 55 221 1
55 37 221 1
5 23 453 1
23 5 453 1
43 46 341 1
46 43 341 1
28 36 321 1
36 28 321 1
29 36 705 1
36 29 705 1
98 111 265 1
111 98 265 1
42 47 281 1
47 42 281 1
60 62 241 1
62 60 241 1
51 104 868 1
104 51 868 1
90 100 182 1
100 90 182 1
17 79 135 1
79 17 135 1
23 24 403 1
24 23 403 1
57 81 488 1
81 57 488 1
25 38 749 1
38 25 749 1
38 39 465 1
39 38 465 1
21 25 360 1
25 21 360 1
22 64 1169 1
64 22 1169 1
33 63 547 1
63 33 547 1
13 15 277 1
15 13 277 1
13 61 843 1
61 13 843 1
30 38 642 1
38 30 642 1
47 49 380 1
49 47 380 1
10 16 218 1
16 10 218 1
70 73 402 1
73 70 402 1
90 104 351 1
104 90 351 1
96 109 176 1
109 96 176 1
95 109 146 1
109 95 146 1
37 71 401 1
71 37 401 1
30 37 688 1
37 30 688 1
36 37 542 1
37 36 542 1
101 103 106 1
103 101 106 1
8 24 258 1
24 8 258 1
48 51 548 1
51 48 548 1
50 53 744 1
53 50 744 1
20 29 497 1
29 20 497 1
36 73 600 1
73 36 600 1
80 101 1111 1
101 80 1111 1
35 67 262 1
67 35 262 1
37 97 271 1
97 37 271 1
17 29 223 1
29 17 223 1
16 80 152 1
80 16 152 1
2 6 165 1
6 2 165 1
23 67 1077 1
67 23 1077 1
36 40 213 1
40 36 213 1
41 74 484 1
74 41 484 1
72 76 257 1
76 72 257 1
22 84 1027 1
84 22 1027 1
75 77 210 1
77 75 210 1
94 96 89 1
96 94 89 1
2 64 992 1
64 2 992 1
73 76 450 1
76 73 450 1
59 90 1104 1
90 59 1104 1
82 84 544 1
84 82 544 1
102 103 508 1
103 102 508 1
22 88 1044 1
88 22 1044 1
20 70 213 1
70 20 213 1
28 76 345 1
76 28 345 1
4 14 255 1
14 4 255 1
15 71 394 1
71 15 394 1
101 102 595 1
102 101 595 1
5 26 263 1
26 5 263 1
2 22 228 1
22 2 228 1
22 25 402 1
25 22 402 1
5 27 165 1
27 5 165 1
29 41 234 1
41 29 234 1
37 95 241 1
95 37 241 1
20 41 386 1
41 20 386 1
31 73 397 1
73 31 397 1
93 103 173 1
103 93 173 1
96 97 322 1
97 96 322 1
4 30 322 1
30 4 322 1
38 86 366 1
86 38 366 1
7 61 813 1
61 7 813 1
17 73 298 1
73 17 298 1
22 27 524 1
27 22 524 1
29 55 507 1
55 29 507 1
41 75 187 1
75 41 187 1
6 12 248 1
12 6 248 1
12 13 959 1
13 12 959 1
22 38 846 1
38 22 846 1
59 104 1146 1
104 59 1146 1
71 72 402 1
72 71 402 1
31 70 334 1
70 31 334 1
32 62 548 1
62 32 548 1
2 8 554 1
8 2 554 1
26 71 422 1
71 26 422 1
40 74 182 1
74 40 182 1
10 12 181 1
12 10 181 1
15 30 522 1
30 15 522 1
30 70 259 1
70 30 259 1
44 48 114 1
48 44 114 1
50 51 698 1
51 50 698 1
3 6 559 1
6 3 559 1
19 101 1295 1
101 19 1295 1
51 61 458 1
61 51 458 1
72 109 524 1
109 72 524 1
15 70 606 1
70 15 606 1
31 38 708 1
38 31 708 1
42 44 208 1
44 42 208 1
7 13 237 1
13 7 237 1
27 39 536 1
39 27 536 1
4 9 500 1
9 4 500 1
15 31 431 1
31 15 431 1
43 49 240 1
49 43 240 1
5 9 157 1
9 5 157 1
30 73 455 1
73 30 455 1
61 92 1185 1
92 61 1185 1
58 61 717 1
61 58 717 1
92 100 157 1
100 92 157 1
3 5 603 1
5 3 603 1
5 21 332 1
21 5 332 1
7 9 490 1
9 7 490 1
19 103 1259 1
103 19 1259 1
21 27 209 1
27 21 209 1
100 104 240 1
104 100 240 1
80 103 1029 1
103 80 1029 1
16 78 122 1
78 16 122 1
76 96 361 1
96 76 361 1
80 81 1113 1
81 80 1113 1
18 19 147 1
19 18 147 1
55 96 492 1
96 55 492 1
114 115 96 1
115 114 96 1
26 39 604 1
39 26 604 1
2 23 340 1
23 2 340 1
20 24 393 1
24 20 393 1
27 41 398 1
41 27 398 1
8 64 1208 1
64 8 1208 1
21 38 458 1
38 21 458 1
37 109 343 1
109 37 343 1
90 106 378 1
106 90 378 1
21 73 247 1
73 21 247 1
31 37 658 1
37 31 658 1
43 44 290 1
44 43 290 1
100 106 280 1
106 100 280 1
36 41 570 1
41 36 570 1
70 72 158 1
72 70 158 1
80 100 687 1
100 80 687 1
22 31 234 1
31 22 234 1
2 86 809 1
86 2 809 1
21 71 214 1
71 21 214 1
21 41 236 1
41 21 236 1
38 71 546 1
71 38 546 1
28 75 567 1
75 28 567 1
48 54 669 1
54 48 669 1
3 23 271 1
23 3 271 1
23 86 866 1
86 23 866 1
27 86 519 1
86 27 519 1
34 67 275 1
67 34 275 1
72 96 519 1
96 72 519 1
74 79 666 1
79 74 666 1
59 100 1223 1
100 59 1223 1
69 100 1235 1
100 69 1235 1
17 72 781 1
72 17 781 1
29 74 571 1
74 29 571 1
84 86 610 1
86 84 610 1
102 104 159 1
104 102 159 1
52 61 1057 1
61 52 1057 1
61 100 1241 1
100 61 1241 1
66 102 974 1
102 66 974 1
33 62 690 1
62 33 690 1
46 49 541 1
49 46 541 1
22 34 922 1
34 22 922 1
23 88 1119 1
88 23 1119 1
28 60 684 1
60 28 684 1
48 63 912 1
63 48 912 1
62 101 1225 1
101 62 1225 1
2 4 569 1
4 2 569 1
76 109 320 1
109 76 320 1
19 63 644 1
63 19 644 1
72 79 733 1
79 72 733 1
28 73 629 1
73 28 629 1
63 100 1236 1
100 63 1236 1
7 11 254 1
11 7 254 1
4 21 414 1
21 4 414 1
16 81 1063 1
81 16 1063 1
42 49 396 1
49 42 396 1
51 53 271 1
53 51 271 1
41 109 485 1
109 41 485 1
20 25 402 1
25 20 402 1
20 37 510 1
37 20 510 1
2 14 572 1
14 2 572 1
4 5 350 1
5 4 350 1
29 31 454 1
31 29 454 1
37 72 595 1
72 37 595 1
62 91 1158 1
91 62 1158 1
17 71 423 1
71 17 423 1
17 81 182 1
81 17 182 1
23 27 506 1
27 23 506 1
63 80 1146 1
80 63 1146 1
15 26 469 1
26 15 469 1
15 41 349 1
41 15 349 1
49 55 664 1
55 49 664 1
56 81 1090 1
81 56 1090 1
58 60 266 1
60 58 266 1
34 64 445 1
64 34 445 1
23 26 522 1
26 23 522 1
10 13 1004 1
13 10 1004 1
62 80 268 1
80 62 268 1
5 7 538 1
7 5 538 1
9 15 219 1
15 9 219 1
95 97 97 1
97 95 97 1
29 30 533 1
30 29 533 1
15 37 533 1
37 15 533 1
17 37 368 1
37 17 368 1
21 70 303 1
70 21 303 1
55 72 755 1
72 55 755 1
0 99 1111 1
99 0 1111 1
45 47 345 1
47 45 345 1
5 22 506 1
22 5 506 1
9 11 523 1
11 9 523 1
20 39 459 1
39 20 459 1
25 86 638 1
86 25 638 1
91 102 669 1
102 91 669 1
59 63 501 1
63 59 501 1
59 106 1174 1
106 59 1174 1
15 21 348 1
21 15 348 1
47 55 367 1
55 47 367 1
1 57 172 1
57 1 172 1
19 33 238 1
33 19 238 1
30 41 563 1
41 30 563 1
52 104 543 1
104 52 543 1
98 107 585 1
107 98 585 1
41 71 317 1
71 41 317 1
62 102 862 1
102 62 862 1
21 29 329 1
29 21 329 1
51 106 972 1
106 51 972 1
93 110 487 1
110 93 487 1
99 112 272 1
112 99 272 1
37 73 278 1
73 37 278 1
93 102 600 1
102 93 600 1
23 84 1113 1
84 23 1113 1
37 70 546 1
70 37 546 1
86 88 460 1
88 86 460 1
23 31 199 1
31 23 199 1
24 71 494 1
71 24 494 1
67 110 507 1
110 67 507 1
102 106 217 1
106 102 217 1
103 105 173 1
105 103 173 1
20 108 552 1
108 20 552 1
91 103 258 1
103 91 258 1
37 96 506 1
96 37 506 1
23 38 892 1
38 23 892 1
55 70 737 1
70 55 737 1
19 62 792 1
62 19 792 1
63 102 1192 1
102 63 1192 1
88 89 1035 1
89 88 1035 1
99 114 265 1
114 99 265 1
3 25 566 1
25 3 566 1
38 70 414 1
70 38 414 1
43 55 485 1
55 43 485 1
67 84 830 1
84 67 830 1
100 103 576 1
103 100 576 1
11 12 972 1
12 11 972 1
36 70 395 1
70 36 395 1
63 98 1024 1
98 63 1024 1
3 15 589 1
15 3 589 1
36 97 483 1
97 36 483 1
51 58 753 1
58 51 753 1
12 15 906 1
15 12 906 1
29 109 610 1
109 29 610 1
43 96 503 1
96 43 503 1
101 110 541 1
110 101 541 1
30 95 791 1
95 30 791 1
37 75 239 1
75 37 239 1
55 71 621 1
71 55 621 1
69 90 1119 1
90 69 1119 1
69 105 1158 1
105 69 1158 1
71 74 359 1
74 71 359 1
73 109 538 1
109 73 538 1
14 26 321 1
26 14 321 1
36 96 257 1
96 36 257 1
38 41 513 1
41 38 513 1
66 93 972 1
93 66 972 1
95 96 288 1
96 95 288 1
100 101 656 1
101 100 656 1
4 25 258 1
25 4 258 1
15 75 396 1
75 15 396 1
28 79 847 1
79 28 847 1
37 74 520 1
74 37 520 1
55 109 337 1
109 55 337 1
56 80 431 1
80 56 431 1
17 20 694 1
20 17 694 1
26 86 416 1
86 26 416 1
44 47 404 1
47 44 404 1
66 91 902 1
91 66 902 1
74 109 457 1
109 74 457 1
101 111 463 1
111 101 463 1
52 63 1131 1
63 52 1131 1
27 37 597 1
37 27 597 1
79 95 480 1
95 79 480 1
25 67 1191 1
67 25 1191 1
28 70 247 1
70 28 247 1
58 66 198 1
66 58 198 1
74 95 497 1
95 74 497 1
66 103 1026 1
103 66 1026 1
14 24 389 1
24 14 389 1
29 76 555 1
76 29 555 1
48 90 628 1
90 48 628 1
56 111 893 1
111 56 893 1
1 11 394 1
11 1 394 1
36 95 408 1
95 36 408 1
39 41 161 1
41 39 161 1
79 96 717 1
96 79 717 1
17 28 894 1
28 17 894 1
23 34 949 1
34 23 949 1
4 6 536 1
6 4 536 1
22 86 800 1
86 22 800 1
10 11 986 1
11 10 986 1
68 89 1110 1
89 68 1110 1
3 9 596 1
9 3 596 1
48 104 822 1
104 48 822 1
67 85 682 1
85 67 682 1
104 105 204 1
105 104 204 1
71 77 297 1
77 71 297 1
8 26 300 1
26 8 300 1
17 96 834 1
96 17 834 1
16 17 998 1
17 16 998 1
74 96 467 1
96 74 467 1
15 24 514 1
24 15 514 1
16 57 981 1
57 16 981 1
52 58 705 1
58 52 705 1
56 98 821 1
98 56 821 1
65 90 1061 1
90 65 1061 1
73 79 296 1
79 73 296 1
35 45 385 1
45 35 385 1
59 66 363 1
66 59 363 1
18 62 706 1
62 18 706 1
20 75 348 1
75 20 348 1
28 74 188 1
74 28 188 1
38 73 580 1
73 38 580 1
72 95 570 1
95 72 570 1
72 97 655 1
97 72 655 1
26 41 487 1
41 26 487 1
28 96 577 1
96 28 577 1
57 98 1043 1
98 57 1043 1
75 112 790 1
112 75 790 1
3 31 315 1
31 3 315 1
41 72 550 1
72 41 550 1
49 98 742 1
98 49 742 1
12 70 392 1
70 12 392 1
19 102 1271 1
102 19 1271 1
28 99 923 1
99 28 923 1
31 41 528 1
41 31 528 1
31 75 419 1
75 31 419 1
40 73 549 1
73 40 549 1
54 98 204 1
98 54 204 1
79 109 545 1
109 79 545 1
95 108 123 1
108 95 123 1
1 56 851 1
56 1 851 1
60 76 576 1
76 60 576 1
74 108 474 1
108 74 474 1
63 101 920 1
101 63 920 1
13 65 935 1
65 13 935 1
16 99 951 1
99 16 951 1
90 102 246 1
102 90 246 1
69 91 1081 1
91 69 1081 1
71 95 547 1
95 71 547 1
11 65 770 1
65 11 770 1
64 67 549 1
67 64 549 1
71 96 683 1
96 71 683 1
71 109 576 1
109 71 576 1
36 79 738 1
79 36 738 1
73 77 274 1
77 73 274 1
23 85 1053 1
85 23 1053 1
31 95 797 1
95 31 797 1
73 95 476 1
95 73 476 1
40 75 477 1
75 40 477 1
4 31 397 1
31 4 397 1
5 38 756 1
38 5 756 1
81 99 581 1
99 81 581 1
4 15 597 1
15 4 597 1
27 84 956 1
84 27 956 1
30 36 645 1
36 30 645 1
29 97 574 1
97 29 574 1
64 88 675 1
88 64 675 1
25 34 1006 1
34 25 1006 1
33 101 1066 1
101 33 1066 1
45 96 643 1
96 45 643 1
68 69 164 1
69 68 164 1
69 92 1197 1
92 69 1197 1
94 108 97 1
108 94 97 1
19 80 851 1
80 19 851 1
3 11 395 1
11 3 395 1
23 30 259 1
30 23 259 1
97 99 180 1
99 97 180 1
4 64 1218 1
64 4 1218 1
29 95 532 1
95 29 532 1
30 75 454 1
75 30 454 1
62 113 914 1
113 62 914 1
57 99 846 1
99 57 846 1
36 71 552 1
71 36 552 1
14 64 1035 1
64 14 1035 1
4 23 506 1
23 4 506 1
19 91 1171 1
91 19 1171 1
35 84 678 1
84 35 678 1
82 93 1124 1
93 82 1124 1
26 37 668 1
37 26 668 1
69 101 1234 1
101 69 1234 1
5 31 333 1
31 5 333 1
48 106 864 1
106 48 864 1
5 8 493 1
8 5 493 1
34 84 580 1
84 34 580 1
48 58 400 1
58 48 400 1
90 101 719 1
101 90 719 1
106 107 486 1
107 106 486 1
21 37 403 1
37 21 403 1
90 91 735 1
91 90 735 1
0 108 876 1
108 0 876 1
17 75 351 1
75 17 351 1
29 96 758 1
96 29 758 1
84 85 1130 1
85 84 1130 1
2 88 959 1
88 2 959 1
19 68 313 1
68 19 313 1
70 77 376 1
77 70 376 1
75 109 462 1
109 75 462 1
54 55 651 1
55 54 651 1
73 108 560 1
108 73 560 1
103 104 369 1
104 103 369 1
1 98 1107 1
98 1 1107 1
4 27 279 1
27 4 279 1
7 90 1390 1
90 7 1390 1
24 41 633 1
41 24 633 1
37 39 117 1
39 37 117 1
71 108 604 1
108 71 604 1
6 23 465 1
23 6 465 1
17 56 1024 1
56 17 1024 1
40 72 200 1
72 40 200 1
74 77 362 1
77 74 362 1
15 27 336 1
27 15 336 1
15 73 336 1
73 15 336 1
19 98 1076 1
98 19 1076 1
26 88 791 1
88 26 791 1
77 79 329 1
79 77 329 1
5 67 1194 1
67 5 1194 1
14 38 497 1
38 14 497 1
19 32 289 1
32 19 289 1
44 96 580 1
96 44 580 1
71 76 392 1
76 71 392 1
91 100 719 1
100 91 719 1
3 24 623 1
24 3 623 1
4 38 638 1
38 4 638 1
17 95 598 1
95 17 598 1
41 97 446 1
97 41 446 1
66 68 378 1
68 66 378 1
70 76 285 1
76 70 285 1
106 113 395 1
113 106 395 1
69 89 1015 1
89 69 1015 1
69 93 1169 1
93 69 1169 1
69 104 1167 1
104 69 1167 1
3 65 942 1
65 3 942 1
9 53 1347 1
53 9 1347 1
42 55 629 1
55 42 629 1
61 104 1114 1
104 61 1114 1
94 95 213 1
95 94 213 1
14 71 582 1
71 14 582 1
25 39 702 1
39 25 702 1
26 70 383 1
70 26 383 1
0 57 825 1
57 0 825 1
29 77 357 1
77 29 357 1
14 70 380 1
70 14 380 1
44 111 448 1
111 44 448 1
5 65 1232 1
65 5 1232 1
14 82 179 1
82 14 179 1
28 71 506 1
71 28 506 1
66 67 177 1
67 66 177 1
2 5 685 1
5 2 685 1
18 32 279 1
32 18 279 1
61 63 238 1
63 61 238 1
80 102 700 1
102 80 700 1
96 99 428 1
99 96 428 1
58 90 890 1
90 58 890 1
98 102 260 1
102 98 260 1
6 7 710 1
7 6 710 1
9 13 376 1
13 9 376 1
9 24 385 1
24 9 385 1
21 22 558 1
22 21 558 1
21 75 222 1
75 21 222 1
51 69 746 1
69 51 746 1
6 64 941 1
64 6 941 1
32 44 667 1
44 32 667 1
6 22 333 1
22 6 333 1
11 59 879 1
59 11 879 1
41 108 476 1
108 41 476 1
75 95 407 1
95 75 407 1
85 88 1097 1
88 85 1097 1
21 39 356 1
39 21 356 1
72 99 831 1
99 72 831 1
74 94 426 1
94 74 426 1
99 113 264 1
113 99 264 1
2 24 548 1
24 2 548 1
46 109 326 1
109 46 326 1
55 95 221 1
95 55 221 1
6 15 884 1
15 6 884 1
24 88 947 1
88 24 947 1
31 74 479 1
74 31 479 1
91 111 390 1
111 91 390 1
80 98 568 1
98 80 568 1
0 114 1065 1
114 0 1065 1
5 30 380 1
30 5 380 1
10 14 380 1
14 10 380 1
18 60 647 1
60 18 647 1
23 35 930 1
35 23 930 1
26 84 884 1
84 26 884 1
71 94 614 1
94 71 614 1
20 22 544 1
22 20 544 1
27 71 367 1
71 27 367 1
41 70 482 1
70 41 482 1
67 88 939 1
88 67 939 1
24 73 599 1
73 24 599 1
31 36 716 1
36 31 716 1
35 44 409 1
44 35 409 1
4 12 434 1
12 4 434 1
24 37 815 1
37 24 815 1
29 79 257 1
79 29 257 1
48 61 765 1
61 48 765 1
55 97 173 1
97 55 173 1
92 106 400 1
106 92 400 1
11 29 239 1
29 11 239 1
12 28 275 1
28 12 275 1
12 60 825 1
60 12 825 1
15 38 793 1
38 15 793 1
24 64 1287 1
64 24 1287 1
27 108 748 1
108 27 748 1
41 55 403 1
55 41 403 1
97 112 339 1
112 97 339 1
13 59 1042 1
59 13 1042 1
17 74 721 1
74 17 721 1
33 80 703 1
80 33 703 1
69 102 1226 1
102 69 1226 1
95 115 205 1
115 95 205 1
16 98 666 1
98 16 666 1
26 108 761 1
108 26 761 1
36 55 626 1
55 36 626 1
36 109 326 1
109 36 326 1
39 86 698 1
86 39 698 1
62 99 1000 1
99 62 1000 1
30 74 403 1
74 30 403 1
42 109 434 1
109 42 434 1
28 81 975 1
81 28 975 1
75 79 318 1
79 75 318 1
38 84 429 1
84 38 429 1
49 54 854 1
54 49 854 1
64 84 478 1
84 64 478 1
95 114 280 1
114 95 280 1
15 55 721 1
55 15 721 1
25 85 1018 1
85 25 1018 1
57 111 890 1
111 57 890 1
89 91 402 1
91 89 402 1
96 98 184 1
98 96 184 1
27 88 863 1
88 27 863 1
30 72 390 1
72 30 390 1
56 60 232 1
60 56 232 1
1 61 385 1
61 1 385 1
30 39 678 1
39 30 678 1
38 82 362 1
82 38 362 1
53 55 448 1
55 53 448 1
79 99 574 1
99 79 574 1
2 25 585 1
25 2 585 1
6 14 476 1
14 6 476 1
14 30 414 1
30 14 414 1
37 43 584 1
43 37 584 1
45 48 304 1
48 45 304 1
4 70 430 1
70 4 430 1
13 29 290 1
29 13 290 1
30 88 865 1
88 30 865 1
89 102 866 1
102 89 866 1
0 16 380 1
16 0 380 1
24 70 465 1
70 24 465 1
33 44 737 1
44 33 737 1
38 88 311 1
88 38 311 1
43 109 418 1
109 43 418 1
54 96 167 1
96 54 167 1
87 102 995 1
102 87 995 1
3 13 410 1
13 3 410 1
10 60 650 1
60 10 650 1
38 40 158 1
40 38 158 1
44 110 439 1
110 44 439 1
45 46 448 1
46 45 448 1
70 83 652 1
83 70 652 1
24 34 1021 1
34 24 1021 1
44 98 563 1
98 44 563 1
81 103 738 1
103 81 738 1
100 107 640 1
107 100 640 1
26 73 503 1
73 26 503 1
58 63 892 1
63 58 892 1
62 66 562 1
66 62 562 1
62 100 836 1
100 62 836 1
3 85 893 1
85 3 893 1
39 83 378 1
83 39 378 1
98 101 623 1
101 98 623 1
19 69 323 1
69 19 323 1
63 90 1184 1
90 63 1184 1
66 90 828 1
90 66 828 1
77 96 456 1
96 77 456 1
29 46 914 1
46 29 914 1
15 72 724 1
72 15 724 1
17 57 439 1
57 17 439 1
91 110 456 1
110 91 456 1
0 60 405 1
60 0 405 1
33 102 1043 1
102 33 1043 1
41 76 493 1
76 41 493 1
18 86 1008 1
86 18 1008 1
54 59 1020 1
59 54 1020 1
102 107 560 1
107 102 560 1
98 100 250 1
100 98 250 1
9 92 1428 1
92 9 1428 1
20 74 213 1
74 20 213 1
46 96 270 1
96 46 270 1
0 28 492 1
28 0 492 1
85 115 651 1
115 85 651 1
8 25 389 1
25 8 389 1
14 20 320 1
20 14 320 1
16 28 220 1
28 16 220 1
20 72 238 1
72 20 238 1
23 64 1238 1
64 23 1238 1
57 62 1000 1
62 57 1000 1
80 111 747 1
111 80 747 1
82 101 1107 1
101 82 1107 1
1 10 979 1
10 1 979 1
3 4 707 1
4 3 707 1
37 77 246 1
77 37 246 1
54 107 612 1
107 54 612 1
66 87 1186 1
87 66 1186 1
94 109 127 1
109 94 127 1
10 82 401 1
82 10 401 1
31 72 482 1
72 31 482 1
51 54 884 1
54 51 884 1
51 100 973 1
100 51 973 1
77 109 318 1
109 77 318 1
99 109 321 1
109 99 321 1
4 88 829 1
88 4 829 1
16 111 812 1
111 16 812 1
36 77 422 1
77 36 422 1
47 48 490 1
48 47 490 1
57 79 431 1
79 57 431 1
62 81 1169 1
81 62 1169 1
22 35 922 1
35 22 922 1
29 108 631 1
108 29 631 1
89 107 337 1
107 89 337 1
8 30 385 1
30 8 385 1
16 101 1154 1
101 16 1154 1
32 60 487 1
60 32 487 1
60 61 893 1
61 60 893 1
78 99 844 1
99 78 844 1
108 109 87 1
109 108 87 1
22 71 471 1
71 22 471 1
28 77 540 1
77 28 540 1
37 79 267 1
79 37 267 1
60 72 692 1
72 60 692 1
62 93 1180 1
93 62 1180 1
78 108 559 1
108 78 559 1
79 81 136 1
81 79 136 1
81 111 760 1
111 81 760 1
97 98 437 1
98 97 437 1
4 71 523 1
71 4 523 1
25 35 978 1
35 25 978 1
29 40 655 1
40 29 655 1
66 101 1048 1
101 66 1048 1
12 29 886 1
29 12 886 1
18 63 774 1
63 18 774 1
28 95 668 1
95 28 668 1
37 38 515 1
38 37 515 1
37 42 712 1
42 37 712 1
59 68 484 1
68 59 484 1
76 95 396 1
95 76 396 1
97 107 263 1
107 97 263 1
97 111 292 1
111 97 292 1
107 113 400 1
113 107 400 1
17 36 828 1
36 17 828 1
21 23 542 1
23 21 542 1
33 60 632 1
60 33 632 1
67 105 903 1
105 67 903 1
4 53 1405 1
53 4 1405 1
6 30 365 1
30 6 365 1
19 54 997 1
54 19 997 1
78 80 116 1
80 78 116 1
102 111 440 1
111 102 440 1
13 58 1244 1
58 13 1244 1
79 97 479 1
97 79 479 1
111 114 232 1
114 111 232 1
5 86 673 1
86 5 673 1
17 41 414 1
41 17 414 1
28 63 1049 1
63 28 1049 1
36 38 122 1
38 36 122 1
40 41 506 1
41 40 506 1
67 86 1148 1
86 67 1148 1
3 30 397 1
30 3 397 1
54 89 853 1
89 54 853 1
56 62 252 1
62 56 252 1
66 100 968 1
100 66 968 1
80 93 1087 1
93 80 1087 1
92 104 310 1
104 92 310 1
2 93 1417 1
93 2 1417 1
67 87 1092 1
87 67 1092 1
19 111 1024 1
111 19 1024 1
49 52 718 1
52 49 718 1
66 89 963 1
89 66 963 1
26 82 411 1
82 26 411 1
61 106 1151 1
106 61 1151 1
7 85 812 1
85 7 812 1
31 109 819 1
109 31 819 1
2 26 618 1
26 2 618 1
40 76 327 1
76 40 327 1
55 75 460 1
75 55 460 1
80 90 609 1
90 80 609 1
112 113 116 1
113 112 116 1
6 31 464 1
31 6 464 1
37 46 651 1
46 37 651 1
95 99 272 1
99 95 272 1
31 39 657 1
39 31 657 1
44 46 353 1
46 44 353 1
59 102 1214 1
102 59 1214 1
65 85 476 1
85 65 476 1
75 96 592 1
96 75 592 1
80 91 1082 1
91 80 1082 1
99 101 266 1
101 99 266 1
8 9 638 1
9 8 638 1
17 109 666 1
109 17 666 1
56 115 941 1
115 56 941 1
18 66 623 1
66 18 623 1
31 34 815 1
34 31 815 1
57 80 1050 1
80 57 1050 1
76 99 626 1
99 76 626 1
91 107 371 1
107 91 371 1
24 86 569 1
86 24 569 1
33 45 716 1
45 33 716 1
9 25 252 1
25 9 252 1
28 55 861 1
55 28 861 1
73 81 406 1
81 73 406 1
14 28 286 1
28 14 286 1
16 63 1092 1
63 16 1092 1
18 33 288 1
33 18 288 1
18 102 1258 1
102 18 1258 1
19 100 1295 1
100 19 1295 1
24 84 1013 1
84 24 1013 1
30 55 903 1
55 30 903 1
69 106 1139 1
106 69 1139 1
84 89 1110 1
89 84 1110 1
91 99 166 1
99 91 166 1
22 67 1070 1
67 22 1070 1
71 97 615 1
97 71 615 1
72 81 860 1
81 72 860 1
10 28 213 1
28 10 213 1
19 66 600 1
66 19 600 1
30 109 796 1
109 30 796 1
31 108 842 1
108 31 842 1
32 80 590 1
80 32 590 1
45 111 467 1
111 45 467 1
49 51 172 1
51 49 172 1
73 94 596 1
94 73 596 1
113 114 95 1
114 113 95 1
0 20 725 1
20 0 725 1
1 13 546 1
13 1 546 1
2 67 952 1
67 2 952 1
8 21 536 1
21 8 536 1
17 76 648 1
76 17 648 1
45 109 572 1
109 45 572 1
60 91 1127 1
91 60 1127 1
66 69 349 1
69 66 349 1
11 52 1305 1
52 11 1305 1
12 75 743 1
75 12 743 1
29 112 910 1
112 29 910 1
42 96 429 1
96 42 429 1
54 68 945 1
68 54 945 1
76 94 331 1
94 76 331 1
3 83 681 1
83 3 681 1
5 88 1026 1
88 5 1026 1
17 97 605 1
97 17 605 1
17 108 703 1
108 17 703 1
27 34 903 1
34 27 903 1
43 71 852 1
71 43 852 1
45 110 453 1
110 45 453 1
60 79 1000 1
79 60 1000 1
66 106 937 1
106 66 937 1
33 111 803 1
111 33 803 1
48 100 791 1
100 48 791 1
63 91 760 1
91 63 760 1
108 114 218 1
114 108 218 1
37 76 441 1
76 37 441 1
44 109 562 1
109 44 562 1
68 90 1109 1
90 68 1109 1
10 17 1029 1
17 10 1029 1
30 85 964 1
85 30 964 1
57 78 938 1
78 57 938 1
62 90 707 1
90 62 707 1
63 106 1106 1
106 63 1106 1
72 77 430 1
77 72 430 1
5 39 639 1
39 5 639 1
8 34 1027 1
34 8 1027 1
12 72 358 1
72 12 358 1
21 40 380 1
40 21 380 1
96 111 286 1
111 96 286 1
8 23 562 1
23 8 562 1
8 40 521 1
40 8 521 1
24 74 560 1
74 24 560 1
55 74 679 1
74 55 679 1
87 89 476 1
89 87 476 1
14 84 681 1
84 14 681 1
17 99 704 1
99 17 704 1
31 85 906 1
85 31 906 1
58 100 1047 1
100 58 1047 1
66 104 942 1
104 66 942 1
82 88 444 1
88 82 444 1
5 85 946 1
85 5 946 1
17 70 666 1
70 17 666 1
22 85 1113 1
85 22 1113 1
25 71 434 1
71 25 434 1
47 109 317 1
109 47 317 1
53 85 491 1
85 53 491 1
76 112 647 1
112 76 647 1
27 73 417 1
73 27 417 1
18 58 669 1
58 18 669 1
19 52 1141 1
52 19 1141 1
19 93 1252 1
93 19 1252 1
23 105 1262 1
105 23 1262 1
36 99 637 1
99 36 637 1
45 87 1158 1
87 45 1158 1
63 76 747 1
76 63 747 1
80 92 736 1
92 80 736 1
101 106 633 1
106 101 633 1
2 84 897 1
84 2 897 1
25 88 998 1
88 25 998 1
32 48 714 1
48 32 714 1
60 99 983 1
99 60 983 1
71 79 426 1
79 71 426 1
30 108 817 1
108 30 817 1
45 55 662 1
55 45 662 1
110 111 172 1
111 110 172 1
11 51 955 1
51 11 955 1
21 72 388 1
72 21 388 1
38 108 316 1
108 38 316 1
80 99 917 1
99 80 917 1
99 115 285 1
115 99 285 1
17 77 417 1
77 17 417 1
28 40 248 1
40 28 248 1
52 68 984 1
68 52 984 1
14 88 613 1
88 14 613 1
15 25 386 1
25 15 386 1
32 76 341 1
76 32 341 1
54 104 337 1
104 54 337 1
64 65 897 1
65 64 897 1
73 96 674 1
96 73 674 1
1 19 351 1
19 1 351 1
36 112 594 1
112 36 594 1
96 107 486 1
107 96 486 1
14 15 772 1
15 14 772 1
30 34 790 1
34 30 790 1
58 68 392 1
68 58 392 1
75 94 515 1
94 75 515 1
25 73 516 1
73 25 516 1
54 63 1046 1
63 54 1046 1
24 67 1223 1
67 24 1223 1
98 106 320 1
106 98 320 1
0 74 551 1
74 0 551 1
15 83 194 1
83 15 194 1
17 94 764 1
94 17 764 1
20 36 396 1
36 20 396 1
28 111 842 1
111 28 842 1
76 97 459 1
97 76 459 1
9 26 419 1
26 9 419 1
17 55 513 1
55 17 513 1
19 57 426 1
57 19 426 1
56 108 829 1
108 56 829 1
13 112 1199 1
112 13 1199 1
16 60 498 1
60 16 498 1
21 74 343 1
74 21 343 1
22 53 1432 1
53 22 1432 1
32 102 997 1
102 32 997 1
109 111 273 1
111 109 273 1
6 24 555 1
24 6 555 1
15 17 481 1
17 15 481 1
36 107 612 1
107 36 612 1
46 70 798 1
70 46 798 1
8 86 437 1
86 8 437 1
29 38 680 1
38 29 680 1
32 101 1092 1
101 32 1092 1
62 103 1159 1
103 62 1159 1
70 74 155 1
74 70 155 1
90 103 653 1
103 90 653 1
102 110 495 1
110 102 495 1
10 29 893 1
29 10 893 1
11 90 1290 1
90 11 1290 1
56 114 997 1
114 56 997 1
24 40 584 1
40 24 584 1
32 45 684 1
45 32 684 1
38 75 499 1
75 38 499 1
63 99 719 1
99 63 719 1
0 10 381 1
10 0 381 1
12 71 631 1
71 12 631 1
17 30 703 1
30 17 703 1
24 85 1108 1
85 24 1108 1
27 67 1105 1
67 27 1105 1
62 98 668 1
98 62 668 1
75 97 469 1
97 75 469 1
2 38 808 1
38 2 808 1
4 20 334 1
20 4 334 1
25 84 1066 1
84 25 1066 1
26 29 574 1
29 26 574 1
60 112 882 1
112 60 882 1
82 91 1133 1
91 82 1133 1
0 111 985 1
111 0 985 1
6 83 986 1
83 6 986 1
10 56 466 1
56 10 466 1
32 66 416 1
66 32 416 1
38 74 265 1
74 38 265 1
58 91 1077 1
91 58 1077 1
2 82 688 1
82 2 688 1
29 83 227 1
83 29 227 1
31 55 879 1
55 31 879 1
58 106 1039 1
106 58 1039 1
19 48 943 1
48 19 943 1
20 94 527 1
94 20 527 1
22 82 706 1
82 22 706 1
56 79 965 1
79 56 965 1
64 110 621 1
110 64 621 1
66 110 549 1
110 66 549 1
75 108 484 1
108 75 484 1
94 99 399 1
99 94 399 1
3 21 582 1
21 3 582 1
41 78 770 1
78 41 770 1
48 66 357 1
66 48 357 1
49 104 900 1
104 49 900 1
52 53 746 1
53 52 746 1
18 59 713 1
59 18 713 1
72 112 844 1
112 72 844 1
113 115 188 1
115 113 188 1
0 78 431 1
78 0 431 1
19 81 772 1
81 19 772 1
28 109 610 1
109 28 610 1
46 71 860 1
71 46 860 1
72 94 485 1
94 72 485 1
90 93 690 1
93 90 690 1
9 61 1165 1
61 9 1165 1
37 45 726 1
45 37 726 1
48 68 728 1
68 48 728 1
70 95 587 1
95 70 587 1
6 13 864 1
13 6 864 1
13 75 440 1
75 13 440 1
25 64 1312 1
64 25 1312 1
39 73 305 1
73 39 305 1
45 98 655 1
98 45 655 1
77 112 648 1
112 77 648 1
93 106 650 1
106 93 650 1
99 107 302 1
107 99 302 1
106 110 467 1
110 106 467 1
2 18 379 1
18 2 379 1
20 95 541 1
95 20 541 1
60 113 938 1
113 60 938 1
89 100 936 1
100 89 936 1
11 58 1113 1
58 11 1113 1
15 108 821 1
108 15 821 1
34 114 610 1
114 34 610 1
35 105 686 1
105 35 686 1
59 60 718 1
60 59 718 1
1 17 391 1
17 1 391 1
14 53 1349 1
53 14 1349 1
15 74 683 1
74 15 683 1
27 35 871 1
35 27 871 1
30 64 1064 1
64 30 1064 1
33 56 531 1
56 33 531 1
48 101 937 1
101 48 937 1
50 90 473 1
90 50 473 1
69 82 1105 1
82 69 1105 1
77 95 322 1
95 77 322 1
19 49 882 1
49 19 882 1
34 88 672 1
88 34 672 1
35 64 566 1
64 35 566 1
41 95 382 1
95 41 382 1
49 96 720 1
96 49 720 1
6 26 607 1
26 6 607 1
19 59 618 1
59 19 618 1
25 41 554 1
41 25 554 1
52 100 420 1
100 52 420 1
67 92 922 1
92 67 922 1
80 106 591 1
106 80 591 1
23 82 788 1
82 23 788 1
51 92 878 1
92 51 878 1
67 69 345 1
69 67 345 1
67 93 875 1
93 67 875 1
82 86 143 1
86 82 143 1
82 103 1009 1
103 82 1009 1
24 39 767 1
39 24 767 1
42 87 1132 1
87 42 1132 1
44 55 743 1
55 44 743 1
47 96 412 1
96 47 412 1
63 72 944 1
72 63 944 1
8 12 346 1
12 8 346 1
19 56 574 1
56 19 574 1
36 54 228 1
54 36 228 1
91 98 616 1
98 91 616 1
54 91 742 1
91 54 742 1
69 80 866 1
80 69 866 1
96 108 167 1
108 96 167 1
7 104 1243 1
104 7 1243 1
14 86 272 1
86 14 272 1
55 73 498 1
73 55 498 1
62 111 802 1
111 62 802 1
77 81 453 1
81 77 453 1
79 108 585 1
108 79 585 1
86 115 706 1
115 86 706 1
103 111 432 1
111 103 432 1
13 51 1107 1
51 13 1107 1
31 77 552 1
77 31 552 1
39 55 254 1
55 39 254 1
48 98 566 1
98 48 566 1
20 55 690 1
55 20 690 1
26 43 1155 1
43 26 1155 1
50 85 1013 1
85 50 1013 1
51 68 868 1
68 51 868 1
57 102 1241 1
102 57 1241 1
70 109 564 1
109 70 564 1
15 39 506 1
39 15 506 1
62 76 527 1
76 62 527 1
9 41 527 1
41 9 527 1
10 78 335 1
78 10 335 1
13 70 648 1
70 13 648 1
16 32 504 1
32 16 504 1
35 114 586 1
114 35 586 1
47 110 210 1
110 47 210 1
50 115 676 1
115 50 676 1
76 81 691 1
81 76 691 1
6 21 662 1
21 6 662 1
20 86 362 1
86 20 362 1
52 60 638 1
60 52 638 1
74 97 582 1
97 74 582 1
3 22 347 1
22 3 347 1
16 33 609 1
33 16 609 1
63 111 831 1
111 63 831 1
108 115 135 1
115 108 135 1
1 16 963 1
16 1 963 1
79 94 650 1
94 79 650 1
81 93 713 1
93 81 713 1
87 107 525 1
107 87 525 1
98 113 276 1
113 98 276 1
105 111 367 1
111 105 367 1
68 103 1277 1
103 68 1277 1
76 107 636 1
107 76 636 1
87 103 754 1
103 87 754 1
8 108 951 1
108 8 951 1
36 94 246 1
94 36 246 1
41 43 793 1
43 41 793 1
54 94 226 1
94 54 226 1
65 67 361 1
67 65 361 1
98 109 329 1
109 98 329 1
13 71 401 1
71 13 401 1
93 111 397 1
111 93 397 1
0 18 364 1
18 0 364 1
4 7 733 1
7 4 733 1
16 72 287 1
72 16 287 1
17 115 802 1
115 17 802 1
20 82 329 1
82 20 329 1
24 29 657 1
29 24 657 1
27 85 894 1
85 27 894 1
30 84 877 1
84 30 877 1
43 48 391 1
48 43 391 1
68 91 1170 1
91 68 1170 1
91 112 368 1
112 91 368 1
13 90 1367 1
90 13 1367 1
46 72 723 1
72 46 723 1
48 102 819 1
102 48 819 1
52 62 619 1
62 52 619 1
81 115 734 1
115 81 734 1
17 21 542 1
21 17 542 1
79 112 791 1
112 79 791 1
87 110 837 1
110 87 837 1
3 26 678 1
26 3 678 1
22 70 443 1
70 22 443 1
27 74 478 1
74 27 478 1
31 88 956 1
88 31 956 1
55 94 428 1
94 55 428 1
59 107 1064 1
107 59 1064 1
30 77 559 1
77 30 559 1
72 108 541 1
108 72 541 1
105 114 152 1
114 105 152 1
107 111 490 1
111 107 490 1
5 20 424 1
20 5 424 1
16 62 313 1
62 16 313 1
9 27 309 1
27 9 309 1
14 21 487 1
21 14 487 1
66 92 904 1
92 66 904 1
78 81 1002 1
81 78 1002 1
81 98 940 1
98 81 940 1
26 34 907 1
34 26 907 1
31 94 836 1
94 31 836 1
37 108 355 1
108 37 355 1
39 71 417 1
71 39 417 1
98 104 286 1
104 98 286 1
0 96 812 1
96 0 812 1
9 21 431 1
21 9 431 1
14 73 703 1
73 14 703 1
17 31 618 1
31 17 618 1
17 46 930 1
46 17 930 1
30 86 614 1
86 30 614 1
49 111 530 1
111 49 530 1
64 85 1107 1
85 64 1107 1
4 13 743 1
13 4 743 1
10 72 309 1
72 10 309 1
24 108 938 1
108 24 938 1
47 51 339 1
51 47 339 1
48 107 958 1
107 48 958 1
54 72 501 1
72 54 501 1
59 62 914 1
62 59 914 1
60 74 699 1
74 60 699 1
84 93 1016 1
93 84 1016 1
3 92 1420 1
92 3 1420 1
15 36 848 1
36 15 848 1
50 92 549 1
92 50 549 1
57 103 1078 1
103 57 1078 1
61 113 968 1
113 61 968 1
87 105 742 1
105 87 742 1
1 90 1264 1
90 1 1264 1
8 27 425 1
27 8 425 1
14 75 659 1
75 14 659 1
34 95 480 1
95 34 480 1
51 66 580 1
66 51 580 1
52 98 272 1
98 52 272 1
52 101 819 1
101 52 819 1
61 80 1112 1
80 61 1112 1
0 115 997 1
115 0 997 1
2 27 659 1
27 2 659 1
19 99 1048 1
99 19 1048 1
21 36 510 1
36 21 510 1
33 93 1027 1
93 33 1027 1
45 67 282 1
67 45 282 1
52 106 576 1
106 52 576 1
63 66 706 1
66 63 706 1
5 15 278 1
15 5 278 1
8 38 679 1
38 8 679 1
44 97 631 1
97 44 631 1
47 97 280 1
97 47 280 1
77 97 366 1
97 77 366 1
98 112 277 1
112 98 277 1
0 14 728 1
14 0 728 1
5 53 1317 1
53 5 1317 1
7 23 337 1
23 7 337 1
24 95 910 1
95 24 910 1
29 39 339 1
39 29 339 1
62 106 794 1
106 62 794 1
0 17 982 1
17 0 982 1
14 29 801 1
29 14 801 1
30 96 854 1
96 30 854 1
33 66 503 1
66 33 503 1
39 42 762 1
42 39 762 1
56 63 1014 1
63 56 1014 1
1 63 334 1
63 1 334 1
8 88 819 1
88 8 819 1
28 37 709 1
37 28 709 1
29 99 709 1
99 29 709 1
30 40 513 1
40 30 513 1
32 100 1015 1
100 32 1015 1
49 63 596 1
63 49 596 1
86 108 664 1
108 86 664 1
3 27 634 1
27 3 634 1
6 25 624 1
25 6 624 1
10 61 1158 1
61 10 1158 1
11 75 388 1
75 11 388 1
16 82 421 1
82 16 421 1
28 83 861 1
83 28 861 1
40 108 451 1
108 40 451 1
92 103 574 1
103 92 574 1
24 53 1427 1
53 24 1427 1
34 45 409 1
45 34 409 1
43 97 409 1
97 43 409 1
94 115 181 1
115 94 181 1
50 105 813 1
105 50 813 1
55 76 571 1
76 55 571 1
55 98 606 1
98 55 606 1
60 77 735 1
77 60 735 1
81 83 446 1
83 81 446 1
97 108 170 1
108 97 170 1
10 58 862 1
58 10 862 1
24 75 604 1
75 24 604 1
32 56 384 1
56 32 384 1
38 55 598 1
55 38 598 1
69 87 1163 1
87 69 1163 1
81 101 734 1
101 81 734 1
12 112 1186 1
112 12 1186 1
22 95 990 1
95 22 990 1
48 60 501 1
60 48 501 1
78 114 717 1
114 78 717 1
0 1 800 1
1 0 800 1
0 72 516 1
72 0 516 1
21 108 562 1
108 21 562 1
40 94 393 1
94 40 393 1
58 62 503 1
62 58 503 1
70 81 769 1
81 70 769 1
78 111 693 1
111 78 693 1
100 111 457 1
111 100 457 1
6 8 485 1
8 6 485 1
12 61 1246 1
61 12 1246 1
49 97 622 1
97 49 622 1
56 101 1297 1
101 56 1297 1
5 64 1350 1
64 5 1350 1
24 35 1010 1
35 24 1010 1
55 79 394 1
79 55 394 1
84 115 643 1
115 84 643 1
91 106 697 1
106 91 697 1
1 78 939 1
78 1 939 1
1 80 1054 1
80 1 1054 1
5 6 733 1
6 5 733 1
15 95 730 1
95 15 730 1
41 79 379 1
79 41 379 1
50 52 243 1
52 50 243 1
54 90 282 1
90 54 282 1
8 73 750 1
73 8 750 1
