116 2668
30 31 127 1
31 30 127 1
103 105 173 1
105 103 173 1
95 108 123 1
108 95 123 1
39 55 254 1
55 39 254 1
39 95 233 1
95 39 233 1
37 39 117 1
39 37 117 1
28 72 116 1
72 28 116 1
76 77 238 1
77 76 238 1
102 104 159 1
104 102 159 1
103 104 369 1
104 103 369 1
29 72 629 1
72 29 629 1
73 74 458 1
74 73 458 1
17 79 135 1
79 17 135 1
42 43 239 1
43 42 239 1
37 77 246 1
77 37 246 1
104 105 204 1
105 104 204 1
73 75 84 1
75 73 84 1
11 13 168 1
13 11 168 1
4 26 161 1
26 4 161 1
91 93 118 1
93 91 118 1
56 57 840 1
57 56 840 1
73 76 450 1
76 73 450 1
46 111 189 1
111 46 189 1
45 49 111 1
49 45 111 1
94 108 97 1
108 94 97 1
47 110 210 1
110 47 210 1
17 81 182 1
81 17 182 1
2 6 165 1
6 2 165 1
2 22 228 1
22 2 228 1
99 103 258 1
103 99 258 1
22 23 140 1
23 22 140 1
44 45 194 1
45 44 194 1
79 81 136 1
81 79 136 1
3 7 185 1
7 3 185 1
4 27 279 1
27 4 279 1
98 111 265 1
111 98 265 1
37 55 221 1
55 37 221 1
98 99 479 1
99 98 479 1
3 23 271 1
23 3 271 1
111 112 111 1
112 111 111 1
68 69 164 1
69 68 164 1
37 95 241 1
95 37 241 1
99 111 265 1
111 99 265 1
8 14 205 1
14 8 205 1
36 37 542 1
37 36 542 1
95 96 288 1
96 95 288 1
26 27 135 1
27 26 135 1
49 51 172 1
51 49 172 1
39 77 312 1
77 39 312 1
6 7 710 1
7 6 710 1
29 73 113 1
73 29 113 1
36 40 213 1
40 36 213 1
72 74 76 1
74 72 76 1
28 29 741 1
29 28 741 1
74 76 203 1
76 74 203 1
99 105 287 1
105 99 287 1
37 40 562 1
40 37 562 1
16 17 998 1
17 16 998 1
48 50 202 1
50 48 202 1
72 73 517 1
73 72 517 1
32 33 149 1
33 32 149 1
38 96 284 1
96 38 284 1
42 45 300 1
45 42 300 1
38 39 465 1
39 38 465 1
66 67 177 1
67 66 177 1
36 38 122 1
38 36 122 1
24 25 135 1
25 24 135 1
74 75 389 1
75 74 389 1
14 82 179 1
82 14 179 1
4 14 255 1
14 4 255 1
80 81 1113 1
81 80 1113 1
39 108 341 1
108 39 341 1
78 79 878 1
79 78 878 1
25 27 193 1
27 25 193 1
35 44 409 1
44 35 409 1
16 78 122 1
78 16 122 1
96 108 167 1
108 96 167 1
38 54 263 1
54 38 263 1
72 76 257 1
76 72 257 1
37 76 441 1
76 37 441 1
101 103 106 1
103 101 106 1
85 89 220 1
89 85 220 1
75 76 374 1
76 75 374 1
37 38 515 1
38 37 515 1
38 95 382 1
95 38 382 1
39 96 494 1
96 39 494 1
38 108 316 1
108 38 316 1
94 95 213 1
95 94 213 1
55 95 221 1
95 55 221 1
88 91 958 1
91 88 958 1
99 113 264 1
113 99 264 1
19 68 313 1
68 19 313 1
78 80 116 1
80 78 116 1
17 63 324 1
63 17 324 1
36 39 517 1
39 36 517 1
2 25 585 1
25 2 585 1
17 57 439 1
57 17 439 1
42 110 303 1
110 42 303 1
2 27 659 1
27 2 659 1
94 96 89 1
96 94 89 1
46 98 212 1
98 46 212 1
93 101 103 1
101 93 103 1
90 102 246 1
102 90 246 1
37 96 506 1
96 37 506 1
70 71 263 1
71 70 263 1
36 55 626 1
55 36 626 1
55 96 492 1
96 55 492 1
58 59 496 1
59 58 496 1
6 66 934 1
66 6 934 1
36 76 232 1
76 36 232 1
58 66 198 1
66 58 198 1
54 87 939 1
87 54 939 1
34 35 126 1
35 34 126 1
57 79 431 1
79 57 431 1
98 105 417 1
105 98 417 1
90 104 351 1
104 90 351 1
112 114 196 1
114 112 196 1
2 88 959 1
88 2 959 1
39 40 508 1
40 39 508 1
114 115 96 1
115 114 96 1
36 77 422 1
77 36 422 1
57 81 488 1
81 57 488 1
13 15 277 1
15 13 277 1
1 72 829 1
72 1 829 1
2 23 340 1
23 2 340 1
5 27 165 1
27 5 165 1
22 84 1027 1
84 22 1027 1
54 96 167 1
96 54 167 1
102 103 508 1
103 102 508 1
2 66 917 1
66 2 917 1
14 20 320 1
20 14 320 1
44 49 304 1
49 44 304 1
98 103 555 1
103 98 555 1
29 76 555 1
76 29 555 1
2 26 618 1
26 2 618 1
5 25 129 1
25 5 129 1
107 108 333 1
108 107 333 1
7 23 337 1
23 7 337 1
73 77 274 1
77 73 274 1
38 40 158 1
40 38 158 1
41 74 484 1
74 41 484 1
46 112 262 1
112 46 262 1
93 103 173 1
103 93 173 1
105 113 210 1
113 105 210 1
16 80 152 1
80 16 152 1
76 79 567 1
79 76 567 1
19 28 732 1
28 19 732 1
92 93 608 1
93 92 608 1
4 8 148 1
8 4 148 1
1 28 918 1
28 1 918 1
42 46 173 1
46 42 173 1
40 55 690 1
55 40 690 1
55 77 412 1
77 55 412 1
60 61 893 1
61 60 893 1
20 27 271 1
27 20 271 1
93 100 653 1
100 93 653 1
1 17 391 1
17 1 391 1
29 74 571 1
74 29 571 1
38 55 598 1
55 38 598 1
24 66 1233 1
66 24 1233 1
37 110 431 1
110 37 431 1
46 99 446 1
99 46 446 1
91 92 669 1
92 91 669 1
95 107 258 1
107 95 258 1
13 61 843 1
61 13 843 1
31 44 1185 1
44 31 1185 1
113 114 95 1
114 113 95 1
14 27 449 1
27 14 449 1
36 54 228 1
54 36 228 1
6 23 465 1
23 6 465 1
29 63 531 1
63 29 531 1
37 79 267 1
79 37 267 1
23 27 506 1
27 23 506 1
101 105 274 1
105 101 274 1
17 72 781 1
72 17 781 1
39 54 618 1
54 39 618 1
52 54 402 1
54 52 402 1
98 112 277 1
112 98 277 1
2 24 548 1
24 2 548 1
3 27 634 1
27 3 634 1
97 99 180 1
99 97 180 1
56 81 1090 1
81 56 1090 1
90 99 615 1
99 90 615 1
77 110 393 1
110 77 393 1
28 62 527 1
62 28 527 1
95 97 97 1
97 95 97 1
17 78 955 1
78 17 955 1
54 55 651 1
55 54 651 1
67 92 922 1
92 67 922 1
75 77 210 1
77 75 210 1
104 113 229 1
113 104 229 1
1 63 334 1
63 1 334 1
30 44 1163 1
44 30 1163 1
92 100 157 1
100 92 157 1
24 67 1223 1
67 24 1223 1
30 33 526 1
33 30 526 1
99 114 265 1
114 99 265 1
8 93 1382 1
93 8 1382 1
17 29 223 1
29 17 223 1
5 9 157 1
9 5 157 1
90 103 653 1
103 90 653 1
99 104 430 1
104 99 430 1
6 67 991 1
67 6 991 1
58 60 266 1
60 58 266 1
84 88 224 1
88 84 224 1
88 89 1035 1
89 88 1035 1
109 114 278 1
114 109 278 1
2 4 569 1
4 2 569 1
12 13 959 1
13 12 959 1
55 110 380 1
110 55 380 1
42 47 281 1
47 42 281 1
1 76 689 1
76 1 689 1
4 23 506 1
23 4 506 1
43 45 199 1
45 43 199 1
102 105 355 1
105 102 355 1
66 90 828 1
90 66 828 1
57 78 938 1
78 57 938 1
61 65 175 1
65 61 175 1
40 96 436 1
96 40 436 1
105 114 152 1
114 105 152 1
31 33 517 1
33 31 517 1
1 80 1054 1
80 1 1054 1
63 80 1146 1
80 63 1146 1
13 65 935 1
65 13 935 1
3 5 603 1
5 3 603 1
63 81 293 1
81 63 293 1
39 87 370 1
87 39 370 1
29 75 189 1
75 29 189 1
20 26 232 1
26 20 232 1
37 108 355 1
108 37 355 1
39 76 461 1
76 39 461 1
72 75 453 1
75 72 453 1
77 79 329 1
79 77 329 1
0 18 364 1
18 0 364 1
41 73 204 1
73 41 204 1
97 107 263 1
107 97 263 1
36 95 408 1
95 36 408 1
39 94 407 1
94 39 407 1
101 104 464 1
104 101 464 1
1 29 521 1
29 1 521 1
28 33 585 1
33 28 585 1
76 81 691 1
81 76 691 1
6 25 624 1
25 6 624 1
99 112 272 1
112 99 272 1
103 113 295 1
113 103 295 1
6 22 333 1
22 6 333 1
62 80 268 1
80 62 268 1
78 81 1002 1
81 78 1002 1
1 81 501 1
81 1 501 1
10 12 181 1
12 10 181 1
17 76 648 1
76 17 648 1
77 95 322 1
95 77 322 1
12 60 825 1
60 12 825 1
28 30 436 1
30 28 436 1
41 75 187 1
75 41 187 1
89 100 936 1
100 89 936 1
23 84 1113 1
84 23 1113 1
40 95 491 1
95 40 491 1
2 67 952 1
67 2 952 1
10 84 516 1
84 10 516 1
16 62 313 1
62 16 313 1
40 77 472 1
77 40 472 1
42 49 396 1
49 42 396 1
91 103 258 1
103 91 258 1
88 93 930 1
93 88 930 1
108 115 135 1
115 108 135 1
19 69 323 1
69 19 323 1
29 33 510 1
33 29 510 1
16 63 1092 1
63 16 1092 1
29 77 357 1
77 29 357 1
37 81 336 1
81 37 336 1
64 84 478 1
84 64 478 1
22 24 386 1
24 22 386 1
28 32 528 1
32 28 528 1
41 110 601 1
110 41 601 1
6 27 679 1
27 6 679 1
38 77 447 1
77 38 447 1
61 63 238 1
63 61 238 1
20 82 329 1
82 20 329 1
46 110 220 1
110 46 220 1
2 64 992 1
64 2 992 1
43 109 418 1
109 43 418 1
98 104 286 1
104 98 286 1
2 91 1366 1
91 2 1366 1
16 28 220 1
28 16 220 1
35 45 385 1
45 35 385 1
39 110 466 1
110 39 466 1
1 32 484 1
32 1 484 1
90 113 376 1
113 90 376 1
1 19 351 1
19 1 351 1
3 25 566 1
25 3 566 1
3 89 961 1
89 3 961 1
27 82 524 1
82 27 524 1
102 113 317 1
113 102 317 1
105 111 367 1
111 105 367 1
1 56 851 1
56 1 851 1
7 48 1293 1
48 7 1293 1
8 101 1359 1
101 8 1359 1
22 93 1426 1
93 22 1426 1
74 77 362 1
77 74 362 1
35 64 566 1
64 35 566 1
36 96 257 1
96 36 257 1
1 57 172 1
57 1 172 1
17 80 1070 1
80 17 1070 1
93 105 305 1
105 93 305 1
21 69 925 1
69 21 925 1
34 44 373 1
44 34 373 1
38 87 730 1
87 38 730 1
105 112 319 1
112 105 319 1
17 56 1024 1
56 17 1024 1
96 110 214 1
110 96 214 1
24 27 252 1
27 24 252 1
37 54 645 1
54 37 645 1
40 110 582 1
110 40 582 1
33 44 737 1
44 33 737 1
38 94 246 1
94 38 246 1
40 57 982 1
57 40 982 1
6 64 941 1
64 6 941 1
18 84 897 1
84 18 897 1
28 75 567 1
75 28 567 1
36 57 914 1
57 36 914 1
41 55 403 1
55 41 403 1
28 31 545 1
31 28 545 1
96 97 322 1
97 96 322 1
99 101 266 1
101 99 266 1
44 64 436 1
64 44 436 1
63 79 303 1
79 63 303 1
97 109 174 1
109 97 174 1
12 100 1084 1
100 12 1084 1
33 72 507 1
72 33 507 1
54 95 438 1
95 54 438 1
29 79 257 1
79 29 257 1
38 107 545 1
107 38 545 1
21 104 765 1
104 21 765 1
28 73 629 1
73 28 629 1
43 46 341 1
46 43 341 1
70 75 355 1
75 70 355 1
91 100 719 1
100 91 719 1
6 24 555 1
24 6 555 1
22 64 1169 1
64 22 1169 1
28 63 1049 1
63 28 1049 1
7 25 539 1
25 7 539 1
40 54 405 1
54 40 405 1
5 88 1026 1
88 5 1026 1
91 101 197 1
101 91 197 1
7 50 1347 1
50 7 1347 1
98 102 260 1
102 98 260 1
2 5 685 1
5 2 685 1
22 88 1044 1
88 22 1044 1
95 110 248 1
110 95 248 1
6 12 248 1
12 6 248 1
20 104 727 1
104 20 727 1
55 79 394 1
79 55 394 1
56 79 965 1
79 56 965 1
73 79 296 1
79 73 296 1
2 93 1417 1
93 2 1417 1
39 41 161 1
41 39 161 1
43 47 146 1
47 43 146 1
3 85 893 1
85 3 893 1
8 26 300 1
26 8 300 1
10 64 755 1
64 10 755 1
39 79 371 1
79 39 371 1
17 73 298 1
73 17 298 1
64 67 549 1
67 64 549 1
27 88 863 1
88 27 863 1
14 101 1221 1
101 14 1221 1
54 89 853 1
89 54 853 1
13 51 1107 1
51 13 1107 1
16 79 934 1
79 16 934 1
17 28 894 1
28 17 894 1
36 41 570 1
41 36 570 1
8 20 420 1
20 8 420 1
13 60 1245 1
60 13 1245 1
46 109 326 1
109 46 326 1
37 41 217 1
41 37 217 1
97 108 170 1
108 97 170 1
25 67 1191 1
67 25 1191 1
82 113 905 1
113 82 905 1
110 111 172 1
111 110 172 1
7 67 937 1
67 7 937 1
14 26 321 1
26 14 321 1
27 66 1140 1
66 27 1140 1
36 52 586 1
52 36 586 1
41 76 493 1
76 41 493 1
32 63 656 1
63 32 656 1
48 49 410 1
49 48 410 1
8 22 480 1
22 8 480 1
54 108 319 1
108 54 319 1
38 115 384 1
115 38 384 1
112 113 116 1
113 112 116 1
2 7 566 1
7 2 566 1
4 6 536 1
6 4 536 1
22 25 402 1
25 22 402 1
40 76 327 1
76 40 327 1
86 87 805 1
87 86 805 1
88 92 521 1
92 88 521 1
20 70 213 1
70 20 213 1
62 63 1134 1
63 62 1134 1
71 75 163 1
75 71 163 1
100 103 576 1
103 100 576 1
37 57 643 1
57 37 643 1
48 51 548 1
51 48 548 1
33 63 547 1
63 33 547 1
37 87 433 1
87 37 433 1
43 110 298 1
110 43 298 1
72 77 430 1
77 72 430 1
101 113 350 1
113 101 350 1
29 110 702 1
110 29 702 1
55 81 401 1
81 55 401 1
56 80 431 1
80 56 431 1
63 72 944 1
72 63 944 1
18 19 147 1
19 18 147 1
50 51 698 1
51 50 698 1
59 104 1146 1
104 59 1146 1
74 79 666 1
79 74 666 1
4 66 1205 1
66 4 1205 1
5 26 263 1
26 5 263 1
16 81 1063 1
81 16 1063 1
55 76 571 1
76 55 571 1
57 76 691 1
76 57 691 1
59 61 271 1
61 59 271 1
25 26 225 1
26 25 225 1
26 88 791 1
88 26 791 1
111 114 232 1
114 111 232 1
7 64 1244 1
64 7 1244 1
10 18 609 1
18 10 609 1
14 15 772 1
15 14 772 1
26 93 1144 1
93 26 1144 1
29 31 454 1
31 29 454 1
39 107 280 1
107 39 280 1
52 55 814 1
55 52 814 1
54 88 224 1
88 54 224 1
28 74 188 1
74 28 188 1
36 110 412 1
110 36 412 1
87 95 598 1
95 87 598 1
1 33 355 1
33 1 355 1
44 48 114 1
48 44 114 1
79 80 991 1
80 79 991 1
96 98 184 1
98 96 184 1
36 75 517 1
75 36 517 1
90 91 735 1
91 90 735 1
5 7 538 1
7 5 538 1
23 25 373 1
25 23 373 1
45 47 345 1
47 45 345 1
4 20 334 1
20 4 334 1
27 84 956 1
84 27 956 1
56 98 821 1
98 56 821 1
19 72 678 1
72 19 678 1
29 49 928 1
49 29 928 1
55 107 232 1
107 55 232 1
90 105 516 1
105 90 516 1
4 58 1292 1
58 4 1292 1
26 89 900 1
89 26 900 1
27 90 1121 1
90 27 1121 1
77 81 453 1
81 77 453 1
7 27 597 1
27 7 597 1
4 82 403 1
82 4 403 1
28 76 345 1
76 28 345 1
80 109 607 1
109 80 607 1
107 115 298 1
115 107 298 1
0 10 381 1
10 0 381 1
8 15 741 1
15 8 741 1
8 91 1373 1
91 8 1373 1
40 41 506 1
41 40 506 1
46 47 309 1
47 46 309 1
101 102 595 1
102 101 595 1
2 10 438 1
10 2 438 1
2 84 897 1
84 2 897 1
26 101 1114 1
101 26 1114 1
56 76 519 1
76 56 519 1
109 115 211 1
115 109 211 1
28 80 329 1
80 28 329 1
47 111 188 1
111 47 188 1
79 95 480 1
95 79 480 1
17 33 512 1
33 17 512 1
26 91 1131 1
91 26 1131 1
58 82 1100 1
82 58 1100 1
90 98 163 1
98 90 163 1
99 109 321 1
109 99 321 1
21 91 892 1
91 21 892 1
22 27 524 1
27 22 524 1
22 91 1377 1
91 22 1377 1
29 30 533 1
30 29 533 1
41 77 345 1
77 41 345 1
93 104 478 1
104 93 478 1
6 26 607 1
26 6 607 1
11 50 1265 1
50 11 1265 1
72 79 733 1
79 72 733 1
19 75 628 1
75 19 628 1
21 103 830 1
103 21 830 1
24 45 1393 1
45 24 1393 1
10 93 1289 1
93 10 1289 1
54 94 226 1
94 54 226 1
55 108 332 1
108 55 332 1
58 101 1214 1
101 58 1214 1
10 91 1269 1
91 10 1269 1
15 61 998 1
61 15 998 1
20 66 927 1
66 20 927 1
38 89 763 1
89 38 763 1
38 97 469 1
97 38 469 1
67 91 790 1
91 67 790 1
4 93 1288 1
93 4 1288 1
10 70 382 1
70 10 382 1
56 78 391 1
78 56 391 1
6 20 561 1
20 6 561 1
11 48 1197 1
48 11 1197 1
26 104 905 1
104 26 905 1
57 80 1050 1
80 57 1050 1
81 96 799 1
96 81 799 1
90 101 719 1
101 90 719 1
1 68 549 1
68 1 549 1
4 88 829 1
88 4 829 1
12 26 521 1
26 12 521 1
78 95 636 1
95 78 636 1
87 89 476 1
89 87 476 1
20 90 881 1
90 20 881 1
23 88 1119 1
88 23 1119 1
37 78 740 1
78 37 740 1
43 50 494 1
50 43 494 1
45 110 453 1
110 45 453 1
56 96 743 1
96 56 743 1
91 99 166 1
99 91 166 1
98 114 276 1
114 98 276 1
4 90 1167 1
90 4 1167 1
30 32 574 1
32 30 574 1
37 75 239 1
75 37 239 1
56 86 911 1
86 56 911 1
99 102 560 1
102 99 560 1
32 80 590 1
80 32 590 1
19 32 289 1
32 19 289 1
73 81 406 1
81 73 406 1
11 72 773 1
72 11 773 1
37 56 930 1
56 37 930 1
87 88 1035 1
88 87 1035 1
23 26 522 1
26 23 522 1
40 97 584 1
97 40 584 1
42 51 463 1
51 42 463 1
77 96 456 1
96 77 456 1
81 109 623 1
109 81 623 1
0 1 800 1
1 0 800 1
11 65 770 1
65 11 770 1
14 90 988 1
90 14 988 1
100 105 430 1
105 100 430 1
17 37 368 1
37 17 368 1
59 103 1115 1
103 59 1115 1
11 28 875 1
28 11 875 1
38 109 342 1
109 38 342 1
65 67 361 1
67 65 361 1
26 66 1142 1
66 26 1142 1
97 111 292 1
111 97 292 1
26 82 411 1
82 26 411 1
55 74 679 1
74 55 679 1
55 87 559 1
87 55 559 1
58 90 890 1
90 58 890 1
76 78 312 1
78 76 312 1
15 35 881 1
35 15 881 1
4 101 1261 1
101 4 1261 1
7 9 490 1
9 7 490 1
16 56 380 1
56 16 380 1
20 21 185 1
21 20 185 1
87 108 698 1
108 87 698 1
97 115 218 1
115 97 218 1
20 58 1037 1
58 20 1037 1
37 74 520 1
74 37 520 1
50 86 1077 1
86 50 1077 1
54 77 571 1
77 54 571 1
1 73 531 1
73 1 531 1
30 35 784 1
35 30 784 1
103 114 282 1
114 103 282 1
10 21 662 1
21 10 662 1
21 93 922 1
93 21 922 1
54 107 612 1
107 54 612 1
84 93 1016 1
93 84 1016 1
98 113 276 1
113 98 276 1
2 3 405 1
3 2 405 1
7 65 934 1
65 7 934 1
76 95 396 1
95 76 396 1
60 64 187 1
64 60 187 1
3 22 347 1
22 3 347 1
3 102 1340 1
102 3 1340 1
14 84 681 1
84 14 681 1
36 111 534 1
111 36 534 1
88 100 425 1
100 88 425 1
103 111 432 1
111 103 432 1
0 32 356 1
32 0 356 1
1 79 428 1
79 1 428 1
6 30 365 1
30 6 365 1
6 102 1207 1
102 6 1207 1
37 73 278 1
73 37 278 1
42 109 434 1
109 42 434 1
46 113 335 1
113 46 335 1
52 100 420 1
100 52 420 1
65 92 1075 1
92 65 1075 1
100 101 656 1
101 100 656 1
30 72 390 1
72 30 390 1
38 52 654 1
52 38 654 1
39 52 892 1
52 39 892 1
84 91 1024 1
91 84 1024 1
11 51 955 1
51 11 955 1
26 85 985 1
85 26 985 1
26 113 1029 1
113 26 1029 1
72 81 860 1
81 72 860 1
84 85 1130 1
85 84 1130 1
1 11 394 1
11 1 394 1
5 89 870 1
89 5 870 1
14 23 650 1
23 14 650 1
46 114 362 1
114 46 362 1
52 98 272 1
98 52 272 1
39 81 431 1
81 39 431 1
4 24 144 1
24 4 144 1
77 109 318 1
109 77 318 1
5 50 1417 1
50 5 1417 1
14 58 1155 1
58 14 1155 1
20 103 873 1
103 20 873 1
27 104 911 1
104 27 911 1
46 53 547 1
53 46 547 1
68 90 1109 1
90 68 1109 1
4 22 457 1
22 4 457 1
8 67 1258 1
67 8 1258 1
42 50 271 1
50 42 271 1
55 57 743 1
57 55 743 1
62 72 566 1
72 62 566 1
24 30 283 1
30 24 283 1
57 96 913 1
96 57 913 1
111 113 191 1
113 111 191 1
8 21 536 1
21 8 536 1
17 77 417 1
77 17 417 1
40 109 467 1
109 40 467 1
16 19 740 1
19 16 740 1
30 34 790 1
34 30 790 1
59 105 1100 1
105 59 1100 1
87 96 843 1
96 87 843 1
9 15 219 1
15 9 219 1
18 64 805 1
64 18 805 1
34 45 409 1
45 34 409 1
41 78 770 1
78 41 770 1
82 98 761 1
98 82 761 1
16 72 287 1
72 16 287 1
18 22 537 1
22 18 537 1
20 99 812 1
99 20 812 1
31 45 1171 1
45 31 1171 1
43 114 502 1
114 43 502 1
10 60 650 1
60 10 650 1
10 88 586 1
88 10 586 1
43 51 245 1
51 43 245 1
55 89 213 1
89 55 213 1
99 100 610 1
100 99 610 1
2 20 581 1
20 2 581 1
39 97 289 1
97 39 289 1
64 66 392 1
66 64 392 1
37 43 584 1
43 37 584 1
57 110 760 1
110 57 760 1
76 110 394 1
110 76 394 1
88 90 414 1
90 88 414 1
96 107 486 1
107 96 486 1
1 77 531 1
77 1 531 1
16 57 981 1
57 16 981 1
38 79 739 1
79 38 739 1
77 87 602 1
87 77 602 1
100 115 381 1
115 100 381 1
3 82 903 1
82 3 903 1
30 64 1064 1
64 30 1064 1
38 81 841 1
81 38 841 1
36 87 808 1
87 36 808 1
37 42 712 1
42 37 712 1
63 78 1033 1
78 63 1033 1
26 58 1249 1
58 26 1249 1
35 49 434 1
49 35 434 1
36 74 242 1
74 36 242 1
46 97 424 1
97 46 424 1
82 101 1107 1
101 82 1107 1
100 112 410 1
112 100 410 1
67 93 875 1
93 67 875 1
6 58 957 1
58 6 957 1
12 85 1239 1
85 12 1239 1
14 104 900 1
104 14 900 1
36 73 600 1
73 36 600 1
67 84 830 1
84 67 830 1
19 29 673 1
29 19 673 1
20 102 804 1
102 20 804 1
82 105 854 1
105 82 854 1
99 115 285 1
115 99 285 1
15 83 194 1
83 15 194 1
41 72 550 1
72 41 550 1
41 83 252 1
83 41 252 1
76 87 753 1
87 76 753 1
89 91 402 1
91 89 402 1
94 97 266 1
97 94 266 1
3 26 678 1
26 3 678 1
17 62 1129 1
62 17 1129 1
24 90 1265 1
90 24 1265 1
24 101 1299 1
101 24 1299 1
36 79 738 1
79 36 738 1
57 111 890 1
111 57 890 1
82 99 978 1
99 82 978 1
98 106 320 1
106 98 320 1
5 67 1194 1
67 5 1194 1
21 105 742 1
105 21 742 1
42 111 258 1
111 42 258 1
66 102 974 1
102 66 974 1
15 59 1185 1
59 15 1185 1
21 59 1061 1
59 21 1061 1
47 55 367 1
55 47 367 1
89 97 385 1
97 89 385 1
23 85 1053 1
85 23 1053 1
86 112 947 1
112 86 947 1
90 93 690 1
93 90 690 1
18 30 564 1
30 18 564 1
35 66 331 1
66 35 331 1
63 115 886 1
115 63 886 1
66 91 902 1
91 66 902 1
70 73 402 1
73 70 402 1
27 89 807 1
89 27 807 1
1 75 562 1
75 1 562 1
8 23 562 1
23 8 562 1
29 81 342 1
81 29 342 1
52 87 1253 1
87 52 1253 1
86 98 757 1
98 86 757 1
10 20 506 1
20 10 506 1
14 83 858 1
83 14 858 1
20 91 956 1
91 20 956 1
24 102 1176 1
102 24 1176 1
3 88 1145 1
88 3 1145 1
9 65 1235 1
65 9 1235 1
20 71 311 1
71 20 311 1
32 62 548 1
62 32 548 1
41 95 382 1
95 41 382 1
49 110 518 1
110 49 518 1
52 89 1027 1
89 52 1027 1
55 56 1043 1
56 55 1043 1
22 26 505 1
26 22 505 1
22 67 1070 1
67 22 1070 1
81 107 591 1
107 81 591 1
4 113 1150 1
113 4 1150 1
8 103 1268 1
103 8 1268 1
23 89 1070 1
89 23 1070 1
30 45 1169 1
45 30 1169 1
37 52 879 1
52 37 879 1
54 76 415 1
76 54 415 1
85 88 1097 1
88 85 1097 1
11 29 239 1
29 11 239 1
14 21 487 1
21 14 487 1
29 41 234 1
41 29 234 1
35 60 562 1
60 35 562 1
7 12 856 1
12 7 856 1
14 113 1044 1
113 14 1044 1
29 32 631 1
32 29 631 1
40 81 874 1
81 40 874 1
11 12 972 1
12 11 972 1
27 102 1008 1
102 27 1008 1
36 81 848 1
81 36 848 1
36 97 483 1
97 36 483 1
47 49 380 1
49 47 380 1
50 85 1013 1
85 50 1013 1
58 102 1067 1
102 58 1067 1
79 96 717 1
96 79 717 1
86 111 918 1
111 86 918 1
35 61 480 1
61 35 480 1
37 109 343 1
109 37 343 1
45 51 254 1
51 45 254 1
57 95 781 1
95 57 781 1
60 63 1021 1
63 60 1021 1
97 110 221 1
110 97 221 1
1 74 790 1
74 1 790 1
6 31 464 1
31 6 464 1
11 62 1169 1
62 11 1169 1
18 31 574 1
31 18 574 1
33 35 375 1
35 33 375 1
43 49 240 1
49 43 240 1
66 101 1048 1
101 66 1048 1
82 104 748 1
104 82 748 1
93 113 317 1
113 93 317 1
1 110 833 1
110 1 833 1
6 14 476 1
14 6 476 1
7 11 254 1
11 7 254 1
35 65 453 1
65 35 453 1
36 108 330 1
108 36 330 1
52 88 542 1
88 52 542 1
59 65 304 1
65 59 304 1
94 107 417 1
107 94 417 1
10 23 699 1
23 10 699 1
39 74 501 1
74 39 501 1
49 72 1014 1
72 49 1014 1
106 109 391 1
109 106 391 1
5 84 1110 1
84 5 1110 1
7 92 1445 1
92 7 1445 1
16 115 757 1
115 16 757 1
18 28 651 1
28 18 651 1
20 101 958 1
101 20 958 1
32 81 728 1
81 32 728 1
38 76 305 1
76 38 305 1
1 78 939 1
78 1 939 1
41 79 379 1
79 41 379 1
46 105 514 1
105 46 514 1
76 96 361 1
96 76 361 1
96 109 176 1
109 96 176 1
17 38 824 1
38 17 824 1
20 115 646 1
115 20 646 1
25 66 1220 1
66 25 1220 1
36 56 615 1
56 36 615 1
66 104 942 1
104 66 942 1
89 99 398 1
99 89 398 1
2 90 1252 1
90 2 1252 1
26 105 921 1
105 26 921 1
32 72 471 1
72 32 471 1
37 94 426 1
94 37 426 1
39 57 754 1
57 39 754 1
57 109 768 1
109 57 768 1
71 73 163 1
73 71 163 1
93 99 208 1
99 93 208 1
6 8 485 1
8 6 485 1
8 27 425 1
27 8 425 1
24 64 1287 1
64 24 1287 1
31 72 482 1
72 31 482 1
64 65 897 1
65 64 897 1
1 40 950 1
40 1 950 1
14 66 1094 1
66 14 1094 1
17 109 666 1
109 17 666 1
24 31 318 1
31 24 318 1
73 110 637 1
110 73 637 1
75 79 318 1
79 75 318 1
1 16 963 1
16 1 963 1
3 104 1246 1
104 3 1246 1
7 13 237 1
13 7 237 1
12 50 1114 1
50 12 1114 1
17 74 721 1
74 17 721 1
17 75 351 1
75 17 351 1
26 100 1042 1
100 26 1042 1
29 78 851 1
78 29 851 1
40 79 762 1
79 40 762 1
45 67 282 1
67 45 282 1
79 109 545 1
109 79 545 1
81 95 542 1
95 81 542 1
82 90 824 1
90 82 824 1
7 102 1355 1
102 7 1355 1
8 90 1188 1
90 8 1188 1
10 14 380 1
14 10 380 1
16 75 702 1
75 16 702 1
24 44 1385 1
44 24 1385 1
25 102 1186 1
102 25 1186 1
33 79 486 1
79 33 486 1
79 110 592 1
110 79 592 1
80 82 469 1
82 80 469 1
86 88 460 1
88 86 460 1
91 104 542 1
104 91 542 1
97 114 263 1
114 97 263 1
48 58 400 1
58 48 400 1
77 78 550 1
78 77 550 1
109 112 348 1
112 109 348 1
27 58 1265 1
58 27 1265 1
38 57 968 1
57 38 968 1
47 53 268 1
53 47 268 1
67 90 867 1
90 67 867 1
74 78 322 1
78 74 322 1
82 112 963 1
112 82 963 1
2 12 394 1
12 2 394 1
19 41 815 1
41 19 815 1
25 91 1244 1
91 25 1244 1
60 65 898 1
65 60 898 1
89 107 337 1
107 89 337 1
89 114 592 1
114 89 592 1
98 100 250 1
100 98 250 1
100 114 352 1
114 100 352 1
9 67 1237 1
67 9 1237 1
42 77 643 1
77 42 643 1
46 57 904 1
57 46 904 1
109 111 273 1
111 109 273 1
8 10 505 1
10 8 505 1
14 103 1126 1
103 14 1126 1
20 25 402 1
25 20 402 1
20 105 754 1
105 20 754 1
96 111 286 1
111 96 286 1
0 66 594 1
66 0 594 1
23 82 788 1
82 23 788 1
44 67 332 1
67 44 332 1
46 96 270 1
96 46 270 1
94 115 181 1
115 94 181 1
3 6 559 1
6 3 559 1
5 8 493 1
8 5 493 1
12 15 906 1
15 12 906 1
53 68 1064 1
68 53 1064 1
63 73 569 1
73 63 569 1
13 59 1042 1
59 13 1042 1
47 57 743 1
57 47 743 1
5 92 1324 1
92 5 1324 1
5 93 1207 1
93 5 1207 1
52 76 677 1
76 52 677 1
59 101 1108 1
101 59 1108 1
106 112 479 1
112 106 479 1
8 104 1076 1
104 8 1076 1
11 85 574 1
85 11 574 1
18 70 528 1
70 18 528 1
26 59 1291 1
59 26 1291 1
36 89 803 1
89 36 803 1
85 87 616 1
87 85 616 1
12 71 631 1
71 12 631 1
44 66 318 1
66 44 318 1
47 69 806 1
69 47 806 1
1 41 715 1
41 1 715 1
8 84 881 1
84 8 881 1
11 49 996 1
49 11 996 1
39 78 740 1
78 39 740 1
49 50 585 1
50 49 585 1
56 111 893 1
111 56 893 1
59 102 1214 1
102 59 1214 1
75 110 565 1
110 75 565 1
2 8 554 1
8 2 554 1
2 92 1350 1
92 2 1350 1
4 89 1056 1
89 4 1056 1
7 15 461 1
15 7 461 1
8 24 258 1
24 8 258 1
19 74 670 1
74 19 670 1
33 80 703 1
80 33 703 1
37 47 493 1
47 37 493 1
38 106 276 1
106 38 276 1
69 78 773 1
78 69 773 1
95 115 205 1
115 95 205 1
10 22 580 1
22 10 580 1
12 52 1107 1
52 12 1107 1
25 104 1095 1
104 25 1095 1
40 43 865 1
43 40 865 1
55 94 428 1
94 55 428 1
52 96 418 1
96 52 418 1
87 94 753 1
94 87 753 1
4 104 1017 1
104 4 1017 1
26 90 1088 1
90 26 1088 1
26 102 984 1
102 26 984 1
26 103 1030 1
103 26 1030 1
31 32 596 1
32 31 596 1
33 45 716 1
45 33 716 1
34 64 445 1
64 34 445 1
39 56 973 1
56 39 973 1
42 53 475 1
53 42 475 1
55 97 173 1
97 55 173 1
98 115 287 1
115 98 287 1
6 48 1184 1
48 6 1184 1
27 113 1016 1
113 27 1016 1
79 108 585 1
108 79 585 1
0 62 386 1
62 0 386 1
3 114 1184 1
114 3 1184 1
5 23 453 1
23 5 453 1
30 83 641 1
83 30 641 1
31 71 265 1
71 31 265 1
83 85 549 1
85 83 549 1
86 105 797 1
105 86 797 1
23 70 494 1
70 23 494 1
3 113 1250 1
113 3 1250 1
5 65 1232 1
65 5 1232 1
33 62 690 1
62 33 690 1
53 99 316 1
99 53 316 1
95 109 146 1
109 95 146 1
98 101 623 1
101 98 623 1
38 114 469 1
114 38 469 1
7 85 812 1
85 7 812 1
10 85 1188 1
85 10 1188 1
28 82 255 1
82 28 255 1
31 64 1128 1
64 31 1128 1
41 47 698 1
47 41 698 1
43 77 556 1
77 43 556 1
68 97 933 1
97 68 933 1
74 110 560 1
110 74 560 1
1 37 646 1
37 1 646 1
5 48 1432 1
48 5 1432 1
11 61 675 1
61 11 675 1
19 76 599 1
76 19 599 1
23 113 1322 1
113 23 1322 1
32 41 693 1
41 32 693 1
34 66 268 1
66 34 268 1
40 108 451 1
108 40 451 1
57 77 533 1
77 57 533 1
59 66 363 1
66 59 363 1
71 112 918 1
112 71 918 1
77 108 373 1
108 77 373 1
26 67 1128 1
67 26 1128 1
28 70 247 1
70 28 247 1
78 110 569 1
110 78 569 1
87 107 525 1
107 87 525 1
3 84 1110 1
84 3 1110 1
5 22 506 1
22 5 506 1
24 26 201 1
26 24 201 1
29 42 967 1
42 29 967 1
31 35 790 1
35 31 790 1
75 78 667 1
78 75 667 1
13 48 1332 1
48 13 1332 1
15 34 954 1
34 15 954 1
35 67 262 1
67 35 262 1
46 56 752 1
56 46 752 1
48 60 501 1
60 48 501 1
61 80 1112 1
80 61 1112 1
66 83 1109 1
83 66 1109 1
73 78 740 1
78 73 740 1
82 85 1121 1
85 82 1121 1
83 84 1154 1
84 83 1154 1
3 14 804 1
14 3 804 1
8 34 1027 1
34 8 1027 1
40 111 707 1
111 40 707 1
61 81 506 1
81 61 506 1
109 110 135 1
110 109 135 1
13 29 290 1
29 13 290 1
40 72 200 1
72 40 200 1
40 86 262 1
86 40 262 1
103 112 375 1
112 103 375 1
20 113 831 1
113 20 831 1
33 81 613 1
81 33 613 1
50 52 243 1
52 50 243 1
89 96 700 1
96 89 700 1
1 62 1027 1
62 1 1027 1
3 9 596 1
9 3 596 1
3 100 1385 1
100 3 1385 1
24 104 1101 1
104 24 1101 1
31 62 966 1
62 31 966 1
34 67 275 1
67 34 275 1
56 68 408 1
68 56 408 1
57 63 249 1
63 57 249 1
81 108 656 1
108 81 656 1
101 114 359 1
114 101 359 1
104 111 377 1
111 104 377 1
4 100 1129 1
100 4 1129 1
25 88 998 1
88 25 998 1
90 92 135 1
92 90 135 1
12 20 477 1
20 12 477 1
12 54 794 1
54 12 794 1
13 49 1151 1
49 13 1151 1
40 87 708 1
87 40 708 1
42 75 840 1
75 42 840 1
48 65 674 1
65 48 674 1
6 50 1151 1
50 6 1151 1
20 84 687 1
84 20 687 1
4 83 726 1
83 4 726 1
21 92 1010 1
92 21 1010 1
27 105 897 1
105 27 897 1
42 44 208 1
44 42 208 1
56 63 1014 1
63 56 1014 1
57 99 846 1
99 57 846 1
106 111 487 1
111 106 487 1
12 14 278 1
14 12 278 1
55 73 498 1
73 55 498 1
57 69 378 1
69 57 378 1
81 115 734 1
115 81 734 1
6 104 1174 1
104 6 1174 1
20 59 1099 1
59 20 1099 1
25 84 1066 1
84 25 1066 1
96 115 214 1
115 96 214 1
106 115 278 1
115 106 278 1
3 4 707 1
4 3 707 1
13 35 841 1
35 13 841 1
70 76 285 1
76 70 285 1
85 100 1025 1
100 85 1025 1
18 44 915 1
44 18 915 1
41 57 760 1
57 41 760 1
48 67 417 1
67 48 417 1
52 111 398 1
111 52 398 1
78 108 559 1
108 78 559 1
4 12 434 1
12 4 434 1
24 91 1303 1
91 24 1303 1
36 47 622 1
47 36 622 1
52 94 506 1
94 52 506 1
78 109 527 1
109 78 527 1
4 5 350 1
5 4 350 1
8 12 346 1
12 8 346 1
17 32 646 1
32 17 646 1
29 45 930 1
45 29 930 1
9 12 856 1
12 9 856 1
12 101 1369 1
101 12 1369 1
16 73 769 1
73 16 769 1
22 31 234 1
31 22 234 1
23 64 1238 1
64 23 1238 1
24 93 1326 1
93 24 1326 1
27 67 1105 1
67 27 1105 1
47 95 361 1
95 47 361 1
85 114 680 1
114 85 680 1
104 114 171 1
114 104 171 1
4 91 1276 1
91 4 1276 1
8 100 1159 1
100 8 1159 1
10 101 1302 1
101 10 1302 1
14 64 1035 1
64 14 1035 1
21 67 905 1
67 21 905 1
28 83 861 1
83 28 861 1
68 98 994 1
98 68 994 1
112 115 269 1
115 112 269 1
14 102 929 1
102 14 929 1
17 40 824 1
40 17 824 1
19 78 749 1
78 19 749 1
25 50 1404 1
50 25 1404 1
40 107 641 1
107 40 641 1
57 86 1231 1
86 57 1231 1
67 102 981 1
102 67 981 1
74 81 792 1
81 74 792 1
58 104 1061 1
104 58 1061 1
58 105 1107 1
105 58 1107 1
82 102 762 1
102 82 762 1
82 114 823 1
114 82 823 1
12 70 392 1
70 12 392 1
14 53 1349 1
53 14 1349 1
14 105 983 1
105 14 983 1
31 34 815 1
34 31 815 1
93 114 346 1
114 93 346 1
20 98 764 1
98 20 764 1
29 80 961 1
80 29 961 1
32 68 304 1
68 32 304 1
38 56 731 1
56 38 731 1
39 73 305 1
73 39 305 1
4 102 1078 1
102 4 1078 1
16 76 379 1
76 16 379 1
105 115 176 1
115 105 176 1
6 44 1164 1
44 6 1164 1
7 66 1007 1
66 7 1007 1
15 29 295 1
29 15 295 1
25 86 638 1
86 25 638 1
33 78 590 1
78 33 590 1
34 78 466 1
78 34 466 1
62 78 287 1
78 62 287 1
97 106 471 1
106 97 471 1
6 84 795 1
84 6 795 1
14 93 1238 1
93 14 1238 1
17 115 802 1
115 17 802 1
60 62 241 1
62 60 241 1
3 50 1273 1
50 3 1273 1
14 34 879 1
34 14 879 1
23 93 1407 1
93 23 1407 1
54 106 240 1
106 54 240 1
7 84 1202 1
84 7 1202 1
57 112 990 1
112 57 990 1
66 93 972 1
93 66 972 1
67 83 1007 1
83 67 1007 1
100 111 457 1
111 100 457 1
7 14 868 1
14 7 868 1
12 114 1083 1
114 12 1083 1
23 114 1244 1
114 23 1244 1
56 87 1244 1
87 56 1244 1
58 61 717 1
61 58 717 1
58 103 1188 1
103 58 1188 1
21 26 271 1
26 21 271 1
47 99 231 1
99 47 231 1
51 59 486 1
59 51 486 1
52 86 965 1
86 52 965 1
56 77 690 1
77 56 690 1
102 112 391 1
112 102 391 1
36 107 612 1
107 36 612 1
70 83 652 1
83 70 652 1
4 105 1055 1
105 4 1055 1
7 22 454 1
22 7 454 1
8 102 1117 1
102 8 1117 1
48 66 357 1
66 48 357 1
66 103 1026 1
103 66 1026 1
69 91 1081 1
91 69 1081 1
5 91 1178 1
91 5 1178 1
13 72 796 1
72 13 796 1
41 81 452 1
81 41 452 1
53 80 1109 1
80 53 1109 1
61 115 933 1
115 61 933 1
82 84 544 1
84 82 544 1
4 103 1174 1
103 4 1174 1
63 109 730 1
109 63 730 1
12 23 607 1
23 12 607 1
19 73 625 1
73 19 625 1
27 91 1074 1
91 27 1074 1
43 111 293 1
111 43 293 1
59 67 245 1
67 59 245 1
93 102 600 1
102 93 600 1
2 14 572 1
14 2 572 1
15 30 522 1
30 15 522 1
17 53 802 1
53 17 802 1
20 24 393 1
24 20 393 1
22 113 1310 1
113 22 1310 1
25 64 1312 1
64 25 1312 1
40 42 830 1
42 40 830 1
49 59 382 1
59 49 382 1
52 77 798 1
77 52 798 1
89 94 629 1
94 89 629 1
18 68 315 1
68 18 315 1
29 37 304 1
37 29 304 1
45 65 388 1
65 45 388 1
47 68 881 1
68 47 881 1
1 42 969 1
42 1 969 1
2 89 1170 1
89 2 1170 1
14 24 389 1
24 14 389 1
18 34 602 1
34 18 602 1
19 33 238 1
33 19 238 1
28 41 661 1
41 28 661 1
88 94 422 1
94 88 422 1
91 105 371 1
105 91 371 1
6 10 299 1
10 6 299 1
8 105 1137 1
105 8 1137 1
10 71 639 1
71 10 639 1
15 60 1288 1
60 15 1288 1
26 99 1000 1
99 26 1000 1
56 99 1051 1
99 56 1051 1
59 60 718 1
60 59 718 1
8 35 1046 1
35 8 1046 1
15 58 1327 1
58 15 1327 1
24 103 1219 1
103 24 1219 1
29 44 1005 1
44 29 1005 1
29 61 711 1
61 29 711 1
36 88 289 1
88 36 289 1
41 96 611 1
96 41 611 1
49 111 530 1
111 49 530 1
58 63 892 1
63 58 892 1
113 115 188 1
115 113 188 1
12 21 630 1
21 12 630 1
16 18 646 1
18 16 646 1
20 83 565 1
83 20 565 1
36 86 441 1
86 36 441 1
36 98 402 1
98 36 402 1
60 94 741 1
94 60 741 1
60 100 938 1
100 60 938 1
72 110 621 1
110 72 621 1
0 19 488 1
19 0 488 1
7 26 675 1
26 7 675 1
12 88 689 1
88 12 689 1
28 81 975 1
81 28 975 1
41 87 263 1
87 41 263 1
2 58 959 1
58 2 959 1
8 66 1233 1
66 8 1233 1
16 29 882 1
29 16 882 1
36 109 326 1
109 36 326 1
39 75 260 1
75 39 260 1
40 106 412 1
106 40 412 1
43 65 435 1
65 43 435 1
53 69 959 1
69 53 959 1
68 99 1044 1
99 68 1044 1
72 80 384 1
80 72 384 1
12 58 1025 1
58 12 1025 1
17 19 648 1
19 17 648 1
20 22 544 1
22 20 544 1
25 92 1338 1
92 25 1338 1
52 74 808 1
74 52 808 1
70 72 158 1
72 70 158 1
18 32 279 1
32 18 279 1
26 114 936 1
114 26 936 1
36 106 343 1
106 36 343 1
68 103 1277 1
103 68 1277 1
82 103 1009 1
103 82 1009 1
86 99 956 1
99 86 956 1
14 59 1320 1
59 14 1320 1
15 65 1052 1
65 15 1052 1
50 62 545 1
62 50 545 1
2 102 1269 1
102 2 1269 1
6 70 405 1
70 6 405 1
19 70 573 1
70 19 573 1
25 90 1282 1
90 25 1282 1
40 75 477 1
75 40 477 1
51 53 271 1
53 51 271 1
52 75 976 1
75 52 976 1
57 97 767 1
97 57 767 1
57 98 1043 1
98 57 1043 1
84 113 718 1
113 84 718 1
96 106 277 1
106 96 277 1
8 115 1034 1
115 8 1034 1
13 58 1244 1
58 13 1244 1
17 95 598 1
95 17 598 1
21 84 830 1
84 21 830 1
36 112 594 1
112 36 594 1
40 56 722 1
56 40 722 1
62 81 1169 1
81 62 1169 1
63 106 1106 1
106 63 1106 1
69 90 1119 1
90 69 1119 1
103 115 322 1
115 103 322 1
28 68 788 1
68 28 788 1
66 68 378 1
68 66 378 1
89 92 938 1
92 89 938 1
9 25 252 1
25 9 252 1
15 31 431 1
31 15 431 1
20 23 575 1
23 20 575 1
62 82 720 1
82 62 720 1
94 106 271 1
106 94 271 1
12 89 1220 1
89 12 1220 1
12 93 1368 1
93 12 1368 1
29 62 1067 1
62 29 1067 1
56 95 883 1
95 56 883 1
23 100 1403 1
100 23 1403 1
39 47 551 1
47 39 551 1
39 89 325 1
89 39 325 1
52 108 555 1
108 52 555 1
67 104 923 1
104 67 923 1
108 109 87 1
109 108 87 1
1 49 776 1
49 1 776 1
4 99 1138 1
99 4 1138 1
17 36 828 1
36 17 828 1
29 40 655 1
40 29 655 1
32 78 484 1
78 32 484 1
11 15 385 1
15 11 385 1
27 85 894 1
85 27 894 1
31 83 561 1
83 31 561 1
32 76 341 1
76 32 341 1
46 103 609 1
103 46 609 1
59 99 857 1
99 59 857 1
64 93 1076 1
93 64 1076 1
93 115 401 1
115 93 401 1
8 113 1216 1
113 8 1216 1
15 44 1279 1
44 15 1279 1
24 113 1216 1
113 24 1216 1
53 111 406 1
111 53 406 1
65 85 476 1
85 65 476 1
96 99 428 1
99 96 428 1
97 98 437 1
98 97 437 1
101 111 463 1
111 101 463 1
14 60 967 1
60 14 967 1
20 93 974 1
93 20 974 1
23 31 199 1
31 23 199 1
38 110 451 1
110 38 451 1
56 61 920 1
61 56 920 1
0 2 460 1
2 0 460 1
3 92 1420 1
92 3 1420 1
5 86 673 1
86 5 673 1
6 90 1185 1
90 6 1185 1
7 58 1136 1
58 7 1136 1
46 82 878 1
82 46 878 1
56 108 829 1
108 56 829 1
76 109 320 1
109 76 320 1
86 96 642 1
96 86 642 1
97 112 339 1
112 97 339 1
3 48 1226 1
48 3 1226 1
9 85 935 1
85 9 935 1
23 24 403 1
24 23 403 1
25 87 575 1
87 25 575 1
38 98 432 1
98 38 432 1
46 102 463 1
102 46 463 1
54 86 568 1
86 54 568 1
59 63 501 1
63 59 501 1
77 106 633 1
106 77 633 1
79 87 531 1
87 79 531 1
100 104 240 1
104 100 240 1
7 62 1148 1
62 7 1148 1
8 53 1492 1
53 8 1492 1
32 96 657 1
96 32 657 1
33 49 744 1
49 33 744 1
58 112 884 1
112 58 884 1
82 86 143 1
86 82 143 1
84 90 466 1
90 84 466 1
8 114 1127 1
114 8 1127 1
9 13 376 1
13 9 376 1
57 68 520 1
68 57 520 1
60 66 370 1
66 60 370 1
