116 2668
30 31 127 1
31 30 127 1
26 27 135 1
27 26 135 1
22 24 386 1
24 22 386 1
73 74 458 1
74 73 458 1
10 12 181 1
12 10 181 1
42 43 239 1
43 42 239 1
42 44 208 1
44 42 208 1
56 57 840 1
57 56 840 1
2 6 165 1
6 2 165 1
95 109 146 1
109 95 146 1
16 28 220 1
28 16 220 1
13 61 843 1
61 13 843 1
73 75 84 1
75 73 84 1
74 76 203 1
76 74 203 1
16 62 313 1
62 16 313 1
42 46 173 1
46 42 173 1
11 13 168 1
13 11 168 1
72 74 76 1
74 72 76 1
24 25 135 1
25 24 135 1
49 51 172 1
51 49 172 1
28 80 329 1
80 28 329 1
16 80 152 1
80 16 152 1
28 72 116 1
72 28 116 1
74 75 389 1
75 74 389 1
107 115 298 1
115 107 298 1
48 51 548 1
51 48 548 1
20 21 185 1
21 20 185 1
29 81 342 1
81 29 342 1
91 93 118 1
93 91 118 1
17 81 182 1
81 17 182 1
73 76 450 1
76 73 450 1
44 45 194 1
45 44 194 1
78 80 116 1
80 78 116 1
15 61 998 1
61 15 998 1
105 108 296 1
108 105 296 1
62 63 1134 1
63 62 1134 1
17 29 223 1
29 17 223 1
80 81 1113 1
81 80 1113 1
10 14 380 1
14 10 380 1
48 58 400 1
58 48 400 1
56 80 431 1
80 56 431 1
14 15 772 1
15 14 772 1
66 67 177 1
67 66 177 1
22 64 1169 1
64 22 1169 1
16 17 998 1
17 16 998 1
72 73 517 1
73 72 517 1
4 8 148 1
8 4 148 1
22 23 140 1
23 22 140 1
28 29 741 1
29 28 741 1
29 80 961 1
80 29 961 1
12 14 278 1
14 12 278 1
44 49 304 1
49 44 304 1
72 75 453 1
75 72 453 1
84 88 224 1
88 84 224 1
16 29 882 1
29 16 882 1
81 84 1146 1
84 81 1146 1
85 113 705 1
113 85 705 1
1 63 334 1
63 1 334 1
50 52 243 1
52 50 243 1
69 90 1119 1
90 69 1119 1
43 46 341 1
46 43 341 1
44 46 353 1
46 44 353 1
90 92 135 1
92 90 135 1
0 12 517 1
12 0 517 1
42 47 281 1
47 42 281 1
11 61 675 1
61 11 675 1
85 87 616 1
87 85 616 1
94 97 266 1
97 94 266 1
58 66 198 1
66 58 198 1
89 113 633 1
113 89 633 1
44 48 114 1
48 44 114 1
71 75 163 1
75 71 163 1
16 63 1092 1
63 16 1092 1
17 63 324 1
63 17 324 1
16 72 287 1
72 16 287 1
72 76 257 1
76 72 257 1
3 23 271 1
23 3 271 1
51 55 568 1
55 51 568 1
48 49 410 1
49 48 410 1
78 81 1002 1
81 78 1002 1
79 81 136 1
81 79 136 1
28 62 527 1
62 28 527 1
59 66 363 1
66 59 363 1
60 62 241 1
62 60 241 1
61 65 175 1
65 61 175 1
86 88 460 1
88 86 460 1
29 76 555 1
76 29 555 1
48 50 202 1
50 48 202 1
90 91 735 1
91 90 735 1
0 58 565 1
58 0 565 1
17 57 439 1
57 17 439 1
19 68 313 1
68 19 313 1
84 85 1130 1
85 84 1130 1
95 115 205 1
115 95 205 1
39 87 370 1
87 39 370 1
36 80 330 1
80 36 330 1
30 72 390 1
72 30 390 1
51 53 271 1
53 51 271 1
0 52 934 1
52 0 934 1
16 78 122 1
78 16 122 1
38 88 311 1
88 38 311 1
76 77 238 1
77 76 238 1
9 35 1031 1
35 9 1031 1
6 14 476 1
14 6 476 1
46 47 309 1
47 46 309 1
1 17 391 1
17 1 391 1
32 33 149 1
33 32 149 1
87 113 899 1
113 87 899 1
3 85 893 1
85 3 893 1
13 15 277 1
15 13 277 1
43 44 290 1
44 43 290 1
6 12 248 1
12 6 248 1
36 40 213 1
40 36 213 1
41 83 252 1
83 41 252 1
59 61 271 1
61 59 271 1
28 81 975 1
81 28 975 1
104 105 204 1
105 104 204 1
39 40 508 1
40 39 508 1
55 87 559 1
87 55 559 1
93 101 103 1
101 93 103 1
105 114 152 1
114 105 152 1
16 36 349 1
36 16 349 1
67 69 345 1
69 67 345 1
12 60 825 1
60 12 825 1
34 44 373 1
44 34 373 1
75 76 374 1
76 75 374 1
79 84 1035 1
84 79 1035 1
15 115 902 1
115 15 902 1
22 30 218 1
30 22 218 1
43 47 146 1
47 43 146 1
85 89 220 1
89 85 220 1
28 36 321 1
36 28 321 1
28 40 248 1
40 28 248 1
72 80 384 1
80 72 384 1
102 103 508 1
103 102 508 1
5 27 165 1
27 5 165 1
29 37 304 1
37 29 304 1
29 72 629 1
72 29 629 1
52 54 402 1
54 52 402 1
96 110 214 1
110 96 214 1
108 114 218 1
114 108 218 1
9 15 219 1
15 9 219 1
98 99 479 1
99 98 479 1
5 9 157 1
9 5 157 1
23 92 1466 1
92 23 1466 1
4 5 350 1
5 4 350 1
12 52 1107 1
52 12 1107 1
16 81 1063 1
81 16 1063 1
35 45 385 1
45 35 385 1
36 72 276 1
72 36 276 1
4 26 161 1
26 4 161 1
5 35 974 1
35 5 974 1
56 99 1051 1
99 56 1051 1
50 66 475 1
66 50 475 1
29 31 454 1
31 29 454 1
90 94 414 1
94 90 414 1
54 89 853 1
89 54 853 1
66 103 1026 1
103 66 1026 1
71 73 163 1
73 71 163 1
29 73 113 1
73 29 113 1
48 66 357 1
66 48 357 1
12 13 959 1
13 12 959 1
47 110 210 1
110 47 210 1
1 112 1078 1
112 1 1078 1
50 60 475 1
60 50 475 1
40 82 231 1
82 40 231 1
43 45 199 1
45 43 199 1
70 75 355 1
75 70 355 1
76 81 691 1
81 76 691 1
6 93 1425 1
93 6 1425 1
53 55 448 1
55 53 448 1
14 93 1238 1
93 14 1238 1
54 104 337 1
104 54 337 1
29 78 851 1
78 29 851 1
17 79 135 1
79 17 135 1
37 76 441 1
76 37 441 1
50 51 698 1
51 50 698 1
94 105 354 1
105 94 354 1
28 41 661 1
41 28 661 1
36 81 848 1
81 36 848 1
37 81 336 1
81 37 336 1
16 73 769 1
73 16 769 1
16 74 335 1
74 16 335 1
28 32 528 1
32 28 528 1
42 45 300 1
45 42 300 1
15 107 739 1
107 15 739 1
36 74 242 1
74 36 242 1
46 51 585 1
51 46 585 1
16 56 380 1
56 16 380 1
28 30 436 1
30 28 436 1
43 49 240 1
49 43 240 1
46 49 541 1
49 46 541 1
34 64 445 1
64 34 445 1
29 33 510 1
33 29 510 1
20 26 232 1
26 20 232 1
0 59 847 1
59 0 847 1
56 78 391 1
78 56 391 1
41 80 868 1
80 41 868 1
48 52 415 1
52 48 415 1
44 47 404 1
47 44 404 1
17 28 894 1
28 17 894 1
38 40 158 1
40 38 158 1
101 103 106 1
103 101 106 1
4 64 1218 1
64 4 1218 1
51 59 486 1
59 51 486 1
51 52 786 1
52 51 786 1
0 48 847 1
48 0 847 1
10 52 956 1
52 10 956 1
29 56 983 1
56 29 983 1
45 49 111 1
49 45 111 1
62 83 1241 1
83 62 1241 1
2 4 569 1
4 2 569 1
87 104 852 1
104 87 852 1
62 80 268 1
80 62 268 1
19 69 323 1
69 19 323 1
59 103 1115 1
103 59 1115 1
71 109 576 1
109 71 576 1
102 106 217 1
106 102 217 1
20 88 611 1
88 20 611 1
68 83 1108 1
83 68 1108 1
2 24 548 1
24 2 548 1
3 89 961 1
89 3 961 1
70 72 158 1
72 70 158 1
19 90 1212 1
90 19 1212 1
6 91 1386 1
91 6 1386 1
68 85 974 1
85 68 974 1
71 77 297 1
77 71 297 1
17 80 1070 1
80 17 1070 1
22 34 922 1
34 22 922 1
65 75 753 1
75 65 753 1
71 72 402 1
72 71 402 1
72 78 300 1
78 72 300 1
91 101 197 1
101 91 197 1
1 61 385 1
61 1 385 1
2 48 1199 1
48 2 1199 1
57 99 846 1
99 57 846 1
17 78 955 1
78 17 955 1
58 67 368 1
67 58 368 1
25 39 702 1
39 25 702 1
31 70 334 1
70 31 334 1
57 76 691 1
76 57 691 1
32 72 471 1
72 32 471 1
36 84 341 1
84 36 341 1
47 96 412 1
96 47 412 1
88 113 635 1
113 88 635 1
71 95 547 1
95 71 547 1
28 56 545 1
56 28 545 1
57 78 938 1
78 57 938 1
57 81 488 1
81 57 488 1
84 86 610 1
86 84 610 1
86 87 805 1
87 86 805 1
83 85 549 1
85 83 549 1
11 71 374 1
71 11 374 1
82 93 1124 1
93 82 1124 1
1 57 172 1
57 1 172 1
21 48 1109 1
48 21 1109 1
30 32 574 1
32 30 574 1
41 82 687 1
82 41 687 1
0 103 1292 1
103 0 1292 1
31 33 517 1
33 31 517 1
60 66 370 1
66 60 370 1
71 76 392 1
76 71 392 1
97 105 299 1
105 97 299 1
23 24 403 1
24 23 403 1
32 63 656 1
63 32 656 1
6 22 333 1
22 6 333 1
28 33 585 1
33 28 585 1
39 55 254 1
55 39 254 1
55 96 492 1
96 55 492 1
61 63 238 1
63 61 238 1
94 110 220 1
110 94 220 1
17 74 721 1
74 17 721 1
1 11 394 1
11 1 394 1
104 108 301 1
108 104 301 1
2 22 228 1
22 2 228 1
37 73 278 1
73 37 278 1
45 65 388 1
65 45 388 1
68 97 933 1
97 68 933 1
7 29 417 1
29 7 417 1
72 81 860 1
81 72 860 1
23 64 1238 1
64 23 1238 1
29 57 596 1
57 29 596 1
31 81 775 1
81 31 775 1
110 111 172 1
111 110 172 1
30 33 526 1
33 30 526 1
27 54 856 1
54 27 856 1
28 78 272 1
78 28 272 1
37 113 578 1
113 37 578 1
42 49 396 1
49 42 396 1
73 77 274 1
77 73 274 1
3 27 634 1
27 3 634 1
67 90 867 1
90 67 867 1
96 104 297 1
104 96 297 1
17 37 368 1
37 17 368 1
29 79 257 1
79 29 257 1
31 64 1128 1
64 31 1128 1
40 41 506 1
41 40 506 1
59 67 245 1
67 59 245 1
70 77 376 1
77 70 376 1
10 13 1004 1
13 10 1004 1
33 71 374 1
71 33 374 1
48 67 417 1
67 48 417 1
54 113 426 1
113 54 426 1
58 59 496 1
59 58 496 1
35 69 473 1
69 35 473 1
54 55 651 1
55 54 651 1
6 10 299 1
10 6 299 1
4 22 457 1
22 4 457 1
11 15 385 1
15 11 385 1
13 112 1199 1
112 13 1199 1
21 44 1047 1
44 21 1047 1
29 30 533 1
30 29 533 1
38 39 465 1
39 38 465 1
7 71 395 1
71 7 395 1
28 31 545 1
31 28 545 1
16 57 981 1
57 16 981 1
16 76 379 1
76 16 379 1
17 73 298 1
73 17 298 1
30 70 259 1
70 30 259 1
47 49 380 1
49 47 380 1
49 61 452 1
61 49 452 1
109 115 211 1
115 109 211 1
24 64 1287 1
64 24 1287 1
31 72 482 1
72 31 482 1
33 81 613 1
81 33 613 1
40 72 200 1
72 40 200 1
97 104 399 1
104 97 399 1
27 89 807 1
89 27 807 1
29 71 259 1
71 29 259 1
59 102 1214 1
102 59 1214 1
2 67 952 1
67 2 952 1
1 16 963 1
16 1 963 1
4 27 279 1
27 4 279 1
20 38 349 1
38 20 349 1
25 31 272 1
31 25 272 1
54 96 167 1
96 54 167 1
104 109 377 1
109 104 377 1
1 13 546 1
13 1 546 1
5 45 1343 1
45 5 1343 1
10 20 506 1
20 10 506 1
45 48 304 1
48 45 304 1
3 7 185 1
7 3 185 1
13 63 653 1
63 13 653 1
37 71 401 1
71 37 401 1
3 54 1096 1
54 3 1096 1
82 86 143 1
86 82 143 1
4 24 144 1
24 4 144 1
34 35 126 1
35 34 126 1
36 38 122 1
38 36 122 1
4 23 506 1
23 4 506 1
20 24 393 1
24 20 393 1
57 84 1116 1
84 57 1116 1
57 98 1043 1
98 57 1043 1
75 77 210 1
77 75 210 1
20 84 687 1
84 20 687 1
21 105 742 1
105 21 742 1
35 44 409 1
44 35 409 1
41 62 1018 1
62 41 1018 1
58 60 266 1
60 58 266 1
11 74 727 1
74 11 727 1
0 60 405 1
60 0 405 1
36 37 542 1
37 36 542 1
48 96 608 1
96 48 608 1
74 81 792 1
81 74 792 1
20 25 402 1
25 20 402 1
22 25 402 1
25 22 402 1
37 74 520 1
74 37 520 1
64 84 478 1
84 64 478 1
76 78 312 1
78 76 312 1
2 34 808 1
34 2 808 1
23 26 522 1
26 23 522 1
33 80 703 1
80 33 703 1
2 8 554 1
8 2 554 1
6 34 815 1
34 6 815 1
16 95 729 1
95 16 729 1
21 108 562 1
108 21 562 1
18 60 647 1
60 18 647 1
30 78 663 1
78 30 663 1
46 96 270 1
96 46 270 1
11 63 488 1
63 11 488 1
19 83 893 1
83 19 893 1
87 114 818 1
114 87 818 1
12 58 1025 1
58 12 1025 1
35 65 453 1
65 35 453 1
97 110 221 1
110 97 221 1
10 26 620 1
26 10 620 1
39 104 557 1
104 39 557 1
20 22 544 1
22 20 544 1
81 85 175 1
85 81 175 1
29 40 655 1
40 29 655 1
48 59 599 1
59 48 599 1
53 113 487 1
113 53 487 1
63 83 697 1
83 63 697 1
64 108 748 1
108 64 748 1
97 108 170 1
108 97 170 1
45 47 345 1
47 45 345 1
4 108 880 1
108 4 880 1
37 77 246 1
77 37 246 1
71 74 359 1
74 71 359 1
9 65 1235 1
65 9 1235 1
26 69 1109 1
69 26 1109 1
31 80 848 1
80 31 848 1
103 107 239 1
107 103 239 1
0 69 556 1
69 0 556 1
31 40 592 1
40 31 592 1
69 110 773 1
110 69 773 1
11 37 515 1
37 11 515 1
39 106 557 1
106 39 557 1
24 30 283 1
30 24 283 1
36 73 600 1
73 36 600 1
6 8 485 1
8 6 485 1
7 31 345 1
31 7 345 1
7 33 515 1
33 7 515 1
24 26 201 1
26 24 201 1
91 94 561 1
94 91 561 1
10 53 1310 1
53 10 1310 1
11 17 224 1
17 11 224 1
12 61 1246 1
61 12 1246 1
30 34 790 1
34 30 790 1
56 81 1090 1
81 56 1090 1
1 37 646 1
37 1 646 1
2 66 917 1
66 2 917 1
36 76 232 1
76 36 232 1
22 88 1044 1
88 22 1044 1
27 109 761 1
109 27 761 1
75 81 434 1
81 75 434 1
82 101 1107 1
101 82 1107 1
99 101 266 1
101 99 266 1
23 27 506 1
27 23 506 1
52 53 746 1
53 52 746 1
94 115 181 1
115 94 181 1
74 78 322 1
78 74 322 1
89 103 468 1
103 89 468 1
32 81 728 1
81 32 728 1
50 54 543 1
54 50 543 1
67 110 507 1
110 67 507 1
99 111 265 1
111 99 265 1
7 65 934 1
65 7 934 1
14 20 320 1
20 14 320 1
53 87 998 1
87 53 998 1
19 80 851 1
80 19 851 1
23 85 1053 1
85 23 1053 1
24 38 730 1
38 24 730 1
39 96 494 1
96 39 494 1
77 80 662 1
80 77 662 1
29 74 571 1
74 29 571 1
55 104 526 1
104 55 526 1
16 41 813 1
41 16 813 1
25 35 978 1
35 25 978 1
55 114 395 1
114 55 395 1
6 64 941 1
64 6 941 1
10 93 1289 1
93 10 1289 1
23 83 710 1
83 23 710 1
40 70 311 1
70 40 311 1
67 94 677 1
94 67 677 1
79 86 986 1
86 79 986 1
5 8 493 1
8 5 493 1
49 59 382 1
59 49 382 1
11 29 239 1
29 11 239 1
16 40 399 1
40 16 399 1
25 30 292 1
30 25 292 1
40 80 433 1
80 40 433 1
45 67 282 1
67 45 282 1
7 73 434 1
73 7 434 1
40 73 549 1
73 40 549 1
1 89 788 1
89 1 788 1
5 25 129 1
25 5 129 1
6 20 561 1
20 6 561 1
30 64 1064 1
64 30 1064 1
52 89 1027 1
89 52 1027 1
3 73 493 1
73 3 493 1
11 75 388 1
75 11 388 1
11 76 704 1
76 11 704 1
13 59 1042 1
59 13 1042 1
20 36 396 1
36 20 396 1
20 93 974 1
93 20 974 1
42 48 243 1
48 42 243 1
59 63 501 1
63 59 501 1
1 68 549 1
68 1 549 1
30 40 513 1
40 30 513 1
30 81 847 1
81 30 847 1
78 111 693 1
111 78 693 1
76 79 567 1
79 76 567 1
92 109 522 1
109 92 522 1
5 7 538 1
7 5 538 1
44 96 580 1
96 44 580 1
57 80 1050 1
80 57 1050 1
1 3 446 1
3 1 446 1
14 82 179 1
82 14 179 1
14 91 1235 1
91 14 1235 1
36 56 615 1
56 36 615 1
27 55 790 1
55 27 790 1
32 78 484 1
78 32 484 1
52 58 705 1
58 52 705 1
65 71 835 1
71 65 835 1
29 63 531 1
63 29 531 1
16 37 809 1
37 16 809 1
16 99 951 1
99 16 951 1
30 71 303 1
71 30 303 1
46 48 368 1
48 46 368 1
87 88 1035 1
88 87 1035 1
97 114 263 1
114 97 263 1
104 114 171 1
114 104 171 1
105 110 411 1
110 105 411 1
35 47 370 1
47 35 370 1
73 81 406 1
81 73 406 1
11 16 1004 1
16 11 1004 1
12 48 1186 1
48 12 1186 1
16 83 1029 1
83 16 1029 1
62 72 566 1
72 62 566 1
62 82 720 1
82 62 720 1
64 114 838 1
114 64 838 1
67 97 637 1
97 67 637 1
26 35 893 1
35 26 893 1
30 57 852 1
57 30 852 1
36 41 570 1
41 36 570 1
17 85 352 1
85 17 352 1
34 45 409 1
45 34 409 1
37 87 433 1
87 37 433 1
6 58 957 1
58 6 957 1
11 65 770 1
65 11 770 1
17 76 648 1
76 17 648 1
97 109 174 1
109 97 174 1
3 92 1420 1
92 3 1420 1
4 6 536 1
6 4 536 1
84 113 718 1
113 84 718 1
10 11 986 1
11 10 986 1
22 84 1027 1
84 22 1027 1
43 96 503 1
96 43 503 1
100 102 87 1
102 100 87 1
3 87 809 1
87 3 809 1
8 101 1359 1
101 8 1359 1
12 59 1240 1
59 12 1240 1
21 55 604 1
55 21 604 1
22 31 234 1
31 22 234 1
69 91 1081 1
91 69 1081 1
47 108 359 1
108 47 359 1
103 106 532 1
106 103 532 1
0 18 364 1
18 0 364 1
1 53 949 1
53 1 949 1
17 56 1024 1
56 17 1024 1
102 107 560 1
107 102 560 1
5 26 263 1
26 5 263 1
28 57 964 1
57 28 964 1
31 78 755 1
78 31 755 1
75 80 775 1
80 75 775 1
95 97 97 1
97 95 97 1
6 24 555 1
24 6 555 1
37 78 740 1
78 37 740 1
46 55 584 1
55 46 584 1
65 73 763 1
73 65 763 1
95 107 258 1
107 95 258 1
60 91 1127 1
91 60 1127 1
0 14 728 1
14 0 728 1
17 33 512 1
33 17 512 1
63 73 569 1
73 63 569 1
86 113 874 1
113 86 874 1
21 25 360 1
25 21 360 1
47 67 492 1
67 47 492 1
71 79 426 1
79 71 426 1
104 106 195 1
106 104 195 1
1 98 1107 1
98 1 1107 1
5 48 1432 1
48 5 1432 1
52 59 956 1
59 52 956 1
98 111 265 1
111 98 265 1
5 109 897 1
109 5 897 1
37 57 643 1
57 37 643 1
54 103 653 1
103 54 653 1
61 107 939 1
107 61 939 1
11 33 518 1
33 11 518 1
51 96 733 1
96 51 733 1
9 92 1428 1
92 9 1428 1
28 82 255 1
82 28 255 1
60 63 1021 1
63 60 1021 1
69 104 1167 1
104 69 1167 1
80 99 917 1
99 80 917 1
81 86 1091 1
86 81 1091 1
1 54 1073 1
54 1 1073 1
12 93 1368 1
93 12 1368 1
17 83 381 1
83 17 381 1
113 114 95 1
114 113 95 1
20 64 962 1
64 20 962 1
27 113 1016 1
113 27 1016 1
103 104 369 1
104 103 369 1
0 107 1161 1
107 0 1161 1
1 85 630 1
85 1 630 1
17 84 1128 1
84 17 1128 1
29 95 532 1
95 29 532 1
37 85 343 1
85 37 343 1
47 48 490 1
48 47 490 1
104 113 229 1
113 104 229 1
15 65 1052 1
65 15 1052 1
17 32 646 1
32 17 646 1
21 96 648 1
96 21 648 1
42 96 429 1
96 42 429 1
79 85 260 1
85 79 260 1
16 32 504 1
32 16 504 1
29 75 189 1
75 29 189 1
60 61 893 1
61 60 893 1
64 70 831 1
70 64 831 1
65 79 512 1
79 65 512 1
90 110 460 1
110 90 460 1
57 79 431 1
79 57 431 1
1 32 484 1
32 1 484 1
2 30 317 1
30 2 317 1
13 89 713 1
89 13 713 1
21 46 873 1
46 21 873 1
48 55 832 1
55 48 832 1
94 108 97 1
108 94 97 1
1 87 873 1
87 1 873 1
20 34 683 1
34 20 683 1
33 72 507 1
72 33 507 1
35 67 262 1
67 35 262 1
38 96 284 1
96 38 284 1
46 52 244 1
52 46 244 1
16 112 888 1
112 16 888 1
30 80 748 1
80 30 748 1
52 96 418 1
96 52 418 1
68 89 1110 1
89 68 1110 1
5 39 639 1
39 5 639 1
10 74 381 1
74 10 381 1
26 89 900 1
89 26 900 1
59 69 338 1
69 59 338 1
75 78 667 1
78 75 667 1
13 65 935 1
65 13 935 1
20 96 592 1
96 20 592 1
25 38 749 1
38 25 749 1
25 87 575 1
87 25 575 1
17 71 423 1
71 17 423 1
26 96 811 1
96 26 811 1
31 71 265 1
71 31 265 1
47 69 806 1
69 47 806 1
64 88 675 1
88 64 675 1
108 110 194 1
110 108 194 1
13 102 1295 1
102 13 1295 1
16 68 706 1
68 16 706 1
34 42 401 1
42 34 401 1
57 71 630 1
71 57 630 1
63 85 364 1
85 63 364 1
101 106 633 1
106 101 633 1
3 76 687 1
76 3 687 1
8 12 346 1
12 8 346 1
47 90 580 1
90 47 580 1
56 72 566 1
72 56 566 1
37 84 862 1
84 37 862 1
87 89 476 1
89 87 476 1
11 73 310 1
73 11 310 1
40 75 477 1
75 40 477 1
52 103 773 1
103 52 773 1
63 112 915 1
112 63 915 1
0 90 1005 1
90 0 1005 1
21 114 752 1
114 21 752 1
29 36 705 1
36 29 705 1
0 112 1084 1
112 0 1084 1
7 75 499 1
75 7 499 1
40 56 722 1
56 40 722 1
46 53 547 1
53 46 547 1
68 69 164 1
69 68 164 1
77 81 453 1
81 77 453 1
78 95 636 1
95 78 636 1
2 58 959 1
58 2 959 1
16 71 654 1
71 16 654 1
25 45 1358 1
45 25 1358 1
61 95 778 1
95 61 778 1
69 92 1197 1
92 69 1197 1
3 113 1250 1
113 3 1250 1
20 55 690 1
55 20 690 1
29 84 1027 1
84 29 1027 1
33 75 426 1
75 33 426 1
33 107 867 1
107 33 867 1
59 60 718 1
60 59 718 1
74 77 362 1
77 74 362 1
74 80 415 1
80 74 415 1
9 25 252 1
25 9 252 1
13 14 902 1
14 13 902 1
24 35 1010 1
35 24 1010 1
27 69 1092 1
69 27 1092 1
32 62 548 1
62 32 548 1
41 86 672 1
86 41 672 1
27 96 825 1
96 27 825 1
34 36 459 1
36 34 459 1
53 89 552 1
89 53 552 1
68 113 1115 1
113 68 1115 1
75 79 318 1
79 75 318 1
78 79 878 1
79 78 878 1
1 56 851 1
56 1 851 1
2 35 833 1
35 2 833 1
3 83 681 1
83 3 681 1
19 107 1100 1
107 19 1100 1
55 106 607 1
106 55 607 1
73 78 740 1
78 73 740 1
103 105 173 1
105 103 173 1
1 81 501 1
81 1 501 1
5 67 1194 1
67 5 1194 1
17 111 850 1
111 17 850 1
29 32 631 1
32 29 631 1
36 62 525 1
62 36 525 1
7 39 737 1
39 7 737 1
9 61 1165 1
61 9 1165 1
26 98 979 1
98 26 979 1
27 104 911 1
104 27 911 1
42 50 271 1
50 42 271 1
0 50 829 1
50 0 829 1
2 21 636 1
21 2 636 1
4 70 430 1
70 4 430 1
6 35 860 1
35 6 860 1
46 50 303 1
50 46 303 1
49 55 664 1
55 49 664 1
71 80 755 1
80 71 755 1
43 48 391 1
48 43 391 1
57 111 890 1
111 57 890 1
68 95 921 1
95 68 921 1
70 80 524 1
80 70 524 1
90 102 246 1
102 90 246 1
20 53 1075 1
53 20 1075 1
23 84 1113 1
84 23 1113 1
30 36 645 1
36 30 645 1
59 62 914 1
62 59 914 1
73 80 850 1
80 73 850 1
8 51 1496 1
51 8 1496 1
32 74 456 1
74 32 456 1
63 80 1146 1
80 63 1146 1
76 80 424 1
80 76 424 1
8 14 205 1
14 8 205 1
68 87 1214 1
87 68 1214 1
24 88 947 1
88 24 947 1
33 63 547 1
63 33 547 1
63 74 885 1
74 63 885 1
65 87 1028 1
87 65 1028 1
5 65 1232 1
65 5 1232 1
8 55 1109 1
55 8 1109 1
12 15 906 1
15 12 906 1
25 96 984 1
96 25 984 1
41 56 991 1
56 41 991 1
62 68 629 1
68 62 629 1
83 115 786 1
115 83 786 1
92 102 211 1
102 92 211 1
0 6 417 1
6 0 417 1
0 21 821 1
21 0 821 1
20 27 271 1
27 20 271 1
22 26 505 1
26 22 505 1
36 75 517 1
75 36 517 1
91 92 669 1
92 91 669 1
5 108 888 1
108 5 888 1
15 82 832 1
82 15 832 1
26 54 816 1
54 26 816 1
70 74 155 1
74 70 155 1
2 50 1192 1
50 2 1192 1
2 93 1417 1
93 2 1417 1
9 14 725 1
14 9 725 1
13 75 440 1
75 13 440 1
20 46 831 1
46 20 831 1
30 73 455 1
73 30 455 1
31 77 552 1
77 31 552 1
69 97 875 1
97 69 875 1
105 115 176 1
115 105 176 1
55 113 437 1
113 55 437 1
61 102 1213 1
102 61 1213 1
36 88 289 1
88 36 289 1
59 107 1064 1
107 59 1064 1
70 73 402 1
73 70 402 1
20 44 1027 1
44 20 1027 1
51 61 458 1
61 51 458 1
55 108 332 1
108 55 332 1
64 81 1132 1
81 64 1132 1
70 76 285 1
76 70 285 1
9 109 978 1
109 9 978 1
12 50 1114 1
50 12 1114 1
16 111 812 1
111 16 812 1
21 47 833 1
47 21 833 1
40 57 982 1
57 40 982 1
50 59 774 1
59 50 774 1
65 88 1179 1
88 65 1179 1
1 83 729 1
83 1 729 1
15 112 1123 1
112 15 1123 1
33 61 545 1
61 33 545 1
40 77 472 1
77 40 472 1
47 94 415 1
94 47 415 1
58 90 890 1
90 58 890 1
68 86 1151 1
86 68 1151 1
84 87 1148 1
87 84 1148 1
1 52 1206 1
52 1 1206 1
9 90 1391 1
90 9 1391 1
22 38 846 1
38 22 846 1
26 47 1071 1
47 26 1071 1
36 78 263 1
78 36 263 1
67 103 944 1
103 67 944 1
95 104 381 1
104 95 381 1
17 72 781 1
72 17 781 1
21 34 706 1
34 21 706 1
30 56 778 1
56 30 778 1
41 73 204 1
73 41 204 1
51 66 580 1
66 51 580 1
71 78 647 1
78 71 647 1
71 81 550 1
81 71 550 1
11 109 804 1
109 11 804 1
32 66 416 1
66 32 416 1
33 65 634 1
65 33 634 1
37 41 217 1
41 37 217 1
40 62 664 1
62 40 664 1
43 51 245 1
51 43 245 1
44 51 440 1
51 44 440 1
56 98 821 1
98 56 821 1
0 66 594 1
66 0 594 1
32 73 550 1
73 32 550 1
40 76 327 1
76 40 327 1
17 62 1129 1
62 17 1129 1
52 112 417 1
112 52 417 1
73 79 296 1
79 73 296 1
11 85 574 1
85 11 574 1
23 113 1322 1
113 23 1322 1
28 99 923 1
99 28 923 1
9 45 1389 1
45 9 1389 1
19 94 903 1
94 19 903 1
19 111 1024 1
111 19 1024 1
2 44 1165 1
44 2 1165 1
10 15 968 1
15 10 968 1
10 48 1025 1
48 10 1025 1
11 81 403 1
81 11 403 1
15 33 738 1
33 15 738 1
36 57 914 1
57 36 914 1
37 95 241 1
95 37 241 1
61 89 738 1
89 61 738 1
61 115 933 1
115 61 933 1
111 115 269 1
115 111 269 1
5 47 1154 1
47 5 1154 1
6 48 1184 1
48 6 1184 1
15 100 1225 1
100 15 1225 1
25 40 618 1
40 25 618 1
29 77 357 1
77 29 357 1
31 56 851 1
56 31 851 1
38 55 598 1
55 38 598 1
89 102 866 1
102 89 866 1
2 18 379 1
18 2 379 1
7 11 254 1
11 7 254 1
21 26 271 1
26 21 271 1
32 60 487 1
60 32 487 1
61 112 910 1
112 61 910 1
88 89 1035 1
89 88 1035 1
42 110 303 1
110 42 303 1
47 97 280 1
97 47 280 1
82 83 881 1
83 82 881 1
5 58 1366 1
58 5 1366 1
12 51 1375 1
51 12 1375 1
20 52 976 1
52 20 976 1
33 78 590 1
78 33 590 1
56 62 252 1
62 56 252 1
87 106 830 1
106 87 830 1
90 107 713 1
107 90 713 1
1 76 689 1
76 1 689 1
25 114 1103 1
114 25 1103 1
56 83 1181 1
83 56 1181 1
89 112 666 1
112 89 666 1
96 106 277 1
106 96 277 1
6 18 473 1
18 6 473 1
8 46 1191 1
46 8 1191 1
12 53 1414 1
53 12 1414 1
22 93 1426 1
93 22 1426 1
25 27 193 1
27 25 193 1
27 53 1217 1
53 27 1217 1
31 39 657 1
39 31 657 1
46 110 220 1
110 46 220 1
63 81 293 1
81 63 293 1
86 114 787 1
114 86 787 1
0 67 703 1
67 0 703 1
6 44 1164 1
44 6 1164 1
8 53 1492 1
53 8 1492 1
16 75 702 1
75 16 702 1
18 19 147 1
19 18 147 1
18 62 706 1
62 18 706 1
21 24 413 1
24 21 413 1
24 54 987 1
54 24 987 1
24 93 1326 1
93 24 1326 1
34 65 549 1
65 34 549 1
37 86 777 1
86 37 777 1
41 94 523 1
94 41 523 1
63 78 1033 1
78 63 1033 1
95 111 347 1
111 95 347 1
2 25 585 1
25 2 585 1
3 37 746 1
37 3 746 1
3 74 666 1
74 3 666 1
7 9 490 1
9 7 490 1
9 44 1434 1
44 9 1434 1
12 18 670 1
18 12 670 1
21 50 1091 1
50 21 1091 1
21 64 1051 1
64 21 1051 1
26 84 884 1
84 26 884 1
34 84 580 1
84 34 580 1
36 64 637 1
64 36 637 1
38 106 276 1
106 38 276 1
39 108 341 1
108 39 341 1
65 74 952 1
74 65 952 1
79 88 1019 1
88 79 1019 1
24 114 1125 1
114 24 1125 1
31 34 815 1
34 31 815 1
37 39 117 1
39 37 117 1
77 92 835 1
92 77 835 1
0 89 1205 1
89 0 1205 1
1 79 428 1
79 1 428 1
1 95 815 1
95 1 815 1
19 62 792 1
62 19 792 1
41 81 452 1
81 41 452 1
85 114 680 1
114 85 680 1
13 71 401 1
71 13 401 1
14 107 941 1
107 14 941 1
26 108 761 1
108 26 761 1
27 84 956 1
84 27 956 1
30 75 454 1
75 30 454 1
58 69 426 1
69 58 426 1
100 103 576 1
103 100 576 1
14 88 613 1
88 14 613 1
19 56 574 1
56 19 574 1
24 27 252 1
27 24 252 1
70 71 263 1
71 70 263 1
70 93 1035 1
93 70 1035 1
2 12 394 1
12 2 394 1
4 20 334 1
20 4 334 1
92 100 157 1
100 92 157 1
94 107 417 1
107 94 417 1
97 111 292 1
111 97 292 1
5 69 1149 1
69 5 1149 1
19 115 1045 1
115 19 1045 1
57 73 601 1
73 57 601 1
2 110 1015 1
110 2 1015 1
27 35 871 1
35 27 871 1
33 73 444 1
73 33 444 1
37 40 562 1
40 37 562 1
37 83 399 1
83 37 399 1
81 83 446 1
83 81 446 1
104 110 417 1
110 104 417 1
1 74 790 1
74 1 790 1
11 53 1019 1
53 11 1019 1
54 114 381 1
114 54 381 1
92 98 220 1
98 92 220 1
12 91 1349 1
91 12 1349 1
28 74 188 1
74 28 188 1
31 32 596 1
32 31 596 1
53 54 818 1
54 53 818 1
80 84 162 1
84 80 162 1
1 78 939 1
78 1 939 1
9 69 1181 1
69 9 1181 1
27 108 748 1
108 27 748 1
30 76 537 1
76 30 537 1
47 91 332 1
91 47 332 1
56 63 1014 1
63 56 1014 1
63 102 1192 1
102 63 1192 1
98 102 260 1
102 98 260 1
1 29 521 1
29 1 521 1
7 13 237 1
13 7 237 1
25 86 638 1
86 25 638 1
31 37 658 1
37 31 658 1
37 80 842 1
80 37 842 1
89 104 710 1
104 89 710 1
91 103 258 1
103 91 258 1
0 102 1108 1
102 0 1108 1
11 95 744 1
95 11 744 1
25 88 998 1
88 25 998 1
79 87 531 1
87 79 531 1
105 111 367 1
111 105 367 1
0 54 794 1
54 0 794 1
28 111 842 1
111 28 842 1
29 41 234 1
41 29 234 1
29 106 855 1
106 29 855 1
38 86 366 1
86 38 366 1
41 72 550 1
72 41 550 1
78 84 235 1
84 78 235 1
85 92 1003 1
92 85 1003 1
97 103 349 1
103 97 349 1
2 101 1431 1
101 2 1431 1
6 60 799 1
60 6 799 1
12 103 1282 1
103 12 1282 1
13 107 881 1
107 13 881 1
20 35 677 1
35 20 677 1
0 10 381 1
10 0 381 1
12 20 477 1
20 12 477 1
21 22 558 1
22 21 558 1
29 39 339 1
39 29 339 1
31 94 836 1
94 31 836 1
40 74 182 1
74 40 182 1
40 99 752 1
99 40 752 1
3 109 922 1
109 3 922 1
8 49 1478 1
49 8 1478 1
11 32 663 1
32 11 663 1
14 52 1090 1
52 14 1090 1
16 82 421 1
82 16 421 1
22 36 835 1
36 22 835 1
22 114 1232 1
114 22 1232 1
27 85 894 1
85 27 894 1
50 58 486 1
58 50 486 1
65 95 715 1
95 65 715 1
78 107 864 1
107 78 864 1
95 99 272 1
99 95 272 1
10 51 1261 1
51 10 1261 1
11 12 972 1
12 11 972 1
18 63 774 1
63 18 774 1
21 42 978 1
42 21 978 1
26 55 856 1
55 26 856 1
15 90 1267 1
90 15 1267 1
15 92 1292 1
92 15 1292 1
28 76 345 1
76 28 345 1
34 110 327 1
110 34 327 1
78 99 844 1
99 78 844 1
81 88 1121 1
88 81 1121 1
1 15 757 1
15 1 757 1
10 38 560 1
38 10 560 1
38 54 263 1
54 38 263 1
39 114 488 1
114 39 488 1
81 98 940 1
98 81 940 1
108 109 87 1
109 108 87 1
3 71 399 1
71 3 399 1
11 72 773 1
72 11 773 1
17 30 703 1
30 17 703 1
22 110 1082 1
110 22 1082 1
37 68 886 1
68 37 886 1
39 73 305 1
73 39 305 1
57 68 520 1
68 57 520 1
80 95 719 1
95 80 719 1
80 111 747 1
111 80 747 1
91 111 390 1
111 91 390 1
3 13 410 1
13 3 410 1
9 39 688 1
39 9 688 1
14 38 497 1
38 14 497 1
17 75 351 1
75 17 351 1
28 83 861 1
83 28 861 1
64 92 764 1
92 64 764 1
68 81 913 1
81 68 913 1
83 86 863 1
86 83 863 1
0 2 460 1
2 0 460 1
13 33 629 1
33 13 629 1
21 88 754 1
88 21 754 1
26 93 1144 1
93 26 1144 1
39 75 260 1
75 39 260 1
64 91 1046 1
91 64 1046 1
67 108 667 1
108 67 667 1
76 95 396 1
95 76 396 1
77 109 318 1
109 77 318 1
83 100 1134 1
100 83 1134 1
2 91 1366 1
91 2 1366 1
5 92 1324 1
92 5 1324 1
26 52 1199 1
52 26 1199 1
29 83 227 1
83 29 227 1
33 56 531 1
56 33 531 1
76 106 536 1
106 76 536 1
96 97 322 1
97 96 322 1
13 16 1048 1
16 13 1048 1
34 88 672 1
88 34 672 1
39 77 312 1
77 39 312 1
3 11 395 1
11 3 395 1
3 112 1257 1
112 3 1257 1
7 70 592 1
70 7 592 1
19 23 597 1
23 19 597 1
28 63 1049 1
63 28 1049 1
36 99 637 1
99 36 637 1
49 53 406 1
53 49 406 1
80 82 469 1
82 80 469 1
0 105 1170 1
105 0 1170 1
6 70 405 1
70 6 405 1
9 47 1209 1
47 9 1209 1
14 22 562 1
22 14 562 1
19 89 1004 1
89 19 1004 1
29 100 1082 1
100 29 1082 1
54 106 240 1
106 54 240 1
85 109 570 1
109 85 570 1
91 110 456 1
110 91 456 1
13 49 1151 1
49 13 1151 1
19 97 912 1
97 19 912 1
23 31 199 1
31 23 199 1
26 92 1145 1
92 26 1145 1
31 57 796 1
57 31 796 1
3 19 382 1
19 3 382 1
35 110 305 1
110 35 305 1
55 89 213 1
89 55 213 1
3 68 689 1
68 3 689 1
6 21 662 1
21 6 662 1
16 19 740 1
19 16 740 1
35 88 741 1
88 35 741 1
68 80 778 1
80 68 778 1
78 115 652 1
115 78 652 1
8 65 1425 1
65 8 1425 1
9 58 1436 1
58 9 1436 1
17 31 618 1
31 17 618 1
56 71 777 1
71 56 777 1
57 77 533 1
77 57 533 1
58 103 1188 1
103 58 1188 1
21 94 569 1
94 21 569 1
26 113 1029 1
113 26 1029 1
77 79 329 1
79 77 329 1
23 25 373 1
25 23 373 1
60 103 1182 1
103 60 1182 1
97 99 180 1
99 97 180 1
3 79 634 1
79 3 634 1
7 77 619 1
77 7 619 1
25 104 1095 1
104 25 1095 1
39 86 698 1
86 39 698 1
47 51 339 1
51 47 339 1
65 89 679 1
89 65 679 1
74 79 666 1
79 74 666 1
91 108 473 1
108 91 473 1
11 113 1085 1
113 11 1085 1
17 36 828 1
36 17 828 1
17 41 414 1
41 17 414 1
22 92 1425 1
92 22 1425 1
51 54 884 1
54 51 884 1
68 103 1277 1
103 68 1277 1
87 108 698 1
108 87 698 1
94 111 316 1
111 94 316 1
1 51 787 1
51 1 787 1
57 72 874 1
72 57 874 1
69 108 886 1
108 69 886 1
77 78 550 1
78 77 550 1
77 94 396 1
94 77 396 1
1 73 531 1
73 1 531 1
11 106 1080 1
106 11 1080 1
18 46 984 1
46 18 984 1
19 41 815 1
41 19 815 1
38 113 550 1
113 38 550 1
41 77 345 1
77 41 345 1
28 73 629 1
73 28 629 1
2 5 685 1
5 2 685 1
33 77 332 1
77 33 332 1
50 55 863 1
55 50 863 1
77 111 559 1
111 77 559 1
83 94 771 1
94 83 771 1
0 15 1084 1
15 0 1084 1
2 46 1126 1
46 2 1126 1
53 74 995 1
74 53 995 1
63 100 1236 1
100 63 1236 1
83 97 654 1
97 83 654 1
85 88 1097 1
88 85 1097 1
17 87 519 1
87 17 519 1
24 34 1021 1
34 24 1021 1
24 36 774 1
36 24 774 1
66 106 937 1
106 66 937 1
79 80 991 1
80 79 991 1
81 99 581 1
99 81 581 1
88 104 496 1
104 88 496 1
8 35 1046 1
35 8 1046 1
16 84 311 1
84 16 311 1
37 65 654 1
65 37 654 1
50 62 545 1
62 50 545 1
66 70 775 1
70 66 775 1
69 103 1214 1
103 69 1214 1
97 115 218 1
115 97 218 1
103 110 496 1
110 103 496 1
11 87 539 1
87 11 539 1
12 49 1320 1
49 12 1320 1
12 112 1186 1
112 12 1186 1
20 48 1072 1
48 20 1072 1
27 98 999 1
98 27 999 1
29 62 1067 1
62 29 1067 1
58 61 717 1
61 58 717 1
62 73 961 1
73 62 961 1
65 109 696 1
109 65 696 1
84 98 455 1
98 84 455 1
21 110 690 1
110 21 690 1
23 88 1119 1
88 23 1119 1
39 65 768 1
65 39 768 1
68 100 1230 1
100 68 1230 1
68 112 1063 1
112 68 1063 1
76 100 714 1
100 76 714 1
77 97 366 1
97 77 366 1
14 115 869 1
115 14 869 1
24 31 318 1
31 24 318 1
56 111 893 1
111 56 893 1
61 75 723 1
75 61 723 1
66 102 974 1
102 66 974 1
104 111 377 1
111 104 377 1
63 76 747 1
76 63 747 1
69 89 1015 1
89 69 1015 1
86 97 801 1
97 86 801 1
107 111 490 1
111 107 490 1
0 91 1266 1
91 0 1266 1
2 45 1193 1
45 2 1193 1
14 35 910 1
35 14 910 1
15 19 867 1
19 15 867 1
16 33 609 1
33 16 609 1
21 51 1039 1
51 21 1039 1
42 98 381 1
98 42 381 1
76 84 486 1
84 76 486 1
25 55 952 1
55 25 952 1
26 90 1088 1
90 26 1088 1
26 109 775 1
109 26 775 1
35 58 514 1
58 35 514 1
50 103 905 1
103 50 905 1
60 93 1168 1
93 60 1168 1
0 61 943 1
61 0 943 1
3 22 347 1
22 3 347 1
6 90 1185 1
90 6 1185 1
13 60 1245 1
60 13 1245 1
28 95 668 1
95 28 668 1
37 72 595 1
72 37 595 1
49 65 308 1
65 49 308 1
60 101 1230 1
101 60 1230 1
61 82 1268 1
82 61 1268 1
3 17 565 1
17 3 565 1
9 108 974 1
108 9 974 1
17 98 995 1
98 17 995 1
32 34 327 1
34 32 327 1
35 38 574 1
38 35 574 1
36 70 395 1
70 36 395 1
45 46 448 1
46 45 448 1
59 112 915 1
112 59 915 1
7 76 747 1
76 7 747 1
19 77 567 1
77 19 567 1
21 38 458 1
38 21 458 1
48 103 924 1
103 48 924 1
64 93 1076 1
93 64 1076 1
65 84 1120 1
84 65 1120 1
85 86 1120 1
86 85 1120 1
92 104 310 1
104 92 310 1
15 102 1152 1
102 15 1152 1
21 27 209 1
27 21 209 1
26 88 791 1
88 26 791 1
29 99 709 1
99 29 709 1
44 110 439 1
110 44 439 1
45 58 519 1
58 45 519 1
70 91 1000 1
91 70 1000 1
80 83 1100 1
83 80 1100 1
89 107 337 1
107 89 337 1
2 64 992 1
64 2 992 1
3 65 942 1
65 3 942 1
4 25 258 1
25 4 258 1
4 47 1192 1
47 4 1192 1
6 67 991 1
67 6 991 1
7 61 813 1
61 7 813 1
14 61 1285 1
61 14 1285 1
28 101 1105 1
101 28 1105 1
37 75 239 1
75 37 239 1
37 79 267 1
79 37 267 1
43 110 298 1
110 43 298 1
66 101 1048 1
101 66 1048 1
67 70 784 1
70 67 784 1
75 84 839 1
84 75 839 1
62 112 883 1
112 62 883 1
67 91 790 1
91 67 790 1
5 59 1317 1
59 5 1317 1
65 113 852 1
113 65 852 1
96 111 286 1
111 96 286 1
111 112 111 1
112 111 111 1
14 53 1349 1
53 14 1349 1
21 58 1085 1
58 21 1085 1
26 104 905 1
104 26 905 1
28 60 684 1
60 28 684 1
30 74 403 1
74 30 403 1
35 96 448 1
96 35 448 1
92 113 313 1
113 92 313 1
95 106 414 1
106 95 414 1
2 42 1195 1
42 2 1195 1
9 31 394 1
31 9 394 1
23 89 1070 1
89 23 1070 1
44 108 631 1
108 44 631 1
53 114 535 1
114 53 535 1
77 90 787 1
90 77 787 1
78 83 999 1
83 78 999 1
4 55 1003 1
55 4 1003 1
21 49 1063 1
49 21 1063 1
54 87 939 1
87 54 939 1
68 84 871 1
84 68 871 1
79 89 364 1
89 79 364 1
97 106 471 1
106 97 471 1
17 112 924 1
112 17 924 1
31 73 397 1
73 31 397 1
32 76 341 1
76 32 341 1
33 37 555 1
37 33 555 1
35 48 491 1
48 35 491 1
39 71 417 1
71 39 417 1
46 114 362 1
114 46 362 1
98 112 277 1
112 98 277 1
1 62 1027 1
62 1 1027 1
8 9 638 1
9 8 638 1
15 89 653 1
89 15 653 1
53 85 491 1
85 53 491 1
79 95 480 1
95 79 480 1
103 111 432 1
111 103 432 1
44 50 287 1
50 44 287 1
60 70 749 1
70 60 749 1
86 104 694 1
104 86 694 1
109 113 333 1
113 109 333 1
2 20 581 1
20 2 581 1
6 9 834 1
9 6 834 1
42 51 463 1
51 42 463 1
47 111 188 1
111 47 188 1
58 88 918 1
88 58 918 1
66 97 717 1
97 66 717 1
90 111 396 1
111 90 396 1
6 110 1008 1
110 6 1008 1
8 13 868 1
13 8 868 1
20 108 552 1
108 20 552 1
31 75 419 1
75 31 419 1
41 68 978 1
68 41 978 1
72 95 570 1
95 72 570 1
76 109 320 1
109 76 320 1
87 109 723 1
109 87 723 1
91 99 166 1
99 91 166 1
3 84 1110 1
84 3 1110 1
5 49 1365 1
49 5 1365 1
11 82 992 1
82 11 992 1
19 47 942 1
47 19 942 1
36 82 401 1
82 36 401 1
47 99 231 1
99 47 231 1
90 98 163 1
98 90 163 1
17 99 704 1
99 17 704 1
22 57 904 1
57 22 904 1
25 84 1066 1
84 25 1066 1
96 98 184 1
98 96 184 1
99 108 310 1
108 99 310 1
12 66 1000 1
66 12 1000 1
13 74 757 1
74 13 757 1
14 90 988 1
90 14 988 1
18 53 1191 1
53 18 1191 1
18 91 1236 1
91 18 1236 1
22 76 708 1
76 22 708 1
43 50 494 1
50 43 494 1
50 53 744 1
53 50 744 1
56 76 519 1
76 56 519 1
68 99 1044 1
99 68 1044 1
82 112 963 1
112 82 963 1
6 30 365 1
30 6 365 1
10 36 501 1
36 10 501 1
21 52 1052 1
52 21 1052 1
32 83 847 1
83 32 847 1
38 52 654 1
52 38 654 1
40 78 376 1
78 40 376 1
43 99 372 1
99 43 372 1
64 105 985 1
105 64 985 1
20 50 1025 1
50 20 1025 1
83 87 158 1
87 83 158 1
99 102 560 1
102 99 560 1
105 109 371 1
109 105 371 1
11 115 948 1
115 11 948 1
15 95 730 1
95 15 730 1
24 110 1066 1
110 24 1066 1
52 60 638 1
60 52 638 1
90 105 516 1
105 90 516 1
