116 2668
43 47 146 1
47 43 146 1
44 49 304 1
49 44 304 1
42 43 239 1
43 42 239 1
42 47 281 1
47 42 281 1
42 46 173 1
46 42 173 1
49 98 742 1
98 49 742 1
47 49 380 1
49 47 380 1
44 46 353 1
46 44 353 1
46 98 212 1
98 46 212 1
42 44 208 1
44 42 208 1
55 98 606 1
98 55 606 1
23 31 199 1
31 23 199 1
49 51 172 1
51 49 172 1
55 99 216 1
99 55 216 1
30 31 127 1
31 30 127 1
43 49 240 1
49 43 240 1
46 47 309 1
47 46 309 1
48 51 548 1
51 48 548 1
44 98 563 1
98 44 563 1
42 49 396 1
49 42 396 1
55 96 492 1
96 55 492 1
98 99 479 1
99 98 479 1
47 98 442 1
98 47 442 1
22 23 140 1
23 22 140 1
28 72 116 1
72 28 116 1
42 98 381 1
98 42 381 1
44 47 404 1
47 44 404 1
51 98 763 1
98 51 763 1
43 46 341 1
46 43 341 1
47 111 188 1
111 47 188 1
52 53 746 1
53 52 746 1
3 23 271 1
23 3 271 1
46 49 541 1
49 46 541 1
51 53 271 1
53 51 271 1
44 51 440 1
51 44 440 1
42 111 258 1
111 42 258 1
22 31 234 1
31 22 234 1
46 111 189 1
111 46 189 1
44 45 194 1
45 44 194 1
96 98 184 1
98 96 184 1
51 55 568 1
55 51 568 1
43 44 290 1
44 43 290 1
51 96 733 1
96 51 733 1
3 31 315 1
31 3 315 1
29 72 629 1
72 29 629 1
47 96 412 1
96 47 412 1
49 55 664 1
55 49 664 1
76 77 238 1
77 76 238 1
3 22 347 1
22 3 347 1
32 33 149 1
33 32 149 1
49 96 720 1
96 49 720 1
61 63 238 1
63 61 238 1
43 111 293 1
111 43 293 1
36 40 213 1
40 36 213 1
17 63 324 1
63 17 324 1
43 98 522 1
98 43 522 1
51 99 497 1
99 51 497 1
96 99 428 1
99 96 428 1
22 30 218 1
30 22 218 1
44 48 114 1
48 44 114 1
25 27 193 1
27 25 193 1
26 27 135 1
27 26 135 1
48 49 410 1
49 48 410 1
73 74 458 1
74 73 458 1
78 81 1002 1
81 78 1002 1
91 99 166 1
99 91 166 1
45 49 111 1
49 45 111 1
53 99 316 1
99 53 316 1
98 111 265 1
111 98 265 1
47 55 367 1
55 47 367 1
42 96 429 1
96 42 429 1
51 54 884 1
54 51 884 1
10 12 181 1
12 10 181 1
24 26 201 1
26 24 201 1
44 96 580 1
96 44 580 1
46 55 584 1
55 46 584 1
42 45 300 1
45 42 300 1
43 45 199 1
45 43 199 1
15 26 469 1
26 15 469 1
54 98 204 1
98 54 204 1
50 51 698 1
51 50 698 1
80 81 1113 1
81 80 1113 1
47 51 339 1
51 47 339 1
59 66 363 1
66 59 363 1
46 96 270 1
96 46 270 1
48 50 202 1
50 48 202 1
46 99 446 1
99 46 446 1
53 98 671 1
98 53 671 1
5 27 165 1
27 5 165 1
74 76 203 1
76 74 203 1
36 37 542 1
37 36 542 1
28 29 741 1
29 28 741 1
105 112 319 1
112 105 319 1
42 99 482 1
99 42 482 1
46 53 547 1
53 46 547 1
42 51 463 1
51 42 463 1
51 52 786 1
52 51 786 1
31 71 265 1
71 31 265 1
105 114 152 1
114 105 152 1
17 72 781 1
72 17 781 1
24 27 252 1
27 24 252 1
2 6 165 1
6 2 165 1
43 96 503 1
96 43 503 1
49 99 587 1
99 49 587 1
49 112 609 1
112 49 609 1
54 55 651 1
55 54 651 1
44 53 562 1
53 44 562 1
42 55 629 1
55 42 629 1
11 28 875 1
28 11 875 1
49 111 530 1
111 49 530 1
17 81 182 1
81 17 182 1
53 55 448 1
55 53 448 1
62 63 1134 1
63 62 1134 1
58 59 496 1
59 58 496 1
13 61 843 1
61 13 843 1
17 29 223 1
29 17 223 1
20 26 232 1
26 20 232 1
48 96 608 1
96 48 608 1
100 102 87 1
102 100 87 1
3 30 397 1
30 3 397 1
43 55 485 1
55 43 485 1
46 51 585 1
51 46 585 1
102 103 508 1
103 102 508 1
78 79 878 1
79 78 878 1
47 99 231 1
99 47 231 1
98 112 277 1
112 98 277 1
23 30 259 1
30 23 259 1
45 47 345 1
47 45 345 1
62 72 566 1
72 62 566 1
13 29 290 1
29 13 290 1
20 21 185 1
21 20 185 1
50 54 543 1
54 50 543 1
15 20 521 1
20 15 521 1
44 55 743 1
55 44 743 1
5 26 263 1
26 5 263 1
17 62 1129 1
62 17 1129 1
34 35 126 1
35 34 126 1
42 53 475 1
53 42 475 1
66 67 177 1
67 66 177 1
96 114 265 1
114 96 265 1
53 91 265 1
91 53 265 1
99 112 272 1
112 99 272 1
62 80 268 1
80 62 268 1
47 105 464 1
105 47 464 1
37 40 562 1
40 37 562 1
44 111 448 1
111 44 448 1
63 81 293 1
81 63 293 1
48 90 628 1
90 48 628 1
74 75 389 1
75 74 389 1
43 51 245 1
51 43 245 1
48 98 566 1
98 48 566 1
23 25 373 1
25 23 373 1
62 78 287 1
78 62 287 1
18 22 537 1
22 18 537 1
24 25 135 1
25 24 135 1
51 90 888 1
90 51 888 1
54 96 167 1
96 54 167 1
90 106 378 1
106 90 378 1
51 112 579 1
112 51 579 1
12 13 959 1
13 12 959 1
114 115 96 1
115 114 96 1
99 111 265 1
111 99 265 1
1 57 172 1
57 1 172 1
50 53 744 1
53 50 744 1
54 90 282 1
90 54 282 1
50 52 243 1
52 50 243 1
62 81 1169 1
81 62 1169 1
49 53 406 1
53 49 406 1
79 81 136 1
81 79 136 1
48 54 669 1
54 48 669 1
22 88 1044 1
88 22 1044 1
98 105 417 1
105 98 417 1
96 112 337 1
112 96 337 1
60 62 241 1
62 60 241 1
49 105 843 1
105 49 843 1
44 99 632 1
99 44 632 1
53 54 818 1
54 53 818 1
17 78 955 1
78 17 955 1
112 114 196 1
114 112 196 1
0 58 565 1
58 0 565 1
17 79 135 1
79 17 135 1
36 80 330 1
80 36 330 1
51 91 505 1
91 51 505 1
72 78 300 1
78 72 300 1
11 29 239 1
29 11 239 1
13 63 653 1
63 13 653 1
45 46 448 1
46 45 448 1
42 91 584 1
91 42 584 1
60 63 1021 1
63 60 1021 1
0 10 381 1
10 0 381 1
6 7 710 1
7 6 710 1
28 83 861 1
83 28 861 1
91 111 390 1
111 91 390 1
84 85 1130 1
85 84 1130 1
27 87 439 1
87 27 439 1
29 63 531 1
63 29 531 1
47 112 265 1
112 47 265 1
42 48 243 1
48 42 243 1
29 33 510 1
33 29 510 1
90 91 735 1
91 90 735 1
42 105 625 1
105 42 625 1
43 99 372 1
99 43 372 1
47 48 490 1
48 47 490 1
103 104 369 1
104 103 369 1
14 26 321 1
26 14 321 1
23 88 1119 1
88 23 1119 1
99 105 287 1
105 99 287 1
44 91 726 1
91 44 726 1
45 51 254 1
51 45 254 1
25 31 272 1
31 25 272 1
49 54 854 1
54 49 854 1
47 91 332 1
91 47 332 1
96 105 387 1
105 96 387 1
23 71 443 1
71 23 443 1
73 76 450 1
76 73 450 1
60 61 893 1
61 60 893 1
91 98 616 1
98 91 616 1
37 109 343 1
109 37 343 1
52 54 402 1
54 52 402 1
1 59 541 1
59 1 541 1
8 66 1233 1
66 8 1233 1
43 105 608 1
105 43 608 1
73 75 84 1
75 73 84 1
5 15 278 1
15 5 278 1
8 58 1298 1
58 8 1298 1
45 98 655 1
98 45 655 1
47 53 268 1
53 47 268 1
74 80 415 1
80 74 415 1
112 115 269 1
115 112 269 1
58 66 198 1
66 58 198 1
49 91 630 1
91 49 630 1
102 104 159 1
104 102 159 1
55 112 466 1
112 55 466 1
23 92 1466 1
92 23 1466 1
71 83 425 1
83 71 425 1
91 93 118 1
93 91 118 1
101 103 106 1
103 101 106 1
16 17 998 1
17 16 998 1
75 76 374 1
76 75 374 1
21 26 271 1
26 21 271 1
99 109 321 1
109 99 321 1
58 60 266 1
60 58 266 1
97 114 263 1
114 97 263 1
35 45 385 1
45 35 385 1
38 39 465 1
39 38 465 1
64 85 1107 1
85 64 1107 1
11 17 224 1
17 11 224 1
37 77 246 1
77 37 246 1
52 99 661 1
99 52 661 1
6 60 799 1
60 6 799 1
36 38 122 1
38 36 122 1
40 82 231 1
82 40 231 1
42 94 484 1
94 42 484 1
78 80 116 1
80 78 116 1
3 7 185 1
7 3 185 1
20 27 271 1
27 20 271 1
55 95 221 1
95 55 221 1
54 99 587 1
99 54 587 1
54 112 454 1
112 54 454 1
75 77 210 1
77 75 210 1
0 57 825 1
57 0 825 1
11 85 574 1
85 11 574 1
56 57 840 1
57 56 840 1
40 78 376 1
78 40 376 1
74 77 362 1
77 74 362 1
108 109 87 1
109 108 87 1
2 22 228 1
22 2 228 1
31 83 561 1
83 31 561 1
45 48 304 1
48 45 304 1
96 111 286 1
111 96 286 1
44 105 811 1
105 44 811 1
51 105 775 1
105 51 775 1
13 20 655 1
20 13 655 1
43 112 376 1
112 43 376 1
53 96 662 1
96 53 662 1
105 111 367 1
111 105 367 1
14 15 772 1
15 14 772 1
29 75 189 1
75 29 189 1
52 98 272 1
98 52 272 1
7 61 813 1
61 7 813 1
44 52 464 1
52 44 464 1
4 24 144 1
24 4 144 1
14 22 562 1
22 14 562 1
32 66 416 1
66 32 416 1
55 111 434 1
111 55 434 1
104 112 332 1
112 104 332 1
47 54 568 1
54 47 568 1
72 81 860 1
81 72 860 1
46 91 577 1
91 46 577 1
1 63 334 1
63 1 334 1
14 83 858 1
83 14 858 1
55 105 373 1
105 55 373 1
91 96 589 1
96 91 589 1
13 59 1042 1
59 13 1042 1
52 55 814 1
55 52 814 1
70 71 263 1
71 70 263 1
13 17 364 1
17 13 364 1
34 45 409 1
45 34 409 1
42 112 333 1
112 42 333 1
47 114 366 1
114 47 366 1
97 99 180 1
99 97 180 1
111 112 111 1
112 111 111 1
22 64 1169 1
64 22 1169 1
40 80 433 1
80 40 433 1
48 52 415 1
52 48 415 1
91 114 389 1
114 91 389 1
32 68 304 1
68 32 304 1
21 27 209 1
27 21 209 1
99 114 265 1
114 99 265 1
19 73 625 1
73 19 625 1
29 83 227 1
83 29 227 1
51 97 563 1
97 51 563 1
0 1 800 1
1 0 800 1
48 55 832 1
55 48 832 1
47 90 580 1
90 47 580 1
47 94 415 1
94 47 415 1
49 52 718 1
52 49 718 1
54 114 381 1
114 54 381 1
57 68 520 1
68 57 520 1
83 85 549 1
85 83 549 1
11 72 773 1
72 11 773 1
46 105 514 1
105 46 514 1
50 98 448 1
98 50 448 1
63 78 1033 1
78 63 1033 1
4 26 161 1
26 4 161 1
9 67 1237 1
67 9 1237 1
42 114 483 1
114 42 483 1
5 25 129 1
25 5 129 1
36 78 263 1
78 36 263 1
65 67 361 1
67 65 361 1
13 15 277 1
15 13 277 1
72 75 453 1
75 72 453 1
94 105 354 1
105 94 354 1
2 7 566 1
7 2 566 1
96 115 214 1
115 96 214 1
30 71 303 1
71 30 303 1
8 9 638 1
9 8 638 1
53 90 787 1
90 53 787 1
85 89 220 1
89 85 220 1
96 97 322 1
97 96 322 1
6 72 449 1
72 6 449 1
17 28 894 1
28 17 894 1
37 97 271 1
97 37 271 1
94 97 266 1
97 94 266 1
41 83 252 1
83 41 252 1
45 53 435 1
53 45 435 1
52 91 777 1
91 52 777 1
98 114 276 1
114 98 276 1
48 58 400 1
58 48 400 1
63 72 944 1
72 63 944 1
55 91 297 1
91 55 297 1
2 88 959 1
88 2 959 1
15 21 348 1
21 15 348 1
27 39 536 1
39 27 536 1
52 90 240 1
90 52 240 1
91 105 371 1
105 91 371 1
43 53 293 1
53 43 293 1
59 61 271 1
61 59 271 1
84 88 224 1
88 84 224 1
91 112 368 1
112 91 368 1
29 61 711 1
61 29 711 1
97 109 174 1
109 97 174 1
39 97 289 1
97 39 289 1
48 91 808 1
91 48 808 1
48 112 575 1
112 48 575 1
20 86 362 1
86 20 362 1
37 53 629 1
53 37 629 1
94 96 89 1
96 94 89 1
28 30 436 1
30 28 436 1
3 83 681 1
83 3 681 1
8 16 655 1
16 8 655 1
17 80 1070 1
80 17 1070 1
55 97 173 1
97 55 173 1
45 91 637 1
91 45 637 1
95 97 97 1
97 95 97 1
15 27 336 1
27 15 336 1
100 101 656 1
101 100 656 1
14 30 414 1
30 14 414 1
28 81 975 1
81 28 975 1
74 81 792 1
81 74 792 1
2 30 317 1
30 2 317 1
43 48 391 1
48 43 391 1
1 68 549 1
68 1 549 1
63 79 303 1
79 63 303 1
73 77 274 1
77 73 274 1
33 69 363 1
69 33 363 1
29 81 342 1
81 29 342 1
36 81 848 1
81 36 848 1
46 52 244 1
52 46 244 1
50 90 473 1
90 50 473 1
10 62 483 1
62 10 483 1
27 86 519 1
86 27 519 1
28 78 272 1
78 28 272 1
63 80 1146 1
80 63 1146 1
0 16 380 1
16 0 380 1
20 24 393 1
24 20 393 1
22 71 471 1
71 22 471 1
48 53 654 1
53 48 654 1
64 84 478 1
84 64 478 1
90 98 163 1
98 90 163 1
91 109 486 1
109 91 486 1
14 24 389 1
24 14 389 1
42 109 434 1
109 42 434 1
44 54 668 1
54 44 668 1
46 115 378 1
115 46 378 1
72 74 76 1
74 72 76 1
7 30 462 1
30 7 462 1
16 57 981 1
57 16 981 1
28 62 527 1
62 28 527 1
43 91 448 1
91 43 448 1
44 112 534 1
112 44 534 1
53 109 560 1
109 53 560 1
10 28 213 1
28 10 213 1
14 23 650 1
23 14 650 1
0 56 174 1
56 0 174 1
10 72 309 1
72 10 309 1
16 62 313 1
62 16 313 1
46 112 262 1
112 46 262 1
28 75 567 1
75 28 567 1
21 24 413 1
24 21 413 1
19 74 670 1
74 19 670 1
55 90 757 1
90 55 757 1
90 96 335 1
96 90 335 1
90 104 351 1
104 90 351 1
14 27 449 1
27 14 449 1
0 12 517 1
12 0 517 1
1 80 1054 1
80 1 1054 1
25 86 638 1
86 25 638 1
55 109 337 1
109 55 337 1
43 94 518 1
94 43 518 1
44 50 287 1
50 44 287 1
46 48 368 1
48 46 368 1
46 114 362 1
114 46 362 1
70 101 1040 1
101 70 1040 1
97 98 437 1
98 97 437 1
11 33 518 1
33 11 518 1
50 99 730 1
99 50 730 1
5 20 424 1
20 5 424 1
22 24 386 1
24 22 386 1
42 52 325 1
52 42 325 1
8 59 1427 1
59 8 1427 1
38 94 246 1
94 38 246 1
45 55 662 1
55 45 662 1
82 100 794 1
100 82 794 1
86 87 805 1
87 86 805 1
42 115 508 1
115 42 508 1
62 74 590 1
74 62 590 1
97 112 339 1
112 97 339 1
22 25 402 1
25 22 402 1
49 90 859 1
90 49 859 1
93 103 173 1
103 93 173 1
105 115 176 1
115 105 176 1
1 17 391 1
17 1 391 1
45 108 643 1
108 45 643 1
94 114 259 1
114 94 259 1
54 105 491 1
105 54 491 1
40 41 506 1
41 40 506 1
51 104 868 1
104 51 868 1
90 114 392 1
114 90 392 1
0 48 847 1
48 0 847 1
46 54 354 1
54 46 354 1
51 114 700 1
114 51 700 1
39 87 370 1
87 39 370 1
48 99 711 1
99 48 711 1
51 111 516 1
111 51 516 1
2 18 379 1
18 2 379 1
13 72 796 1
72 13 796 1
53 105 581 1
105 53 581 1
98 115 287 1
115 98 287 1
50 96 527 1
96 50 527 1
10 17 1029 1
17 10 1029 1
25 26 225 1
26 25 225 1
33 72 507 1
72 33 507 1
77 109 318 1
109 77 318 1
3 71 399 1
71 3 399 1
6 29 840 1
29 6 840 1
37 55 221 1
55 37 221 1
37 99 410 1
99 37 410 1
97 105 299 1
105 97 299 1
9 62 1305 1
62 9 1305 1
20 103 873 1
103 20 873 1
45 96 643 1
96 45 643 1
45 111 467 1
111 45 467 1
48 105 862 1
105 48 862 1
72 80 384 1
80 72 384 1
95 96 288 1
96 95 288 1
95 109 146 1
109 95 146 1
14 31 528 1
31 14 528 1
55 115 361 1
115 55 361 1
94 99 399 1
99 94 399 1
11 83 383 1
83 11 383 1
6 13 864 1
13 6 864 1
95 114 280 1
114 95 280 1
11 13 168 1
13 11 168 1
52 96 418 1
96 52 418 1
46 94 338 1
94 46 338 1
95 98 433 1
98 95 433 1
7 29 417 1
29 7 417 1
44 90 651 1
90 44 651 1
45 105 804 1
105 45 804 1
20 102 804 1
102 20 804 1
24 30 283 1
30 24 283 1
29 79 257 1
79 29 257 1
34 77 351 1
77 34 351 1
38 77 447 1
77 38 447 1
77 110 393 1
110 77 393 1
112 113 116 1
113 112 116 1
6 61 1132 1
61 6 1132 1
29 62 1067 1
62 29 1067 1
30 83 641 1
83 30 641 1
59 106 1174 1
106 59 1174 1
60 72 692 1
72 60 692 1
76 109 320 1
109 76 320 1
1 10 979 1
10 1 979 1
1 32 484 1
32 1 484 1
3 89 961 1
89 3 961 1
16 56 380 1
56 16 380 1
18 30 564 1
30 18 564 1
56 68 408 1
68 56 408 1
91 113 366 1
113 91 366 1
48 106 864 1
106 48 864 1
54 106 240 1
106 54 240 1
0 96 812 1
96 0 812 1
8 78 729 1
78 8 729 1
28 33 585 1
33 28 585 1
28 74 188 1
74 28 188 1
30 64 1064 1
64 30 1064 1
46 109 326 1
109 46 326 1
3 82 903 1
82 3 903 1
33 68 378 1
68 33 378 1
53 97 456 1
97 53 456 1
91 97 336 1
97 91 336 1
17 60 1082 1
60 17 1082 1
17 61 534 1
61 17 534 1
23 83 710 1
83 23 710 1
42 90 472 1
90 42 472 1
45 99 570 1
99 45 570 1
50 114 661 1
114 50 661 1
55 114 395 1
114 55 395 1
59 67 245 1
67 59 245 1
0 54 794 1
54 0 794 1
7 13 237 1
13 7 237 1
10 57 1032 1
57 10 1032 1
59 104 1146 1
104 59 1146 1
100 103 576 1
103 100 576 1
1 66 683 1
66 1 683 1
59 63 501 1
63 59 501 1
94 111 316 1
111 94 316 1
95 99 272 1
99 95 272 1
7 15 461 1
15 7 461 1
31 75 419 1
75 31 419 1
38 89 763 1
89 38 763 1
71 75 163 1
75 71 163 1
22 84 1027 1
84 22 1027 1
37 39 117 1
39 37 117 1
46 113 335 1
113 46 335 1
96 109 176 1
109 96 176 1
3 14 804 1
14 3 804 1
77 95 322 1
95 77 322 1
94 98 264 1
98 94 264 1
5 65 1232 1
65 5 1232 1
8 17 1036 1
17 8 1036 1
10 16 218 1
16 10 218 1
42 54 525 1
54 42 525 1
90 99 615 1
99 90 615 1
30 33 526 1
33 30 526 1
64 65 897 1
65 64 897 1
72 79 733 1
79 72 733 1
35 110 305 1
110 35 305 1
42 113 437 1
113 42 437 1
49 114 742 1
114 49 742 1
111 113 191 1
113 111 191 1
25 39 702 1
39 25 702 1
25 110 1042 1
110 25 1042 1
28 85 1025 1
85 28 1025 1
38 40 158 1
40 38 158 1
39 94 407 1
94 39 407 1
63 66 706 1
66 63 706 1
36 95 408 1
95 36 408 1
69 103 1214 1
103 69 1214 1
0 90 1005 1
90 0 1005 1
1 13 546 1
13 1 546 1
15 24 514 1
24 15 514 1
36 85 845 1
85 36 845 1
43 104 661 1
104 43 661 1
111 114 232 1
114 111 232 1
0 51 1107 1
51 0 1107 1
18 19 147 1
19 18 147 1
36 39 517 1
39 36 517 1
50 55 863 1
55 50 863 1
58 106 1039 1
106 58 1039 1
109 110 135 1
110 109 135 1
8 62 964 1
62 8 964 1
14 71 582 1
71 14 582 1
37 95 241 1
95 37 241 1
48 57 860 1
57 48 860 1
53 111 406 1
111 53 406 1
3 85 893 1
85 3 893 1
8 63 1282 1
63 8 1282 1
33 63 547 1
63 33 547 1
48 104 822 1
104 48 822 1
5 21 332 1
21 5 332 1
23 64 1238 1
64 23 1238 1
62 66 562 1
66 62 562 1
1 58 829 1
58 1 829 1
8 10 505 1
10 8 505 1
8 81 1156 1
81 8 1156 1
24 31 318 1
31 24 318 1
14 88 613 1
88 14 613 1
16 63 1092 1
63 16 1092 1
40 79 762 1
79 40 762 1
99 115 285 1
115 99 285 1
16 58 720 1
58 16 720 1
37 38 515 1
38 37 515 1
51 109 618 1
109 51 618 1
29 73 113 1
73 29 113 1
37 98 666 1
98 37 666 1
43 114 502 1
114 43 502 1
49 115 753 1
115 49 753 1
51 94 733 1
94 51 733 1
3 92 1420 1
92 3 1420 1
31 64 1128 1
64 31 1128 1
47 109 317 1
109 47 317 1
50 97 711 1
97 50 711 1
27 71 367 1
71 27 367 1
29 78 851 1
78 29 851 1
49 104 900 1
104 49 900 1
54 91 742 1
91 54 742 1
82 89 1043 1
89 82 1043 1
92 100 157 1
100 92 157 1
6 101 1437 1
101 6 1437 1
23 27 506 1
27 23 506 1
8 12 346 1
12 8 346 1
25 88 998 1
88 25 998 1
47 115 383 1
115 47 383 1
76 99 626 1
99 76 626 1
3 64 1134 1
64 3 1134 1
9 59 1335 1
59 9 1335 1
11 63 488 1
63 11 488 1
17 33 512 1
33 17 512 1
48 114 717 1
114 48 717 1
9 66 1299 1
66 9 1299 1
35 93 718 1
93 35 718 1
48 97 706 1
97 48 706 1
53 114 535 1
114 53 535 1
54 97 484 1
97 54 484 1
11 30 584 1
30 11 584 1
36 74 242 1
74 36 242 1
50 91 845 1
91 50 845 1
108 110 194 1
110 108 194 1
3 25 566 1
25 3 566 1
36 77 422 1
77 36 422 1
43 54 646 1
54 43 646 1
44 109 562 1
109 44 562 1
45 109 572 1
109 45 572 1
46 95 451 1
95 46 451 1
76 114 580 1
114 76 580 1
109 114 278 1
114 109 278 1
43 115 517 1
115 43 517 1
90 105 516 1
105 90 516 1
58 63 892 1
63 58 892 1
21 39 356 1
39 21 356 1
44 114 674 1
114 44 674 1
22 89 1126 1
89 22 1126 1
20 25 402 1
25 20 402 1
52 112 417 1
112 52 417 1
97 113 312 1
113 97 312 1
11 75 388 1
75 11 388 1
24 88 947 1
88 24 947 1
47 110 210 1
110 47 210 1
4 101 1261 1
101 4 1261 1
49 94 735 1
94 49 735 1
98 109 329 1
109 98 329 1
0 112 1084 1
112 0 1084 1
57 86 1231 1
86 57 1231 1
90 112 377 1
112 90 377 1
23 85 1053 1
85 23 1053 1
36 98 402 1
98 36 402 1
51 106 972 1
106 51 972 1
19 85 882 1
85 19 882 1
41 108 476 1
108 41 476 1
73 81 406 1
81 73 406 1
4 27 279 1
27 4 279 1
48 67 417 1
67 48 417 1
49 97 622 1
97 49 622 1
10 68 756 1
68 10 756 1
21 87 397 1
87 21 397 1
31 33 517 1
33 31 517 1
35 65 453 1
65 35 453 1
36 79 738 1
79 36 738 1
47 113 338 1
113 47 338 1
76 80 424 1
80 76 424 1
11 19 598 1
19 11 598 1
82 102 762 1
102 82 762 1
0 99 1111 1
99 0 1111 1
1 11 394 1
11 1 394 1
31 88 956 1
88 31 956 1
8 80 764 1
80 8 764 1
36 76 232 1
76 36 232 1
46 97 424 1
97 46 424 1
76 97 459 1
97 76 459 1
104 105 204 1
105 104 204 1
18 31 574 1
31 18 574 1
19 76 599 1
76 19 599 1
31 85 906 1
85 31 906 1
96 110 214 1
110 96 214 1
103 106 532 1
106 103 532 1
7 33 515 1
33 7 515 1
28 84 456 1
84 28 456 1
34 109 367 1
109 34 367 1
53 112 421 1
112 53 421 1
79 85 260 1
85 79 260 1
3 88 1145 1
88 3 1145 1
43 90 649 1
90 43 649 1
68 86 1151 1
86 68 1151 1
70 103 965 1
103 70 965 1
27 31 339 1
31 27 339 1
58 61 717 1
61 58 717 1
68 69 164 1
69 68 164 1
71 88 827 1
88 71 827 1
32 63 656 1
63 32 656 1
44 97 631 1
97 44 631 1
53 113 487 1
113 53 487 1
105 109 371 1
109 105 371 1
15 87 271 1
87 15 271 1
35 37 446 1
37 35 446 1
47 104 532 1
104 47 532 1
67 69 345 1
69 67 345 1
9 58 1436 1
58 9 1436 1
30 85 964 1
85 30 964 1
7 31 345 1
31 7 345 1
5 24 252 1
24 5 252 1
11 81 403 1
81 11 403 1
12 68 874 1
68 12 874 1
104 114 171 1
114 104 171 1
9 48 1507 1
48 9 1507 1
22 83 792 1
83 22 792 1
25 87 575 1
87 25 575 1
28 63 1049 1
63 28 1049 1
69 102 1226 1
102 69 1226 1
33 75 426 1
75 33 426 1
36 97 483 1
97 36 483 1
94 112 366 1
112 94 366 1
109 111 273 1
111 109 273 1
10 80 357 1
80 10 357 1
11 74 727 1
74 11 727 1
12 57 1101 1
57 12 1101 1
14 87 842 1
87 14 842 1
20 104 727 1
104 20 727 1
40 83 731 1
83 40 731 1
52 114 516 1
114 52 516 1
54 115 339 1
115 54 339 1
67 101 953 1
101 67 953 1
80 82 469 1
82 80 469 1
1 86 1182 1
86 1 1182 1
33 66 503 1
66 33 503 1
42 50 271 1
50 42 271 1
75 83 351 1
83 75 351 1
1 56 851 1
56 1 851 1
33 65 634 1
65 33 634 1
34 97 481 1
97 34 481 1
36 82 401 1
82 36 401 1
38 99 625 1
99 38 625 1
26 71 422 1
71 26 422 1
37 41 217 1
41 37 217 1
44 115 684 1
115 44 684 1
51 115 716 1
115 51 716 1
61 62 1047 1
62 61 1047 1
65 66 537 1
66 65 537 1
77 97 366 1
97 77 366 1
0 98 918 1
98 0 918 1
9 106 1074 1
106 9 1074 1
10 81 1126 1
81 10 1126 1
13 62 1248 1
62 13 1248 1
30 75 454 1
75 30 454 1
37 76 441 1
76 37 441 1
42 97 497 1
97 42 497 1
94 115 181 1
115 94 181 1
1 8 1115 1
8 1 1115 1
19 77 567 1
77 19 567 1
22 85 1113 1
85 22 1113 1
40 81 874 1
81 40 874 1
18 64 805 1
64 18 805 1
18 83 953 1
83 18 953 1
19 69 323 1
69 19 323 1
41 81 452 1
81 41 452 1
48 109 620 1
109 48 620 1
52 104 543 1
104 52 543 1
71 73 163 1
73 71 163 1
14 25 491 1
25 14 491 1
26 86 416 1
86 26 416 1
49 95 692 1
95 49 692 1
52 97 650 1
97 52 650 1
54 95 438 1
95 54 438 1
7 102 1355 1
102 7 1355 1
19 75 628 1
75 19 628 1
29 30 533 1
30 29 533 1
55 94 428 1
94 55 428 1
101 102 595 1
102 101 595 1
35 97 412 1
97 35 412 1
47 52 540 1
52 47 540 1
50 109 596 1
109 50 596 1
31 77 552 1
77 31 552 1
53 94 658 1
94 53 658 1
3 27 634 1
27 3 634 1
12 15 906 1
15 12 906 1
14 86 272 1
86 14 272 1
18 85 983 1
85 18 983 1
48 59 599 1
59 48 599 1
113 115 188 1
115 113 188 1
25 92 1338 1
92 25 1338 1
37 79 267 1
79 37 267 1
97 110 221 1
110 97 221 1
104 106 195 1
106 104 195 1
111 115 269 1
115 111 269 1
14 28 286 1
28 14 286 1
34 39 610 1
39 34 610 1
39 50 947 1
50 39 947 1
76 81 691 1
81 76 691 1
19 31 589 1
31 19 589 1
45 112 552 1
112 45 552 1
4 88 829 1
88 4 829 1
45 97 591 1
97 45 591 1
51 113 663 1
113 51 663 1
90 111 396 1
111 90 396 1
34 37 540 1
37 34 540 1
41 100 894 1
100 41 894 1
46 90 324 1
90 46 324 1
1 12 1022 1
12 1 1022 1
7 72 750 1
72 7 750 1
10 11 986 1
11 10 986 1
10 58 862 1
58 10 862 1
10 60 650 1
60 10 650 1
10 75 732 1
75 10 732 1
52 105 664 1
105 52 664 1
113 114 95 1
114 113 95 1
12 59 1240 1
59 12 1240 1
25 35 978 1
35 25 978 1
26 88 791 1
88 26 791 1
49 50 585 1
50 49 585 1
49 109 629 1
109 49 629 1
69 100 1235 1
100 69 1235 1
20 100 857 1
100 20 857 1
27 88 863 1
88 27 863 1
96 113 315 1
113 96 315 1
12 17 1046 1
17 12 1046 1
34 110 327 1
110 34 327 1
37 81 336 1
81 37 336 1
46 50 303 1
50 46 303 1
4 5 350 1
5 4 350 1
37 54 645 1
54 37 645 1
54 104 337 1
104 54 337 1
9 90 1391 1
90 9 1391 1
76 95 396 1
95 76 396 1
3 11 395 1
11 3 395 1
16 60 498 1
60 16 498 1
31 73 397 1
73 31 397 1
44 106 847 1
106 44 847 1
60 81 1111 1
81 60 1111 1
91 106 697 1
106 91 697 1
103 113 295 1
113 103 295 1
28 60 684 1
60 28 684 1
43 109 418 1
109 43 418 1
37 51 673 1
51 37 673 1
98 113 276 1
113 98 276 1
3 15 589 1
15 3 589 1
44 94 628 1
94 44 628 1
66 68 378 1
68 66 378 1
92 102 211 1
102 92 211 1
7 23 337 1
23 7 337 1
12 58 1025 1
58 12 1025 1
13 66 1090 1
66 13 1090 1
21 71 214 1
71 21 214 1
52 115 545 1
115 52 545 1
58 90 890 1
90 58 890 1
12 20 477 1
20 12 477 1
25 71 434 1
71 25 434 1
43 52 553 1
52 43 553 1
0 49 1001 1
49 0 1001 1
16 78 122 1
78 16 122 1
28 79 847 1
79 28 847 1
44 108 631 1
108 44 631 1
15 25 386 1
25 15 386 1
36 41 570 1
41 36 570 1
94 110 220 1
110 94 220 1
95 108 123 1
108 95 123 1
26 30 321 1
30 26 321 1
44 113 636 1
113 44 636 1
52 113 478 1
113 52 478 1
0 59 847 1
59 0 847 1
9 16 1038 1
16 9 1038 1
90 113 376 1
113 90 376 1
1 16 963 1
16 1 963 1
11 62 1169 1
62 11 1169 1
27 50 1279 1
50 27 1279 1
38 55 598 1
55 38 598 1
45 67 282 1
67 45 282 1
45 94 668 1
94 45 668 1
96 106 277 1
106 96 277 1
0 8 829 1
8 0 829 1
7 20 669 1
20 7 669 1
11 80 1102 1
80 11 1102 1
12 72 358 1
72 12 358 1
13 21 494 1
21 13 494 1
47 97 280 1
97 47 280 1
29 74 571 1
74 29 571 1
64 88 675 1
88 64 675 1
70 100 918 1
100 70 918 1
11 79 342 1
79 11 342 1
17 73 298 1
73 17 298 1
37 78 740 1
78 37 740 1
42 104 603 1
104 42 603 1
47 95 361 1
95 47 361 1
48 111 498 1
111 48 498 1
1 61 385 1
61 1 385 1
23 24 403 1
24 23 403 1
30 73 455 1
73 30 455 1
17 74 721 1
74 17 721 1
30 84 877 1
84 30 877 1
38 87 730 1
87 38 730 1
93 105 305 1
105 93 305 1
104 107 401 1
107 104 401 1
6 20 561 1
20 6 561 1
18 28 651 1
28 18 651 1
29 41 234 1
41 29 234 1
69 86 1203 1
86 69 1203 1
95 112 395 1
112 95 395 1
25 30 292 1
30 25 292 1
92 93 608 1
93 92 608 1
3 86 986 1
86 3 986 1
6 33 588 1
33 6 588 1
33 81 613 1
81 33 613 1
81 83 446 1
83 81 446 1
99 113 264 1
113 99 264 1
4 108 880 1
108 4 880 1
6 15 884 1
15 6 884 1
6 62 702 1
62 6 702 1
11 73 310 1
73 11 310 1
33 41 611 1
41 33 611 1
36 62 525 1
62 36 525 1
79 80 991 1
80 79 991 1
90 93 690 1
93 90 690 1
13 33 629 1
33 13 629 1
16 81 1063 1
81 16 1063 1
24 71 494 1
71 24 494 1
26 87 560 1
87 26 560 1
35 67 262 1
67 35 262 1
105 113 210 1
113 105 210 1
23 84 1113 1
84 23 1113 1
37 80 842 1
80 37 842 1
62 75 893 1
75 62 893 1
96 104 297 1
104 96 297 1
23 89 1070 1
89 23 1070 1
38 82 362 1
82 38 362 1
39 40 508 1
40 39 508 1
57 110 760 1
110 57 760 1
20 30 328 1
30 20 328 1
34 105 727 1
105 34 727 1
45 52 615 1
52 45 615 1
52 94 506 1
94 52 506 1
67 110 507 1
110 67 507 1
75 81 434 1
81 75 434 1
9 60 1369 1
60 9 1369 1
28 73 629 1
73 28 629 1
39 105 458 1
105 39 458 1
11 31 475 1
31 11 475 1
13 86 1003 1
86 13 1003 1
28 107 859 1
107 28 859 1
30 70 259 1
70 30 259 1
34 65 549 1
65 34 549 1
83 87 158 1
87 83 158 1
9 49 1399 1
49 9 1399 1
15 61 998 1
61 15 998 1
17 40 824 1
40 17 824 1
19 23 597 1
23 19 597 1
26 83 578 1
83 26 578 1
35 92 768 1
92 35 768 1
39 71 417 1
71 39 417 1
61 81 506 1
81 61 506 1
88 89 1035 1
89 88 1035 1
11 84 1188 1
84 11 1188 1
42 95 547 1
95 42 547 1
51 95 646 1
95 51 646 1
71 77 297 1
77 71 297 1
3 26 678 1
26 3 678 1
30 88 865 1
88 30 865 1
33 83 733 1
83 33 733 1
78 85 1017 1
85 78 1017 1
5 14 572 1
14 5 572 1
12 28 275 1
28 12 275 1
14 18 837 1
18 14 837 1
51 58 753 1
58 51 753 1
0 60 405 1
60 0 405 1
13 80 1155 1
80 13 1155 1
21 86 520 1
86 21 520 1
54 113 426 1
113 54 426 1
95 105 309 1
105 95 309 1
0 52 934 1
52 0 934 1
10 101 1302 1
101 10 1302 1
11 107 831 1
107 11 831 1
12 21 630 1
21 12 630 1
22 26 505 1
26 22 505 1
32 69 338 1
69 32 338 1
32 72 471 1
72 32 471 1
37 46 651 1
46 37 651 1
40 72 200 1
72 40 200 1
97 115 218 1
115 97 218 1
36 55 626 1
55 36 626 1
43 113 467 1
113 43 467 1
62 79 1049 1
79 62 1049 1
0 115 997 1
115 0 997 1
2 23 340 1
23 2 340 1
11 78 988 1
78 11 988 1
28 31 545 1
31 28 545 1
45 50 474 1
50 45 474 1
61 79 487 1
79 61 487 1
81 85 175 1
85 81 175 1
15 86 825 1
86 15 825 1
36 109 326 1
109 36 326 1
41 79 379 1
79 41 379 1
49 58 594 1
58 49 594 1
81 84 1146 1
84 81 1146 1
9 114 1147 1
114 9 1147 1
36 89 803 1
89 36 803 1
39 114 488 1
114 39 488 1
31 84 971 1
84 31 971 1
37 110 431 1
110 37 431 1
38 42 697 1
42 38 697 1
38 96 284 1
96 38 284 1
45 70 956 1
70 45 956 1
52 109 539 1
109 52 539 1
106 113 395 1
113 106 395 1
3 18 417 1
18 3 417 1
8 72 485 1
72 8 485 1
17 41 414 1
41 17 414 1
20 61 1022 1
61 20 1022 1
22 27 524 1
27 22 524 1
34 99 586 1
99 34 586 1
36 54 228 1
54 36 228 1
57 90 1197 1
90 57 1197 1
61 72 984 1
72 61 984 1
0 111 985 1
111 0 985 1
34 108 452 1
108 34 452 1
15 104 1023 1
104 15 1023 1
34 79 586 1
79 34 586 1
60 79 1000 1
79 60 1000 1
65 92 1075 1
92 65 1075 1
7 65 934 1
65 7 934 1
19 41 815 1
41 19 815 1
28 32 528 1
32 28 528 1
38 76 305 1
76 38 305 1
48 113 676 1
113 48 676 1
59 90 1104 1
90 59 1104 1
8 67 1258 1
67 8 1258 1
9 101 1217 1
101 9 1217 1
20 87 562 1
87 20 562 1
44 95 677 1
95 44 677 1
48 101 937 1
101 48 937 1
48 115 731 1
115 48 731 1
59 62 914 1
62 59 914 1
93 106 650 1
106 93 650 1
24 39 767 1
39 24 767 1
25 67 1191 1
67 25 1191 1
19 81 772 1
81 19 772 1
41 63 682 1
63 41 682 1
49 113 706 1
113 49 706 1
53 95 553 1
95 53 553 1
11 12 972 1
12 11 972 1
34 94 438 1
94 34 438 1
38 56 731 1
56 38 731 1
47 108 359 1
108 47 359 1
70 102 879 1
102 70 879 1
12 29 886 1
29 12 886 1
19 83 893 1
83 19 893 1
19 84 968 1
84 19 968 1
20 33 587 1
33 20 587 1
31 86 707 1
86 31 707 1
34 76 309 1
76 34 309 1
35 108 425 1
108 35 425 1
42 108 485 1
108 42 485 1
67 104 923 1
104 67 923 1
77 79 329 1
79 77 329 1
1 112 1078 1
112 1 1078 1
8 13 868 1
13 8 868 1
17 75 351 1
75 17 351 1
32 41 693 1
41 32 693 1
71 87 510 1
87 71 510 1
0 47 988 1
47 0 988 1
13 60 1245 1
60 13 1245 1
53 77 709 1
77 53 709 1
91 94 561 1
94 91 561 1
104 115 184 1
115 104 184 1
33 61 545 1
61 33 545 1
50 112 538 1
112 50 538 1
70 97 668 1
97 70 668 1
79 83 420 1
83 79 420 1
92 108 488 1
108 92 488 1
38 98 432 1
98 38 432 1
72 83 754 1
83 72 754 1
74 79 666 1
79 74 666 1
74 82 336 1
82 74 336 1
91 108 473 1
108 91 473 1
14 68 1034 1
68 14 1034 1
18 23 573 1
23 18 573 1
18 33 288 1
33 18 288 1
33 73 444 1
73 33 444 1
33 86 892 1
86 33 892 1
37 105 506 1
105 37 506 1
53 115 576 1
115 53 576 1
59 112 915 1
112 59 915 1
110 114 289 1
114 110 289 1
25 65 1263 1
65 25 1263 1
29 32 631 1
32 29 631 1
36 115 416 1
115 36 416 1
56 63 1014 1
63 56 1014 1
10 63 1159 1
63 10 1159 1
7 83 551 1
83 7 551 1
17 57 439 1
57 17 439 1
28 71 506 1
71 28 506 1
31 70 334 1
70 31 334 1
37 87 433 1
87 37 433 1
38 114 469 1
114 38 469 1
39 51 768 1
51 39 768 1
6 58 957 1
58 6 957 1
6 63 1114 1
63 6 1114 1
8 60 1121 1
60 8 1121 1
18 88 1010 1
88 18 1010 1
31 92 1282 1
92 31 1282 1
44 104 796 1
104 44 796 1
72 76 257 1
76 72 257 1
77 99 529 1
99 77 529 1
5 71 431 1
71 5 431 1
10 56 466 1
56 10 466 1
15 88 1097 1
88 15 1097 1
20 59 1099 1
59 20 1099 1
32 65 681 1
65 32 681 1
33 74 480 1
74 33 480 1
54 89 853 1
89 54 853 1
58 65 718 1
65 58 718 1
98 104 286 1
104 98 286 1
5 92 1324 1
92 5 1324 1
6 28 413 1
28 6 413 1
15 100 1225 1
100 15 1225 1
23 102 1355 1
102 23 1355 1
31 82 641 1
82 31 641 1
41 78 770 1
78 41 770 1
91 110 456 1
110 91 456 1
0 55 1069 1
55 0 1069 1
30 86 614 1
86 30 614 1
38 80 426 1
80 38 426 1
41 62 1018 1
62 41 1018 1
2 3 405 1
3 2 405 1
12 63 1218 1
63 12 1218 1
29 60 1067 1
60 29 1067 1
50 57 991 1
57 50 991 1
87 92 1142 1
92 87 1142 1
1 81 501 1
81 1 501 1
3 24 623 1
24 3 623 1
8 61 1371 1
61 8 1371 1
11 86 1027 1
86 11 1027 1
13 28 892 1
28 13 892 1
16 66 708 1
66 16 708 1
16 72 287 1
72 16 287 1
32 56 384 1
56 32 384 1
50 105 813 1
105 50 813 1
93 94 560 1
94 93 560 1
2 64 992 1
64 2 992 1
8 79 1040 1
79 8 1040 1
12 86 512 1
86 12 512 1
25 50 1404 1
50 25 1404 1
32 60 487 1
60 32 487 1
32 61 611 1
61 32 611 1
36 99 637 1
99 36 637 1
45 114 688 1
114 45 688 1
55 89 213 1
89 55 213 1
64 71 973 1
71 64 973 1
69 88 1077 1
88 69 1077 1
71 79 426 1
79 71 426 1
73 80 850 1
80 73 850 1
94 95 213 1
95 94 213 1
4 6 536 1
6 4 536 1
12 81 1161 1
81 12 1161 1
29 80 961 1
80 29 961 1
37 47 493 1
47 37 493 1
48 108 684 1
108 48 684 1
69 87 1163 1
87 69 1163 1
35 77 284 1
77 35 284 1
46 108 360 1
108 46 360 1
53 89 552 1
89 53 552 1
53 106 847 1
106 53 847 1
58 96 780 1
96 58 780 1
1 62 1027 1
62 1 1027 1
17 36 828 1
36 17 828 1
27 92 1167 1
92 27 1167 1
36 83 816 1
83 36 816 1
66 72 771 1
72 66 771 1
89 92 938 1
92 89 938 1
5 39 639 1
39 5 639 1
9 65 1235 1
65 9 1235 1
38 46 544 1
46 38 544 1
39 55 254 1
55 39 254 1
40 74 182 1
74 40 182 1
6 17 967 1
17 6 967 1
41 71 317 1
71 41 317 1
53 108 584 1
108 53 584 1
70 113 878 1
113 70 878 1
93 107 357 1
107 93 357 1
6 16 484 1
16 6 484 1
28 68 788 1
68 28 788 1
39 54 618 1
54 39 618 1
67 106 941 1
106 67 941 1
2 4 569 1
4 2 569 1
5 88 1026 1
88 5 1026 1
13 26 645 1
26 13 645 1
14 85 1160 1
85 14 1160 1
23 69 907 1
69 23 907 1
34 96 428 1
96 34 428 1
40 100 662 1
100 40 662 1
54 111 422 1
111 54 422 1
57 91 921 1
91 57 921 1
60 78 455 1
78 60 455 1
63 65 312 1
65 63 312 1
97 108 170 1
108 97 170 1
101 104 464 1
104 101 464 1
7 100 1408 1
100 7 1408 1
37 96 506 1
96 37 506 1
93 114 346 1
114 93 346 1
106 110 467 1
110 106 467 1
1 19 351 1
19 1 351 1
16 48 829 1
48 16 829 1
32 62 548 1
62 32 548 1
34 84 580 1
84 34 580 1
52 106 576 1
106 52 576 1
56 110 762 1
110 56 762 1
94 113 328 1
113 94 328 1
7 69 790 1
69 7 790 1
18 89 1085 1
89 18 1085 1
28 80 329 1
80 28 329 1
33 62 690 1
62 33 690 1
35 44 409 1
44 35 409 1
40 87 708 1
87 40 708 1
11 14 937 1
14 11 937 1
37 42 712 1
42 37 712 1
74 78 322 1
78 74 322 1
34 95 480 1
95 34 480 1
47 50 544 1
50 47 544 1
48 94 667 1
94 48 667 1
95 115 205 1
115 95 205 1
104 113 229 1
113 104 229 1
105 110 411 1
110 105 411 1
40 62 664 1
62 40 664 1
78 84 235 1
84 78 235 1
0 43 962 1
43 0 962 1
44 70 930 1
70 44 930 1
4 21 414 1
21 4 414 1
13 58 1244 1
58 13 1244 1
23 87 803 1
87 23 803 1
37 91 517 1
91 37 517 1
83 86 863 1
86 83 863 1
85 88 1097 1
88 85 1097 1
0 91 1266 1
91 0 1266 1
2 31 377 1
31 2 377 1
9 69 1181 1
69 9 1181 1
10 78 335 1
78 10 335 1
12 101 1369 1
101 12 1369 1
19 22 594 1
22 19 594 1
39 53 692 1
53 39 692 1
39 99 432 1
99 39 432 1
39 109 356 1
109 39 356 1
64 89 1175 1
89 64 1175 1
94 109 127 1
109 94 127 1
19 80 851 1
80 19 851 1
34 114 610 1
114 34 610 1
40 63 1007 1
63 40 1007 1
54 94 226 1
94 54 226 1
58 67 368 1
67 58 368 1
17 76 648 1
76 17 648 1
45 110 453 1
110 45 453 1
64 108 748 1
108 64 748 1
102 107 560 1
107 102 560 1
10 74 381 1
74 10 381 1
11 32 663 1
32 11 663 1
14 82 179 1
82 14 179 1
18 69 392 1
69 18 392 1
22 70 443 1
70 22 443 1
39 112 619 1
112 39 619 1
40 77 472 1
77 40 472 1
54 58 818 1
58 54 818 1
38 53 897 1
53 38 897 1
39 52 892 1
52 39 892 1
54 59 1020 1
59 54 1020 1
95 111 347 1
111 95 347 1
110 113 304 1
113 110 304 1
1 33 355 1
33 1 355 1
1 104 1183 1
104 1 1183 1
4 41 642 1
41 4 642 1
5 67 1194 1
67 5 1194 1
6 30 365 1
30 6 365 1
9 80 1146 1
80 9 1146 1
20 101 958 1
101 20 958 1
37 94 426 1
94 37 426 1
49 106 982 1
106 49 982 1
87 89 476 1
89 87 476 1
2 15 805 1
15 2 805 1
8 76 729 1
76 8 729 1
14 93 1238 1
93 14 1238 1
23 26 522 1
26 23 522 1
27 68 1083 1
68 27 1083 1
35 39 531 1
39 35 531 1
90 115 420 1
115 90 420 1
6 8 485 1
8 6 485 1
7 22 454 1
22 7 454 1
26 39 604 1
39 26 604 1
29 69 823 1
69 29 823 1
56 81 1090 1
81 56 1090 1
0 68 414 1
68 0 414 1
3 84 1110 1
84 3 1110 1
9 41 527 1
41 9 527 1
13 78 1046 1
78 13 1046 1
15 71 394 1
71 15 394 1
16 80 152 1
80 16 152 1
71 78 647 1
78 71 647 1
86 100 753 1
100 86 753 1
87 104 852 1
104 87 852 1
2 107 1169 1
107 2 1169 1
14 64 1035 1
64 14 1035 1
22 82 706 1
82 22 706 1
37 108 355 1
108 37 355 1
69 101 1234 1
101 69 1234 1
12 103 1282 1
103 12 1282 1
17 19 648 1
19 17 648 1
26 31 365 1
31 26 365 1
34 64 445 1
64 34 445 1
50 94 604 1
94 50 604 1
