116 2668
4 8 148 1
8 4 148 1
4 5 350 1
5 4 350 1
5 27 165 1
27 5 165 1
26 27 135 1
27 26 135 1
73 74 458 1
74 73 458 1
11 13 168 1
13 11 168 1
38 39 465 1
39 38 465 1
4 27 279 1
27 4 279 1
30 31 127 1
31 30 127 1
66 67 177 1
67 66 177 1
72 73 517 1
73 72 517 1
78 80 116 1
80 78 116 1
28 29 741 1
29 28 741 1
72 74 76 1
74 72 76 1
28 72 116 1
72 28 116 1
42 43 239 1
43 42 239 1
20 21 185 1
21 20 185 1
100 102 87 1
102 100 87 1
5 8 493 1
8 5 493 1
24 25 135 1
25 24 135 1
35 67 262 1
67 35 262 1
72 76 257 1
76 72 257 1
73 76 450 1
76 73 450 1
56 57 840 1
57 56 840 1
101 103 106 1
103 101 106 1
91 93 118 1
93 91 118 1
67 91 790 1
91 67 790 1
74 76 203 1
76 74 203 1
90 92 135 1
92 90 135 1
29 72 629 1
72 29 629 1
5 26 263 1
26 5 263 1
21 24 413 1
24 21 413 1
49 51 172 1
51 49 172 1
47 110 210 1
110 47 210 1
104 105 204 1
105 104 204 1
4 26 161 1
26 4 161 1
48 49 410 1
49 48 410 1
3 23 271 1
23 3 271 1
4 22 457 1
22 4 457 1
38 55 598 1
55 38 598 1
45 49 111 1
49 45 111 1
11 15 385 1
15 11 385 1
17 63 324 1
63 17 324 1
19 69 323 1
69 19 323 1
34 67 275 1
67 34 275 1
28 30 436 1
30 28 436 1
70 71 263 1
71 70 263 1
3 7 185 1
7 3 185 1
34 35 126 1
35 34 126 1
86 87 805 1
87 86 805 1
45 67 282 1
67 45 282 1
29 73 113 1
73 29 113 1
8 27 425 1
27 8 425 1
90 98 163 1
98 90 163 1
78 81 1002 1
81 78 1002 1
17 29 223 1
29 17 223 1
47 67 492 1
67 47 492 1
35 45 385 1
45 35 385 1
37 39 117 1
39 37 117 1
103 104 369 1
104 103 369 1
22 27 524 1
27 22 524 1
78 79 878 1
79 78 878 1
103 105 173 1
105 103 173 1
80 81 1113 1
81 80 1113 1
29 30 533 1
30 29 533 1
105 114 152 1
114 105 152 1
21 25 360 1
25 21 360 1
17 72 781 1
72 17 781 1
45 110 453 1
110 45 453 1
20 24 393 1
24 20 393 1
102 103 508 1
103 102 508 1
13 15 277 1
15 13 277 1
17 28 894 1
28 17 894 1
66 91 902 1
91 66 902 1
28 74 188 1
74 28 188 1
29 74 571 1
74 29 571 1
102 104 159 1
104 102 159 1
28 40 248 1
40 28 248 1
92 100 157 1
100 92 157 1
5 22 506 1
22 5 506 1
10 12 181 1
12 10 181 1
16 57 981 1
57 16 981 1
44 45 194 1
45 44 194 1
8 9 638 1
9 8 638 1
1 73 531 1
73 1 531 1
25 27 193 1
27 25 193 1
58 66 198 1
66 58 198 1
40 72 200 1
72 40 200 1
91 99 166 1
99 91 166 1
59 66 363 1
66 59 363 1
72 75 453 1
75 72 453 1
30 72 390 1
72 30 390 1
62 63 1134 1
63 62 1134 1
5 9 157 1
9 5 157 1
58 60 266 1
60 58 266 1
28 73 629 1
73 28 629 1
67 110 507 1
110 67 507 1
90 91 735 1
91 90 735 1
99 103 258 1
103 99 258 1
58 91 1077 1
91 58 1077 1
22 26 505 1
26 22 505 1
45 47 345 1
47 45 345 1
39 55 254 1
55 39 254 1
93 101 103 1
101 93 103 1
4 9 500 1
9 4 500 1
30 73 455 1
73 30 455 1
32 33 149 1
33 32 149 1
29 31 454 1
31 29 454 1
0 1 800 1
1 0 800 1
74 75 389 1
75 74 389 1
17 79 135 1
79 17 135 1
111 112 111 1
112 111 111 1
75 76 374 1
76 75 374 1
98 102 260 1
102 98 260 1
82 86 143 1
86 82 143 1
20 54 606 1
54 20 606 1
8 22 480 1
22 8 480 1
1 74 790 1
74 1 790 1
7 9 490 1
9 7 490 1
17 74 721 1
74 17 721 1
1 72 829 1
72 1 829 1
45 66 369 1
66 45 369 1
2 6 165 1
6 2 165 1
35 66 331 1
66 35 331 1
58 59 496 1
59 58 496 1
42 46 173 1
46 42 173 1
10 11 986 1
11 10 986 1
70 72 158 1
72 70 158 1
28 31 545 1
31 28 545 1
104 115 184 1
115 104 184 1
34 66 268 1
66 34 268 1
0 56 174 1
56 0 174 1
37 38 515 1
38 37 515 1
28 63 1049 1
63 28 1049 1
1 11 394 1
11 1 394 1
36 37 542 1
37 36 542 1
47 91 332 1
91 47 332 1
28 75 567 1
75 28 567 1
74 79 666 1
79 74 666 1
59 67 245 1
67 59 245 1
79 80 991 1
80 79 991 1
16 80 152 1
80 16 152 1
63 72 944 1
72 63 944 1
93 103 173 1
103 93 173 1
1 76 689 1
76 1 689 1
25 31 272 1
31 25 272 1
2 3 405 1
3 2 405 1
5 25 129 1
25 5 129 1
98 103 555 1
103 98 555 1
24 30 283 1
30 24 283 1
19 35 579 1
35 19 579 1
12 13 959 1
13 12 959 1
6 7 710 1
7 6 710 1
90 102 246 1
102 90 246 1
57 73 601 1
73 57 601 1
105 115 176 1
115 105 176 1
17 78 955 1
78 17 955 1
72 80 384 1
80 72 384 1
73 75 84 1
75 73 84 1
17 73 298 1
73 17 298 1
90 111 396 1
111 90 396 1
29 63 531 1
63 29 531 1
29 40 655 1
40 29 655 1
73 79 296 1
79 73 296 1
67 93 875 1
93 67 875 1
19 67 590 1
67 19 590 1
90 103 653 1
103 90 653 1
24 31 318 1
31 24 318 1
48 58 400 1
58 48 400 1
72 79 733 1
79 72 733 1
36 39 517 1
39 36 517 1
99 105 287 1
105 99 287 1
70 75 355 1
75 70 355 1
16 78 122 1
78 16 122 1
6 12 248 1
12 6 248 1
16 17 998 1
17 16 998 1
21 26 271 1
26 21 271 1
48 50 202 1
50 48 202 1
36 38 122 1
38 36 122 1
8 26 300 1
26 8 300 1
20 84 687 1
84 20 687 1
30 74 403 1
74 30 403 1
58 67 368 1
67 58 368 1
76 79 567 1
79 76 567 1
87 88 1035 1
88 87 1035 1
17 57 439 1
57 17 439 1
76 77 238 1
77 76 238 1
2 7 566 1
7 2 566 1
74 78 322 1
78 74 322 1
41 75 187 1
75 41 187 1
40 76 327 1
76 40 327 1
79 81 136 1
81 79 136 1
92 102 211 1
102 92 211 1
98 111 265 1
111 98 265 1
14 22 562 1
22 14 562 1
91 103 258 1
103 91 258 1
17 80 1070 1
80 17 1070 1
24 26 201 1
26 24 201 1
57 74 830 1
74 57 830 1
19 90 1212 1
90 19 1212 1
22 23 140 1
23 22 140 1
1 10 979 1
10 1 979 1
1 17 391 1
17 1 391 1
36 40 213 1
40 36 213 1
38 87 730 1
87 38 730 1
10 13 1004 1
13 10 1004 1
49 59 382 1
59 49 382 1
71 75 163 1
75 71 163 1
74 80 415 1
80 74 415 1
1 29 521 1
29 1 521 1
72 78 300 1
78 72 300 1
82 83 881 1
83 82 881 1
1 57 172 1
57 1 172 1
98 104 286 1
104 98 286 1
34 45 409 1
45 34 409 1
114 115 96 1
115 114 96 1
25 30 292 1
30 25 292 1
70 76 285 1
76 70 285 1
11 29 239 1
29 11 239 1
28 80 329 1
80 28 329 1
37 55 221 1
55 37 221 1
23 92 1466 1
92 23 1466 1
28 76 345 1
76 28 345 1
70 73 402 1
73 70 402 1
57 76 691 1
76 57 691 1
16 79 934 1
79 16 934 1
63 73 569 1
73 63 569 1
63 74 885 1
74 63 885 1
20 26 232 1
26 20 232 1
68 69 164 1
69 68 164 1
47 111 188 1
111 47 188 1
63 76 747 1
76 63 747 1
98 99 479 1
99 98 479 1
48 51 548 1
51 48 548 1
35 91 647 1
91 35 647 1
13 29 290 1
29 13 290 1
44 50 287 1
50 44 287 1
92 98 220 1
98 92 220 1
29 75 189 1
75 29 189 1
54 76 415 1
76 54 415 1
7 23 337 1
23 7 337 1
42 80 740 1
80 42 740 1
25 26 225 1
26 25 225 1
75 77 210 1
77 75 210 1
35 110 305 1
110 35 305 1
52 99 661 1
99 52 661 1
17 81 182 1
81 17 182 1
15 65 1052 1
65 15 1052 1
49 66 437 1
66 49 437 1
28 79 847 1
79 28 847 1
10 15 968 1
15 10 968 1
70 74 155 1
74 70 155 1
20 72 238 1
72 20 238 1
45 50 474 1
50 45 474 1
47 66 579 1
66 47 579 1
104 106 195 1
106 104 195 1
71 77 297 1
77 71 297 1
104 114 171 1
114 104 171 1
13 28 892 1
28 13 892 1
16 72 287 1
72 16 287 1
20 73 397 1
73 20 397 1
63 79 303 1
79 63 303 1
66 110 549 1
110 66 549 1
59 91 926 1
91 59 926 1
84 87 1148 1
87 84 1148 1
90 93 690 1
93 90 690 1
96 104 297 1
104 96 297 1
99 101 266 1
101 99 266 1
63 75 591 1
75 63 591 1
20 57 904 1
57 20 904 1
76 80 424 1
80 76 424 1
17 62 1129 1
62 17 1129 1
46 78 577 1
78 46 577 1
1 63 334 1
63 1 334 1
17 76 648 1
76 17 648 1
19 59 618 1
59 19 618 1
67 90 867 1
90 67 867 1
20 74 213 1
74 20 213 1
29 79 257 1
79 29 257 1
66 99 784 1
99 66 784 1
5 14 572 1
14 5 572 1
81 85 175 1
85 81 175 1
16 56 380 1
56 16 380 1
36 77 422 1
77 36 422 1
11 12 972 1
12 11 972 1
11 28 875 1
28 11 875 1
91 110 456 1
110 91 456 1
45 91 637 1
91 45 637 1
49 50 585 1
50 49 585 1
1 75 562 1
75 1 562 1
35 47 370 1
47 35 370 1
99 108 310 1
108 99 310 1
19 91 1171 1
91 19 1171 1
36 76 232 1
76 36 232 1
92 93 608 1
93 92 608 1
29 76 555 1
76 29 555 1
57 72 874 1
72 57 874 1
62 76 527 1
76 62 527 1
24 27 252 1
27 24 252 1
28 78 272 1
78 28 272 1
32 63 656 1
63 32 656 1
34 91 729 1
91 34 729 1
54 87 939 1
87 54 939 1
92 101 634 1
101 92 634 1
20 25 402 1
25 20 402 1
50 51 698 1
51 50 698 1
69 90 1119 1
90 69 1119 1
36 70 395 1
70 36 395 1
47 69 806 1
69 47 806 1
4 14 255 1
14 4 255 1
101 102 595 1
102 101 595 1
1 28 918 1
28 1 918 1
16 76 379 1
76 16 379 1
67 69 345 1
69 67 345 1
16 74 335 1
74 16 335 1
57 79 431 1
79 57 431 1
84 86 610 1
86 84 610 1
95 108 123 1
108 95 123 1
80 84 162 1
84 80 162 1
88 108 517 1
108 88 517 1
108 110 194 1
110 108 194 1
21 27 209 1
27 21 209 1
21 30 349 1
30 21 349 1
36 87 808 1
87 36 808 1
93 99 208 1
99 93 208 1
40 75 477 1
75 40 477 1
32 75 514 1
75 32 514 1
42 78 692 1
78 42 692 1
49 58 594 1
58 49 594 1
54 84 309 1
84 54 309 1
93 102 600 1
102 93 600 1
107 113 400 1
113 107 400 1
31 33 517 1
33 31 517 1
0 10 381 1
10 0 381 1
3 22 347 1
22 3 347 1
6 9 834 1
9 6 834 1
40 79 762 1
79 40 762 1
3 6 559 1
6 3 559 1
5 7 538 1
7 5 538 1
40 74 182 1
74 40 182 1
4 7 733 1
7 4 733 1
36 72 276 1
72 36 276 1
37 110 431 1
110 37 431 1
49 67 315 1
67 49 315 1
70 77 376 1
77 70 376 1
91 111 390 1
111 91 390 1
0 57 825 1
57 0 825 1
39 76 461 1
76 39 461 1
26 57 1052 1
57 26 1052 1
38 77 447 1
77 38 447 1
40 80 433 1
80 40 433 1
19 45 864 1
45 19 864 1
99 111 265 1
111 99 265 1
60 61 893 1
61 60 893 1
3 92 1420 1
92 3 1420 1
90 101 719 1
101 90 719 1
103 114 282 1
114 103 282 1
109 110 135 1
110 109 135 1
20 76 380 1
76 20 380 1
47 105 464 1
105 47 464 1
45 48 304 1
48 45 304 1
69 91 1081 1
91 69 1081 1
28 70 247 1
70 28 247 1
46 80 618 1
80 46 618 1
11 75 388 1
75 11 388 1
101 107 310 1
107 101 310 1
2 23 340 1
23 2 340 1
43 47 146 1
47 43 146 1
84 85 1130 1
85 84 1130 1
2 89 1170 1
89 2 1170 1
3 90 1350 1
90 3 1350 1
59 69 338 1
69 59 338 1
7 8 828 1
8 7 828 1
35 59 475 1
59 35 475 1
102 113 317 1
113 102 317 1
2 8 554 1
8 2 554 1
7 92 1445 1
92 7 1445 1
36 75 517 1
75 36 517 1
4 25 258 1
25 4 258 1
43 80 868 1
80 43 868 1
54 88 224 1
88 54 224 1
58 99 956 1
99 58 956 1
73 78 740 1
78 73 740 1
92 103 574 1
103 92 574 1
11 74 727 1
74 11 727 1
20 78 525 1
78 20 525 1
21 54 704 1
54 21 704 1
55 87 559 1
87 55 559 1
91 102 669 1
102 91 669 1
96 115 214 1
115 96 214 1
9 23 475 1
23 9 475 1
39 87 370 1
87 39 370 1
61 63 238 1
63 61 238 1
3 4 707 1
4 3 707 1
29 41 234 1
41 29 234 1
58 93 1138 1
93 58 1138 1
11 72 773 1
72 11 773 1
19 66 600 1
66 19 600 1
21 31 344 1
31 21 344 1
67 111 605 1
111 67 605 1
40 73 549 1
73 40 549 1
54 57 1038 1
57 54 1038 1
6 89 1224 1
89 6 1224 1
39 40 508 1
40 39 508 1
99 104 430 1
104 99 430 1
34 44 373 1
44 34 373 1
98 105 417 1
105 98 417 1
1 13 546 1
13 1 546 1
4 23 506 1
23 4 506 1
7 90 1390 1
90 7 1390 1
17 40 824 1
40 17 824 1
75 79 318 1
79 75 318 1
10 41 849 1
41 10 849 1
14 27 449 1
27 14 449 1
22 30 218 1
30 22 218 1
28 81 975 1
81 28 975 1
34 64 445 1
64 34 445 1
73 80 850 1
80 73 850 1
21 73 247 1
73 21 247 1
41 73 204 1
73 41 204 1
35 69 473 1
69 35 473 1
59 90 1104 1
90 59 1104 1
23 90 1391 1
90 23 1391 1
31 72 482 1
72 31 482 1
47 90 580 1
90 47 580 1
47 93 394 1
93 47 394 1
54 72 501 1
72 54 501 1
66 105 960 1
105 66 960 1
36 86 441 1
86 36 441 1
52 98 272 1
98 52 272 1
62 75 893 1
75 62 893 1
96 98 184 1
98 96 184 1
16 81 1063 1
81 16 1063 1
40 54 405 1
54 40 405 1
49 110 518 1
110 49 518 1
76 87 753 1
87 76 753 1
90 100 182 1
100 90 182 1
16 28 220 1
28 16 220 1
2 90 1252 1
90 2 1252 1
64 65 897 1
65 64 897 1
90 99 615 1
99 90 615 1
24 29 657 1
29 24 657 1
100 113 356 1
113 100 356 1
28 41 661 1
41 28 661 1
7 59 970 1
59 7 970 1
37 86 777 1
86 37 777 1
91 101 197 1
101 91 197 1
101 104 464 1
104 101 464 1
9 27 309 1
27 9 309 1
29 78 851 1
78 29 851 1
41 82 687 1
82 41 687 1
19 23 597 1
23 19 597 1
67 99 690 1
99 67 690 1
97 105 299 1
105 97 299 1
6 60 799 1
60 6 799 1
15 29 295 1
29 15 295 1
29 61 711 1
61 29 711 1
97 106 471 1
106 97 471 1
40 62 664 1
62 40 664 1
53 99 316 1
99 53 316 1
97 108 170 1
108 97 170 1
3 9 596 1
9 3 596 1
3 19 382 1
19 3 382 1
19 47 942 1
47 19 942 1
67 108 667 1
108 67 667 1
76 84 486 1
84 76 486 1
104 110 417 1
110 104 417 1
10 29 893 1
29 10 893 1
19 111 1024 1
111 19 1024 1
76 78 312 1
78 76 312 1
82 87 849 1
87 82 849 1
1 68 549 1
68 1 549 1
34 93 788 1
93 34 788 1
34 108 452 1
108 34 452 1
48 66 357 1
66 48 357 1
62 74 590 1
74 62 590 1
72 84 493 1
84 72 493 1
16 84 311 1
84 16 311 1
14 82 179 1
82 14 179 1
46 109 326 1
109 46 326 1
16 73 769 1
73 16 769 1
32 55 771 1
55 32 771 1
36 83 816 1
83 36 816 1
108 109 87 1
109 108 87 1
49 91 630 1
91 49 630 1
78 84 235 1
84 78 235 1
91 108 473 1
108 91 473 1
98 100 250 1
100 98 250 1
5 24 252 1
24 5 252 1
2 19 481 1
19 2 481 1
20 30 328 1
30 20 328 1
40 63 1007 1
63 40 1007 1
40 78 376 1
78 40 376 1
45 90 767 1
90 45 767 1
2 91 1366 1
91 2 1366 1
3 5 603 1
5 3 603 1
38 86 366 1
86 38 366 1
45 59 413 1
59 45 413 1
24 84 1013 1
84 24 1013 1
64 84 478 1
84 64 478 1
69 110 773 1
110 69 773 1
37 43 584 1
43 37 584 1
74 84 507 1
84 74 507 1
17 75 351 1
75 17 351 1
100 101 656 1
101 100 656 1
12 60 825 1
60 12 825 1
66 93 972 1
93 66 972 1
94 115 181 1
115 94 181 1
101 105 274 1
105 101 274 1
103 107 239 1
107 103 239 1
28 32 528 1
32 28 528 1
38 54 263 1
54 38 263 1
97 104 399 1
104 97 399 1
77 87 602 1
87 77 602 1
97 110 221 1
110 97 221 1
6 23 465 1
23 6 465 1
54 79 860 1
79 54 860 1
11 73 310 1
73 11 310 1
37 87 433 1
87 37 433 1
69 77 618 1
77 69 618 1
20 29 497 1
29 20 497 1
34 58 424 1
58 34 424 1
14 26 321 1
26 14 321 1
57 84 1116 1
84 57 1116 1
93 100 653 1
100 93 653 1
2 4 569 1
4 2 569 1
15 41 349 1
41 15 349 1
39 77 312 1
77 39 312 1
42 50 271 1
50 42 271 1
91 98 616 1
98 91 616 1
41 72 550 1
72 41 550 1
13 75 440 1
75 13 440 1
66 90 828 1
90 66 828 1
31 40 592 1
40 31 592 1
66 69 349 1
69 66 349 1
47 97 280 1
97 47 280 1
66 103 1026 1
103 66 1026 1
68 97 933 1
97 68 933 1
78 109 527 1
109 78 527 1
105 110 411 1
110 105 411 1
0 18 364 1
18 0 364 1
20 31 387 1
31 20 387 1
45 111 467 1
111 45 467 1
67 105 903 1
105 67 903 1
3 89 961 1
89 3 961 1
28 62 527 1
62 28 527 1
36 41 570 1
41 36 570 1
63 80 1146 1
80 63 1146 1
20 40 225 1
40 20 225 1
98 101 623 1
101 98 623 1
16 40 399 1
40 16 399 1
18 19 147 1
19 18 147 1
44 110 439 1
110 44 439 1
47 112 265 1
112 47 265 1
65 67 361 1
67 65 361 1
31 74 479 1
74 31 479 1
40 41 506 1
41 40 506 1
53 55 448 1
55 53 448 1
57 78 938 1
78 57 938 1
67 103 944 1
103 67 944 1
90 110 460 1
110 90 460 1
98 110 300 1
110 98 300 1
21 74 343 1
74 21 343 1
62 72 566 1
72 62 566 1
1 80 1054 1
80 1 1054 1
2 103 1363 1
103 2 1363 1
28 36 321 1
36 28 321 1
30 70 259 1
70 30 259 1
32 62 548 1
62 32 548 1
46 53 547 1
53 46 547 1
90 104 351 1
104 90 351 1
94 104 298 1
104 94 298 1
2 69 758 1
69 2 758 1
11 17 224 1
17 11 224 1
35 49 434 1
49 35 434 1
46 72 723 1
72 46 723 1
91 105 371 1
105 91 371 1
31 73 397 1
73 31 397 1
75 80 775 1
80 75 775 1
103 113 295 1
113 103 295 1
10 28 213 1
28 10 213 1
10 73 783 1
73 10 783 1
99 115 285 1
115 99 285 1
105 108 296 1
108 105 296 1
110 111 172 1
111 110 172 1
2 18 379 1
18 2 379 1
36 82 401 1
82 36 401 1
59 60 718 1
60 59 718 1
59 89 931 1
89 59 931 1
80 85 1121 1
85 80 1121 1
3 27 634 1
27 3 634 1
38 76 305 1
76 38 305 1
47 104 532 1
104 47 532 1
94 114 259 1
114 94 259 1
6 8 485 1
8 6 485 1
13 31 424 1
31 13 424 1
35 108 425 1
108 35 425 1
96 97 322 1
97 96 322 1
101 114 359 1
114 101 359 1
20 56 790 1
56 20 790 1
20 87 562 1
87 20 562 1
24 73 599 1
73 24 599 1
34 110 327 1
110 34 327 1
36 71 552 1
71 36 552 1
78 113 766 1
113 78 766 1
9 12 856 1
12 9 856 1
10 76 495 1
76 10 495 1
95 109 146 1
109 95 146 1
104 108 301 1
108 104 301 1
12 15 906 1
15 12 906 1
17 30 703 1
30 17 703 1
37 77 246 1
77 37 246 1
49 90 859 1
90 49 859 1
52 69 993 1
69 52 993 1
57 80 1050 1
80 57 1050 1
10 74 381 1
74 10 381 1
34 59 511 1
59 34 511 1
44 47 404 1
47 44 404 1
95 97 97 1
97 95 97 1
96 114 265 1
114 96 265 1
2 102 1269 1
102 2 1269 1
13 61 843 1
61 13 843 1
97 99 180 1
99 97 180 1
102 105 355 1
105 102 355 1
21 57 821 1
57 21 821 1
24 74 560 1
74 24 560 1
30 40 513 1
40 30 513 1
34 47 428 1
47 34 428 1
35 83 797 1
83 35 797 1
52 90 240 1
90 52 240 1
73 84 919 1
84 73 919 1
21 29 329 1
29 21 329 1
24 78 835 1
78 24 835 1
31 61 975 1
61 31 975 1
54 73 776 1
73 54 776 1
29 81 342 1
81 29 342 1
47 49 380 1
49 47 380 1
7 33 515 1
33 7 515 1
29 62 1067 1
62 29 1067 1
41 76 493 1
76 41 493 1
44 48 114 1
48 44 114 1
44 49 304 1
49 44 304 1
86 88 460 1
88 86 460 1
24 72 544 1
72 24 544 1
36 84 341 1
84 36 341 1
37 109 343 1
109 37 343 1
41 96 611 1
96 41 611 1
8 12 346 1
12 8 346 1
110 115 264 1
115 110 264 1
8 23 562 1
23 8 562 1
20 79 665 1
79 20 665 1
106 107 486 1
107 106 486 1
7 61 813 1
61 7 813 1
54 55 651 1
55 54 651 1
94 96 89 1
96 94 89 1
13 30 546 1
30 13 546 1
26 54 816 1
54 26 816 1
41 74 484 1
74 41 484 1
54 86 568 1
86 54 568 1
98 108 315 1
108 98 315 1
92 111 381 1
111 92 381 1
100 103 576 1
103 100 576 1
19 49 882 1
49 19 882 1
29 80 961 1
80 29 961 1
37 65 654 1
65 37 654 1
45 69 625 1
69 45 625 1
56 76 519 1
76 56 519 1
96 113 315 1
113 96 315 1
13 63 653 1
63 13 653 1
21 84 830 1
84 21 830 1
45 77 650 1
77 45 650 1
50 66 475 1
66 50 475 1
40 87 708 1
87 40 708 1
45 51 254 1
51 45 254 1
66 108 706 1
108 66 706 1
86 110 816 1
110 86 816 1
97 109 174 1
109 97 174 1
29 32 631 1
32 29 631 1
0 76 525 1
76 0 525 1
5 23 453 1
23 5 453 1
32 72 471 1
72 32 471 1
21 96 648 1
96 21 648 1
30 75 454 1
75 30 454 1
11 41 473 1
41 11 473 1
15 31 431 1
31 15 431 1
20 96 592 1
96 20 592 1
21 65 973 1
65 21 973 1
40 70 311 1
70 40 311 1
11 61 675 1
61 11 675 1
30 76 537 1
76 30 537 1
42 44 208 1
44 42 208 1
47 99 231 1
99 47 231 1
62 79 1049 1
79 62 1049 1
9 14 725 1
14 9 725 1
82 84 544 1
84 82 544 1
88 95 625 1
95 88 625 1
8 14 205 1
14 8 205 1
30 32 574 1
32 30 574 1
47 98 442 1
98 47 442 1
59 99 857 1
99 59 857 1
91 104 542 1
104 91 542 1
15 28 819 1
28 15 819 1
54 74 471 1
74 54 471 1
99 110 299 1
110 99 299 1
2 59 1058 1
59 2 1058 1
11 63 488 1
63 11 488 1
35 44 409 1
44 35 409 1
39 86 698 1
86 39 698 1
41 62 1018 1
62 41 1018 1
45 58 519 1
58 45 519 1
51 59 486 1
59 51 486 1
77 86 724 1
86 77 724 1
43 78 794 1
78 43 794 1
57 63 249 1
63 57 249 1
62 73 961 1
73 62 961 1
101 113 350 1
113 101 350 1
1 16 963 1
16 1 963 1
9 61 1165 1
61 9 1165 1
81 113 820 1
113 81 820 1
95 110 248 1
110 95 248 1
11 30 584 1
30 11 584 1
21 72 388 1
72 21 388 1
35 90 713 1
90 35 713 1
99 102 560 1
102 99 560 1
2 92 1350 1
92 2 1350 1
39 75 260 1
75 39 260 1
54 78 385 1
78 54 385 1
68 94 894 1
94 68 894 1
21 78 664 1
78 21 664 1
22 57 904 1
57 22 904 1
58 88 918 1
88 58 918 1
68 75 797 1
75 68 797 1
42 53 475 1
53 42 475 1
43 46 341 1
46 43 341 1
44 66 318 1
66 44 318 1
50 110 492 1
110 50 492 1
54 56 722 1
56 54 722 1
54 96 167 1
96 54 167 1
56 115 941 1
115 56 941 1
10 72 309 1
72 10 309 1
58 103 1188 1
103 58 1188 1
66 88 875 1
88 66 875 1
66 111 646 1
111 66 646 1
3 112 1257 1
112 3 1257 1
44 46 353 1
46 44 353 1
75 78 667 1
78 75 667 1
2 9 760 1
9 2 760 1
20 27 271 1
27 20 271 1
36 54 228 1
54 36 228 1
18 63 774 1
63 18 774 1
30 79 725 1
79 30 725 1
40 84 485 1
84 40 485 1
91 92 669 1
92 91 669 1
16 20 522 1
20 16 522 1
38 40 158 1
40 38 158 1
67 95 667 1
95 67 667 1
3 8 773 1
8 3 773 1
30 63 932 1
63 30 932 1
15 83 194 1
83 15 194 1
47 77 509 1
77 47 509 1
49 98 742 1
98 49 742 1
64 88 675 1
88 64 675 1
104 113 229 1
113 104 229 1
6 90 1185 1
90 6 1185 1
26 106 767 1
106 26 767 1
36 55 626 1
55 36 626 1
37 40 562 1
40 37 562 1
48 59 599 1
59 48 599 1
69 94 883 1
94 69 883 1
83 87 158 1
87 83 158 1
0 68 414 1
68 0 414 1
24 28 571 1
28 24 571 1
49 69 641 1
69 49 641 1
68 79 805 1
79 68 805 1
88 89 1035 1
89 88 1035 1
69 97 875 1
97 69 875 1
0 62 386 1
62 0 386 1
13 72 796 1
72 13 796 1
16 24 782 1
24 16 782 1
60 91 1127 1
91 60 1127 1
12 51 1375 1
51 12 1375 1
15 61 998 1
61 15 998 1
53 113 487 1
113 53 487 1
77 110 393 1
110 77 393 1
94 105 354 1
105 94 354 1
94 106 271 1
106 94 271 1
97 115 218 1
115 97 218 1
19 83 893 1
83 19 893 1
42 76 612 1
76 42 612 1
58 65 718 1
65 58 718 1
108 115 135 1
115 108 135 1
2 5 685 1
5 2 685 1
62 70 663 1
70 62 663 1
96 106 277 1
106 96 277 1
1 56 851 1
56 1 851 1
9 22 564 1
22 9 564 1
10 14 380 1
14 10 380 1
18 106 1114 1
106 18 1114 1
39 65 768 1
65 39 768 1
48 60 501 1
60 48 501 1
56 105 1117 1
105 56 1117 1
26 114 936 1
114 26 936 1
35 95 421 1
95 35 421 1
67 88 939 1
88 67 939 1
68 77 657 1
77 68 657 1
79 84 1035 1
84 79 1035 1
77 83 539 1
83 77 539 1
92 113 313 1
113 92 313 1
10 75 732 1
75 10 732 1
20 39 459 1
39 20 459 1
30 61 1024 1
61 30 1024 1
46 52 244 1
52 46 244 1
46 112 262 1
112 46 262 1
2 58 959 1
58 2 959 1
6 22 333 1
22 6 333 1
40 81 874 1
81 40 874 1
82 94 609 1
94 82 609 1
112 113 116 1
113 112 116 1
1 30 736 1
30 1 736 1
5 21 332 1
21 5 332 1
65 82 1280 1
82 65 1280 1
1 62 1027 1
62 1 1027 1
22 31 234 1
31 22 234 1
59 111 815 1
111 59 815 1
80 87 1107 1
87 80 1107 1
1 79 428 1
79 1 428 1
16 63 1092 1
63 16 1092 1
31 113 1132 1
113 31 1132 1
34 99 586 1
99 34 586 1
40 82 231 1
82 40 231 1
54 115 339 1
115 54 339 1
62 77 741 1
77 62 741 1
96 102 343 1
102 96 343 1
10 60 650 1
60 10 650 1
39 88 762 1
88 39 762 1
53 111 406 1
111 53 406 1
65 88 1179 1
88 65 1179 1
9 59 1335 1
59 9 1335 1
56 104 1033 1
104 56 1033 1
2 22 228 1
22 2 228 1
35 58 514 1
58 35 514 1
46 50 303 1
50 46 303 1
74 87 714 1
87 74 714 1
102 114 295 1
114 102 295 1
21 39 356 1
39 21 356 1
22 85 1113 1
85 22 1113 1
23 35 930 1
35 23 930 1
41 77 345 1
77 41 345 1
42 47 281 1
47 42 281 1
43 85 559 1
85 43 559 1
79 87 531 1
87 79 531 1
97 98 437 1
98 97 437 1
36 80 330 1
80 36 330 1
61 73 720 1
73 61 720 1
61 74 932 1
74 61 932 1
45 105 804 1
105 45 804 1
72 87 771 1
87 72 771 1
1 18 493 1
18 1 493 1
19 93 1252 1
93 19 1252 1
28 84 456 1
84 28 456 1
36 73 600 1
73 36 600 1
71 73 163 1
73 71 163 1
28 46 774 1
46 28 774 1
34 65 549 1
65 34 549 1
54 80 402 1
80 54 402 1
71 72 402 1
72 71 402 1
42 72 843 1
72 42 843 1
7 89 868 1
89 7 868 1
16 70 409 1
70 16 409 1
30 33 526 1
33 30 526 1
15 82 832 1
82 15 832 1
37 54 645 1
54 37 645 1
37 76 441 1
76 37 441 1
39 43 659 1
43 39 659 1
2 66 917 1
66 2 917 1
19 33 238 1
33 19 238 1
20 80 604 1
80 20 604 1
42 84 665 1
84 42 665 1
48 98 566 1
98 48 566 1
66 89 963 1
89 66 963 1
23 89 1070 1
89 23 1070 1
24 57 1099 1
57 24 1099 1
56 73 886 1
73 56 886 1
73 87 395 1
87 73 395 1
88 110 590 1
110 88 590 1
0 11 958 1
11 0 958 1
1 41 715 1
41 1 715 1
19 103 1259 1
103 19 1259 1
23 27 506 1
27 23 506 1
41 63 682 1
63 41 682 1
53 54 818 1
54 53 818 1
59 93 1026 1
93 59 1026 1
80 109 607 1
109 80 607 1
101 108 495 1
108 101 495 1
103 108 420 1
108 103 420 1
29 70 512 1
70 29 512 1
63 78 1033 1
78 63 1033 1
77 79 329 1
79 77 329 1
96 110 214 1
110 96 214 1
14 23 650 1
23 14 650 1
38 88 311 1
88 38 311 1
39 54 618 1
54 39 618 1
47 115 383 1
115 47 383 1
58 69 426 1
69 58 426 1
98 113 276 1
113 98 276 1
6 92 1291 1
92 6 1291 1
7 27 597 1
27 7 597 1
11 40 844 1
40 11 844 1
13 41 490 1
41 13 490 1
19 105 1190 1
105 19 1190 1
65 89 679 1
89 65 679 1
16 26 698 1
26 16 698 1
40 85 900 1
85 40 900 1
41 83 252 1
83 41 252 1
43 53 293 1
53 43 293 1
46 79 801 1
79 46 801 1
93 113 317 1
113 93 317 1
41 70 482 1
70 41 482 1
77 82 682 1
82 77 682 1
42 54 525 1
54 42 525 1
48 99 711 1
99 48 711 1
83 114 861 1
114 83 861 1
44 109 562 1
109 44 562 1
46 111 189 1
111 46 189 1
58 108 852 1
108 58 852 1
65 66 537 1
66 65 537 1
72 81 860 1
81 72 860 1
93 110 487 1
110 93 487 1
102 107 560 1
107 102 560 1
2 93 1417 1
93 2 1417 1
28 33 585 1
33 28 585 1
31 32 596 1
32 31 596 1
38 75 499 1
75 38 499 1
46 74 677 1
74 46 677 1
48 67 417 1
67 48 417 1
51 95 646 1
95 51 646 1
10 62 483 1
62 10 483 1
11 76 704 1
76 11 704 1
19 94 903 1
94 19 903 1
50 67 562 1
67 50 562 1
52 53 746 1
53 52 746 1
52 111 398 1
111 52 398 1
84 88 224 1
88 84 224 1
2 12 394 1
12 2 394 1
26 30 321 1
30 26 321 1
27 57 990 1
57 27 990 1
40 77 472 1
77 40 472 1
93 111 397 1
111 93 397 1
103 110 496 1
110 103 496 1
8 101 1359 1
101 8 1359 1
17 46 930 1
46 17 930 1
76 86 587 1
86 76 587 1
6 18 473 1
18 6 473 1
26 84 884 1
84 26 884 1
103 115 322 1
115 103 322 1
37 44 792 1
44 37 792 1
47 53 268 1
53 47 268 1
59 95 862 1
95 59 862 1
66 104 942 1
104 66 942 1
15 75 396 1
75 15 396 1
16 29 882 1
29 16 882 1
47 102 619 1
102 47 619 1
47 108 359 1
108 47 359 1
106 115 278 1
115 106 278 1
8 99 1228 1
99 8 1228 1
11 31 475 1
31 11 475 1
16 77 611 1
77 16 611 1
23 93 1407 1
93 23 1407 1
40 44 926 1
44 40 926 1
44 67 332 1
67 44 332 1
49 53 406 1
53 49 406 1
57 96 913 1
96 57 913 1
63 81 293 1
81 63 293 1
68 86 1151 1
86 68 1151 1
94 97 266 1
97 94 266 1
0 73 829 1
73 0 829 1
7 111 1173 1
111 7 1173 1
13 32 767 1
32 13 767 1
13 74 757 1
74 13 757 1
22 25 402 1
25 22 402 1
38 43 745 1
43 38 745 1
47 103 476 1
103 47 476 1
58 89 1156 1
89 58 1156 1
59 108 883 1
108 59 883 1
86 115 706 1
115 86 706 1
15 30 522 1
30 15 522 1
20 28 320 1
28 20 320 1
35 93 718 1
93 35 718 1
2 99 1219 1
99 2 1219 1
4 6 536 1
6 4 536 1
34 101 848 1
101 34 848 1
52 103 773 1
103 52 773 1
56 96 743 1
96 56 743 1
0 96 812 1
96 0 812 1
17 70 666 1
70 17 666 1
18 62 706 1
62 18 706 1
19 34 584 1
34 19 584 1
30 78 663 1
78 30 663 1
39 41 161 1
41 39 161 1
43 76 617 1
76 43 617 1
47 114 366 1
114 47 366 1
12 48 1186 1
48 12 1186 1
42 52 325 1
52 42 325 1
48 110 500 1
110 48 500 1
67 101 953 1
101 67 953 1
91 115 428 1
115 91 428 1
100 104 240 1
104 100 240 1
22 92 1425 1
92 22 1425 1
37 47 493 1
47 37 493 1
46 54 354 1
54 46 354 1
88 99 803 1
99 88 803 1
90 108 470 1
108 90 470 1
15 74 683 1
74 15 683 1
17 56 1024 1
56 17 1024 1
21 56 889 1
56 21 889 1
21 113 840 1
113 21 840 1
44 78 731 1
78 44 731 1
67 89 830 1
89 67 830 1
90 112 377 1
112 90 377 1
96 105 387 1
105 96 387 1
9 101 1217 1
101 9 1217 1
42 51 463 1
51 42 463 1
50 64 302 1
64 50 302 1
53 98 671 1
98 53 671 1
55 76 571 1
76 55 571 1
90 105 516 1
105 90 516 1
20 37 510 1
37 20 510 1
44 55 743 1
55 44 743 1
64 93 1076 1
93 64 1076 1
97 103 349 1
103 97 349 1
104 107 401 1
107 104 401 1
0 94 819 1
94 0 819 1
1 15 757 1
15 1 757 1
4 12 434 1
12 4 434 1
24 104 1101 1
104 24 1101 1
42 109 434 1
109 42 434 1
59 103 1115 1
103 59 1115 1
66 95 734 1
95 66 734 1
66 101 1048 1
101 66 1048 1
93 98 589 1
98 93 589 1
12 22 481 1
22 12 481 1
22 107 1142 1
107 22 1142 1
46 73 842 1
73 46 842 1
58 90 890 1
90 58 890 1
7 101 1268 1
101 7 1268 1
29 57 596 1
57 29 596 1
34 88 672 1
88 34 672 1
48 91 808 1
91 48 808 1
52 54 402 1
54 52 402 1
28 61 1076 1
61 28 1076 1
43 44 290 1
44 43 290 1
43 51 245 1
51 43 245 1
68 73 821 1
73 68 821 1
20 38 349 1
38 20 349 1
26 96 811 1
96 26 811 1
34 50 475 1
50 34 475 1
50 65 837 1
65 50 837 1
105 106 359 1
106 105 359 1
11 70 629 1
70 11 629 1
14 25 491 1
25 14 491 1
23 101 1406 1
101 23 1406 1
39 73 305 1
73 39 305 1
46 63 897 1
63 46 897 1
50 52 243 1
52 50 243 1
99 114 265 1
114 99 265 1
19 92 1295 1
92 19 1295 1
22 24 386 1
24 22 386 1
59 61 271 1
61 59 271 1
98 115 287 1
115 98 287 1
24 81 998 1
81 24 998 1
26 104 905 1
104 26 905 1
40 55 690 1
55 40 690 1
48 52 415 1
52 48 415 1
56 84 539 1
84 56 539 1
4 24 144 1
24 4 144 1
9 89 869 1
89 9 869 1
13 17 364 1
17 13 364 1
27 30 343 1
30 27 343 1
32 41 693 1
41 32 693 1
56 98 821 1
98 56 821 1
68 106 1131 1
106 68 1131 1
83 88 1071 1
88 83 1071 1
5 30 380 1
30 5 380 1
18 68 315 1
68 18 315 1
23 25 373 1
25 23 373 1
24 113 1216 1
113 24 1216 1
33 75 426 1
75 33 426 1
74 81 792 1
81 74 792 1
89 91 402 1
91 89 402 1
17 20 694 1
20 17 694 1
17 54 969 1
54 17 969 1
21 61 941 1
61 21 941 1
21 76 440 1
76 21 440 1
26 115 841 1
115 26 841 1
29 100 1082 1
100 29 1082 1
53 112 421 1
112 53 421 1
59 98 975 1
98 59 975 1
108 111 286 1
111 108 286 1
10 61 1158 1
61 10 1158 1
26 56 972 1
56 26 972 1
35 111 452 1
111 35 452 1
38 82 362 1
82 38 362 1
49 111 530 1
111 49 530 1
66 98 720 1
98 66 720 1
78 87 1016 1
87 78 1016 1
81 112 823 1
112 81 823 1
88 91 958 1
91 88 958 1
2 67 952 1
67 2 952 1
8 103 1268 1
103 8 1268 1
24 96 985 1
96 24 985 1
44 77 681 1
77 44 681 1
55 97 173 1
97 55 173 1
63 70 849 1
70 63 849 1
71 76 392 1
76 71 392 1
3 111 1163 1
111 3 1163 1
11 84 1188 1
84 11 1188 1
12 61 1246 1
61 12 1246 1
23 67 1077 1
67 23 1077 1
36 106 343 1
106 36 343 1
47 95 361 1
95 47 361 1
75 87 423 1
87 75 423 1
93 114 346 1
114 93 346 1
1 40 950 1
40 1 950 1
1 78 939 1
78 1 939 1
14 24 389 1
24 14 389 1
27 114 923 1
114 27 923 1
34 105 727 1
105 34 727 1
41 71 317 1
71 41 317 1
60 88 724 1
88 60 724 1
67 104 923 1
104 67 923 1
105 111 367 1
111 105 367 1
20 86 362 1
86 20 362 1
21 37 403 1
37 21 403 1
22 81 978 1
81 22 978 1
25 29 556 1
29 25 556 1
29 54 871 1
54 29 871 1
30 81 847 1
81 30 847 1
70 84 638 1
84 70 638 1
73 77 274 1
77 73 274 1
1 32 484 1
32 1 484 1
17 113 917 1
113 17 917 1
29 96 758 1
96 29 758 1
35 105 686 1
105 35 686 1
65 86 1324 1
86 65 1324 1
70 80 524 1
80 70 524 1
51 52 786 1
52 51 786 1
56 74 591 1
74 56 591 1
70 87 695 1
87 70 695 1
79 109 545 1
109 79 545 1
106 114 322 1
114 106 322 1
14 30 414 1
30 14 414 1
31 41 528 1
41 31 528 1
35 48 491 1
48 35 491 1
36 74 242 1
74 36 242 1
43 81 665 1
81 43 665 1
57 104 1139 1
104 57 1139 1
7 19 519 1
19 7 519 1
12 28 275 1
28 12 275 1
12 29 886 1
29 12 886 1
20 36 396 1
36 20 396 1
23 31 199 1
31 23 199 1
64 83 1303 1
83 64 1303 1
77 88 709 1
88 77 709 1
19 97 912 1
97 19 912 1
37 75 239 1
75 37 239 1
43 55 485 1
55 43 485 1
57 68 520 1
68 57 520 1
60 64 187 1
64 60 187 1
69 93 1169 1
93 69 1169 1
1 70 706 1
70 1 706 1
3 69 687 1
69 3 687 1
9 92 1428 1
92 9 1428 1
26 85 985 1
85 26 985 1
29 113 879 1
113 29 879 1
57 98 1043 1
98 57 1043 1
87 109 723 1
109 87 723 1
6 13 864 1
13 6 864 1
9 25 252 1
25 9 252 1
15 84 1175 1
84 15 1175 1
54 109 337 1
109 54 337 1
55 96 492 1
96 55 492 1
61 62 1047 1
62 61 1047 1
11 62 1169 1
62 11 1169 1
21 104 765 1
104 21 765 1
27 81 799 1
81 27 799 1
34 83 887 1
83 34 887 1
35 50 559 1
50 35 559 1
51 58 753 1
58 51 753 1
111 113 191 1
113 111 191 1
15 72 724 1
72 15 724 1
19 58 678 1
58 19 678 1
32 40 629 1
40 32 629 1
49 99 587 1
99 49 587 1
50 77 782 1
77 50 782 1
64 85 1107 1
85 64 1107 1
74 77 362 1
77 74 362 1
5 81 830 1
81 5 830 1
18 94 904 1
94 18 904 1
30 57 852 1
57 30 852 1
36 43 693 1
43 36 693 1
38 42 697 1
42 38 697 1
50 88 679 1
88 50 679 1
55 75 460 1
75 55 460 1
56 99 1051 1
99 56 1051 1
30 41 563 1
41 30 563 1
37 71 401 1
71 37 401 1
42 79 812 1
79 42 812 1
46 98 212 1
98 46 212 1
52 105 664 1
105 52 664 1
58 102 1067 1
102 58 1067 1
103 111 432 1
111 103 432 1
29 33 510 1
33 29 510 1
38 44 815 1
44 38 815 1
52 56 797 1
56 52 797 1
60 62 241 1
62 60 241 1
66 115 807 1
115 66 807 1
93 105 305 1
105 93 305 1
113 114 95 1
114 113 95 1
6 59 1126 1
59 6 1126 1
10 17 1029 1
17 10 1029 1
36 42 628 1
42 36 628 1
88 97 687 1
97 88 687 1
13 70 648 1
70 13 648 1
28 71 506 1
71 28 506 1
31 75 419 1
75 31 419 1
58 101 1214 1
101 58 1214 1
65 84 1120 1
84 65 1120 1
77 97 366 1
97 77 366 1
17 84 1128 1
84 17 1128 1
20 113 831 1
113 20 831 1
90 107 713 1
107 90 713 1
95 99 272 1
99 95 272 1
0 58 565 1
58 0 565 1
8 52 1288 1
52 8 1288 1
19 101 1295 1
101 19 1295 1
24 80 900 1
80 24 900 1
46 96 270 1
96 46 270 1
64 91 1046 1
91 64 1046 1
108 114 218 1
114 108 218 1
2 60 843 1
60 2 843 1
11 85 574 1
85 11 574 1
17 107 678 1
107 17 678 1
21 115 657 1
115 21 657 1
23 91 1352 1
91 23 1352 1
47 59 671 1
59 47 671 1
49 52 718 1
52 49 718 1
56 78 391 1
78 56 391 1
9 26 419 1
26 9 419 1
28 57 964 1
57 28 964 1
5 61 1171 1
61 5 1171 1
7 22 454 1
22 7 454 1
35 77 284 1
77 35 284 1
39 70 540 1
70 39 540 1
49 108 699 1
108 49 699 1
57 87 938 1
87 57 938 1
60 66 370 1
66 60 370 1
64 82 943 1
82 64 943 1
7 103 1229 1
103 7 1229 1
40 83 731 1
83 40 731 1
46 76 517 1
76 46 517 1
50 58 486 1
58 50 486 1
7 100 1408 1
100 7 1408 1
18 32 279 1
32 18 279 1
26 73 503 1
73 26 503 1
29 46 914 1
46 29 914 1
37 96 506 1
96 37 506 1
46 47 309 1
47 46 309 1
55 77 412 1
77 55 412 1
97 114 263 1
114 97 263 1
107 114 333 1
114 107 333 1
37 41 217 1
41 37 217 1
38 97 469 1
97 38 469 1
70 79 638 1
79 70 638 1
71 74 359 1
74 71 359 1
93 107 357 1
107 93 357 1
0 115 997 1
115 0 997 1
43 77 556 1
77 43 556 1
58 98 810 1
98 58 810 1
72 77 430 1
77 72 430 1
78 106 572 1
106 78 572 1
83 86 863 1
86 83 863 1
15 64 1349 1
64 15 1349 1
17 31 618 1
31 17 618 1
19 114 1115 1
114 19 1115 1
39 74 501 1
74 39 501 1
45 98 655 1
98 45 655 1
47 109 317 1
109 47 317 1
75 83 351 1
83 75 351 1
6 101 1437 1
101 6 1437 1
13 73 358 1
73 13 358 1
16 36 349 1
36 16 349 1
20 88 611 1
88 20 611 1
34 49 481 1
49 34 481 1
55 95 221 1
95 55 221 1
88 115 538 1
115 88 538 1
89 99 398 1
99 89 398 1
16 21 674 1
21 16 674 1
27 104 911 1
104 27 911 1
42 77 643 1
77 42 643 1
45 108 643 1
108 45 643 1
56 79 965 1
79 56 965 1
2 101 1431 1
101 2 1431 1
25 81 899 1
81 25 899 1
30 113 1109 1
113 30 1109 1
43 109 418 1
109 43 418 1
44 65 564 1
65 44 564 1
45 94 668 1
94 45 668 1
48 88 830 1
88 48 830 1
83 94 771 1
94 83 771 1
88 109 538 1
109 88 538 1
91 95 424 1
95 91 424 1
100 107 640 1
107 100 640 1
8 25 389 1
25 8 389 1
18 75 668 1
75 18 668 1
30 71 303 1
71 30 303 1
34 103 810 1
103 34 810 1
42 73 906 1
73 42 906 1
6 91 1386 1
91 6 1386 1
38 83 760 1
83 38 760 1
39 72 575 1
72 39 575 1
60 93 1168 1
93 60 1168 1
67 115 767 1
115 67 767 1
23 112 1349 1
112 23 1349 1
46 57 904 1
57 46 904 1
56 94 768 1
94 56 768 1
61 72 984 1
72 61 984 1
99 113 264 1
113 99 264 1
21 40 380 1
40 21 380 1
34 107 734 1
107 34 734 1
64 107 1075 1
107 64 1075 1
69 111 906 1
111 69 906 1
78 85 1017 1
85 78 1017 1
108 113 292 1
113 108 292 1
5 102 1167 1
102 5 1167 1
