116 2668
42 43 239 1
43 42 239 1
93 101 103 1
101 93 103 1
92 93 608 1
93 92 608 1
103 106 532 1
106 103 532 1
106 107 486 1
107 106 486 1
94 95 213 1
95 94 213 1
48 49 410 1
49 48 410 1
100 101 656 1
101 100 656 1
32 33 149 1
33 32 149 1
73 74 458 1
74 73 458 1
72 74 76 1
74 72 76 1
73 75 84 1
75 73 84 1
104 105 204 1
105 104 204 1
54 55 651 1
55 54 651 1
102 103 508 1
103 102 508 1
92 101 634 1
101 92 634 1
74 75 389 1
75 74 389 1
90 92 135 1
92 90 135 1
45 49 111 1
49 45 111 1
91 93 118 1
93 91 118 1
70 71 263 1
71 70 263 1
44 45 194 1
45 44 194 1
45 48 304 1
48 45 304 1
26 27 135 1
27 26 135 1
18 19 147 1
19 18 147 1
42 47 281 1
47 42 281 1
92 100 157 1
100 92 157 1
93 100 653 1
100 93 653 1
36 37 542 1
37 36 542 1
72 73 517 1
73 72 517 1
101 103 106 1
103 101 106 1
103 107 239 1
107 103 239 1
49 51 172 1
51 49 172 1
102 104 159 1
104 102 159 1
29 73 113 1
73 29 113 1
96 98 184 1
98 96 184 1
30 31 127 1
31 30 127 1
20 21 185 1
21 20 185 1
90 91 735 1
91 90 735 1
22 23 140 1
23 22 140 1
50 51 698 1
51 50 698 1
101 106 633 1
106 101 633 1
4 8 148 1
8 4 148 1
3 7 185 1
7 3 185 1
5 9 157 1
9 5 157 1
28 72 116 1
72 28 116 1
46 47 309 1
47 46 309 1
93 112 343 1
112 93 343 1
44 48 114 1
48 44 114 1
17 29 223 1
29 17 223 1
5 27 165 1
27 5 165 1
62 63 1134 1
63 62 1134 1
103 104 369 1
104 103 369 1
42 46 173 1
46 42 173 1
55 97 173 1
97 55 173 1
98 113 276 1
113 98 276 1
40 82 231 1
82 40 231 1
90 93 690 1
93 90 690 1
76 77 238 1
77 76 238 1
38 39 465 1
39 38 465 1
44 49 304 1
49 44 304 1
5 26 263 1
26 5 263 1
16 62 313 1
62 16 313 1
58 59 496 1
59 58 496 1
104 106 195 1
106 104 195 1
48 50 202 1
50 48 202 1
101 107 310 1
107 101 310 1
40 41 506 1
41 40 506 1
16 80 152 1
80 16 152 1
98 99 479 1
99 98 479 1
16 33 609 1
33 16 609 1
11 13 168 1
13 11 168 1
93 105 305 1
105 93 305 1
95 108 123 1
108 95 123 1
60 61 893 1
61 60 893 1
91 92 669 1
92 91 669 1
3 23 271 1
23 3 271 1
111 112 111 1
112 111 111 1
97 108 170 1
108 97 170 1
33 63 547 1
63 33 547 1
36 38 122 1
38 36 122 1
62 80 268 1
80 62 268 1
79 81 136 1
81 79 136 1
92 107 674 1
107 92 674 1
92 104 310 1
104 92 310 1
78 80 116 1
80 78 116 1
48 51 548 1
51 48 548 1
73 76 450 1
76 73 450 1
95 97 97 1
97 95 97 1
74 76 203 1
76 74 203 1
88 89 1035 1
89 88 1035 1
93 104 478 1
104 93 478 1
102 106 217 1
106 102 217 1
92 103 574 1
103 92 574 1
72 76 257 1
76 72 257 1
92 106 400 1
106 92 400 1
92 112 325 1
112 92 325 1
100 103 576 1
103 100 576 1
16 32 504 1
32 16 504 1
1 57 172 1
57 1 172 1
66 67 177 1
67 66 177 1
43 47 146 1
47 43 146 1
96 113 315 1
113 96 315 1
2 6 165 1
6 2 165 1
29 72 629 1
72 29 629 1
24 25 135 1
25 24 135 1
101 104 464 1
104 101 464 1
44 51 440 1
51 44 440 1
43 46 341 1
46 43 341 1
49 50 585 1
50 49 585 1
60 63 1021 1
63 60 1021 1
68 69 164 1
69 68 164 1
43 51 245 1
51 43 245 1
101 112 405 1
112 101 405 1
33 62 690 1
62 33 690 1
99 113 264 1
113 99 264 1
91 101 197 1
101 91 197 1
91 112 368 1
112 91 368 1
93 103 173 1
103 93 173 1
98 111 265 1
111 98 265 1
3 5 603 1
5 3 603 1
39 94 407 1
94 39 407 1
17 73 298 1
73 17 298 1
37 94 426 1
94 37 426 1
100 106 280 1
106 100 280 1
104 107 401 1
107 104 401 1
28 29 741 1
29 28 741 1
65 66 537 1
66 65 537 1
4 26 161 1
26 4 161 1
90 112 377 1
112 90 377 1
2 8 554 1
8 2 554 1
6 7 710 1
7 6 710 1
65 67 361 1
67 65 361 1
90 101 719 1
101 90 719 1
100 107 640 1
107 100 640 1
93 107 357 1
107 93 357 1
5 8 493 1
8 5 493 1
16 63 1092 1
63 16 1092 1
96 99 428 1
99 96 428 1
32 62 548 1
62 32 548 1
41 83 252 1
83 41 252 1
16 17 998 1
17 16 998 1
17 81 182 1
81 17 182 1
45 50 474 1
50 45 474 1
82 83 881 1
83 82 881 1
16 81 1063 1
81 16 1063 1
37 39 117 1
39 37 117 1
45 51 254 1
51 45 254 1
93 106 650 1
106 93 650 1
19 68 313 1
68 19 313 1
88 90 414 1
90 88 414 1
32 72 471 1
72 32 471 1
4 5 350 1
5 4 350 1
70 73 402 1
73 70 402 1
101 102 595 1
102 101 595 1
42 50 271 1
50 42 271 1
105 113 210 1
113 105 210 1
2 3 405 1
3 2 405 1
100 102 87 1
102 100 87 1
75 76 374 1
76 75 374 1
16 78 122 1
78 16 122 1
32 80 590 1
80 32 590 1
8 9 638 1
9 8 638 1
94 97 266 1
97 94 266 1
62 81 1169 1
81 62 1169 1
42 51 463 1
51 42 463 1
34 35 126 1
35 34 126 1
54 89 853 1
89 54 853 1
16 28 220 1
28 16 220 1
25 87 575 1
87 25 575 1
34 64 445 1
64 34 445 1
43 44 290 1
44 43 290 1
36 94 246 1
94 36 246 1
90 103 653 1
103 90 653 1
3 27 634 1
27 3 634 1
90 107 713 1
107 90 713 1
105 111 367 1
111 105 367 1
91 100 719 1
100 91 719 1
100 112 410 1
112 100 410 1
45 67 282 1
67 45 282 1
17 79 135 1
79 17 135 1
37 95 241 1
95 37 241 1
43 50 494 1
50 43 494 1
96 111 286 1
111 96 286 1
21 70 303 1
70 21 303 1
1 68 549 1
68 1 549 1
30 70 259 1
70 30 259 1
93 102 600 1
102 93 600 1
4 9 500 1
9 4 500 1
5 7 538 1
7 5 538 1
61 65 175 1
65 61 175 1
70 75 355 1
75 70 355 1
16 72 287 1
72 16 287 1
40 83 731 1
83 40 731 1
61 63 238 1
63 61 238 1
16 79 934 1
79 16 934 1
77 81 453 1
81 77 453 1
77 79 329 1
79 77 329 1
2 5 685 1
5 2 685 1
15 27 336 1
27 15 336 1
41 82 687 1
82 41 687 1
36 39 517 1
39 36 517 1
107 112 482 1
112 107 482 1
30 73 455 1
73 30 455 1
42 44 208 1
44 42 208 1
93 111 397 1
111 93 397 1
20 75 348 1
75 20 348 1
34 84 580 1
84 34 580 1
90 106 378 1
106 90 378 1
29 74 571 1
74 29 571 1
18 68 315 1
68 18 315 1
101 105 274 1
105 101 274 1
102 105 355 1
105 102 355 1
90 100 182 1
100 90 182 1
91 103 258 1
103 91 258 1
33 80 703 1
80 33 703 1
35 67 262 1
67 35 262 1
92 105 456 1
105 92 456 1
54 97 484 1
97 54 484 1
56 57 840 1
57 56 840 1
29 75 189 1
75 29 189 1
55 89 213 1
89 55 213 1
38 94 246 1
94 38 246 1
88 103 842 1
103 88 842 1
92 102 211 1
102 92 211 1
41 81 452 1
81 41 452 1
37 97 271 1
97 37 271 1
44 50 287 1
50 44 287 1
58 60 266 1
60 58 266 1
62 74 590 1
74 62 590 1
97 109 174 1
109 97 174 1
20 70 213 1
70 20 213 1
10 63 1159 1
63 10 1159 1
39 41 161 1
41 39 161 1
36 76 232 1
76 36 232 1
2 7 566 1
7 2 566 1
35 65 453 1
65 35 453 1
99 111 265 1
111 99 265 1
111 113 191 1
113 111 191 1
46 52 244 1
52 46 244 1
43 45 199 1
45 43 199 1
76 81 691 1
81 76 691 1
82 86 143 1
86 82 143 1
0 56 174 1
56 0 174 1
3 15 589 1
15 3 589 1
99 101 266 1
101 99 266 1
72 75 453 1
75 72 453 1
91 105 371 1
105 91 371 1
14 82 179 1
82 14 179 1
88 107 781 1
107 88 781 1
9 27 309 1
27 9 309 1
45 65 388 1
65 45 388 1
88 106 334 1
106 88 334 1
11 43 952 1
43 11 952 1
36 96 257 1
96 36 257 1
64 65 897 1
65 64 897 1
90 102 246 1
102 90 246 1
2 27 659 1
27 2 659 1
11 42 1108 1
42 11 1108 1
16 29 882 1
29 16 882 1
38 40 158 1
40 38 158 1
55 95 221 1
95 55 221 1
75 77 210 1
77 75 210 1
91 102 669 1
102 91 669 1
100 104 240 1
104 100 240 1
64 84 478 1
84 64 478 1
20 26 232 1
26 20 232 1
32 78 484 1
78 32 484 1
36 77 422 1
77 36 422 1
90 104 351 1
104 90 351 1
99 100 610 1
100 99 610 1
29 78 851 1
78 29 851 1
32 68 304 1
68 32 304 1
3 89 961 1
89 3 961 1
17 62 1129 1
62 17 1129 1
11 17 224 1
17 11 224 1
42 45 300 1
45 42 300 1
62 72 566 1
72 62 566 1
104 111 377 1
111 104 377 1
57 63 249 1
63 57 249 1
70 74 155 1
74 70 155 1
88 92 521 1
92 88 521 1
32 63 656 1
63 32 656 1
40 94 393 1
94 40 393 1
1 19 351 1
19 1 351 1
10 62 483 1
62 10 483 1
100 113 356 1
113 100 356 1
39 95 233 1
95 39 233 1
15 59 1185 1
59 15 1185 1
84 85 1130 1
85 84 1130 1
93 113 317 1
113 93 317 1
31 71 265 1
71 31 265 1
59 107 1064 1
107 59 1064 1
9 26 419 1
26 9 419 1
63 80 1146 1
80 63 1146 1
80 81 1113 1
81 80 1113 1
10 28 213 1
28 10 213 1
98 100 250 1
100 98 250 1
30 74 403 1
74 30 403 1
37 55 221 1
55 37 221 1
93 99 208 1
99 93 208 1
3 26 678 1
26 3 678 1
58 107 1147 1
107 58 1147 1
94 108 97 1
108 94 97 1
64 66 392 1
66 64 392 1
7 15 461 1
15 7 461 1
33 72 507 1
72 33 507 1
19 69 323 1
69 19 323 1
91 106 697 1
106 91 697 1
96 105 387 1
105 96 387 1
96 102 343 1
102 96 343 1
96 104 297 1
104 96 297 1
1 69 441 1
69 1 441 1
40 81 874 1
81 40 874 1
105 112 319 1
112 105 319 1
42 52 325 1
52 42 325 1
86 106 508 1
106 86 508 1
88 101 935 1
101 88 935 1
102 107 560 1
107 102 560 1
2 23 340 1
23 2 340 1
96 97 322 1
97 96 322 1
28 32 528 1
32 28 528 1
71 77 297 1
77 71 297 1
37 77 246 1
77 37 246 1
86 103 950 1
103 86 950 1
37 38 515 1
38 37 515 1
71 73 163 1
73 71 163 1
91 104 542 1
104 91 542 1
5 23 453 1
23 5 453 1
10 11 986 1
11 10 986 1
32 74 456 1
74 32 456 1
29 31 454 1
31 29 454 1
100 111 457 1
111 100 457 1
112 113 116 1
113 112 116 1
86 87 805 1
87 86 805 1
20 84 687 1
84 20 687 1
14 15 772 1
15 14 772 1
14 24 389 1
24 14 389 1
14 88 613 1
88 14 613 1
55 108 332 1
108 55 332 1
71 75 163 1
75 71 163 1
37 76 441 1
76 37 441 1
3 22 347 1
22 3 347 1
11 29 239 1
29 11 239 1
43 48 391 1
48 43 391 1
91 111 390 1
111 91 390 1
94 96 89 1
96 94 89 1
76 79 567 1
79 76 567 1
13 31 424 1
31 13 424 1
36 97 483 1
97 36 483 1
91 99 166 1
99 91 166 1
31 70 334 1
70 31 334 1
37 96 506 1
96 37 506 1
59 61 271 1
61 59 271 1
2 4 569 1
4 2 569 1
44 47 404 1
47 44 404 1
91 107 371 1
107 91 371 1
30 75 454 1
75 30 454 1
92 111 381 1
111 92 381 1
101 113 350 1
113 101 350 1
57 62 1000 1
62 57 1000 1
5 15 278 1
15 5 278 1
73 77 274 1
77 73 274 1
76 109 320 1
109 76 320 1
20 74 213 1
74 20 213 1
29 76 555 1
76 29 555 1
0 18 364 1
18 0 364 1
50 52 243 1
52 50 243 1
4 27 279 1
27 4 279 1
10 16 218 1
16 10 218 1
19 83 893 1
83 19 893 1
97 99 180 1
99 97 180 1
46 55 584 1
55 46 584 1
11 31 475 1
31 11 475 1
20 38 349 1
38 20 349 1
87 88 1035 1
88 87 1035 1
96 100 371 1
100 96 371 1
37 108 355 1
108 37 355 1
51 52 786 1
52 51 786 1
104 113 229 1
113 104 229 1
108 109 87 1
109 108 87 1
10 17 1029 1
17 10 1029 1
29 33 510 1
33 29 510 1
11 73 310 1
73 11 310 1
28 33 585 1
33 28 585 1
69 91 1081 1
91 69 1081 1
101 111 463 1
111 101 463 1
4 91 1276 1
91 4 1276 1
35 84 678 1
84 35 678 1
39 40 508 1
40 39 508 1
10 29 893 1
29 10 893 1
3 9 596 1
9 3 596 1
31 42 1171 1
42 31 1171 1
45 66 369 1
66 45 369 1
42 48 243 1
48 42 243 1
83 94 771 1
94 83 771 1
17 78 955 1
78 17 955 1
23 27 506 1
27 23 506 1
57 81 488 1
81 57 488 1
90 105 516 1
105 90 516 1
35 66 331 1
66 35 331 1
72 80 384 1
80 72 384 1
99 104 430 1
104 99 430 1
103 105 173 1
105 103 173 1
29 62 1067 1
62 29 1067 1
50 65 837 1
65 50 837 1
15 87 271 1
87 15 271 1
30 72 390 1
72 30 390 1
78 79 878 1
79 78 878 1
29 32 631 1
32 29 631 1
87 103 754 1
103 87 754 1
17 75 351 1
75 17 351 1
31 46 1090 1
46 31 1090 1
6 8 485 1
8 6 485 1
30 34 790 1
34 30 790 1
31 73 397 1
73 31 397 1
74 80 415 1
80 74 415 1
17 33 512 1
33 17 512 1
33 78 590 1
78 33 590 1
58 106 1039 1
106 58 1039 1
97 113 312 1
113 97 312 1
99 112 272 1
112 99 272 1
10 72 309 1
72 10 309 1
23 26 522 1
26 23 522 1
43 49 240 1
49 43 240 1
68 80 778 1
80 68 778 1
45 61 513 1
61 45 513 1
50 66 475 1
66 50 475 1
99 102 560 1
102 99 560 1
9 59 1335 1
59 9 1335 1
40 95 491 1
95 40 491 1
104 112 332 1
112 104 332 1
10 31 619 1
31 10 619 1
18 83 953 1
83 18 953 1
54 87 939 1
87 54 939 1
54 88 224 1
88 54 224 1
92 113 313 1
113 92 313 1
32 76 341 1
76 32 341 1
32 79 600 1
79 32 600 1
25 86 638 1
86 25 638 1
36 102 505 1
102 36 505 1
37 83 399 1
83 37 399 1
62 73 961 1
73 62 961 1
69 90 1119 1
90 69 1119 1
2 24 548 1
24 2 548 1
28 62 527 1
62 28 527 1
68 81 913 1
81 68 913 1
94 113 328 1
113 94 328 1
8 14 205 1
14 8 205 1
99 105 287 1
105 99 287 1
58 103 1188 1
103 58 1188 1
17 74 721 1
74 17 721 1
24 27 252 1
27 24 252 1
27 87 439 1
87 27 439 1
39 96 494 1
96 39 494 1
10 60 650 1
60 10 650 1
14 27 449 1
27 14 449 1
59 103 1115 1
103 59 1115 1
2 26 618 1
26 2 618 1
17 72 781 1
72 17 781 1
44 52 464 1
52 44 464 1
47 51 339 1
51 47 339 1
49 52 718 1
52 49 718 1
43 52 553 1
52 43 553 1
72 81 860 1
81 72 860 1
7 23 337 1
23 7 337 1
10 74 381 1
74 10 381 1
70 76 285 1
76 70 285 1
98 112 277 1
112 98 277 1
8 15 741 1
15 8 741 1
18 72 618 1
72 18 618 1
20 73 397 1
73 20 397 1
34 70 564 1
70 34 564 1
74 77 362 1
77 74 362 1
87 89 476 1
89 87 476 1
88 91 958 1
91 88 958 1
1 18 493 1
18 1 493 1
31 43 1106 1
43 31 1106 1
56 74 591 1
74 56 591 1
59 88 1182 1
88 59 1182 1
97 104 399 1
104 97 399 1
46 70 798 1
70 46 798 1
28 63 1049 1
63 28 1049 1
29 81 342 1
81 29 342 1
33 79 486 1
79 33 486 1
36 95 408 1
95 36 408 1
91 110 456 1
110 91 456 1
38 95 382 1
95 38 382 1
55 99 216 1
99 55 216 1
56 62 252 1
62 56 252 1
35 64 566 1
64 35 566 1
30 76 537 1
76 30 537 1
33 81 613 1
81 33 613 1
42 49 396 1
49 42 396 1
114 115 96 1
115 114 96 1
5 59 1317 1
59 5 1317 1
7 27 597 1
27 7 597 1
16 68 706 1
68 16 706 1
54 95 438 1
95 54 438 1
100 105 430 1
105 100 430 1
8 27 425 1
27 8 425 1
10 43 1077 1
43 10 1077 1
30 71 303 1
71 30 303 1
36 40 213 1
40 36 213 1
41 77 345 1
77 41 345 1
57 60 868 1
60 57 868 1
108 114 218 1
114 108 218 1
14 83 858 1
83 14 858 1
55 94 428 1
94 55 428 1
106 112 479 1
112 106 479 1
16 57 981 1
57 16 981 1
16 74 335 1
74 16 335 1
17 32 646 1
32 17 646 1
35 45 385 1
45 35 385 1
7 59 970 1
59 7 970 1
15 88 1097 1
88 15 1097 1
36 108 330 1
108 36 330 1
68 83 1108 1
83 68 1108 1
74 81 792 1
81 74 792 1
88 93 930 1
93 88 930 1
99 103 258 1
103 99 258 1
29 70 512 1
70 29 512 1
33 74 480 1
74 33 480 1
86 88 460 1
88 86 460 1
15 26 469 1
26 15 469 1
17 114 865 1
114 17 865 1
82 88 444 1
88 82 444 1
7 11 254 1
11 7 254 1
2 22 228 1
22 2 228 1
37 41 217 1
41 37 217 1
70 72 158 1
72 70 158 1
39 105 458 1
105 39 458 1
46 51 585 1
51 46 585 1
41 94 523 1
94 41 523 1
29 30 533 1
30 29 533 1
73 81 406 1
81 73 406 1
25 89 956 1
89 25 956 1
28 74 188 1
74 28 188 1
61 66 546 1
66 61 546 1
79 80 991 1
80 79 991 1
113 114 95 1
114 113 95 1
3 54 1096 1
54 3 1096 1
10 73 783 1
73 10 783 1
21 71 214 1
71 21 214 1
59 106 1174 1
106 59 1174 1
62 68 629 1
68 62 629 1
89 101 462 1
101 89 462 1
10 42 1010 1
42 10 1010 1
10 81 1126 1
81 10 1126 1
15 89 653 1
89 15 653 1
23 47 1228 1
47 23 1228 1
32 73 550 1
73 32 550 1
89 103 468 1
103 89 468 1
105 106 359 1
106 105 359 1
27 89 807 1
89 27 807 1
10 33 638 1
33 10 638 1
59 90 1104 1
90 59 1104 1
62 75 893 1
75 62 893 1
99 106 562 1
106 99 562 1
7 8 828 1
8 7 828 1
38 54 263 1
54 38 263 1
18 32 279 1
32 18 279 1
29 79 257 1
79 29 257 1
34 74 510 1
74 34 510 1
17 57 439 1
57 17 439 1
90 110 460 1
110 90 460 1
92 99 572 1
99 92 572 1
10 13 1004 1
13 10 1004 1
17 63 324 1
63 17 324 1
36 83 816 1
83 36 816 1
70 77 376 1
77 70 376 1
75 81 434 1
81 75 434 1
7 9 490 1
9 7 490 1
4 14 255 1
14 4 255 1
15 25 386 1
25 15 386 1
17 77 417 1
77 17 417 1
48 52 415 1
52 48 415 1
72 78 300 1
78 72 300 1
11 46 1081 1
46 11 1081 1
80 84 162 1
84 80 162 1
87 102 995 1
102 87 995 1
63 74 885 1
74 63 885 1
6 48 1184 1
48 6 1184 1
69 92 1197 1
92 69 1197 1
31 33 517 1
33 31 517 1
35 60 562 1
60 35 562 1
97 105 299 1
105 97 299 1
8 24 258 1
24 8 258 1
20 34 683 1
34 20 683 1
38 70 414 1
70 38 414 1
28 73 629 1
73 28 629 1
39 82 719 1
82 39 719 1
76 94 331 1
94 76 331 1
87 106 830 1
106 87 830 1
16 19 740 1
19 16 740 1
48 67 417 1
67 48 417 1
58 61 717 1
61 58 717 1
9 15 219 1
15 9 219 1
54 108 319 1
108 54 319 1
60 62 241 1
62 60 241 1
75 85 521 1
85 75 521 1
3 88 1145 1
88 3 1145 1
11 71 374 1
71 11 374 1
30 46 1051 1
46 30 1051 1
48 65 674 1
65 48 674 1
32 81 728 1
81 32 728 1
39 83 378 1
83 39 378 1
21 75 222 1
75 21 222 1
34 85 678 1
85 34 678 1
3 6 559 1
6 3 559 1
47 52 540 1
52 47 540 1
63 72 944 1
72 63 944 1
78 109 527 1
109 78 527 1
7 26 675 1
26 7 675 1
58 101 1214 1
101 58 1214 1
79 114 741 1
114 79 741 1
63 81 293 1
81 63 293 1
36 41 570 1
41 36 570 1
49 67 315 1
67 49 315 1
50 67 562 1
67 50 562 1
9 24 385 1
24 9 385 1
33 68 378 1
68 33 378 1
42 65 644 1
65 42 644 1
54 96 167 1
96 54 167 1
79 109 545 1
109 79 545 1
81 83 446 1
83 81 446 1
83 87 158 1
87 83 158 1
38 96 284 1
96 38 284 1
86 107 792 1
107 86 792 1
17 80 1070 1
80 17 1070 1
35 44 409 1
44 35 409 1
88 104 496 1
104 88 496 1
103 112 375 1
112 103 375 1
1 33 355 1
33 1 355 1
13 16 1048 1
16 13 1048 1
34 73 620 1
73 34 620 1
49 61 452 1
61 49 452 1
3 46 1158 1
46 3 1158 1
17 28 894 1
28 17 894 1
29 63 531 1
63 29 531 1
44 67 332 1
67 44 332 1
62 76 527 1
76 62 527 1
25 27 193 1
27 25 193 1
29 80 961 1
80 29 961 1
55 96 492 1
96 55 492 1
57 80 1050 1
80 57 1050 1
9 91 1212 1
91 9 1212 1
38 86 366 1
86 38 366 1
69 112 1017 1
112 69 1017 1
83 103 815 1
103 83 815 1
93 96 582 1
96 93 582 1
2 9 760 1
9 2 760 1
7 13 237 1
13 7 237 1
13 62 1248 1
62 13 1248 1
55 87 559 1
87 55 559 1
69 82 1105 1
82 69 1105 1
11 23 552 1
23 11 552 1
23 46 1256 1
46 23 1256 1
33 57 394 1
57 33 394 1
52 53 746 1
53 52 746 1
59 89 931 1
89 59 931 1
63 65 312 1
65 63 312 1
13 15 277 1
15 13 277 1
36 104 476 1
104 36 476 1
49 65 308 1
65 49 308 1
59 67 245 1
67 59 245 1
9 101 1217 1
101 9 1217 1
13 49 1151 1
49 13 1151 1
13 80 1155 1
80 13 1155 1
72 79 733 1
79 72 733 1
90 111 396 1
111 90 396 1
15 58 1327 1
58 15 1327 1
19 80 851 1
80 19 851 1
25 88 998 1
88 25 998 1
29 43 829 1
43 29 829 1
60 65 898 1
65 60 898 1
22 46 1224 1
46 22 1224 1
43 65 435 1
65 43 435 1
51 65 287 1
65 51 287 1
76 97 459 1
97 76 459 1
91 113 366 1
113 91 366 1
96 101 608 1
101 96 608 1
11 47 921 1
47 11 921 1
22 71 471 1
71 22 471 1
47 53 268 1
53 47 268 1
70 85 848 1
85 70 848 1
83 95 609 1
95 83 609 1
45 52 615 1
52 45 615 1
13 45 1163 1
45 13 1163 1
21 25 360 1
25 21 360 1
66 84 731 1
84 66 731 1
68 79 805 1
79 68 805 1
88 102 433 1
102 88 433 1
36 70 395 1
70 36 395 1
16 56 380 1
56 16 380 1
21 26 271 1
26 21 271 1
25 64 1312 1
64 25 1312 1
67 115 767 1
115 67 767 1
8 26 300 1
26 8 300 1
9 25 252 1
25 9 252 1
10 75 732 1
75 10 732 1
22 26 505 1
26 22 505 1
38 74 265 1
74 38 265 1
42 71 934 1
71 42 934 1
65 85 476 1
85 65 476 1
81 94 732 1
94 81 732 1
89 106 787 1
106 89 787 1
22 70 443 1
70 22 443 1
44 65 564 1
65 44 564 1
21 86 520 1
86 21 520 1
24 82 536 1
82 24 536 1
98 101 623 1
101 98 623 1
107 111 490 1
111 107 490 1
7 42 1234 1
42 7 1234 1
7 61 813 1
61 7 813 1
56 63 1014 1
63 56 1014 1
37 99 410 1
99 37 410 1
54 94 226 1
94 54 226 1
58 92 982 1
92 58 982 1
105 107 233 1
107 105 233 1
16 76 379 1
76 16 379 1
19 82 964 1
82 19 964 1
24 86 569 1
86 24 569 1
27 88 863 1
88 27 863 1
28 95 668 1
95 28 668 1
46 50 303 1
50 46 303 1
67 69 345 1
69 67 345 1
73 79 296 1
79 73 296 1
1 83 729 1
83 1 729 1
8 91 1373 1
91 8 1373 1
46 71 860 1
71 46 860 1
57 75 616 1
75 57 616 1
21 73 247 1
73 21 247 1
24 64 1287 1
64 24 1287 1
29 71 259 1
71 29 259 1
37 40 562 1
40 37 562 1
64 85 1107 1
85 64 1107 1
69 107 1110 1
107 69 1110 1
16 73 769 1
73 16 769 1
28 81 975 1
81 28 975 1
31 72 482 1
72 31 482 1
59 112 915 1
112 59 915 1
69 93 1169 1
93 69 1169 1
20 30 328 1
30 20 328 1
23 85 1053 1
85 23 1053 1
25 50 1404 1
50 25 1404 1
39 89 325 1
89 39 325 1
20 85 844 1
85 20 844 1
102 113 317 1
113 102 317 1
1 16 963 1
16 1 963 1
7 48 1293 1
48 7 1293 1
34 75 559 1
75 34 559 1
92 96 390 1
96 92 390 1
93 98 589 1
98 93 589 1
21 84 830 1
84 21 830 1
33 60 632 1
60 33 632 1
42 70 898 1
70 42 898 1
45 47 345 1
47 45 345 1
18 78 674 1
78 18 674 1
57 74 830 1
74 57 830 1
58 88 918 1
88 58 918 1
64 67 549 1
67 64 549 1
104 115 184 1
115 104 184 1
18 28 651 1
28 18 651 1
33 34 394 1
34 33 394 1
76 80 424 1
80 76 424 1
78 81 1002 1
81 78 1002 1
13 32 767 1
32 13 767 1
18 94 904 1
94 18 904 1
44 46 353 1
46 44 353 1
82 91 1133 1
91 82 1133 1
82 94 609 1
94 82 609 1
3 8 773 1
8 3 773 1
56 80 431 1
80 56 431 1
82 95 720 1
95 82 720 1
4 19 922 1
19 4 922 1
18 76 581 1
76 18 581 1
27 59 1253 1
59 27 1253 1
73 78 740 1
78 73 740 1
5 6 733 1
6 5 733 1
49 66 437 1
66 49 437 1
60 74 699 1
74 60 699 1
83 88 1071 1
88 83 1071 1
92 98 220 1
98 92 220 1
7 45 1151 1
45 7 1151 1
37 105 506 1
105 37 506 1
38 41 513 1
41 38 513 1
84 110 598 1
110 84 598 1
86 102 712 1
102 86 712 1
97 114 263 1
114 97 263 1
105 114 152 1
114 105 152 1
8 59 1427 1
59 8 1427 1
47 50 544 1
50 47 544 1
61 67 382 1
67 61 382 1
62 79 1049 1
79 62 1049 1
28 94 557 1
94 28 557 1
56 60 232 1
60 56 232 1
39 102 700 1
102 39 700 1
58 100 1047 1
100 58 1047 1
59 101 1108 1
101 59 1108 1
60 75 915 1
75 60 915 1
98 105 417 1
105 98 417 1
29 77 357 1
77 29 357 1
38 75 499 1
75 38 499 1
47 48 490 1
48 47 490 1
59 60 718 1
60 59 718 1
77 109 318 1
109 77 318 1
22 64 1169 1
64 22 1169 1
56 103 1239 1
103 56 1239 1
59 92 1150 1
92 59 1150 1
17 76 648 1
76 17 648 1
36 106 343 1
106 36 343 1
37 109 343 1
109 37 343 1
20 71 311 1
71 20 311 1
38 88 311 1
88 38 311 1
39 71 417 1
71 39 417 1
55 88 845 1
88 55 845 1
58 90 890 1
90 58 890 1
68 82 1040 1
82 68 1040 1
110 111 172 1
111 110 172 1
1 81 501 1
81 1 501 1
22 34 922 1
34 22 922 1
33 73 444 1
73 33 444 1
23 71 443 1
71 23 443 1
40 68 919 1
68 40 919 1
8 44 1378 1
44 8 1378 1
32 66 416 1
66 32 416 1
37 54 645 1
54 37 645 1
55 109 337 1
109 55 337 1
94 105 354 1
105 94 354 1
63 66 706 1
66 63 706 1
83 101 854 1
101 83 854 1
89 107 337 1
107 89 337 1
102 111 440 1
111 102 440 1
24 88 947 1
88 24 947 1
7 49 1147 1
49 7 1147 1
19 33 238 1
33 19 238 1
36 55 626 1
55 36 626 1
46 53 547 1
53 46 547 1
58 89 1156 1
89 58 1156 1
76 78 312 1
78 76 312 1
8 19 957 1
19 8 957 1
18 80 767 1
80 18 767 1
38 76 305 1
76 38 305 1
62 78 287 1
78 62 287 1
40 110 582 1
110 40 582 1
5 24 252 1
24 5 252 1
34 76 309 1
76 34 309 1
82 103 1009 1
103 82 1009 1
89 93 471 1
93 89 471 1
13 51 1107 1
51 13 1107 1
28 31 545 1
31 28 545 1
33 76 380 1
76 33 380 1
34 66 268 1
66 34 268 1
36 103 729 1
103 36 729 1
71 76 392 1
76 71 392 1
110 112 272 1
112 110 272 1
2 15 805 1
15 2 805 1
10 12 181 1
12 10 181 1
31 76 584 1
76 31 584 1
8 112 1273 1
112 8 1273 1
13 33 629 1
33 13 629 1
39 113 565 1
113 39 565 1
42 53 475 1
53 42 475 1
55 113 437 1
113 55 437 1
98 102 260 1
102 98 260 1
9 87 450 1
87 9 450 1
33 84 801 1
84 33 801 1
51 108 676 1
108 51 676 1
56 76 519 1
76 56 519 1
68 78 695 1
78 68 695 1
87 101 801 1
101 87 801 1
1 78 939 1
78 1 939 1
22 47 1230 1
47 22 1230 1
94 114 259 1
114 94 259 1
6 15 884 1
15 6 884 1
22 30 218 1
30 22 218 1
31 75 419 1
75 31 419 1
33 35 375 1
35 33 375 1
36 81 848 1
81 36 848 1
39 97 289 1
97 39 289 1
82 89 1043 1
89 82 1043 1
6 49 1274 1
49 6 1274 1
33 66 503 1
66 33 503 1
72 94 485 1
94 72 485 1
11 75 388 1
75 11 388 1
14 86 272 1
86 14 272 1
23 25 373 1
25 23 373 1
31 77 552 1
77 31 552 1
52 109 539 1
109 52 539 1
54 109 337 1
109 54 337 1
73 80 850 1
80 73 850 1
2 14 572 1
14 2 572 1
4 93 1288 1
93 4 1288 1
13 43 1089 1
43 13 1089 1
37 81 336 1
81 37 336 1
12 14 278 1
14 12 278 1
20 22 544 1
22 20 544 1
89 97 385 1
97 89 385 1
25 55 952 1
55 25 952 1
50 109 596 1
109 50 596 1
74 78 322 1
78 74 322 1
83 100 1134 1
100 83 1134 1
96 109 176 1
109 96 176 1
97 102 534 1
102 97 534 1
9 93 1250 1
93 9 1250 1
11 51 955 1
51 11 955 1
21 30 349 1
30 21 349 1
34 36 459 1
36 34 459 1
37 82 780 1
82 37 780 1
38 77 447 1
77 38 447 1
13 78 1046 1
78 13 1046 1
19 78 749 1
78 19 749 1
20 35 677 1
35 20 677 1
41 95 382 1
95 41 382 1
56 106 934 1
106 56 934 1
59 86 1363 1
86 59 1363 1
4 24 144 1
24 4 144 1
24 110 1066 1
110 24 1066 1
41 68 978 1
68 41 978 1
14 40 342 1
40 14 342 1
36 109 326 1
109 36 326 1
72 77 430 1
77 72 430 1
75 79 318 1
79 75 318 1
8 47 1265 1
47 8 1265 1
10 44 1024 1
44 10 1024 1
21 74 343 1
74 21 343 1
38 82 362 1
82 38 362 1
10 48 1025 1
48 10 1025 1
14 89 1093 1
89 14 1093 1
36 105 576 1
105 36 576 1
37 89 294 1
89 37 294 1
37 113 578 1
113 37 578 1
51 109 618 1
109 51 618 1
57 68 520 1
68 57 520 1
3 55 957 1
55 3 957 1
8 69 1192 1
69 8 1192 1
47 111 188 1
111 47 188 1
52 58 705 1
58 52 705 1
98 104 286 1
104 98 286 1
10 71 639 1
71 10 639 1
14 110 912 1
110 14 912 1
19 32 289 1
32 19 289 1
25 67 1191 1
67 25 1191 1
58 93 1138 1
93 58 1138 1
66 80 709 1
80 66 709 1
82 87 849 1
87 82 849 1
17 31 618 1
31 17 618 1
29 109 610 1
109 29 610 1
45 59 413 1
59 45 413 1
50 64 302 1
64 50 302 1
82 110 802 1
110 82 802 1
89 92 938 1
92 89 938 1
96 106 277 1
106 96 277 1
0 19 488 1
19 0 488 1
21 27 209 1
27 21 209 1
28 79 847 1
79 28 847 1
36 54 228 1
54 36 228 1
74 84 507 1
84 74 507 1
4 90 1167 1
90 4 1167 1
10 65 1203 1
65 10 1203 1
16 18 646 1
18 16 646 1
23 89 1070 1
89 23 1070 1
29 46 914 1
46 29 914 1
71 74 359 1
74 71 359 1
86 101 1052 1
101 86 1052 1
2 89 1170 1
89 2 1170 1
21 85 716 1
85 21 716 1
23 24 403 1
24 23 403 1
28 43 949 1
43 28 949 1
35 63 527 1
63 35 527 1
36 73 600 1
73 36 600 1
36 74 242 1
74 36 242 1
45 60 681 1
60 45 681 1
47 49 380 1
49 47 380 1
49 59 382 1
59 49 382 1
95 114 280 1
114 95 280 1
2 50 1192 1
50 2 1192 1
3 11 395 1
11 3 395 1
7 67 937 1
67 7 937 1
14 87 842 1
87 14 842 1
31 52 1259 1
52 31 1259 1
39 93 576 1
93 39 576 1
10 45 1113 1
45 10 1113 1
11 65 770 1
65 11 770 1
24 87 679 1
87 24 679 1
34 65 549 1
65 34 549 1
48 61 765 1
61 48 765 1
89 91 402 1
91 89 402 1
1 63 334 1
63 1 334 1
1 80 1054 1
80 1 1054 1
13 17 364 1
17 13 364 1
14 91 1235 1
91 14 1235 1
25 59 1318 1
59 25 1318 1
39 104 557 1
104 39 557 1
49 109 629 1
109 49 629 1
56 107 1138 1
107 56 1138 1
72 97 655 1
97 72 655 1
74 79 666 1
79 74 666 1
75 80 775 1
80 75 775 1
90 115 420 1
115 90 420 1
24 67 1223 1
67 24 1223 1
27 82 524 1
82 27 524 1
31 74 479 1
74 31 479 1
59 87 1210 1
87 59 1210 1
5 22 506 1
22 5 506 1
38 102 472 1
102 38 472 1
41 105 605 1
105 41 605 1
86 104 694 1
104 86 694 1
15 23 561 1
23 15 561 1
21 22 558 1
22 21 558 1
37 102 749 1
102 37 749 1
57 77 533 1
77 57 533 1
60 66 370 1
66 60 370 1
62 84 326 1
84 62 326 1
5 67 1194 1
67 5 1194 1
24 89 1045 1
89 24 1045 1
35 85 553 1
85 35 553 1
40 79 762 1
79 40 762 1
41 62 1018 1
62 41 1018 1
55 104 526 1
104 55 526 1
56 72 566 1
72 56 566 1
83 102 1059 1
102 83 1059 1
3 59 922 1
59 3 922 1
3 87 809 1
87 3 809 1
4 23 506 1
23 4 506 1
5 25 129 1
25 5 129 1
10 80 357 1
80 10 357 1
11 85 574 1
85 11 574 1
14 19 916 1
19 14 916 1
28 113 881 1
113 28 881 1
99 107 302 1
107 99 302 1
4 22 457 1
22 4 457 1
11 78 988 1
78 11 988 1
12 30 419 1
30 12 419 1
59 91 926 1
91 59 926 1
13 42 1233 1
42 13 1233 1
95 105 309 1
105 95 309 1
5 87 460 1
87 5 460 1
18 95 915 1
95 18 915 1
28 80 329 1
80 28 329 1
34 43 397 1
43 34 397 1
35 42 425 1
42 35 425 1
43 70 885 1
70 43 885 1
57 61 216 1
61 57 216 1
67 110 507 1
110 67 507 1
88 112 672 1
112 88 672 1
92 110 485 1
110 92 485 1
25 49 1387 1
49 25 1387 1
51 97 563 1
97 51 563 1
55 72 755 1
72 55 755 1
57 79 431 1
79 57 431 1
82 90 824 1
90 82 824 1
3 25 566 1
25 3 566 1
18 87 1063 1
87 18 1063 1
30 35 784 1
35 30 784 1
46 98 212 1
98 46 212 1
47 71 801 1
71 47 801 1
56 58 427 1
58 56 427 1
1 62 1027 1
62 1 1027 1
7 43 1111 1
43 7 1111 1
9 47 1209 1
47 9 1209 1
19 28 732 1
28 19 732 1
36 86 441 1
86 36 441 1
48 66 357 1
66 48 357 1
56 100 1019 1
100 56 1019 1
88 100 425 1
100 88 425 1
18 82 891 1
82 18 891 1
21 64 1051 1
64 21 1051 1
23 114 1244 1
114 23 1244 1
34 72 552 1
72 34 552 1
35 61 480 1
61 35 480 1
40 88 385 1
88 40 385 1
7 47 1090 1
47 7 1090 1
13 63 653 1
63 13 653 1
30 77 559 1
77 30 559 1
106 111 487 1
111 106 487 1
7 50 1347 1
50 7 1347 1
9 103 1158 1
103 9 1158 1
10 32 558 1
32 10 558 1
20 86 362 1
86 20 362 1
34 46 395 1
46 34 395 1
40 77 472 1
77 40 472 1
43 53 293 1
53 43 293 1
102 115 318 1
115 102 318 1
11 62 1169 1
62 11 1169 1
50 61 923 1
61 50 923 1
79 108 585 1
108 79 585 1
23 42 1326 1
42 23 1326 1
28 76 345 1
76 28 345 1
32 56 384 1
56 32 384 1
46 109 326 1
109 46 326 1
69 83 1050 1
83 69 1050 1
93 110 487 1
110 93 487 1
4 15 597 1
15 4 597 1
30 32 574 1
32 30 574 1
30 42 1143 1
42 30 1143 1
36 99 637 1
99 36 637 1
52 60 638 1
60 52 638 1
57 84 1116 1
84 57 1116 1
86 90 814 1
90 86 814 1
0 97 963 1
97 0 963 1
36 75 517 1
75 36 517 1
40 86 262 1
86 40 262 1
46 54 354 1
54 46 354 1
53 83 977 1
83 53 977 1
75 84 839 1
84 75 839 1
91 115 428 1
115 91 428 1
18 69 392 1
69 18 392 1
25 82 617 1
82 25 617 1
29 98 934 1
98 29 934 1
7 115 1091 1
115 7 1091 1
17 71 423 1
71 17 423 1
21 65 973 1
65 21 973 1
38 73 580 1
73 38 580 1
99 109 321 1
109 99 321 1
12 80 516 1
80 12 516 1
12 13 959 1
13 12 959 1
13 81 530 1
81 13 530 1
25 54 1008 1
54 25 1008 1
29 42 967 1
42 29 967 1
50 53 744 1
53 50 744 1
58 112 884 1
112 58 884 1
96 103 531 1
103 96 531 1
5 14 572 1
14 5 572 1
6 14 476 1
14 6 476 1
18 27 862 1
27 18 862 1
24 59 1364 1
59 24 1364 1
31 32 596 1
32 31 596 1
31 44 1185 1
44 31 1185 1
35 110 305 1
110 35 305 1
56 99 1051 1
99 56 1051 1
76 96 361 1
96 76 361 1
87 104 852 1
104 87 852 1
4 69 1158 1
69 4 1158 1
15 82 832 1
82 15 832 1
31 47 1060 1
47 31 1060 1
0 103 1292 1
103 0 1292 1
8 48 1406 1
48 8 1406 1
9 106 1074 1
106 9 1074 1
10 61 1158 1
61 10 1158 1
12 31 545 1
31 12 545 1
19 81 772 1
81 19 772 1
21 38 458 1
38 21 458 1
21 87 397 1
87 21 397 1
67 84 830 1
84 67 830 1
69 103 1214 1
103 69 1214 1
76 83 717 1
83 76 717 1
91 98 616 1
98 91 616 1
6 45 1217 1
45 6 1217 1
14 18 837 1
18 14 837 1
15 24 514 1
24 15 514 1
31 34 815 1
34 31 815 1
37 46 651 1
46 37 651 1
41 76 493 1
76 41 493 1
59 93 1026 1
93 59 1026 1
69 111 906 1
111 69 906 1
81 114 782 1
114 81 782 1
37 114 513 1
114 37 513 1
87 107 525 1
107 87 525 1
89 95 416 1
95 89 416 1
11 70 629 1
70 11 629 1
26 38 554 1
38 26 554 1
38 83 760 1
83 38 760 1
39 92 812 1
92 39 812 1
53 85 491 1
85 53 491 1
2 18 379 1
18 2 379 1
10 114 995 1
114 10 995 1
78 84 235 1
84 78 235 1
81 84 1146 1
84 81 1146 1
8 23 562 1
23 8 562 1
9 23 475 1
23 9 475 1
9 90 1391 1
90 9 1391 1
21 34 706 1
34 21 706 1
38 108 316 1
108 38 316 1
40 69 957 1
69 40 957 1
68 76 626 1
76 68 626 1
39 77 312 1
77 39 312 1
52 61 1057 1
61 52 1057 1
86 92 882 1
92 86 882 1
94 98 264 1
98 94 264 1
9 50 1509 1
50 9 1509 1
18 33 288 1
33 18 288 1
22 27 524 1
27 22 524 1
28 97 752 1
97 28 752 1
103 111 432 1
111 103 432 1
6 44 1164 1
44 6 1164 1
6 67 991 1
67 6 991 1
8 82 379 1
82 8 379 1
23 53 1411 1
53 23 1411 1
36 84 341 1
84 36 341 1
48 59 599 1
59 48 599 1
9 89 869 1
89 9 869 1
12 86 512 1
86 12 512 1
14 41 702 1
41 14 702 1
24 66 1233 1
66 24 1233 1
36 113 562 1
113 36 562 1
73 109 538 1
109 73 538 1
19 111 1024 1
111 19 1024 1
11 50 1265 1
50 11 1265 1
14 90 988 1
90 14 988 1
25 45 1358 1
45 25 1358 1
68 72 754 1
72 68 754 1
77 96 456 1
96 77 456 1
6 115 1087 1
115 6 1087 1
14 23 650 1
23 14 650 1
18 74 626 1
74 18 626 1
19 91 1171 1
91 19 1171 1
28 55 861 1
55 28 861 1
37 104 610 1
104 37 610 1
41 93 733 1
93 41 733 1
72 95 570 1
95 72 570 1
17 84 1128 1
84 17 1128 1
22 85 1113 1
85 22 1113 1
39 54 618 1
54 39 618 1
39 103 503 1
103 39 503 1
59 100 1223 1
100 59 1223 1
96 112 337 1
112 96 337 1
34 42 401 1
42 34 401 1
69 101 1234 1
101 69 1234 1
31 45 1171 1
45 31 1171 1
34 62 521 1
62 34 521 1
41 57 760 1
57 41 760 1
51 53 271 1
53 51 271 1
82 93 1124 1
93 82 1124 1
102 112 391 1
112 102 391 1
19 40 851 1
40 19 851 1
24 35 1010 1
35 24 1010 1
5 47 1154 1
47 5 1154 1
11 81 403 1
81 11 403 1
24 26 201 1
26 24 201 1
25 35 978 1
35 25 978 1
25 85 1018 1
85 25 1018 1
28 78 272 1
78 28 272 1
30 43 1104 1
43 30 1104 1
30 52 1201 1
52 30 1201 1
37 70 546 1
70 37 546 1
56 73 886 1
73 56 886 1
79 97 479 1
97 79 479 1
83 93 883 1
93 83 883 1
5 65 1232 1
65 5 1232 1
22 84 1027 1
84 22 1027 1
26 87 560 1
87 26 560 1
70 86 500 1
86 70 500 1
97 98 437 1
98 97 437 1
0 94 819 1
94 0 819 1
10 70 382 1
70 10 382 1
35 50 559 1
50 35 559 1
44 61 662 1
61 44 662 1
82 101 1107 1
101 82 1107 1
4 59 1372 1
59 4 1372 1
21 54 704 1
54 21 704 1
58 91 1077 1
91 58 1077 1
72 109 524 1
109 72 524 1
77 78 550 1
78 77 550 1
105 115 176 1
115 105 176 1
9 58 1436 1
58 9 1436 1
10 51 1261 1
51 10 1261 1
28 68 788 1
68 28 788 1
38 110 451 1
110 38 451 1
52 55 814 1
55 52 814 1
57 73 601 1
73 57 601 1
69 115 1010 1
115 69 1010 1
95 96 288 1
96 95 288 1
12 56 631 1
56 12 631 1
34 77 351 1
77 34 351 1
38 71 546 1
71 38 546 1
39 100 771 1
100 39 771 1
54 72 501 1
72 54 501 1
63 73 569 1
73 63 569 1
71 114 814 1
114 71 814 1
83 90 1178 1
90 83 1178 1
89 99 398 1
99 89 398 1
107 115 298 1
115 107 298 1
16 31 718 1
31 16 718 1
28 46 774 1
46 28 774 1
73 85 516 1
85 73 516 1
5 48 1432 1
48 5 1432 1
5 90 1279 1
90 5 1279 1
22 114 1232 1
114 22 1232 1
25 48 1425 1
48 25 1425 1
39 101 561 1
101 39 561 1
41 69 935 1
69 41 935 1
83 92 1187 1
92 83 1187 1
89 100 936 1
100 89 936 1
1 92 1314 1
92 1 1314 1
4 112 1211 1
112 4 1211 1
9 100 1346 1
100 9 1346 1
9 102 1277 1
102 9 1277 1
30 64 1064 1
64 30 1064 1
38 87 730 1
87 38 730 1
63 75 591 1
75 63 591 1
11 63 488 1
63 11 488 1
26 71 422 1
71 26 422 1
32 57 493 1
57 32 493 1
35 43 347 1
43 35 347 1
75 98 773 1
98 75 773 1
94 102 378 1
102 94 378 1
0 16 380 1
16 0 380 1
1 32 484 1
32 1 484 1
26 39 604 1
39 26 604 1
34 63 642 1
63 34 642 1
37 79 267 1
79 37 267 1
55 98 606 1
98 55 606 1
5 50 1417 1
50 5 1417 1
12 52 1107 1
52 12 1107 1
28 98 715 1
98 28 715 1
40 76 327 1
76 40 327 1
61 64 928 1
64 61 928 1
69 106 1139 1
106 69 1139 1
96 110 214 1
110 96 214 1
11 114 1023 1
114 11 1023 1
35 62 643 1
62 35 643 1
43 71 852 1
71 43 852 1
44 60 540 1
60 44 540 1
54 113 426 1
113 54 426 1
20 27 271 1
27 20 271 1
24 91 1303 1
91 24 1303 1
33 45 716 1
45 33 716 1
49 115 753 1
115 49 753 1
71 85 660 1
85 71 660 1
9 48 1507 1
48 9 1507 1
10 76 495 1
76 10 495 1
36 87 808 1
87 36 808 1
48 58 400 1
58 48 400 1
51 66 580 1
66 51 580 1
59 69 338 1
69 59 338 1
91 96 589 1
96 91 589 1
5 89 870 1
89 5 870 1
19 98 1076 1
98 19 1076 1
21 66 949 1
66 21 949 1
96 114 265 1
114 96 265 1
106 115 278 1
115 106 278 1
1 90 1264 1
90 1 1264 1
