116 2668
29 73 113 1
73 29 113 1
44 48 114 1
48 44 114 1
44 45 194 1
45 44 194 1
22 23 140 1
23 22 140 1
2 6 165 1
6 2 165 1
42 43 239 1
43 42 239 1
73 75 84 1
75 73 84 1
71 73 163 1
73 71 163 1
18 19 147 1
19 18 147 1
3 7 185 1
7 3 185 1
70 71 263 1
71 70 263 1
72 74 76 1
74 72 76 1
20 21 185 1
21 20 185 1
105 114 152 1
114 105 152 1
45 48 304 1
48 45 304 1
48 50 202 1
50 48 202 1
66 67 177 1
67 66 177 1
76 77 238 1
77 76 238 1
29 70 512 1
70 29 512 1
29 71 259 1
71 29 259 1
29 75 189 1
75 29 189 1
44 50 287 1
50 44 287 1
97 99 180 1
99 97 180 1
70 73 402 1
73 70 402 1
94 108 97 1
108 94 97 1
42 51 463 1
51 42 463 1
28 72 116 1
72 28 116 1
36 40 213 1
40 36 213 1
34 35 126 1
35 34 126 1
97 108 170 1
108 97 170 1
71 75 163 1
75 71 163 1
74 75 389 1
75 74 389 1
30 31 127 1
31 30 127 1
31 71 265 1
71 31 265 1
16 61 1070 1
61 16 1070 1
45 50 474 1
50 45 474 1
93 113 317 1
113 93 317 1
30 70 259 1
70 30 259 1
30 71 303 1
71 30 303 1
45 49 111 1
49 45 111 1
73 81 406 1
81 73 406 1
97 109 174 1
109 97 174 1
74 76 203 1
76 74 203 1
92 93 608 1
93 92 608 1
46 111 189 1
111 46 189 1
78 80 116 1
80 78 116 1
58 60 266 1
60 58 266 1
42 50 271 1
50 42 271 1
79 81 136 1
81 79 136 1
55 99 216 1
99 55 216 1
30 73 455 1
73 30 455 1
75 81 434 1
81 75 434 1
46 47 309 1
47 46 309 1
96 98 184 1
98 96 184 1
103 113 295 1
113 103 295 1
36 37 542 1
37 36 542 1
55 111 434 1
111 55 434 1
98 111 265 1
111 98 265 1
1 7 452 1
7 1 452 1
55 97 173 1
97 55 173 1
95 108 123 1
108 95 123 1
3 23 271 1
23 3 271 1
43 51 245 1
51 43 245 1
49 51 172 1
51 49 172 1
29 74 571 1
74 29 571 1
94 109 127 1
109 94 127 1
29 30 533 1
30 29 533 1
21 75 222 1
75 21 222 1
37 95 241 1
95 37 241 1
55 98 606 1
98 55 606 1
29 81 342 1
81 29 342 1
97 111 292 1
111 97 292 1
20 41 386 1
41 20 386 1
99 115 285 1
115 99 285 1
20 29 497 1
29 20 497 1
91 103 258 1
103 91 258 1
60 67 538 1
67 60 538 1
103 105 173 1
105 103 173 1
93 103 173 1
103 93 173 1
73 74 458 1
74 73 458 1
3 22 347 1
22 3 347 1
37 108 355 1
108 37 355 1
111 112 111 1
112 111 111 1
37 94 426 1
94 37 426 1
60 64 187 1
64 60 187 1
108 109 87 1
109 108 87 1
105 107 233 1
107 105 233 1
32 33 149 1
33 32 149 1
52 111 398 1
111 52 398 1
42 49 396 1
49 42 396 1
31 73 397 1
73 31 397 1
21 29 329 1
29 21 329 1
57 59 382 1
59 57 382 1
94 95 213 1
95 94 213 1
99 111 265 1
111 99 265 1
114 115 96 1
115 114 96 1
59 69 338 1
69 59 338 1
11 13 168 1
13 11 168 1
54 98 204 1
98 54 204 1
57 61 216 1
61 57 216 1
92 104 310 1
104 92 310 1
3 19 382 1
19 3 382 1
5 9 157 1
9 5 157 1
46 52 244 1
52 46 244 1
96 111 286 1
111 96 286 1
98 112 277 1
112 98 277 1
105 115 176 1
115 105 176 1
29 79 257 1
79 29 257 1
38 75 499 1
75 38 499 1
113 114 95 1
114 113 95 1
43 49 240 1
49 43 240 1
40 74 182 1
74 40 182 1
42 46 173 1
46 42 173 1
21 40 380 1
40 21 380 1
41 75 187 1
75 41 187 1
40 81 874 1
81 40 874 1
61 65 175 1
65 61 175 1
74 77 362 1
77 74 362 1
112 113 116 1
113 112 116 1
4 5 350 1
5 4 350 1
38 40 158 1
40 38 158 1
98 99 479 1
99 98 479 1
54 88 224 1
88 54 224 1
20 75 348 1
75 20 348 1
44 49 304 1
49 44 304 1
21 41 236 1
41 21 236 1
29 72 629 1
72 29 629 1
45 66 369 1
66 45 369 1
50 51 698 1
51 50 698 1
104 105 204 1
105 104 204 1
14 15 772 1
15 14 772 1
21 74 343 1
74 21 343 1
103 114 282 1
114 103 282 1
111 113 191 1
113 111 191 1
95 109 146 1
109 95 146 1
104 114 171 1
114 104 171 1
0 6 417 1
6 0 417 1
20 73 397 1
73 20 397 1
36 38 122 1
38 36 122 1
64 67 549 1
67 64 549 1
92 102 211 1
102 92 211 1
70 75 355 1
75 70 355 1
39 95 233 1
95 39 233 1
2 22 228 1
22 2 228 1
29 31 454 1
31 29 454 1
20 40 225 1
40 20 225 1
70 72 158 1
72 70 158 1
73 79 296 1
79 73 296 1
21 73 247 1
73 21 247 1
57 69 378 1
69 57 378 1
0 56 174 1
56 0 174 1
94 97 266 1
97 94 266 1
99 113 264 1
113 99 264 1
31 70 334 1
70 31 334 1
38 54 263 1
54 38 263 1
37 109 343 1
109 37 343 1
24 25 135 1
25 24 135 1
45 67 282 1
67 45 282 1
68 69 164 1
69 68 164 1
7 23 337 1
23 7 337 1
13 31 424 1
31 13 424 1
21 81 634 1
81 21 634 1
38 95 382 1
95 38 382 1
95 97 97 1
97 95 97 1
1 3 446 1
3 1 446 1
108 111 286 1
111 108 286 1
20 70 213 1
70 20 213 1
55 113 437 1
113 55 437 1
91 99 166 1
99 91 166 1
46 55 584 1
55 46 584 1
43 99 372 1
99 43 372 1
71 81 550 1
81 71 550 1
102 106 217 1
106 102 217 1
9 24 385 1
24 9 385 1
55 96 492 1
96 55 492 1
70 74 155 1
74 70 155 1
11 57 518 1
57 11 518 1
15 26 469 1
26 15 469 1
72 76 257 1
76 72 257 1
91 105 371 1
105 91 371 1
9 25 252 1
25 9 252 1
0 2 460 1
2 0 460 1
18 33 288 1
33 18 288 1
37 97 271 1
97 37 271 1
48 49 410 1
49 48 410 1
64 66 392 1
66 64 392 1
42 99 482 1
99 42 482 1
18 68 315 1
68 18 315 1
3 18 417 1
18 3 417 1
40 75 477 1
75 40 477 1
91 93 118 1
93 91 118 1
92 114 349 1
114 92 349 1
39 55 254 1
55 39 254 1
45 64 610 1
64 45 610 1
99 110 299 1
110 99 299 1
38 41 513 1
41 38 513 1
49 50 585 1
50 49 585 1
59 68 484 1
68 59 484 1
28 61 1076 1
61 28 1076 1
102 103 508 1
103 102 508 1
58 59 496 1
59 58 496 1
91 115 428 1
115 91 428 1
29 40 655 1
40 29 655 1
47 111 188 1
111 47 188 1
93 112 343 1
112 93 343 1
97 110 221 1
110 97 221 1
38 81 841 1
81 38 841 1
54 96 167 1
96 54 167 1
36 74 242 1
74 36 242 1
91 92 669 1
92 91 669 1
20 74 213 1
74 20 213 1
46 51 585 1
51 46 585 1
13 23 488 1
23 13 488 1
97 98 437 1
98 97 437 1
36 95 408 1
95 36 408 1
38 74 265 1
74 38 265 1
7 13 237 1
13 7 237 1
21 72 388 1
72 21 388 1
75 76 374 1
76 75 374 1
92 103 574 1
103 92 574 1
1 57 172 1
57 1 172 1
29 41 234 1
41 29 234 1
21 36 510 1
36 21 510 1
76 95 396 1
95 76 396 1
92 113 313 1
113 92 313 1
37 77 246 1
77 37 246 1
48 64 369 1
64 48 369 1
74 81 792 1
81 74 792 1
94 96 89 1
96 94 89 1
43 110 298 1
110 43 298 1
56 58 427 1
58 56 427 1
1 18 493 1
18 1 493 1
42 45 300 1
45 42 300 1
48 66 357 1
66 48 357 1
7 22 454 1
22 7 454 1
20 26 232 1
26 20 232 1
20 36 396 1
36 20 396 1
23 31 199 1
31 23 199 1
42 44 208 1
44 42 208 1
55 108 332 1
108 55 332 1
96 97 322 1
97 96 322 1
1 19 351 1
19 1 351 1
21 70 303 1
70 21 303 1
58 66 198 1
66 58 198 1
10 12 181 1
12 10 181 1
38 77 447 1
77 38 447 1
8 14 205 1
14 8 205 1
44 64 436 1
64 44 436 1
34 66 268 1
66 34 268 1
91 104 542 1
104 91 542 1
92 105 456 1
105 92 456 1
20 72 238 1
72 20 238 1
91 114 389 1
114 91 389 1
21 38 458 1
38 21 458 1
16 57 981 1
57 16 981 1
18 59 713 1
59 18 713 1
34 67 275 1
67 34 275 1
41 73 204 1
73 41 204 1
52 88 542 1
88 52 542 1
81 85 175 1
85 81 175 1
51 99 497 1
99 51 497 1
52 55 814 1
55 52 814 1
96 110 214 1
110 96 214 1
55 112 466 1
112 55 466 1
71 74 359 1
74 71 359 1
15 20 521 1
20 15 521 1
38 94 246 1
94 38 246 1
46 50 303 1
50 46 303 1
22 30 218 1
30 22 218 1
44 66 318 1
66 44 318 1
99 103 258 1
103 99 258 1
43 50 494 1
50 43 494 1
59 64 750 1
64 59 750 1
62 64 300 1
64 62 300 1
71 79 426 1
79 71 426 1
30 75 454 1
75 30 454 1
36 108 330 1
108 36 330 1
73 76 450 1
76 73 450 1
102 104 159 1
104 102 159 1
46 113 335 1
113 46 335 1
94 111 316 1
111 94 316 1
113 115 188 1
115 113 188 1
42 48 243 1
48 42 243 1
60 66 370 1
66 60 370 1
17 79 135 1
79 17 135 1
109 110 135 1
110 109 135 1
42 110 303 1
110 42 303 1
70 79 638 1
79 70 638 1
25 72 583 1
72 25 583 1
36 94 246 1
94 36 246 1
53 54 818 1
54 53 818 1
4 9 500 1
9 4 500 1
38 73 580 1
73 38 580 1
59 60 718 1
60 59 718 1
99 114 265 1
114 99 265 1
25 74 582 1
74 25 582 1
33 59 579 1
59 33 579 1
40 73 549 1
73 40 549 1
93 102 600 1
102 93 600 1
25 73 516 1
73 25 516 1
108 112 335 1
112 108 335 1
38 76 305 1
76 38 305 1
40 72 200 1
72 40 200 1
16 65 1088 1
65 16 1088 1
57 65 374 1
65 57 374 1
58 67 368 1
67 58 368 1
25 71 434 1
71 25 434 1
4 24 144 1
24 4 144 1
14 28 286 1
28 14 286 1
60 69 564 1
69 60 564 1
20 38 349 1
38 20 349 1
37 83 399 1
83 37 399 1
93 114 346 1
114 93 346 1
98 113 276 1
113 98 276 1
102 113 317 1
113 102 317 1
103 107 239 1
107 103 239 1
41 95 382 1
95 41 382 1
46 112 262 1
112 46 262 1
17 72 781 1
72 17 781 1
19 59 618 1
59 19 618 1
33 60 632 1
60 33 632 1
37 38 515 1
38 37 515 1
28 80 329 1
80 28 329 1
90 92 135 1
92 90 135 1
99 109 321 1
109 99 321 1
31 75 419 1
75 31 419 1
52 98 272 1
98 52 272 1
88 98 408 1
98 88 408 1
109 111 273 1
111 109 273 1
67 69 345 1
69 67 345 1
90 98 163 1
98 90 163 1
25 75 536 1
75 25 536 1
38 96 284 1
96 38 284 1
20 81 779 1
81 20 779 1
25 29 556 1
29 25 556 1
1 11 394 1
11 1 394 1
36 72 276 1
72 36 276 1
99 112 272 1
112 99 272 1
16 28 220 1
28 16 220 1
74 79 666 1
79 74 666 1
72 75 453 1
75 72 453 1
110 111 172 1
111 110 172 1
47 55 367 1
55 47 367 1
52 113 478 1
113 52 478 1
77 79 329 1
79 77 329 1
70 81 769 1
81 70 769 1
23 30 259 1
30 23 259 1
7 19 519 1
19 7 519 1
29 38 680 1
38 29 680 1
43 44 290 1
44 43 290 1
72 73 517 1
73 72 517 1
21 37 403 1
37 21 403 1
96 99 428 1
99 96 428 1
41 74 484 1
74 41 484 1
15 29 295 1
29 15 295 1
22 31 234 1
31 22 234 1
39 97 289 1
97 39 289 1
21 71 214 1
71 21 214 1
25 70 480 1
70 25 480 1
27 83 450 1
83 27 450 1
37 76 441 1
76 37 441 1
46 49 541 1
49 46 541 1
18 57 564 1
57 18 564 1
19 68 313 1
68 19 313 1
35 42 425 1
42 35 425 1
42 111 258 1
111 42 258 1
47 98 442 1
98 47 442 1
28 74 188 1
74 28 188 1
55 115 361 1
115 55 361 1
77 94 396 1
94 77 396 1
83 96 859 1
96 83 859 1
97 112 339 1
112 97 339 1
48 67 417 1
67 48 417 1
51 111 516 1
111 51 516 1
52 112 417 1
112 52 417 1
94 98 264 1
98 94 264 1
105 113 210 1
113 105 210 1
77 81 453 1
81 77 453 1
43 45 199 1
45 43 199 1
75 79 318 1
79 75 318 1
25 30 292 1
30 25 292 1
35 76 333 1
76 35 333 1
49 110 518 1
110 49 518 1
98 108 315 1
108 98 315 1
45 51 254 1
51 45 254 1
34 44 373 1
44 34 373 1
40 70 311 1
70 40 311 1
35 44 409 1
44 35 409 1
36 83 816 1
83 36 816 1
16 63 1092 1
63 16 1092 1
19 57 426 1
57 19 426 1
50 66 475 1
66 50 475 1
26 27 135 1
27 26 135 1
34 76 309 1
76 34 309 1
72 79 733 1
79 72 733 1
1 59 541 1
59 1 541 1
21 95 510 1
95 21 510 1
28 78 272 1
78 28 272 1
37 111 552 1
111 37 552 1
17 70 666 1
70 17 666 1
72 77 430 1
77 72 430 1
90 114 392 1
114 90 392 1
103 104 369 1
104 103 369 1
103 115 322 1
115 103 322 1
46 97 424 1
97 46 424 1
52 53 746 1
53 52 746 1
55 93 359 1
93 55 359 1
61 63 238 1
63 61 238 1
93 105 305 1
105 93 305 1
3 59 922 1
59 3 922 1
29 76 555 1
76 29 555 1
102 114 295 1
114 102 295 1
3 13 410 1
13 3 410 1
48 51 548 1
51 48 548 1
42 55 629 1
55 42 629 1
47 112 265 1
112 47 265 1
76 78 312 1
78 76 312 1
98 115 287 1
115 98 287 1
18 22 537 1
22 18 537 1
73 85 516 1
85 73 516 1
2 23 340 1
23 2 340 1
54 111 422 1
111 54 422 1
70 76 285 1
76 70 285 1
60 68 469 1
68 60 469 1
13 22 606 1
22 13 606 1
75 77 210 1
77 75 210 1
77 95 322 1
95 77 322 1
36 76 232 1
76 36 232 1
93 111 397 1
111 93 397 1
7 59 970 1
59 7 970 1
15 83 194 1
83 15 194 1
91 102 669 1
102 91 669 1
91 113 366 1
113 91 366 1
99 108 310 1
108 99 310 1
111 114 232 1
114 111 232 1
33 69 363 1
69 33 363 1
55 109 337 1
109 55 337 1
44 67 332 1
67 44 332 1
107 115 298 1
115 107 298 1
36 96 257 1
96 36 257 1
37 39 117 1
39 37 117 1
61 69 456 1
69 61 456 1
104 106 195 1
106 104 195 1
39 108 341 1
108 39 341 1
57 68 520 1
68 57 520 1
34 45 409 1
45 34 409 1
47 96 412 1
96 47 412 1
51 110 520 1
110 51 520 1
93 99 208 1
99 93 208 1
18 23 573 1
23 18 573 1
98 110 300 1
110 98 300 1
105 106 359 1
106 105 359 1
43 84 824 1
84 43 824 1
76 79 567 1
79 76 567 1
77 96 456 1
96 77 456 1
102 115 318 1
115 102 318 1
7 31 345 1
31 7 345 1
83 112 989 1
112 83 989 1
96 108 167 1
108 96 167 1
97 115 218 1
115 97 218 1
74 95 497 1
95 74 497 1
40 79 762 1
79 40 762 1
46 93 585 1
93 46 585 1
53 111 406 1
111 53 406 1
13 30 546 1
30 13 546 1
58 64 312 1
64 58 312 1
77 109 318 1
109 77 318 1
36 81 848 1
81 36 848 1
111 115 269 1
115 111 269 1
76 81 691 1
81 76 691 1
51 97 563 1
97 51 563 1
76 109 320 1
109 76 320 1
35 43 347 1
43 35 347 1
82 107 847 1
107 82 847 1
37 74 520 1
74 37 520 1
75 85 521 1
85 75 521 1
0 22 675 1
22 0 675 1
26 41 487 1
41 26 487 1
39 109 356 1
109 39 356 1
40 76 327 1
76 40 327 1
43 100 743 1
100 43 743 1
54 94 226 1
94 54 226 1
102 105 355 1
105 102 355 1
32 60 487 1
60 32 487 1
47 52 540 1
52 47 540 1
89 91 402 1
91 89 402 1
9 67 1237 1
67 9 1237 1
20 71 311 1
71 20 311 1
82 99 978 1
99 82 978 1
49 66 437 1
66 49 437 1
21 76 440 1
76 21 440 1
47 93 394 1
93 47 394 1
96 109 176 1
109 96 176 1
20 37 510 1
37 20 510 1
93 104 478 1
104 93 478 1
17 83 381 1
83 17 381 1
41 70 482 1
70 41 482 1
44 51 440 1
51 44 440 1
46 99 446 1
99 46 446 1
53 55 448 1
55 53 448 1
58 68 392 1
68 58 392 1
94 112 366 1
112 94 366 1
61 78 1006 1
78 61 1006 1
15 21 348 1
21 15 348 1
56 60 232 1
60 56 232 1
77 78 550 1
78 77 550 1
37 96 506 1
96 37 506 1
43 115 517 1
115 43 517 1
82 97 814 1
97 82 814 1
17 29 223 1
29 17 223 1
55 89 213 1
89 55 213 1
14 72 328 1
72 14 328 1
40 71 481 1
71 40 481 1
47 109 317 1
109 47 317 1
49 67 315 1
67 49 315 1
52 54 402 1
54 52 402 1
93 98 589 1
98 93 589 1
46 110 220 1
110 46 220 1
78 109 527 1
109 78 527 1
7 18 581 1
18 7 581 1
38 79 739 1
79 38 739 1
43 48 391 1
48 43 391 1
72 80 384 1
80 72 384 1
96 112 337 1
112 96 337 1
34 77 351 1
77 34 351 1
112 114 196 1
114 112 196 1
6 22 333 1
22 6 333 1
7 11 254 1
11 7 254 1
30 74 403 1
74 30 403 1
72 78 300 1
78 72 300 1
97 113 312 1
113 97 312 1
1 62 1027 1
62 1 1027 1
30 81 847 1
81 30 847 1
47 108 359 1
108 47 359 1
65 80 1107 1
80 65 1107 1
84 85 1130 1
85 84 1130 1
36 77 422 1
77 36 422 1
51 107 769 1
107 51 769 1
5 106 957 1
106 5 957 1
6 27 679 1
27 6 679 1
21 79 530 1
79 21 530 1
39 89 325 1
89 39 325 1
40 41 506 1
41 40 506 1
55 103 351 1
103 55 351 1
73 77 274 1
77 73 274 1
43 46 341 1
46 43 341 1
11 23 552 1
23 11 552 1
34 80 560 1
80 34 560 1
19 33 238 1
33 19 238 1
41 71 317 1
71 41 317 1
42 97 497 1
97 42 497 1
47 110 210 1
110 47 210 1
71 72 402 1
72 71 402 1
1 13 546 1
13 1 546 1
11 18 691 1
18 11 691 1
39 87 370 1
87 39 370 1
46 98 212 1
98 46 212 1
49 55 664 1
55 49 664 1
55 87 559 1
87 55 559 1
9 66 1299 1
66 9 1299 1
16 78 122 1
78 16 122 1
54 89 853 1
89 54 853 1
87 89 476 1
89 87 476 1
107 114 333 1
114 107 333 1
16 69 803 1
69 16 803 1
83 95 609 1
95 83 609 1
63 106 1106 1
106 63 1106 1
90 113 376 1
113 90 376 1
110 115 264 1
115 110 264 1
3 57 605 1
57 3 605 1
35 65 453 1
65 35 453 1
56 91 1205 1
91 56 1205 1
61 108 835 1
108 61 835 1
91 106 697 1
106 91 697 1
99 105 287 1
105 99 287 1
8 24 258 1
24 8 258 1
56 104 1033 1
104 56 1033 1
28 65 1103 1
65 28 1103 1
30 79 725 1
79 30 725 1
46 108 360 1
108 46 360 1
54 95 438 1
95 54 438 1
94 99 399 1
99 94 399 1
99 107 302 1
107 99 302 1
3 11 395 1
11 3 395 1
41 85 509 1
85 41 509 1
55 91 297 1
91 55 297 1
90 112 377 1
112 90 377 1
42 115 508 1
115 42 508 1
12 31 545 1
31 12 545 1
43 91 448 1
91 43 448 1
6 90 1185 1
90 6 1185 1
36 112 594 1
112 36 594 1
55 110 380 1
110 55 380 1
42 47 281 1
47 42 281 1
82 113 905 1
113 82 905 1
36 41 570 1
41 36 570 1
46 61 843 1
61 46 843 1
91 107 371 1
107 91 371 1
36 90 508 1
90 36 508 1
59 67 245 1
67 59 245 1
65 69 558 1
69 65 558 1
37 55 221 1
55 37 221 1
78 82 455 1
82 78 455 1
83 94 771 1
94 83 771 1
83 108 716 1
108 83 716 1
20 95 541 1
95 20 541 1
38 71 546 1
71 38 546 1
59 66 363 1
66 59 363 1
88 90 414 1
90 88 414 1
94 110 220 1
110 94 220 1
33 57 394 1
57 33 394 1
37 54 645 1
54 37 645 1
38 85 837 1
85 38 837 1
40 77 472 1
77 40 472 1
0 18 364 1
18 0 364 1
13 70 648 1
70 13 648 1
35 45 385 1
45 35 385 1
27 88 863 1
88 27 863 1
54 99 587 1
99 54 587 1
88 89 1035 1
89 88 1035 1
29 85 473 1
85 29 473 1
49 99 587 1
99 49 587 1
53 89 552 1
89 53 552 1
57 63 249 1
63 57 249 1
77 110 393 1
110 77 393 1
37 72 595 1
72 37 595 1
47 113 338 1
113 47 338 1
66 69 349 1
69 66 349 1
76 94 331 1
94 76 331 1
7 62 1148 1
62 7 1148 1
10 63 1159 1
63 10 1159 1
20 79 665 1
79 20 665 1
39 96 494 1
96 39 494 1
49 111 530 1
111 49 530 1
36 47 622 1
47 36 622 1
52 99 661 1
99 52 661 1
71 76 392 1
76 71 392 1
82 102 762 1
102 82 762 1
104 115 184 1
115 104 184 1
0 1 800 1
1 0 800 1
35 50 559 1
50 35 559 1
46 96 270 1
96 46 270 1
47 97 280 1
97 47 280 1
55 114 395 1
114 55 395 1
9 64 1448 1
64 9 1448 1
15 72 724 1
72 15 724 1
17 71 423 1
71 17 423 1
11 17 224 1
17 11 224 1
12 30 419 1
30 12 419 1
17 78 955 1
78 17 955 1
44 84 739 1
84 44 739 1
56 68 408 1
68 56 408 1
5 43 1235 1
43 5 1235 1
42 84 665 1
84 42 665 1
54 90 282 1
90 54 282 1
56 89 1199 1
89 56 1199 1
20 30 328 1
30 20 328 1
31 41 528 1
41 31 528 1
45 46 448 1
46 45 448 1
93 115 401 1
115 93 401 1
85 95 486 1
95 85 486 1
26 83 578 1
83 26 578 1
40 95 491 1
95 40 491 1
55 95 221 1
95 55 221 1
72 81 860 1
81 72 860 1
100 101 656 1
101 100 656 1
10 32 558 1
32 10 558 1
24 35 1010 1
35 24 1010 1
30 72 390 1
72 30 390 1
43 111 293 1
111 43 293 1
51 52 786 1
52 51 786 1
103 111 432 1
111 103 432 1
1 22 766 1
22 1 766 1
98 114 276 1
114 98 276 1
50 67 562 1
67 50 562 1
90 93 690 1
93 90 690 1
95 96 288 1
96 95 288 1
96 113 315 1
113 96 315 1
18 69 392 1
69 18 392 1
23 70 494 1
70 23 494 1
34 115 566 1
115 34 566 1
35 66 331 1
66 35 331 1
37 40 562 1
40 37 562 1
39 53 692 1
53 39 692 1
98 109 329 1
109 98 329 1
11 33 518 1
33 11 518 1
19 22 594 1
22 19 594 1
36 79 738 1
79 36 738 1
92 106 400 1
106 92 400 1
65 67 361 1
67 65 361 1
11 61 675 1
61 11 675 1
51 82 1285 1
82 51 1285 1
35 77 284 1
77 35 284 1
41 76 493 1
76 41 493 1
58 69 426 1
69 58 426 1
2 27 659 1
27 2 659 1
34 61 571 1
61 34 571 1
43 55 485 1
55 43 485 1
34 50 475 1
50 34 475 1
82 103 1009 1
103 82 1009 1
29 77 357 1
77 29 357 1
76 85 717 1
85 76 717 1
12 63 1218 1
63 12 1218 1
21 26 271 1
26 21 271 1
19 23 597 1
23 19 597 1
54 55 651 1
55 54 651 1
7 57 615 1
57 7 615 1
35 67 262 1
67 35 262 1
37 81 336 1
81 37 336 1
46 109 326 1
109 46 326 1
52 96 418 1
96 52 418 1
106 114 322 1
114 106 322 1
52 93 761 1
93 52 761 1
34 65 549 1
65 34 549 1
46 53 547 1
53 46 547 1
104 113 229 1
113 104 229 1
4 27 279 1
27 4 279 1
43 97 409 1
97 43 409 1
106 115 278 1
115 106 278 1
45 62 830 1
62 45 830 1
50 64 302 1
64 50 302 1
92 112 325 1
112 92 325 1
0 19 488 1
19 0 488 1
77 80 662 1
80 77 662 1
85 109 570 1
109 85 570 1
94 115 181 1
115 94 181 1
5 42 1309 1
42 5 1309 1
21 27 209 1
27 21 209 1
55 94 428 1
94 55 428 1
101 102 595 1
102 101 595 1
4 101 1261 1
101 4 1261 1
15 41 349 1
41 15 349 1
40 90 683 1
90 40 683 1
41 72 550 1
72 41 550 1
75 95 407 1
95 75 407 1
87 91 820 1
91 87 820 1
28 76 345 1
76 28 345 1
34 42 401 1
42 34 401 1
61 107 939 1
107 61 939 1
1 12 1022 1
12 1 1022 1
25 76 733 1
76 25 733 1
100 102 87 1
102 100 87 1
0 23 768 1
23 0 768 1
13 29 290 1
29 13 290 1
8 80 764 1
80 8 764 1
15 28 819 1
28 15 819 1
34 43 397 1
43 34 397 1
39 83 378 1
83 39 378 1
78 108 559 1
108 78 559 1
82 115 739 1
115 82 739 1
0 90 1005 1
90 0 1005 1
1 23 707 1
23 1 707 1
14 29 801 1
29 14 801 1
14 82 179 1
82 14 179 1
28 83 861 1
83 28 861 1
35 80 658 1
80 35 658 1
51 55 568 1
55 51 568 1
15 27 336 1
27 15 336 1
20 27 271 1
27 20 271 1
34 107 734 1
107 34 734 1
42 52 325 1
52 42 325 1
77 85 495 1
85 77 495 1
77 108 373 1
108 77 373 1
92 115 404 1
115 92 404 1
39 41 161 1
41 39 161 1
42 107 734 1
107 42 734 1
45 110 453 1
110 45 453 1
47 49 380 1
49 47 380 1
36 54 228 1
54 36 228 1
52 114 516 1
114 52 516 1
16 80 152 1
80 16 152 1
23 71 443 1
71 23 443 1
43 106 752 1
106 43 752 1
46 114 362 1
114 46 362 1
47 51 339 1
51 47 339 1
51 69 746 1
69 51 746 1
94 114 259 1
114 94 259 1
97 107 263 1
107 97 263 1
8 28 459 1
28 8 459 1
34 64 445 1
64 34 445 1
40 83 731 1
83 40 731 1
53 98 671 1
98 53 671 1
69 107 1110 1
107 69 1110 1
56 88 726 1
88 56 726 1
78 113 766 1
113 78 766 1
107 109 392 1
109 107 392 1
6 23 465 1
23 6 465 1
14 74 378 1
74 14 378 1
17 28 894 1
28 17 894 1
20 25 402 1
25 20 402 1
34 102 761 1
102 34 761 1
50 111 478 1
111 50 478 1
51 103 737 1
103 51 737 1
53 108 584 1
108 53 584 1
57 58 735 1
58 57 735 1
76 80 424 1
80 76 424 1
108 113 292 1
113 108 292 1
14 25 491 1
25 14 491 1
55 83 558 1
83 55 558 1
97 103 349 1
103 97 349 1
28 37 709 1
37 28 709 1
38 87 730 1
87 38 730 1
59 62 914 1
62 59 914 1
78 94 474 1
94 78 474 1
13 71 401 1
71 13 401 1
35 47 370 1
47 35 370 1
36 109 326 1
109 36 326 1
48 60 501 1
60 48 501 1
83 97 654 1
97 83 654 1
5 27 165 1
27 5 165 1
7 30 462 1
30 7 462 1
36 75 517 1
75 36 517 1
36 98 402 1
98 36 402 1
36 111 534 1
111 36 534 1
43 96 503 1
96 43 503 1
81 95 542 1
95 81 542 1
37 47 493 1
47 37 493 1
54 97 484 1
97 54 484 1
55 82 916 1
82 55 916 1
66 68 378 1
68 66 378 1
87 115 746 1
115 87 746 1
20 76 380 1
76 20 380 1
112 115 269 1
115 112 269 1
9 58 1436 1
58 9 1436 1
37 41 217 1
41 37 217 1
82 84 544 1
84 82 544 1
87 97 649 1
97 87 649 1
95 98 433 1
98 95 433 1
6 112 1257 1
112 6 1257 1
47 78 767 1
78 47 767 1
108 115 135 1
115 108 135 1
24 67 1223 1
67 24 1223 1
28 36 321 1
36 28 321 1
78 97 697 1
97 78 697 1
37 112 610 1
112 37 610 1
103 112 375 1
112 103 375 1
16 59 1012 1
59 16 1012 1
33 67 474 1
67 33 474 1
36 70 395 1
70 36 395 1
42 114 483 1
114 42 483 1
97 114 263 1
114 97 263 1
4 100 1129 1
100 4 1129 1
35 109 338 1
109 35 338 1
36 97 483 1
97 36 483 1
39 111 575 1
111 39 575 1
43 85 559 1
85 43 559 1
50 55 863 1
55 50 863 1
83 111 944 1
111 83 944 1
25 40 618 1
40 25 618 1
34 105 727 1
105 34 727 1
82 110 802 1
110 82 802 1
15 70 606 1
70 15 606 1
29 36 705 1
36 29 705 1
32 59 581 1
59 32 581 1
33 68 378 1
68 33 378 1
42 91 584 1
91 42 584 1
63 65 312 1
65 63 312 1
0 88 782 1
88 0 782 1
35 78 557 1
78 35 557 1
44 62 682 1
62 44 682 1
54 81 951 1
81 54 951 1
54 115 339 1
115 54 339 1
8 69 1192 1
69 8 1192 1
17 36 828 1
36 17 828 1
61 80 1112 1
80 61 1112 1
91 98 616 1
98 91 616 1
5 100 1233 1
100 5 1233 1
47 61 647 1
61 47 647 1
11 16 1004 1
16 11 1004 1
12 22 481 1
22 12 481 1
18 32 279 1
32 18 279 1
25 28 633 1
28 25 633 1
32 67 439 1
67 32 439 1
43 82 1085 1
82 43 1085 1
53 96 662 1
96 53 662 1
77 97 366 1
97 77 366 1
108 114 218 1
114 108 218 1
4 26 161 1
26 4 161 1
10 16 218 1
16 10 218 1
34 78 466 1
78 34 466 1
54 85 906 1
85 54 906 1
66 101 1048 1
101 66 1048 1
76 108 370 1
108 76 370 1
50 84 554 1
84 50 554 1
4 35 987 1
35 4 987 1
11 22 654 1
22 11 654 1
72 95 570 1
95 72 570 1
21 85 716 1
85 21 716 1
34 110 327 1
110 34 327 1
35 63 527 1
63 35 527 1
41 83 252 1
83 41 252 1
42 100 606 1
100 42 606 1
64 69 676 1
69 64 676 1
15 73 336 1
73 15 336 1
26 53 1271 1
53 26 1271 1
103 106 532 1
106 103 532 1
27 54 856 1
54 27 856 1
35 107 663 1
107 35 663 1
45 60 681 1
60 45 681 1
46 103 609 1
103 46 609 1
49 97 622 1
97 49 622 1
52 97 650 1
97 52 650 1
0 10 381 1
10 0 381 1
53 97 456 1
97 53 456 1
76 96 361 1
96 76 361 1
25 31 272 1
31 25 272 1
34 63 642 1
63 34 642 1
39 99 432 1
99 39 432 1
40 94 393 1
94 40 393 1
42 96 429 1
96 42 429 1
98 101 623 1
101 98 623 1
37 78 740 1
78 37 740 1
41 84 910 1
84 41 910 1
63 102 1192 1
102 63 1192 1
74 94 426 1
94 74 426 1
25 79 804 1
79 25 804 1
37 98 666 1
98 37 666 1
42 113 437 1
113 42 437 1
51 109 618 1
109 51 618 1
6 81 1103 1
81 6 1103 1
17 40 824 1
40 17 824 1
17 74 721 1
74 17 721 1
49 115 753 1
115 49 753 1
0 31 726 1
31 0 726 1
5 25 129 1
25 5 129 1
7 12 856 1
12 7 856 1
12 71 631 1
71 12 631 1
22 70 443 1
70 22 443 1
35 46 430 1
46 35 430 1
95 99 272 1
99 95 272 1
0 30 652 1
30 0 652 1
25 81 899 1
81 25 899 1
46 48 368 1
48 46 368 1
56 106 934 1
106 56 934 1
61 97 738 1
97 61 738 1
93 97 371 1
97 93 371 1
16 82 421 1
82 16 421 1
35 61 480 1
61 35 480 1
37 99 410 1
99 37 410 1
43 101 611 1
101 43 611 1
47 94 415 1
94 47 415 1
52 108 555 1
108 52 555 1
21 77 387 1
77 21 387 1
85 89 220 1
89 85 220 1
42 82 1028 1
82 42 1028 1
61 109 760 1
109 61 760 1
74 78 322 1
78 74 322 1
83 98 1029 1
98 83 1029 1
17 31 618 1
31 17 618 1
53 95 553 1
95 53 553 1
79 85 260 1
85 79 260 1
19 69 323 1
69 19 323 1
35 84 678 1
84 35 678 1
39 76 461 1
76 39 461 1
61 67 382 1
67 61 382 1
93 108 478 1
108 93 478 1
0 58 565 1
58 0 565 1
36 78 263 1
78 36 263 1
79 83 420 1
83 79 420 1
3 69 687 1
69 3 687 1
21 30 349 1
30 21 349 1
42 103 682 1
103 42 682 1
54 112 454 1
112 54 454 1
16 107 951 1
107 16 951 1
50 99 730 1
99 50 730 1
82 93 1124 1
93 82 1124 1
90 91 735 1
91 90 735 1
49 107 859 1
107 49 859 1
36 93 804 1
93 36 804 1
37 79 267 1
79 37 267 1
71 85 660 1
85 71 660 1
16 97 797 1
97 16 797 1
82 111 920 1
111 82 920 1
96 115 214 1
115 96 214 1
99 102 560 1
102 99 560 1
1 63 334 1
63 1 334 1
4 66 1205 1
66 4 1205 1
16 108 661 1
108 16 661 1
29 95 532 1
95 29 532 1
38 108 316 1
108 38 316 1
41 53 839 1
53 41 839 1
61 105 1028 1
105 61 1028 1
83 93 883 1
93 83 883 1
93 101 103 1
101 93 103 1
5 48 1432 1
48 5 1432 1
27 112 1080 1
112 27 1080 1
28 77 540 1
77 28 540 1
37 85 343 1
85 37 343 1
16 67 801 1
67 16 801 1
24 34 1021 1
34 24 1021 1
32 64 603 1
64 32 603 1
43 66 481 1
66 43 481 1
46 67 554 1
67 46 554 1
87 108 698 1
108 87 698 1
90 104 351 1
104 90 351 1
0 3 712 1
3 0 712 1
16 33 609 1
33 16 609 1
88 91 958 1
91 88 958 1
8 9 638 1
9 8 638 1
87 99 759 1
99 87 759 1
31 74 479 1
74 31 479 1
49 69 641 1
69 49 641 1
52 82 943 1
82 52 943 1
1 106 1164 1
106 1 1164 1
9 44 1434 1
44 9 1434 1
40 54 405 1
54 40 405 1
40 96 436 1
96 40 436 1
10 62 483 1
62 10 483 1
14 80 575 1
80 14 575 1
11 59 879 1
59 11 879 1
22 71 471 1
71 22 471 1
27 36 659 1
36 27 659 1
34 48 431 1
48 34 431 1
49 100 971 1
100 49 971 1
78 111 693 1
111 78 693 1
13 15 277 1
15 13 277 1
35 49 434 1
49 35 434 1
18 58 669 1
58 18 669 1
51 68 868 1
68 51 868 1
71 77 297 1
77 71 297 1
96 101 608 1
101 96 608 1
10 31 619 1
31 10 619 1
10 59 1121 1
59 10 1121 1
16 68 706 1
68 16 706 1
35 51 483 1
51 35 483 1
38 70 414 1
70 38 414 1
43 103 618 1
103 43 618 1
101 106 633 1
106 101 633 1
9 48 1507 1
48 9 1507 1
10 64 755 1
64 10 755 1
14 83 858 1
83 14 858 1
15 36 848 1
36 15 848 1
16 34 555 1
34 16 555 1
35 48 491 1
48 35 491 1
54 110 373 1
110 54 373 1
55 88 845 1
88 55 845 1
67 105 903 1
105 67 903 1
77 83 539 1
83 77 539 1
17 80 1070 1
80 17 1070 1
0 7 871 1
7 0 871 1
1 58 829 1
58 1 829 1
3 68 689 1
68 3 689 1
27 52 1228 1
52 27 1228 1
28 109 610 1
109 28 610 1
38 39 465 1
39 38 465 1
38 83 760 1
83 38 760 1
62 84 326 1
84 62 326 1
78 93 1024 1
93 78 1024 1
1 68 549 1
68 1 549 1
28 34 618 1
34 28 618 1
36 39 517 1
39 36 517 1
67 68 440 1
68 67 440 1
69 103 1214 1
103 69 1214 1
78 96 453 1
96 78 453 1
80 82 469 1
82 80 469 1
14 37 824 1
37 14 824 1
16 46 699 1
46 16 699 1
39 82 719 1
82 39 719 1
39 84 850 1
84 39 850 1
61 82 1268 1
82 61 1268 1
68 105 1200 1
105 68 1200 1
88 111 646 1
111 88 646 1
89 92 938 1
92 89 938 1
96 114 265 1
114 96 265 1
0 71 700 1
71 0 700 1
16 32 504 1
32 16 504 1
42 109 434 1
109 42 434 1
61 113 968 1
113 61 968 1
73 95 476 1
95 73 476 1
106 107 486 1
107 106 486 1
54 87 939 1
87 54 939 1
56 62 252 1
62 56 252 1
72 83 754 1
83 72 754 1
11 19 598 1
19 11 598 1
34 49 481 1
49 34 481 1
34 99 586 1
99 34 586 1
39 107 280 1
107 39 280 1
54 114 381 1
114 54 381 1
9 106 1074 1
106 9 1074 1
33 58 627 1
58 33 627 1
38 90 535 1
90 38 535 1
57 82 1164 1
82 57 1164 1
0 5 1018 1
5 0 1018 1
13 17 364 1
17 13 364 1
13 18 772 1
18 13 772 1
36 55 626 1
55 36 626 1
46 69 840 1
69 46 840 1
54 108 319 1
108 54 319 1
62 66 562 1
66 62 562 1
66 102 974 1
102 66 974 1
95 111 347 1
111 95 347 1
42 66 473 1
66 42 473 1
53 99 316 1
99 53 316 1
58 104 1061 1
104 58 1061 1
69 105 1158 1
105 69 1158 1
5 24 252 1
24 5 252 1
15 52 1350 1
52 15 1350 1
21 25 360 1
25 21 360 1
42 105 625 1
105 42 625 1
51 100 973 1
100 51 973 1
51 113 663 1
113 51 663 1
28 47 900 1
47 28 900 1
34 101 848 1
101 34 848 1
55 61 711 1
61 55 711 1
89 99 398 1
99 89 398 1
1 31 666 1
31 1 666 1
4 8 148 1
8 4 148 1
35 101 778 1
101 35 778 1
37 46 651 1
46 37 651 1
39 94 407 1
94 39 407 1
46 107 643 1
107 46 643 1
49 65 308 1
65 49 308 1
52 103 773 1
103 52 773 1
39 113 565 1
113 39 565 1
43 113 467 1
113 43 467 1
47 99 231 1
99 47 231 1
56 90 896 1
90 56 896 1
66 100 968 1
100 66 968 1
5 58 1366 1
58 5 1366 1
5 66 1239 1
66 5 1239 1
14 36 526 1
36 14 526 1
41 54 714 1
54 41 714 1
65 66 537 1
66 65 537 1
79 94 650 1
94 79 650 1
85 99 448 1
99 85 448 1
93 96 582 1
96 93 582 1
8 65 1425 1
65 8 1425 1
9 34 1087 1
34 9 1087 1
15 53 1143 1
53 15 1143 1
15 74 683 1
74 15 683 1
61 103 1017 1
103 61 1017 1
11 39 572 1
39 11 572 1
14 20 320 1
20 14 320 1
51 115 716 1
115 51 716 1
79 95 480 1
95 79 480 1
4 12 434 1
12 4 434 1
13 41 490 1
41 13 490 1
17 73 298 1
73 17 298 1
27 92 1167 1
92 27 1167 1
42 68 830 1
68 42 830 1
50 69 818 1
69 50 818 1
10 87 1058 1
87 10 1058 1
14 79 974 1
79 14 974 1
17 96 834 1
96 17 834 1
27 81 799 1
81 27 799 1
27 98 999 1
98 27 999 1
44 110 439 1
110 44 439 1
65 107 863 1
107 65 863 1
87 96 843 1
96 87 843 1
0 12 517 1
12 0 517 1
3 62 1020 1
62 3 1020 1
9 105 1106 1
105 9 1106 1
15 37 533 1
37 15 533 1
15 79 543 1
79 15 543 1
21 31 344 1
31 21 344 1
41 89 415 1
89 41 415 1
48 58 400 1
58 48 400 1
88 96 385 1
96 88 385 1
14 52 1090 1
52 14 1090 1
47 77 509 1
77 47 509 1
53 88 1043 1
88 53 1043 1
56 86 911 1
86 56 911 1
59 61 271 1
61 59 271 1
76 84 486 1
84 76 486 1
16 35 644 1
35 16 644 1
20 85 844 1
85 20 844 1
26 37 668 1
37 26 668 1
34 46 395 1
46 34 395 1
46 65 744 1
65 46 744 1
20 53 1075 1
53 20 1075 1
20 83 565 1
83 20 565 1
25 77 710 1
77 25 710 1
38 98 432 1
98 38 432 1
44 65 564 1
65 44 564 1
47 65 520 1
65 47 520 1
64 68 614 1
68 64 614 1
84 89 1110 1
89 84 1110 1
3 31 315 1
31 3 315 1
30 41 563 1
41 30 563 1
35 100 802 1
100 35 802 1
82 109 693 1
109 82 693 1
101 115 407 1
115 101 407 1
0 27 931 1
27 0 931 1
1 10 979 1
10 1 979 1
5 50 1417 1
50 5 1417 1
13 73 358 1
73 13 358 1
27 40 481 1
40 27 481 1
35 110 305 1
110 35 305 1
54 56 722 1
56 54 722 1
70 77 376 1
77 70 376 1
77 101 754 1
101 77 754 1
80 84 162 1
84 80 162 1
80 109 607 1
109 80 607 1
93 94 560 1
94 93 560 1
16 47 880 1
47 16 880 1
49 105 843 1
105 49 843 1
50 110 492 1
110 50 492 1
55 92 735 1
92 55 735 1
87 95 598 1
95 87 598 1
88 104 496 1
104 88 496 1
2 3 405 1
3 2 405 1
2 18 379 1
18 2 379 1
2 30 317 1
30 2 317 1
28 108 624 1
108 28 624 1
34 111 469 1
111 34 469 1
39 77 312 1
77 39 312 1
82 87 849 1
87 82 849 1
85 97 439 1
97 85 439 1
5 26 263 1
26 5 263 1
13 19 700 1
19 13 700 1
28 40 248 1
40 28 248 1
47 101 478 1
101 47 478 1
107 108 333 1
108 107 333 1
2 19 481 1
19 2 481 1
5 49 1365 1
49 5 1365 1
17 77 417 1
77 17 417 1
37 93 575 1
93 37 575 1
48 69 703 1
69 48 703 1
54 91 742 1
91 54 742 1
107 113 400 1
113 107 400 1
9 59 1335 1
59 9 1335 1
31 81 775 1
81 31 775 1
33 64 737 1
64 33 737 1
34 62 521 1
62 34 521 1
37 61 677 1
61 37 677 1
54 75 692 1
75 54 692 1
2 90 1252 1
90 2 1252 1
3 33 424 1
33 3 424 1
5 101 1174 1
101 5 1174 1
43 114 502 1
114 43 502 1
50 52 243 1
52 50 243 1
85 94 684 1
94 85 684 1
101 110 541 1
110 101 541 1
108 110 194 1
110 108 194 1
34 109 367 1
109 34 367 1
39 46 678 1
46 39 678 1
43 98 522 1
98 43 522 1
59 63 501 1
63 59 501 1
61 112 910 1
112 61 910 1
83 109 722 1
109 83 722 1
91 111 390 1
111 91 390 1
93 109 510 1
109 93 510 1
8 68 1123 1
68 8 1123 1
12 70 392 1
70 12 392 1
34 103 810 1
103 34 810 1
39 54 618 1
54 39 618 1
41 81 452 1
81 41 452 1
42 101 698 1
101 42 698 1
51 114 700 1
114 51 700 1
5 44 1368 1
44 5 1368 1
10 18 609 1
18 10 609 1
14 40 342 1
40 14 342 1
44 106 847 1
106 44 847 1
48 68 728 1
68 48 728 1
43 102 731 1
102 43 731 1
45 65 388 1
65 45 388 1
51 84 1058 1
84 51 1058 1
62 100 836 1
100 62 836 1
8 25 389 1
25 8 389 1
9 35 1031 1
35 9 1031 1
24 28 571 1
28 24 571 1
36 113 562 1
113 36 562 1
40 98 586 1
98 40 586 1
46 115 378 1
115 46 378 1
47 83 886 1
83 47 886 1
50 65 837 1
65 50 837 1
52 92 317 1
92 52 317 1
67 107 894 1
107 67 894 1
85 110 584 1
110 85 584 1
27 46 1065 1
46 27 1065 1
38 72 305 1
72 38 305 1
39 61 794 1
61 39 794 1
39 98 655 1
98 39 655 1
43 107 649 1
107 43 649 1
62 106 794 1
106 62 794 1
66 92 904 1
92 66 904 1
100 106 280 1
106 100 280 1
6 40 631 1
40 6 631 1
11 69 785 1
69 11 785 1
34 91 729 1
91 34 729 1
39 103 503 1
103 39 503 1
46 66 543 1
66 46 543 1
47 76 575 1
76 47 575 1
66 106 937 1
106 66 937 1
109 115 211 1
115 109 211 1
1 100 1327 1
100 1 1327 1
6 47 1181 1
47 6 1181 1
27 101 1063 1
101 27 1063 1
32 69 338 1
69 32 338 1
61 68 615 1
68 61 615 1
62 89 1215 1
89 62 1215 1
77 98 628 1
98 77 628 1
77 111 559 1
111 77 559 1
110 112 272 1
112 110 272 1
6 88 860 1
88 6 860 1
15 30 522 1
30 15 522 1
23 29 606 1
29 23 606 1
34 114 610 1
114 34 610 1
55 105 373 1
105 55 373 1
0 104 1096 1
104 0 1096 1
4 20 334 1
20 4 334 1
6 30 365 1
30 6 365 1
24 47 1229 1
47 24 1229 1
46 94 338 1
94 46 338 1
49 68 752 1
68 49 752 1
51 65 287 1
65 51 287 1
61 93 934 1
93 61 934 1
65 68 707 1
68 65 707 1
86 88 460 1
88 86 460 1
93 107 357 1
107 93 357 1
109 112 348 1
112 109 348 1
10 56 466 1
56 10 466 1
33 61 545 1
61 33 545 1
45 55 662 1
55 45 662 1
49 91 630 1
91 49 630 1
61 111 816 1
111 61 816 1
68 91 1170 1
91 68 1170 1
68 103 1277 1
103 68 1277 1
76 83 717 1
83 76 717 1
78 95 636 1
95 78 636 1
81 94 732 1
94 81 732 1
2 112 1277 1
112 2 1277 1
49 52 718 1
52 49 718 1
50 97 711 1
97 50 711 1
83 113 937 1
113 83 937 1
42 98 381 1
98 42 381 1
54 83 966 1
83 54 966 1
57 66 576 1
66 57 576 1
67 115 767 1
115 67 767 1
56 92 1017 1
92 56 1017 1
66 105 960 1
105 66 960 1
92 99 572 1
99 92 572 1
9 45 1389 1
45 9 1389 1
12 106 877 1
106 12 877 1
