116 2668
30 31 127 1
31 30 127 1
28 72 116 1
72 28 116 1
32 33 149 1
33 32 149 1
18 19 147 1
19 18 147 1
26 27 135 1
27 26 135 1
79 81 136 1
81 79 136 1
93 101 103 1
101 93 103 1
36 38 122 1
38 36 122 1
22 23 140 1
23 22 140 1
5 27 165 1
27 5 165 1
45 49 111 1
49 45 111 1
73 75 84 1
75 73 84 1
72 74 76 1
74 72 76 1
78 80 116 1
80 78 116 1
29 73 113 1
73 29 113 1
16 78 122 1
78 16 122 1
60 64 187 1
64 60 187 1
42 46 173 1
46 42 173 1
5 25 129 1
25 5 129 1
5 24 252 1
24 5 252 1
2 22 228 1
22 2 228 1
80 84 162 1
84 80 162 1
31 71 265 1
71 31 265 1
4 26 161 1
26 4 161 1
25 27 193 1
27 25 193 1
22 30 218 1
30 22 218 1
11 13 168 1
13 11 168 1
42 43 239 1
43 42 239 1
90 98 163 1
98 90 163 1
66 67 177 1
67 66 177 1
111 112 111 1
112 111 111 1
20 21 185 1
21 20 185 1
17 79 135 1
79 17 135 1
17 81 182 1
81 17 182 1
44 45 194 1
45 44 194 1
95 108 123 1
108 95 123 1
23 31 199 1
31 23 199 1
91 99 166 1
99 91 166 1
96 109 176 1
109 96 176 1
22 31 234 1
31 22 234 1
16 80 152 1
80 16 152 1
44 48 114 1
48 44 114 1
3 7 185 1
7 3 185 1
2 6 165 1
6 2 165 1
61 63 238 1
63 61 238 1
84 88 224 1
88 84 224 1
91 93 118 1
93 91 118 1
5 26 263 1
26 5 263 1
112 113 116 1
113 112 116 1
85 89 220 1
89 85 220 1
24 25 135 1
25 24 135 1
54 84 309 1
84 54 309 1
3 23 271 1
23 3 271 1
61 65 175 1
65 61 175 1
4 8 148 1
8 4 148 1
9 25 252 1
25 9 252 1
60 62 241 1
62 60 241 1
100 113 356 1
113 100 356 1
25 26 225 1
26 25 225 1
43 45 199 1
45 43 199 1
100 102 87 1
102 100 87 1
28 74 188 1
74 28 188 1
30 71 303 1
71 30 303 1
99 113 264 1
113 99 264 1
23 30 259 1
30 23 259 1
1 57 172 1
57 1 172 1
43 47 146 1
47 43 146 1
62 64 300 1
64 62 300 1
92 112 325 1
112 92 325 1
24 27 252 1
27 24 252 1
41 73 204 1
73 41 204 1
29 41 234 1
41 29 234 1
3 31 315 1
31 3 315 1
36 78 263 1
78 36 263 1
41 75 187 1
75 41 187 1
19 68 313 1
68 19 313 1
5 9 157 1
9 5 157 1
54 88 224 1
88 54 224 1
47 111 188 1
111 47 188 1
35 67 262 1
67 35 262 1
108 109 87 1
109 108 87 1
78 84 235 1
84 78 235 1
21 30 349 1
30 21 349 1
48 50 202 1
50 48 202 1
95 109 146 1
109 95 146 1
8 26 300 1
26 8 300 1
76 77 238 1
77 76 238 1
94 95 213 1
95 94 213 1
99 112 272 1
112 99 272 1
81 85 175 1
85 81 175 1
53 99 316 1
99 53 316 1
24 26 201 1
26 24 201 1
3 22 347 1
22 3 347 1
9 26 419 1
26 9 419 1
12 28 275 1
28 12 275 1
19 33 238 1
33 19 238 1
34 35 126 1
35 34 126 1
37 39 117 1
39 37 117 1
36 76 232 1
76 36 232 1
30 70 259 1
70 30 259 1
38 39 465 1
39 38 465 1
0 56 174 1
56 0 174 1
2 18 379 1
18 2 379 1
38 94 246 1
94 38 246 1
68 69 164 1
69 68 164 1
55 97 173 1
97 55 173 1
99 111 265 1
111 99 265 1
94 108 97 1
108 94 97 1
102 104 159 1
104 102 159 1
3 30 397 1
30 3 397 1
58 66 198 1
66 58 198 1
97 115 218 1
115 97 218 1
8 14 205 1
14 8 205 1
93 99 208 1
99 93 208 1
36 40 213 1
40 36 213 1
19 32 289 1
32 19 289 1
34 96 428 1
96 34 428 1
36 84 341 1
84 36 341 1
46 111 189 1
111 46 189 1
92 111 381 1
111 92 381 1
94 96 89 1
96 94 89 1
21 71 214 1
71 21 214 1
70 71 263 1
71 70 263 1
97 114 263 1
114 97 263 1
7 31 345 1
31 7 345 1
34 109 367 1
109 34 367 1
42 44 208 1
44 42 208 1
38 40 158 1
40 38 158 1
54 96 167 1
96 54 167 1
21 27 209 1
27 21 209 1
96 108 167 1
108 96 167 1
36 80 330 1
80 36 330 1
10 16 218 1
16 10 218 1
36 54 228 1
54 36 228 1
63 81 293 1
81 63 293 1
3 19 382 1
19 3 382 1
70 72 158 1
72 70 158 1
95 115 205 1
115 95 205 1
71 75 163 1
75 71 163 1
3 9 596 1
9 3 596 1
36 88 289 1
88 36 289 1
95 96 288 1
96 95 288 1
42 47 281 1
47 42 281 1
2 23 340 1
23 2 340 1
4 14 255 1
14 4 255 1
8 25 389 1
25 8 389 1
62 63 1134 1
63 62 1134 1
101 103 106 1
103 101 106 1
9 27 309 1
27 9 309 1
46 98 212 1
98 46 212 1
93 103 173 1
103 93 173 1
97 99 180 1
99 97 180 1
9 15 219 1
15 9 219 1
14 20 320 1
20 14 320 1
53 111 406 1
111 53 406 1
20 27 271 1
27 20 271 1
21 31 344 1
31 21 344 1
37 41 217 1
41 37 217 1
65 85 476 1
85 65 476 1
39 95 233 1
95 39 233 1
14 26 321 1
26 14 321 1
29 83 227 1
83 29 227 1
3 18 417 1
18 3 417 1
17 29 223 1
29 17 223 1
60 61 893 1
61 60 893 1
38 88 311 1
88 38 311 1
92 100 157 1
100 92 157 1
63 64 1058 1
64 63 1058 1
7 23 337 1
23 7 337 1
31 70 334 1
70 31 334 1
46 47 309 1
47 46 309 1
100 112 410 1
112 100 410 1
21 26 271 1
26 21 271 1
52 90 240 1
90 52 240 1
4 27 279 1
27 4 279 1
10 28 213 1
28 10 213 1
38 54 263 1
54 38 263 1
92 113 313 1
113 92 313 1
21 25 360 1
25 21 360 1
28 40 248 1
40 28 248 1
37 38 515 1
38 37 515 1
38 95 382 1
95 38 382 1
6 22 333 1
22 6 333 1
8 9 638 1
9 8 638 1
37 79 267 1
79 37 267 1
43 44 290 1
44 43 290 1
97 108 170 1
108 97 170 1
39 94 407 1
94 39 407 1
62 85 1177 1
85 62 1177 1
94 109 127 1
109 94 127 1
49 51 172 1
51 49 172 1
5 15 278 1
15 5 278 1
53 91 265 1
91 53 265 1
12 70 392 1
70 12 392 1
36 37 542 1
37 36 542 1
29 75 189 1
75 29 189 1
14 27 449 1
27 14 449 1
34 67 275 1
67 34 275 1
44 49 304 1
49 44 304 1
61 64 928 1
64 61 928 1
83 87 158 1
87 83 158 1
93 113 317 1
113 93 317 1
12 14 278 1
14 12 278 1
40 74 182 1
74 40 182 1
64 84 478 1
84 64 478 1
96 110 214 1
110 96 214 1
3 5 603 1
5 3 603 1
34 66 268 1
66 34 268 1
37 95 241 1
95 37 241 1
63 79 303 1
79 63 303 1
80 88 313 1
88 80 313 1
90 92 135 1
92 90 135 1
71 73 163 1
73 71 163 1
15 25 386 1
25 15 386 1
37 94 426 1
94 37 426 1
62 81 1169 1
81 62 1169 1
114 115 96 1
115 114 96 1
52 98 272 1
98 52 272 1
18 32 279 1
32 18 279 1
36 94 246 1
94 36 246 1
70 74 155 1
74 70 155 1
61 62 1047 1
62 61 1047 1
35 66 331 1
66 35 331 1
43 46 341 1
46 43 341 1
2 30 317 1
30 2 317 1
13 29 290 1
29 13 290 1
43 51 245 1
51 43 245 1
92 98 220 1
98 92 220 1
105 113 210 1
113 105 210 1
34 36 459 1
36 34 459 1
20 30 328 1
30 20 328 1
95 97 97 1
97 95 97 1
105 114 152 1
114 105 152 1
91 101 197 1
101 91 197 1
20 70 213 1
70 20 213 1
113 114 95 1
114 113 95 1
12 72 358 1
72 12 358 1
38 76 305 1
76 38 305 1
62 84 326 1
84 62 326 1
109 110 135 1
110 109 135 1
76 78 312 1
78 76 312 1
2 3 405 1
3 2 405 1
15 29 295 1
29 15 295 1
18 33 288 1
33 18 288 1
25 30 292 1
30 25 292 1
47 110 210 1
110 47 210 1
58 67 368 1
67 58 368 1
63 65 312 1
65 63 312 1
79 85 260 1
85 79 260 1
97 109 174 1
109 97 174 1
8 27 425 1
27 8 425 1
8 30 385 1
30 8 385 1
8 24 258 1
24 8 258 1
23 25 373 1
25 23 373 1
34 54 521 1
54 34 521 1
41 83 252 1
83 41 252 1
7 13 237 1
13 7 237 1
11 29 239 1
29 11 239 1
111 113 191 1
113 111 191 1
12 20 477 1
20 12 477 1
15 83 194 1
83 15 194 1
93 112 343 1
112 93 343 1
23 71 443 1
71 23 443 1
56 60 232 1
60 56 232 1
13 73 358 1
73 13 358 1
18 68 315 1
68 18 315 1
1 19 351 1
19 1 351 1
16 84 311 1
84 16 311 1
103 113 295 1
113 103 295 1
16 36 349 1
36 16 349 1
58 59 496 1
59 58 496 1
60 63 1021 1
63 60 1021 1
15 27 336 1
27 15 336 1
20 26 232 1
26 20 232 1
62 79 1049 1
79 62 1049 1
60 65 898 1
65 60 898 1
102 113 317 1
113 102 317 1
74 76 203 1
76 74 203 1
22 71 471 1
71 22 471 1
42 45 300 1
45 42 300 1
55 99 216 1
99 55 216 1
91 103 258 1
103 91 258 1
91 105 371 1
105 91 371 1
6 12 248 1
12 6 248 1
55 115 361 1
115 55 361 1
4 9 500 1
9 4 500 1
43 49 240 1
49 43 240 1
97 110 221 1
110 97 221 1
4 24 144 1
24 4 144 1
5 8 493 1
8 5 493 1
13 15 277 1
15 13 277 1
47 53 268 1
53 47 268 1
100 111 457 1
111 100 457 1
34 94 438 1
94 34 438 1
45 51 254 1
51 45 254 1
14 24 389 1
24 14 389 1
99 100 610 1
100 99 610 1
22 70 443 1
70 22 443 1
103 104 369 1
104 103 369 1
62 65 1049 1
65 62 1049 1
62 80 268 1
80 62 268 1
3 71 399 1
71 3 399 1
40 72 200 1
72 40 200 1
17 63 324 1
63 17 324 1
28 70 247 1
70 28 247 1
108 115 135 1
115 108 135 1
20 25 402 1
25 20 402 1
25 31 272 1
31 25 272 1
32 68 304 1
68 32 304 1
3 25 566 1
25 3 566 1
16 28 220 1
28 16 220 1
2 31 377 1
31 2 377 1
42 111 258 1
111 42 258 1
46 52 244 1
52 46 244 1
64 88 675 1
88 64 675 1
91 113 366 1
113 91 366 1
55 89 213 1
89 55 213 1
1 68 549 1
68 1 549 1
5 21 332 1
21 5 332 1
17 87 519 1
87 17 519 1
55 105 373 1
105 55 373 1
97 105 299 1
105 97 299 1
14 86 272 1
86 14 272 1
54 78 385 1
78 54 385 1
19 69 323 1
69 19 323 1
63 85 364 1
85 63 364 1
29 87 356 1
87 29 356 1
34 108 452 1
108 34 452 1
81 84 1146 1
84 81 1146 1
98 111 265 1
111 98 265 1
9 24 385 1
24 9 385 1
15 73 336 1
73 15 336 1
46 92 368 1
92 46 368 1
4 5 350 1
5 4 350 1
47 112 265 1
112 47 265 1
12 82 376 1
82 12 376 1
15 87 271 1
87 15 271 1
55 114 395 1
114 55 395 1
33 68 378 1
68 33 378 1
24 68 1109 1
68 24 1109 1
26 30 321 1
30 26 321 1
4 30 322 1
30 4 322 1
36 96 257 1
96 36 257 1
34 38 552 1
38 34 552 1
64 65 897 1
65 64 897 1
104 113 229 1
113 104 229 1
3 33 424 1
33 3 424 1
10 12 181 1
12 10 181 1
54 80 402 1
80 54 402 1
98 100 250 1
100 98 250 1
36 95 408 1
95 36 408 1
54 94 226 1
94 54 226 1
4 21 414 1
21 4 414 1
103 105 173 1
105 103 173 1
21 75 222 1
75 21 222 1
34 76 309 1
76 34 309 1
8 21 536 1
21 8 536 1
15 21 348 1
21 15 348 1
60 84 519 1
84 60 519 1
81 89 308 1
89 81 308 1
105 115 176 1
115 105 176 1
9 23 475 1
23 9 475 1
78 88 352 1
88 78 352 1
98 112 277 1
112 98 277 1
4 25 258 1
25 4 258 1
7 22 454 1
22 7 454 1
36 39 517 1
39 36 517 1
42 48 243 1
48 42 243 1
3 24 623 1
24 3 623 1
20 71 311 1
71 20 311 1
58 60 266 1
60 58 266 1
62 78 287 1
78 62 287 1
93 105 305 1
105 93 305 1
108 114 218 1
114 108 218 1
2 19 481 1
19 2 481 1
7 71 395 1
71 7 395 1
98 113 276 1
113 98 276 1
99 114 265 1
114 99 265 1
37 77 246 1
77 37 246 1
9 22 564 1
22 9 564 1
37 81 336 1
81 37 336 1
45 48 304 1
48 45 304 1
47 99 231 1
99 47 231 1
3 26 678 1
26 3 678 1
21 70 303 1
70 21 303 1
34 95 480 1
95 34 480 1
11 73 310 1
73 11 310 1
99 105 287 1
105 99 287 1
55 95 221 1
95 55 221 1
23 24 403 1
24 23 403 1
76 109 320 1
109 76 320 1
34 84 580 1
84 34 580 1
6 70 405 1
70 6 405 1
21 73 247 1
73 21 247 1
97 113 312 1
113 97 312 1
80 81 1113 1
81 80 1113 1
96 97 322 1
97 96 322 1
27 30 343 1
30 27 343 1
55 91 297 1
91 55 297 1
9 31 394 1
31 9 394 1
7 30 462 1
30 7 462 1
100 104 240 1
104 100 240 1
36 74 242 1
74 36 242 1
38 84 429 1
84 38 429 1
14 25 491 1
25 14 491 1
54 95 438 1
95 54 438 1
12 30 419 1
30 12 419 1
20 31 387 1
31 20 387 1
38 96 284 1
96 38 284 1
104 105 204 1
105 104 204 1
8 22 480 1
22 8 480 1
14 21 487 1
21 14 487 1
4 22 457 1
22 4 457 1
5 30 380 1
30 5 380 1
20 72 238 1
72 20 238 1
35 96 448 1
96 35 448 1
9 30 478 1
30 9 478 1
15 26 469 1
26 15 469 1
38 78 371 1
78 38 371 1
40 76 327 1
76 40 327 1
56 62 252 1
62 56 252 1
75 77 210 1
77 75 210 1
5 23 453 1
23 5 453 1
34 64 445 1
64 34 445 1
43 111 293 1
111 43 293 1
101 105 274 1
105 101 274 1
9 21 431 1
21 9 431 1
79 84 1035 1
84 79 1035 1
8 20 420 1
20 8 420 1
10 72 309 1
72 10 309 1
39 41 161 1
41 39 161 1
52 54 402 1
54 52 402 1
5 68 1146 1
68 5 1146 1
29 79 257 1
79 29 257 1
96 98 184 1
98 96 184 1
37 108 355 1
108 37 355 1
91 111 390 1
111 91 390 1
5 14 572 1
14 5 572 1
54 109 337 1
109 54 337 1
57 63 249 1
63 57 249 1
3 8 773 1
8 3 773 1
6 10 299 1
10 6 299 1
23 70 494 1
70 23 494 1
50 52 243 1
52 50 243 1
53 112 421 1
112 53 421 1
18 22 537 1
22 18 537 1
44 50 287 1
50 44 287 1
45 47 345 1
47 45 345 1
95 114 280 1
114 95 280 1
28 36 321 1
36 28 321 1
84 85 1130 1
85 84 1130 1
14 30 414 1
30 14 414 1
37 96 506 1
96 37 506 1
39 96 494 1
96 39 494 1
91 112 368 1
112 91 368 1
92 93 608 1
93 92 608 1
99 101 266 1
101 99 266 1
4 20 334 1
20 4 334 1
5 20 424 1
20 5 424 1
7 9 490 1
9 7 490 1
46 110 220 1
110 46 220 1
29 37 304 1
37 29 304 1
46 90 324 1
90 46 324 1
46 112 262 1
112 46 262 1
66 69 349 1
69 66 349 1
60 88 724 1
88 60 724 1
61 85 529 1
85 61 529 1
79 89 364 1
89 79 364 1
38 108 316 1
108 38 316 1
59 66 363 1
66 59 363 1
59 67 245 1
67 59 245 1
92 99 572 1
99 92 572 1
99 103 258 1
103 99 258 1
5 31 333 1
31 5 333 1
22 25 402 1
25 22 402 1
6 30 365 1
30 6 365 1
23 26 522 1
26 23 522 1
28 82 255 1
82 28 255 1
36 109 326 1
109 36 326 1
101 113 350 1
113 101 350 1
1 15 757 1
15 1 757 1
20 28 320 1
28 20 320 1
34 77 351 1
77 34 351 1
34 78 466 1
78 34 466 1
16 72 287 1
72 16 287 1
84 96 441 1
96 84 441 1
51 53 271 1
53 51 271 1
63 84 1189 1
84 63 1189 1
2 8 554 1
8 2 554 1
8 31 485 1
31 8 485 1
21 22 558 1
22 21 558 1
28 78 272 1
78 28 272 1
11 17 224 1
17 11 224 1
29 81 342 1
81 29 342 1
20 74 213 1
74 20 213 1
42 110 303 1
110 42 303 1
76 94 331 1
94 76 331 1
85 107 509 1
107 85 509 1
91 97 336 1
97 91 336 1
25 71 434 1
71 25 434 1
6 23 465 1
23 6 465 1
22 26 505 1
26 22 505 1
41 77 345 1
77 41 345 1
18 23 573 1
23 18 573 1
14 70 380 1
70 14 380 1
3 27 634 1
27 3 634 1
23 27 506 1
27 23 506 1
61 79 487 1
79 61 487 1
12 74 431 1
74 12 431 1
21 23 542 1
23 21 542 1
39 61 794 1
61 39 794 1
74 75 389 1
75 74 389 1
76 95 396 1
95 76 396 1
37 109 343 1
109 37 343 1
42 50 271 1
50 42 271 1
65 89 679 1
89 65 679 1
81 88 1121 1
88 81 1121 1
94 115 181 1
115 94 181 1
1 5 898 1
5 1 898 1
16 76 379 1
76 16 379 1
20 75 348 1
75 20 348 1
53 113 487 1
113 53 487 1
54 64 608 1
64 54 608 1
57 83 805 1
83 57 805 1
61 81 506 1
81 61 506 1
64 80 500 1
80 64 500 1
100 105 430 1
105 100 430 1
10 80 357 1
80 10 357 1
34 37 540 1
37 34 540 1
38 80 426 1
80 38 426 1
54 98 204 1
98 54 204 1
98 102 260 1
102 98 260 1
3 4 707 1
4 3 707 1
14 68 1034 1
68 14 1034 1
36 72 276 1
72 36 276 1
2 70 412 1
70 2 412 1
3 68 689 1
68 3 689 1
19 23 597 1
23 19 597 1
35 64 566 1
64 35 566 1
90 112 377 1
112 90 377 1
20 86 362 1
86 20 362 1
36 108 330 1
108 36 330 1
37 75 239 1
75 37 239 1
67 108 667 1
108 67 667 1
16 54 493 1
54 16 493 1
40 88 385 1
88 40 385 1
8 23 562 1
23 8 562 1
23 33 604 1
33 23 604 1
26 68 1080 1
68 26 1080 1
64 81 1132 1
81 64 1132 1
17 83 381 1
83 17 381 1
93 100 653 1
100 93 653 1
35 110 305 1
110 35 305 1
39 54 618 1
54 39 618 1
13 31 424 1
31 13 424 1
33 71 374 1
71 33 374 1
37 76 441 1
76 37 441 1
38 74 265 1
74 38 265 1
62 88 542 1
88 62 542 1
90 111 396 1
111 90 396 1
4 12 434 1
12 4 434 1
20 24 393 1
24 20 393 1
40 82 231 1
82 40 231 1
53 93 353 1
93 53 353 1
73 83 298 1
83 73 298 1
24 30 283 1
30 24 283 1
77 109 318 1
109 77 318 1
109 115 211 1
115 109 211 1
8 12 346 1
12 8 346 1
12 21 630 1
21 12 630 1
16 62 313 1
62 16 313 1
27 31 339 1
31 27 339 1
34 110 327 1
110 34 327 1
62 89 1215 1
89 62 1215 1
67 96 668 1
96 67 668 1
17 85 352 1
85 17 352 1
72 76 257 1
76 72 257 1
76 96 361 1
96 76 361 1
39 108 341 1
108 39 341 1
54 108 319 1
108 54 319 1
76 108 370 1
108 76 370 1
21 24 413 1
24 21 413 1
36 77 422 1
77 36 422 1
58 64 312 1
64 58 312 1
70 75 355 1
75 70 355 1
76 80 424 1
80 76 424 1
100 114 352 1
114 100 352 1
7 11 254 1
11 7 254 1
50 64 302 1
64 50 302 1
53 100 830 1
100 53 830 1
1 18 493 1
18 1 493 1
32 69 338 1
69 32 338 1
64 85 1107 1
85 64 1107 1
102 114 295 1
114 102 295 1
41 87 263 1
87 41 263 1
27 68 1083 1
68 27 1083 1
35 58 514 1
58 35 514 1
39 88 762 1
88 39 762 1
67 110 507 1
110 67 507 1
1 3 446 1
3 1 446 1
4 23 506 1
23 4 506 1
38 109 342 1
109 38 342 1
78 96 453 1
96 78 453 1
80 85 1121 1
85 80 1121 1
20 40 225 1
40 20 225 1
26 31 365 1
31 26 365 1
91 114 389 1
114 91 389 1
9 71 488 1
71 9 488 1
35 109 338 1
109 35 338 1
28 80 329 1
80 28 329 1
70 101 1040 1
101 70 1040 1
1 69 441 1
69 1 441 1
77 95 322 1
95 77 322 1
14 23 650 1
23 14 650 1
63 88 1219 1
88 63 1219 1
37 54 645 1
54 37 645 1
90 100 182 1
100 90 182 1
90 113 376 1
113 90 376 1
3 32 536 1
32 3 536 1
35 94 438 1
94 35 438 1
3 21 582 1
21 3 582 1
17 37 368 1
37 17 368 1
19 22 594 1
22 19 594 1
35 36 502 1
36 35 502 1
56 65 961 1
65 56 961 1
67 109 581 1
109 67 581 1
7 33 515 1
33 7 515 1
97 111 292 1
111 97 292 1
5 7 538 1
7 5 538 1
65 107 863 1
107 65 863 1
43 53 293 1
53 43 293 1
44 46 353 1
46 44 353 1
54 62 567 1
62 54 567 1
85 88 1097 1
88 85 1097 1
94 97 266 1
97 94 266 1
102 105 355 1
105 102 355 1
2 4 569 1
4 2 569 1
43 110 298 1
110 43 298 1
74 77 362 1
77 74 362 1
81 83 446 1
83 81 446 1
13 71 401 1
71 13 401 1
66 108 706 1
108 66 706 1
88 96 385 1
96 88 385 1
17 62 1129 1
62 17 1129 1
53 55 448 1
55 53 448 1
55 108 332 1
108 55 332 1
59 61 271 1
61 59 271 1
103 112 375 1
112 103 375 1
12 40 490 1
40 12 490 1
16 88 420 1
88 16 420 1
47 97 280 1
97 47 280 1
60 80 480 1
80 60 480 1
61 88 1219 1
88 61 1219 1
98 110 300 1
110 98 300 1
35 76 333 1
76 35 333 1
2 7 566 1
7 2 566 1
10 78 335 1
78 10 335 1
39 79 371 1
79 39 371 1
110 111 172 1
111 110 172 1
38 77 447 1
77 38 447 1
91 100 719 1
100 91 719 1
16 38 439 1
38 16 439 1
34 88 672 1
88 34 672 1
35 54 571 1
54 35 571 1
38 58 908 1
58 38 908 1
35 38 574 1
38 35 574 1
64 79 1031 1
79 64 1031 1
53 97 456 1
97 53 456 1
67 94 677 1
94 67 677 1
54 60 681 1
60 54 681 1
56 64 404 1
64 56 404 1
72 78 300 1
78 72 300 1
81 87 551 1
87 81 551 1
108 110 194 1
110 108 194 1
79 87 531 1
87 79 531 1
34 60 439 1
60 34 439 1
58 88 918 1
88 58 918 1
14 22 562 1
22 14 562 1
33 45 716 1
45 33 716 1
53 92 739 1
92 53 739 1
65 88 1179 1
88 65 1179 1
66 109 621 1
109 66 621 1
79 80 991 1
80 79 991 1
31 33 517 1
33 31 517 1
33 69 363 1
69 33 363 1
36 64 637 1
64 36 637 1
39 77 312 1
77 39 312 1
70 93 1035 1
93 70 1035 1
9 14 725 1
14 9 725 1
5 19 902 1
19 5 902 1
5 22 506 1
22 5 506 1
15 41 349 1
41 15 349 1
34 58 424 1
58 34 424 1
89 101 462 1
101 89 462 1
25 68 1101 1
68 25 1101 1
38 41 513 1
41 38 513 1
93 111 397 1
111 93 397 1
37 84 862 1
84 37 862 1
47 92 568 1
92 47 568 1
54 79 860 1
79 54 860 1
96 115 214 1
115 96 214 1
4 31 397 1
31 4 397 1
15 24 514 1
24 15 514 1
34 80 560 1
80 34 560 1
42 98 381 1
98 42 381 1
55 113 437 1
113 55 437 1
100 103 576 1
103 100 576 1
1 24 978 1
24 1 978 1
15 57 865 1
57 15 865 1
77 94 396 1
94 77 396 1
95 105 309 1
105 95 309 1
78 81 1002 1
81 78 1002 1
2 32 513 1
32 2 513 1
19 24 888 1
24 19 888 1
20 23 575 1
23 20 575 1
35 108 425 1
108 35 425 1
101 112 405 1
112 101 405 1
105 108 296 1
108 105 296 1
9 19 928 1
19 9 928 1
11 15 385 1
15 11 385 1
104 114 171 1
114 104 171 1
3 15 589 1
15 3 589 1
56 61 920 1
61 56 920 1
14 40 342 1
40 14 342 1
27 71 367 1
71 27 367 1
55 85 300 1
85 55 300 1
7 19 519 1
19 7 519 1
89 91 402 1
91 89 402 1
22 24 386 1
24 22 386 1
37 88 804 1
88 37 804 1
40 41 506 1
41 40 506 1
52 92 317 1
92 52 317 1
109 114 278 1
114 109 278 1
61 84 1150 1
84 61 1150 1
60 78 455 1
78 60 455 1
13 83 347 1
83 13 347 1
60 85 1115 1
85 60 1115 1
88 94 422 1
94 88 422 1
10 82 401 1
82 10 401 1
35 95 421 1
95 35 421 1
8 68 1123 1
68 8 1123 1
28 38 358 1
38 28 358 1
32 45 684 1
45 32 684 1
66 96 666 1
96 66 666 1
82 88 444 1
88 82 444 1
5 71 431 1
71 5 431 1
24 31 318 1
31 24 318 1
39 40 508 1
40 39 508 1
98 104 286 1
104 98 286 1
7 18 581 1
18 7 581 1
8 86 437 1
86 8 437 1
63 80 1146 1
80 63 1146 1
22 27 524 1
27 22 524 1
54 58 818 1
58 54 818 1
78 109 527 1
109 78 527 1
102 103 508 1
103 102 508 1
6 31 464 1
31 6 464 1
40 78 376 1
78 40 376 1
67 69 345 1
69 67 345 1
11 83 383 1
83 11 383 1
31 75 419 1
75 31 419 1
39 76 461 1
76 39 461 1
39 109 356 1
109 39 356 1
73 87 395 1
87 73 395 1
79 88 1019 1
88 79 1019 1
0 6 417 1
6 0 417 1
18 30 564 1
30 18 564 1
39 59 935 1
59 39 935 1
39 83 378 1
83 39 378 1
46 100 451 1
100 46 451 1
74 78 322 1
78 74 322 1
80 96 505 1
96 80 505 1
13 17 364 1
17 13 364 1
57 69 378 1
69 57 378 1
64 66 392 1
66 64 392 1
64 78 491 1
78 64 491 1
20 22 544 1
22 20 544 1
23 32 683 1
32 23 683 1
37 78 740 1
78 37 740 1
8 18 880 1
18 8 880 1
12 22 481 1
22 12 481 1
13 75 440 1
75 13 440 1
36 41 570 1
41 36 570 1
78 85 1017 1
85 78 1017 1
15 20 521 1
20 15 521 1
17 41 414 1
41 17 414 1
34 62 521 1
62 34 521 1
35 77 284 1
77 35 284 1
77 108 373 1
108 77 373 1
61 89 738 1
89 61 738 1
2 9 760 1
9 2 760 1
16 85 1095 1
85 16 1095 1
48 49 410 1
49 48 410 1
79 96 717 1
96 79 717 1
8 70 477 1
70 8 477 1
34 39 610 1
39 34 610 1
42 112 333 1
112 42 333 1
14 82 179 1
82 14 179 1
37 73 278 1
73 37 278 1
15 31 431 1
31 15 431 1
31 73 397 1
73 31 397 1
42 52 325 1
52 42 325 1
78 79 878 1
79 78 878 1
28 76 345 1
76 28 345 1
37 40 562 1
40 37 562 1
57 61 216 1
61 57 216 1
13 41 490 1
41 13 490 1
16 89 1095 1
89 16 1095 1
52 84 487 1
84 52 487 1
92 102 211 1
102 92 211 1
15 30 522 1
30 15 522 1
40 80 433 1
80 40 433 1
2 33 510 1
33 2 510 1
53 114 535 1
114 53 535 1
66 76 556 1
76 66 556 1
97 98 437 1
98 97 437 1
3 45 1118 1
45 3 1118 1
6 18 473 1
18 6 473 1
6 28 413 1
28 6 413 1
66 77 590 1
77 66 590 1
67 95 667 1
95 67 667 1
89 105 535 1
105 89 535 1
2 71 519 1
71 2 519 1
19 45 864 1
45 19 864 1
98 99 479 1
99 98 479 1
14 31 528 1
31 14 528 1
17 61 534 1
61 17 534 1
20 82 329 1
82 20 329 1
30 75 454 1
75 30 454 1
44 47 404 1
47 44 404 1
95 110 248 1
110 95 248 1
4 70 430 1
70 4 430 1
17 84 1128 1
84 17 1128 1
26 71 422 1
71 26 422 1
54 81 951 1
81 54 951 1
4 6 536 1
6 4 536 1
8 15 741 1
15 8 741 1
9 20 557 1
20 9 557 1
16 96 566 1
96 16 566 1
35 59 475 1
59 35 475 1
78 94 474 1
94 78 474 1
15 71 394 1
71 15 394 1
18 69 392 1
69 18 392 1
42 92 498 1
92 42 498 1
65 84 1120 1
84 65 1120 1
9 18 946 1
18 9 946 1
14 28 286 1
28 14 286 1
22 33 600 1
33 22 600 1
37 83 399 1
83 37 399 1
13 87 493 1
87 13 493 1
64 96 625 1
96 64 625 1
79 95 480 1
95 79 480 1
10 74 381 1
74 10 381 1
18 31 574 1
31 18 574 1
44 51 440 1
51 44 440 1
73 77 274 1
77 73 274 1
1 83 729 1
83 1 729 1
6 14 476 1
14 6 476 1
21 29 329 1
29 21 329 1
35 39 531 1
39 35 531 1
54 90 282 1
90 54 282 1
4 101 1261 1
101 4 1261 1
7 25 539 1
25 7 539 1
38 72 305 1
72 38 305 1
42 49 396 1
49 42 396 1
43 48 391 1
48 43 391 1
55 93 359 1
93 55 359 1
56 63 1014 1
63 56 1014 1
96 114 265 1
114 96 265 1
20 73 397 1
73 20 397 1
84 94 496 1
94 84 496 1
97 102 534 1
102 97 534 1
10 91 1269 1
91 10 1269 1
12 31 545 1
31 12 545 1
58 108 852 1
108 58 852 1
80 89 1113 1
89 80 1113 1
17 73 298 1
73 17 298 1
19 25 860 1
25 19 860 1
39 115 411 1
115 39 411 1
8 71 624 1
71 8 624 1
65 81 513 1
81 65 513 1
97 104 399 1
104 97 399 1
19 26 891 1
26 19 891 1
37 87 433 1
87 37 433 1
6 91 1386 1
91 6 1386 1
46 113 335 1
113 46 335 1
105 112 319 1
112 105 319 1
1 27 890 1
27 1 890 1
8 19 957 1
19 8 957 1
47 113 338 1
113 47 338 1
99 102 560 1
102 99 560 1
1 25 905 1
25 1 905 1
2 12 394 1
12 2 394 1
34 50 475 1
50 34 475 1
46 53 547 1
53 46 547 1
51 65 287 1
65 51 287 1
66 95 734 1
95 66 734 1
110 115 264 1
115 110 264 1
27 86 519 1
86 27 519 1
46 50 303 1
50 46 303 1
62 96 632 1
96 62 632 1
84 89 1110 1
89 84 1110 1
97 112 339 1
112 97 339 1
16 74 335 1
74 16 335 1
64 67 549 1
67 64 549 1
9 13 376 1
13 9 376 1
57 68 520 1
68 57 520 1
66 94 692 1
94 66 692 1
93 114 346 1
114 93 346 1
8 82 379 1
82 8 379 1
38 64 755 1
64 38 755 1
46 48 368 1
48 46 368 1
94 110 220 1
110 94 220 1
21 41 236 1
41 21 236 1
36 60 646 1
60 36 646 1
40 77 472 1
77 40 472 1
0 2 460 1
2 0 460 1
3 49 1127 1
49 3 1127 1
11 41 473 1
41 11 473 1
23 68 876 1
68 23 876 1
46 99 446 1
99 46 446 1
47 98 442 1
98 47 442 1
97 100 590 1
100 97 590 1
104 112 332 1
112 104 332 1
1 33 355 1
33 1 355 1
2 14 572 1
14 2 572 1
91 92 669 1
92 91 669 1
94 114 259 1
114 94 259 1
4 68 1109 1
68 4 1109 1
7 15 461 1
15 7 461 1
78 95 636 1
95 78 636 1
0 10 381 1
10 0 381 1
1 9 878 1
9 1 878 1
16 81 1063 1
81 16 1063 1
42 51 463 1
51 42 463 1
45 46 448 1
46 45 448 1
14 71 582 1
71 14 582 1
15 75 396 1
75 15 396 1
35 60 562 1
60 35 562 1
67 76 565 1
76 67 565 1
102 112 391 1
112 102 391 1
0 18 364 1
18 0 364 1
60 66 370 1
66 60 370 1
72 75 453 1
75 72 453 1
92 104 310 1
104 92 310 1
4 82 403 1
82 4 403 1
19 30 607 1
30 19 607 1
63 89 569 1
89 63 569 1
30 33 526 1
33 30 526 1
3 14 804 1
14 3 804 1
29 39 339 1
39 29 339 1
38 66 807 1
66 38 807 1
38 67 820 1
67 38 820 1
45 68 715 1
68 45 715 1
46 96 270 1
96 46 270 1
57 87 938 1
87 57 938 1
37 80 842 1
80 37 842 1
39 63 657 1
63 39 657 1
88 89 1035 1
89 88 1035 1
0 62 386 1
62 0 386 1
6 93 1425 1
93 6 1425 1
30 73 455 1
73 30 455 1
39 81 431 1
81 39 431 1
46 109 326 1
109 46 326 1
47 51 339 1
51 47 339 1
4 15 597 1
15 4 597 1
57 59 382 1
59 57 382 1
72 82 298 1
82 72 298 1
9 68 1194 1
68 9 1194 1
66 110 549 1
110 66 549 1
112 114 196 1
114 112 196 1
19 31 589 1
31 19 589 1
72 101 1016 1
101 72 1016 1
79 83 420 1
83 79 420 1
84 109 579 1
109 84 579 1
89 93 471 1
93 89 471 1
80 82 469 1
82 80 469 1
46 97 424 1
97 46 424 1
78 89 1017 1
89 78 1017 1
92 103 574 1
103 92 574 1
1 7 452 1
7 1 452 1
7 92 1445 1
92 7 1445 1
12 26 521 1
26 12 521 1
104 106 195 1
106 104 195 1
0 60 405 1
60 0 405 1
50 84 554 1
84 50 554 1
17 64 1130 1
64 17 1130 1
36 62 525 1
62 36 525 1
43 112 376 1
112 43 376 1
3 13 410 1
13 3 410 1
22 32 649 1
32 22 649 1
28 101 1105 1
101 28 1105 1
41 71 317 1
71 41 317 1
24 69 1148 1
69 24 1148 1
36 67 733 1
67 36 733 1
50 60 475 1
60 50 475 1
58 95 897 1
95 58 897 1
18 24 845 1
24 18 845 1
21 86 520 1
86 21 520 1
16 109 631 1
109 16 631 1
26 86 416 1
86 26 416 1
59 106 1174 1
106 59 1174 1
37 85 343 1
85 37 343 1
54 67 776 1
67 54 776 1
90 106 378 1
106 90 378 1
100 101 656 1
101 100 656 1
40 84 485 1
84 40 485 1
35 88 741 1
88 35 741 1
41 76 493 1
76 41 493 1
89 107 337 1
107 89 337 1
1 48 985 1
48 1 985 1
6 8 485 1
8 6 485 1
12 101 1369 1
101 12 1369 1
36 79 738 1
79 36 738 1
41 79 379 1
79 41 379 1
98 109 329 1
109 98 329 1
41 94 523 1
94 41 523 1
54 76 415 1
76 54 415 1
17 89 445 1
89 17 445 1
36 58 792 1
58 36 792 1
4 71 523 1
71 4 523 1
6 72 449 1
72 6 449 1
3 70 520 1
70 3 520 1
7 24 631 1
24 7 631 1
48 52 415 1
52 48 415 1
38 115 384 1
115 38 384 1
64 108 748 1
108 64 748 1
90 104 351 1
104 90 351 1
19 57 426 1
57 19 426 1
35 84 678 1
84 35 678 1
39 87 370 1
87 39 370 1
63 83 697 1
83 63 697 1
76 84 486 1
84 76 486 1
10 70 382 1
70 10 382 1
37 61 677 1
61 37 677 1
11 87 539 1
87 11 539 1
1 26 956 1
26 1 956 1
5 69 1149 1
69 5 1149 1
52 111 398 1
111 52 398 1
54 85 906 1
85 54 906 1
7 32 649 1
32 7 649 1
38 60 768 1
60 38 768 1
54 63 1046 1
63 54 1046 1
66 68 378 1
68 66 378 1
75 83 351 1
83 75 351 1
77 96 456 1
96 77 456 1
30 93 1229 1
93 30 1229 1
60 81 1111 1
81 60 1111 1
70 103 965 1
103 70 965 1
72 80 384 1
80 72 384 1
60 79 1000 1
79 60 1000 1
7 45 1151 1
45 7 1151 1
17 80 1070 1
80 17 1070 1
47 100 643 1
100 47 643 1
6 101 1437 1
101 6 1437 1
55 110 380 1
110 55 380 1
36 66 703 1
66 36 703 1
36 81 848 1
81 36 848 1
47 55 367 1
55 47 367 1
79 94 650 1
94 79 650 1
10 89 1185 1
89 10 1185 1
12 23 607 1
23 12 607 1
99 115 285 1
115 99 285 1
55 109 337 1
109 55 337 1
2 25 585 1
25 2 585 1
12 86 512 1
86 12 512 1
16 34 555 1
34 16 555 1
40 54 405 1
54 40 405 1
54 61 1045 1
61 54 1045 1
30 101 1224 1
101 30 1224 1
39 64 1003 1
64 39 1003 1
61 80 1112 1
80 61 1112 1
16 60 498 1
60 16 498 1
35 69 473 1
69 35 473 1
39 84 850 1
84 39 850 1
43 99 372 1
99 43 372 1
99 104 430 1
104 99 430 1
14 72 328 1
72 14 328 1
32 71 466 1
71 32 466 1
37 62 953 1
62 37 953 1
50 54 543 1
54 50 543 1
84 98 455 1
98 84 455 1
25 69 1122 1
69 25 1122 1
35 78 557 1
78 35 557 1
42 53 475 1
53 42 475 1
55 96 492 1
96 55 492 1
78 108 559 1
108 78 559 1
11 75 388 1
75 11 388 1
33 77 332 1
77 33 332 1
37 64 957 1
64 37 957 1
88 95 625 1
95 88 625 1
113 115 188 1
115 113 188 1
29 71 259 1
71 29 259 1
102 111 440 1
111 102 440 1
8 101 1359 1
101 8 1359 1
33 44 737 1
44 33 737 1
52 96 418 1
96 52 418 1
64 94 688 1
94 64 688 1
13 30 546 1
30 13 546 1
19 71 541 1
71 19 541 1
20 41 386 1
41 20 386 1
12 71 631 1
71 12 631 1
14 18 837 1
18 14 837 1
21 72 388 1
72 21 388 1
39 75 260 1
75 39 260 1
49 68 752 1
68 49 752 1
65 79 512 1
79 65 512 1
101 114 359 1
114 101 359 1
107 115 298 1
115 107 298 1
24 71 494 1
71 24 494 1
35 37 446 1
37 35 446 1
90 96 335 1
96 90 335 1
1 59 541 1
59 1 541 1
21 101 903 1
101 21 903 1
56 80 431 1
80 56 431 1
37 74 520 1
74 37 520 1
58 96 780 1
96 58 780 1
70 91 1000 1
91 70 1000 1
90 102 246 1
102 90 246 1
3 6 559 1
6 3 559 1
50 63 1042 1
63 50 1042 1
58 94 820 1
94 58 820 1
65 80 1107 1
80 65 1107 1
96 102 343 1
102 96 343 1
98 106 320 1
106 98 320 1
2 26 618 1
26 2 618 1
18 25 840 1
25 18 840 1
39 65 768 1
65 39 768 1
56 89 1199 1
89 56 1199 1
70 86 500 1
86 70 500 1
71 86 672 1
86 71 672 1
84 108 592 1
108 84 592 1
4 86 435 1
86 4 435 1
13 21 494 1
21 13 494 1
18 26 857 1
26 18 857 1
26 70 383 1
70 26 383 1
99 110 299 1
110 99 299 1
4 93 1288 1
93 4 1288 1
14 19 916 1
19 14 916 1
22 68 842 1
68 22 842 1
25 73 516 1
73 25 516 1
111 114 232 1
114 111 232 1
47 49 380 1
49 47 380 1
59 88 1182 1
88 59 1182 1
19 44 886 1
44 19 886 1
32 77 383 1
77 32 383 1
47 91 332 1
91 47 332 1
55 94 428 1
94 55 428 1
84 95 699 1
95 84 699 1
92 101 634 1
101 92 634 1
71 74 359 1
74 71 359 1
90 110 460 1
110 90 460 1
0 16 380 1
16 0 380 1
24 86 569 1
86 24 569 1
62 107 1088 1
107 62 1088 1
81 96 799 1
96 81 799 1
2 68 671 1
68 2 671 1
5 18 901 1
18 5 901 1
7 49 1147 1
49 7 1147 1
48 57 860 1
57 48 860 1
59 69 338 1
69 59 338 1
29 63 531 1
63 29 531 1
32 43 699 1
43 32 699 1
46 102 463 1
102 46 463 1
59 60 718 1
60 59 718 1
0 32 356 1
32 0 356 1
14 15 772 1
15 14 772 1
40 94 393 1
94 40 393 1
76 88 509 1
88 76 509 1
98 114 276 1
114 98 276 1
16 55 931 1
55 16 931 1
31 32 596 1
32 31 596 1
34 97 481 1
97 34 481 1
82 84 544 1
84 82 544 1
7 21 555 1
21 7 555 1
19 27 874 1
27 19 874 1
34 40 622 1
40 34 622 1
59 83 1103 1
83 59 1103 1
16 95 729 1
95 16 729 1
17 88 1113 1
88 17 1113 1
58 61 717 1
61 58 717 1
105 111 367 1
111 105 367 1
40 58 962 1
58 40 962 1
49 86 1302 1
86 49 1302 1
55 111 434 1
111 55 434 1
61 83 902 1
83 61 902 1
11 81 403 1
81 11 403 1
24 33 797 1
33 24 797 1
32 44 667 1
44 32 667 1
53 105 581 1
105 53 581 1
60 89 1195 1
89 60 1195 1
90 93 690 1
93 90 690 1
12 93 1368 1
93 12 1368 1
16 40 399 1
40 16 399 1
17 57 439 1
57 17 439 1
40 75 477 1
75 40 477 1
67 77 525 1
77 67 525 1
15 23 561 1
23 15 561 1
21 82 511 1
82 21 511 1
1 32 484 1
32 1 484 1
35 80 658 1
80 35 658 1
75 76 374 1
76 75 374 1
94 105 354 1
105 94 354 1
103 114 282 1
114 103 282 1
15 17 481 1
17 15 481 1
38 82 362 1
82 38 362 1
56 78 391 1
78 56 391 1
74 101 945 1
101 74 945 1
79 108 585 1
108 79 585 1
35 50 559 1
50 35 559 1
56 85 1128 1
85 56 1128 1
77 78 550 1
78 77 550 1
18 71 561 1
71 18 561 1
33 43 715 1
43 33 715 1
37 63 543 1
63 37 543 1
41 81 452 1
81 41 452 1
53 110 473 1
110 53 473 1
60 67 538 1
67 60 538 1
80 109 607 1
109 80 607 1
84 107 904 1
107 84 904 1
39 62 975 1
62 39 975 1
55 100 739 1
100 55 739 1
55 112 466 1
112 55 466 1
79 109 545 1
109 79 545 1
25 70 480 1
70 25 480 1
30 72 390 1
72 30 390 1
58 115 947 1
115 58 947 1
2 24 548 1
24 2 548 1
4 18 866 1
18 4 866 1
5 33 790 1
33 5 790 1
16 94 579 1
94 16 579 1
30 68 827 1
68 30 827 1
33 49 744 1
49 33 744 1
38 61 1021 1
61 38 1021 1
64 107 1075 1
107 64 1075 1
110 114 289 1
114 110 289 1
25 86 638 1
86 25 638 1
29 57 596 1
57 29 596 1
19 49 882 1
49 19 882 1
38 59 1046 1
59 38 1046 1
44 68 695 1
68 44 695 1
60 108 800 1
108 60 800 1
63 87 821 1
87 63 821 1
14 74 378 1
74 14 378 1
37 97 271 1
97 37 271 1
108 113 292 1
113 108 292 1
16 37 809 1
37 16 809 1
48 51 548 1
51 48 548 1
54 115 339 1
115 54 339 1
55 101 371 1
101 55 371 1
75 87 423 1
87 75 423 1
10 36 501 1
36 10 501 1
12 27 629 1
27 12 629 1
16 79 934 1
79 16 934 1
20 101 958 1
101 20 958 1
74 114 677 1
114 74 677 1
7 27 597 1
27 7 597 1
54 65 986 1
65 54 986 1
58 84 737 1
84 58 737 1
59 65 304 1
65 59 304 1
9 87 450 1
87 9 450 1
28 84 456 1
84 28 456 1
32 47 724 1
47 32 724 1
34 79 586 1
79 34 586 1
37 89 294 1
89 37 294 1
93 97 371 1
97 93 371 1
93 104 478 1
104 93 478 1
98 105 417 1
105 98 417 1
9 73 497 1
73 9 497 1
54 66 740 1
66 54 740 1
77 110 393 1
110 77 393 1
11 71 374 1
71 11 374 1
60 96 695 1
96 60 695 1
27 70 417 1
70 27 417 1
45 111 467 1
111 45 467 1
8 103 1268 1
103 8 1268 1
34 69 465 1
69 34 465 1
74 86 416 1
86 74 416 1
94 104 298 1
104 94 298 1
4 19 922 1
19 4 922 1
35 62 643 1
62 35 643 1
41 74 484 1
74 41 484 1
44 111 448 1
111 44 448 1
47 90 580 1
90 47 580 1
61 107 939 1
107 61 939 1
62 109 711 1
109 62 711 1
39 80 834 1
80 39 834 1
90 91 735 1
91 90 735 1
90 99 615 1
99 90 615 1
96 104 297 1
104 96 297 1
32 49 731 1
49 32 731 1
33 47 731 1
47 33 731 1
16 56 380 1
56 16 380 1
17 39 453 1
39 17 453 1
91 115 428 1
115 91 428 1
21 28 487 1
28 21 487 1
39 78 740 1
78 39 740 1
48 69 703 1
69 48 703 1
67 97 637 1
97 67 637 1
16 97 797 1
97 16 797 1
27 69 1092 1
69 27 1092 1
37 114 513 1
114 37 513 1
65 78 1008 1
78 65 1008 1
68 86 1151 1
86 68 1151 1
10 40 460 1
40 10 460 1
60 107 1124 1
107 60 1124 1
3 92 1420 1
92 3 1420 1
26 69 1109 1
69 26 1109 1
33 70 413 1
70 33 413 1
60 106 915 1
106 60 915 1
74 108 474 1
108 74 474 1
80 94 538 1
94 80 538 1
3 20 648 1
20 3 648 1
58 106 1039 1
106 58 1039 1
23 45 1302 1
45 23 1302 1
36 61 965 1
61 36 965 1
10 93 1289 1
93 10 1289 1
54 97 484 1
97 54 484 1
58 109 771 1
109 58 771 1
70 112 906 1
112 70 906 1
18 45 924 1
45 18 924 1
30 112 1143 1
112 30 1143 1
31 92 1282 1
92 31 1282 1
39 60 1005 1
60 39 1005 1
97 103 349 1
103 97 349 1
21 74 343 1
74 21 343 1
40 70 311 1
70 40 311 1
40 95 491 1
95 40 491 1
41 95 382 1
95 41 382 1
35 40 644 1
40 35 644 1
38 79 739 1
79 38 739 1
39 58 1032 1
58 39 1032 1
46 54 354 1
54 46 354 1
54 102 313 1
102 54 313 1
