116 2668
26 27 135 1
27 26 135 1
76 77 238 1
77 76 238 1
44 45 194 1
45 44 194 1
36 37 542 1
37 36 542 1
42 46 173 1
46 42 173 1
4 5 350 1
5 4 350 1
29 72 629 1
72 29 629 1
44 49 304 1
49 44 304 1
21 25 360 1
25 21 360 1
73 74 458 1
74 73 458 1
43 47 146 1
47 43 146 1
46 47 309 1
47 46 309 1
73 76 450 1
76 73 450 1
30 31 127 1
31 30 127 1
91 93 118 1
93 91 118 1
90 91 735 1
91 90 735 1
28 81 975 1
81 28 975 1
73 77 274 1
77 73 274 1
36 76 232 1
76 36 232 1
45 49 111 1
49 45 111 1
28 72 116 1
72 28 116 1
43 46 341 1
46 43 341 1
28 29 741 1
29 28 741 1
72 73 517 1
73 72 517 1
36 38 122 1
38 36 122 1
20 21 185 1
21 20 185 1
84 88 224 1
88 84 224 1
19 69 323 1
69 19 323 1
80 81 1113 1
81 80 1113 1
17 79 135 1
79 17 135 1
38 39 465 1
39 38 465 1
59 66 363 1
66 59 363 1
35 67 262 1
67 35 262 1
5 26 263 1
26 5 263 1
24 25 135 1
25 24 135 1
72 74 76 1
74 72 76 1
61 63 238 1
63 61 238 1
10 12 181 1
12 10 181 1
55 96 492 1
96 55 492 1
36 72 276 1
72 36 276 1
73 75 84 1
75 73 84 1
16 78 122 1
78 16 122 1
42 43 239 1
43 42 239 1
84 85 1130 1
85 84 1130 1
58 59 496 1
59 58 496 1
37 76 441 1
76 37 441 1
2 6 165 1
6 2 165 1
40 72 200 1
72 40 200 1
17 81 182 1
81 17 182 1
42 49 396 1
49 42 396 1
36 73 600 1
73 36 600 1
62 63 1134 1
63 62 1134 1
20 30 328 1
30 20 328 1
42 47 281 1
47 42 281 1
56 57 840 1
57 56 840 1
93 101 103 1
101 93 103 1
48 49 410 1
49 48 410 1
94 97 266 1
97 94 266 1
10 14 380 1
14 10 380 1
9 93 1250 1
93 9 1250 1
90 92 135 1
92 90 135 1
0 98 918 1
98 0 918 1
72 76 257 1
76 72 257 1
19 23 597 1
23 19 597 1
49 51 172 1
51 49 172 1
17 28 894 1
28 17 894 1
29 76 555 1
76 29 555 1
39 55 254 1
55 39 254 1
12 14 278 1
14 12 278 1
2 12 394 1
12 2 394 1
74 76 203 1
76 74 203 1
4 23 506 1
23 4 506 1
12 13 959 1
13 12 959 1
36 77 422 1
77 36 422 1
37 77 246 1
77 37 246 1
75 76 374 1
76 75 374 1
75 77 210 1
77 75 210 1
24 30 283 1
30 24 283 1
72 77 430 1
77 72 430 1
5 27 165 1
27 5 165 1
42 44 208 1
44 42 208 1
47 110 210 1
110 47 210 1
29 73 113 1
73 29 113 1
4 26 161 1
26 4 161 1
37 38 515 1
38 37 515 1
47 96 412 1
96 47 412 1
4 93 1288 1
93 4 1288 1
28 80 329 1
80 28 329 1
20 25 402 1
25 20 402 1
45 51 254 1
51 45 254 1
70 75 355 1
75 70 355 1
29 77 357 1
77 29 357 1
19 90 1212 1
90 19 1212 1
36 40 213 1
40 36 213 1
6 7 710 1
7 6 710 1
6 93 1425 1
93 6 1425 1
9 91 1212 1
91 9 1212 1
32 66 416 1
66 32 416 1
36 74 242 1
74 36 242 1
36 78 263 1
78 36 263 1
103 104 369 1
104 103 369 1
70 76 285 1
76 70 285 1
29 81 342 1
81 29 342 1
58 66 198 1
66 58 198 1
103 105 173 1
105 103 173 1
2 7 566 1
7 2 566 1
8 12 346 1
12 8 346 1
43 44 290 1
44 43 290 1
45 67 282 1
67 45 282 1
43 45 199 1
45 43 199 1
43 49 240 1
49 43 240 1
57 79 431 1
79 57 431 1
66 104 942 1
104 66 942 1
69 105 1158 1
105 69 1158 1
8 14 205 1
14 8 205 1
40 81 874 1
81 40 874 1
4 8 148 1
8 4 148 1
16 72 287 1
72 16 287 1
72 81 860 1
81 72 860 1
13 15 277 1
15 13 277 1
91 103 258 1
103 91 258 1
93 103 173 1
103 93 173 1
17 29 223 1
29 17 223 1
38 40 158 1
40 38 158 1
46 49 541 1
49 46 541 1
2 24 548 1
24 2 548 1
20 24 393 1
24 20 393 1
38 54 263 1
54 38 263 1
72 80 384 1
80 72 384 1
5 23 453 1
23 5 453 1
46 55 584 1
55 46 584 1
25 26 225 1
26 25 225 1
18 92 1286 1
92 18 1286 1
29 36 705 1
36 29 705 1
43 96 503 1
96 43 503 1
47 55 367 1
55 47 367 1
25 27 193 1
27 25 193 1
44 46 353 1
46 44 353 1
18 90 1192 1
90 18 1192 1
104 105 204 1
105 104 204 1
54 87 939 1
87 54 939 1
17 72 781 1
72 17 781 1
56 79 965 1
79 56 965 1
70 73 402 1
73 70 402 1
6 8 485 1
8 6 485 1
19 91 1171 1
91 19 1171 1
43 55 485 1
55 43 485 1
3 18 417 1
18 3 417 1
70 77 376 1
77 70 376 1
8 22 480 1
22 8 480 1
44 48 114 1
48 44 114 1
82 83 881 1
83 82 881 1
105 107 233 1
107 105 233 1
12 60 825 1
60 12 825 1
34 35 126 1
35 34 126 1
61 65 175 1
65 61 175 1
21 45 1031 1
45 21 1031 1
25 110 1042 1
110 25 1042 1
3 89 961 1
89 3 961 1
78 80 116 1
80 78 116 1
16 28 220 1
28 16 220 1
4 6 536 1
6 4 536 1
19 105 1190 1
105 19 1190 1
28 40 248 1
40 28 248 1
6 9 834 1
9 6 834 1
9 90 1391 1
90 9 1391 1
91 92 669 1
92 91 669 1
99 111 265 1
111 99 265 1
16 80 152 1
80 16 152 1
29 80 961 1
80 29 961 1
3 35 775 1
35 3 775 1
11 15 385 1
15 11 385 1
37 72 595 1
72 37 595 1
105 114 152 1
114 105 152 1
3 23 271 1
23 3 271 1
21 30 349 1
30 21 349 1
40 74 182 1
74 40 182 1
63 72 944 1
72 63 944 1
104 107 401 1
107 104 401 1
0 90 1005 1
90 0 1005 1
9 83 411 1
83 9 411 1
16 29 882 1
29 16 882 1
25 45 1358 1
45 25 1358 1
101 103 106 1
103 101 106 1
4 9 500 1
9 4 500 1
9 101 1217 1
101 9 1217 1
21 71 214 1
71 21 214 1
29 79 257 1
79 29 257 1
100 102 87 1
102 100 87 1
5 8 493 1
8 5 493 1
21 110 690 1
110 21 690 1
69 106 1139 1
106 69 1139 1
105 106 359 1
106 105 359 1
74 77 362 1
77 74 362 1
6 12 248 1
12 6 248 1
44 47 404 1
47 44 404 1
67 105 903 1
105 67 903 1
74 75 389 1
75 74 389 1
16 17 998 1
17 16 998 1
16 79 934 1
79 16 934 1
54 55 651 1
55 54 651 1
70 71 263 1
71 70 263 1
16 73 769 1
73 16 769 1
8 10 505 1
10 8 505 1
21 55 604 1
55 21 604 1
90 93 690 1
93 90 690 1
40 73 549 1
73 40 549 1
2 4 569 1
4 2 569 1
91 99 166 1
99 91 166 1
29 75 189 1
75 29 189 1
50 51 698 1
51 50 698 1
0 91 1266 1
91 0 1266 1
46 96 270 1
96 46 270 1
25 31 272 1
31 25 272 1
36 80 330 1
80 36 330 1
70 74 155 1
74 70 155 1
40 76 327 1
76 40 327 1
4 27 279 1
27 4 279 1
22 23 140 1
23 22 140 1
17 63 324 1
63 17 324 1
80 84 162 1
84 80 162 1
21 24 413 1
24 21 413 1
21 43 915 1
43 21 915 1
37 73 278 1
73 37 278 1
66 102 974 1
102 66 974 1
38 81 841 1
81 38 841 1
5 93 1207 1
93 5 1207 1
13 60 1245 1
60 13 1245 1
0 18 364 1
18 0 364 1
14 22 562 1
22 14 562 1
6 101 1437 1
101 6 1437 1
29 74 571 1
74 29 571 1
17 57 439 1
57 17 439 1
44 51 440 1
51 44 440 1
19 92 1295 1
92 19 1295 1
55 87 559 1
87 55 559 1
97 109 174 1
109 97 174 1
29 40 655 1
40 29 655 1
37 39 117 1
39 37 117 1
71 76 392 1
76 71 392 1
102 103 508 1
103 102 508 1
9 23 475 1
23 9 475 1
97 113 312 1
113 97 312 1
1 17 391 1
17 1 391 1
25 71 434 1
71 25 434 1
5 22 506 1
22 5 506 1
69 94 883 1
94 69 883 1
5 9 157 1
9 5 157 1
20 71 311 1
71 20 311 1
92 93 608 1
93 92 608 1
58 102 1067 1
102 58 1067 1
81 84 1146 1
84 81 1146 1
21 39 356 1
39 21 356 1
30 71 303 1
71 30 303 1
37 54 645 1
54 37 645 1
2 14 572 1
14 2 572 1
16 56 380 1
56 16 380 1
39 96 494 1
96 39 494 1
0 1 800 1
1 0 800 1
21 37 403 1
37 21 403 1
24 26 201 1
26 24 201 1
28 82 255 1
82 28 255 1
21 31 344 1
31 21 344 1
42 45 300 1
45 42 300 1
50 66 475 1
66 50 475 1
21 51 1039 1
51 21 1039 1
102 104 159 1
104 102 159 1
28 36 321 1
36 28 321 1
38 79 739 1
79 38 739 1
91 101 197 1
101 91 197 1
36 41 570 1
41 36 570 1
88 98 408 1
98 88 408 1
56 80 431 1
80 56 431 1
59 107 1064 1
107 59 1064 1
11 13 168 1
13 11 168 1
16 36 349 1
36 16 349 1
31 71 265 1
71 31 265 1
21 38 458 1
38 21 458 1
64 65 897 1
65 64 897 1
1 79 428 1
79 1 428 1
54 79 860 1
79 54 860 1
56 78 391 1
78 56 391 1
103 107 239 1
107 103 239 1
16 76 379 1
76 16 379 1
29 86 839 1
86 29 839 1
82 86 143 1
86 82 143 1
9 19 928 1
19 9 928 1
29 37 304 1
37 29 304 1
24 31 318 1
31 24 318 1
25 30 292 1
30 25 292 1
38 72 305 1
72 38 305 1
39 54 618 1
54 39 618 1
67 104 923 1
104 67 923 1
72 75 453 1
75 72 453 1
17 76 648 1
76 17 648 1
28 76 345 1
76 28 345 1
34 67 275 1
67 34 275 1
79 81 136 1
81 79 136 1
36 81 848 1
81 36 848 1
38 73 580 1
73 38 580 1
43 51 245 1
51 43 245 1
84 98 455 1
98 84 455 1
38 41 513 1
41 38 513 1
41 72 550 1
72 41 550 1
34 66 268 1
66 34 268 1
90 101 719 1
101 90 719 1
2 8 554 1
8 2 554 1
20 31 387 1
31 20 387 1
33 105 952 1
105 33 952 1
17 36 828 1
36 17 828 1
23 89 1070 1
89 23 1070 1
51 67 436 1
67 51 436 1
19 68 313 1
68 19 313 1
43 110 298 1
110 43 298 1
31 83 561 1
83 31 561 1
77 110 393 1
110 77 393 1
59 104 1146 1
104 59 1146 1
4 91 1276 1
91 4 1276 1
10 13 1004 1
13 10 1004 1
20 38 349 1
38 20 349 1
8 23 562 1
23 8 562 1
73 78 740 1
78 73 740 1
37 40 562 1
40 37 562 1
21 96 648 1
96 21 648 1
92 100 157 1
100 92 157 1
0 84 624 1
84 0 624 1
36 79 738 1
79 36 738 1
77 86 724 1
86 77 724 1
13 14 902 1
14 13 902 1
48 58 400 1
58 48 400 1
8 19 957 1
19 8 957 1
19 103 1259 1
103 19 1259 1
29 63 531 1
63 29 531 1
59 105 1100 1
105 59 1100 1
6 91 1386 1
91 6 1386 1
15 83 194 1
83 15 194 1
33 34 394 1
34 33 394 1
49 50 585 1
50 49 585 1
28 74 188 1
74 28 188 1
81 82 1081 1
82 81 1081 1
18 98 1066 1
98 18 1066 1
36 75 517 1
75 36 517 1
7 9 490 1
9 7 490 1
66 103 1026 1
103 66 1026 1
78 79 878 1
79 78 878 1
12 107 1106 1
107 12 1106 1
36 54 228 1
54 36 228 1
19 97 912 1
97 19 912 1
29 38 680 1
38 29 680 1
38 74 265 1
74 38 265 1
63 77 536 1
77 63 536 1
76 79 567 1
79 76 567 1
95 106 414 1
106 95 414 1
48 51 548 1
51 48 548 1
36 70 395 1
70 36 395 1
17 40 824 1
40 17 824 1
93 114 346 1
114 93 346 1
16 77 611 1
77 16 611 1
42 55 629 1
55 42 629 1
63 76 747 1
76 63 747 1
2 22 228 1
22 2 228 1
34 64 445 1
64 34 445 1
72 79 733 1
79 72 733 1
6 103 1362 1
103 6 1362 1
2 114 1198 1
114 2 1198 1
12 22 481 1
22 12 481 1
18 19 147 1
19 18 147 1
58 104 1061 1
104 58 1061 1
91 98 616 1
98 91 616 1
11 83 383 1
83 11 383 1
20 40 225 1
40 20 225 1
24 71 494 1
71 24 494 1
18 62 706 1
62 18 706 1
68 92 1202 1
92 68 1202 1
19 101 1295 1
101 19 1295 1
37 63 543 1
63 37 543 1
49 111 530 1
111 49 530 1
66 67 177 1
67 66 177 1
68 69 164 1
69 68 164 1
98 99 479 1
99 98 479 1
11 17 224 1
17 11 224 1
17 80 1070 1
80 17 1070 1
34 102 761 1
102 34 761 1
59 102 1214 1
102 59 1214 1
78 110 569 1
110 78 569 1
4 22 457 1
22 4 457 1
19 93 1252 1
93 19 1252 1
77 79 329 1
79 77 329 1
28 73 629 1
73 28 629 1
32 34 327 1
34 32 327 1
42 111 258 1
111 42 258 1
83 84 1154 1
84 83 1154 1
33 67 474 1
67 33 474 1
69 97 875 1
97 69 875 1
96 110 214 1
110 96 214 1
8 13 868 1
13 8 868 1
25 39 702 1
39 25 702 1
25 55 952 1
55 25 952 1
37 70 546 1
70 37 546 1
56 98 821 1
98 56 821 1
76 78 312 1
78 76 312 1
51 59 486 1
59 51 486 1
21 54 704 1
54 21 704 1
57 68 520 1
68 57 520 1
71 77 297 1
77 71 297 1
62 72 566 1
72 62 566 1
69 107 1110 1
107 69 1110 1
72 78 300 1
78 72 300 1
1 11 394 1
11 1 394 1
42 48 243 1
48 42 243 1
62 102 862 1
102 62 862 1
76 110 394 1
110 76 394 1
3 13 410 1
13 3 410 1
34 104 710 1
104 34 710 1
36 39 517 1
39 36 517 1
90 98 163 1
98 90 163 1
91 97 336 1
97 91 336 1
93 97 371 1
97 93 371 1
102 107 560 1
107 102 560 1
0 62 386 1
62 0 386 1
4 19 922 1
19 4 922 1
4 114 1058 1
114 4 1058 1
38 76 305 1
76 38 305 1
46 87 1047 1
87 46 1047 1
1 56 851 1
56 1 851 1
11 84 1188 1
84 11 1188 1
41 73 204 1
73 41 204 1
51 65 287 1
65 51 287 1
73 110 637 1
110 73 637 1
33 35 375 1
35 33 375 1
25 96 984 1
96 25 984 1
3 15 589 1
15 3 589 1
9 92 1428 1
92 9 1428 1
40 77 472 1
77 40 472 1
70 72 158 1
72 70 158 1
88 109 538 1
109 88 538 1
16 74 335 1
74 16 335 1
56 76 519 1
76 56 519 1
22 24 386 1
24 22 386 1
23 27 506 1
27 23 506 1
29 82 824 1
82 29 824 1
45 47 345 1
47 45 345 1
51 66 580 1
66 51 580 1
57 81 488 1
81 57 488 1
30 40 513 1
40 30 513 1
45 110 453 1
110 45 453 1
60 107 1124 1
107 60 1124 1
0 88 782 1
88 0 782 1
2 112 1277 1
112 2 1277 1
16 60 498 1
60 16 498 1
30 33 526 1
33 30 526 1
39 46 678 1
46 39 678 1
39 110 466 1
110 39 466 1
41 94 523 1
94 41 523 1
73 79 296 1
79 73 296 1
93 99 208 1
99 93 208 1
93 113 317 1
113 93 317 1
28 86 383 1
86 28 383 1
7 93 1261 1
93 7 1261 1
19 95 883 1
95 19 883 1
76 86 587 1
86 76 587 1
69 103 1214 1
103 69 1214 1
80 86 567 1
86 80 567 1
3 67 879 1
67 3 879 1
69 92 1197 1
92 69 1197 1
69 101 1234 1
101 69 1234 1
39 43 659 1
43 39 659 1
60 64 187 1
64 60 187 1
0 19 488 1
19 0 488 1
1 98 1107 1
98 1 1107 1
58 107 1147 1
107 58 1147 1
92 101 634 1
101 92 634 1
95 97 97 1
97 95 97 1
108 109 87 1
109 108 87 1
37 79 267 1
79 37 267 1
63 73 569 1
73 63 569 1
39 87 370 1
87 39 370 1
55 110 380 1
110 55 380 1
85 88 1097 1
88 85 1097 1
83 91 835 1
91 83 835 1
29 87 356 1
87 29 356 1
37 74 520 1
74 37 520 1
56 99 1051 1
99 56 1051 1
90 103 653 1
103 90 653 1
0 68 414 1
68 0 414 1
28 31 545 1
31 28 545 1
38 55 598 1
55 38 598 1
83 93 883 1
93 83 883 1
3 27 634 1
27 3 634 1
29 54 871 1
54 29 871 1
92 97 585 1
97 92 585 1
17 56 1024 1
56 17 1024 1
69 95 876 1
95 69 876 1
85 87 616 1
87 85 616 1
28 41 661 1
41 28 661 1
29 62 1067 1
62 29 1067 1
87 96 843 1
96 87 843 1
0 56 174 1
56 0 174 1
7 13 237 1
13 7 237 1
19 107 1100 1
107 19 1100 1
47 49 380 1
49 47 380 1
67 94 677 1
94 67 677 1
21 36 510 1
36 21 510 1
33 40 654 1
40 33 654 1
71 110 676 1
110 71 676 1
57 109 768 1
109 57 768 1
24 45 1393 1
45 24 1393 1
37 78 740 1
78 37 740 1
69 91 1081 1
91 69 1081 1
74 80 415 1
80 74 415 1
91 113 366 1
113 91 366 1
0 92 1123 1
92 0 1123 1
11 65 770 1
65 11 770 1
25 51 1371 1
51 25 1371 1
84 109 579 1
109 84 579 1
42 96 429 1
96 42 429 1
47 111 188 1
111 47 188 1
1 57 172 1
57 1 172 1
24 67 1223 1
67 24 1223 1
33 64 737 1
64 33 737 1
59 103 1115 1
103 59 1115 1
105 115 176 1
115 105 176 1
109 115 211 1
115 109 211 1
1 63 334 1
63 1 334 1
8 93 1382 1
93 8 1382 1
54 72 501 1
72 54 501 1
63 75 591 1
75 63 591 1
74 81 792 1
81 74 792 1
11 61 675 1
61 11 675 1
19 106 1134 1
106 19 1134 1
28 38 358 1
38 28 358 1
29 31 454 1
31 29 454 1
82 97 814 1
97 82 814 1
4 101 1261 1
101 4 1261 1
114 115 96 1
115 114 96 1
88 115 538 1
115 88 538 1
5 24 252 1
24 5 252 1
17 61 534 1
61 17 534 1
17 77 417 1
77 17 417 1
25 37 745 1
37 25 745 1
52 54 402 1
54 52 402 1
8 60 1121 1
60 8 1121 1
29 78 851 1
78 29 851 1
72 86 399 1
86 72 399 1
73 80 850 1
80 73 850 1
17 38 824 1
38 17 824 1
45 46 448 1
46 45 448 1
66 105 960 1
105 66 960 1
92 102 211 1
102 92 211 1
94 103 496 1
103 94 496 1
15 22 650 1
22 15 650 1
17 86 1035 1
86 17 1035 1
20 54 606 1
54 20 606 1
23 93 1407 1
93 23 1407 1
32 59 581 1
59 32 581 1
60 89 1195 1
89 60 1195 1
69 115 1010 1
115 69 1010 1
1 77 531 1
77 1 531 1
6 14 476 1
14 6 476 1
11 28 875 1
28 11 875 1
19 83 893 1
83 19 893 1
5 89 870 1
89 5 870 1
9 98 1256 1
98 9 1256 1
25 38 749 1
38 25 749 1
37 87 433 1
87 37 433 1
22 26 505 1
26 22 505 1
25 43 1261 1
43 25 1261 1
30 38 642 1
38 30 642 1
36 87 808 1
87 36 808 1
47 98 442 1
98 47 442 1
50 67 562 1
67 50 562 1
97 106 471 1
106 97 471 1
39 47 551 1
47 39 551 1
56 73 886 1
73 56 886 1
104 106 195 1
106 104 195 1
1 52 1206 1
52 1 1206 1
1 61 385 1
61 1 385 1
8 15 741 1
15 8 741 1
8 89 1179 1
89 8 1179 1
44 59 517 1
59 44 517 1
54 88 224 1
88 54 224 1
71 75 163 1
75 71 163 1
6 60 799 1
60 6 799 1
62 85 1177 1
85 62 1177 1
5 6 733 1
6 5 733 1
14 89 1093 1
89 14 1093 1
30 70 259 1
70 30 259 1
54 74 471 1
74 54 471 1
92 113 313 1
113 92 313 1
99 109 321 1
109 99 321 1
3 22 347 1
22 3 347 1
17 75 351 1
75 17 351 1
4 92 1237 1
92 4 1237 1
8 92 1269 1
92 8 1269 1
18 60 647 1
60 18 647 1
36 71 552 1
71 36 552 1
49 59 382 1
59 49 382 1
11 88 1176 1
88 11 1176 1
17 73 298 1
73 17 298 1
22 89 1126 1
89 22 1126 1
28 77 540 1
77 28 540 1
28 79 847 1
79 28 847 1
44 55 743 1
55 44 743 1
6 13 864 1
13 6 864 1
10 114 995 1
114 10 995 1
15 18 910 1
18 15 910 1
54 76 415 1
76 54 415 1
83 97 654 1
97 83 654 1
92 98 220 1
98 92 220 1
94 106 271 1
106 94 271 1
28 84 456 1
84 28 456 1
60 63 1021 1
63 60 1021 1
71 73 163 1
73 71 163 1
86 95 706 1
95 86 706 1
108 115 135 1
115 108 135 1
6 23 465 1
23 6 465 1
10 22 580 1
22 10 580 1
20 110 682 1
110 20 682 1
23 26 522 1
26 23 522 1
46 111 189 1
111 46 189 1
62 80 268 1
80 62 268 1
80 85 1121 1
85 80 1121 1
80 95 719 1
95 80 719 1
37 110 431 1
110 37 431 1
41 74 484 1
74 41 484 1
50 59 774 1
59 50 774 1
58 63 892 1
63 58 892 1
75 87 423 1
87 75 423 1
93 112 343 1
112 93 343 1
0 17 982 1
17 0 982 1
1 16 963 1
16 1 963 1
10 69 865 1
69 10 865 1
23 90 1391 1
90 23 1391 1
40 75 477 1
75 40 477 1
68 97 933 1
97 68 933 1
2 5 685 1
5 2 685 1
37 71 401 1
71 37 401 1
55 115 361 1
115 55 361 1
59 67 245 1
67 59 245 1
6 107 1177 1
107 6 1177 1
9 53 1347 1
53 9 1347 1
37 75 239 1
75 37 239 1
45 59 413 1
59 45 413 1
81 109 623 1
109 81 623 1
83 101 854 1
101 83 854 1
106 114 322 1
114 106 322 1
0 99 1111 1
99 0 1111 1
4 24 144 1
24 4 144 1
26 71 422 1
71 26 422 1
36 63 945 1
63 36 945 1
36 110 412 1
110 36 412 1
38 75 499 1
75 38 499 1
48 111 498 1
111 48 498 1
80 82 469 1
82 80 469 1
37 41 217 1
41 37 217 1
45 48 304 1
48 45 304 1
95 103 393 1
103 95 393 1
101 113 350 1
113 101 350 1
11 85 574 1
85 11 574 1
46 110 220 1
110 46 220 1
7 12 856 1
12 7 856 1
27 110 890 1
110 27 890 1
35 110 305 1
110 35 305 1
47 99 231 1
99 47 231 1
91 114 389 1
114 91 389 1
1 76 689 1
76 1 689 1
8 97 1051 1
97 8 1051 1
104 112 332 1
112 104 332 1
5 114 1065 1
114 5 1065 1
6 90 1185 1
90 6 1185 1
19 33 238 1
33 19 238 1
74 87 714 1
87 74 714 1
4 83 726 1
83 4 726 1
12 67 1065 1
67 12 1065 1
40 54 405 1
54 40 405 1
51 58 753 1
58 51 753 1
12 24 517 1
24 12 517 1
17 65 592 1
65 17 592 1
23 101 1406 1
101 23 1406 1
63 70 849 1
70 63 849 1
78 99 844 1
99 78 844 1
94 112 366 1
112 94 366 1
97 99 180 1
99 97 180 1
100 113 356 1
113 100 356 1
7 90 1390 1
90 7 1390 1
36 56 615 1
56 36 615 1
48 50 202 1
50 48 202 1
105 109 371 1
109 105 371 1
12 89 1220 1
89 12 1220 1
20 51 1095 1
51 20 1095 1
103 114 282 1
114 103 282 1
45 50 474 1
50 45 474 1
59 61 271 1
61 59 271 1
5 91 1178 1
91 5 1178 1
22 35 922 1
35 22 922 1
83 92 1187 1
92 83 1187 1
91 95 424 1
95 91 424 1
9 103 1158 1
103 9 1158 1
16 81 1063 1
81 16 1063 1
20 36 396 1
36 20 396 1
22 27 524 1
27 22 524 1
24 38 730 1
38 24 730 1
63 79 303 1
79 63 303 1
73 81 406 1
81 73 406 1
102 113 317 1
113 102 317 1
17 64 1130 1
64 17 1130 1
20 39 459 1
39 20 459 1
29 56 983 1
56 29 983 1
46 48 368 1
48 46 368 1
54 81 951 1
81 54 951 1
69 93 1169 1
93 69 1169 1
99 108 310 1
108 99 310 1
100 114 352 1
114 100 352 1
14 60 967 1
60 14 967 1
17 74 721 1
74 17 721 1
29 30 533 1
30 29 533 1
62 87 1274 1
87 62 1274 1
76 80 424 1
80 76 424 1
109 114 278 1
114 109 278 1
1 68 549 1
68 1 549 1
4 69 1158 1
69 4 1158 1
10 19 724 1
19 10 724 1
32 58 511 1
58 32 511 1
38 87 730 1
87 38 730 1
2 10 438 1
10 2 438 1
6 10 299 1
10 6 299 1
6 83 986 1
83 6 986 1
9 69 1181 1
69 9 1181 1
10 53 1310 1
53 10 1310 1
16 110 683 1
110 16 683 1
24 39 767 1
39 24 767 1
69 90 1119 1
90 69 1119 1
4 90 1167 1
90 4 1167 1
23 97 1057 1
97 23 1057 1
39 41 161 1
41 39 161 1
53 113 487 1
113 53 487 1
21 49 1063 1
49 21 1063 1
81 86 1091 1
86 81 1091 1
8 9 638 1
9 8 638 1
14 15 772 1
15 14 772 1
16 37 809 1
37 16 809 1
20 26 232 1
26 20 232 1
32 104 940 1
104 32 940 1
37 96 506 1
96 37 506 1
65 67 361 1
67 65 361 1
1 18 493 1
18 1 493 1
23 69 907 1
69 23 907 1
24 27 252 1
27 24 252 1
26 93 1144 1
93 26 1144 1
34 65 549 1
65 34 549 1
44 67 332 1
67 44 332 1
74 79 666 1
79 74 666 1
4 7 733 1
7 4 733 1
30 75 454 1
75 30 454 1
67 69 345 1
69 67 345 1
10 93 1289 1
93 10 1289 1
17 98 995 1
98 17 995 1
33 104 965 1
104 33 965 1
11 81 403 1
81 11 403 1
15 88 1097 1
88 15 1097 1
17 37 368 1
37 17 368 1
17 84 1128 1
84 17 1128 1
58 61 717 1
61 58 717 1
63 102 1192 1
102 63 1192 1
21 46 873 1
46 21 873 1
39 42 762 1
42 39 762 1
42 115 508 1
115 42 508 1
52 87 1253 1
87 52 1253 1
80 99 917 1
99 80 917 1
6 24 555 1
24 6 555 1
13 16 1048 1
16 13 1048 1
21 76 440 1
76 21 440 1
43 54 646 1
54 43 646 1
75 86 685 1
86 75 685 1
53 93 353 1
93 53 353 1
61 102 1213 1
102 61 1213 1
91 105 371 1
105 91 371 1
98 101 623 1
101 98 623 1
28 83 861 1
83 28 861 1
57 64 941 1
64 57 941 1
61 70 908 1
70 61 908 1
68 98 994 1
98 68 994 1
94 108 97 1
108 94 97 1
17 70 666 1
70 17 666 1
34 106 693 1
106 34 693 1
37 43 584 1
43 37 584 1
90 99 615 1
99 90 615 1
0 60 405 1
60 0 405 1
7 24 631 1
24 7 631 1
32 33 149 1
33 32 149 1
56 77 690 1
77 56 690 1
62 100 836 1
100 62 836 1
28 70 247 1
70 28 247 1
31 38 708 1
38 31 708 1
44 50 287 1
50 44 287 1
19 94 903 1
94 19 903 1
20 75 348 1
75 20 348 1
25 36 797 1
36 25 797 1
28 78 272 1
78 28 272 1
5 92 1324 1
92 5 1324 1
13 18 772 1
18 13 772 1
20 37 510 1
37 20 510 1
21 44 1047 1
44 21 1047 1
40 41 506 1
41 40 506 1
76 81 691 1
81 76 691 1
3 25 566 1
25 3 566 1
61 75 723 1
75 61 723 1
66 107 978 1
107 66 978 1
91 106 697 1
106 91 697 1
113 114 95 1
114 113 95 1
4 97 964 1
97 4 964 1
6 22 333 1
22 6 333 1
21 47 833 1
47 21 833 1
23 92 1466 1
92 23 1466 1
24 114 1125 1
114 24 1125 1
45 55 662 1
55 45 662 1
47 87 906 1
87 47 906 1
84 99 865 1
99 84 865 1
7 8 828 1
8 7 828 1
16 75 702 1
75 16 702 1
26 39 604 1
39 26 604 1
102 112 391 1
112 102 391 1
5 90 1279 1
90 5 1279 1
7 25 539 1
25 7 539 1
28 30 436 1
30 28 436 1
50 58 486 1
58 50 486 1
17 78 955 1
78 17 955 1
89 90 968 1
90 89 968 1
18 23 573 1
23 18 573 1
20 45 1046 1
45 20 1046 1
38 52 654 1
52 38 654 1
57 78 938 1
78 57 938 1
63 74 885 1
74 63 885 1
24 35 1010 1
35 24 1010 1
32 103 1045 1
103 32 1045 1
1 13 546 1
13 1 546 1
7 23 337 1
23 7 337 1
23 91 1352 1
91 23 1352 1
28 75 567 1
75 28 567 1
10 91 1269 1
91 10 1269 1
38 82 362 1
82 38 362 1
54 75 692 1
75 54 692 1
79 80 991 1
80 79 991 1
8 69 1192 1
69 8 1192 1
20 28 320 1
28 20 320 1
30 76 537 1
76 30 537 1
34 105 727 1
105 34 727 1
106 115 278 1
115 106 278 1
13 61 843 1
61 13 843 1
46 53 547 1
53 46 547 1
51 55 568 1
55 51 568 1
98 111 265 1
111 98 265 1
101 106 633 1
106 101 633 1
1 88 1198 1
88 1 1198 1
6 112 1257 1
112 6 1257 1
31 72 482 1
72 31 482 1
44 111 448 1
111 44 448 1
10 92 1051 1
92 10 1051 1
25 35 978 1
35 25 978 1
36 57 914 1
57 36 914 1
40 63 1007 1
63 40 1007 1
46 98 212 1
98 46 212 1
52 79 1040 1
79 52 1040 1
94 109 127 1
109 94 127 1
4 10 570 1
10 4 570 1
19 89 1004 1
89 19 1004 1
27 89 807 1
89 27 807 1
40 80 433 1
80 40 433 1
8 26 300 1
26 8 300 1
16 43 905 1
43 16 905 1
20 65 1049 1
65 20 1049 1
29 70 512 1
70 29 512 1
60 61 893 1
61 60 893 1
27 93 1095 1
93 27 1095 1
6 69 829 1
69 6 829 1
18 113 1181 1
113 18 1181 1
53 91 265 1
91 53 265 1
99 113 264 1
113 99 264 1
3 7 185 1
7 3 185 1
3 43 1099 1
43 3 1099 1
40 79 762 1
79 40 762 1
42 98 381 1
98 42 381 1
44 110 439 1
110 44 439 1
46 109 326 1
109 46 326 1
97 108 170 1
108 97 170 1
112 114 196 1
114 112 196 1
2 26 618 1
26 2 618 1
3 5 603 1
5 3 603 1
7 89 868 1
89 7 868 1
39 108 341 1
108 39 341 1
48 83 1266 1
83 48 1266 1
57 88 1185 1
88 57 1185 1
67 110 507 1
110 67 507 1
68 94 894 1
94 68 894 1
69 114 1057 1
114 69 1057 1
92 103 574 1
103 92 574 1
18 91 1236 1
91 18 1236 1
41 82 687 1
82 41 687 1
53 79 677 1
79 53 677 1
62 74 590 1
74 62 590 1
67 89 830 1
89 67 830 1
67 112 712 1
112 67 712 1
0 9 1111 1
9 0 1111 1
18 89 1085 1
89 18 1085 1
30 73 455 1
73 30 455 1
59 69 338 1
69 59 338 1
61 72 984 1
72 61 984 1
83 114 861 1
114 83 861 1
9 10 955 1
10 9 955 1
30 72 390 1
72 30 390 1
57 97 767 1
97 57 767 1
82 84 544 1
84 82 544 1
83 88 1071 1
88 83 1071 1
108 111 286 1
111 108 286 1
39 79 371 1
79 39 371 1
42 87 1132 1
87 42 1132 1
88 92 521 1
92 88 521 1
96 100 371 1
100 96 371 1
0 63 1010 1
63 0 1010 1
10 60 650 1
60 10 650 1
10 97 936 1
97 10 936 1
14 69 1104 1
69 14 1104 1
31 48 1244 1
48 31 1244 1
36 52 586 1
52 36 586 1
66 91 902 1
91 66 902 1
77 78 550 1
78 77 550 1
90 102 246 1
102 90 246 1
97 101 398 1
101 97 398 1
0 93 1314 1
93 0 1314 1
14 97 909 1
97 14 909 1
51 54 884 1
54 51 884 1
83 108 716 1
108 83 716 1
98 115 287 1
115 98 287 1
11 22 654 1
22 11 654 1
30 77 559 1
77 30 559 1
59 90 1104 1
90 59 1104 1
80 111 747 1
111 80 747 1
92 106 400 1
106 92 400 1
106 112 479 1
112 106 479 1
0 57 825 1
57 0 825 1
16 70 409 1
70 16 409 1
30 61 1024 1
61 30 1024 1
40 65 1065 1
65 40 1065 1
53 99 316 1
99 53 316 1
56 87 1244 1
87 56 1244 1
61 73 720 1
73 61 720 1
87 100 1075 1
100 87 1075 1
18 100 1277 1
100 18 1277 1
54 65 986 1
65 54 986 1
63 81 293 1
81 63 293 1
91 102 669 1
102 91 669 1
26 96 811 1
96 26 811 1
43 79 634 1
79 43 634 1
51 104 868 1
104 51 868 1
54 96 167 1
96 54 167 1
68 93 1248 1
93 68 1248 1
75 79 318 1
79 75 318 1
91 108 473 1
108 91 473 1
2 13 744 1
13 2 744 1
91 111 390 1
111 91 390 1
94 105 354 1
105 94 354 1
2 105 1253 1
105 2 1253 1
18 101 1348 1
101 18 1348 1
58 105 1107 1
105 58 1107 1
82 109 693 1
109 82 693 1
95 104 381 1
104 95 381 1
101 114 359 1
114 101 359 1
3 12 737 1
12 3 737 1
19 98 1076 1
98 19 1076 1
20 43 937 1
43 20 937 1
33 112 908 1
112 33 908 1
46 54 354 1
54 46 354 1
7 53 1223 1
53 7 1223 1
21 26 271 1
26 21 271 1
23 83 710 1
83 23 710 1
25 67 1191 1
67 25 1191 1
27 78 793 1
78 27 793 1
38 77 447 1
77 38 447 1
108 112 335 1
112 108 335 1
20 34 683 1
34 20 683 1
49 55 664 1
55 49 664 1
61 74 932 1
74 61 932 1
62 84 326 1
84 62 326 1
67 107 894 1
107 67 894 1
84 92 597 1
92 84 597 1
106 113 395 1
113 106 395 1
4 106 861 1
106 4 861 1
6 19 593 1
19 6 593 1
16 86 543 1
86 16 543 1
31 33 517 1
33 31 517 1
31 76 584 1
76 31 584 1
1 65 536 1
65 1 536 1
3 110 994 1
110 3 994 1
9 18 946 1
18 9 946 1
10 11 986 1
11 10 986 1
27 39 536 1
39 27 536 1
33 107 867 1
107 33 867 1
41 108 476 1
108 41 476 1
47 79 596 1
79 47 596 1
56 74 591 1
74 56 591 1
60 62 241 1
62 60 241 1
60 102 963 1
102 60 963 1
85 99 448 1
99 85 448 1
111 113 191 1
113 111 191 1
46 79 801 1
79 46 801 1
62 92 837 1
92 62 837 1
65 79 512 1
79 65 512 1
91 104 542 1
104 91 542 1
96 98 184 1
98 96 184 1
102 106 217 1
106 102 217 1
2 93 1417 1
93 2 1417 1
17 88 1113 1
88 17 1113 1
23 85 1053 1
85 23 1053 1
62 83 1241 1
83 62 1241 1
74 78 322 1
78 74 322 1
95 105 309 1
105 95 309 1
2 45 1193 1
45 2 1193 1
28 95 668 1
95 28 668 1
82 87 849 1
87 82 849 1
94 101 576 1
101 94 576 1
106 107 486 1
107 106 486 1
0 86 874 1
86 0 874 1
1 75 562 1
75 1 562 1
18 69 392 1
69 18 392 1
22 85 1113 1
85 22 1113 1
31 73 397 1
73 31 397 1
41 62 1018 1
62 41 1018 1
42 51 463 1
51 42 463 1
50 65 837 1
65 50 837 1
57 99 846 1
99 57 846 1
69 109 801 1
109 69 801 1
7 101 1268 1
101 7 1268 1
11 98 1130 1
98 11 1130 1
14 24 389 1
24 14 389 1
38 70 414 1
70 38 414 1
54 115 339 1
115 54 339 1
55 99 216 1
99 55 216 1
56 81 1090 1
81 56 1090 1
61 79 487 1
79 61 487 1
0 8 829 1
8 0 829 1
3 26 678 1
26 3 678 1
33 103 1025 1
103 33 1025 1
68 88 1023 1
88 68 1023 1
87 98 1003 1
98 87 1003 1
15 23 561 1
23 15 561 1
36 86 441 1
86 36 441 1
55 79 394 1
79 55 394 1
2 67 952 1
67 2 952 1
6 114 1174 1
114 6 1174 1
30 44 1163 1
44 30 1163 1
38 78 371 1
78 38 371 1
60 101 1230 1
101 60 1230 1
87 88 1035 1
88 87 1035 1
96 108 167 1
108 96 167 1
5 68 1146 1
68 5 1146 1
21 52 1052 1
52 21 1052 1
23 105 1262 1
105 23 1262 1
32 51 807 1
51 32 807 1
46 84 530 1
84 46 530 1
52 80 618 1
80 52 618 1
1 73 531 1
73 1 531 1
1 84 1139 1
84 1 1139 1
7 59 970 1
59 7 970 1
20 76 380 1
76 20 380 1
26 89 900 1
89 26 900 1
52 58 705 1
58 52 705 1
5 7 538 1
7 5 538 1
25 44 1369 1
44 25 1369 1
25 47 1189 1
47 25 1189 1
36 62 525 1
62 36 525 1
39 52 892 1
52 39 892 1
45 104 837 1
104 45 837 1
62 86 828 1
86 62 828 1
6 89 1224 1
89 6 1224 1
8 83 868 1
83 8 868 1
16 57 981 1
57 16 981 1
31 40 592 1
40 31 592 1
48 53 654 1
53 48 654 1
52 63 1131 1
63 52 1131 1
64 93 1076 1
93 64 1076 1
15 61 998 1
61 15 998 1
25 49 1387 1
49 25 1387 1
27 96 825 1
96 27 825 1
54 85 906 1
85 54 906 1
58 103 1188 1
103 58 1188 1
96 99 428 1
99 96 428 1
2 49 1238 1
49 2 1238 1
20 35 677 1
35 20 677 1
24 51 1429 1
51 24 1429 1
29 41 234 1
41 29 234 1
39 71 417 1
71 39 417 1
60 93 1168 1
93 60 1168 1
73 86 744 1
86 73 744 1
31 32 596 1
32 31 596 1
40 70 311 1
70 40 311 1
41 75 187 1
75 41 187 1
62 90 707 1
90 62 707 1
103 112 375 1
112 103 375 1
1 36 918 1
36 1 918 1
3 45 1118 1
45 3 1118 1
9 97 970 1
97 9 970 1
40 61 1067 1
61 40 1067 1
43 48 391 1
48 43 391 1
54 73 776 1
73 54 776 1
64 113 831 1
113 64 831 1
19 109 838 1
109 19 838 1
27 99 955 1
99 27 955 1
28 63 1049 1
63 28 1049 1
38 57 968 1
57 38 968 1
79 110 592 1
110 79 592 1
4 103 1174 1
103 4 1174 1
13 53 1148 1
53 13 1148 1
27 71 367 1
71 27 367 1
52 73 1055 1
73 52 1055 1
86 98 757 1
98 86 757 1
2 89 1170 1
89 2 1170 1
9 111 1239 1
111 9 1239 1
11 46 1081 1
46 11 1081 1
34 71 603 1
71 34 603 1
46 51 585 1
51 46 585 1
3 90 1350 1
90 3 1350 1
27 37 597 1
37 27 597 1
28 62 527 1
62 28 527 1
40 82 231 1
82 40 231 1
47 56 905 1
56 47 905 1
57 98 1043 1
98 57 1043 1
61 77 605 1
77 61 605 1
77 87 602 1
87 77 602 1
5 101 1174 1
101 5 1174 1
9 48 1507 1
48 9 1507 1
31 55 879 1
55 31 879 1
70 79 638 1
79 70 638 1
54 57 1038 1
57 54 1038 1
58 70 871 1
70 58 871 1
91 112 368 1
112 91 368 1
93 106 650 1
106 93 650 1
96 115 214 1
115 96 214 1
32 72 471 1
72 32 471 1
66 108 706 1
108 66 706 1
18 68 315 1
68 18 315 1
30 45 1169 1
45 30 1169 1
31 108 842 1
108 31 842 1
43 73 792 1
73 43 792 1
49 67 315 1
67 49 315 1
81 83 446 1
83 81 446 1
2 107 1169 1
107 2 1169 1
3 47 1091 1
47 3 1091 1
8 90 1188 1
90 8 1188 1
26 110 904 1
110 26 904 1
33 106 906 1
106 33 906 1
43 111 293 1
111 43 293 1
52 56 797 1
56 52 797 1
53 92 739 1
92 53 739 1
67 106 941 1
106 67 941 1
72 87 771 1
87 72 771 1
9 15 219 1
15 9 219 1
29 95 532 1
95 29 532 1
3 19 382 1
19 3 382 1
5 19 902 1
19 5 902 1
10 82 401 1
82 10 401 1
18 94 904 1
94 18 904 1
31 44 1185 1
44 31 1185 1
41 83 252 1
83 41 252 1
92 114 349 1
114 92 349 1
95 115 205 1
115 95 205 1
100 103 576 1
103 100 576 1
108 110 194 1
110 108 194 1
12 69 975 1
69 12 975 1
13 22 606 1
22 13 606 1
21 27 209 1
27 21 209 1
37 62 953 1
62 37 953 1
39 94 407 1
94 39 407 1
59 60 718 1
60 59 718 1
65 106 1085 1
106 65 1085 1
66 94 692 1
94 66 692 1
81 95 542 1
95 81 542 1
10 107 1065 1
107 10 1065 1
21 40 380 1
40 21 380 1
21 73 247 1
73 21 247 1
32 70 418 1
70 32 418 1
35 45 385 1
45 35 385 1
45 112 552 1
112 45 552 1
84 86 610 1
86 84 610 1
104 115 184 1
115 104 184 1
5 35 974 1
35 5 974 1
8 107 1063 1
107 8 1063 1
9 82 826 1
82 9 826 1
23 94 1022 1
94 23 1022 1
27 87 439 1
87 27 439 1
37 55 221 1
55 37 221 1
54 63 1046 1
63 54 1046 1
57 80 1050 1
80 57 1050 1
9 113 1235 1
113 9 1235 1
14 82 179 1
82 14 179 1
22 65 1204 1
65 22 1204 1
46 113 335 1
113 46 335 1
81 88 1121 1
88 81 1121 1
97 114 263 1
114 97 263 1
108 114 218 1
114 108 218 1
20 46 831 1
46 20 831 1
22 67 1070 1
67 22 1070 1
35 65 453 1
65 35 453 1
41 80 868 1
80 41 868 1
44 96 580 1
96 44 580 1
57 84 1116 1
84 57 1116 1
63 86 1250 1
86 63 1250 1
83 85 549 1
85 83 549 1
89 101 462 1
101 89 462 1
103 111 432 1
111 103 432 1
105 112 319 1
112 105 319 1
7 91 1186 1
91 7 1186 1
23 99 1227 1
99 23 1227 1
23 107 1121 1
107 23 1121 1
27 68 1083 1
68 27 1083 1
47 113 338 1
113 47 338 1
52 111 398 1
111 52 398 1
71 72 402 1
72 71 402 1
87 115 746 1
115 87 746 1
89 107 337 1
107 89 337 1
93 94 560 1
94 93 560 1
7 60 1133 1
60 7 1133 1
16 62 313 1
62 16 313 1
17 60 1082 1
60 17 1082 1
17 62 1129 1
62 17 1129 1
51 110 520 1
110 51 520 1
90 106 378 1
106 90 378 1
93 104 478 1
104 93 478 1
96 109 176 1
109 96 176 1
17 54 969 1
54 17 969 1
24 89 1045 1
89 24 1045 1
26 97 829 1
97 26 829 1
26 114 936 1
114 26 936 1
35 68 531 1
68 35 531 1
37 58 957 1
58 37 957 1
58 62 503 1
62 58 503 1
6 97 1055 1
97 6 1055 1
18 41 854 1
41 18 854 1
25 87 575 1
87 25 575 1
41 92 949 1
92 41 949 1
49 107 859 1
107 49 859 1
91 94 561 1
94 91 561 1
10 17 1029 1
17 10 1029 1
24 34 1021 1
34 24 1021 1
30 51 1224 1
51 30 1224 1
35 50 559 1
50 35 559 1
38 96 284 1
96 38 284 1
58 75 949 1
75 58 949 1
83 103 815 1
103 83 815 1
3 14 804 1
14 3 804 1
10 23 699 1
23 10 699 1
16 47 880 1
47 16 880 1
21 87 397 1
87 21 397 1
30 34 790 1
34 30 790 1
58 100 1047 1
100 58 1047 1
2 103 1363 1
103 2 1363 1
7 15 461 1
15 7 461 1
8 91 1373 1
91 8 1373 1
41 78 770 1
78 41 770 1
49 58 594 1
58 49 594 1
83 100 1134 1
100 83 1134 1
84 100 555 1
100 84 555 1
17 82 1011 1
82 17 1011 1
21 108 562 1
108 21 562 1
31 70 334 1
70 31 334 1
38 80 426 1
80 38 426 1
39 40 508 1
40 39 508 1
55 98 606 1
98 55 606 1
94 113 328 1
113 94 328 1
7 31 345 1
31 7 345 1
11 18 691 1
18 11 691 1
15 92 1292 1
92 15 1292 1
22 114 1232 1
114 22 1232 1
48 54 669 1
54 48 669 1
69 83 1050 1
83 69 1050 1
94 95 213 1
95 94 213 1
103 108 420 1
108 103 420 1
7 92 1445 1
92 7 1445 1
15 84 1175 1
84 15 1175 1
55 71 621 1
71 55 621 1
80 87 1107 1
87 80 1107 1
95 101 458 1
101 95 458 1
1 15 757 1
15 1 757 1
20 55 690 1
55 20 690 1
25 32 836 1
32 25 836 1
30 39 678 1
39 30 678 1
46 81 867 1
81 46 867 1
60 90 787 1
90 60 787 1
64 77 767 1
77 64 767 1
67 114 792 1
114 67 792 1
72 82 298 1
82 72 298 1
76 87 753 1
87 76 753 1
80 109 607 1
109 80 607 1
84 87 1148 1
87 84 1148 1
3 92 1420 1
92 3 1420 1
21 75 222 1
75 21 222 1
24 110 1066 1
110 24 1066 1
30 54 873 1
54 30 873 1
31 81 775 1
81 31 775 1
37 61 677 1
61 37 677 1
40 78 376 1
78 40 376 1
70 110 664 1
110 70 664 1
82 111 920 1
111 82 920 1
83 95 609 1
95 83 609 1
85 98 861 1
98 85 861 1
100 112 410 1
112 100 410 1
7 49 1147 1
49 7 1147 1
28 61 1076 1
61 28 1076 1
31 39 657 1
39 31 657 1
44 58 416 1
58 44 416 1
54 77 571 1
77 54 571 1
61 62 1047 1
62 61 1047 1
78 111 693 1
111 78 693 1
82 88 444 1
88 82 444 1
88 106 334 1
106 88 334 1
94 115 181 1
115 94 181 1
101 104 464 1
104 101 464 1
3 8 773 1
8 3 773 1
12 35 895 1
35 12 895 1
21 79 530 1
79 21 530 1
28 37 709 1
37 28 709 1
30 81 847 1
81 30 847 1
31 41 528 1
41 31 528 1
38 108 316 1
108 38 316 1
39 78 740 1
78 39 740 1
43 87 1011 1
87 43 1011 1
50 104 729 1
104 50 729 1
64 106 847 1
106 64 847 1
68 91 1170 1
91 68 1170 1
102 105 355 1
105 102 355 1
1 62 1027 1
62 1 1027 1
2 9 760 1
9 2 760 1
2 30 317 1
30 2 317 1
3 60 1005 1
60 3 1005 1
5 87 460 1
87 5 460 1
