116 2668
42 43 239 1
43 42 239 1
42 46 173 1
46 42 173 1
80 81 1113 1
81 80 1113 1
56 57 840 1
57 56 840 1
19 69 323 1
69 19 323 1
105 114 152 1
114 105 152 1
29 72 629 1
72 29 629 1
43 47 146 1
47 43 146 1
44 45 194 1
45 44 194 1
11 13 168 1
13 11 168 1
28 29 741 1
29 28 741 1
28 72 116 1
72 28 116 1
68 69 164 1
69 68 164 1
42 47 281 1
47 42 281 1
43 46 341 1
46 43 341 1
35 67 262 1
67 35 262 1
29 79 257 1
79 29 257 1
46 47 309 1
47 46 309 1
84 85 1130 1
85 84 1130 1
45 49 111 1
49 45 111 1
61 63 238 1
63 61 238 1
44 47 404 1
47 44 404 1
41 74 484 1
74 41 484 1
44 49 304 1
49 44 304 1
43 49 240 1
49 43 240 1
12 13 959 1
13 12 959 1
46 49 541 1
49 46 541 1
94 105 354 1
105 94 354 1
14 15 772 1
15 14 772 1
35 69 473 1
69 35 473 1
42 49 396 1
49 42 396 1
98 99 479 1
99 98 479 1
5 27 165 1
27 5 165 1
10 12 181 1
12 10 181 1
69 114 1057 1
114 69 1057 1
72 79 733 1
79 72 733 1
47 49 380 1
49 47 380 1
51 59 486 1
59 51 486 1
25 27 193 1
27 25 193 1
48 51 548 1
51 48 548 1
2 6 165 1
6 2 165 1
79 81 136 1
81 79 136 1
12 14 278 1
14 12 278 1
46 55 584 1
55 46 584 1
62 63 1134 1
63 62 1134 1
100 102 87 1
102 100 87 1
8 9 638 1
9 8 638 1
45 47 345 1
47 45 345 1
60 62 241 1
62 60 241 1
42 53 475 1
53 42 475 1
72 74 76 1
74 72 76 1
16 17 998 1
17 16 998 1
29 41 234 1
41 29 234 1
97 99 180 1
99 97 180 1
28 41 661 1
41 28 661 1
99 105 287 1
105 99 287 1
1 57 172 1
57 1 172 1
19 68 313 1
68 19 313 1
66 67 177 1
67 66 177 1
73 74 458 1
74 73 458 1
60 61 893 1
61 60 893 1
69 105 1158 1
105 69 1158 1
48 59 599 1
59 48 599 1
28 83 861 1
83 28 861 1
72 81 860 1
81 72 860 1
0 19 488 1
19 0 488 1
69 94 883 1
94 69 883 1
74 76 203 1
76 74 203 1
13 61 843 1
61 13 843 1
38 39 465 1
39 38 465 1
82 83 881 1
83 82 881 1
38 40 158 1
40 38 158 1
102 104 159 1
104 102 159 1
26 27 135 1
27 26 135 1
46 53 547 1
53 46 547 1
103 104 369 1
104 103 369 1
102 103 508 1
103 102 508 1
56 99 1051 1
99 56 1051 1
40 41 506 1
41 40 506 1
64 84 478 1
84 64 478 1
28 74 188 1
74 28 188 1
30 31 127 1
31 30 127 1
23 35 930 1
35 23 930 1
73 79 296 1
79 73 296 1
16 80 152 1
80 16 152 1
1 19 351 1
19 1 351 1
29 63 531 1
63 29 531 1
64 65 897 1
65 64 897 1
19 110 862 1
110 19 862 1
41 72 550 1
72 41 550 1
28 81 975 1
81 28 975 1
19 114 1115 1
114 19 1115 1
78 80 116 1
80 78 116 1
67 69 345 1
69 67 345 1
68 105 1200 1
105 68 1200 1
73 75 84 1
75 73 84 1
105 110 411 1
110 105 411 1
43 44 290 1
44 43 290 1
63 73 569 1
73 63 569 1
10 60 650 1
60 10 650 1
36 81 848 1
81 36 848 1
29 73 113 1
73 29 113 1
29 81 342 1
81 29 342 1
16 78 122 1
78 16 122 1
17 79 135 1
79 17 135 1
36 37 542 1
37 36 542 1
56 98 821 1
98 56 821 1
5 26 263 1
26 5 263 1
62 72 566 1
72 62 566 1
94 114 259 1
114 94 259 1
41 83 252 1
83 41 252 1
29 40 655 1
40 29 655 1
73 76 450 1
76 73 450 1
32 33 149 1
33 32 149 1
36 80 330 1
80 36 330 1
17 29 223 1
29 17 223 1
43 53 293 1
53 43 293 1
78 79 878 1
79 78 878 1
92 100 157 1
100 92 157 1
102 115 318 1
115 102 318 1
5 25 129 1
25 5 129 1
12 28 275 1
28 12 275 1
48 58 400 1
58 48 400 1
14 83 858 1
83 14 858 1
99 102 560 1
102 99 560 1
18 19 147 1
19 18 147 1
63 79 303 1
79 63 303 1
90 103 653 1
103 90 653 1
98 102 260 1
102 98 260 1
29 83 227 1
83 29 227 1
104 115 184 1
115 104 184 1
0 1 800 1
1 0 800 1
93 101 103 1
101 93 103 1
4 9 500 1
9 4 500 1
94 97 266 1
97 94 266 1
43 45 199 1
45 43 199 1
41 73 204 1
73 41 204 1
90 91 735 1
91 90 735 1
91 93 118 1
93 91 118 1
110 114 289 1
114 110 289 1
13 15 277 1
15 13 277 1
97 105 299 1
105 97 299 1
28 40 248 1
40 28 248 1
69 110 773 1
110 69 773 1
48 90 628 1
90 48 628 1
19 35 579 1
35 19 579 1
29 62 1067 1
62 29 1067 1
90 102 246 1
102 90 246 1
19 105 1190 1
105 19 1190 1
42 44 208 1
44 42 208 1
78 81 1002 1
81 78 1002 1
74 81 792 1
81 74 792 1
23 69 907 1
69 23 907 1
10 14 380 1
14 10 380 1
17 81 182 1
81 17 182 1
63 72 944 1
72 63 944 1
2 67 952 1
67 2 952 1
17 72 781 1
72 17 781 1
18 68 315 1
68 18 315 1
32 81 728 1
81 32 728 1
98 110 300 1
110 98 300 1
12 60 825 1
60 12 825 1
90 98 163 1
98 90 163 1
41 62 1018 1
62 41 1018 1
31 33 517 1
33 31 517 1
19 94 903 1
94 19 903 1
39 40 508 1
40 39 508 1
6 8 485 1
8 6 485 1
86 88 460 1
88 86 460 1
15 83 194 1
83 15 194 1
36 40 213 1
40 36 213 1
11 12 972 1
12 11 972 1
28 80 329 1
80 28 329 1
56 105 1117 1
105 56 1117 1
72 80 384 1
80 72 384 1
99 101 266 1
101 99 266 1
72 73 517 1
73 72 517 1
29 74 571 1
74 29 571 1
49 51 172 1
51 49 172 1
79 80 991 1
80 79 991 1
76 78 312 1
78 76 312 1
0 94 819 1
94 0 819 1
28 75 567 1
75 28 567 1
57 99 846 1
99 57 846 1
73 78 740 1
78 73 740 1
16 81 1063 1
81 16 1063 1
63 74 885 1
74 63 885 1
91 101 197 1
101 91 197 1
49 53 406 1
53 49 406 1
99 103 258 1
103 99 258 1
4 8 148 1
8 4 148 1
0 69 556 1
69 0 556 1
29 75 189 1
75 29 189 1
28 79 847 1
79 28 847 1
24 30 283 1
30 24 283 1
29 80 961 1
80 29 961 1
90 92 135 1
92 90 135 1
94 108 97 1
108 94 97 1
29 30 533 1
30 29 533 1
68 97 933 1
97 68 933 1
95 108 123 1
108 95 123 1
61 62 1047 1
62 61 1047 1
93 100 653 1
100 93 653 1
99 115 285 1
115 99 285 1
1 56 851 1
56 1 851 1
67 110 507 1
110 67 507 1
0 56 174 1
56 0 174 1
74 78 322 1
78 74 322 1
99 104 430 1
104 99 430 1
28 30 436 1
30 28 436 1
28 82 255 1
82 28 255 1
101 104 464 1
104 101 464 1
3 23 271 1
23 3 271 1
14 82 179 1
82 14 179 1
58 59 496 1
59 58 496 1
28 62 527 1
62 28 527 1
48 91 808 1
91 48 808 1
99 114 265 1
114 99 265 1
5 9 157 1
9 5 157 1
30 72 390 1
72 30 390 1
39 41 161 1
41 39 161 1
44 46 353 1
46 44 353 1
24 31 318 1
31 24 318 1
68 94 894 1
94 68 894 1
74 75 389 1
75 74 389 1
98 105 417 1
105 98 417 1
40 83 731 1
83 40 731 1
90 100 182 1
100 90 182 1
22 84 1027 1
84 22 1027 1
35 114 586 1
114 35 586 1
28 73 629 1
73 28 629 1
91 104 542 1
104 91 542 1
44 53 562 1
53 44 562 1
74 79 666 1
79 74 666 1
57 105 1066 1
105 57 1066 1
99 112 272 1
112 99 272 1
19 23 597 1
23 19 597 1
28 36 321 1
36 28 321 1
41 75 187 1
75 41 187 1
82 86 143 1
86 82 143 1
18 33 288 1
33 18 288 1
56 68 408 1
68 56 408 1
101 103 106 1
103 101 106 1
98 103 555 1
103 98 555 1
59 90 1104 1
90 59 1104 1
86 87 805 1
87 86 805 1
35 110 305 1
110 35 305 1
16 72 287 1
72 16 287 1
57 98 1043 1
98 57 1043 1
60 63 1021 1
63 60 1021 1
73 81 406 1
81 73 406 1
98 111 265 1
111 98 265 1
37 41 217 1
41 37 217 1
40 72 200 1
72 40 200 1
41 63 682 1
63 41 682 1
59 103 1115 1
103 59 1115 1
8 14 205 1
14 8 205 1
19 33 238 1
33 19 238 1
13 14 902 1
14 13 902 1
34 35 126 1
35 34 126 1
48 66 357 1
66 48 357 1
32 80 590 1
80 32 590 1
0 114 1065 1
114 0 1065 1
31 38 708 1
38 31 708 1
67 114 792 1
114 67 792 1
17 80 1070 1
80 17 1070 1
13 29 290 1
29 13 290 1
14 60 967 1
60 14 967 1
15 82 832 1
82 15 832 1
84 86 610 1
86 84 610 1
1 68 549 1
68 1 549 1
36 79 738 1
79 36 738 1
60 64 187 1
64 60 187 1
72 78 300 1
78 72 300 1
98 114 276 1
114 98 276 1
101 102 595 1
102 101 595 1
42 45 300 1
45 42 300 1
74 80 415 1
80 74 415 1
64 82 943 1
82 64 943 1
70 71 263 1
71 70 263 1
19 57 426 1
57 19 426 1
59 66 363 1
66 59 363 1
97 110 221 1
110 97 221 1
47 98 442 1
98 47 442 1
94 115 181 1
115 94 181 1
97 115 218 1
115 97 218 1
98 104 286 1
104 98 286 1
16 76 379 1
76 16 379 1
12 15 906 1
15 12 906 1
42 55 629 1
55 42 629 1
72 76 257 1
76 72 257 1
81 83 446 1
83 81 446 1
2 23 340 1
23 2 340 1
12 61 1246 1
61 12 1246 1
99 110 299 1
110 99 299 1
12 83 999 1
83 12 999 1
15 60 1288 1
60 15 1288 1
24 25 135 1
25 24 135 1
30 73 455 1
73 30 455 1
30 82 534 1
82 30 534 1
36 41 570 1
41 36 570 1
63 78 1033 1
78 63 1033 1
82 84 544 1
84 82 544 1
30 79 725 1
79 30 725 1
57 68 520 1
68 57 520 1
72 75 453 1
75 72 453 1
0 99 1111 1
99 0 1111 1
16 79 934 1
79 16 934 1
17 28 894 1
28 17 894 1
41 79 379 1
79 41 379 1
72 83 754 1
83 72 754 1
25 26 225 1
26 25 225 1
80 83 1100 1
83 80 1100 1
62 75 893 1
75 62 893 1
12 40 490 1
40 12 490 1
30 81 847 1
81 30 847 1
91 102 669 1
102 91 669 1
103 105 173 1
105 103 173 1
67 91 790 1
91 67 790 1
92 93 608 1
93 92 608 1
40 74 182 1
74 40 182 1
90 104 351 1
104 90 351 1
21 25 360 1
25 21 360 1
29 61 711 1
61 29 711 1
96 97 322 1
97 96 322 1
103 115 322 1
115 103 322 1
38 41 513 1
41 38 513 1
105 115 176 1
115 105 176 1
12 72 358 1
72 12 358 1
6 50 1151 1
50 6 1151 1
75 76 374 1
76 75 374 1
3 22 347 1
22 3 347 1
62 74 590 1
74 62 590 1
68 114 1093 1
114 68 1093 1
69 97 875 1
97 69 875 1
94 99 399 1
99 94 399 1
24 26 201 1
26 24 201 1
39 86 698 1
86 39 698 1
12 62 664 1
62 12 664 1
15 29 295 1
29 15 295 1
21 31 344 1
31 21 344 1
45 91 637 1
91 45 637 1
90 114 392 1
114 90 392 1
100 101 656 1
101 100 656 1
91 100 719 1
100 91 719 1
41 82 687 1
82 41 687 1
30 32 574 1
32 30 574 1
13 60 1245 1
60 13 1245 1
41 81 452 1
81 41 452 1
48 67 417 1
67 48 417 1
63 81 293 1
81 63 293 1
0 68 414 1
68 0 414 1
0 105 1170 1
105 0 1170 1
29 82 824 1
82 29 824 1
39 87 370 1
87 39 370 1
41 78 770 1
78 41 770 1
76 79 567 1
79 76 567 1
36 72 276 1
72 36 276 1
51 58 753 1
58 51 753 1
2 35 833 1
35 2 833 1
90 99 615 1
99 90 615 1
3 25 566 1
25 3 566 1
14 28 286 1
28 14 286 1
94 103 496 1
103 94 496 1
111 112 111 1
112 111 111 1
10 13 1004 1
13 10 1004 1
74 82 336 1
82 74 336 1
98 112 277 1
112 98 277 1
99 111 265 1
111 99 265 1
66 91 902 1
91 66 902 1
11 22 654 1
22 11 654 1
12 29 886 1
29 12 886 1
18 69 392 1
69 18 392 1
30 40 513 1
40 30 513 1
0 57 825 1
57 0 825 1
14 29 801 1
29 14 801 1
23 89 1070 1
89 23 1070 1
10 11 986 1
11 10 986 1
45 90 767 1
90 45 767 1
90 93 690 1
93 90 690 1
63 80 1146 1
80 63 1146 1
88 89 1035 1
89 88 1035 1
91 99 166 1
99 91 166 1
37 39 117 1
39 37 117 1
95 109 146 1
109 95 146 1
100 103 576 1
103 100 576 1
59 102 1214 1
102 59 1214 1
22 25 402 1
25 22 402 1
17 73 298 1
73 17 298 1
76 77 238 1
77 76 238 1
35 68 531 1
68 35 531 1
96 98 184 1
98 96 184 1
75 79 318 1
79 75 318 1
16 29 882 1
29 16 882 1
13 53 1148 1
53 13 1148 1
35 105 686 1
105 35 686 1
74 83 697 1
83 74 697 1
29 36 705 1
36 29 705 1
40 79 762 1
79 40 762 1
40 82 231 1
82 40 231 1
49 52 718 1
52 49 718 1
20 26 232 1
26 20 232 1
17 78 955 1
78 17 955 1
75 77 210 1
77 75 210 1
90 105 516 1
105 90 516 1
62 79 1049 1
79 62 1049 1
6 7 710 1
7 6 710 1
54 106 240 1
106 54 240 1
96 110 214 1
110 96 214 1
98 101 623 1
101 98 623 1
16 63 1092 1
63 16 1092 1
36 83 816 1
83 36 816 1
45 51 254 1
51 45 254 1
37 40 562 1
40 37 562 1
22 85 1113 1
85 22 1113 1
68 99 1044 1
99 68 1044 1
22 27 524 1
27 22 524 1
2 27 659 1
27 2 659 1
59 104 1146 1
104 59 1146 1
90 112 377 1
112 90 377 1
1 94 913 1
94 1 913 1
38 86 366 1
86 38 366 1
67 90 867 1
90 67 867 1
97 114 263 1
114 97 263 1
20 21 185 1
21 20 185 1
53 55 448 1
55 53 448 1
76 81 691 1
81 76 691 1
29 78 851 1
78 29 851 1
41 80 868 1
80 41 868 1
47 53 268 1
53 47 268 1
68 110 813 1
110 68 813 1
91 110 456 1
110 91 456 1
15 40 725 1
40 15 725 1
30 36 645 1
36 30 645 1
31 40 592 1
40 31 592 1
13 40 857 1
40 13 857 1
16 73 769 1
73 16 769 1
17 36 828 1
36 17 828 1
40 75 477 1
75 40 477 1
40 62 664 1
62 40 664 1
36 74 242 1
74 36 242 1
61 65 175 1
65 61 175 1
66 102 974 1
102 66 974 1
51 91 505 1
91 51 505 1
64 85 1107 1
85 64 1107 1
110 115 264 1
115 110 264 1
13 65 935 1
65 13 935 1
63 75 591 1
75 63 591 1
16 74 335 1
74 16 335 1
18 110 887 1
110 18 887 1
75 82 661 1
82 75 661 1
96 105 387 1
105 96 387 1
13 28 892 1
28 13 892 1
13 63 653 1
63 13 653 1
19 67 590 1
67 19 590 1
21 33 567 1
33 21 567 1
61 74 932 1
74 61 932 1
8 12 346 1
12 8 346 1
23 67 1077 1
67 23 1077 1
40 60 806 1
60 40 806 1
11 15 385 1
15 11 385 1
31 32 596 1
32 31 596 1
45 66 369 1
66 45 369 1
45 93 714 1
93 45 714 1
47 96 412 1
96 47 412 1
40 73 549 1
73 40 549 1
58 60 266 1
60 58 266 1
79 82 965 1
82 79 965 1
12 22 481 1
22 12 481 1
33 69 363 1
69 33 363 1
96 99 428 1
99 96 428 1
97 109 174 1
109 97 174 1
24 38 730 1
38 24 730 1
28 78 272 1
78 28 272 1
98 100 250 1
100 98 250 1
102 105 355 1
105 102 355 1
10 28 213 1
28 10 213 1
28 63 1049 1
63 28 1049 1
62 83 1241 1
83 62 1241 1
63 76 747 1
76 63 747 1
1 69 441 1
69 1 441 1
6 12 248 1
12 6 248 1
73 80 850 1
80 73 850 1
94 96 89 1
96 94 89 1
36 38 122 1
38 36 122 1
45 98 655 1
98 45 655 1
61 72 984 1
72 61 984 1
66 115 807 1
115 66 807 1
29 76 555 1
76 29 555 1
105 111 367 1
111 105 367 1
14 62 796 1
62 14 796 1
67 93 875 1
93 67 875 1
18 32 279 1
32 18 279 1
19 56 574 1
56 19 574 1
37 79 267 1
79 37 267 1
46 52 244 1
52 46 244 1
47 55 367 1
55 47 367 1
81 82 1081 1
82 81 1081 1
91 115 428 1
115 91 428 1
11 61 675 1
61 11 675 1
40 61 1067 1
61 40 1067 1
49 59 382 1
59 49 382 1
91 114 389 1
114 91 389 1
45 67 282 1
67 45 282 1
62 81 1169 1
81 62 1169 1
107 115 298 1
115 107 298 1
13 41 490 1
41 13 490 1
28 38 358 1
38 28 358 1
45 46 448 1
46 45 448 1
50 67 562 1
67 50 562 1
62 73 961 1
73 62 961 1
66 90 828 1
90 66 828 1
18 105 1215 1
105 18 1215 1
20 27 271 1
27 20 271 1
50 65 837 1
65 50 837 1
56 97 920 1
97 56 920 1
56 112 990 1
112 56 990 1
37 75 239 1
75 37 239 1
48 114 717 1
114 48 717 1
75 83 351 1
83 75 351 1
55 96 492 1
96 55 492 1
30 75 454 1
75 30 454 1
38 82 362 1
82 38 362 1
97 104 399 1
104 97 399 1
6 60 799 1
60 6 799 1
12 65 1303 1
65 12 1303 1
13 38 919 1
38 13 919 1
40 95 491 1
95 40 491 1
99 100 610 1
100 99 610 1
30 80 748 1
80 30 748 1
40 64 826 1
64 40 826 1
52 53 746 1
53 52 746 1
23 88 1119 1
88 23 1119 1
48 49 410 1
49 48 410 1
69 99 970 1
99 69 970 1
85 87 616 1
87 85 616 1
12 82 376 1
82 12 376 1
15 61 998 1
61 15 998 1
16 56 380 1
56 16 380 1
17 76 648 1
76 17 648 1
40 81 874 1
81 40 874 1
54 55 651 1
55 54 651 1
101 114 359 1
114 101 359 1
7 24 631 1
24 7 631 1
30 64 1064 1
64 30 1064 1
90 101 719 1
101 90 719 1
93 102 600 1
102 93 600 1
17 57 439 1
57 17 439 1
103 114 282 1
114 103 282 1
1 112 1078 1
112 1 1078 1
15 28 819 1
28 15 819 1
36 78 263 1
78 36 263 1
45 48 304 1
48 45 304 1
75 81 434 1
81 75 434 1
95 97 97 1
97 95 97 1
29 37 304 1
37 29 304 1
48 50 202 1
50 48 202 1
51 90 888 1
90 51 888 1
56 114 997 1
114 56 997 1
57 112 990 1
112 57 990 1
67 105 903 1
105 67 903 1
80 82 469 1
82 80 469 1
14 22 562 1
22 14 562 1
15 41 349 1
41 15 349 1
47 111 188 1
111 47 188 1
16 28 220 1
28 16 220 1
32 72 471 1
72 32 471 1
41 76 493 1
76 41 493 1
49 55 664 1
55 49 664 1
54 96 167 1
96 54 167 1
97 108 170 1
108 97 170 1
104 107 401 1
107 104 401 1
1 105 1113 1
105 1 1113 1
12 74 431 1
74 12 431 1
28 76 345 1
76 28 345 1
94 102 378 1
102 94 378 1
10 61 1158 1
61 10 1158 1
61 73 720 1
73 61 720 1
100 104 240 1
104 100 240 1
107 113 400 1
113 107 400 1
18 21 751 1
21 18 751 1
66 100 968 1
100 66 968 1
71 73 163 1
73 71 163 1
22 30 218 1
30 22 218 1
57 114 1007 1
114 57 1007 1
91 103 258 1
103 91 258 1
50 92 549 1
92 50 549 1
1 18 493 1
18 1 493 1
74 84 507 1
84 74 507 1
36 85 845 1
85 36 845 1
57 94 878 1
94 57 878 1
60 65 898 1
65 60 898 1
79 83 420 1
83 79 420 1
51 92 878 1
92 51 878 1
12 41 846 1
41 12 846 1
21 26 271 1
26 21 271 1
23 114 1244 1
114 23 1244 1
48 100 791 1
100 48 791 1
57 69 378 1
69 57 378 1
91 98 616 1
98 91 616 1
101 110 541 1
110 101 541 1
104 105 204 1
105 104 204 1
110 111 172 1
111 110 172 1
94 110 220 1
110 94 220 1
95 115 205 1
115 95 205 1
100 113 356 1
113 100 356 1
1 99 923 1
99 1 923 1
11 14 937 1
14 11 937 1
13 22 606 1
22 13 606 1
27 50 1279 1
50 27 1279 1
35 94 438 1
94 35 438 1
37 38 515 1
38 37 515 1
65 84 1120 1
84 65 1120 1
65 92 1075 1
92 65 1075 1
71 75 163 1
75 71 163 1
73 82 720 1
82 73 720 1
97 98 437 1
98 97 437 1
35 66 331 1
66 35 331 1
8 50 1336 1
50 8 1336 1
56 94 768 1
94 56 768 1
62 77 741 1
77 62 741 1
102 114 295 1
114 102 295 1
0 97 963 1
97 0 963 1
32 106 871 1
106 32 871 1
37 81 336 1
81 37 336 1
67 103 944 1
103 67 944 1
12 38 624 1
38 12 624 1
2 25 585 1
25 2 585 1
15 62 1246 1
62 15 1246 1
17 63 324 1
63 17 324 1
36 82 401 1
82 36 401 1
59 91 926 1
91 59 926 1
102 112 391 1
112 102 391 1
2 7 566 1
7 2 566 1
30 84 877 1
84 30 877 1
66 103 1026 1
103 66 1026 1
68 98 994 1
98 68 994 1
78 85 1017 1
85 78 1017 1
17 56 1024 1
56 17 1024 1
32 78 484 1
78 32 484 1
90 110 460 1
110 90 460 1
96 109 176 1
109 96 176 1
99 109 321 1
109 99 321 1
11 65 770 1
65 11 770 1
72 82 298 1
82 72 298 1
47 110 210 1
110 47 210 1
51 52 786 1
52 51 786 1
102 107 560 1
107 102 560 1
0 103 1292 1
103 0 1292 1
2 50 1192 1
50 2 1192 1
24 27 252 1
27 24 252 1
62 78 287 1
78 62 287 1
0 18 364 1
18 0 364 1
12 64 932 1
64 12 932 1
17 74 721 1
74 17 721 1
8 60 1121 1
60 8 1121 1
11 28 875 1
28 11 875 1
41 77 345 1
77 41 345 1
56 102 1030 1
102 56 1030 1
97 103 349 1
103 97 349 1
98 115 287 1
115 98 287 1
19 97 912 1
97 19 912 1
40 80 433 1
80 40 433 1
61 75 723 1
75 61 723 1
108 115 135 1
115 108 135 1
45 92 789 1
92 45 789 1
61 79 487 1
79 61 487 1
13 72 796 1
72 13 796 1
22 82 706 1
82 22 706 1
23 27 506 1
27 23 506 1
34 67 275 1
67 34 275 1
36 84 341 1
84 36 341 1
37 77 246 1
77 37 246 1
0 110 838 1
110 0 838 1
11 53 1019 1
53 11 1019 1
31 82 641 1
82 31 641 1
41 60 1058 1
60 41 1058 1
56 96 743 1
96 56 743 1
77 81 453 1
81 77 453 1
19 98 1076 1
98 19 1076 1
30 38 642 1
38 30 642 1
31 39 657 1
39 31 657 1
97 111 292 1
111 97 292 1
23 25 373 1
25 23 373 1
28 77 540 1
77 28 540 1
29 60 1067 1
60 29 1067 1
30 83 641 1
83 30 641 1
67 94 677 1
94 67 677 1
69 90 1119 1
90 69 1119 1
101 115 407 1
115 101 407 1
0 101 1354 1
101 0 1354 1
14 72 328 1
72 14 328 1
25 35 978 1
35 25 978 1
76 80 424 1
80 76 424 1
2 20 581 1
20 2 581 1
4 5 350 1
5 4 350 1
16 36 349 1
36 16 349 1
66 93 972 1
93 66 972 1
2 69 758 1
69 2 758 1
18 56 478 1
56 18 478 1
48 102 819 1
102 48 819 1
111 115 269 1
115 111 269 1
22 64 1169 1
64 22 1169 1
37 72 595 1
72 37 595 1
92 102 211 1
102 92 211 1
93 103 173 1
103 93 173 1
5 23 453 1
23 5 453 1
74 85 839 1
85 74 839 1
98 107 585 1
107 98 585 1
13 73 358 1
73 13 358 1
17 37 368 1
37 17 368 1
28 53 1155 1
53 28 1155 1
34 84 580 1
84 34 580 1
2 3 405 1
3 2 405 1
61 76 764 1
76 61 764 1
66 104 942 1
104 66 942 1
10 65 1203 1
65 10 1203 1
80 87 1107 1
87 80 1107 1
111 114 232 1
114 111 232 1
10 62 483 1
62 10 483 1
19 99 1048 1
99 19 1048 1
45 104 837 1
104 45 837 1
48 92 683 1
92 48 683 1
60 75 915 1
75 60 915 1
114 115 96 1
115 114 96 1
39 83 378 1
83 39 378 1
41 85 509 1
85 41 509 1
43 55 485 1
55 43 485 1
56 107 1138 1
107 56 1138 1
67 68 440 1
68 67 440 1
99 107 302 1
107 99 302 1
101 112 405 1
112 101 405 1
41 61 840 1
61 41 840 1
85 86 1120 1
86 85 1120 1
10 64 755 1
64 10 755 1
11 29 239 1
29 11 239 1
30 74 403 1
74 30 403 1
8 10 505 1
10 8 505 1
16 57 981 1
57 16 981 1
35 90 713 1
90 35 713 1
90 107 713 1
107 90 713 1
103 107 239 1
107 103 239 1
40 63 1007 1
63 40 1007 1
0 35 653 1
35 0 653 1
26 54 816 1
54 26 816 1
37 83 399 1
83 37 399 1
69 98 991 1
98 69 991 1
91 105 371 1
105 91 371 1
102 113 317 1
113 102 317 1
103 108 420 1
108 103 420 1
8 89 1179 1
89 8 1179 1
14 40 342 1
40 14 342 1
62 80 268 1
80 62 268 1
66 114 833 1
114 66 833 1
2 19 481 1
19 2 481 1
7 20 669 1
20 7 669 1
11 41 473 1
41 11 473 1
9 50 1509 1
50 9 1509 1
36 75 517 1
75 36 517 1
51 93 605 1
93 51 605 1
64 86 1029 1
86 64 1029 1
9 14 725 1
14 9 725 1
92 112 325 1
112 92 325 1
9 27 309 1
27 9 309 1
10 58 862 1
58 10 862 1
20 31 387 1
31 20 387 1
91 92 669 1
92 91 669 1
6 23 465 1
23 6 465 1
15 63 805 1
63 15 805 1
21 27 209 1
27 21 209 1
94 104 298 1
104 94 298 1
12 39 908 1
39 12 908 1
30 41 563 1
41 30 563 1
36 39 517 1
39 36 517 1
48 104 822 1
104 48 822 1
56 103 1239 1
103 56 1239 1
59 101 1108 1
101 59 1108 1
60 74 699 1
74 60 699 1
66 110 549 1
110 66 549 1
103 112 375 1
112 103 375 1
104 110 417 1
110 104 417 1
12 53 1414 1
53 12 1414 1
18 57 564 1
57 18 564 1
4 23 506 1
23 4 506 1
5 24 252 1
24 5 252 1
12 30 419 1
30 12 419 1
29 38 680 1
38 29 680 1
45 110 453 1
110 45 453 1
57 110 760 1
110 57 760 1
12 36 597 1
36 12 597 1
13 75 440 1
75 13 440 1
105 108 296 1
108 105 296 1
29 71 259 1
71 29 259 1
44 52 464 1
52 44 464 1
45 59 413 1
59 45 413 1
73 77 274 1
77 73 274 1
97 102 534 1
102 97 534 1
51 66 580 1
66 51 580 1
66 98 720 1
98 66 720 1
83 87 158 1
87 83 158 1
90 94 414 1
94 90 414 1
28 37 709 1
37 28 709 1
45 103 818 1
103 45 818 1
57 97 767 1
97 57 767 1
66 69 349 1
69 66 349 1
66 111 646 1
111 66 646 1
73 83 298 1
83 73 298 1
23 94 1022 1
94 23 1022 1
32 79 600 1
79 32 600 1
90 115 420 1
115 90 420 1
13 62 1248 1
62 13 1248 1
15 72 724 1
72 15 724 1
93 112 343 1
112 93 343 1
41 86 672 1
86 41 672 1
45 102 889 1
102 45 889 1
59 114 1002 1
114 59 1002 1
66 68 378 1
68 66 378 1
86 89 1016 1
89 86 1016 1
32 40 629 1
40 32 629 1
34 85 678 1
85 34 678 1
42 52 325 1
52 42 325 1
0 67 703 1
67 0 703 1
11 60 1139 1
60 11 1139 1
17 75 351 1
75 17 351 1
69 115 1010 1
115 69 1010 1
100 112 410 1
112 100 410 1
10 15 968 1
15 10 968 1
10 75 732 1
75 10 732 1
22 50 1336 1
50 22 1336 1
48 103 924 1
103 48 924 1
60 88 724 1
88 60 724 1
11 75 388 1
75 11 388 1
13 39 622 1
39 13 622 1
34 66 268 1
66 34 268 1
40 78 376 1
78 40 376 1
46 54 354 1
54 46 354 1
47 90 580 1
90 47 580 1
56 104 1033 1
104 56 1033 1
65 85 476 1
85 65 476 1
69 91 1081 1
91 69 1081 1
10 76 495 1
76 10 495 1
13 24 641 1
24 13 641 1
51 100 973 1
100 51 973 1
3 7 185 1
7 3 185 1
45 101 807 1
101 45 807 1
45 111 467 1
111 45 467 1
47 99 231 1
99 47 231 1
79 84 1035 1
84 79 1035 1
83 86 863 1
86 83 863 1
84 87 1148 1
87 84 1148 1
7 27 597 1
27 7 597 1
23 68 876 1
68 23 876 1
25 31 272 1
31 25 272 1
49 98 742 1
98 49 742 1
109 112 348 1
112 109 348 1
23 50 1386 1
50 23 1386 1
56 110 762 1
110 56 762 1
97 107 263 1
107 97 263 1
0 102 1108 1
102 0 1108 1
15 24 514 1
24 15 514 1
34 50 475 1
50 34 475 1
62 76 527 1
76 62 527 1
96 102 343 1
102 96 343 1
14 41 702 1
41 14 702 1
19 96 931 1
96 19 931 1
56 69 542 1
69 56 542 1
0 98 918 1
98 0 918 1
2 22 228 1
22 2 228 1
66 99 784 1
99 66 784 1
101 105 274 1
105 101 274 1
4 10 570 1
10 4 570 1
16 62 313 1
62 16 313 1
24 40 584 1
40 24 584 1
37 73 278 1
73 37 278 1
41 87 263 1
87 41 263 1
61 78 1006 1
78 61 1006 1
68 115 1040 1
115 68 1040 1
102 110 495 1
110 102 495 1
1 114 1067 1
114 1 1067 1
78 84 235 1
84 78 235 1
0 4 861 1
4 0 861 1
30 78 663 1
78 30 663 1
60 72 692 1
72 60 692 1
96 103 531 1
103 96 531 1
6 64 941 1
64 6 941 1
14 17 996 1
17 14 996 1
35 48 491 1
48 35 491 1
57 81 488 1
81 57 488 1
67 101 953 1
101 67 953 1
0 108 876 1
108 0 876 1
32 36 555 1
36 32 555 1
68 103 1277 1
103 68 1277 1
22 24 386 1
24 22 386 1
53 75 842 1
75 53 842 1
65 88 1179 1
88 65 1179 1
79 85 260 1
85 79 260 1
81 106 949 1
106 81 949 1
30 62 878 1
62 30 878 1
49 90 859 1
90 49 859 1
67 92 922 1
92 67 922 1
0 48 847 1
48 0 847 1
6 67 991 1
67 6 991 1
13 30 546 1
30 13 546 1
52 92 317 1
92 52 317 1
7 31 345 1
31 7 345 1
43 52 553 1
52 43 553 1
75 80 775 1
80 75 775 1
107 109 392 1
109 107 392 1
29 53 887 1
53 29 887 1
32 38 642 1
38 32 642 1
35 50 559 1
50 35 559 1
45 53 435 1
53 45 435 1
56 109 765 1
109 56 765 1
59 68 484 1
68 59 484 1
10 82 401 1
82 10 401 1
38 55 598 1
55 38 598 1
57 103 1078 1
103 57 1078 1
64 74 751 1
74 64 751 1
96 114 265 1
114 96 265 1
109 115 211 1
115 109 211 1
14 75 659 1
75 14 659 1
18 97 954 1
97 18 954 1
0 112 1084 1
112 0 1084 1
18 96 925 1
96 18 925 1
18 114 1134 1
114 18 1134 1
53 61 678 1
61 53 678 1
1 98 1107 1
98 1 1107 1
38 73 580 1
73 38 580 1
38 74 265 1
74 38 265 1
83 85 549 1
85 83 549 1
9 89 869 1
89 9 869 1
16 41 813 1
41 16 813 1
22 23 140 1
23 22 140 1
31 71 265 1
71 31 265 1
49 91 630 1
91 49 630 1
63 83 697 1
83 63 697 1
12 63 1218 1
63 12 1218 1
37 80 842 1
80 37 842 1
82 85 1121 1
85 82 1121 1
6 14 476 1
14 6 476 1
29 55 507 1
55 29 507 1
47 52 540 1
52 47 540 1
69 111 906 1
111 69 906 1
16 106 659 1
106 16 659 1
16 107 951 1
107 16 951 1
37 87 433 1
87 37 433 1
47 112 265 1
112 47 265 1
57 80 1050 1
80 57 1050 1
77 79 329 1
79 77 329 1
94 101 576 1
101 94 576 1
105 112 319 1
112 105 319 1
1 97 819 1
97 1 819 1
2 18 379 1
18 2 379 1
6 22 333 1
22 6 333 1
12 75 743 1
75 12 743 1
13 82 976 1
82 13 976 1
13 83 347 1
83 13 347 1
28 32 528 1
32 28 528 1
54 102 313 1
102 54 313 1
1 96 958 1
96 1 958 1
8 65 1425 1
65 8 1425 1
44 55 743 1
55 44 743 1
44 91 726 1
91 44 726 1
59 99 857 1
99 59 857 1
67 100 988 1
100 67 988 1
87 89 476 1
89 87 476 1
28 39 686 1
39 28 686 1
43 109 418 1
109 43 418 1
56 111 893 1
111 56 893 1
57 96 913 1
96 57 913 1
103 113 295 1
113 103 295 1
3 5 603 1
5 3 603 1
28 61 1076 1
61 28 1076 1
36 73 600 1
73 36 600 1
103 110 496 1
110 103 496 1
14 64 1035 1
64 14 1035 1
29 32 631 1
32 29 631 1
59 94 905 1
94 59 905 1
100 115 381 1
115 100 381 1
104 114 171 1
114 104 171 1
8 58 1298 1
58 8 1298 1
31 75 419 1
75 31 419 1
46 96 270 1
96 46 270 1
50 51 698 1
51 50 698 1
51 53 271 1
53 51 271 1
59 115 981 1
115 59 981 1
61 64 928 1
64 61 928 1
78 87 1016 1
87 78 1016 1
109 111 273 1
111 109 273 1
47 109 317 1
109 47 317 1
87 88 1035 1
88 87 1035 1
94 107 417 1
107 94 417 1
4 6 536 1
6 4 536 1
13 74 757 1
74 13 757 1
21 68 929 1
68 21 929 1
22 83 792 1
83 22 792 1
62 64 300 1
64 62 300 1
105 107 233 1
107 105 233 1
34 89 759 1
89 34 759 1
36 87 808 1
87 36 808 1
67 104 923 1
104 67 923 1
0 59 847 1
59 0 847 1
22 65 1204 1
65 22 1204 1
96 108 167 1
108 96 167 1
15 38 793 1
38 15 793 1
31 41 528 1
41 31 528 1
48 69 703 1
69 48 703 1
67 98 738 1
98 67 738 1
70 73 402 1
73 70 402 1
11 58 1113 1
58 11 1113 1
64 88 675 1
88 64 675 1
33 110 636 1
110 33 636 1
37 78 740 1
78 37 740 1
38 60 768 1
60 38 768 1
59 100 1223 1
100 59 1223 1
94 95 213 1
95 94 213 1
103 111 432 1
111 103 432 1
16 109 631 1
109 16 631 1
38 61 1021 1
61 38 1021 1
90 111 396 1
111 90 396 1
93 104 478 1
104 93 478 1
10 29 893 1
29 10 893 1
16 113 881 1
113 16 881 1
26 114 936 1
114 26 936 1
33 81 613 1
81 33 613 1
38 75 499 1
75 38 499 1
44 51 440 1
51 44 440 1
59 98 975 1
98 59 975 1
53 113 487 1
113 53 487 1
99 108 310 1
108 99 310 1
100 114 352 1
114 100 352 1
113 115 188 1
115 113 188 1
28 85 1025 1
85 28 1025 1
93 99 208 1
99 93 208 1
108 109 87 1
109 108 87 1
48 93 850 1
93 48 850 1
69 103 1214 1
103 69 1214 1
77 78 550 1
78 77 550 1
7 23 337 1
23 7 337 1
22 89 1126 1
89 22 1126 1
68 104 1183 1
104 68 1183 1
69 102 1226 1
102 69 1226 1
74 77 362 1
77 74 362 1
1 33 355 1
33 1 355 1
2 34 808 1
34 2 808 1
31 86 707 1
86 31 707 1
37 74 520 1
74 37 520 1
68 102 1226 1
102 68 1226 1
1 59 541 1
59 1 541 1
4 14 255 1
14 4 255 1
6 10 299 1
10 6 299 1
49 92 871 1
92 49 871 1
56 106 934 1
106 56 934 1
67 115 767 1
115 67 767 1
3 85 893 1
85 3 893 1
7 108 971 1
108 7 971 1
13 55 790 1
55 13 790 1
13 79 476 1
79 13 476 1
23 105 1262 1
105 23 1262 1
96 115 214 1
115 96 214 1
0 23 768 1
23 0 768 1
0 90 1005 1
90 0 1005 1
5 35 974 1
35 5 974 1
11 71 374 1
71 11 374 1
41 53 839 1
53 41 839 1
59 93 1026 1
93 59 1026 1
15 71 394 1
71 15 394 1
17 71 423 1
71 17 423 1
25 34 1006 1
34 25 1006 1
39 95 233 1
95 39 233 1
42 111 258 1
111 42 258 1
67 97 637 1
97 67 637 1
6 27 679 1
27 6 679 1
11 17 224 1
17 11 224 1
13 46 1188 1
46 13 1188 1
17 41 414 1
41 17 414 1
31 83 561 1
83 31 561 1
67 99 690 1
99 67 690 1
28 60 684 1
60 28 684 1
29 77 357 1
77 29 357 1
38 83 760 1
83 38 760 1
45 100 889 1
100 45 889 1
56 80 431 1
80 56 431 1
74 109 457 1
109 74 457 1
81 85 175 1
85 81 175 1
104 112 332 1
112 104 332 1
10 83 1031 1
83 10 1031 1
31 36 716 1
36 31 716 1
36 62 525 1
62 36 525 1
44 93 779 1
93 44 779 1
45 99 570 1
99 45 570 1
59 105 1100 1
105 59 1100 1
98 106 320 1
106 98 320 1
49 66 437 1
66 49 437 1
49 111 530 1
111 49 530 1
19 101 1295 1
101 19 1295 1
60 82 905 1
82 60 905 1
75 85 521 1
85 75 521 1
1 103 1135 1
103 1 1135 1
26 103 1030 1
103 26 1030 1
32 96 657 1
96 32 657 1
45 115 699 1
115 45 699 1
69 101 1234 1
101 69 1234 1
41 55 403 1
55 41 403 1
69 104 1167 1
104 69 1167 1
28 84 456 1
84 28 456 1
52 100 420 1
100 52 420 1
53 85 491 1
85 53 491 1
57 104 1139 1
104 57 1139 1
57 106 1143 1
106 57 1143 1
59 67 245 1
67 59 245 1
23 34 949 1
34 23 949 1
29 31 454 1
31 29 454 1
47 91 332 1
91 47 332 1
51 104 868 1
104 51 868 1
72 77 430 1
77 72 430 1
96 111 286 1
111 96 286 1
97 112 339 1
112 97 339 1
7 65 934 1
65 7 934 1
16 84 311 1
84 16 311 1
60 83 1265 1
83 60 1265 1
5 22 506 1
22 5 506 1
6 89 1224 1
89 6 1224 1
10 22 580 1
22 10 580 1
11 73 310 1
73 11 310 1
36 76 232 1
76 36 232 1
55 79 394 1
79 55 394 1
58 91 1077 1
91 58 1077 1
102 111 440 1
111 102 440 1
0 33 480 1
33 0 480 1
15 22 650 1
22 15 650 1
28 31 545 1
31 28 545 1
29 39 339 1
39 29 339 1
33 68 378 1
68 33 378 1
53 74 995 1
74 53 995 1
11 63 488 1
63 11 488 1
25 50 1404 1
50 25 1404 1
31 62 966 1
62 31 966 1
67 102 981 1
102 67 981 1
68 111 952 1
111 68 952 1
84 88 224 1
88 84 224 1
2 8 554 1
8 2 554 1
7 25 539 1
25 7 539 1
36 64 637 1
64 36 637 1
46 109 326 1
109 46 326 1
54 103 653 1
103 54 653 1
57 102 1241 1
102 57 1241 1
73 84 919 1
84 73 919 1
108 114 218 1
114 108 218 1
1 110 833 1
110 1 833 1
21 24 413 1
24 21 413 1
38 71 546 1
71 38 546 1
44 66 318 1
66 44 318 1
64 75 961 1
75 64 961 1
74 86 416 1
86 74 416 1
1 102 1288 1
102 1 1288 1
7 60 1133 1
60 7 1133 1
23 48 1375 1
48 23 1375 1
39 74 501 1
74 39 501 1
42 109 434 1
109 42 434 1
91 111 390 1
111 91 390 1
91 112 368 1
112 91 368 1
95 96 288 1
96 95 288 1
12 81 1161 1
81 12 1161 1
14 30 414 1
30 14 414 1
26 57 1052 1
57 26 1052 1
3 35 775 1
35 3 775 1
38 72 305 1
72 38 305 1
41 84 910 1
84 41 910 1
52 59 956 1
59 52 956 1
85 89 220 1
89 85 220 1
92 103 574 1
103 92 574 1
7 26 675 1
26 7 675 1
26 56 972 1
56 26 972 1
56 115 941 1
115 56 941 1
57 115 958 1
115 57 958 1
72 85 912 1
85 72 912 1
75 84 839 1
84 75 839 1
1 21 745 1
21 1 745 1
11 85 574 1
85 11 574 1
24 82 536 1
82 24 536 1
33 39 630 1
39 33 630 1
43 113 467 1
113 43 467 1
51 102 955 1
102 51 955 1
57 101 1081 1
101 57 1081 1
49 102 965 1
102 49 965 1
0 26 879 1
26 0 879 1
11 39 572 1
39 11 572 1
14 58 1155 1
58 14 1155 1
19 21 748 1
21 19 748 1
21 94 569 1
94 21 569 1
39 60 1005 1
60 39 1005 1
46 98 212 1
98 46 212 1
75 78 667 1
78 75 667 1
81 87 551 1
87 81 551 1
3 69 687 1
69 3 687 1
12 79 1029 1
79 12 1029 1
15 39 506 1
39 15 506 1
17 54 969 1
54 17 969 1
20 25 402 1
25 20 402 1
40 77 472 1
77 40 472 1
43 112 376 1
112 43 376 1
64 72 754 1
72 64 754 1
22 86 800 1
86 22 800 1
26 96 811 1
96 26 811 1
27 89 807 1
89 27 807 1
66 101 1048 1
101 66 1048 1
44 111 448 1
111 44 448 1
46 111 189 1
111 46 189 1
57 109 768 1
109 57 768 1
66 105 960 1
105 66 960 1
78 113 766 1
113 78 766 1
3 27 634 1
27 3 634 1
37 62 953 1
62 37 953 1
66 97 717 1
97 66 717 1
71 77 297 1
77 71 297 1
77 80 662 1
80 77 662 1
102 108 413 1
108 102 413 1
80 85 1121 1
85 80 1121 1
90 113 376 1
113 90 376 1
97 101 398 1
101 97 398 1
14 61 1285 1
61 14 1285 1
22 28 590 1
28 22 590 1
26 105 921 1
105 26 921 1
32 74 456 1
74 32 456 1
57 111 890 1
111 57 890 1
59 69 338 1
69 59 338 1
68 96 891 1
96 68 891 1
5 7 538 1
7 5 538 1
16 98 666 1
98 16 666 1
17 82 1011 1
82 17 1011 1
18 20 736 1
20 18 736 1
28 64 752 1
64 28 752 1
35 91 647 1
91 35 647 1
40 55 690 1
55 40 690 1
62 82 720 1
82 62 720 1
63 77 536 1
77 63 536 1
91 97 336 1
97 91 336 1
13 17 364 1
17 13 364 1
14 71 582 1
71 14 582 1
22 26 505 1
26 22 505 1
30 63 932 1
63 30 932 1
37 82 780 1
82 37 780 1
64 83 1303 1
83 64 1303 1
6 9 834 1
9 6 834 1
9 23 475 1
23 9 475 1
17 30 703 1
30 17 703 1
17 62 1129 1
62 17 1129 1
30 71 303 1
71 30 303 1
62 85 1177 1
85 62 1177 1
104 113 229 1
113 104 229 1
49 100 971 1
100 49 971 1
83 84 1154 1
84 83 1154 1
56 90 896 1
90 56 896 1
71 82 622 1
82 71 622 1
88 94 422 1
94 88 422 1
112 115 269 1
115 112 269 1
12 85 1239 1
85 12 1239 1
75 86 685 1
86 75 685 1
78 106 572 1
106 78 572 1
3 26 678 1
26 3 678 1
7 90 1390 1
90 7 1390 1
20 60 911 1
60 20 911 1
40 76 327 1
76 40 327 1
68 90 1109 1
90 68 1109 1
94 98 264 1
98 94 264 1
101 111 463 1
111 101 463 1
0 96 812 1
96 0 812 1
17 83 381 1
83 17 381 1
18 26 857 1
26 18 857 1
38 76 305 1
76 38 305 1
39 77 312 1
77 39 312 1
44 98 563 1
98 44 563 1
57 107 955 1
107 57 955 1
0 91 1266 1
91 0 1266 1
31 73 397 1
73 31 397 1
2 114 1198 1
114 2 1198 1
13 64 1328 1
64 13 1328 1
48 94 667 1
94 48 667 1
53 72 1064 1
72 53 1064 1
98 109 329 1
109 98 329 1
11 62 1169 1
62 11 1169 1
30 76 537 1
76 30 537 1
43 98 522 1
98 43 522 1
43 111 293 1
111 43 293 1
110 112 272 1
112 110 272 1
30 85 964 1
85 30 964 1
36 77 422 1
77 36 422 1
55 73 498 1
73 55 498 1
72 84 493 1
84 72 493 1
104 111 377 1
111 104 377 1
105 109 371 1
109 105 371 1
1 101 1148 1
101 1 1148 1
13 78 1046 1
78 13 1046 1
18 35 624 1
35 18 624 1
48 105 862 1
105 48 862 1
2 26 618 1
26 2 618 1
8 27 425 1
27 8 425 1
11 38 884 1
38 11 884 1
54 56 722 1
56 54 722 1
67 108 667 1
108 67 667 1
80 84 162 1
84 80 162 1
10 74 381 1
74 10 381 1
11 77 511 1
77 11 511 1
12 58 1025 1
58 12 1025 1
16 75 702 1
75 16 702 1
31 81 775 1
81 31 775 1
34 86 880 1
86 34 880 1
35 92 768 1
92 35 768 1
61 77 605 1
77 61 605 1
8 62 964 1
62 8 964 1
9 65 1235 1
65 9 1235 1
16 32 504 1
32 16 504 1
33 38 675 1
38 33 675 1
49 104 900 1
104 49 900 1
61 95 778 1
95 61 778 1
63 82 1211 1
82 63 1211 1
1 26 956 1
26 1 956 1
14 36 526 1
36 14 526 1
31 77 552 1
77 31 552 1
34 87 945 1
87 34 945 1
38 62 642 1
62 38 642 1
38 79 739 1
79 38 739 1
39 61 794 1
61 39 794 1
54 98 204 1
98 54 204 1
58 61 717 1
61 58 717 1
60 86 1011 1
86 60 1011 1
1 70 706 1
70 1 706 1
8 64 1208 1
64 8 1208 1
28 71 506 1
71 28 506 1
33 94 670 1
94 33 670 1
43 51 245 1
51 43 245 1
58 90 890 1
90 58 890 1
64 79 1031 1
79 64 1031 1
