116 2668
56 57 840 1
57 56 840 1
30 31 127 1
31 30 127 1
48 49 410 1
49 48 410 1
12 13 959 1
13 12 959 1
80 81 1113 1
81 80 1113 1
24 25 135 1
25 24 135 1
68 69 164 1
69 68 164 1
78 81 1002 1
81 78 1002 1
79 81 136 1
81 79 136 1
26 27 135 1
27 26 135 1
78 79 878 1
79 78 878 1
50 51 698 1
51 50 698 1
28 29 741 1
29 28 741 1
48 51 548 1
51 48 548 1
57 68 520 1
68 57 520 1
58 59 496 1
59 58 496 1
111 113 191 1
113 111 191 1
32 33 149 1
33 32 149 1
1 63 334 1
63 1 334 1
46 98 212 1
98 46 212 1
43 47 146 1
47 43 146 1
92 93 608 1
93 92 608 1
94 109 127 1
109 94 127 1
11 13 168 1
13 11 168 1
95 109 146 1
109 95 146 1
34 35 126 1
35 34 126 1
90 91 735 1
91 90 735 1
48 50 202 1
50 48 202 1
39 94 407 1
94 39 407 1
78 80 116 1
80 78 116 1
103 104 369 1
104 103 369 1
10 11 986 1
11 10 986 1
16 79 934 1
79 16 934 1
55 96 492 1
96 55 492 1
76 77 238 1
77 76 238 1
46 47 309 1
47 46 309 1
29 72 629 1
72 29 629 1
113 114 95 1
114 113 95 1
73 74 458 1
74 73 458 1
84 85 1130 1
85 84 1130 1
47 55 367 1
55 47 367 1
22 24 386 1
24 22 386 1
42 43 239 1
43 42 239 1
92 100 157 1
100 92 157 1
49 51 172 1
51 49 172 1
42 46 173 1
46 42 173 1
44 49 304 1
49 44 304 1
51 53 271 1
53 51 271 1
56 81 1090 1
81 56 1090 1
16 81 1063 1
81 16 1063 1
77 109 318 1
109 77 318 1
38 39 465 1
39 38 465 1
57 81 488 1
81 57 488 1
66 67 177 1
67 66 177 1
44 45 194 1
45 44 194 1
56 68 408 1
68 56 408 1
25 97 955 1
97 25 955 1
23 30 259 1
30 23 259 1
95 113 351 1
113 95 351 1
28 72 116 1
72 28 116 1
43 55 485 1
55 43 485 1
10 13 1004 1
13 10 1004 1
2 6 165 1
6 2 165 1
16 78 122 1
78 16 122 1
47 96 412 1
96 47 412 1
24 35 1010 1
35 24 1010 1
103 105 173 1
105 103 173 1
16 17 998 1
17 16 998 1
39 109 356 1
109 39 356 1
110 111 172 1
111 110 172 1
111 114 232 1
114 111 232 1
52 53 746 1
53 52 746 1
42 49 396 1
49 42 396 1
103 114 282 1
114 103 282 1
111 115 269 1
115 111 269 1
20 21 185 1
21 20 185 1
56 79 965 1
79 56 965 1
100 102 87 1
102 100 87 1
99 111 265 1
111 99 265 1
0 1 800 1
1 0 800 1
12 62 664 1
62 12 664 1
11 52 1305 1
52 11 1305 1
13 15 277 1
15 13 277 1
57 79 431 1
79 57 431 1
21 97 595 1
97 21 595 1
43 96 503 1
96 43 503 1
57 69 378 1
69 57 378 1
105 115 176 1
115 105 176 1
60 61 893 1
61 60 893 1
8 9 638 1
9 8 638 1
6 101 1437 1
101 6 1437 1
37 41 217 1
41 37 217 1
0 63 1010 1
63 0 1010 1
23 25 373 1
25 23 373 1
72 73 517 1
73 72 517 1
62 63 1134 1
63 62 1134 1
91 92 669 1
92 91 669 1
39 95 233 1
95 39 233 1
17 29 223 1
29 17 223 1
95 111 347 1
111 95 347 1
10 12 181 1
12 10 181 1
94 95 213 1
95 94 213 1
7 13 237 1
13 7 237 1
23 31 199 1
31 23 199 1
31 97 872 1
97 31 872 1
42 47 281 1
47 42 281 1
46 55 584 1
55 46 584 1
77 95 322 1
95 77 322 1
41 73 204 1
73 41 204 1
109 113 333 1
113 109 333 1
9 92 1428 1
92 9 1428 1
77 94 396 1
94 77 396 1
94 110 220 1
110 94 220 1
105 111 367 1
111 105 367 1
30 71 303 1
71 30 303 1
49 50 585 1
50 49 585 1
91 93 118 1
93 91 118 1
21 94 569 1
94 21 569 1
61 65 175 1
65 61 175 1
21 31 344 1
31 21 344 1
103 111 432 1
111 103 432 1
2 7 566 1
7 2 566 1
64 88 675 1
88 64 675 1
104 114 171 1
114 104 171 1
13 62 1248 1
62 13 1248 1
38 94 246 1
94 38 246 1
66 69 349 1
69 66 349 1
16 56 380 1
56 16 380 1
26 94 743 1
94 26 743 1
47 53 268 1
53 47 268 1
80 84 162 1
84 80 162 1
77 114 582 1
114 77 582 1
6 7 710 1
7 6 710 1
43 44 290 1
44 43 290 1
43 46 341 1
46 43 341 1
43 45 199 1
45 43 199 1
55 98 606 1
98 55 606 1
18 68 315 1
68 18 315 1
64 65 897 1
65 64 897 1
18 19 147 1
19 18 147 1
41 74 484 1
74 41 484 1
37 75 239 1
75 37 239 1
45 49 111 1
49 45 111 1
109 110 135 1
110 109 135 1
71 100 1020 1
100 71 1020 1
25 31 272 1
31 25 272 1
31 83 561 1
83 31 561 1
39 77 312 1
77 39 312 1
24 26 201 1
26 24 201 1
4 8 148 1
8 4 148 1
16 80 152 1
80 16 152 1
103 113 295 1
113 103 295 1
41 107 419 1
107 41 419 1
70 71 263 1
71 70 263 1
96 99 428 1
99 96 428 1
56 69 542 1
69 56 542 1
42 98 381 1
98 42 381 1
48 55 832 1
55 48 832 1
8 90 1188 1
90 8 1188 1
23 24 403 1
24 23 403 1
21 38 458 1
38 21 458 1
40 72 200 1
72 40 200 1
104 111 377 1
111 104 377 1
9 93 1250 1
93 9 1250 1
0 60 405 1
60 0 405 1
43 49 240 1
49 43 240 1
46 53 547 1
53 46 547 1
105 107 233 1
107 105 233 1
58 60 266 1
60 58 266 1
79 80 991 1
80 79 991 1
50 53 744 1
53 50 744 1
7 102 1355 1
102 7 1355 1
95 110 248 1
110 95 248 1
7 12 856 1
12 7 856 1
76 114 580 1
114 76 580 1
56 78 391 1
78 56 391 1
93 100 653 1
100 93 653 1
42 44 208 1
44 42 208 1
63 81 293 1
81 63 293 1
7 100 1408 1
100 7 1408 1
14 22 562 1
22 14 562 1
41 72 550 1
72 41 550 1
11 74 727 1
74 11 727 1
1 61 385 1
61 1 385 1
95 105 309 1
105 95 309 1
110 113 304 1
113 110 304 1
72 74 76 1
74 72 76 1
34 77 351 1
77 34 351 1
49 99 587 1
99 49 587 1
24 34 1021 1
34 24 1021 1
31 71 265 1
71 31 265 1
47 49 380 1
49 47 380 1
101 102 595 1
102 101 595 1
105 114 152 1
114 105 152 1
21 39 356 1
39 21 356 1
77 113 641 1
113 77 641 1
11 12 972 1
12 11 972 1
12 72 358 1
72 12 358 1
23 71 443 1
71 23 443 1
8 14 205 1
14 8 205 1
26 86 416 1
86 26 416 1
90 92 135 1
92 90 135 1
109 111 273 1
111 109 273 1
7 10 896 1
10 7 896 1
26 110 904 1
110 26 904 1
32 69 338 1
69 32 338 1
55 99 216 1
99 55 216 1
25 94 912 1
94 25 912 1
46 49 541 1
49 46 541 1
63 80 1146 1
80 63 1146 1
38 109 342 1
109 38 342 1
58 66 198 1
66 58 198 1
60 64 187 1
64 60 187 1
3 9 596 1
9 3 596 1
11 41 473 1
41 11 473 1
32 68 304 1
68 32 304 1
22 26 505 1
26 22 505 1
61 63 238 1
63 61 238 1
20 27 271 1
27 20 271 1
49 55 664 1
55 49 664 1
47 98 442 1
98 47 442 1
26 38 554 1
38 26 554 1
42 48 243 1
48 42 243 1
105 113 210 1
113 105 210 1
99 115 285 1
115 99 285 1
8 93 1382 1
93 8 1382 1
49 53 406 1
53 49 406 1
100 101 656 1
101 100 656 1
94 97 266 1
97 94 266 1
39 110 466 1
110 39 466 1
42 53 475 1
53 42 475 1
42 55 629 1
55 42 629 1
48 53 654 1
53 48 654 1
95 114 280 1
114 95 280 1
77 110 393 1
110 77 393 1
44 48 114 1
48 44 114 1
94 96 89 1
96 94 89 1
32 81 728 1
81 32 728 1
17 46 930 1
46 17 930 1
51 52 786 1
52 51 786 1
3 7 185 1
7 3 185 1
21 25 360 1
25 21 360 1
29 36 705 1
36 29 705 1
41 75 187 1
75 41 187 1
62 72 566 1
72 62 566 1
23 97 1057 1
97 23 1057 1
33 78 590 1
78 33 590 1
49 98 742 1
98 49 742 1
60 63 1021 1
63 60 1021 1
95 108 123 1
108 95 123 1
7 92 1445 1
92 7 1445 1
29 40 655 1
40 29 655 1
32 63 656 1
63 32 656 1
13 17 364 1
17 13 364 1
43 99 372 1
99 43 372 1
101 107 310 1
107 101 310 1
6 90 1185 1
90 6 1185 1
12 15 906 1
15 12 906 1
28 31 545 1
31 28 545 1
43 98 522 1
98 43 522 1
25 30 292 1
30 25 292 1
93 101 103 1
101 93 103 1
99 113 264 1
113 99 264 1
3 5 603 1
5 3 603 1
7 101 1268 1
101 7 1268 1
40 83 731 1
83 40 731 1
110 114 289 1
114 110 289 1
104 113 229 1
113 104 229 1
21 40 380 1
40 21 380 1
6 93 1425 1
93 6 1425 1
104 110 417 1
110 104 417 1
68 81 913 1
81 68 913 1
78 84 235 1
84 78 235 1
16 57 981 1
57 16 981 1
24 94 920 1
94 24 920 1
32 79 600 1
79 32 600 1
65 115 847 1
115 65 847 1
104 105 204 1
105 104 204 1
51 55 568 1
55 51 568 1
16 29 882 1
29 16 882 1
103 115 322 1
115 103 322 1
37 77 246 1
77 37 246 1
8 91 1373 1
91 8 1373 1
74 75 389 1
75 74 389 1
50 90 473 1
90 50 473 1
3 11 395 1
11 3 395 1
66 103 1026 1
103 66 1026 1
71 102 966 1
102 71 966 1
96 110 214 1
110 96 214 1
7 65 934 1
65 7 934 1
26 87 560 1
87 26 560 1
60 115 895 1
115 60 895 1
81 84 1146 1
84 81 1146 1
0 62 386 1
62 0 386 1
9 100 1346 1
100 9 1346 1
20 26 232 1
26 20 232 1
49 112 609 1
112 49 609 1
95 99 272 1
99 95 272 1
23 92 1466 1
92 23 1466 1
21 83 382 1
83 21 382 1
77 111 559 1
111 77 559 1
113 115 188 1
115 113 188 1
6 9 834 1
9 6 834 1
57 78 938 1
78 57 938 1
92 102 211 1
102 92 211 1
27 94 748 1
94 27 748 1
35 110 305 1
110 35 305 1
36 77 422 1
77 36 422 1
95 115 205 1
115 95 205 1
7 11 254 1
11 7 254 1
30 70 259 1
70 30 259 1
82 84 544 1
84 82 544 1
0 19 488 1
19 0 488 1
6 92 1291 1
92 6 1291 1
10 15 968 1
15 10 968 1
32 78 484 1
78 32 484 1
99 112 272 1
112 99 272 1
17 52 1166 1
52 17 1166 1
23 70 494 1
70 23 494 1
24 67 1223 1
67 24 1223 1
29 83 227 1
83 29 227 1
84 88 224 1
88 84 224 1
7 91 1186 1
91 7 1186 1
18 69 392 1
69 18 392 1
34 94 438 1
94 34 438 1
37 72 595 1
72 37 595 1
6 8 485 1
8 6 485 1
52 54 402 1
54 52 402 1
57 63 249 1
63 57 249 1
4 26 161 1
26 4 161 1
8 50 1336 1
50 8 1336 1
36 94 246 1
94 36 246 1
31 40 592 1
40 31 592 1
37 74 520 1
74 37 520 1
41 62 1018 1
62 41 1018 1
56 63 1014 1
63 56 1014 1
112 114 196 1
114 112 196 1
58 61 717 1
61 58 717 1
21 30 349 1
30 21 349 1
1 57 172 1
57 1 172 1
20 38 349 1
38 20 349 1
28 40 248 1
40 28 248 1
35 67 262 1
67 35 262 1
29 78 851 1
78 29 851 1
104 115 184 1
115 104 184 1
33 69 363 1
69 33 363 1
53 98 671 1
98 53 671 1
59 66 363 1
66 59 363 1
75 115 597 1
115 75 597 1
1 81 501 1
81 1 501 1
36 38 122 1
38 36 122 1
90 93 690 1
93 90 690 1
5 9 157 1
9 5 157 1
43 48 391 1
48 43 391 1
59 63 501 1
63 59 501 1
0 56 174 1
56 0 174 1
11 75 388 1
75 11 388 1
14 35 910 1
35 14 910 1
19 69 323 1
69 19 323 1
23 83 710 1
83 23 710 1
86 88 460 1
88 86 460 1
103 110 496 1
110 103 496 1
108 109 87 1
109 108 87 1
15 70 606 1
70 15 606 1
17 80 1070 1
80 17 1070 1
48 99 711 1
99 48 711 1
76 113 641 1
113 76 641 1
10 52 956 1
52 10 956 1
60 62 241 1
62 60 241 1
1 59 541 1
59 1 541 1
11 15 385 1
15 11 385 1
15 83 194 1
83 15 194 1
32 80 590 1
80 32 590 1
10 98 865 1
98 10 865 1
26 50 1256 1
50 26 1256 1
62 80 268 1
80 62 268 1
6 91 1386 1
91 6 1386 1
7 9 490 1
9 7 490 1
32 56 384 1
56 32 384 1
12 91 1349 1
91 12 1349 1
75 102 865 1
102 75 865 1
12 17 1046 1
17 12 1046 1
22 35 922 1
35 22 922 1
42 51 463 1
51 42 463 1
30 97 872 1
97 30 872 1
46 52 244 1
52 46 244 1
47 51 339 1
51 47 339 1
58 103 1188 1
103 58 1188 1
3 23 271 1
23 3 271 1
9 10 955 1
10 9 955 1
14 76 580 1
76 14 580 1
22 25 402 1
25 22 402 1
47 48 490 1
48 47 490 1
67 69 345 1
69 67 345 1
99 105 287 1
105 99 287 1
4 93 1288 1
93 4 1288 1
11 17 224 1
17 11 224 1
13 91 1074 1
91 13 1074 1
20 24 393 1
24 20 393 1
15 92 1292 1
92 15 1292 1
59 86 1363 1
86 59 1363 1
53 55 448 1
55 53 448 1
40 82 231 1
82 40 231 1
60 114 930 1
114 60 930 1
2 12 394 1
12 2 394 1
10 91 1269 1
91 10 1269 1
29 31 454 1
31 29 454 1
60 65 898 1
65 60 898 1
35 58 514 1
58 35 514 1
42 99 482 1
99 42 482 1
107 115 298 1
115 107 298 1
25 83 553 1
83 25 553 1
26 35 893 1
35 26 893 1
28 83 861 1
83 28 861 1
43 110 298 1
110 43 298 1
34 64 445 1
64 34 445 1
112 113 116 1
113 112 116 1
1 68 549 1
68 1 549 1
59 67 245 1
67 59 245 1
73 101 851 1
101 73 851 1
77 104 668 1
104 77 668 1
83 97 654 1
97 83 654 1
21 26 271 1
26 21 271 1
34 109 367 1
109 34 367 1
35 88 741 1
88 35 741 1
1 56 851 1
56 1 851 1
36 76 232 1
76 36 232 1
91 100 719 1
100 91 719 1
17 62 1129 1
62 17 1129 1
22 50 1336 1
50 22 1336 1
39 87 370 1
87 39 370 1
76 103 780 1
103 76 780 1
3 65 942 1
65 3 942 1
13 72 796 1
72 13 796 1
16 28 220 1
28 16 220 1
32 57 493 1
57 32 493 1
37 104 610 1
104 37 610 1
59 69 338 1
69 59 338 1
13 52 1405 1
52 13 1405 1
36 109 326 1
109 36 326 1
82 83 881 1
83 82 881 1
7 30 462 1
30 7 462 1
25 26 225 1
26 25 225 1
25 35 978 1
35 25 978 1
72 80 384 1
80 72 384 1
75 101 807 1
101 75 807 1
76 104 623 1
104 76 623 1
41 101 711 1
101 41 711 1
72 83 754 1
83 72 754 1
9 101 1217 1
101 9 1217 1
34 76 309 1
76 34 309 1
35 77 284 1
77 35 284 1
99 104 430 1
104 99 430 1
3 10 768 1
10 3 768 1
4 27 279 1
27 4 279 1
51 98 763 1
98 51 763 1
65 75 753 1
75 65 753 1
2 67 952 1
67 2 952 1
18 32 279 1
32 18 279 1
27 110 890 1
110 27 890 1
34 39 610 1
39 34 610 1
44 46 353 1
46 44 353 1
53 90 787 1
90 53 787 1
114 115 96 1
115 114 96 1
9 65 1235 1
65 9 1235 1
58 104 1061 1
104 58 1061 1
86 87 805 1
87 86 805 1
93 102 600 1
102 93 600 1
99 110 299 1
110 99 299 1
38 95 382 1
95 38 382 1
86 104 694 1
104 86 694 1
98 99 479 1
99 98 479 1
23 67 1077 1
67 23 1077 1
45 47 345 1
47 45 345 1
51 54 884 1
54 51 884 1
33 106 906 1
106 33 906 1
10 23 699 1
23 10 699 1
33 80 703 1
80 33 703 1
32 106 871 1
106 32 871 1
44 79 832 1
79 44 832 1
64 76 611 1
76 64 611 1
92 101 634 1
101 92 634 1
8 92 1269 1
92 8 1269 1
4 5 350 1
5 4 350 1
18 56 478 1
56 18 478 1
61 64 928 1
64 61 928 1
24 27 252 1
27 24 252 1
37 111 552 1
111 37 552 1
80 85 1121 1
85 80 1121 1
37 112 610 1
112 37 610 1
51 90 888 1
90 51 888 1
76 95 396 1
95 76 396 1
15 91 1009 1
91 15 1009 1
5 27 165 1
27 5 165 1
10 74 381 1
74 10 381 1
11 62 1169 1
62 11 1169 1
21 27 209 1
27 21 209 1
29 80 961 1
80 29 961 1
37 113 578 1
113 37 578 1
46 48 368 1
48 46 368 1
94 104 298 1
104 94 298 1
7 71 395 1
71 7 395 1
70 101 1040 1
101 70 1040 1
4 49 1415 1
49 4 1415 1
55 94 428 1
94 55 428 1
59 88 1182 1
88 59 1182 1
66 68 378 1
68 66 378 1
94 99 399 1
99 94 399 1
39 96 494 1
96 39 494 1
9 91 1212 1
91 9 1212 1
14 93 1238 1
93 14 1238 1
20 39 459 1
39 20 459 1
24 39 767 1
39 24 767 1
29 79 257 1
79 29 257 1
36 40 213 1
40 36 213 1
76 111 559 1
111 76 559 1
68 79 805 1
79 68 805 1
1 18 493 1
18 1 493 1
25 39 702 1
39 25 702 1
48 112 575 1
112 48 575 1
109 114 278 1
114 109 278 1
0 61 943 1
61 0 943 1
9 14 725 1
14 9 725 1
27 67 1105 1
67 27 1105 1
71 92 1069 1
92 71 1069 1
96 97 322 1
97 96 322 1
18 57 564 1
57 18 564 1
111 112 111 1
112 111 111 1
0 18 364 1
18 0 364 1
7 23 337 1
23 7 337 1
12 41 846 1
41 12 846 1
57 66 576 1
66 57 576 1
15 40 725 1
40 15 725 1
20 94 527 1
94 20 527 1
21 36 510 1
36 21 510 1
26 39 604 1
39 26 604 1
38 77 447 1
77 38 447 1
17 72 781 1
72 17 781 1
22 27 524 1
27 22 524 1
20 71 311 1
71 20 311 1
26 47 1071 1
47 26 1071 1
7 15 461 1
15 7 461 1
27 86 519 1
86 27 519 1
12 101 1369 1
101 12 1369 1
61 115 933 1
115 61 933 1
28 78 272 1
78 28 272 1
63 68 745 1
68 63 745 1
78 85 1017 1
85 78 1017 1
6 12 248 1
12 6 248 1
37 89 294 1
89 37 294 1
94 108 97 1
108 94 97 1
14 24 389 1
24 14 389 1
17 81 182 1
81 17 182 1
21 24 413 1
24 21 413 1
29 46 914 1
46 29 914 1
96 98 184 1
98 96 184 1
8 65 1425 1
65 8 1425 1
16 63 1092 1
63 16 1092 1
21 23 542 1
23 21 542 1
31 70 334 1
70 31 334 1
47 97 280 1
97 47 280 1
54 87 939 1
87 54 939 1
59 61 271 1
61 59 271 1
102 104 159 1
104 102 159 1
13 29 290 1
29 13 290 1
3 8 773 1
8 3 773 1
3 22 347 1
22 3 347 1
9 11 523 1
11 9 523 1
13 41 490 1
41 13 490 1
105 109 371 1
109 105 371 1
105 110 411 1
110 105 411 1
26 96 811 1
96 26 811 1
28 70 247 1
70 28 247 1
37 76 441 1
76 37 441 1
42 50 271 1
50 42 271 1
52 74 808 1
74 52 808 1
69 79 707 1
79 69 707 1
33 81 613 1
81 33 613 1
47 50 544 1
50 47 544 1
62 107 1088 1
107 62 1088 1
10 46 902 1
46 10 902 1
50 87 1314 1
87 50 1314 1
58 88 918 1
88 58 918 1
3 92 1420 1
92 3 1420 1
44 47 404 1
47 44 404 1
46 51 585 1
51 46 585 1
15 93 1054 1
93 15 1054 1
17 19 648 1
19 17 648 1
19 33 238 1
33 19 238 1
55 109 337 1
109 55 337 1
60 103 1182 1
103 60 1182 1
15 23 561 1
23 15 561 1
28 36 321 1
36 28 321 1
38 55 598 1
55 38 598 1
70 93 1035 1
93 70 1035 1
72 101 1016 1
101 72 1016 1
104 109 377 1
109 104 377 1
10 100 983 1
100 10 983 1
37 115 443 1
115 37 443 1
39 104 557 1
104 39 557 1
50 112 538 1
112 50 538 1
54 98 204 1
98 54 204 1
1 32 484 1
32 1 484 1
24 31 318 1
31 24 318 1
25 34 1006 1
34 25 1006 1
44 78 731 1
78 44 731 1
59 60 718 1
60 59 718 1
110 115 264 1
115 110 264 1
34 67 275 1
67 34 275 1
87 94 753 1
94 87 753 1
17 78 955 1
78 17 955 1
17 79 135 1
79 17 135 1
81 85 175 1
85 81 175 1
102 103 508 1
103 102 508 1
2 23 340 1
23 2 340 1
4 50 1323 1
50 4 1323 1
29 73 113 1
73 29 113 1
46 97 424 1
97 46 424 1
71 93 964 1
93 71 964 1
85 89 220 1
89 85 220 1
24 30 283 1
30 24 283 1
25 67 1191 1
67 25 1191 1
37 39 117 1
39 37 117 1
47 94 415 1
94 47 415 1
57 96 913 1
96 57 913 1
5 24 252 1
24 5 252 1
12 70 392 1
70 12 392 1
69 88 1077 1
88 69 1077 1
14 92 1074 1
92 14 1074 1
33 41 611 1
41 33 611 1
52 98 272 1
98 52 272 1
73 107 585 1
107 73 585 1
74 101 945 1
101 74 945 1
1 69 441 1
69 1 441 1
2 60 843 1
60 2 843 1
24 38 730 1
38 24 730 1
44 55 743 1
55 44 743 1
50 52 243 1
52 50 243 1
76 109 320 1
109 76 320 1
1 19 351 1
19 1 351 1
2 62 788 1
62 2 788 1
11 73 310 1
73 11 310 1
34 110 327 1
110 34 327 1
51 99 497 1
99 51 497 1
61 95 778 1
95 61 778 1
99 114 265 1
114 99 265 1
16 72 287 1
72 16 287 1
36 39 517 1
39 36 517 1
69 81 801 1
81 69 801 1
70 72 158 1
72 70 158 1
87 109 723 1
109 87 723 1
5 65 1232 1
65 5 1232 1
19 74 670 1
74 19 670 1
51 91 505 1
91 51 505 1
5 22 506 1
22 5 506 1
12 71 631 1
71 12 631 1
22 23 140 1
23 22 140 1
37 105 506 1
105 37 506 1
15 82 832 1
82 15 832 1
39 111 575 1
111 39 575 1
76 94 331 1
94 76 331 1
87 110 837 1
110 87 837 1
91 102 669 1
102 91 669 1
6 100 1229 1
100 6 1229 1
14 15 772 1
15 14 772 1
17 98 995 1
98 17 995 1
24 97 1000 1
97 24 1000 1
30 83 641 1
83 30 641 1
55 95 221 1
95 55 221 1
6 10 299 1
10 6 299 1
12 52 1107 1
52 12 1107 1
23 82 788 1
82 23 788 1
33 68 378 1
68 33 378 1
48 54 669 1
54 48 669 1
61 75 723 1
75 61 723 1
57 59 382 1
59 57 382 1
15 72 724 1
72 15 724 1
26 109 775 1
109 26 775 1
27 87 439 1
87 27 439 1
45 48 304 1
48 45 304 1
46 96 270 1
96 46 270 1
56 80 431 1
80 56 431 1
95 104 381 1
104 95 381 1
8 49 1478 1
49 8 1478 1
9 90 1391 1
90 9 1391 1
77 103 704 1
103 77 704 1
36 79 738 1
79 36 738 1
61 113 968 1
113 61 968 1
0 32 356 1
32 0 356 1
17 53 802 1
53 17 802 1
18 79 755 1
79 18 755 1
25 38 749 1
38 25 749 1
28 46 774 1
46 28 774 1
36 81 848 1
81 36 848 1
22 88 1044 1
88 22 1044 1
43 51 245 1
51 43 245 1
44 98 563 1
98 44 563 1
2 91 1366 1
91 2 1366 1
2 101 1431 1
101 2 1431 1
21 71 214 1
71 21 214 1
46 99 446 1
99 46 446 1
63 69 603 1
69 63 603 1
76 112 647 1
112 76 647 1
27 96 825 1
96 27 825 1
30 40 513 1
40 30 513 1
57 61 216 1
61 57 216 1
0 17 982 1
17 0 982 1
4 48 1379 1
48 4 1379 1
11 89 636 1
89 11 636 1
17 63 324 1
63 17 324 1
104 112 332 1
112 104 332 1
4 90 1167 1
90 4 1167 1
26 66 1142 1
66 26 1142 1
34 66 268 1
66 34 268 1
38 87 730 1
87 38 730 1
44 56 714 1
56 44 714 1
49 54 854 1
54 49 854 1
58 114 970 1
114 58 970 1
68 110 813 1
110 68 813 1
5 100 1233 1
100 5 1233 1
22 34 922 1
34 22 922 1
23 100 1403 1
100 23 1403 1
47 99 231 1
99 47 231 1
48 90 628 1
90 48 628 1
3 14 804 1
14 3 804 1
6 23 465 1
23 6 465 1
58 69 426 1
69 58 426 1
64 114 838 1
114 64 838 1
67 85 682 1
85 67 682 1
74 89 810 1
89 74 810 1
96 109 176 1
109 96 176 1
11 72 773 1
72 11 773 1
11 101 1062 1
101 11 1062 1
36 37 542 1
37 36 542 1
3 35 775 1
35 3 775 1
10 71 639 1
71 10 639 1
20 25 402 1
25 20 402 1
34 114 610 1
114 34 610 1
57 86 1231 1
86 57 1231 1
82 88 444 1
88 82 444 1
4 45 1366 1
45 4 1366 1
17 28 894 1
28 17 894 1
39 113 565 1
113 39 565 1
40 41 506 1
41 40 506 1
1 89 788 1
89 1 788 1
33 74 480 1
74 33 480 1
36 72 276 1
72 36 276 1
48 105 862 1
105 48 862 1
68 96 891 1
96 68 891 1
6 102 1207 1
102 6 1207 1
33 79 486 1
79 33 486 1
44 99 632 1
99 44 632 1
57 58 735 1
58 57 735 1
60 105 1068 1
105 60 1068 1
18 81 878 1
81 18 878 1
27 66 1140 1
66 27 1140 1
28 80 329 1
80 28 329 1
37 110 431 1
110 37 431 1
40 73 549 1
73 40 549 1
54 55 651 1
55 54 651 1
0 81 1076 1
81 0 1076 1
1 60 923 1
60 1 923 1
12 29 886 1
29 12 886 1
37 114 513 1
114 37 513 1
87 112 968 1
112 87 968 1
91 101 197 1
101 91 197 1
28 73 629 1
73 28 629 1
48 58 400 1
58 48 400 1
54 89 853 1
89 54 853 1
68 78 695 1
78 68 695 1
71 101 966 1
101 71 966 1
4 103 1174 1
103 4 1174 1
5 45 1343 1
45 5 1343 1
10 101 1302 1
101 10 1302 1
22 94 996 1
94 22 996 1
50 91 845 1
91 50 845 1
22 110 1082 1
110 22 1082 1
27 57 990 1
57 27 990 1
29 70 512 1
70 29 512 1
34 58 424 1
58 34 424 1
37 95 241 1
95 37 241 1
87 95 598 1
95 87 598 1
1 80 1054 1
80 1 1054 1
5 7 538 1
7 5 538 1
8 48 1406 1
48 8 1406 1
56 84 539 1
84 56 539 1
7 93 1261 1
93 7 1261 1
12 73 783 1
73 12 783 1
36 78 263 1
78 36 263 1
50 54 543 1
54 50 543 1
99 109 321 1
109 99 321 1
6 11 866 1
11 6 866 1
74 80 415 1
80 74 415 1
94 111 316 1
111 94 316 1
32 62 548 1
62 32 548 1
37 99 410 1
99 37 410 1
39 55 254 1
55 39 254 1
60 66 370 1
66 60 370 1
95 103 393 1
103 95 393 1
3 24 623 1
24 3 623 1
14 34 879 1
34 14 879 1
33 75 426 1
75 33 426 1
57 80 1050 1
80 57 1050 1
63 79 303 1
79 63 303 1
70 73 402 1
73 70 402 1
87 111 938 1
111 87 938 1
12 28 275 1
28 12 275 1
12 40 490 1
40 12 490 1
12 102 1064 1
102 12 1064 1
35 66 331 1
66 35 331 1
64 66 392 1
66 64 392 1
13 40 857 1
40 13 857 1
24 110 1066 1
110 24 1066 1
25 27 193 1
27 25 193 1
53 91 265 1
91 53 265 1
77 87 602 1
87 77 602 1
0 16 380 1
16 0 380 1
3 15 589 1
15 3 589 1
23 85 1053 1
85 23 1053 1
29 81 342 1
81 29 342 1
35 64 566 1
64 35 566 1
48 98 566 1
98 48 566 1
54 99 587 1
99 54 587 1
58 63 892 1
63 58 892 1
58 86 1196 1
86 58 1196 1
6 70 405 1
70 6 405 1
38 96 284 1
96 38 284 1
0 113 1107 1
113 0 1107 1
52 91 777 1
91 52 777 1
70 83 652 1
83 70 652 1
86 110 816 1
110 86 816 1
0 88 782 1
88 0 782 1
9 15 219 1
15 9 219 1
28 91 1086 1
91 28 1086 1
62 101 1225 1
101 62 1225 1
64 77 767 1
77 64 767 1
6 13 864 1
13 6 864 1
10 17 1029 1
17 10 1029 1
10 73 783 1
73 10 783 1
39 99 432 1
99 39 432 1
42 45 300 1
45 42 300 1
59 89 931 1
89 59 931 1
2 90 1252 1
90 2 1252 1
5 20 424 1
20 5 424 1
33 84 801 1
84 33 801 1
37 107 342 1
107 37 342 1
45 65 388 1
65 45 388 1
3 67 879 1
67 3 879 1
35 94 438 1
94 35 438 1
36 97 483 1
97 36 483 1
42 96 429 1
96 42 429 1
51 87 1076 1
87 51 1076 1
70 74 155 1
74 70 155 1
10 30 501 1
30 10 501 1
18 33 288 1
33 18 288 1
5 71 431 1
71 5 431 1
65 100 1146 1
100 65 1146 1
94 114 259 1
114 94 259 1
10 40 460 1
40 10 460 1
10 70 382 1
70 10 382 1
41 89 415 1
89 41 415 1
46 78 577 1
78 46 577 1
59 103 1115 1
103 59 1115 1
95 96 288 1
96 95 288 1
19 56 574 1
56 19 574 1
22 76 708 1
76 22 708 1
31 39 657 1
39 31 657 1
37 103 537 1
103 37 537 1
87 104 852 1
104 87 852 1
4 110 1015 1
110 4 1015 1
5 67 1194 1
67 5 1194 1
10 75 732 1
75 10 732 1
13 75 440 1
75 13 440 1
15 31 431 1
31 15 431 1
30 33 526 1
33 30 526 1
65 101 880 1
101 65 880 1
70 91 1000 1
91 70 1000 1
76 105 661 1
105 76 661 1
29 97 574 1
97 29 574 1
42 79 812 1
79 42 812 1
54 86 568 1
86 54 568 1
60 101 1230 1
101 60 1230 1
72 107 763 1
107 72 763 1
87 113 899 1
113 87 899 1
103 112 375 1
112 103 375 1
11 98 1130 1
98 11 1130 1
36 83 816 1
83 36 816 1
43 50 494 1
50 43 494 1
46 91 577 1
91 46 577 1
86 103 950 1
103 86 950 1
0 115 997 1
115 0 997 1
13 71 401 1
71 13 401 1
15 28 819 1
28 15 819 1
60 113 938 1
113 60 938 1
72 75 453 1
75 72 453 1
76 90 664 1
90 76 664 1
3 100 1385 1
100 3 1385 1
4 86 435 1
86 4 435 1
61 68 615 1
68 61 615 1
82 86 143 1
86 82 143 1
6 15 884 1
15 6 884 1
19 32 289 1
32 19 289 1
30 101 1224 1
101 30 1224 1
22 53 1432 1
53 22 1432 1
37 40 562 1
40 37 562 1
55 97 173 1
97 55 173 1
66 110 549 1
110 66 549 1
0 58 565 1
58 0 565 1
20 23 575 1
23 20 575 1
99 103 258 1
103 99 258 1
103 109 477 1
109 103 477 1
105 108 296 1
108 105 296 1
1 62 1027 1
62 1 1027 1
10 80 357 1
80 10 357 1
14 50 1150 1
50 14 1150 1
20 31 387 1
31 20 387 1
26 43 1155 1
43 26 1155 1
30 102 1111 1
102 30 1111 1
45 110 453 1
110 45 453 1
6 64 941 1
64 6 941 1
35 39 531 1
39 35 531 1
1 115 1005 1
115 1 1005 1
22 51 1360 1
51 22 1360 1
25 96 984 1
96 25 984 1
26 51 1298 1
51 26 1298 1
26 104 905 1
104 26 905 1
12 100 1084 1
100 12 1084 1
35 86 906 1
86 35 906 1
37 61 677 1
61 37 677 1
38 83 760 1
83 38 760 1
38 104 427 1
104 38 427 1
47 52 540 1
52 47 540 1
69 86 1203 1
86 69 1203 1
85 96 743 1
96 85 743 1
90 100 182 1
100 90 182 1
15 29 295 1
29 15 295 1
20 103 873 1
103 20 873 1
43 53 293 1
53 43 293 1
49 105 843 1
105 49 843 1
57 84 1116 1
84 57 1116 1
80 82 469 1
82 80 469 1
1 58 829 1
58 1 829 1
17 40 824 1
40 17 824 1
18 111 1051 1
111 18 1051 1
27 35 871 1
35 27 871 1
35 109 338 1
109 35 338 1
94 113 328 1
113 94 328 1
54 96 167 1
96 54 167 1
24 71 494 1
71 24 494 1
28 30 436 1
30 28 436 1
34 88 672 1
88 34 672 1
35 59 475 1
59 35 475 1
58 110 699 1
110 58 699 1
63 89 569 1
89 63 569 1
64 103 1097 1
103 64 1097 1
70 97 668 1
97 70 668 1
5 23 453 1
23 5 453 1
11 65 770 1
65 11 770 1
18 113 1181 1
113 18 1181 1
27 68 1083 1
68 27 1083 1
35 114 586 1
114 35 586 1
37 73 278 1
73 37 278 1
48 87 1307 1
87 48 1307 1
69 106 1139 1
106 69 1139 1
73 75 84 1
75 73 84 1
5 50 1417 1
50 5 1417 1
16 46 699 1
46 16 699 1
23 93 1407 1
93 23 1407 1
27 43 1124 1
43 27 1124 1
85 97 439 1
97 85 439 1
4 51 1418 1
51 4 1418 1
16 42 811 1
42 16 811 1
28 79 847 1
79 28 847 1
31 94 836 1
94 31 836 1
39 114 488 1
114 39 488 1
43 94 518 1
94 43 518 1
69 78 773 1
78 69 773 1
76 87 753 1
87 76 753 1
7 31 345 1
31 7 345 1
15 30 522 1
30 15 522 1
48 111 498 1
111 48 498 1
70 92 982 1
92 70 982 1
3 13 410 1
13 3 410 1
28 82 255 1
82 28 255 1
3 90 1350 1
90 3 1350 1
29 62 1067 1
62 29 1067 1
8 51 1496 1
51 8 1496 1
8 100 1159 1
100 8 1159 1
19 106 1134 1
106 19 1134 1
32 84 691 1
84 32 691 1
36 57 914 1
57 36 914 1
42 52 325 1
52 42 325 1
75 100 924 1
100 75 924 1
1 79 428 1
79 1 428 1
5 8 493 1
8 5 493 1
11 91 974 1
91 11 974 1
28 97 752 1
97 28 752 1
43 111 293 1
111 43 293 1
53 99 316 1
99 53 316 1
66 94 692 1
94 66 692 1
71 72 402 1
72 71 402 1
11 29 239 1
29 11 239 1
20 104 727 1
104 20 727 1
31 72 482 1
72 31 482 1
45 61 513 1
61 45 513 1
108 110 194 1
110 108 194 1
0 64 574 1
64 0 574 1
2 13 744 1
13 2 744 1
4 9 500 1
9 4 500 1
20 30 328 1
30 20 328 1
25 47 1189 1
47 25 1189 1
25 71 434 1
71 25 434 1
34 93 788 1
93 34 788 1
82 92 909 1
92 82 909 1
2 3 405 1
3 2 405 1
3 52 1342 1
52 3 1342 1
24 70 465 1
70 24 465 1
41 63 682 1
63 41 682 1
67 92 922 1
92 67 922 1
78 107 864 1
107 78 864 1
99 108 310 1
108 99 310 1
1 41 715 1
41 1 715 1
9 23 475 1
23 9 475 1
22 93 1426 1
93 22 1426 1
38 110 451 1
110 38 451 1
54 112 454 1
112 54 454 1
56 96 743 1
96 56 743 1
59 68 484 1
68 59 484 1
3 6 559 1
6 3 559 1
7 75 499 1
75 7 499 1
14 64 1035 1
64 14 1035 1
14 74 378 1
74 14 378 1
28 74 188 1
74 28 188 1
34 104 710 1
104 34 710 1
49 90 859 1
90 49 859 1
53 87 998 1
87 53 998 1
63 78 1033 1
78 63 1033 1
6 30 365 1
30 6 365 1
6 83 986 1
83 6 986 1
13 70 648 1
70 13 648 1
13 101 1137 1
101 13 1137 1
52 89 1027 1
89 52 1027 1
58 68 392 1
68 58 392 1
71 91 911 1
91 71 911 1
18 103 1302 1
103 18 1302 1
21 29 329 1
29 21 329 1
27 47 1038 1
47 27 1038 1
33 107 867 1
107 33 867 1
76 110 394 1
110 76 394 1
110 112 272 1
112 110 272 1
13 102 1295 1
102 13 1295 1
14 90 988 1
90 14 988 1
19 81 772 1
81 19 772 1
20 114 742 1
114 20 742 1
27 59 1253 1
59 27 1253 1
57 110 760 1
110 57 760 1
2 10 438 1
10 2 438 1
3 74 666 1
74 3 666 1
12 30 419 1
30 12 419 1
38 113 550 1
113 38 550 1
49 52 718 1
52 49 718 1
53 112 421 1
112 53 421 1
56 58 427 1
58 56 427 1
58 64 312 1
64 58 312 1
70 76 285 1
76 70 285 1
91 98 616 1
98 91 616 1
13 100 1359 1
100 13 1359 1
16 112 888 1
112 16 888 1
21 109 565 1
109 21 565 1
27 104 911 1
104 27 911 1
43 57 691 1
57 43 691 1
43 68 807 1
68 43 807 1
68 84 871 1
84 68 871 1
4 20 334 1
20 4 334 1
16 32 504 1
32 16 504 1
16 36 349 1
36 16 349 1
27 38 594 1
38 27 594 1
56 99 1051 1
99 56 1051 1
60 111 787 1
111 60 787 1
3 4 707 1
4 3 707 1
31 36 716 1
36 31 716 1
33 63 547 1
63 33 547 1
43 79 634 1
79 43 634 1
84 86 610 1
86 84 610 1
108 111 286 1
111 108 286 1
8 74 530 1
74 8 530 1
9 74 740 1
74 9 740 1
24 66 1233 1
66 24 1233 1
31 102 1165 1
102 31 1165 1
68 80 778 1
80 68 778 1
49 111 530 1
111 49 530 1
58 67 368 1
67 58 368 1
97 108 170 1
108 97 170 1
1 106 1164 1
106 1 1164 1
3 25 566 1
25 3 566 1
7 62 1148 1
62 7 1148 1
33 56 531 1
56 33 531 1
35 69 473 1
69 35 473 1
36 95 408 1
95 36 408 1
45 96 643 1
96 45 643 1
49 96 720 1
96 49 720 1
68 88 1023 1
88 68 1023 1
14 82 179 1
82 14 179 1
28 98 715 1
98 28 715 1
51 112 579 1
112 51 579 1
56 111 893 1
111 56 893 1
88 89 1035 1
89 88 1035 1
4 114 1058 1
114 4 1058 1
50 55 863 1
55 50 863 1
60 69 564 1
69 60 564 1
61 62 1047 1
62 61 1047 1
68 89 1110 1
89 68 1110 1
79 98 871 1
98 79 871 1
87 103 754 1
103 87 754 1
13 28 892 1
28 13 892 1
28 101 1105 1
101 28 1105 1
31 92 1282 1
92 31 1282 1
5 25 129 1
25 5 129 1
6 73 748 1
73 6 748 1
30 100 1157 1
100 30 1157 1
36 55 626 1
55 36 626 1
48 52 415 1
52 48 415 1
76 93 823 1
93 76 823 1
3 70 520 1
70 3 520 1
4 92 1237 1
92 4 1237 1
25 70 480 1
70 25 480 1
29 52 1136 1
52 29 1136 1
41 52 1018 1
52 41 1018 1
66 105 960 1
105 66 960 1
95 112 395 1
112 95 395 1
15 97 790 1
97 15 790 1
48 113 676 1
113 48 676 1
34 95 480 1
95 34 480 1
41 115 555 1
115 41 555 1
66 88 875 1
88 66 875 1
82 91 1133 1
91 82 1133 1
102 114 295 1
114 102 295 1
5 10 825 1
10 5 825 1
10 33 638 1
33 10 638 1
11 37 515 1
37 11 515 1
17 54 969 1
54 17 969 1
18 86 1008 1
86 18 1008 1
18 110 887 1
110 18 887 1
36 112 594 1
112 36 594 1
38 114 469 1
114 38 469 1
57 109 768 1
109 57 768 1
1 17 391 1
17 1 391 1
24 77 754 1
77 24 754 1
40 71 481 1
71 40 481 1
44 111 448 1
111 44 448 1
64 115 820 1
115 64 820 1
102 112 391 1
112 102 391 1
0 59 847 1
59 0 847 1
1 37 646 1
37 1 646 1
17 41 414 1
41 17 414 1
17 42 942 1
42 17 942 1
39 97 289 1
97 39 289 1
47 110 210 1
110 47 210 1
62 75 893 1
75 62 893 1
87 114 818 1
114 87 818 1
12 80 516 1
80 12 516 1
13 54 1130 1
54 13 1130 1
15 62 1246 1
62 15 1246 1
22 70 443 1
70 22 443 1
26 48 1303 1
48 26 1303 1
38 97 469 1
97 38 469 1
39 83 378 1
83 39 378 1
59 104 1146 1
104 59 1146 1
67 88 939 1
88 67 939 1
72 76 257 1
76 72 257 1
2 66 917 1
66 2 917 1
6 19 593 1
19 6 593 1
6 71 586 1
71 6 586 1
22 86 800 1
86 22 800 1
26 34 907 1
34 26 907 1
36 47 622 1
47 36 622 1
53 54 818 1
54 53 818 1
79 84 1035 1
84 79 1035 1
4 58 1292 1
58 4 1292 1
14 110 912 1
110 14 912 1
28 81 975 1
81 28 975 1
36 82 401 1
82 36 401 1
43 56 867 1
56 43 867 1
45 75 846 1
75 45 846 1
46 79 801 1
79 46 801 1
50 99 730 1
99 50 730 1
57 105 1066 1
105 57 1066 1
86 111 918 1
111 86 918 1
9 52 1482 1
52 9 1482 1
11 80 1102 1
80 11 1102 1
22 111 1251 1
111 22 1251 1
26 103 1030 1
103 26 1030 1
36 56 615 1
56 36 615 1
38 105 521 1
105 38 521 1
42 91 584 1
91 42 584 1
56 86 911 1
86 56 911 1
77 105 632 1
105 77 632 1
0 80 485 1
80 0 485 1
2 102 1269 1
102 2 1269 1
9 13 376 1
13 9 376 1
21 70 303 1
70 21 303 1
26 55 856 1
55 26 856 1
31 82 641 1
82 31 641 1
36 68 821 1
68 36 821 1
40 74 182 1
74 40 182 1
61 114 963 1
114 61 963 1
70 82 411 1
82 70 411 1
75 104 746 1
104 75 746 1
77 83 539 1
83 77 539 1
104 108 301 1
108 104 301 1
105 112 319 1
112 105 319 1
18 106 1114 1
106 18 1114 1
24 93 1326 1
93 24 1326 1
27 69 1092 1
69 27 1092 1
29 30 533 1
30 29 533 1
35 76 333 1
76 35 333 1
35 104 705 1
104 35 705 1
74 107 691 1
107 74 691 1
13 73 358 1
73 13 358 1
30 92 1230 1
92 30 1230 1
38 76 305 1
76 38 305 1
43 95 483 1
95 43 483 1
43 109 418 1
109 43 418 1
56 113 1026 1
113 56 1026 1
64 67 549 1
67 64 549 1
64 113 831 1
113 64 831 1
68 86 1151 1
86 68 1151 1
75 80 775 1
80 75 775 1
1 16 963 1
16 1 963 1
3 71 399 1
71 3 399 1
4 14 255 1
14 4 255 1
5 26 263 1
26 5 263 1
20 100 857 1
100 20 857 1
56 105 1117 1
105 56 1117 1
74 78 322 1
78 74 322 1
87 105 742 1
105 87 742 1
103 107 239 1
107 103 239 1
7 8 828 1
8 7 828 1
64 111 682 1
111 64 682 1
78 98 547 1
98 78 547 1
87 89 476 1
89 87 476 1
10 72 309 1
72 10 309 1
10 92 1051 1
92 10 1051 1
15 17 481 1
17 15 481 1
19 80 851 1
80 19 851 1
20 22 544 1
22 20 544 1
24 83 669 1
83 24 669 1
28 42 898 1
42 28 898 1
35 103 749 1
103 35 749 1
60 75 915 1
75 60 915 1
69 89 1015 1
89 69 1015 1
80 98 568 1
98 80 568 1
80 107 937 1
107 80 937 1
108 114 218 1
114 108 218 1
18 74 626 1
74 18 626 1
20 102 804 1
102 20 804 1
46 50 303 1
50 46 303 1
64 101 1142 1
101 64 1142 1
12 23 607 1
23 12 607 1
16 19 740 1
19 16 740 1
19 68 313 1
68 19 313 1
26 67 1128 1
67 26 1128 1
40 80 433 1
80 40 433 1
42 54 525 1
54 42 525 1
46 54 354 1
54 46 354 1
60 88 724 1
88 60 724 1
86 94 606 1
94 86 606 1
108 113 292 1
113 108 292 1
4 112 1211 1
112 4 1211 1
15 21 348 1
21 15 348 1
29 37 304 1
37 29 304 1
29 112 910 1
112 29 910 1
94 103 496 1
103 94 496 1
7 90 1390 1
90 7 1390 1
40 62 664 1
62 40 664 1
40 97 584 1
97 40 584 1
49 115 753 1
115 49 753 1
50 110 492 1
110 50 492 1
61 111 816 1
111 61 816 1
65 114 861 1
114 65 861 1
66 114 833 1
114 66 833 1
13 80 1155 1
80 13 1155 1
18 114 1134 1
114 18 1134 1
27 103 986 1
103 27 986 1
31 100 1216 1
100 31 1216 1
41 102 822 1
102 41 822 1
54 59 1020 1
59 54 1020 1
72 78 300 1
78 72 300 1
5 93 1207 1
93 5 1207 1
8 73 750 1
73 8 750 1
12 107 1106 1
107 12 1106 1
43 105 608 1
105 43 608 1
68 106 1131 1
106 68 1131 1
71 97 615 1
97 71 615 1
82 97 814 1
97 82 814 1
0 57 825 1
57 0 825 1
6 67 991 1
67 6 991 1
19 63 644 1
63 19 644 1
55 79 394 1
79 55 394 1
5 35 974 1
35 5 974 1
9 50 1509 1
50 9 1509 1
9 71 488 1
71 9 488 1
11 19 598 1
19 11 598 1
14 111 1046 1
111 14 1046 1
26 77 632 1
77 26 632 1
27 39 536 1
39 27 536 1
41 112 775 1
112 41 775 1
45 112 552 1
112 45 552 1
56 66 485 1
66 56 485 1
73 100 1005 1
100 73 1005 1
83 87 158 1
87 83 158 1
2 93 1417 1
93 2 1417 1
8 101 1359 1
101 8 1359 1
14 86 272 1
86 14 272 1
19 90 1212 1
90 19 1212 1
26 58 1249 1
58 26 1249 1
30 85 964 1
85 30 964 1
33 85 703 1
85 33 703 1
72 81 860 1
81 72 860 1
8 45 1422 1
45 8 1422 1
26 99 1000 1
99 26 1000 1
29 41 234 1
41 29 234 1
32 107 906 1
107 32 906 1
44 96 580 1
96 44 580 1
55 87 559 1
87 55 559 1
56 61 920 1
61 56 920 1
15 100 1225 1
100 15 1225 1
16 44 837 1
44 16 837 1
32 61 611 1
61 32 611 1
47 109 317 1
109 47 317 1
63 88 1219 1
88 63 1219 1
63 115 886 1
115 63 886 1
3 53 1253 1
53 3 1253 1
24 88 947 1
88 24 947 1
