116 2668
42 43 239 1
43 42 239 1
58 59 496 1
59 58 496 1
59 66 363 1
66 59 363 1
94 108 97 1
108 94 97 1
26 27 135 1
27 26 135 1
44 45 194 1
45 44 194 1
4 5 350 1
5 4 350 1
95 108 123 1
108 95 123 1
5 27 165 1
27 5 165 1
44 49 304 1
49 44 304 1
18 19 147 1
19 18 147 1
45 49 111 1
49 45 111 1
19 66 600 1
66 19 600 1
43 47 146 1
47 43 146 1
80 81 1113 1
81 80 1113 1
5 26 263 1
26 5 263 1
2 6 165 1
6 2 165 1
58 66 198 1
66 58 198 1
46 47 309 1
47 46 309 1
30 31 127 1
31 30 127 1
24 25 135 1
25 24 135 1
42 47 281 1
47 42 281 1
1 68 549 1
68 1 549 1
43 46 341 1
46 43 341 1
106 107 486 1
107 106 486 1
2 3 405 1
3 2 405 1
90 91 735 1
91 90 735 1
9 24 385 1
24 9 385 1
16 80 152 1
80 16 152 1
98 111 265 1
111 98 265 1
52 53 746 1
53 52 746 1
19 59 618 1
59 19 618 1
101 103 106 1
103 101 106 1
15 24 514 1
24 15 514 1
19 68 313 1
68 19 313 1
11 13 168 1
13 11 168 1
113 114 95 1
114 113 95 1
10 11 986 1
11 10 986 1
10 12 181 1
12 10 181 1
16 17 998 1
17 16 998 1
18 66 623 1
66 18 623 1
46 110 220 1
110 46 220 1
56 60 232 1
60 56 232 1
20 21 185 1
21 20 185 1
42 46 173 1
46 42 173 1
43 111 293 1
111 43 293 1
11 62 1169 1
62 11 1169 1
94 95 213 1
95 94 213 1
9 15 219 1
15 9 219 1
66 68 378 1
68 66 378 1
93 101 103 1
101 93 103 1
8 9 638 1
9 8 638 1
60 64 187 1
64 60 187 1
1 19 351 1
19 1 351 1
28 80 329 1
80 28 329 1
2 22 228 1
22 2 228 1
102 104 159 1
104 102 159 1
110 111 172 1
111 110 172 1
12 30 419 1
30 12 419 1
48 50 202 1
50 48 202 1
103 104 369 1
104 103 369 1
60 61 893 1
61 60 893 1
47 110 210 1
110 47 210 1
46 55 584 1
55 46 584 1
51 53 271 1
53 51 271 1
58 68 392 1
68 58 392 1
9 25 252 1
25 9 252 1
59 68 484 1
68 59 484 1
78 79 878 1
79 78 878 1
47 111 188 1
111 47 188 1
3 23 271 1
23 3 271 1
76 77 238 1
77 76 238 1
48 49 410 1
49 48 410 1
94 115 181 1
115 94 181 1
71 77 297 1
77 71 297 1
96 97 322 1
97 96 322 1
1 59 541 1
59 1 541 1
3 19 382 1
19 3 382 1
28 72 116 1
72 28 116 1
44 48 114 1
48 44 114 1
87 89 476 1
89 87 476 1
0 60 405 1
60 0 405 1
36 81 848 1
81 36 848 1
55 96 492 1
96 55 492 1
2 23 340 1
23 2 340 1
3 18 417 1
18 3 417 1
19 58 678 1
58 19 678 1
73 74 458 1
74 73 458 1
47 55 367 1
55 47 367 1
1 58 829 1
58 1 829 1
14 15 772 1
15 14 772 1
70 77 376 1
77 70 376 1
1 66 683 1
66 1 683 1
29 72 629 1
72 29 629 1
2 19 481 1
19 2 481 1
4 26 161 1
26 4 161 1
15 25 386 1
25 15 386 1
29 80 961 1
80 29 961 1
56 62 252 1
62 56 252 1
16 28 220 1
28 16 220 1
21 109 565 1
109 21 565 1
6 23 465 1
23 6 465 1
16 78 122 1
78 16 122 1
25 26 225 1
26 25 225 1
42 111 258 1
111 42 258 1
4 24 144 1
24 4 144 1
28 36 321 1
36 28 321 1
96 98 184 1
98 96 184 1
3 6 559 1
6 3 559 1
101 102 595 1
102 101 595 1
2 18 379 1
18 2 379 1
3 89 961 1
89 3 961 1
56 57 840 1
57 56 840 1
11 45 1014 1
45 11 1014 1
84 85 1130 1
85 84 1130 1
12 29 886 1
29 12 886 1
17 29 223 1
29 17 223 1
98 112 277 1
112 98 277 1
60 62 241 1
62 60 241 1
1 18 493 1
18 1 493 1
37 96 506 1
96 37 506 1
55 82 916 1
82 55 916 1
56 61 920 1
61 56 920 1
5 25 129 1
25 5 129 1
46 111 189 1
111 46 189 1
102 103 508 1
103 102 508 1
98 99 479 1
99 98 479 1
39 96 494 1
96 39 494 1
20 70 213 1
70 20 213 1
13 77 608 1
77 13 608 1
28 76 345 1
76 28 345 1
74 75 389 1
75 74 389 1
43 110 298 1
110 43 298 1
87 88 1035 1
88 87 1035 1
4 27 279 1
27 4 279 1
20 71 311 1
71 20 311 1
49 51 172 1
51 49 172 1
99 112 272 1
112 99 272 1
22 23 140 1
23 22 140 1
98 110 300 1
110 98 300 1
2 89 1170 1
89 2 1170 1
16 79 934 1
79 16 934 1
78 80 116 1
80 78 116 1
16 62 313 1
62 16 313 1
74 76 203 1
76 74 203 1
90 92 135 1
92 90 135 1
23 27 506 1
27 23 506 1
39 109 356 1
109 39 356 1
37 55 221 1
55 37 221 1
8 14 205 1
14 8 205 1
25 27 193 1
27 25 193 1
31 73 397 1
73 31 397 1
28 81 975 1
81 28 975 1
11 49 996 1
49 11 996 1
31 71 265 1
71 31 265 1
10 30 501 1
30 10 501 1
54 89 853 1
89 54 853 1
76 80 424 1
80 76 424 1
36 80 330 1
80 36 330 1
70 71 263 1
71 70 263 1
97 109 174 1
109 97 174 1
23 89 1070 1
89 23 1070 1
96 111 286 1
111 96 286 1
17 31 618 1
31 17 618 1
17 80 1070 1
80 17 1070 1
37 39 117 1
39 37 117 1
44 50 287 1
50 44 287 1
95 109 146 1
109 95 146 1
41 73 204 1
73 41 204 1
47 98 442 1
98 47 442 1
33 34 394 1
34 33 394 1
16 81 1063 1
81 16 1063 1
18 68 315 1
68 18 315 1
39 87 370 1
87 39 370 1
99 111 265 1
111 99 265 1
6 89 1224 1
89 6 1224 1
23 26 522 1
26 23 522 1
72 80 384 1
80 72 384 1
108 115 135 1
115 108 135 1
20 36 396 1
36 20 396 1
20 82 329 1
82 20 329 1
36 97 483 1
97 36 483 1
16 29 882 1
29 16 882 1
21 26 271 1
26 21 271 1
36 70 395 1
70 36 395 1
0 56 174 1
56 0 174 1
5 24 252 1
24 5 252 1
46 85 782 1
85 46 782 1
86 87 805 1
87 86 805 1
11 16 1004 1
16 11 1004 1
55 110 380 1
110 55 380 1
45 48 304 1
48 45 304 1
73 75 84 1
75 73 84 1
0 1 800 1
1 0 800 1
1 57 172 1
57 1 172 1
5 40 642 1
40 5 642 1
47 82 1007 1
82 47 1007 1
66 103 1026 1
103 66 1026 1
3 52 1342 1
52 3 1342 1
25 40 618 1
40 25 618 1
73 77 274 1
77 73 274 1
0 58 565 1
58 0 565 1
3 26 678 1
26 3 678 1
18 59 713 1
59 18 713 1
37 41 217 1
41 37 217 1
14 24 389 1
24 14 389 1
88 89 1035 1
89 88 1035 1
40 71 481 1
71 40 481 1
55 98 606 1
98 55 606 1
103 105 173 1
105 103 173 1
13 62 1248 1
62 13 1248 1
20 26 232 1
26 20 232 1
66 67 177 1
67 66 177 1
57 68 520 1
68 57 520 1
70 73 402 1
73 70 402 1
114 115 96 1
115 114 96 1
19 103 1259 1
103 19 1259 1
20 38 349 1
38 20 349 1
68 69 164 1
69 68 164 1
79 81 136 1
81 79 136 1
36 96 257 1
96 36 257 1
59 67 245 1
67 59 245 1
96 109 176 1
109 96 176 1
11 32 663 1
32 11 663 1
36 99 637 1
99 36 637 1
11 12 972 1
12 11 972 1
29 31 454 1
31 29 454 1
36 77 422 1
77 36 422 1
46 98 212 1
98 46 212 1
73 76 450 1
76 73 450 1
29 79 257 1
79 29 257 1
5 21 332 1
21 5 332 1
10 62 483 1
62 10 483 1
17 79 135 1
79 17 135 1
29 81 342 1
81 29 342 1
29 30 533 1
30 29 533 1
29 73 113 1
73 29 113 1
90 95 589 1
95 90 589 1
21 27 209 1
27 21 209 1
36 40 213 1
40 36 213 1
6 22 333 1
22 6 333 1
82 83 881 1
83 82 881 1
111 112 111 1
112 111 111 1
32 62 548 1
62 32 548 1
72 99 831 1
99 72 831 1
76 114 580 1
114 76 580 1
10 13 1004 1
13 10 1004 1
18 41 854 1
41 18 854 1
36 76 232 1
76 36 232 1
104 105 204 1
105 104 204 1
9 26 419 1
26 9 419 1
20 40 225 1
40 20 225 1
30 73 455 1
73 30 455 1
16 76 379 1
76 16 379 1
83 110 826 1
110 83 826 1
54 88 224 1
88 54 224 1
38 55 598 1
55 38 598 1
79 80 991 1
80 79 991 1
12 16 384 1
16 12 384 1
33 61 545 1
61 33 545 1
73 80 850 1
80 73 850 1
100 102 87 1
102 100 87 1
12 31 545 1
31 12 545 1
62 64 300 1
64 62 300 1
17 30 703 1
30 17 703 1
90 115 420 1
115 90 420 1
100 107 640 1
107 100 640 1
0 64 574 1
64 0 574 1
13 65 935 1
65 13 935 1
37 112 610 1
112 37 610 1
91 92 669 1
92 91 669 1
3 66 920 1
66 3 920 1
36 72 276 1
72 36 276 1
31 70 334 1
70 31 334 1
56 76 519 1
76 56 519 1
9 65 1235 1
65 9 1235 1
40 82 231 1
82 40 231 1
42 110 303 1
110 42 303 1
100 104 240 1
104 100 240 1
36 55 626 1
55 36 626 1
4 15 597 1
15 4 597 1
55 111 434 1
111 55 434 1
85 110 584 1
110 85 584 1
54 86 568 1
86 54 568 1
4 25 258 1
25 4 258 1
12 17 1046 1
17 12 1046 1
28 74 188 1
74 28 188 1
31 72 482 1
72 31 482 1
16 74 335 1
74 16 335 1
20 25 402 1
25 20 402 1
96 99 428 1
99 96 428 1
60 108 800 1
108 60 800 1
99 109 321 1
109 99 321 1
28 71 506 1
71 28 506 1
48 64 369 1
64 48 369 1
42 45 300 1
45 42 300 1
43 98 522 1
98 43 522 1
58 108 852 1
108 58 852 1
73 81 406 1
81 73 406 1
90 94 414 1
94 90 414 1
93 103 173 1
103 93 173 1
101 105 274 1
105 101 274 1
43 55 485 1
55 43 485 1
28 29 741 1
29 28 741 1
40 42 830 1
42 40 830 1
113 115 188 1
115 113 188 1
40 43 865 1
43 40 865 1
48 106 864 1
106 48 864 1
91 95 424 1
95 91 424 1
1 2 743 1
2 1 743 1
2 66 917 1
66 2 917 1
7 107 1014 1
107 7 1014 1
58 94 820 1
94 58 820 1
74 80 415 1
80 74 415 1
82 110 802 1
110 82 802 1
23 82 788 1
82 23 788 1
40 74 182 1
74 40 182 1
43 85 559 1
85 43 559 1
0 59 847 1
59 0 847 1
8 15 741 1
15 8 741 1
39 86 698 1
86 39 698 1
45 62 830 1
62 45 830 1
47 53 268 1
53 47 268 1
83 111 944 1
111 83 944 1
28 77 540 1
77 28 540 1
46 96 270 1
96 46 270 1
0 57 825 1
57 0 825 1
70 76 285 1
76 70 285 1
12 114 1083 1
114 12 1083 1
51 91 505 1
91 51 505 1
24 26 201 1
26 24 201 1
91 109 486 1
109 91 486 1
5 20 424 1
20 5 424 1
37 111 552 1
111 37 552 1
47 52 540 1
52 47 540 1
94 109 127 1
109 94 127 1
95 115 205 1
115 95 205 1
4 38 638 1
38 4 638 1
36 71 552 1
71 36 552 1
61 95 778 1
95 61 778 1
77 80 662 1
80 77 662 1
9 67 1237 1
67 9 1237 1
15 91 1009 1
91 15 1009 1
28 83 861 1
83 28 861 1
82 87 849 1
87 82 849 1
39 103 503 1
103 39 503 1
33 81 613 1
81 33 613 1
39 59 935 1
59 39 935 1
0 61 943 1
61 0 943 1
56 74 591 1
74 56 591 1
18 58 669 1
58 18 669 1
58 95 897 1
95 58 897 1
58 101 1214 1
101 58 1214 1
10 45 1113 1
45 10 1113 1
100 106 280 1
106 100 280 1
1 3 446 1
3 1 446 1
16 71 654 1
71 16 654 1
48 51 548 1
51 48 548 1
5 15 278 1
15 5 278 1
49 50 585 1
50 49 585 1
76 81 691 1
81 76 691 1
13 73 358 1
73 13 358 1
51 52 786 1
52 51 786 1
56 64 404 1
64 56 404 1
42 49 396 1
49 42 396 1
78 81 1002 1
81 78 1002 1
16 114 827 1
114 16 827 1
61 65 175 1
65 61 175 1
65 92 1075 1
92 65 1075 1
22 27 524 1
27 22 524 1
49 100 971 1
100 49 971 1
31 77 552 1
77 31 552 1
9 14 725 1
14 9 725 1
21 99 765 1
99 21 765 1
87 98 1003 1
98 87 1003 1
0 88 782 1
88 0 782 1
21 23 542 1
23 21 542 1
28 62 527 1
62 28 527 1
45 50 474 1
50 45 474 1
91 93 118 1
93 91 118 1
10 16 218 1
16 10 218 1
46 82 878 1
82 46 878 1
107 115 298 1
115 107 298 1
21 25 360 1
25 21 360 1
36 82 401 1
82 36 401 1
32 33 149 1
33 32 149 1
96 110 214 1
110 96 214 1
3 27 634 1
27 3 634 1
7 33 515 1
33 7 515 1
43 96 503 1
96 43 503 1
71 75 163 1
75 71 163 1
77 114 582 1
114 77 582 1
11 77 511 1
77 11 511 1
25 71 434 1
71 25 434 1
38 39 465 1
39 38 465 1
101 104 464 1
104 101 464 1
1 39 746 1
39 1 746 1
47 83 886 1
83 47 886 1
66 101 1048 1
101 66 1048 1
14 25 491 1
25 14 491 1
55 87 559 1
87 55 559 1
62 74 590 1
74 62 590 1
71 73 163 1
73 71 163 1
87 99 759 1
99 87 759 1
23 87 803 1
87 23 803 1
39 99 432 1
99 39 432 1
50 52 243 1
52 50 243 1
81 99 581 1
99 81 581 1
16 63 1092 1
63 16 1092 1
21 96 648 1
96 21 648 1
31 76 584 1
76 31 584 1
71 80 755 1
80 71 755 1
90 107 713 1
107 90 713 1
17 74 721 1
74 17 721 1
41 112 775 1
112 41 775 1
21 39 356 1
39 21 356 1
30 32 574 1
32 30 574 1
77 81 453 1
81 77 453 1
18 103 1302 1
103 18 1302 1
54 106 240 1
106 54 240 1
55 89 213 1
89 55 213 1
58 69 426 1
69 58 426 1
21 40 380 1
40 21 380 1
49 106 982 1
106 49 982 1
21 87 397 1
87 21 397 1
35 65 453 1
65 35 453 1
60 107 1124 1
107 60 1124 1
12 79 1029 1
79 12 1029 1
38 96 284 1
96 38 284 1
58 60 266 1
60 58 266 1
58 93 1138 1
93 58 1138 1
60 63 1021 1
63 60 1021 1
62 78 287 1
78 62 287 1
12 72 358 1
72 12 358 1
10 17 1029 1
17 10 1029 1
13 33 629 1
33 13 629 1
18 23 573 1
23 18 573 1
26 82 411 1
82 26 411 1
13 16 1048 1
16 13 1048 1
22 103 1359 1
103 22 1359 1
59 69 338 1
69 59 338 1
62 80 268 1
80 62 268 1
63 80 1146 1
80 63 1146 1
28 99 923 1
99 28 923 1
30 110 901 1
110 30 901 1
44 51 440 1
51 44 440 1
61 115 933 1
115 61 933 1
81 112 823 1
112 81 823 1
28 73 629 1
73 28 629 1
58 88 918 1
88 58 918 1
16 31 718 1
31 16 718 1
59 103 1115 1
103 59 1115 1
36 56 615 1
56 36 615 1
53 90 787 1
90 53 787 1
90 109 492 1
109 90 492 1
2 26 618 1
26 2 618 1
8 24 258 1
24 8 258 1
39 66 861 1
66 39 861 1
12 80 516 1
80 12 516 1
13 76 778 1
76 13 778 1
20 112 885 1
112 20 885 1
48 107 958 1
107 48 958 1
61 108 835 1
108 61 835 1
13 114 1099 1
114 13 1099 1
30 97 872 1
97 30 872 1
11 65 770 1
65 11 770 1
21 71 214 1
71 21 214 1
39 88 762 1
88 39 762 1
7 106 1176 1
106 7 1176 1
28 31 545 1
31 28 545 1
60 95 868 1
95 60 868 1
94 97 266 1
97 94 266 1
95 99 272 1
99 95 272 1
12 32 661 1
32 12 661 1
40 83 731 1
83 40 731 1
47 96 412 1
96 47 412 1
8 65 1425 1
65 8 1425 1
16 77 611 1
77 16 611 1
51 90 888 1
90 51 888 1
36 83 816 1
83 36 816 1
49 62 929 1
62 49 929 1
80 112 813 1
112 80 813 1
86 89 1016 1
89 86 1016 1
10 31 619 1
31 10 619 1
20 27 271 1
27 20 271 1
56 80 431 1
80 56 431 1
26 89 900 1
89 26 900 1
13 74 757 1
74 13 757 1
26 40 419 1
40 26 419 1
36 43 693 1
43 36 693 1
51 92 878 1
92 51 878 1
57 69 378 1
69 57 378 1
4 40 486 1
40 4 486 1
73 112 858 1
112 73 858 1
81 97 523 1
97 81 523 1
5 23 453 1
23 5 453 1
13 63 653 1
63 13 653 1
27 40 481 1
40 27 481 1
30 76 537 1
76 30 537 1
57 58 735 1
58 57 735 1
17 28 894 1
28 17 894 1
62 77 741 1
77 62 741 1
83 85 549 1
85 83 549 1
6 54 918 1
54 6 918 1
15 26 469 1
26 15 469 1
21 41 236 1
41 21 236 1
33 95 646 1
95 33 646 1
57 60 868 1
60 57 868 1
63 81 293 1
81 63 293 1
73 99 684 1
99 73 684 1
46 76 517 1
76 46 517 1
36 111 534 1
111 36 534 1
39 55 254 1
55 39 254 1
63 77 536 1
77 63 536 1
70 80 524 1
80 70 524 1
80 84 162 1
84 80 162 1
7 92 1445 1
92 7 1445 1
16 56 380 1
56 16 380 1
36 37 542 1
37 36 542 1
86 88 460 1
88 86 460 1
2 59 1058 1
59 2 1058 1
17 72 781 1
72 17 781 1
33 65 634 1
65 33 634 1
55 97 173 1
97 55 173 1
56 77 690 1
77 56 690 1
58 103 1188 1
103 58 1188 1
70 81 769 1
81 70 769 1
72 76 257 1
76 72 257 1
78 102 697 1
102 78 697 1
18 37 833 1
37 18 833 1
18 39 896 1
39 18 896 1
28 40 248 1
40 28 248 1
38 112 604 1
112 38 604 1
46 83 1042 1
83 46 1042 1
53 92 739 1
92 53 739 1
66 93 972 1
93 66 972 1
72 81 860 1
81 72 860 1
19 67 590 1
67 19 590 1
30 70 259 1
70 30 259 1
42 85 771 1
85 42 771 1
55 112 466 1
112 55 466 1
28 79 847 1
79 28 847 1
31 74 479 1
74 31 479 1
33 76 380 1
76 33 380 1
36 112 594 1
112 36 594 1
60 115 895 1
115 60 895 1
61 90 1156 1
90 61 1156 1
91 108 473 1
108 91 473 1
20 83 565 1
83 20 565 1
39 58 1032 1
58 39 1032 1
90 108 470 1
108 90 470 1
110 112 272 1
112 110 272 1
0 18 364 1
18 0 364 1
3 22 347 1
22 3 347 1
7 34 875 1
34 7 875 1
47 85 508 1
85 47 508 1
64 65 897 1
65 64 897 1
75 81 434 1
81 75 434 1
10 74 381 1
74 10 381 1
31 80 848 1
80 31 848 1
35 74 533 1
74 35 533 1
28 78 272 1
78 28 272 1
28 97 752 1
97 28 752 1
37 38 515 1
38 37 515 1
48 100 791 1
100 48 791 1
50 105 813 1
105 50 813 1
82 89 1043 1
89 82 1043 1
40 77 472 1
77 40 472 1
46 53 547 1
53 46 547 1
87 96 843 1
96 87 843 1
21 59 1061 1
59 21 1061 1
78 103 971 1
103 78 971 1
9 91 1212 1
91 9 1212 1
11 30 584 1
30 11 584 1
11 79 342 1
79 11 342 1
29 112 910 1
112 29 910 1
61 91 822 1
91 61 822 1
77 83 539 1
83 77 539 1
19 22 594 1
22 19 594 1
29 78 851 1
78 29 851 1
39 91 541 1
91 39 541 1
86 96 642 1
96 86 642 1
17 81 182 1
81 17 182 1
20 77 434 1
77 20 434 1
54 87 939 1
87 54 939 1
59 94 905 1
94 59 905 1
62 115 846 1
115 62 846 1
3 67 879 1
67 3 879 1
26 59 1291 1
59 26 1291 1
29 63 531 1
63 29 531 1
62 79 1049 1
79 62 1049 1
1 97 819 1
97 1 819 1
75 101 807 1
101 75 807 1
15 109 824 1
109 15 824 1
37 99 410 1
99 37 410 1
74 85 839 1
85 74 839 1
86 107 792 1
107 86 792 1
4 110 1015 1
110 4 1015 1
11 74 727 1
74 11 727 1
17 63 324 1
63 17 324 1
17 78 955 1
78 17 955 1
40 47 783 1
47 40 783 1
54 102 313 1
102 54 313 1
64 100 818 1
100 64 818 1
68 109 832 1
109 68 832 1
86 106 508 1
106 86 508 1
92 106 400 1
106 92 400 1
95 107 258 1
107 95 258 1
11 17 224 1
17 11 224 1
30 114 1027 1
114 30 1027 1
61 64 928 1
64 61 928 1
9 95 899 1
95 9 899 1
12 113 1157 1
113 12 1157 1
19 101 1295 1
101 19 1295 1
69 94 883 1
94 69 883 1
21 89 648 1
89 21 648 1
24 27 252 1
27 24 252 1
30 74 403 1
74 30 403 1
31 36 716 1
36 31 716 1
33 77 332 1
77 33 332 1
63 114 926 1
114 63 926 1
21 36 510 1
36 21 510 1
28 70 247 1
70 28 247 1
30 72 390 1
72 30 390 1
78 101 1049 1
101 78 1049 1
15 95 730 1
95 15 730 1
29 41 234 1
41 29 234 1
37 43 584 1
43 37 584 1
53 91 265 1
91 53 265 1
58 64 312 1
64 58 312 1
60 100 938 1
100 60 938 1
14 73 703 1
73 14 703 1
17 85 352 1
85 17 352 1
20 75 348 1
75 20 348 1
56 63 1014 1
63 56 1014 1
56 115 941 1
115 56 941 1
72 112 844 1
112 72 844 1
4 14 255 1
14 4 255 1
12 13 959 1
13 12 959 1
12 73 783 1
73 12 783 1
29 33 510 1
33 29 510 1
50 51 698 1
51 50 698 1
63 76 747 1
76 63 747 1
82 96 637 1
96 82 637 1
3 88 1145 1
88 3 1145 1
13 70 648 1
70 13 648 1
13 71 401 1
71 13 401 1
24 91 1303 1
91 24 1303 1
37 110 431 1
110 37 431 1
38 75 499 1
75 38 499 1
43 83 972 1
83 43 972 1
61 107 939 1
107 61 939 1
78 104 706 1
104 78 706 1
78 105 821 1
105 78 821 1
2 67 952 1
67 2 952 1
55 99 216 1
99 55 216 1
62 100 836 1
100 62 836 1
74 77 362 1
77 74 362 1
80 85 1121 1
85 80 1121 1
82 111 920 1
111 82 920 1
108 109 87 1
109 108 87 1
14 84 681 1
84 14 681 1
65 115 847 1
115 65 847 1
75 80 775 1
80 75 775 1
93 109 510 1
109 93 510 1
18 88 1010 1
88 18 1010 1
20 23 575 1
23 20 575 1
39 93 576 1
93 39 576 1
40 46 685 1
46 40 685 1
42 44 208 1
44 42 208 1
61 62 1047 1
62 61 1047 1
63 107 821 1
107 63 821 1
76 85 717 1
85 76 717 1
11 100 1299 1
100 11 1299 1
21 86 520 1
86 21 520 1
24 67 1223 1
67 24 1223 1
33 56 531 1
56 33 531 1
43 82 1085 1
82 43 1085 1
58 90 890 1
90 58 890 1
71 114 814 1
114 71 814 1
75 77 210 1
77 75 210 1
1 109 814 1
109 1 814 1
10 35 781 1
35 10 781 1
28 56 545 1
56 28 545 1
70 112 906 1
112 70 906 1
11 44 1105 1
44 11 1105 1
24 93 1326 1
93 24 1326 1
31 110 923 1
110 31 923 1
42 98 381 1
98 42 381 1
58 109 771 1
109 58 771 1
33 64 737 1
64 33 737 1
50 67 562 1
67 50 562 1
39 89 325 1
89 39 325 1
62 63 1134 1
63 62 1134 1
84 105 801 1
105 84 801 1
93 102 600 1
102 93 600 1
13 115 1018 1
115 13 1018 1
19 26 891 1
26 19 891 1
28 95 668 1
95 28 668 1
37 84 862 1
84 37 862 1
37 98 666 1
98 37 666 1
39 68 969 1
68 39 969 1
45 100 889 1
100 45 889 1
2 103 1363 1
103 2 1363 1
23 102 1355 1
102 23 1355 1
39 41 161 1
41 39 161 1
29 62 1067 1
62 29 1067 1
97 98 437 1
98 97 437 1
38 97 469 1
97 38 469 1
2 54 984 1
54 2 984 1
20 97 635 1
97 20 635 1
31 113 1132 1
113 31 1132 1
65 67 361 1
67 65 361 1
1 94 913 1
94 1 913 1
22 96 1047 1
96 22 1047 1
23 52 1420 1
52 23 1420 1
34 61 571 1
61 34 571 1
4 9 500 1
9 4 500 1
38 79 739 1
79 38 739 1
41 103 653 1
103 41 653 1
45 51 254 1
51 45 254 1
71 76 392 1
76 71 392 1
11 76 704 1
76 11 704 1
36 46 482 1
46 36 482 1
57 59 382 1
59 57 382 1
82 98 761 1
98 82 761 1
2 27 659 1
27 2 659 1
12 28 275 1
28 12 275 1
44 100 799 1
100 44 799 1
74 84 507 1
84 74 507 1
13 34 921 1
34 13 921 1
13 35 841 1
35 13 841 1
21 97 595 1
97 21 595 1
36 38 122 1
38 36 122 1
2 88 959 1
88 2 959 1
3 59 922 1
59 3 922 1
5 38 756 1
38 5 756 1
11 28 875 1
28 11 875 1
18 89 1085 1
89 18 1085 1
37 75 239 1
75 37 239 1
54 100 319 1
100 54 319 1
6 88 860 1
88 6 860 1
36 61 965 1
61 36 965 1
40 110 582 1
110 40 582 1
43 84 824 1
84 43 824 1
55 83 558 1
83 55 558 1
70 82 411 1
82 70 411 1
83 112 989 1
112 83 989 1
15 75 396 1
75 15 396 1
83 99 770 1
99 83 770 1
97 99 180 1
99 97 180 1
9 92 1428 1
92 9 1428 1
13 15 277 1
15 13 277 1
20 102 804 1
102 20 804 1
48 105 862 1
105 48 862 1
7 65 934 1
65 7 934 1
20 73 397 1
73 20 397 1
21 58 1085 1
58 21 1085 1
37 47 493 1
47 37 493 1
43 79 634 1
79 43 634 1
64 78 491 1
78 64 491 1
75 83 351 1
83 75 351 1
6 7 710 1
7 6 710 1
21 38 458 1
38 21 458 1
30 113 1109 1
113 30 1109 1
31 75 419 1
75 31 419 1
71 83 425 1
83 71 425 1
0 19 488 1
19 0 488 1
9 35 1031 1
35 9 1031 1
11 42 1108 1
42 11 1108 1
12 70 392 1
70 12 392 1
22 26 505 1
26 22 505 1
42 55 629 1
55 42 629 1
69 115 1010 1
115 69 1010 1
4 20 334 1
20 4 334 1
5 22 506 1
22 5 506 1
16 73 769 1
73 16 769 1
35 91 647 1
91 35 647 1
44 67 332 1
67 44 332 1
50 65 837 1
65 50 837 1
56 69 542 1
69 56 542 1
33 80 703 1
80 33 703 1
71 74 359 1
74 71 359 1
11 56 1037 1
56 11 1037 1
22 55 1091 1
55 22 1091 1
31 81 775 1
81 31 775 1
36 42 628 1
42 36 628 1
63 73 569 1
73 63 569 1
86 95 706 1
95 86 706 1
19 39 853 1
39 19 853 1
39 104 557 1
104 39 557 1
39 98 655 1
98 39 655 1
70 99 848 1
99 70 848 1
77 115 503 1
115 77 503 1
6 18 473 1
18 6 473 1
11 114 1023 1
114 11 1023 1
52 113 478 1
113 52 478 1
92 115 404 1
115 92 404 1
0 66 594 1
66 0 594 1
5 110 1022 1
110 5 1022 1
13 80 1155 1
80 13 1155 1
19 69 323 1
69 19 323 1
33 63 547 1
63 33 547 1
18 22 537 1
22 18 537 1
25 83 553 1
83 25 553 1
38 109 342 1
109 38 342 1
59 88 1182 1
88 59 1182 1
63 106 1106 1
106 63 1106 1
82 86 143 1
86 82 143 1
23 86 866 1
86 23 866 1
41 99 593 1
99 41 593 1
67 88 939 1
88 67 939 1
10 78 335 1
78 10 335 1
18 21 751 1
21 18 751 1
28 111 842 1
111 28 842 1
59 109 798 1
109 59 798 1
61 81 506 1
81 61 506 1
74 111 713 1
111 74 713 1
11 115 948 1
115 11 948 1
21 73 247 1
73 21 247 1
44 105 811 1
105 44 811 1
48 78 724 1
78 48 724 1
74 110 560 1
110 74 560 1
107 108 333 1
108 107 333 1
0 68 414 1
68 0 414 1
29 76 555 1
76 29 555 1
9 88 1163 1
88 9 1163 1
10 32 558 1
32 10 558 1
62 76 527 1
76 62 527 1
76 110 394 1
110 76 394 1
13 28 892 1
28 13 892 1
17 62 1129 1
62 17 1129 1
48 62 640 1
62 48 640 1
16 30 615 1
30 16 615 1
19 21 748 1
21 19 748 1
52 110 456 1
110 52 456 1
61 94 881 1
94 61 881 1
11 48 1197 1
48 11 1197 1
32 34 327 1
34 32 327 1
33 60 632 1
60 33 632 1
33 62 690 1
62 33 690 1
38 87 730 1
87 38 730 1
96 112 337 1
112 96 337 1
97 111 292 1
111 97 292 1
1 22 766 1
22 1 766 1
5 82 673 1
82 5 673 1
7 67 937 1
67 7 937 1
15 73 336 1
73 15 336 1
63 70 849 1
70 63 849 1
75 84 839 1
84 75 839 1
21 22 558 1
22 21 558 1
21 83 382 1
83 21 382 1
42 79 812 1
79 42 812 1
65 95 715 1
95 65 715 1
8 95 956 1
95 8 956 1
23 41 716 1
41 23 716 1
31 97 872 1
97 31 872 1
33 70 413 1
70 33 413 1
46 52 244 1
52 46 244 1
10 29 893 1
29 10 893 1
16 84 311 1
84 16 311 1
33 73 444 1
73 33 444 1
48 67 417 1
67 48 417 1
55 85 300 1
85 55 300 1
58 91 1077 1
91 58 1077 1
49 65 308 1
65 49 308 1
37 72 595 1
72 37 595 1
44 106 847 1
106 44 847 1
71 81 550 1
81 71 550 1
75 112 790 1
112 75 790 1
92 107 674 1
107 92 674 1
25 73 516 1
73 25 516 1
42 82 1028 1
82 42 1028 1
58 61 717 1
61 58 717 1
24 95 910 1
95 24 910 1
31 46 1090 1
46 31 1090 1
43 45 199 1
45 43 199 1
4 91 1276 1
91 4 1276 1
29 99 709 1
99 29 709 1
32 85 794 1
85 32 794 1
36 73 600 1
73 36 600 1
38 41 513 1
41 38 513 1
68 94 894 1
94 68 894 1
91 94 561 1
94 91 561 1
6 26 607 1
26 6 607 1
8 67 1258 1
67 8 1258 1
11 33 518 1
33 11 518 1
11 78 988 1
78 11 988 1
17 84 1128 1
84 17 1128 1
21 90 964 1
90 21 964 1
30 80 748 1
80 30 748 1
36 79 738 1
79 36 738 1
62 71 867 1
71 62 867 1
67 92 922 1
92 67 922 1
71 82 622 1
82 71 622 1
75 85 521 1
85 75 521 1
23 55 1060 1
55 23 1060 1
25 91 1244 1
91 25 1244 1
36 98 402 1
98 36 402 1
42 83 1110 1
83 42 1110 1
41 74 484 1
74 41 484 1
81 96 799 1
96 81 799 1
13 49 1151 1
49 13 1151 1
13 78 1046 1
78 13 1046 1
62 73 961 1
73 62 961 1
10 72 309 1
72 10 309 1
12 76 591 1
76 12 591 1
16 85 1095 1
85 16 1095 1
20 31 387 1
31 20 387 1
21 82 511 1
82 21 511 1
93 105 305 1
105 93 305 1
6 12 248 1
12 6 248 1
6 106 1024 1
106 6 1024 1
30 41 563 1
41 30 563 1
38 98 432 1
98 38 432 1
59 101 1108 1
101 59 1108 1
74 81 792 1
81 74 792 1
16 36 349 1
36 16 349 1
16 72 287 1
72 16 287 1
31 114 1052 1
114 31 1052 1
75 103 753 1
103 75 753 1
6 50 1151 1
50 6 1151 1
20 96 592 1
96 20 592 1
31 41 528 1
41 31 528 1
62 114 890 1
114 62 890 1
70 72 158 1
72 70 158 1
6 41 867 1
41 6 867 1
7 115 1091 1
115 7 1091 1
11 34 799 1
34 11 799 1
32 50 755 1
50 32 755 1
35 69 473 1
69 35 473 1
40 76 327 1
76 40 327 1
65 106 1085 1
106 65 1085 1
1 96 958 1
96 1 958 1
3 68 689 1
68 3 689 1
10 44 1024 1
44 10 1024 1
13 25 519 1
25 13 519 1
16 75 702 1
75 16 702 1
18 67 652 1
67 18 652 1
19 88 1069 1
88 19 1069 1
25 70 480 1
70 25 480 1
36 47 622 1
47 36 622 1
40 70 311 1
70 40 311 1
12 33 709 1
33 12 709 1
13 100 1359 1
100 13 1359 1
29 70 512 1
70 29 512 1
32 105 956 1
105 32 956 1
42 96 429 1
96 42 429 1
60 65 898 1
65 60 898 1
2 39 913 1
39 2 913 1
5 91 1178 1
91 5 1178 1
14 85 1160 1
85 14 1160 1
59 93 1026 1
93 59 1026 1
59 104 1146 1
104 59 1146 1
10 80 357 1
80 10 357 1
83 96 859 1
96 83 859 1
94 107 417 1
107 94 417 1
102 105 355 1
105 102 355 1
5 109 897 1
109 5 897 1
12 34 841 1
34 12 841 1
12 62 664 1
62 12 664 1
48 104 822 1
104 48 822 1
50 106 751 1
106 50 751 1
54 104 337 1
104 54 337 1
69 71 735 1
71 69 735 1
81 95 542 1
95 81 542 1
8 33 863 1
33 8 863 1
17 76 648 1
76 17 648 1
28 43 949 1
43 28 949 1
39 97 289 1
97 39 289 1
40 111 707 1
111 40 707 1
49 78 930 1
78 49 930 1
69 108 886 1
108 69 886 1
0 54 794 1
54 0 794 1
5 9 157 1
9 5 157 1
9 108 974 1
108 9 974 1
10 28 213 1
28 10 213 1
64 95 830 1
95 64 830 1
66 88 875 1
88 66 875 1
70 97 668 1
97 70 668 1
83 98 1029 1
98 83 1029 1
93 100 653 1
100 93 653 1
7 12 856 1
12 7 856 1
17 114 865 1
114 17 865 1
27 82 524 1
82 27 524 1
38 83 760 1
83 38 760 1
89 96 700 1
96 89 700 1
22 97 1065 1
97 22 1065 1
28 30 436 1
30 28 436 1
74 99 759 1
99 74 759 1
4 22 457 1
22 4 457 1
10 114 995 1
114 10 995 1
12 14 278 1
14 12 278 1
14 76 580 1
76 14 580 1
34 64 445 1
64 34 445 1
49 69 641 1
69 49 641 1
60 94 741 1
94 60 741 1
88 106 334 1
106 88 334 1
89 107 337 1
107 89 337 1
29 32 631 1
32 29 631 1
3 53 1253 1
53 3 1253 1
8 84 881 1
84 8 881 1
13 64 1328 1
64 13 1328 1
37 46 651 1
46 37 651 1
41 75 187 1
75 41 187 1
64 107 1075 1
107 64 1075 1
76 113 641 1
113 76 641 1
5 55 887 1
55 5 887 1
40 73 549 1
73 40 549 1
35 45 385 1
45 35 385 1
41 72 550 1
72 41 550 1
73 97 530 1
97 73 530 1
86 98 757 1
98 86 757 1
101 113 350 1
113 101 350 1
109 112 348 1
112 109 348 1
1 69 441 1
69 1 441 1
4 55 1003 1
55 4 1003 1
13 40 857 1
40 13 857 1
13 61 843 1
61 13 843 1
21 95 510 1
95 21 510 1
21 103 830 1
103 21 830 1
0 39 963 1
39 0 963 1
5 14 572 1
14 5 572 1
21 66 949 1
66 21 949 1
25 35 978 1
35 25 978 1
32 41 693 1
41 32 693 1
33 99 821 1
99 33 821 1
52 66 667 1
66 52 667 1
65 77 615 1
77 65 615 1
65 100 1146 1
100 65 1146 1
72 73 517 1
73 72 517 1
83 87 158 1
87 83 158 1
2 104 1217 1
104 2 1217 1
21 24 413 1
24 21 413 1
28 113 881 1
113 28 881 1
36 74 242 1
74 36 242 1
71 113 890 1
113 71 890 1
11 50 1265 1
50 11 1265 1
13 32 767 1
32 13 767 1
22 39 876 1
39 22 876 1
54 64 608 1
64 54 608 1
57 66 576 1
66 57 576 1
66 69 349 1
69 66 349 1
85 111 651 1
111 85 651 1
0 36 643 1
36 0 643 1
10 84 516 1
84 10 516 1
16 115 757 1
115 16 757 1
17 57 439 1
57 17 439 1
21 91 892 1
91 21 892 1
58 67 368 1
67 58 368 1
2 21 636 1
21 2 636 1
9 27 309 1
27 9 309 1
35 84 678 1
84 35 678 1
64 86 1029 1
86 64 1029 1
29 36 705 1
36 29 705 1
37 81 336 1
81 37 336 1
53 66 763 1
66 53 763 1
73 109 538 1
109 73 538 1
79 85 260 1
85 79 260 1
15 40 725 1
40 15 725 1
28 112 911 1
112 28 911 1
97 110 221 1
110 97 221 1
11 29 239 1
29 11 239 1
11 64 1218 1
64 11 1218 1
21 68 929 1
68 21 929 1
34 62 521 1
62 34 521 1
41 109 485 1
109 41 485 1
51 106 972 1
106 51 972 1
72 98 675 1
98 72 675 1
9 61 1165 1
61 9 1165 1
15 84 1175 1
84 15 1175 1
59 61 271 1
61 59 271 1
61 70 908 1
70 61 908 1
61 77 605 1
77 61 605 1
61 99 773 1
99 61 773 1
62 70 663 1
70 62 663 1
75 93 807 1
93 75 807 1
88 91 958 1
91 88 958 1
3 87 809 1
87 3 809 1
27 41 398 1
41 27 398 1
28 98 715 1
98 28 715 1
30 98 1029 1
98 30 1029 1
65 90 1061 1
90 65 1061 1
65 107 863 1
107 65 863 1
17 75 351 1
75 17 351 1
23 104 1270 1
104 23 1270 1
36 75 517 1
75 36 517 1
56 99 1051 1
99 56 1051 1
76 97 459 1
97 76 459 1
86 99 956 1
99 86 956 1
14 74 378 1
74 14 378 1
30 57 852 1
57 30 852 1
5 75 500 1
75 5 500 1
6 67 991 1
67 6 991 1
11 63 488 1
63 11 488 1
21 75 222 1
75 21 222 1
31 62 966 1
62 31 966 1
37 103 537 1
103 37 537 1
64 105 985 1
105 64 985 1
77 85 495 1
85 77 495 1
19 23 597 1
23 19 597 1
21 112 894 1
112 21 894 1
31 85 906 1
85 31 906 1
33 115 808 1
115 33 808 1
54 107 612 1
107 54 612 1
61 100 1241 1
100 61 1241 1
64 104 887 1
104 64 887 1
76 115 499 1
115 76 499 1
14 112 1099 1
112 14 1099 1
20 109 557 1
109 20 557 1
22 89 1126 1
89 22 1126 1
56 81 1090 1
81 56 1090 1
56 108 829 1
108 56 829 1
63 102 1192 1
102 63 1192 1
80 114 765 1
114 80 765 1
86 94 606 1
94 86 606 1
4 21 414 1
21 4 414 1
27 73 417 1
73 27 417 1
34 115 566 1
115 34 566 1
45 78 840 1
78 45 840 1
86 108 664 1
108 86 664 1
0 99 1111 1
99 0 1111 1
38 110 451 1
110 38 451 1
39 67 776 1
67 39 776 1
64 101 1142 1
101 64 1142 1
10 110 856 1
110 10 856 1
17 73 298 1
73 17 298 1
26 67 1128 1
67 26 1128 1
59 90 1104 1
90 59 1104 1
63 72 944 1
72 63 944 1
63 74 885 1
74 63 885 1
72 82 298 1
82 72 298 1
10 79 992 1
79 10 992 1
35 100 802 1
100 35 802 1
39 112 619 1
112 39 619 1
87 111 938 1
111 87 938 1
92 94 455 1
94 92 455 1
2 7 566 1
7 2 566 1
15 27 336 1
27 15 336 1
22 104 1247 1
104 22 1247 1
26 35 893 1
35 26 893 1
32 48 714 1
48 32 714 1
48 65 674 1
65 48 674 1
64 108 748 1
108 64 748 1
71 101 966 1
101 71 966 1
2 41 826 1
41 2 826 1
5 73 471 1
73 5 471 1
17 105 863 1
105 17 863 1
18 26 857 1
26 18 857 1
31 43 1106 1
43 31 1106 1
34 50 475 1
50 34 475 1
38 93 775 1
93 38 775 1
38 99 625 1
99 38 625 1
48 60 501 1
60 48 501 1
55 75 460 1
75 55 460 1
77 113 641 1
113 77 641 1
90 106 378 1
106 90 378 1
13 50 1383 1
50 13 1383 1
14 41 702 1
41 14 702 1
37 87 433 1
87 37 433 1
69 101 1234 1
101 69 1234 1
69 113 1075 1
113 69 1075 1
81 85 175 1
85 81 175 1
81 103 738 1
103 81 738 1
37 85 343 1
85 37 343 1
98 109 329 1
109 98 329 1
14 70 380 1
70 14 380 1
14 110 912 1
110 14 912 1
20 99 812 1
99 20 812 1
24 41 633 1
41 24 633 1
3 21 582 1
21 3 582 1
15 93 1054 1
93 15 1054 1
61 63 238 1
63 61 238 1
68 103 1277 1
103 68 1277 1
15 83 194 1
83 15 194 1
17 71 423 1
71 17 423 1
27 74 478 1
74 27 478 1
30 79 725 1
79 30 725 1
46 77 585 1
77 46 585 1
67 105 903 1
105 67 903 1
72 74 76 1
74 72 76 1
12 41 846 1
41 12 846 1
26 92 1145 1
92 26 1145 1
38 77 447 1
77 38 447 1
47 51 339 1
51 47 339 1
1 67 578 1
67 1 578 1
17 45 840 1
45 17 840 1
27 75 419 1
75 27 419 1
56 72 566 1
72 56 566 1
63 104 1070 1
104 63 1070 1
64 88 675 1
88 64 675 1
95 97 97 1
97 95 97 1
20 55 690 1
55 20 690 1
23 39 847 1
39 23 847 1
38 71 546 1
71 38 546 1
1 6 868 1
6 1 868 1
7 32 649 1
32 7 649 1
10 34 709 1
34 10 709 1
11 60 1139 1
60 11 1139 1
31 47 1060 1
47 31 1060 1
56 78 391 1
78 56 391 1
79 86 986 1
86 79 986 1
61 88 1219 1
88 61 1219 1
70 115 709 1
115 70 709 1
4 8 148 1
8 4 148 1
20 86 362 1
86 20 362 1
21 37 403 1
37 21 403 1
46 97 424 1
97 46 424 1
47 112 265 1
112 47 265 1
10 113 1059 1
113 10 1059 1
14 30 414 1
30 14 414 1
14 83 858 1
83 14 858 1
30 46 1051 1
46 30 1051 1
35 71 557 1
71 35 557 1
37 109 343 1
109 37 343 1
41 87 263 1
87 41 263 1
46 114 362 1
114 46 362 1
75 76 374 1
76 75 374 1
93 104 478 1
104 93 478 1
3 5 603 1
5 3 603 1
4 75 618 1
75 4 618 1
6 19 593 1
19 6 593 1
15 90 1267 1
90 15 1267 1
30 112 1143 1
112 30 1143 1
32 73 550 1
73 32 550 1
73 114 754 1
114 73 754 1
89 106 787 1
106 89 787 1
0 104 1096 1
104 0 1096 1
4 47 1192 1
47 4 1192 1
4 111 1157 1
111 4 1157 1
7 61 813 1
61 7 813 1
10 49 1190 1
49 10 1190 1
20 81 779 1
81 20 779 1
21 93 922 1
93 21 922 1
27 89 807 1
89 27 807 1
28 33 585 1
33 28 585 1
33 108 673 1
108 33 673 1
54 105 491 1
105 54 491 1
59 91 926 1
91 59 926 1
79 104 860 1
104 79 860 1
87 112 968 1
112 87 968 1
89 100 936 1
100 89 936 1
14 80 575 1
80 14 575 1
21 102 871 1
102 21 871 1
25 74 582 1
74 25 582 1
35 61 480 1
61 35 480 1
36 110 412 1
110 36 412 1
38 47 654 1
47 38 654 1
67 68 440 1
68 67 440 1
68 101 1309 1
101 68 1309 1
78 108 559 1
108 78 559 1
81 109 623 1
109 81 623 1
14 109 799 1
109 14 799 1
28 60 684 1
60 28 684 1
50 114 661 1
114 50 661 1
86 90 814 1
90 86 814 1
16 33 609 1
33 16 609 1
27 51 1246 1
51 27 1246 1
45 65 388 1
65 45 388 1
61 109 760 1
109 61 760 1
1 89 788 1
89 1 788 1
14 28 286 1
28 14 286 1
23 96 1081 1
96 23 1081 1
31 111 1088 1
111 31 1088 1
63 75 591 1
75 63 591 1
76 83 717 1
83 76 717 1
82 112 963 1
112 82 963 1
5 74 619 1
74 5 619 1
18 109 857 1
109 18 857 1
19 109 838 1
109 19 838 1
21 70 303 1
70 21 303 1
86 92 882 1
92 86 882 1
15 71 394 1
71 15 394 1
22 38 846 1
38 22 846 1
24 40 584 1
40 24 584 1
29 77 357 1
77 29 357 1
38 81 841 1
81 38 841 1
60 72 692 1
72 60 692 1
1 103 1135 1
103 1 1135 1
29 56 983 1
56 29 983 1
56 113 1026 1
113 56 1026 1
70 83 652 1
83 70 652 1
10 111 999 1
111 10 999 1
11 31 475 1
31 11 475 1
13 45 1163 1
45 13 1163 1
56 75 833 1
75 56 833 1
59 108 883 1
108 59 883 1
62 81 1169 1
81 62 1169 1
82 99 978 1
99 82 978 1
85 114 680 1
114 85 680 1
87 90 1142 1
90 87 1142 1
7 89 868 1
89 7 868 1
8 85 1245 1
85 8 1245 1
9 13 376 1
13 9 376 1
11 71 374 1
71 11 374 1
13 29 290 1
29 13 290 1
30 111 1066 1
111 30 1066 1
48 63 912 1
63 48 912 1
68 108 915 1
108 68 915 1
70 75 355 1
75 70 355 1
86 100 753 1
100 86 753 1
102 106 217 1
106 102 217 1
2 102 1269 1
102 2 1269 1
34 65 549 1
65 34 549 1
41 105 605 1
105 41 605 1
87 91 820 1
91 87 820 1
9 58 1436 1
58 9 1436 1
29 48 1093 1
48 29 1093 1
30 77 559 1
77 30 559 1
38 73 580 1
73 38 580 1
49 79 702 1
79 49 702 1
65 108 767 1
108 65 767 1
14 33 786 1
33 14 786 1
23 25 373 1
25 23 373 1
23 47 1228 1
47 23 1228 1
24 65 1330 1
65 24 1330 1
31 55 879 1
55 31 879 1
71 115 724 1
115 71 724 1
72 78 300 1
78 72 300 1
15 21 348 1
21 15 348 1
16 69 803 1
69 16 803 1
47 87 906 1
87 47 906 1
77 82 682 1
82 77 682 1
81 104 910 1
104 81 910 1
10 77 693 1
77 10 693 1
19 102 1271 1
102 19 1271 1
38 70 414 1
70 38 414 1
52 89 1027 1
89 52 1027 1
57 63 249 1
63 57 249 1
59 89 931 1
89 59 931 1
71 78 647 1
78 71 647 1
89 99 398 1
99 89 398 1
101 108 495 1
108 101 495 1
17 47 731 1
47 17 731 1
