116 2668
42 43 239 1
43 42 239 1
80 81 1113 1
81 80 1113 1
44 45 194 1
45 44 194 1
43 46 341 1
46 43 341 1
16 17 998 1
17 16 998 1
104 105 204 1
105 104 204 1
43 47 146 1
47 43 146 1
42 46 173 1
46 42 173 1
30 31 127 1
31 30 127 1
42 44 208 1
44 42 208 1
34 35 126 1
35 34 126 1
68 69 164 1
69 68 164 1
28 29 741 1
29 28 741 1
52 53 746 1
53 52 746 1
56 57 840 1
57 56 840 1
73 76 450 1
76 73 450 1
5 7 538 1
7 5 538 1
28 72 116 1
72 28 116 1
44 49 304 1
49 44 304 1
73 74 458 1
74 73 458 1
51 59 486 1
59 51 486 1
43 44 290 1
44 43 290 1
7 65 934 1
65 7 934 1
5 9 157 1
9 5 157 1
43 45 199 1
45 43 199 1
76 77 238 1
77 76 238 1
42 47 281 1
47 42 281 1
26 27 135 1
27 26 135 1
46 47 309 1
47 46 309 1
114 115 96 1
115 114 96 1
39 87 370 1
87 39 370 1
10 12 181 1
12 10 181 1
42 45 300 1
45 42 300 1
29 72 629 1
72 29 629 1
54 55 651 1
55 54 651 1
17 81 182 1
81 17 182 1
72 76 257 1
76 72 257 1
72 73 517 1
73 72 517 1
50 52 243 1
52 50 243 1
73 75 84 1
75 73 84 1
78 79 878 1
79 78 878 1
17 72 781 1
72 17 781 1
72 74 76 1
74 72 76 1
50 51 698 1
51 50 698 1
44 46 353 1
46 44 353 1
45 65 388 1
65 45 388 1
17 29 223 1
29 17 223 1
104 107 401 1
107 104 401 1
28 81 975 1
81 28 975 1
13 15 277 1
15 13 277 1
12 13 959 1
13 12 959 1
28 73 629 1
73 28 629 1
74 76 203 1
76 74 203 1
16 81 1063 1
81 16 1063 1
28 80 329 1
80 28 329 1
7 92 1445 1
92 7 1445 1
45 49 111 1
49 45 111 1
97 108 170 1
108 97 170 1
94 97 266 1
97 94 266 1
17 28 894 1
28 17 894 1
28 63 1049 1
63 28 1049 1
70 73 402 1
73 70 402 1
42 49 396 1
49 42 396 1
39 55 254 1
55 39 254 1
44 47 404 1
47 44 404 1
75 76 374 1
76 75 374 1
108 109 87 1
109 108 87 1
16 78 122 1
78 16 122 1
28 74 188 1
74 28 188 1
36 41 570 1
41 36 570 1
58 59 496 1
59 58 496 1
5 65 1232 1
65 5 1232 1
3 67 879 1
67 3 879 1
43 49 240 1
49 43 240 1
105 107 233 1
107 105 233 1
29 73 113 1
73 29 113 1
35 67 262 1
67 35 262 1
46 96 270 1
96 46 270 1
22 24 386 1
24 22 386 1
82 83 881 1
83 82 881 1
52 59 956 1
59 52 956 1
48 51 548 1
51 48 548 1
24 26 201 1
26 24 201 1
51 52 786 1
52 51 786 1
65 92 1075 1
92 65 1075 1
104 106 195 1
106 104 195 1
19 68 313 1
68 19 313 1
3 7 185 1
7 3 185 1
10 14 380 1
14 10 380 1
17 73 298 1
73 17 298 1
25 94 912 1
94 25 912 1
37 38 515 1
38 37 515 1
58 66 198 1
66 58 198 1
70 74 155 1
74 70 155 1
2 67 952 1
67 2 952 1
7 9 490 1
9 7 490 1
16 72 287 1
72 16 287 1
41 83 252 1
83 41 252 1
41 87 263 1
87 41 263 1
54 88 224 1
88 54 224 1
28 78 272 1
78 28 272 1
16 79 934 1
79 16 934 1
17 63 324 1
63 17 324 1
32 33 149 1
33 32 149 1
45 47 345 1
47 45 345 1
5 92 1324 1
92 5 1324 1
1 12 1022 1
12 1 1022 1
84 85 1130 1
85 84 1130 1
17 78 955 1
78 17 955 1
46 55 584 1
55 46 584 1
45 46 448 1
46 45 448 1
29 74 571 1
74 29 571 1
82 84 544 1
84 82 544 1
39 41 161 1
41 39 161 1
82 85 1121 1
85 82 1121 1
16 62 313 1
62 16 313 1
17 80 1070 1
80 17 1070 1
83 85 549 1
85 83 549 1
20 38 349 1
38 20 349 1
61 65 175 1
65 61 175 1
78 80 116 1
80 78 116 1
95 108 123 1
108 95 123 1
36 38 122 1
38 36 122 1
0 56 174 1
56 0 174 1
36 39 517 1
39 36 517 1
17 79 135 1
79 17 135 1
36 87 808 1
87 36 808 1
51 53 271 1
53 51 271 1
10 13 1004 1
13 10 1004 1
16 76 379 1
76 16 379 1
54 87 939 1
87 54 939 1
105 106 359 1
106 105 359 1
34 67 275 1
67 34 275 1
70 75 355 1
75 70 355 1
17 76 648 1
76 17 648 1
29 37 304 1
37 29 304 1
37 40 562 1
40 37 562 1
16 28 220 1
28 16 220 1
16 29 882 1
29 16 882 1
44 55 743 1
55 44 743 1
1 10 979 1
10 1 979 1
7 67 937 1
67 7 937 1
22 64 1169 1
64 22 1169 1
16 73 769 1
73 16 769 1
22 23 140 1
23 22 140 1
36 37 542 1
37 36 542 1
83 108 716 1
108 83 716 1
70 71 263 1
71 70 263 1
95 97 97 1
97 95 97 1
72 78 300 1
78 72 300 1
87 108 698 1
108 87 698 1
7 45 1151 1
45 7 1151 1
55 87 559 1
87 55 559 1
86 87 805 1
87 86 805 1
0 1 800 1
1 0 800 1
39 77 312 1
77 39 312 1
39 108 341 1
108 39 341 1
48 50 202 1
50 48 202 1
9 61 1165 1
61 9 1165 1
72 80 384 1
80 72 384 1
36 86 441 1
86 36 441 1
39 54 618 1
54 39 618 1
50 59 774 1
59 50 774 1
43 96 503 1
96 43 503 1
71 75 163 1
75 71 163 1
21 105 742 1
105 21 742 1
28 76 345 1
76 28 345 1
59 66 363 1
66 59 363 1
63 72 944 1
72 63 944 1
72 81 860 1
81 72 860 1
14 15 772 1
15 14 772 1
48 58 400 1
58 48 400 1
70 76 285 1
76 70 285 1
19 82 964 1
82 19 964 1
36 76 232 1
76 36 232 1
36 77 422 1
77 36 422 1
104 115 184 1
115 104 184 1
105 115 176 1
115 105 176 1
106 115 278 1
115 106 278 1
16 80 152 1
80 16 152 1
62 63 1134 1
63 62 1134 1
106 107 486 1
107 106 486 1
47 96 412 1
96 47 412 1
77 95 322 1
95 77 322 1
76 78 312 1
78 76 312 1
6 7 710 1
7 6 710 1
19 69 323 1
69 19 323 1
22 84 1027 1
84 22 1027 1
3 5 603 1
5 3 603 1
31 33 517 1
33 31 517 1
73 77 274 1
77 73 274 1
1 19 351 1
19 1 351 1
3 23 271 1
23 3 271 1
17 62 1129 1
62 17 1129 1
18 68 315 1
68 18 315 1
47 49 380 1
49 47 380 1
38 39 465 1
39 38 465 1
49 55 664 1
55 49 664 1
36 73 600 1
73 36 600 1
38 41 513 1
41 38 513 1
42 96 429 1
96 42 429 1
65 67 361 1
67 65 361 1
77 87 602 1
87 77 602 1
79 81 136 1
81 79 136 1
2 64 992 1
64 2 992 1
46 49 541 1
49 46 541 1
60 93 1168 1
93 60 1168 1
78 81 1002 1
81 78 1002 1
79 80 991 1
80 79 991 1
7 61 813 1
61 7 813 1
1 13 546 1
13 1 546 1
12 14 278 1
14 12 278 1
40 81 874 1
81 40 874 1
29 63 531 1
63 29 531 1
29 78 851 1
78 29 851 1
75 86 685 1
86 75 685 1
76 79 567 1
79 76 567 1
10 19 724 1
19 10 724 1
28 79 847 1
79 28 847 1
63 81 293 1
81 63 293 1
36 79 738 1
79 36 738 1
4 14 255 1
14 4 255 1
56 73 886 1
73 56 886 1
97 109 174 1
109 97 174 1
19 102 1271 1
102 19 1271 1
67 92 922 1
92 67 922 1
36 72 276 1
72 36 276 1
54 98 204 1
98 54 204 1
11 15 385 1
15 11 385 1
72 75 453 1
75 72 453 1
2 26 618 1
26 2 618 1
17 74 721 1
74 17 721 1
25 27 193 1
27 25 193 1
35 65 453 1
65 35 453 1
56 63 1014 1
63 56 1014 1
75 77 210 1
77 75 210 1
29 80 961 1
80 29 961 1
50 53 744 1
53 50 744 1
74 75 389 1
75 74 389 1
11 13 168 1
13 11 168 1
21 31 344 1
31 21 344 1
0 10 381 1
10 0 381 1
2 3 405 1
3 2 405 1
45 67 282 1
67 45 282 1
63 73 569 1
73 63 569 1
87 97 649 1
97 87 649 1
3 25 566 1
25 3 566 1
39 97 289 1
97 39 289 1
40 80 433 1
80 40 433 1
2 93 1417 1
93 2 1417 1
16 57 981 1
57 16 981 1
53 59 742 1
59 53 742 1
2 22 228 1
22 2 228 1
27 94 748 1
94 27 748 1
40 56 722 1
56 40 722 1
72 79 733 1
79 72 733 1
29 76 555 1
76 29 555 1
35 45 385 1
45 35 385 1
73 87 395 1
87 73 395 1
57 68 520 1
68 57 520 1
36 80 330 1
80 36 330 1
90 92 135 1
92 90 135 1
41 97 446 1
97 41 446 1
29 81 342 1
81 29 342 1
41 55 403 1
55 41 403 1
14 38 497 1
38 14 497 1
87 109 723 1
109 87 723 1
6 67 991 1
67 6 991 1
40 74 182 1
74 40 182 1
66 67 177 1
67 66 177 1
39 95 233 1
95 39 233 1
41 73 204 1
73 41 204 1
42 55 629 1
55 42 629 1
77 78 550 1
78 77 550 1
63 74 885 1
74 63 885 1
36 55 626 1
55 36 626 1
55 96 492 1
96 55 492 1
53 82 1252 1
82 53 1252 1
83 87 158 1
87 83 158 1
5 45 1343 1
45 5 1343 1
40 72 200 1
72 40 200 1
56 81 1090 1
81 56 1090 1
83 89 464 1
89 83 464 1
37 80 842 1
80 37 842 1
29 75 189 1
75 29 189 1
0 41 952 1
41 0 952 1
41 77 345 1
77 41 345 1
95 99 272 1
99 95 272 1
3 6 559 1
6 3 559 1
3 35 775 1
35 3 775 1
29 62 1067 1
62 29 1067 1
37 72 595 1
72 37 595 1
60 61 893 1
61 60 893 1
39 86 698 1
86 39 698 1
60 100 938 1
100 60 938 1
91 93 118 1
93 91 118 1
28 62 527 1
62 28 527 1
72 77 430 1
77 72 430 1
0 17 982 1
17 0 982 1
2 6 165 1
6 2 165 1
40 73 549 1
73 40 549 1
43 55 485 1
55 43 485 1
49 96 720 1
96 49 720 1
20 24 393 1
24 20 393 1
22 30 218 1
30 22 218 1
83 97 654 1
97 83 654 1
26 97 829 1
97 26 829 1
58 68 392 1
68 58 392 1
55 88 845 1
88 55 845 1
22 26 505 1
26 22 505 1
70 72 158 1
72 70 158 1
16 63 1092 1
63 16 1092 1
48 54 669 1
54 48 669 1
21 114 752 1
114 21 752 1
36 97 483 1
97 36 483 1
58 69 426 1
69 58 426 1
21 37 403 1
37 21 403 1
59 90 1104 1
90 59 1104 1
57 81 488 1
81 57 488 1
87 98 1003 1
98 87 1003 1
0 76 525 1
76 0 525 1
16 56 380 1
56 16 380 1
23 30 259 1
30 23 259 1
55 97 173 1
97 55 173 1
57 98 1043 1
98 57 1043 1
77 86 724 1
86 77 724 1
5 61 1171 1
61 5 1171 1
9 15 219 1
15 9 219 1
17 56 1024 1
56 17 1024 1
25 97 955 1
97 25 955 1
62 72 566 1
72 62 566 1
33 45 716 1
45 33 716 1
37 81 336 1
81 37 336 1
87 88 1035 1
88 87 1035 1
0 19 488 1
19 0 488 1
2 12 394 1
12 2 394 1
17 36 828 1
36 17 828 1
26 94 743 1
94 26 743 1
29 36 705 1
36 29 705 1
94 96 89 1
96 94 89 1
20 86 362 1
86 20 362 1
44 96 580 1
96 44 580 1
3 65 942 1
65 3 942 1
14 84 681 1
84 14 681 1
16 37 809 1
37 16 809 1
17 75 351 1
75 17 351 1
28 37 709 1
37 28 709 1
41 54 714 1
54 41 714 1
76 86 587 1
86 76 587 1
98 108 315 1
108 98 315 1
19 101 1295 1
101 19 1295 1
33 65 634 1
65 33 634 1
76 87 753 1
87 76 753 1
84 88 224 1
88 84 224 1
82 97 814 1
97 82 814 1
25 34 1006 1
34 25 1006 1
0 73 829 1
73 0 829 1
20 70 213 1
70 20 213 1
41 56 991 1
56 41 991 1
56 98 821 1
98 56 821 1
62 115 846 1
115 62 846 1
100 101 656 1
101 100 656 1
34 64 445 1
64 34 445 1
45 64 610 1
64 45 610 1
62 81 1169 1
81 62 1169 1
86 109 700 1
109 86 700 1
24 84 1013 1
84 24 1013 1
28 53 1155 1
53 28 1155 1
73 79 296 1
79 73 296 1
38 96 284 1
96 38 284 1
16 40 399 1
40 16 399 1
56 80 431 1
80 56 431 1
21 104 765 1
104 21 765 1
33 35 375 1
35 33 375 1
37 62 953 1
62 37 953 1
41 89 415 1
89 41 415 1
0 40 699 1
40 0 699 1
10 15 968 1
15 10 968 1
20 36 396 1
36 20 396 1
33 64 737 1
64 33 737 1
64 65 897 1
65 64 897 1
18 19 147 1
19 18 147 1
2 35 833 1
35 2 833 1
20 39 459 1
39 20 459 1
20 41 386 1
41 20 386 1
52 80 618 1
80 52 618 1
79 98 871 1
98 79 871 1
0 57 825 1
57 0 825 1
28 56 545 1
56 28 545 1
34 66 268 1
66 34 268 1
40 57 982 1
57 40 982 1
55 108 332 1
108 55 332 1
2 27 659 1
27 2 659 1
14 26 321 1
26 14 321 1
36 54 228 1
54 36 228 1
41 79 379 1
79 41 379 1
66 93 972 1
93 66 972 1
0 13 1027 1
13 0 1027 1
1 103 1135 1
103 1 1135 1
13 14 902 1
14 13 902 1
17 57 439 1
57 17 439 1
26 68 1080 1
68 26 1080 1
29 40 655 1
40 29 655 1
77 108 373 1
108 77 373 1
85 89 220 1
89 85 220 1
37 39 117 1
39 37 117 1
56 76 519 1
76 56 519 1
40 87 708 1
87 40 708 1
51 58 753 1
58 51 753 1
53 83 977 1
83 53 977 1
20 26 232 1
26 20 232 1
33 77 332 1
77 33 332 1
3 92 1420 1
92 3 1420 1
28 111 842 1
111 28 842 1
56 87 1244 1
87 56 1244 1
73 81 406 1
81 73 406 1
24 88 947 1
88 24 947 1
26 88 791 1
88 26 791 1
36 96 257 1
96 36 257 1
64 93 1076 1
93 64 1076 1
105 114 152 1
114 105 152 1
4 12 434 1
12 4 434 1
21 115 657 1
115 21 657 1
94 108 97 1
108 94 97 1
3 27 634 1
27 3 634 1
4 93 1288 1
93 4 1288 1
0 74 551 1
74 0 551 1
4 64 1218 1
64 4 1218 1
51 113 663 1
113 51 663 1
67 93 875 1
93 67 875 1
74 77 362 1
77 74 362 1
34 108 452 1
108 34 452 1
41 101 711 1
101 41 711 1
26 54 816 1
54 26 816 1
47 78 767 1
78 47 767 1
72 99 831 1
99 72 831 1
100 102 87 1
102 100 87 1
18 110 887 1
110 18 887 1
22 34 922 1
34 22 922 1
52 89 1027 1
89 52 1027 1
95 109 146 1
109 95 146 1
111 114 232 1
114 111 232 1
20 37 510 1
37 20 510 1
41 82 687 1
82 41 687 1
70 77 376 1
77 70 376 1
73 78 740 1
78 73 740 1
0 16 380 1
16 0 380 1
14 41 702 1
41 14 702 1
50 107 943 1
107 50 943 1
57 79 431 1
79 57 431 1
0 58 565 1
58 0 565 1
54 96 167 1
96 54 167 1
19 79 658 1
79 19 658 1
28 70 247 1
70 28 247 1
41 98 784 1
98 41 784 1
68 84 871 1
84 68 871 1
1 63 334 1
63 1 334 1
36 40 213 1
40 36 213 1
37 86 777 1
86 37 777 1
1 11 394 1
11 1 394 1
19 98 1076 1
98 19 1076 1
38 73 580 1
73 38 580 1
81 111 760 1
111 81 760 1
10 11 986 1
11 10 986 1
24 25 135 1
25 24 135 1
36 81 848 1
81 36 848 1
56 72 566 1
72 56 566 1
1 15 757 1
15 1 757 1
20 30 328 1
30 20 328 1
27 35 871 1
35 27 871 1
59 107 1064 1
107 59 1064 1
16 102 798 1
102 16 798 1
17 96 834 1
96 17 834 1
48 110 500 1
110 48 500 1
85 87 616 1
87 85 616 1
9 92 1428 1
92 9 1428 1
28 40 248 1
40 28 248 1
29 70 512 1
70 29 512 1
54 108 319 1
108 54 319 1
53 63 685 1
63 53 685 1
77 79 329 1
79 77 329 1
0 12 517 1
12 0 517 1
2 4 569 1
4 2 569 1
16 36 349 1
36 16 349 1
22 88 1044 1
88 22 1044 1
23 51 1340 1
51 23 1340 1
90 106 378 1
106 90 378 1
16 77 611 1
77 16 611 1
39 76 461 1
76 39 461 1
38 86 366 1
86 38 366 1
61 92 1185 1
92 61 1185 1
83 101 854 1
101 83 854 1
55 86 895 1
86 55 895 1
101 103 106 1
103 101 106 1
6 93 1425 1
93 6 1425 1
44 65 564 1
65 44 564 1
53 84 1054 1
84 53 1054 1
56 59 788 1
59 56 788 1
82 101 1107 1
101 82 1107 1
12 15 906 1
15 12 906 1
26 96 811 1
96 26 811 1
27 89 807 1
89 27 807 1
37 41 217 1
41 37 217 1
57 84 1116 1
84 57 1116 1
97 99 180 1
99 97 180 1
41 72 550 1
72 41 550 1
9 11 523 1
11 9 523 1
9 13 376 1
13 9 376 1
37 56 930 1
56 37 930 1
40 62 664 1
62 40 664 1
47 79 596 1
79 47 596 1
47 55 367 1
55 47 367 1
87 95 598 1
95 87 598 1
4 8 148 1
8 4 148 1
1 17 391 1
17 1 391 1
13 40 857 1
40 13 857 1
16 74 335 1
74 16 335 1
28 41 661 1
41 28 661 1
37 75 239 1
75 37 239 1
39 98 655 1
98 39 655 1
48 59 599 1
59 48 599 1
12 26 521 1
26 12 521 1
53 80 1109 1
80 53 1109 1
0 72 516 1
72 0 516 1
17 102 1111 1
102 17 1111 1
19 83 893 1
83 19 893 1
37 73 278 1
73 37 278 1
38 87 730 1
87 38 730 1
57 73 601 1
73 57 601 1
2 34 808 1
34 2 808 1
12 68 874 1
68 12 874 1
32 62 548 1
62 32 548 1
80 82 469 1
82 80 469 1
16 96 566 1
96 16 566 1
40 111 707 1
111 40 707 1
55 77 412 1
77 55 412 1
73 80 850 1
80 73 850 1
26 89 900 1
89 26 900 1
41 74 484 1
74 41 484 1
74 81 792 1
81 74 792 1
94 95 213 1
95 94 213 1
19 57 426 1
57 19 426 1
25 85 1018 1
85 25 1018 1
32 75 514 1
75 32 514 1
35 108 425 1
108 35 425 1
6 64 941 1
64 6 941 1
14 20 320 1
20 14 320 1
33 71 374 1
71 33 374 1
53 74 995 1
74 53 995 1
38 79 739 1
79 38 739 1
41 76 493 1
76 41 493 1
53 89 552 1
89 53 552 1
80 98 568 1
98 80 568 1
20 73 397 1
73 20 397 1
63 80 1146 1
80 63 1146 1
4 10 570 1
10 4 570 1
13 62 1248 1
62 13 1248 1
17 112 924 1
112 17 924 1
60 65 898 1
65 60 898 1
85 109 570 1
109 85 570 1
12 19 781 1
19 12 781 1
25 26 225 1
26 25 225 1
38 40 158 1
40 38 158 1
39 83 378 1
83 39 378 1
68 110 813 1
110 68 813 1
77 97 366 1
97 77 366 1
0 28 492 1
28 0 492 1
5 15 278 1
15 5 278 1
27 97 789 1
97 27 789 1
71 77 297 1
77 71 297 1
5 44 1368 1
44 5 1368 1
43 115 517 1
115 43 517 1
57 63 249 1
63 57 249 1
91 95 424 1
95 91 424 1
10 28 213 1
28 10 213 1
34 45 409 1
45 34 409 1
19 97 912 1
97 19 912 1
39 44 864 1
44 39 864 1
48 49 410 1
49 48 410 1
71 73 163 1
73 71 163 1
2 23 340 1
23 2 340 1
83 109 722 1
109 83 722 1
4 91 1276 1
91 4 1276 1
7 44 1214 1
44 7 1214 1
12 18 670 1
18 12 670 1
25 35 978 1
35 25 978 1
48 52 415 1
52 48 415 1
57 87 938 1
87 57 938 1
104 114 171 1
114 104 171 1
16 75 702 1
75 16 702 1
52 81 1110 1
81 52 1110 1
52 84 487 1
84 52 487 1
70 99 848 1
99 70 848 1
83 100 1134 1
100 83 1134 1
86 88 460 1
88 86 460 1
90 115 420 1
115 90 420 1
10 74 381 1
74 10 381 1
33 60 632 1
60 33 632 1
54 89 853 1
89 54 853 1
98 102 260 1
102 98 260 1
40 54 405 1
54 40 405 1
14 19 916 1
19 14 916 1
41 95 382 1
95 41 382 1
50 58 486 1
58 50 486 1
96 98 184 1
98 96 184 1
26 41 487 1
41 26 487 1
27 88 863 1
88 27 863 1
6 66 934 1
66 6 934 1
11 61 675 1
61 11 675 1
14 22 562 1
22 14 562 1
24 94 920 1
94 24 920 1
27 48 1308 1
48 27 1308 1
80 111 747 1
111 80 747 1
90 105 516 1
105 90 516 1
29 77 357 1
77 29 357 1
49 94 735 1
94 49 735 1
56 99 1051 1
99 56 1051 1
57 76 691 1
76 57 691 1
74 78 322 1
78 74 322 1
112 113 116 1
113 112 116 1
11 63 488 1
63 11 488 1
19 58 678 1
58 19 678 1
35 92 768 1
92 35 768 1
38 54 263 1
54 38 263 1
71 76 392 1
76 71 392 1
94 109 127 1
109 94 127 1
21 107 601 1
107 21 601 1
23 34 949 1
34 23 949 1
0 60 405 1
60 0 405 1
51 66 580 1
66 51 580 1
55 76 571 1
76 55 571 1
70 86 500 1
86 70 500 1
23 48 1375 1
48 23 1375 1
36 74 242 1
74 36 242 1
38 72 305 1
72 38 305 1
56 101 1297 1
101 56 1297 1
56 102 1030 1
102 56 1030 1
58 93 1138 1
93 58 1138 1
15 100 1225 1
100 15 1225 1
30 33 526 1
33 30 526 1
79 96 717 1
96 79 717 1
82 109 693 1
109 82 693 1
27 67 1105 1
67 27 1105 1
54 97 484 1
97 54 484 1
63 112 915 1
112 63 915 1
3 45 1118 1
45 3 1118 1
11 75 388 1
75 11 388 1
18 69 392 1
69 18 392 1
111 113 191 1
113 111 191 1
3 22 347 1
22 3 347 1
17 98 995 1
98 17 995 1
39 73 305 1
73 39 305 1
28 36 321 1
36 28 321 1
29 47 768 1
47 29 768 1
53 81 650 1
81 53 650 1
1 57 172 1
57 1 172 1
1 58 829 1
58 1 829 1
5 42 1309 1
42 5 1309 1
7 23 337 1
23 7 337 1
10 84 516 1
84 10 516 1
17 40 824 1
40 17 824 1
19 85 882 1
85 19 882 1
82 87 849 1
87 82 849 1
17 86 1035 1
86 17 1035 1
33 61 545 1
61 33 545 1
57 80 1050 1
80 57 1050 1
9 65 1235 1
65 9 1235 1
13 60 1245 1
60 13 1245 1
15 83 194 1
83 15 194 1
20 74 213 1
74 20 213 1
32 77 383 1
77 32 383 1
57 102 1241 1
102 57 1241 1
109 112 348 1
112 109 348 1
26 69 1109 1
69 26 1109 1
34 94 438 1
94 34 438 1
38 75 499 1
75 38 499 1
51 90 888 1
90 51 888 1
57 69 378 1
69 57 378 1
12 60 825 1
60 12 825 1
17 77 417 1
77 17 417 1
26 110 904 1
110 26 904 1
75 87 423 1
87 75 423 1
90 103 653 1
103 90 653 1
0 63 1010 1
63 0 1010 1
24 38 730 1
38 24 730 1
32 86 868 1
86 32 868 1
93 101 103 1
101 93 103 1
96 109 176 1
109 96 176 1
101 102 595 1
102 101 595 1
21 80 756 1
80 21 756 1
46 54 354 1
54 46 354 1
17 37 368 1
37 17 368 1
24 50 1395 1
50 24 1395 1
28 52 856 1
52 28 856 1
36 78 263 1
78 36 263 1
40 41 506 1
41 40 506 1
56 89 1199 1
89 56 1199 1
77 83 539 1
83 77 539 1
98 109 329 1
109 98 329 1
1 60 923 1
60 1 923 1
1 68 549 1
68 1 549 1
14 68 1034 1
68 14 1034 1
26 55 856 1
55 26 856 1
31 53 1248 1
53 31 1248 1
76 96 361 1
96 76 361 1
22 91 1377 1
91 22 1377 1
27 69 1092 1
69 27 1092 1
54 86 568 1
86 54 568 1
56 83 1181 1
83 56 1181 1
59 101 1108 1
101 59 1108 1
60 92 903 1
92 60 903 1
85 108 596 1
108 85 596 1
14 82 179 1
82 14 179 1
34 65 549 1
65 34 549 1
37 76 441 1
76 37 441 1
38 76 305 1
76 38 305 1
74 87 714 1
87 74 714 1
15 41 349 1
41 15 349 1
19 41 815 1
41 19 815 1
38 55 598 1
55 38 598 1
23 64 1238 1
64 23 1238 1
52 58 705 1
58 52 705 1
60 62 241 1
62 60 241 1
72 112 844 1
112 72 844 1
15 20 521 1
20 15 521 1
20 75 348 1
75 20 348 1
22 50 1336 1
50 22 1336 1
49 54 854 1
54 49 854 1
49 86 1302 1
86 49 1302 1
55 109 337 1
109 55 337 1
63 100 1236 1
100 63 1236 1
90 111 396 1
111 90 396 1
23 31 199 1
31 23 199 1
44 67 332 1
67 44 332 1
63 75 591 1
75 63 591 1
1 16 963 1
16 1 963 1
11 12 972 1
12 11 972 1
12 96 853 1
96 12 853 1
62 106 794 1
106 62 794 1
73 86 744 1
86 73 744 1
7 35 816 1
35 7 816 1
19 56 574 1
56 19 574 1
23 35 930 1
35 23 930 1
37 63 543 1
63 37 543 1
0 110 838 1
110 0 838 1
20 21 185 1
21 20 185 1
20 29 497 1
29 20 497 1
60 102 963 1
102 60 963 1
69 94 883 1
94 69 883 1
20 55 690 1
55 20 690 1
61 102 1213 1
102 61 1213 1
69 103 1214 1
103 69 1214 1
4 22 457 1
22 4 457 1
10 82 401 1
82 10 401 1
38 77 447 1
77 38 447 1
44 54 668 1
54 44 668 1
56 111 893 1
111 56 893 1
60 103 1182 1
103 60 1182 1
81 82 1081 1
82 81 1081 1
0 81 1076 1
81 0 1076 1
6 92 1291 1
92 6 1291 1
8 24 258 1
24 8 258 1
45 115 699 1
115 45 699 1
52 107 835 1
107 52 835 1
1 75 562 1
75 1 562 1
21 111 835 1
111 21 835 1
39 49 832 1
49 39 832 1
51 107 769 1
107 51 769 1
55 98 606 1
98 55 606 1
98 110 300 1
110 98 300 1
113 114 95 1
114 113 95 1
1 14 1077 1
14 1 1077 1
5 113 1156 1
113 5 1156 1
26 39 604 1
39 26 604 1
42 115 508 1
115 42 508 1
47 109 317 1
109 47 317 1
62 80 268 1
80 62 268 1
63 101 920 1
101 63 920 1
81 84 1146 1
84 81 1146 1
28 75 567 1
75 28 567 1
40 98 586 1
98 40 586 1
97 112 339 1
112 97 339 1
5 67 1194 1
67 5 1194 1
6 18 473 1
18 6 473 1
57 110 760 1
110 57 760 1
72 87 771 1
87 72 771 1
0 75 786 1
75 0 786 1
7 90 1390 1
90 7 1390 1
24 53 1427 1
53 24 1427 1
26 58 1249 1
58 26 1249 1
30 34 790 1
34 30 790 1
39 46 678 1
46 39 678 1
47 80 841 1
80 47 841 1
79 85 260 1
85 79 260 1
92 100 157 1
100 92 157 1
32 71 466 1
71 32 466 1
36 75 517 1
75 36 517 1
69 100 1235 1
100 69 1235 1
79 87 531 1
87 79 531 1
23 50 1386 1
50 23 1386 1
58 89 1156 1
89 58 1156 1
83 98 1029 1
98 83 1029 1
20 76 380 1
76 20 380 1
20 87 562 1
87 20 562 1
32 76 341 1
76 32 341 1
41 57 760 1
57 41 760 1
56 74 591 1
74 56 591 1
78 102 697 1
102 78 697 1
5 35 974 1
35 5 974 1
5 43 1235 1
43 5 1235 1
6 90 1185 1
90 6 1185 1
19 110 862 1
110 19 862 1
24 41 633 1
41 24 633 1
26 98 979 1
98 26 979 1
57 72 874 1
72 57 874 1
107 115 298 1
115 107 298 1
13 28 892 1
28 13 892 1
13 92 1402 1
92 13 1402 1
17 32 646 1
32 17 646 1
37 87 433 1
87 37 433 1
41 108 476 1
108 41 476 1
0 89 1205 1
89 0 1205 1
3 34 810 1
34 3 810 1
28 83 861 1
83 28 861 1
52 56 797 1
56 52 797 1
68 103 1277 1
103 68 1277 1
85 97 439 1
97 85 439 1
39 96 494 1
96 39 494 1
45 92 789 1
92 45 789 1
27 110 890 1
110 27 890 1
35 93 718 1
93 35 718 1
52 114 516 1
114 52 516 1
69 82 1105 1
82 69 1105 1
80 87 1107 1
87 80 1107 1
82 108 675 1
108 82 675 1
1 102 1288 1
102 1 1288 1
11 29 239 1
29 11 239 1
20 54 606 1
54 20 606 1
21 81 634 1
81 21 634 1
27 36 659 1
36 27 659 1
38 70 414 1
70 38 414 1
42 71 934 1
71 42 934 1
45 96 643 1
96 45 643 1
17 47 731 1
47 17 731 1
23 67 1077 1
67 23 1077 1
29 79 257 1
79 29 257 1
36 56 615 1
56 36 615 1
39 75 260 1
75 39 260 1
59 89 931 1
89 59 931 1
69 95 876 1
95 69 876 1
4 23 506 1
23 4 506 1
15 101 1024 1
101 15 1024 1
20 71 311 1
71 20 311 1
28 99 923 1
99 28 923 1
53 54 818 1
54 53 818 1
63 111 831 1
111 63 831 1
68 107 1166 1
107 68 1166 1
86 97 801 1
97 86 801 1
0 102 1108 1
102 0 1108 1
26 38 554 1
38 26 554 1
29 31 454 1
31 29 454 1
53 112 421 1
112 53 421 1
88 91 958 1
91 88 958 1
90 107 713 1
107 90 713 1
5 46 1206 1
46 5 1206 1
11 60 1139 1
60 11 1139 1
11 100 1299 1
100 11 1299 1
22 25 402 1
25 22 402 1
24 55 1018 1
55 24 1018 1
30 35 784 1
35 30 784 1
68 88 1023 1
88 68 1023 1
2 7 566 1
7 2 566 1
43 65 435 1
65 43 435 1
69 84 944 1
84 69 944 1
81 98 940 1
98 81 940 1
13 90 1367 1
90 13 1367 1
33 34 394 1
34 33 394 1
52 82 943 1
82 52 943 1
57 82 1164 1
82 57 1164 1
62 78 287 1
78 62 287 1
63 70 849 1
70 63 849 1
79 112 791 1
112 79 791 1
7 106 1176 1
106 7 1176 1
10 68 756 1
68 10 756 1
20 27 271 1
27 20 271 1
52 63 1131 1
63 52 1131 1
88 93 930 1
93 88 930 1
0 36 643 1
36 0 643 1
19 84 968 1
84 19 968 1
35 64 566 1
64 35 566 1
41 70 482 1
70 41 482 1
59 68 484 1
68 59 484 1
72 96 519 1
96 72 519 1
82 91 1133 1
91 82 1133 1
90 110 460 1
110 90 460 1
98 112 277 1
112 98 277 1
6 23 465 1
23 6 465 1
19 81 772 1
81 19 772 1
53 85 491 1
85 53 491 1
10 81 1126 1
81 10 1126 1
21 52 1052 1
52 21 1052 1
26 48 1303 1
48 26 1303 1
34 77 351 1
77 34 351 1
57 58 735 1
58 57 735 1
96 112 337 1
112 96 337 1
15 28 819 1
28 15 819 1
30 71 303 1
71 30 303 1
41 88 824 1
88 41 824 1
92 93 608 1
93 92 608 1
21 38 458 1
38 21 458 1
27 108 748 1
108 27 748 1
76 110 394 1
110 76 394 1
91 99 166 1
99 91 166 1
10 18 609 1
18 10 609 1
13 61 843 1
61 13 843 1
24 54 987 1
54 24 987 1
47 112 265 1
112 47 265 1
54 91 742 1
91 54 742 1
56 77 690 1
77 56 690 1
59 69 338 1
69 59 338 1
89 97 385 1
97 89 385 1
90 104 351 1
104 90 351 1
27 34 903 1
34 27 903 1
62 74 590 1
74 62 590 1
83 95 609 1
95 83 609 1
99 111 265 1
111 99 265 1
81 107 591 1
107 81 591 1
85 94 684 1
94 85 684 1
5 27 165 1
27 5 165 1
13 72 796 1
72 13 796 1
34 97 481 1
97 34 481 1
41 86 672 1
86 41 672 1
59 63 501 1
63 59 501 1
60 64 187 1
64 60 187 1
7 64 1244 1
64 7 1244 1
25 83 553 1
83 25 553 1
28 57 964 1
57 28 964 1
30 85 964 1
85 30 964 1
36 83 816 1
83 36 816 1
25 41 554 1
41 25 554 1
63 99 719 1
99 63 719 1
14 69 1104 1
69 14 1104 1
17 111 850 1
111 17 850 1
39 109 356 1
109 39 356 1
56 82 787 1
82 56 787 1
25 51 1371 1
51 25 1371 1
29 111 842 1
111 29 842 1
61 103 1017 1
103 61 1017 1
69 93 1169 1
93 69 1169 1
74 112 785 1
112 74 785 1
79 102 994 1
102 79 994 1
84 91 1024 1
91 84 1024 1
2 24 548 1
24 2 548 1
47 62 864 1
62 47 864 1
58 90 890 1
90 58 890 1
61 101 1003 1
101 61 1003 1
95 103 393 1
103 95 393 1
25 108 916 1
108 25 916 1
31 114 1052 1
114 31 1052 1
41 80 868 1
80 41 868 1
44 108 631 1
108 44 631 1
74 80 415 1
80 74 415 1
82 98 761 1
98 82 761 1
2 69 758 1
69 2 758 1
21 29 329 1
29 21 329 1
35 44 409 1
44 35 409 1
68 82 1040 1
82 68 1040 1
92 113 313 1
113 92 313 1
19 80 851 1
80 19 851 1
60 91 1127 1
91 60 1127 1
62 73 961 1
73 62 961 1
108 110 194 1
110 108 194 1
0 77 681 1
77 0 681 1
9 42 1383 1
42 9 1383 1
23 83 710 1
83 23 710 1
106 114 322 1
114 106 322 1
8 57 1217 1
57 8 1217 1
23 84 1113 1
84 23 1113 1
27 68 1083 1
68 27 1083 1
34 93 788 1
93 34 788 1
9 90 1391 1
90 9 1391 1
23 82 788 1
82 23 788 1
39 56 973 1
56 39 973 1
56 68 408 1
68 56 408 1
15 29 295 1
29 15 295 1
15 53 1143 1
53 15 1143 1
21 47 833 1
47 21 833 1
29 71 259 1
71 29 259 1
39 88 762 1
88 39 762 1
49 97 622 1
97 49 622 1
50 66 475 1
66 50 475 1
60 66 370 1
66 60 370 1
66 90 828 1
90 66 828 1
67 90 867 1
90 67 867 1
74 99 759 1
99 74 759 1
93 103 173 1
103 93 173 1
2 91 1366 1
91 2 1366 1
12 110 967 1
110 12 967 1
14 101 1221 1
101 14 1221 1
41 63 682 1
63 41 682 1
54 109 337 1
109 54 337 1
55 73 498 1
73 55 498 1
59 104 1146 1
104 59 1146 1
69 101 1234 1
101 69 1234 1
76 81 691 1
81 76 691 1
4 15 597 1
15 4 597 1
5 23 453 1
23 5 453 1
6 8 485 1
8 6 485 1
8 16 655 1
16 8 655 1
29 32 631 1
32 29 631 1
32 78 484 1
78 32 484 1
50 90 473 1
90 50 473 1
63 76 747 1
76 63 747 1
80 112 813 1
112 80 813 1
90 113 376 1
113 90 376 1
107 114 333 1
114 107 333 1
24 73 599 1
73 24 599 1
43 109 418 1
109 43 418 1
52 90 240 1
90 52 240 1
78 96 453 1
96 78 453 1
77 109 318 1
109 77 318 1
14 91 1235 1
91 14 1235 1
22 82 706 1
82 22 706 1
27 54 856 1
54 27 856 1
27 58 1265 1
58 27 1265 1
29 86 839 1
86 29 839 1
31 113 1132 1
113 31 1132 1
35 94 438 1
94 35 438 1
36 95 408 1
95 36 408 1
44 64 436 1
64 44 436 1
48 97 706 1
97 48 706 1
69 90 1119 1
90 69 1119 1
72 111 772 1
111 72 772 1
3 85 893 1
85 3 893 1
5 21 332 1
21 5 332 1
25 82 617 1
82 25 617 1
28 77 540 1
77 28 540 1
47 81 624 1
81 47 624 1
56 95 883 1
95 56 883 1
76 97 459 1
97 76 459 1
4 90 1167 1
90 4 1167 1
10 17 1029 1
17 10 1029 1
23 25 373 1
25 23 373 1
55 72 755 1
72 55 755 1
63 78 1033 1
78 63 1033 1
23 91 1352 1
91 23 1352 1
40 114 619 1
114 40 619 1
69 88 1077 1
88 69 1077 1
74 86 416 1
86 74 416 1
90 100 182 1
100 90 182 1
4 26 161 1
26 4 161 1
12 69 975 1
69 12 975 1
31 85 906 1
85 31 906 1
37 55 221 1
55 37 221 1
37 79 267 1
79 37 267 1
61 100 1241 1
100 61 1241 1
62 103 1159 1
103 62 1159 1
12 58 1025 1
58 12 1025 1
28 82 255 1
82 28 255 1
39 79 371 1
79 39 371 1
55 95 221 1
95 55 221 1
3 44 1158 1
44 3 1158 1
22 54 1063 1
54 22 1063 1
41 85 509 1
85 41 509 1
48 53 654 1
53 48 654 1
52 111 398 1
111 52 398 1
39 42 762 1
42 39 762 1
64 91 1046 1
91 64 1046 1
1 56 851 1
56 1 851 1
10 73 783 1
73 10 783 1
16 111 812 1
111 16 812 1
27 96 825 1
96 27 825 1
57 88 1185 1
88 57 1185 1
96 110 214 1
110 96 214 1
2 92 1350 1
92 2 1350 1
33 75 426 1
75 33 426 1
53 113 487 1
113 53 487 1
66 103 1026 1
103 66 1026 1
94 112 366 1
112 94 366 1
1 73 531 1
73 1 531 1
2 45 1193 1
45 2 1193 1
30 83 641 1
83 30 641 1
54 77 571 1
77 54 571 1
57 85 575 1
85 57 575 1
2 94 947 1
94 2 947 1
18 58 669 1
58 18 669 1
24 71 494 1
71 24 494 1
51 82 1285 1
82 51 1285 1
60 101 1230 1
101 60 1230 1
107 111 490 1
111 107 490 1
6 85 1205 1
85 6 1205 1
20 89 778 1
89 20 778 1
31 115 958 1
115 31 958 1
35 60 562 1
60 35 562 1
36 109 326 1
109 36 326 1
42 62 705 1
62 42 705 1
54 110 373 1
110 54 373 1
66 99 784 1
99 66 784 1
68 97 933 1
97 68 933 1
69 98 991 1
98 69 991 1
82 94 609 1
94 82 609 1
16 32 504 1
32 16 504 1
16 86 543 1
86 16 543 1
30 70 259 1
70 30 259 1
36 88 289 1
88 36 289 1
56 79 965 1
79 56 965 1
69 110 773 1
110 69 773 1
31 35 790 1
35 31 790 1
34 91 729 1
91 34 729 1
36 46 482 1
46 36 482 1
37 47 493 1
47 37 493 1
50 104 729 1
104 50 729 1
72 86 399 1
86 72 399 1
74 79 666 1
79 74 666 1
88 89 1035 1
89 88 1035 1
25 89 956 1
89 25 956 1
30 64 1064 1
64 30 1064 1
43 62 845 1
62 43 845 1
80 84 162 1
84 80 162 1
84 111 669 1
111 84 669 1
10 110 856 1
110 10 856 1
25 50 1404 1
50 25 1404 1
36 108 330 1
108 36 330 1
37 57 643 1
57 37 643 1
40 86 262 1
86 40 262 1
66 100 968 1
100 66 968 1
76 80 424 1
80 76 424 1
91 94 561 1
94 91 561 1
91 108 473 1
108 91 473 1
10 72 309 1
72 10 309 1
30 99 1049 1
99 30 1049 1
31 99 1044 1
99 31 1044 1
87 96 843 1
96 87 843 1
96 97 322 1
97 96 322 1
98 101 623 1
101 98 623 1
99 112 272 1
112 99 272 1
14 24 389 1
24 14 389 1
18 67 652 1
67 18 652 1
33 62 690 1
62 33 690 1
34 88 672 1
88 34 672 1
58 60 266 1
60 58 266 1
59 82 1290 1
82 59 1290 1
99 103 258 1
103 99 258 1
15 37 533 1
37 15 533 1
19 103 1259 1
103 19 1259 1
21 30 349 1
30 21 349 1
28 101 1105 1
101 28 1105 1
55 74 679 1
74 55 679 1
57 112 990 1
112 57 990 1
18 101 1348 1
101 18 1348 1
25 67 1191 1
67 25 1191 1
58 101 1214 1
101 58 1214 1
81 109 623 1
109 81 623 1
21 53 1018 1
53 21 1018 1
24 96 985 1
96 24 985 1
36 94 246 1
94 36 246 1
41 58 1097 1
58 41 1097 1
47 72 816 1
72 47 816 1
64 67 549 1
67 64 549 1
68 90 1109 1
90 68 1109 1
79 94 650 1
94 79 650 1
99 101 266 1
101 99 266 1
9 21 431 1
21 9 431 1
40 76 327 1
76 40 327 1
41 78 770 1
78 41 770 1
41 99 593 1
99 41 593 1
51 112 579 1
112 51 579 1
61 90 1156 1
90 61 1156 1
67 106 941 1
106 67 941 1
83 99 770 1
99 83 770 1
110 111 172 1
111 110 172 1
24 36 774 1
36 24 774 1
49 108 699 1
108 49 699 1
50 114 661 1
114 50 661 1
54 83 966 1
83 54 966 1
103 105 173 1
105 103 173 1
7 42 1234 1
42 7 1234 1
10 53 1310 1
53 10 1310 1
11 28 875 1
28 11 875 1
11 74 727 1
74 11 727 1
16 98 666 1
98 16 666 1
20 28 320 1
28 20 320 1
26 108 761 1
108 26 761 1
29 53 887 1
53 29 887 1
30 53 1265 1
53 30 1265 1
31 111 1088 1
111 31 1088 1
57 59 382 1
59 57 382 1
92 115 404 1
115 92 404 1
5 49 1365 1
49 5 1365 1
37 71 401 1
71 37 401 1
39 43 659 1
43 39 659 1
43 71 852 1
71 43 852 1
43 104 661 1
104 43 661 1
57 111 890 1
111 57 890 1
81 86 1091 1
86 81 1091 1
88 97 687 1
97 88 687 1
20 40 225 1
40 20 225 1
24 39 767 1
39 24 767 1
25 48 1425 1
48 25 1425 1
32 63 656 1
63 32 656 1
37 43 584 1
43 37 584 1
37 77 246 1
77 37 246 1
38 47 654 1
47 38 654 1
89 98 818 1
98 89 818 1
0 79 944 1
79 0 944 1
8 41 768 1
41 8 768 1
24 70 465 1
70 24 465 1
38 56 731 1
56 38 731 1
42 65 644 1
65 42 644 1
56 86 911 1
86 56 911 1
84 114 684 1
114 84 684 1
92 106 400 1
106 92 400 1
7 113 1243 1
113 7 1243 1
16 47 880 1
47 16 880 1
21 40 380 1
40 21 380 1
27 49 1272 1
49 27 1272 1
29 41 234 1
41 29 234 1
36 70 395 1
70 36 395 1
44 86 1168 1
86 44 1168 1
57 74 830 1
74 57 830 1
58 107 1147 1
107 58 1147 1
81 114 782 1
114 81 782 1
91 92 669 1
92 91 669 1
8 15 741 1
15 8 741 1
9 62 1305 1
62 9 1305 1
12 93 1368 1
93 12 1368 1
18 57 564 1
57 18 564 1
24 97 1000 1
97 24 1000 1
31 71 265 1
71 31 265 1
36 47 622 1
47 36 622 1
40 63 1007 1
63 40 1007 1
62 100 836 1
100 62 836 1
76 112 647 1
112 76 647 1
80 107 937 1
107 80 937 1
97 110 221 1
110 97 221 1
2 58 959 1
58 2 959 1
7 104 1243 1
104 7 1243 1
9 113 1235 1
113 9 1235 1
20 72 238 1
72 20 238 1
46 109 326 1
109 46 326 1
56 62 252 1
62 56 252 1
57 89 760 1
89 57 760 1
81 105 772 1
105 81 772 1
0 87 1191 1
87 0 1191 1
0 98 918 1
98 0 918 1
2 66 917 1
66 2 917 1
13 17 364 1
17 13 364 1
66 95 734 1
95 66 734 1
74 82 336 1
82 74 336 1
11 62 1169 1
62 11 1169 1
14 94 734 1
94 14 734 1
36 43 693 1
43 36 693 1
59 105 1100 1
105 59 1100 1
88 109 538 1
109 88 538 1
0 80 485 1
80 0 485 1
21 43 915 1
43 21 915 1
37 70 546 1
70 37 546 1
53 56 1149 1
56 53 1149 1
73 96 674 1
96 73 674 1
74 83 697 1
83 74 697 1
75 78 667 1
78 75 667 1
93 100 653 1
100 93 653 1
113 115 188 1
115 113 188 1
0 62 386 1
62 0 386 1
4 13 743 1
13 4 743 1
6 35 860 1
35 6 860 1
17 41 414 1
41 17 414 1
18 84 897 1
84 18 897 1
22 53 1432 1
53 22 1432 1
26 91 1131 1
91 26 1131 1
56 75 833 1
75 56 833 1
63 102 1192 1
102 63 1192 1
66 107 978 1
107 66 978 1
5 11 579 1
11 5 579 1
12 27 629 1
27 12 629 1
49 71 957 1
71 49 957 1
54 73 776 1
73 54 776 1
69 97 875 1
97 69 875 1
2 65 1144 1
65 2 1144 1
6 65 1218 1
65 6 1218 1
19 108 910 1
108 19 910 1
28 31 545 1
31 28 545 1
38 97 469 1
97 38 469 1
56 58 427 1
58 56 427 1
56 112 990 1
112 56 990 1
81 112 823 1
112 81 823 1
99 100 610 1
100 99 610 1
2 44 1165 1
44 2 1165 1
15 19 867 1
19 15 867 1
29 33 510 1
33 29 510 1
36 53 880 1
53 36 880 1
42 114 483 1
114 42 483 1
57 77 533 1
77 57 533 1
67 69 345 1
69 67 345 1
87 89 476 1
89 87 476 1
105 111 367 1
111 105 367 1
7 11 254 1
11 7 254 1
20 96 592 1
96 20 592 1
31 32 596 1
32 31 596 1
111 115 269 1
115 111 269 1
9 43 1284 1
43 9 1284 1
11 65 770 1
65 11 770 1
23 92 1466 1
92 23 1466 1
27 39 536 1
39 27 536 1
57 95 781 1
95 57 781 1
2 60 843 1
60 2 843 1
2 88 959 1
88 2 959 1
18 90 1192 1
90 18 1192 1
23 85 1053 1
85 23 1053 1
26 36 616 1
36 26 616 1
29 96 758 1
96 29 758 1
32 39 692 1
39 32 692 1
37 78 740 1
78 37 740 1
38 81 841 1
81 38 841 1
60 67 538 1
67 60 538 1
68 85 974 1
85 68 974 1
73 111 787 1
111 73 787 1
5 25 129 1
25 5 129 1
20 53 1075 1
53 20 1075 1
26 49 1309 1
49 26 1309 1
26 87 560 1
87 26 560 1
77 99 529 1
99 77 529 1
81 96 799 1
96 81 799 1
86 96 642 1
96 86 642 1
99 102 560 1
102 99 560 1
4 88 829 1
88 4 829 1
9 29 484 1
29 9 484 1
10 70 382 1
70 10 382 1
17 19 648 1
19 17 648 1
21 63 810 1
63 21 810 1
37 46 651 1
46 37 651 1
52 57 1117 1
57 52 1117 1
62 75 893 1
75 62 893 1
71 86 672 1
86 71 672 1
