116 2668
42 43 239 1
43 42 239 1
44 45 194 1
45 44 194 1
80 81 1113 1
81 80 1113 1
104 105 204 1
105 104 204 1
43 47 146 1
47 43 146 1
42 46 173 1
46 42 173 1
44 49 304 1
49 44 304 1
95 109 146 1
109 95 146 1
42 47 281 1
47 42 281 1
0 56 174 1
56 0 174 1
88 89 1035 1
89 88 1035 1
58 59 496 1
59 58 496 1
62 63 1134 1
63 62 1134 1
39 94 407 1
94 39 407 1
48 50 202 1
50 48 202 1
2 6 165 1
6 2 165 1
38 39 465 1
39 38 465 1
30 31 127 1
31 30 127 1
43 46 341 1
46 43 341 1
42 45 300 1
45 42 300 1
42 44 208 1
44 42 208 1
87 89 476 1
89 87 476 1
101 103 106 1
103 101 106 1
56 57 840 1
57 56 840 1
97 110 221 1
110 97 221 1
38 94 246 1
94 38 246 1
71 77 297 1
77 71 297 1
59 61 271 1
61 59 271 1
16 17 998 1
17 16 998 1
11 13 168 1
13 11 168 1
24 25 135 1
25 24 135 1
17 63 324 1
63 17 324 1
32 33 149 1
33 32 149 1
50 51 698 1
51 50 698 1
18 19 147 1
19 18 147 1
52 53 746 1
53 52 746 1
72 74 76 1
74 72 76 1
98 99 479 1
99 98 479 1
45 49 111 1
49 45 111 1
42 49 396 1
49 42 396 1
48 51 548 1
51 48 548 1
101 102 595 1
102 101 595 1
16 63 1092 1
63 16 1092 1
43 45 199 1
45 43 199 1
46 47 309 1
47 46 309 1
33 63 547 1
63 33 547 1
114 115 96 1
115 114 96 1
82 86 143 1
86 82 143 1
95 108 123 1
108 95 123 1
43 49 240 1
49 43 240 1
58 60 266 1
60 58 266 1
3 7 185 1
7 3 185 1
49 51 172 1
51 49 172 1
84 85 1130 1
85 84 1130 1
2 4 569 1
4 2 569 1
43 44 290 1
44 43 290 1
22 87 870 1
87 22 870 1
59 66 363 1
66 59 363 1
90 91 735 1
91 90 735 1
2 3 405 1
3 2 405 1
64 65 897 1
65 64 897 1
97 109 174 1
109 97 174 1
105 106 359 1
106 105 359 1
2 22 228 1
22 2 228 1
51 52 786 1
52 51 786 1
58 61 717 1
61 58 717 1
106 107 486 1
107 106 486 1
1 68 549 1
68 1 549 1
17 62 1129 1
62 17 1129 1
35 67 262 1
67 35 262 1
82 87 849 1
87 82 849 1
92 93 608 1
93 92 608 1
102 103 508 1
103 102 508 1
22 23 140 1
23 22 140 1
16 62 313 1
62 16 313 1
55 98 606 1
98 55 606 1
8 14 205 1
14 8 205 1
34 35 126 1
35 34 126 1
38 41 513 1
41 38 513 1
5 22 506 1
22 5 506 1
33 62 690 1
62 33 690 1
7 92 1445 1
92 7 1445 1
19 69 323 1
69 19 323 1
107 114 333 1
114 107 333 1
58 66 198 1
66 58 198 1
103 104 369 1
104 103 369 1
87 88 1035 1
88 87 1035 1
28 80 329 1
80 28 329 1
95 97 97 1
97 95 97 1
44 47 404 1
47 44 404 1
72 78 300 1
78 72 300 1
3 22 347 1
22 3 347 1
70 73 402 1
73 70 402 1
22 82 706 1
82 22 706 1
6 7 710 1
7 6 710 1
55 96 492 1
96 55 492 1
82 83 881 1
83 82 881 1
22 24 386 1
24 22 386 1
73 75 84 1
75 73 84 1
29 76 555 1
76 29 555 1
14 15 772 1
15 14 772 1
82 88 444 1
88 82 444 1
19 68 313 1
68 19 313 1
26 88 791 1
88 26 791 1
39 105 458 1
105 39 458 1
45 47 345 1
47 45 345 1
0 99 1111 1
99 0 1111 1
41 73 204 1
73 41 204 1
18 97 954 1
97 18 954 1
37 77 246 1
77 37 246 1
44 51 440 1
51 44 440 1
56 99 1051 1
99 56 1051 1
22 88 1044 1
88 22 1044 1
32 62 548 1
62 32 548 1
37 41 217 1
41 37 217 1
46 98 212 1
98 46 212 1
10 28 213 1
28 10 213 1
44 46 353 1
46 44 353 1
51 53 271 1
53 51 271 1
1 59 541 1
59 1 541 1
91 93 118 1
93 91 118 1
2 7 566 1
7 2 566 1
39 55 254 1
55 39 254 1
90 93 690 1
93 90 690 1
45 46 448 1
46 45 448 1
48 49 410 1
49 48 410 1
3 5 603 1
5 3 603 1
3 23 271 1
23 3 271 1
36 40 213 1
40 36 213 1
48 90 628 1
90 48 628 1
16 79 934 1
79 16 934 1
41 94 523 1
94 41 523 1
57 63 249 1
63 57 249 1
16 56 380 1
56 16 380 1
52 59 956 1
59 52 956 1
3 88 1145 1
88 3 1145 1
4 6 536 1
6 4 536 1
60 61 893 1
61 60 893 1
0 57 825 1
57 0 825 1
46 55 584 1
55 46 584 1
12 13 959 1
13 12 959 1
45 74 897 1
74 45 897 1
68 69 164 1
69 68 164 1
28 81 975 1
81 28 975 1
112 113 116 1
113 112 116 1
16 57 981 1
57 16 981 1
20 21 185 1
21 20 185 1
31 64 1128 1
64 31 1128 1
47 49 380 1
49 47 380 1
16 81 1063 1
81 16 1063 1
95 111 347 1
111 95 347 1
96 98 184 1
98 96 184 1
17 74 721 1
74 17 721 1
4 8 148 1
8 4 148 1
22 89 1126 1
89 22 1126 1
48 91 808 1
91 48 808 1
16 80 152 1
80 16 152 1
46 49 541 1
49 46 541 1
3 6 559 1
6 3 559 1
35 65 453 1
65 35 453 1
73 76 450 1
76 73 450 1
39 41 161 1
41 39 161 1
63 81 293 1
81 63 293 1
65 67 361 1
67 65 361 1
14 58 1155 1
58 14 1155 1
20 37 510 1
37 20 510 1
24 87 679 1
87 24 679 1
31 62 966 1
62 31 966 1
71 79 426 1
79 71 426 1
10 16 218 1
16 10 218 1
21 97 595 1
97 21 595 1
40 81 874 1
81 40 874 1
63 74 885 1
74 63 885 1
5 24 252 1
24 5 252 1
6 93 1425 1
93 6 1425 1
16 33 609 1
33 16 609 1
38 55 598 1
55 38 598 1
93 103 173 1
103 93 173 1
14 82 179 1
82 14 179 1
54 96 167 1
96 54 167 1
1 57 172 1
57 1 172 1
90 92 135 1
92 90 135 1
44 48 114 1
48 44 114 1
5 27 165 1
27 5 165 1
10 32 558 1
32 10 558 1
112 114 196 1
114 112 196 1
29 72 629 1
72 29 629 1
29 73 113 1
73 29 113 1
55 94 428 1
94 55 428 1
36 74 242 1
74 36 242 1
47 111 188 1
111 47 188 1
28 83 861 1
83 28 861 1
3 82 903 1
82 3 903 1
58 108 852 1
108 58 852 1
0 68 414 1
68 0 414 1
97 111 292 1
111 97 292 1
44 74 853 1
74 44 853 1
5 23 453 1
23 5 453 1
28 62 527 1
62 28 527 1
82 89 1043 1
89 82 1043 1
10 12 181 1
12 10 181 1
28 40 248 1
40 28 248 1
99 111 265 1
111 99 265 1
18 66 623 1
66 18 623 1
57 68 520 1
68 57 520 1
97 108 170 1
108 97 170 1
17 79 135 1
79 17 135 1
41 76 493 1
76 41 493 1
29 63 531 1
63 29 531 1
42 51 463 1
51 42 463 1
52 91 777 1
91 52 777 1
71 75 163 1
75 71 163 1
23 24 403 1
24 23 403 1
17 49 813 1
49 17 813 1
67 110 507 1
110 67 507 1
77 79 329 1
79 77 329 1
37 38 515 1
38 37 515 1
62 81 1169 1
81 62 1169 1
46 53 547 1
53 46 547 1
4 93 1288 1
93 4 1288 1
14 95 814 1
95 14 814 1
15 28 819 1
28 15 819 1
80 111 747 1
111 80 747 1
15 83 194 1
83 15 194 1
23 82 788 1
82 23 788 1
26 89 900 1
89 26 900 1
67 91 790 1
91 67 790 1
21 109 565 1
109 21 565 1
22 26 505 1
26 22 505 1
83 115 786 1
115 83 786 1
1 61 385 1
61 1 385 1
21 96 648 1
96 21 648 1
34 84 580 1
84 34 580 1
5 25 129 1
25 5 129 1
100 102 87 1
102 100 87 1
16 28 220 1
28 16 220 1
16 32 504 1
32 16 504 1
23 31 199 1
31 23 199 1
47 51 339 1
51 47 339 1
96 97 322 1
97 96 322 1
7 88 1209 1
88 7 1209 1
86 88 460 1
88 86 460 1
4 26 161 1
26 4 161 1
21 27 209 1
27 21 209 1
82 115 739 1
115 82 739 1
5 87 460 1
87 5 460 1
76 114 580 1
114 76 580 1
79 81 136 1
81 79 136 1
8 58 1298 1
58 8 1298 1
10 33 638 1
33 10 638 1
61 100 1241 1
100 61 1241 1
2 26 618 1
26 2 618 1
17 81 182 1
81 17 182 1
29 74 571 1
74 29 571 1
29 80 961 1
80 29 961 1
46 76 517 1
76 46 517 1
109 110 135 1
110 109 135 1
54 89 853 1
89 54 853 1
69 90 1119 1
90 69 1119 1
92 100 157 1
100 92 157 1
99 112 272 1
112 99 272 1
3 26 678 1
26 3 678 1
16 74 335 1
74 16 335 1
19 90 1212 1
90 19 1212 1
70 76 285 1
76 70 285 1
36 37 542 1
37 36 542 1
17 77 417 1
77 17 417 1
58 87 1355 1
87 58 1355 1
10 62 483 1
62 10 483 1
14 21 487 1
21 14 487 1
32 63 656 1
63 32 656 1
49 74 960 1
74 49 960 1
62 79 1049 1
79 62 1049 1
108 111 286 1
111 108 286 1
61 66 546 1
66 61 546 1
61 87 1019 1
87 61 1019 1
96 99 428 1
99 96 428 1
0 16 380 1
16 0 380 1
39 104 557 1
104 39 557 1
65 92 1075 1
92 65 1075 1
18 67 652 1
67 18 652 1
76 112 647 1
112 76 647 1
2 58 959 1
58 2 959 1
25 30 292 1
30 25 292 1
58 95 897 1
95 58 897 1
74 78 322 1
78 74 322 1
19 110 862 1
110 19 862 1
25 27 193 1
27 25 193 1
69 104 1167 1
104 69 1167 1
8 15 741 1
15 8 741 1
78 81 1002 1
81 78 1002 1
2 88 959 1
88 2 959 1
36 72 276 1
72 36 276 1
41 74 484 1
74 41 484 1
42 55 629 1
55 42 629 1
43 111 293 1
111 43 293 1
46 51 585 1
51 46 585 1
2 93 1417 1
93 2 1417 1
17 56 1024 1
56 17 1024 1
49 101 814 1
101 49 814 1
57 80 1050 1
80 57 1050 1
2 5 685 1
5 2 685 1
28 36 321 1
36 28 321 1
28 72 116 1
72 28 116 1
33 81 613 1
81 33 613 1
28 32 528 1
32 28 528 1
48 67 417 1
67 48 417 1
41 55 403 1
55 41 403 1
37 71 401 1
71 37 401 1
67 90 867 1
90 67 867 1
30 73 455 1
73 30 455 1
23 25 373 1
25 23 373 1
43 51 245 1
51 43 245 1
55 74 679 1
74 55 679 1
62 64 300 1
64 62 300 1
75 77 210 1
77 75 210 1
29 78 851 1
78 29 851 1
34 67 275 1
67 34 275 1
93 108 478 1
108 93 478 1
14 22 562 1
22 14 562 1
38 54 263 1
54 38 263 1
5 26 263 1
26 5 263 1
21 89 648 1
89 21 648 1
41 70 482 1
70 41 482 1
6 22 333 1
22 6 333 1
62 72 566 1
72 62 566 1
76 99 626 1
99 76 626 1
47 98 442 1
98 47 442 1
82 114 823 1
114 82 823 1
28 31 545 1
31 28 545 1
43 55 485 1
55 43 485 1
50 53 744 1
53 50 744 1
60 62 241 1
62 60 241 1
78 80 116 1
80 78 116 1
6 24 555 1
24 6 555 1
15 36 848 1
36 15 848 1
74 105 731 1
105 74 731 1
58 89 1156 1
89 58 1156 1
84 88 224 1
88 84 224 1
98 112 277 1
112 98 277 1
20 75 348 1
75 20 348 1
21 84 830 1
84 21 830 1
8 108 951 1
108 8 951 1
10 63 1159 1
63 10 1159 1
32 102 997 1
102 32 997 1
33 74 480 1
74 33 480 1
47 78 767 1
78 47 767 1
76 94 331 1
94 76 331 1
34 65 549 1
65 34 549 1
107 112 482 1
112 107 482 1
108 109 87 1
109 108 87 1
25 31 272 1
31 25 272 1
51 90 888 1
90 51 888 1
63 80 1146 1
80 63 1146 1
16 75 702 1
75 16 702 1
21 95 510 1
95 21 510 1
37 53 629 1
53 37 629 1
16 112 888 1
112 16 888 1
19 97 912 1
97 19 912 1
28 63 1049 1
63 28 1049 1
89 96 700 1
96 89 700 1
3 4 707 1
4 3 707 1
17 57 439 1
57 17 439 1
37 55 221 1
55 37 221 1
48 52 415 1
52 48 415 1
52 58 705 1
58 52 705 1
111 115 269 1
115 111 269 1
12 60 825 1
60 12 825 1
18 110 887 1
110 18 887 1
3 86 986 1
86 3 986 1
37 74 520 1
74 37 520 1
45 55 662 1
55 45 662 1
49 50 585 1
50 49 585 1
14 115 869 1
115 14 869 1
32 101 1092 1
101 32 1092 1
45 51 254 1
51 45 254 1
21 85 716 1
85 21 716 1
30 62 878 1
62 30 878 1
43 78 794 1
78 43 794 1
76 98 527 1
98 76 527 1
0 1 800 1
1 0 800 1
7 9 490 1
9 7 490 1
7 87 691 1
87 7 691 1
9 15 219 1
15 9 219 1
62 74 590 1
74 62 590 1
36 81 848 1
81 36 848 1
42 74 795 1
74 42 795 1
63 79 303 1
79 63 303 1
103 105 173 1
105 103 173 1
0 10 381 1
10 0 381 1
57 81 488 1
81 57 488 1
26 87 560 1
87 26 560 1
28 30 436 1
30 28 436 1
104 106 195 1
106 104 195 1
37 39 117 1
39 37 117 1
90 103 653 1
103 90 653 1
21 110 690 1
110 21 690 1
50 52 243 1
52 50 243 1
8 91 1373 1
91 8 1373 1
18 108 925 1
108 18 925 1
87 107 525 1
107 87 525 1
23 87 803 1
87 23 803 1
20 77 434 1
77 20 434 1
44 50 287 1
50 44 287 1
49 98 742 1
98 49 742 1
58 93 1138 1
93 58 1138 1
2 24 548 1
24 2 548 1
21 87 397 1
87 21 397 1
24 70 465 1
70 24 465 1
60 66 370 1
66 60 370 1
85 110 584 1
110 85 584 1
33 79 486 1
79 33 486 1
40 80 433 1
80 40 433 1
63 72 944 1
72 63 944 1
17 29 223 1
29 17 223 1
79 80 991 1
80 79 991 1
2 87 993 1
87 2 993 1
16 68 706 1
68 16 706 1
57 79 431 1
79 57 431 1
7 100 1408 1
100 7 1408 1
33 80 703 1
80 33 703 1
47 110 210 1
110 47 210 1
51 98 763 1
98 51 763 1
9 66 1299 1
66 9 1299 1
24 82 536 1
82 24 536 1
6 60 799 1
60 6 799 1
24 109 943 1
109 24 943 1
74 104 675 1
104 74 675 1
76 115 499 1
115 76 499 1
0 113 1107 1
113 0 1107 1
2 83 913 1
83 2 913 1
3 87 809 1
87 3 809 1
17 101 871 1
101 17 871 1
25 110 1042 1
110 25 1042 1
31 34 815 1
34 31 815 1
29 41 234 1
41 29 234 1
42 111 258 1
111 42 258 1
43 98 522 1
98 43 522 1
78 110 569 1
110 78 569 1
87 96 843 1
96 87 843 1
14 84 681 1
84 14 681 1
96 109 176 1
109 96 176 1
41 77 345 1
77 41 345 1
56 112 990 1
112 56 990 1
3 89 961 1
89 3 961 1
36 80 330 1
80 36 330 1
17 71 423 1
71 17 423 1
16 29 882 1
29 16 882 1
18 68 315 1
68 18 315 1
5 89 870 1
89 5 870 1
8 93 1382 1
93 8 1382 1
28 57 964 1
57 28 964 1
28 33 585 1
33 28 585 1
101 104 464 1
104 101 464 1
101 106 633 1
106 101 633 1
8 52 1288 1
52 8 1288 1
34 64 445 1
64 34 445 1
52 54 402 1
54 52 402 1
54 58 818 1
58 54 818 1
58 109 771 1
109 58 771 1
67 92 922 1
92 67 922 1
102 106 217 1
106 102 217 1
20 47 858 1
47 20 858 1
28 29 741 1
29 28 741 1
36 78 263 1
78 36 263 1
17 45 840 1
45 17 840 1
8 95 956 1
95 8 956 1
16 77 611 1
77 16 611 1
18 91 1236 1
91 18 1236 1
46 99 446 1
99 46 446 1
6 92 1291 1
92 6 1291 1
17 33 512 1
33 17 512 1
17 40 824 1
40 17 824 1
22 83 792 1
83 22 792 1
77 80 662 1
80 77 662 1
0 112 1084 1
112 0 1084 1
4 24 144 1
24 4 144 1
4 82 403 1
82 4 403 1
75 80 775 1
80 75 775 1
113 114 95 1
114 113 95 1
8 24 258 1
24 8 258 1
20 71 311 1
71 20 311 1
21 71 214 1
71 21 214 1
37 52 879 1
52 37 879 1
59 108 883 1
108 59 883 1
86 114 787 1
114 86 787 1
0 58 565 1
58 0 565 1
3 83 681 1
83 3 681 1
54 55 651 1
55 54 651 1
91 110 456 1
110 91 456 1
1 11 394 1
11 1 394 1
18 109 857 1
109 18 857 1
62 101 1225 1
101 62 1225 1
82 107 847 1
107 82 847 1
93 109 510 1
109 93 510 1
2 92 1350 1
92 2 1350 1
10 81 1126 1
81 10 1126 1
14 89 1093 1
89 14 1093 1
33 57 394 1
57 33 394 1
52 90 240 1
90 52 240 1
83 95 609 1
95 83 609 1
90 108 470 1
108 90 470 1
2 9 760 1
9 2 760 1
2 82 688 1
82 2 688 1
9 83 411 1
83 9 411 1
18 95 915 1
95 18 915 1
59 90 1104 1
90 59 1104 1
6 108 967 1
108 6 967 1
30 64 1064 1
64 30 1064 1
45 78 840 1
78 45 840 1
99 115 285 1
115 99 285 1
1 90 1264 1
90 1 1264 1
12 16 384 1
16 12 384 1
14 87 842 1
87 14 842 1
14 114 959 1
114 14 959 1
17 32 646 1
32 17 646 1
19 67 590 1
67 19 590 1
20 110 682 1
110 20 682 1
29 81 342 1
81 29 342 1
64 85 1107 1
85 64 1107 1
74 81 792 1
81 74 792 1
24 95 910 1
95 24 910 1
29 62 1067 1
62 29 1067 1
12 62 664 1
62 12 664 1
15 58 1327 1
58 15 1327 1
15 95 730 1
95 15 730 1
16 72 287 1
72 16 287 1
30 115 932 1
115 30 932 1
39 65 768 1
65 39 768 1
71 73 163 1
73 71 163 1
7 65 934 1
65 7 934 1
68 111 952 1
111 68 952 1
42 98 381 1
98 42 381 1
56 79 965 1
79 56 965 1
60 87 1321 1
87 60 1321 1
5 9 157 1
9 5 157 1
15 115 902 1
115 15 902 1
47 76 575 1
76 47 575 1
31 33 517 1
33 31 517 1
17 28 894 1
28 17 894 1
19 109 838 1
109 19 838 1
21 77 387 1
77 21 387 1
38 74 265 1
74 38 265 1
42 78 692 1
78 42 692 1
60 102 963 1
102 60 963 1
15 59 1185 1
59 15 1185 1
60 93 1168 1
93 60 1168 1
9 24 385 1
24 9 385 1
20 97 635 1
97 20 635 1
22 96 1047 1
96 22 1047 1
32 72 471 1
72 32 471 1
41 46 810 1
46 41 810 1
58 82 1100 1
82 58 1100 1
58 88 918 1
88 58 918 1
10 86 544 1
86 10 544 1
20 36 396 1
36 20 396 1
29 31 454 1
31 29 454 1
30 56 778 1
56 30 778 1
61 112 910 1
112 61 910 1
77 81 453 1
81 77 453 1
62 105 1020 1
105 62 1020 1
23 64 1238 1
64 23 1238 1
27 84 956 1
84 27 956 1
40 79 762 1
79 40 762 1
47 50 544 1
50 47 544 1
59 60 718 1
60 59 718 1
15 111 1071 1
111 15 1071 1
17 44 951 1
44 17 951 1
28 75 567 1
75 28 567 1
44 78 731 1
78 44 731 1
47 55 367 1
55 47 367 1
63 101 920 1
101 63 920 1
73 77 274 1
77 73 274 1
80 115 707 1
115 80 707 1
43 74 810 1
74 43 810 1
56 98 821 1
98 56 821 1
3 19 382 1
19 3 382 1
17 42 942 1
42 17 942 1
18 58 669 1
58 18 669 1
29 33 510 1
33 29 510 1
51 91 505 1
91 51 505 1
61 107 939 1
107 61 939 1
103 106 532 1
106 103 532 1
24 108 938 1
108 24 938 1
42 77 643 1
77 42 643 1
4 90 1167 1
90 4 1167 1
24 30 283 1
30 24 283 1
100 106 280 1
106 100 280 1
12 22 481 1
22 12 481 1
15 61 998 1
61 15 998 1
17 43 764 1
43 17 764 1
29 70 512 1
70 29 512 1
44 55 743 1
55 44 743 1
63 112 915 1
112 63 915 1
5 7 538 1
7 5 538 1
34 85 678 1
85 34 678 1
53 98 671 1
98 53 671 1
56 113 1026 1
113 56 1026 1
23 88 1119 1
88 23 1119 1
29 75 189 1
75 29 189 1
45 48 304 1
48 45 304 1
66 102 974 1
102 66 974 1
3 92 1420 1
92 3 1420 1
17 72 781 1
72 17 781 1
44 98 563 1
98 44 563 1
76 80 424 1
80 76 424 1
90 110 460 1
110 90 460 1
11 113 1085 1
113 11 1085 1
23 26 522 1
26 23 522 1
84 89 1110 1
89 84 1110 1
10 72 309 1
72 10 309 1
32 60 487 1
60 32 487 1
81 111 760 1
111 81 760 1
2 60 843 1
60 2 843 1
4 22 457 1
22 4 457 1
11 12 972 1
12 11 972 1
14 111 1046 1
111 14 1046 1
41 47 698 1
47 41 698 1
46 112 262 1
112 46 262 1
2 89 1170 1
89 2 1170 1
6 58 957 1
58 6 957 1
35 110 305 1
110 35 305 1
99 113 264 1
113 99 264 1
12 23 607 1
23 12 607 1
14 113 1044 1
113 14 1044 1
19 20 766 1
20 19 766 1
33 101 1066 1
101 33 1066 1
49 63 596 1
63 49 596 1
73 99 684 1
99 73 684 1
93 95 447 1
95 93 447 1
2 23 340 1
23 2 340 1
6 8 485 1
8 6 485 1
10 60 650 1
60 10 650 1
11 112 1101 1
112 11 1101 1
20 27 271 1
27 20 271 1
30 76 537 1
76 30 537 1
53 71 983 1
71 53 983 1
17 105 863 1
105 17 863 1
28 60 684 1
60 28 684 1
44 72 894 1
72 44 894 1
47 99 231 1
99 47 231 1
62 80 268 1
80 62 268 1
4 108 880 1
108 4 880 1
9 22 564 1
22 9 564 1
22 95 990 1
95 22 990 1
37 94 426 1
94 37 426 1
1 19 351 1
19 1 351 1
11 60 1139 1
60 11 1139 1
14 108 790 1
108 14 790 1
20 68 909 1
68 20 909 1
24 97 1000 1
97 24 1000 1
35 37 446 1
37 35 446 1
38 76 305 1
76 38 305 1
97 99 180 1
99 97 180 1
47 53 268 1
53 47 268 1
85 109 570 1
109 85 570 1
18 90 1192 1
90 18 1192 1
22 25 402 1
25 22 402 1
22 58 1138 1
58 22 1138 1
41 42 897 1
42 41 897 1
43 76 617 1
76 43 617 1
57 62 1000 1
62 57 1000 1
59 95 862 1
95 59 862 1
72 101 1016 1
101 72 1016 1
83 100 1134 1
100 83 1134 1
96 110 214 1
110 96 214 1
4 88 829 1
88 4 829 1
5 85 946 1
85 5 946 1
6 87 1046 1
87 6 1046 1
10 113 1059 1
113 10 1059 1
11 61 675 1
61 11 675 1
25 34 1006 1
34 25 1006 1
72 102 769 1
102 72 769 1
80 83 1100 1
83 80 1100 1
101 105 274 1
105 101 274 1
22 85 1113 1
85 22 1113 1
23 83 710 1
83 23 710 1
87 95 598 1
95 87 598 1
10 31 619 1
31 10 619 1
15 108 821 1
108 15 821 1
21 37 403 1
37 21 403 1
26 114 936 1
114 26 936 1
42 76 612 1
76 42 612 1
43 77 556 1
77 43 556 1
83 108 716 1
108 83 716 1
35 45 385 1
45 35 385 1
14 83 858 1
83 14 858 1
27 37 597 1
37 27 597 1
45 72 948 1
72 45 948 1
88 107 781 1
107 88 781 1
109 111 273 1
111 109 273 1
12 32 661 1
32 12 661 1
27 110 890 1
110 27 890 1
33 102 1043 1
102 33 1043 1
52 61 1057 1
61 52 1057 1
4 58 1292 1
58 4 1292 1
36 38 122 1
38 36 122 1
37 40 562 1
40 37 562 1
42 50 271 1
50 42 271 1
49 90 859 1
90 49 859 1
54 98 204 1
98 54 204 1
91 97 336 1
97 91 336 1
6 67 991 1
67 6 991 1
14 109 799 1
109 14 799 1
38 96 284 1
96 38 284 1
7 61 813 1
61 7 813 1
8 111 1218 1
111 8 1218 1
20 70 213 1
70 20 213 1
28 95 668 1
95 28 668 1
28 115 724 1
115 28 724 1
29 30 533 1
30 29 533 1
29 83 227 1
83 29 227 1
30 32 574 1
32 30 574 1
57 99 846 1
99 57 846 1
84 86 610 1
86 84 610 1
0 98 918 1
98 0 918 1
22 84 1027 1
84 22 1027 1
69 74 789 1
74 69 789 1
6 23 465 1
23 6 465 1
105 107 233 1
107 105 233 1
7 90 1390 1
90 7 1390 1
8 90 1188 1
90 8 1188 1
20 40 225 1
40 20 225 1
23 30 259 1
30 23 259 1
27 71 367 1
71 27 367 1
53 113 487 1
113 53 487 1
17 55 513 1
55 17 513 1
24 73 599 1
73 24 599 1
26 82 411 1
82 26 411 1
7 23 337 1
23 7 337 1
13 23 488 1
23 13 488 1
38 70 414 1
70 38 414 1
1 69 441 1
69 1 441 1
2 66 917 1
66 2 917 1
3 24 623 1
24 3 623 1
5 30 380 1
30 5 380 1
17 46 930 1
46 17 930 1
20 38 349 1
38 20 349 1
21 99 765 1
99 21 765 1
31 76 584 1
76 31 584 1
34 77 351 1
77 34 351 1
49 72 1014 1
72 49 1014 1
53 77 709 1
77 53 709 1
56 63 1014 1
63 56 1014 1
60 101 1230 1
101 60 1230 1
3 18 417 1
18 3 417 1
6 83 986 1
83 6 986 1
29 77 357 1
77 29 357 1
31 72 482 1
72 31 482 1
75 79 318 1
79 75 318 1
39 54 618 1
54 39 618 1
41 75 187 1
75 41 187 1
59 89 931 1
89 59 931 1
60 108 800 1
108 60 800 1
88 92 521 1
92 88 521 1
18 69 392 1
69 18 392 1
27 85 894 1
85 27 894 1
27 36 659 1
36 27 659 1
31 32 596 1
32 31 596 1
43 81 665 1
81 43 665 1
49 55 664 1
55 49 664 1
85 97 439 1
97 85 439 1
2 95 976 1
95 2 976 1
25 97 955 1
97 25 955 1
43 80 868 1
80 43 868 1
63 102 1192 1
102 63 1192 1
7 106 1176 1
106 7 1176 1
10 40 460 1
40 10 460 1
33 68 378 1
68 33 378 1
37 113 578 1
113 37 578 1
47 77 509 1
77 47 509 1
1 102 1288 1
102 1 1288 1
27 34 903 1
34 27 903 1
87 99 759 1
99 87 759 1
7 22 454 1
22 7 454 1
7 82 962 1
82 7 962 1
16 40 399 1
40 16 399 1
106 112 479 1
112 106 479 1
10 17 1029 1
17 10 1029 1
10 83 1031 1
83 10 1031 1
14 52 1090 1
52 14 1090 1
39 74 501 1
74 39 501 1
59 109 798 1
109 59 798 1
64 92 764 1
92 64 764 1
5 70 530 1
70 5 530 1
14 59 1320 1
59 14 1320 1
22 30 218 1
30 22 218 1
29 43 829 1
43 29 829 1
60 63 1021 1
63 60 1021 1
1 63 334 1
63 1 334 1
31 83 561 1
83 31 561 1
46 74 677 1
74 46 677 1
74 94 426 1
94 74 426 1
3 109 922 1
109 3 922 1
53 54 818 1
54 53 818 1
68 74 749 1
74 68 749 1
1 66 683 1
66 1 683 1
1 112 1078 1
112 1 1078 1
7 26 675 1
26 7 675 1
14 20 320 1
20 14 320 1
16 101 1154 1
101 16 1154 1
18 59 713 1
59 18 713 1
50 55 863 1
55 50 863 1
56 76 519 1
76 56 519 1
58 91 1077 1
91 58 1077 1
95 96 288 1
96 95 288 1
1 15 757 1
15 1 757 1
15 114 987 1
114 15 987 1
21 113 840 1
113 21 840 1
75 76 374 1
76 75 374 1
75 81 434 1
81 75 434 1
85 89 220 1
89 85 220 1
112 115 269 1
115 112 269 1
39 106 557 1
106 39 557 1
43 50 494 1
50 43 494 1
46 52 244 1
52 46 244 1
54 97 484 1
97 54 484 1
66 108 706 1
108 66 706 1
68 99 1044 1
99 68 1044 1
1 58 829 1
58 1 829 1
10 80 357 1
80 10 357 1
10 82 401 1
82 10 401 1
37 75 239 1
75 37 239 1
47 97 280 1
97 47 280 1
59 100 1223 1
100 59 1223 1
91 92 669 1
92 91 669 1
6 90 1185 1
90 6 1185 1
7 107 1014 1
107 7 1014 1
8 59 1427 1
59 8 1427 1
29 42 967 1
42 29 967 1
45 50 474 1
50 45 474 1
49 105 843 1
105 49 843 1
52 113 478 1
113 52 478 1
83 87 158 1
87 83 158 1
14 24 389 1
24 14 389 1
93 100 653 1
100 93 653 1
5 6 733 1
6 5 733 1
25 85 1018 1
85 25 1018 1
33 72 507 1
72 33 507 1
39 76 461 1
76 39 461 1
40 84 485 1
84 40 485 1
56 80 431 1
80 56 431 1
58 97 887 1
97 58 887 1
83 114 861 1
114 83 861 1
90 109 492 1
109 90 492 1
14 88 613 1
88 14 613 1
22 109 988 1
109 22 988 1
69 105 1158 1
105 69 1158 1
0 114 1065 1
114 0 1065 1
6 12 248 1
12 6 248 1
40 57 982 1
57 40 982 1
56 87 1244 1
87 56 1244 1
93 102 600 1
102 93 600 1
6 18 473 1
18 6 473 1
17 37 368 1
37 17 368 1
17 60 1082 1
60 17 1082 1
19 78 749 1
78 19 749 1
46 56 752 1
56 46 752 1
50 91 845 1
91 50 845 1
14 28 286 1
28 14 286 1
21 111 835 1
111 21 835 1
54 59 1020 1
59 54 1020 1
91 108 473 1
108 91 473 1
1 52 1206 1
52 1 1206 1
3 95 915 1
95 3 915 1
4 83 726 1
83 4 726 1
38 84 429 1
84 38 429 1
41 43 793 1
43 41 793 1
74 76 203 1
76 74 203 1
93 101 103 1
101 93 103 1
7 59 970 1
59 7 970 1
15 80 1098 1
80 15 1098 1
20 80 604 1
80 20 604 1
27 77 594 1
77 27 594 1
85 96 743 1
96 85 743 1
3 9 596 1
9 3 596 1
6 88 860 1
88 6 860 1
14 99 1083 1
99 14 1083 1
34 92 737 1
92 34 737 1
56 115 941 1
115 56 941 1
87 115 746 1
115 87 746 1
0 59 847 1
59 0 847 1
2 108 982 1
108 2 982 1
9 67 1237 1
67 9 1237 1
16 43 905 1
43 16 905 1
24 99 1174 1
99 24 1174 1
28 111 842 1
111 28 842 1
29 44 1005 1
44 29 1005 1
39 70 540 1
70 39 540 1
50 98 448 1
98 50 448 1
66 95 734 1
95 66 734 1
85 95 486 1
95 85 486 1
4 92 1237 1
92 4 1237 1
5 88 1026 1
88 5 1026 1
19 103 1259 1
103 19 1259 1
27 97 789 1
97 27 789 1
35 92 768 1
92 35 768 1
6 66 934 1
66 6 934 1
26 115 841 1
115 26 841 1
29 46 914 1
46 29 914 1
38 105 521 1
105 38 521 1
46 77 585 1
77 46 585 1
55 99 216 1
99 55 216 1
61 65 175 1
65 61 175 1
6 64 941 1
64 6 941 1
10 13 1004 1
13 10 1004 1
16 71 654 1
71 16 654 1
30 41 563 1
41 30 563 1
58 99 956 1
99 58 956 1
0 82 741 1
82 0 741 1
0 115 997 1
115 0 997 1
4 7 733 1
7 4 733 1
12 28 275 1
28 12 275 1
76 77 238 1
77 76 238 1
95 115 205 1
115 95 205 1
9 78 1057 1
78 9 1057 1
12 26 521 1
26 12 521 1
14 75 659 1
75 14 659 1
23 73 568 1
73 23 568 1
37 110 431 1
110 37 431 1
57 111 890 1
111 57 890 1
95 99 272 1
99 95 272 1
11 15 385 1
15 11 385 1
12 30 419 1
30 12 419 1
24 96 985 1
96 24 985 1
61 89 738 1
89 61 738 1
63 77 536 1
77 63 536 1
86 89 1016 1
89 86 1016 1
87 109 723 1
109 87 723 1
3 85 893 1
85 3 893 1
11 32 663 1
32 11 663 1
23 86 866 1
86 23 866 1
32 81 728 1
81 32 728 1
53 56 1149 1
56 53 1149 1
74 77 362 1
77 74 362 1
88 93 930 1
93 88 930 1
19 95 883 1
95 19 883 1
21 26 271 1
26 21 271 1
1 100 1327 1
100 1 1327 1
16 49 1030 1
49 16 1030 1
48 103 924 1
103 48 924 1
56 68 408 1
68 56 408 1
15 66 1171 1
66 15 1171 1
26 85 985 1
85 26 985 1
32 74 456 1
74 32 456 1
53 91 265 1
91 53 265 1
89 109 541 1
109 89 541 1
8 9 638 1
9 8 638 1
14 54 716 1
54 14 716 1
29 47 768 1
47 29 768 1
32 57 493 1
57 32 493 1
54 61 1045 1
61 54 1045 1
56 75 833 1
75 56 833 1
92 103 574 1
103 92 574 1
107 115 298 1
115 107 298 1
0 14 728 1
14 0 728 1
0 87 1191 1
87 0 1191 1
16 60 498 1
60 16 498 1
22 108 1017 1
108 22 1017 1
38 73 580 1
73 38 580 1
40 62 664 1
62 40 664 1
41 45 931 1
45 41 931 1
48 104 822 1
104 48 822 1
49 104 900 1
104 49 900 1
55 112 466 1
112 55 466 1
57 112 990 1
112 57 990 1
65 105 928 1
105 65 928 1
89 95 416 1
95 89 416 1
2 109 940 1
109 2 940 1
21 25 360 1
25 21 360 1
42 80 740 1
80 42 740 1
98 102 260 1
102 98 260 1
5 31 333 1
31 5 333 1
9 25 252 1
25 9 252 1
15 113 1069 1
113 15 1069 1
35 48 491 1
48 35 491 1
56 81 1090 1
81 56 1090 1
64 67 549 1
67 64 549 1
66 67 177 1
67 66 177 1
82 95 720 1
95 82 720 1
20 76 380 1
76 20 380 1
36 63 945 1
63 36 945 1
37 46 651 1
46 37 651 1
54 94 226 1
94 54 226 1
74 98 633 1
98 74 633 1
90 97 593 1
97 90 593 1
100 101 656 1
101 100 656 1
0 107 1161 1
107 0 1161 1
13 87 493 1
87 13 493 1
19 33 238 1
33 19 238 1
22 115 1138 1
115 22 1138 1
24 110 1066 1
110 24 1066 1
26 84 884 1
84 26 884 1
29 57 596 1
57 29 596 1
47 80 841 1
80 47 841 1
73 80 850 1
80 73 850 1
4 12 434 1
12 4 434 1
9 109 978 1
109 9 978 1
12 79 1029 1
79 12 1029 1
37 47 493 1
47 37 493 1
41 71 317 1
71 41 317 1
49 78 930 1
78 49 930 1
49 103 837 1
103 49 837 1
55 105 373 1
105 55 373 1
0 75 786 1
75 0 786 1
6 89 1224 1
89 6 1224 1
28 56 545 1
56 28 545 1
53 55 448 1
55 53 448 1
61 113 968 1
113 61 968 1
61 106 1151 1
106 61 1151 1
70 94 557 1
94 70 557 1
87 114 818 1
114 87 818 1
113 115 188 1
115 113 188 1
10 101 1302 1
101 10 1302 1
16 42 811 1
42 16 811 1
16 99 951 1
99 16 951 1
39 73 305 1
73 39 305 1
39 112 619 1
112 39 619 1
45 77 650 1
77 45 650 1
59 93 1026 1
93 59 1026 1
68 80 778 1
80 68 778 1
25 84 1066 1
84 25 1066 1
31 63 863 1
63 31 863 1
6 9 834 1
9 6 834 1
9 61 1165 1
61 9 1165 1
23 34 949 1
34 23 949 1
83 86 863 1
86 83 863 1
99 114 265 1
114 99 265 1
27 54 856 1
54 27 856 1
30 83 641 1
83 30 641 1
30 113 1109 1
113 30 1109 1
31 73 397 1
73 31 397 1
37 44 792 1
44 37 792 1
37 79 267 1
79 37 267 1
42 81 865 1
81 42 865 1
58 96 780 1
96 58 780 1
85 88 1097 1
88 85 1097 1
94 112 366 1
112 94 366 1
0 80 485 1
80 0 485 1
17 112 924 1
112 17 924 1
30 99 1049 1
99 30 1049 1
59 88 1182 1
88 59 1182 1
99 102 560 1
102 99 560 1
110 111 172 1
111 110 172 1
21 54 704 1
54 21 704 1
40 85 900 1
85 40 900 1
68 90 1109 1
90 68 1109 1
48 93 850 1
93 48 850 1
94 96 89 1
96 94 89 1
7 89 868 1
89 7 868 1
8 61 1371 1
61 8 1371 1
8 67 1258 1
67 8 1258 1
40 74 182 1
74 40 182 1
67 93 875 1
93 67 875 1
78 111 693 1
111 78 693 1
14 26 321 1
26 14 321 1
17 80 1070 1
80 17 1070 1
20 78 525 1
78 20 525 1
30 33 526 1
33 30 526 1
37 50 906 1
50 37 906 1
39 88 762 1
88 39 762 1
73 79 296 1
79 73 296 1
21 80 756 1
80 21 756 1
37 45 726 1
45 37 726 1
45 98 655 1
98 45 655 1
63 105 957 1
105 63 957 1
6 69 829 1
69 6 829 1
6 82 587 1
82 6 587 1
29 36 705 1
36 29 705 1
33 41 611 1
41 33 611 1
37 51 673 1
51 37 673 1
45 110 453 1
110 45 453 1
57 61 216 1
61 57 216 1
59 102 1214 1
102 59 1214 1
107 113 400 1
113 107 400 1
3 13 410 1
13 3 410 1
7 69 790 1
69 7 790 1
0 61 943 1
61 0 943 1
2 8 554 1
8 2 554 1
10 102 973 1
102 10 973 1
35 44 409 1
44 35 409 1
40 63 1007 1
63 40 1007 1
72 81 860 1
81 72 860 1
100 115 381 1
115 100 381 1
17 75 351 1
75 17 351 1
24 89 1045 1
89 24 1045 1
48 98 566 1
98 48 566 1
53 112 421 1
112 53 421 1
54 91 742 1
91 54 742 1
56 60 232 1
60 56 232 1
59 87 1210 1
87 59 1210 1
60 107 1124 1
107 60 1124 1
61 102 1213 1
102 61 1213 1
2 12 394 1
12 2 394 1
56 77 690 1
77 56 690 1
73 94 596 1
94 73 596 1
91 109 486 1
109 91 486 1
0 26 879 1
26 0 879 1
10 79 992 1
79 10 992 1
17 98 995 1
98 17 995 1
26 93 1144 1
93 26 1144 1
31 41 528 1
41 31 528 1
38 104 427 1
104 38 427 1
39 64 1003 1
64 39 1003 1
39 89 325 1
89 39 325 1
80 84 162 1
84 80 162 1
95 110 248 1
110 95 248 1
7 13 237 1
13 7 237 1
14 53 1349 1
53 14 1349 1
14 97 909 1
97 14 909 1
28 82 255 1
82 28 255 1
35 84 678 1
84 35 678 1
35 104 705 1
104 35 705 1
40 56 722 1
56 40 722 1
50 67 562 1
67 50 562 1
74 80 415 1
80 74 415 1
85 86 1120 1
86 85 1120 1
20 41 386 1
41 20 386 1
100 103 576 1
103 100 576 1
1 103 1135 1
103 1 1135 1
7 93 1261 1
93 7 1261 1
69 103 1214 1
103 69 1214 1
7 83 551 1
83 7 551 1
21 47 833 1
47 21 833 1
24 85 1108 1
85 24 1108 1
24 115 1029 1
115 24 1029 1
44 110 439 1
110 44 439 1
67 104 923 1
104 67 923 1
83 111 944 1
111 83 944 1
92 107 674 1
107 92 674 1
7 64 1244 1
64 7 1244 1
7 67 937 1
67 7 937 1
81 101 734 1
101 81 734 1
9 65 1235 1
65 9 1235 1
12 31 545 1
31 12 545 1
19 74 670 1
74 19 670 1
23 89 1070 1
89 23 1070 1
30 70 259 1
70 30 259 1
46 114 362 1
114 46 362 1
49 111 530 1
111 49 530 1
59 91 926 1
91 59 926 1
60 89 1195 1
89 60 1195 1
66 83 1109 1
83 66 1109 1
94 98 264 1
98 94 264 1
35 105 686 1
105 35 686 1
11 64 1218 1
64 11 1218 1
13 32 767 1
32 13 767 1
19 66 600 1
66 19 600 1
22 86 800 1
86 22 800 1
66 90 828 1
90 66 828 1
1 7 452 1
7 1 452 1
2 107 1169 1
107 2 1169 1
13 82 976 1
82 13 976 1
13 86 1003 1
86 13 1003 1
16 113 881 1
113 16 881 1
18 86 1008 1
86 18 1008 1
49 106 982 1
106 49 982 1
50 90 473 1
90 50 473 1
56 61 920 1
61 56 920 1
58 107 1147 1
107 58 1147 1
8 21 536 1
21 8 536 1
13 54 1130 1
54 13 1130 1
17 36 828 1
36 17 828 1
22 107 1142 1
107 22 1142 1
29 49 928 1
49 29 928 1
29 99 709 1
99 29 709 1
35 64 566 1
64 35 566 1
90 100 182 1
100 90 182 1
2 64 992 1
64 2 992 1
26 107 808 1
107 26 808 1
38 77 447 1
77 38 447 1
41 80 868 1
80 41 868 1
55 76 571 1
76 55 571 1
54 99 587 1
99 54 587 1
0 60 405 1
60 0 405 1
19 86 1069 1
86 19 1069 1
29 98 934 1
98 29 934 1
35 50 559 1
50 35 559 1
47 48 490 1
48 47 490 1
49 69 641 1
69 49 641 1
65 88 1179 1
88 65 1179 1
100 108 467 1
108 100 467 1
102 104 159 1
104 102 159 1
4 95 869 1
95 4 869 1
23 85 1053 1
85 23 1053 1
35 41 612 1
41 35 612 1
45 105 804 1
105 45 804 1
0 111 985 1
111 0 985 1
6 103 1362 1
103 6 1362 1
45 81 759 1
81 45 759 1
66 93 972 1
93 66 972 1
14 96 772 1
96 14 772 1
15 75 396 1
75 15 396 1
17 104 976 1
104 17 976 1
20 109 557 1
109 20 557 1
28 78 272 1
78 28 272 1
30 60 957 1
60 30 957 1
6 95 980 1
95 6 980 1
11 23 552 1
23 11 552 1
21 59 1061 1
59 21 1061 1
35 77 284 1
77 35 284 1
44 111 448 1
111 44 448 1
48 110 500 1
110 48 500 1
52 105 664 1
105 52 664 1
78 97 697 1
97 78 697 1
2 106 1085 1
106 2 1085 1
9 59 1335 1
59 9 1335 1
16 45 943 1
45 16 943 1
22 70 443 1
70 22 443 1
25 83 553 1
83 25 553 1
32 68 304 1
68 32 304 1
36 66 703 1
66 36 703 1
37 104 610 1
104 37 610 1
42 53 475 1
53 42 475 1
59 82 1290 1
82 59 1290 1
72 98 675 1
98 72 675 1
4 18 866 1
18 4 866 1
4 23 506 1
23 4 506 1
10 30 501 1
30 10 501 1
27 53 1217 1
53 27 1217 1
30 79 725 1
79 30 725 1
37 42 712 1
42 37 712 1
43 72 870 1
72 43 870 1
52 66 667 1
66 52 667 1
0 88 782 1
88 0 782 1
8 109 958 1
109 8 958 1
11 106 1080 1
106 11 1080 1
20 111 827 1
111 20 827 1
33 77 332 1
77 33 332 1
38 89 763 1
89 38 763 1
56 114 997 1
114 56 997 1
86 115 706 1
115 86 706 1
95 100 576 1
100 95 576 1
6 13 864 1
13 6 864 1
21 24 413 1
24 21 413 1
25 64 1312 1
64 25 1312 1
34 110 327 1
110 34 327 1
52 98 272 1
98 52 272 1
67 69 345 1
69 67 345 1
14 80 575 1
80 14 575 1
22 114 1232 1
114 22 1232 1
32 64 603 1
64 32 603 1
41 84 910 1
84 41 910 1
51 111 516 1
111 51 516 1
52 104 543 1
104 52 543 1
63 100 1236 1
100 63 1236 1
70 72 158 1
72 70 158 1
80 114 765 1
114 80 765 1
1 33 355 1
33 1 355 1
6 26 607 1
26 6 607 1
8 25 389 1
25 8 389 1
8 66 1233 1
66 8 1233 1
19 36 821 1
36 19 821 1
58 83 1281 1
83 58 1281 1
66 100 968 1
100 66 968 1
67 85 682 1
85 67 682 1
86 87 805 1
87 86 805 1
100 107 640 1
107 100 640 1
103 109 477 1
109 103 477 1
23 114 1244 1
114 23 1244 1
27 70 417 1
70 27 417 1
43 99 372 1
99 43 372 1
44 53 562 1
53 44 562 1
59 97 823 1
97 59 823 1
60 106 915 1
106 60 915 1
86 107 792 1
107 86 792 1
1 111 979 1
111 1 979 1
6 109 932 1
109 6 932 1
10 75 732 1
75 10 732 1
40 41 506 1
41 40 506 1
90 104 351 1
104 90 351 1
99 109 321 1
109 99 321 1
0 28 492 1
28 0 492 1
9 95 899 1
95 9 899 1
31 70 334 1
70 31 334 1
35 74 533 1
74 35 533 1
40 55 690 1
55 40 690 1
22 31 234 1
31 22 234 1
41 79 379 1
79 41 379 1
76 82 520 1
82 76 520 1
84 96 441 1
96 84 441 1
87 113 899 1
113 87 899 1
9 58 1436 1
58 9 1436 1
9 108 974 1
108 9 974 1
15 52 1350 1
52 15 1350 1
18 78 674 1
78 18 674 1
29 32 631 1
32 29 631 1
42 72 843 1
72 42 843 1
51 105 775 1
105 51 775 1
56 111 893 1
111 56 893 1
80 95 719 1
95 80 719 1
81 85 175 1
85 81 175 1
98 111 265 1
111 98 265 1
6 19 593 1
19 6 593 1
8 97 1051 1
97 8 1051 1
16 30 615 1
30 16 615 1
44 101 868 1
101 44 868 1
46 73 842 1
73 46 842 1
51 59 486 1
59 51 486 1
12 33 709 1
33 12 709 1
16 37 809 1
37 16 809 1
18 36 784 1
36 18 784 1
19 80 851 1
80 19 851 1
20 85 844 1
85 20 844 1
32 75 514 1
75 32 514 1
34 37 540 1
37 34 540 1
41 44 981 1
44 41 981 1
48 105 862 1
105 48 862 1
63 76 747 1
76 63 747 1
70 110 664 1
110 70 664 1
89 99 398 1
99 89 398 1
13 31 424 1
31 13 424 1
31 81 775 1
81 31 775 1
33 34 394 1
34 33 394 1
46 111 189 1
111 46 189 1
52 112 417 1
112 52 417 1
56 107 1138 1
107 56 1138 1
57 69 378 1
69 57 378 1
72 83 754 1
83 72 754 1
0 83 1120 1
83 0 1120 1
6 11 866 1
11 6 866 1
12 14 278 1
14 12 278 1
12 82 376 1
82 12 376 1
17 102 1111 1
102 17 1111 1
20 73 397 1
73 20 397 1
24 93 1326 1
93 24 1326 1
41 62 1018 1
62 41 1018 1
51 77 677 1
77 51 677 1
72 105 795 1
105 72 795 1
4 14 255 1
14 4 255 1
12 64 932 1
64 12 932 1
12 87 1021 1
87 12 1021 1
13 22 606 1
22 13 606 1
14 38 497 1
38 14 497 1
