116 2668
42 43 239 1
43 42 239 1
30 31 127 1
31 30 127 1
48 51 548 1
51 48 548 1
78 79 878 1
79 78 878 1
22 27 524 1
27 22 524 1
73 74 458 1
74 73 458 1
49 51 172 1
51 49 172 1
80 81 1113 1
81 80 1113 1
44 45 194 1
45 44 194 1
22 86 800 1
86 22 800 1
62 63 1134 1
63 62 1134 1
36 40 213 1
40 36 213 1
29 72 629 1
72 29 629 1
35 45 385 1
45 35 385 1
42 46 173 1
46 42 173 1
42 47 281 1
47 42 281 1
16 17 998 1
17 16 998 1
24 27 252 1
27 24 252 1
99 111 265 1
111 99 265 1
16 62 313 1
62 16 313 1
44 49 304 1
49 44 304 1
48 49 410 1
49 48 410 1
41 73 204 1
73 41 204 1
26 27 135 1
27 26 135 1
22 24 386 1
24 22 386 1
37 41 217 1
41 37 217 1
95 109 146 1
109 95 146 1
22 26 505 1
26 22 505 1
73 75 84 1
75 73 84 1
38 87 730 1
87 38 730 1
3 88 1145 1
88 3 1145 1
9 61 1165 1
61 9 1165 1
10 14 380 1
14 10 380 1
27 87 439 1
87 27 439 1
41 83 252 1
83 41 252 1
0 14 728 1
14 0 728 1
34 35 126 1
35 34 126 1
79 81 136 1
81 79 136 1
84 86 610 1
86 84 610 1
5 9 157 1
9 5 157 1
43 46 341 1
46 43 341 1
46 47 309 1
47 46 309 1
55 98 606 1
98 55 606 1
2 22 228 1
22 2 228 1
45 67 282 1
67 45 282 1
3 7 185 1
7 3 185 1
34 45 409 1
45 34 409 1
95 113 351 1
113 95 351 1
43 44 290 1
44 43 290 1
35 44 409 1
44 35 409 1
43 45 199 1
45 43 199 1
66 67 177 1
67 66 177 1
68 69 164 1
69 68 164 1
17 81 182 1
81 17 182 1
51 53 271 1
53 51 271 1
58 59 496 1
59 58 496 1
7 61 813 1
61 7 813 1
16 63 1092 1
63 16 1092 1
57 68 520 1
68 57 520 1
43 47 146 1
47 43 146 1
24 50 1395 1
50 24 1395 1
36 37 542 1
37 36 542 1
4 14 255 1
14 4 255 1
46 55 584 1
55 46 584 1
22 84 1027 1
84 22 1027 1
27 86 519 1
86 27 519 1
25 31 272 1
31 25 272 1
91 93 118 1
93 91 118 1
44 48 114 1
48 44 114 1
24 87 679 1
87 24 679 1
25 27 193 1
27 25 193 1
46 76 517 1
76 46 517 1
0 56 174 1
56 0 174 1
91 99 166 1
99 91 166 1
28 83 861 1
83 28 861 1
20 30 328 1
30 20 328 1
63 88 1219 1
88 63 1219 1
3 23 271 1
23 3 271 1
6 60 799 1
60 6 799 1
7 92 1445 1
92 7 1445 1
76 77 238 1
77 76 238 1
58 60 266 1
60 58 266 1
21 31 344 1
31 21 344 1
46 111 189 1
111 46 189 1
22 23 140 1
23 22 140 1
78 80 116 1
80 78 116 1
86 87 805 1
87 86 805 1
65 67 361 1
67 65 361 1
32 33 149 1
33 32 149 1
64 84 478 1
84 64 478 1
76 99 626 1
99 76 626 1
12 14 278 1
14 12 278 1
74 75 389 1
75 74 389 1
15 83 194 1
83 15 194 1
26 86 416 1
86 26 416 1
4 26 161 1
26 4 161 1
22 87 870 1
87 22 870 1
37 75 239 1
75 37 239 1
78 81 1002 1
81 78 1002 1
13 15 277 1
15 13 277 1
28 72 116 1
72 28 116 1
20 31 387 1
31 20 387 1
41 75 187 1
75 41 187 1
64 88 675 1
88 64 675 1
12 60 825 1
60 12 825 1
3 92 1420 1
92 3 1420 1
38 82 362 1
82 38 362 1
58 66 198 1
66 58 198 1
17 63 324 1
63 17 324 1
6 12 248 1
12 6 248 1
56 103 1239 1
103 56 1239 1
82 87 849 1
87 82 849 1
17 62 1129 1
62 17 1129 1
30 43 1104 1
43 30 1104 1
94 104 298 1
104 94 298 1
70 75 355 1
75 70 355 1
24 86 569 1
86 24 569 1
70 77 376 1
77 70 376 1
24 26 201 1
26 24 201 1
88 89 1035 1
89 88 1035 1
2 6 165 1
6 2 165 1
2 64 992 1
64 2 992 1
42 44 208 1
44 42 208 1
82 86 143 1
86 82 143 1
22 30 218 1
30 22 218 1
55 99 216 1
99 55 216 1
23 27 506 1
27 23 506 1
39 83 378 1
83 39 378 1
98 111 265 1
111 98 265 1
17 29 223 1
29 17 223 1
54 98 204 1
98 54 204 1
82 83 881 1
83 82 881 1
94 115 181 1
115 94 181 1
22 64 1169 1
64 22 1169 1
40 82 231 1
82 40 231 1
17 80 1070 1
80 17 1070 1
29 31 454 1
31 29 454 1
27 84 956 1
84 27 956 1
0 4 861 1
4 0 861 1
27 50 1279 1
50 27 1279 1
44 51 440 1
51 44 440 1
17 79 135 1
79 17 135 1
31 33 517 1
33 31 517 1
41 74 484 1
74 41 484 1
34 43 397 1
43 34 397 1
43 49 240 1
49 43 240 1
47 111 188 1
111 47 188 1
61 65 175 1
65 61 175 1
13 61 843 1
61 13 843 1
22 88 1044 1
88 22 1044 1
49 53 406 1
53 49 406 1
47 110 210 1
110 47 210 1
107 115 298 1
115 107 298 1
4 8 148 1
8 4 148 1
105 114 152 1
114 105 152 1
79 80 991 1
80 79 991 1
37 73 278 1
73 37 278 1
28 41 661 1
41 28 661 1
20 25 402 1
25 20 402 1
72 75 453 1
75 72 453 1
39 41 161 1
41 39 161 1
70 71 263 1
71 70 263 1
76 111 559 1
111 76 559 1
14 82 179 1
82 14 179 1
36 75 517 1
75 36 517 1
57 80 1050 1
80 57 1050 1
0 10 381 1
10 0 381 1
14 86 272 1
86 14 272 1
46 96 270 1
96 46 270 1
98 99 479 1
99 98 479 1
27 30 343 1
30 27 343 1
109 113 333 1
113 109 333 1
10 12 181 1
12 10 181 1
16 19 740 1
19 16 740 1
22 38 846 1
38 22 846 1
35 43 347 1
43 35 347 1
37 46 651 1
46 37 651 1
19 62 792 1
62 19 792 1
30 86 614 1
86 30 614 1
2 4 569 1
4 2 569 1
36 38 122 1
38 36 122 1
46 49 541 1
49 46 541 1
35 67 262 1
67 35 262 1
43 96 503 1
96 43 503 1
48 52 415 1
52 48 415 1
52 58 705 1
58 52 705 1
111 112 111 1
112 111 111 1
97 99 180 1
99 97 180 1
23 86 866 1
86 23 866 1
2 8 554 1
8 2 554 1
2 27 659 1
27 2 659 1
65 92 1075 1
92 65 1075 1
31 72 482 1
72 31 482 1
79 111 717 1
111 79 717 1
75 77 210 1
77 75 210 1
19 63 644 1
63 19 644 1
1 19 351 1
19 1 351 1
40 83 731 1
83 40 731 1
44 110 439 1
110 44 439 1
101 103 106 1
103 101 106 1
50 51 698 1
51 50 698 1
8 9 638 1
9 8 638 1
23 26 522 1
26 23 522 1
37 47 493 1
47 37 493 1
96 110 214 1
110 96 214 1
47 96 412 1
96 47 412 1
51 59 486 1
59 51 486 1
84 87 1148 1
87 84 1148 1
24 84 1013 1
84 24 1013 1
35 110 305 1
110 35 305 1
37 38 515 1
38 37 515 1
7 13 237 1
13 7 237 1
14 77 716 1
77 14 716 1
20 27 271 1
27 20 271 1
76 96 361 1
96 76 361 1
79 99 574 1
99 79 574 1
93 107 357 1
107 93 357 1
21 44 1047 1
44 21 1047 1
46 98 212 1
98 46 212 1
56 57 840 1
57 56 840 1
7 9 490 1
9 7 490 1
23 87 803 1
87 23 803 1
36 41 570 1
41 36 570 1
4 82 403 1
82 4 403 1
11 13 168 1
13 11 168 1
3 89 961 1
89 3 961 1
4 60 1138 1
60 4 1138 1
40 41 506 1
41 40 506 1
51 52 786 1
52 51 786 1
56 88 726 1
88 56 726 1
2 26 618 1
26 2 618 1
38 86 366 1
86 38 366 1
21 25 360 1
25 21 360 1
63 102 1192 1
102 63 1192 1
34 44 373 1
44 34 373 1
71 79 426 1
79 71 426 1
80 105 872 1
105 80 872 1
89 103 468 1
103 89 468 1
0 8 829 1
8 0 829 1
3 22 347 1
22 3 347 1
38 54 263 1
54 38 263 1
61 102 1213 1
102 61 1213 1
1 63 334 1
63 1 334 1
48 66 357 1
66 48 357 1
79 114 741 1
114 79 741 1
37 96 506 1
96 37 506 1
4 6 536 1
6 4 536 1
21 43 915 1
43 21 915 1
23 84 1113 1
84 23 1113 1
41 70 482 1
70 41 482 1
59 61 271 1
61 59 271 1
78 114 717 1
114 78 717 1
3 27 634 1
27 3 634 1
25 30 292 1
30 25 292 1
45 48 304 1
48 45 304 1
14 22 562 1
22 14 562 1
20 45 1046 1
45 20 1046 1
47 55 367 1
55 47 367 1
72 73 517 1
73 72 517 1
97 111 292 1
111 97 292 1
8 14 205 1
14 8 205 1
14 76 580 1
76 14 580 1
36 82 401 1
82 36 401 1
28 29 741 1
29 28 741 1
50 52 243 1
52 50 243 1
27 38 594 1
38 27 594 1
61 63 238 1
63 61 238 1
94 97 266 1
97 94 266 1
68 81 913 1
81 68 913 1
94 107 417 1
107 94 417 1
47 115 383 1
115 47 383 1
15 41 349 1
41 15 349 1
39 108 341 1
108 39 341 1
70 76 285 1
76 70 285 1
62 81 1169 1
81 62 1169 1
12 77 756 1
77 12 756 1
23 25 373 1
25 23 373 1
22 50 1336 1
50 22 1336 1
67 85 682 1
85 67 682 1
1 85 630 1
85 1 630 1
58 93 1138 1
93 58 1138 1
99 112 272 1
112 99 272 1
0 60 405 1
60 0 405 1
16 81 1063 1
81 16 1063 1
46 53 547 1
53 46 547 1
77 111 559 1
111 77 559 1
7 88 1209 1
88 7 1209 1
45 96 643 1
96 45 643 1
107 110 468 1
110 107 468 1
15 73 336 1
73 15 336 1
22 54 1063 1
54 22 1063 1
25 43 1261 1
43 25 1261 1
94 108 97 1
108 94 97 1
3 64 1134 1
64 3 1134 1
4 18 866 1
18 4 866 1
44 46 353 1
46 44 353 1
64 89 1175 1
89 64 1175 1
16 80 152 1
80 16 152 1
42 45 300 1
45 42 300 1
22 82 706 1
82 22 706 1
36 74 242 1
74 36 242 1
42 112 333 1
112 42 333 1
43 110 298 1
110 43 298 1
45 49 111 1
49 45 111 1
52 53 746 1
53 52 746 1
24 38 730 1
38 24 730 1
42 55 629 1
55 42 629 1
68 97 933 1
97 68 933 1
72 79 733 1
79 72 733 1
109 110 135 1
110 109 135 1
0 86 874 1
86 0 874 1
64 101 1142 1
101 64 1142 1
77 99 529 1
99 77 529 1
55 111 434 1
111 55 434 1
6 7 710 1
7 6 710 1
32 66 416 1
66 32 416 1
37 40 562 1
40 37 562 1
44 47 404 1
47 44 404 1
37 111 552 1
111 37 552 1
46 51 585 1
51 46 585 1
54 88 224 1
88 54 224 1
42 96 429 1
96 42 429 1
45 110 453 1
110 45 453 1
32 34 327 1
34 32 327 1
37 70 546 1
70 37 546 1
20 35 677 1
35 20 677 1
28 31 545 1
31 28 545 1
0 84 624 1
84 0 624 1
0 103 1292 1
103 0 1292 1
21 96 648 1
96 21 648 1
30 33 526 1
33 30 526 1
100 101 656 1
101 100 656 1
8 88 819 1
88 8 819 1
29 73 113 1
73 29 113 1
64 86 1029 1
86 64 1029 1
24 25 135 1
25 24 135 1
79 98 871 1
98 79 871 1
0 26 879 1
26 0 879 1
0 88 782 1
88 0 782 1
10 76 495 1
76 10 495 1
89 101 462 1
101 89 462 1
4 10 570 1
10 4 570 1
57 81 488 1
81 57 488 1
2 24 548 1
24 2 548 1
20 24 393 1
24 20 393 1
20 86 362 1
86 20 362 1
30 49 1208 1
49 30 1208 1
50 64 302 1
64 50 302 1
7 100 1408 1
100 7 1408 1
17 72 781 1
72 17 781 1
26 87 560 1
87 26 560 1
27 43 1124 1
43 27 1124 1
46 99 446 1
99 46 446 1
60 63 1021 1
63 60 1021 1
0 64 574 1
64 0 574 1
14 18 837 1
18 14 837 1
68 103 1277 1
103 68 1277 1
78 107 864 1
107 78 864 1
90 98 163 1
98 90 163 1
95 111 347 1
111 95 347 1
8 64 1208 1
64 8 1208 1
78 105 821 1
105 78 821 1
68 80 778 1
80 68 778 1
91 111 390 1
111 91 390 1
20 43 937 1
43 20 937 1
46 70 798 1
70 46 798 1
70 73 402 1
73 70 402 1
14 26 321 1
26 14 321 1
35 96 448 1
96 35 448 1
21 47 833 1
47 21 833 1
36 109 326 1
109 36 326 1
74 76 203 1
76 74 203 1
100 102 87 1
102 100 87 1
28 39 686 1
39 28 686 1
56 101 1297 1
101 56 1297 1
56 106 934 1
106 56 934 1
69 94 883 1
94 69 883 1
103 106 532 1
106 103 532 1
7 63 675 1
63 7 675 1
12 13 959 1
13 12 959 1
15 60 1288 1
60 15 1288 1
48 50 202 1
50 48 202 1
68 73 821 1
73 68 821 1
70 74 155 1
74 70 155 1
97 114 263 1
114 97 263 1
105 108 296 1
108 105 296 1
0 18 364 1
18 0 364 1
34 67 275 1
67 34 275 1
60 62 241 1
62 60 241 1
18 19 147 1
19 18 147 1
27 82 524 1
82 27 524 1
50 55 863 1
55 50 863 1
81 97 523 1
97 81 523 1
26 30 321 1
30 26 321 1
69 115 1010 1
115 69 1010 1
31 44 1185 1
44 31 1185 1
111 113 191 1
113 111 191 1
29 75 189 1
75 29 189 1
37 74 520 1
74 37 520 1
71 72 402 1
72 71 402 1
95 96 288 1
96 95 288 1
14 60 967 1
60 14 967 1
21 110 690 1
110 21 690 1
26 64 1183 1
64 26 1183 1
50 87 1314 1
87 50 1314 1
104 108 301 1
108 104 301 1
104 115 184 1
115 104 184 1
29 83 227 1
83 29 227 1
61 100 1241 1
100 61 1241 1
69 106 1139 1
106 69 1139 1
71 75 163 1
75 71 163 1
89 102 866 1
102 89 866 1
16 79 934 1
79 16 934 1
10 77 693 1
77 10 693 1
7 65 934 1
65 7 934 1
38 83 760 1
83 38 760 1
45 66 369 1
66 45 369 1
48 53 654 1
53 48 654 1
88 98 408 1
98 88 408 1
12 99 1189 1
99 12 1189 1
37 110 431 1
110 37 431 1
3 5 603 1
5 3 603 1
6 64 941 1
64 6 941 1
43 48 391 1
48 43 391 1
58 108 852 1
108 58 852 1
93 99 208 1
99 93 208 1
23 31 199 1
31 23 199 1
36 46 482 1
46 36 482 1
92 100 157 1
100 92 157 1
108 115 135 1
115 108 135 1
16 88 420 1
88 16 420 1
29 49 928 1
49 29 928 1
34 110 327 1
110 34 327 1
46 112 262 1
112 46 262 1
54 55 651 1
55 54 651 1
69 108 886 1
108 69 886 1
9 68 1194 1
68 9 1194 1
8 18 880 1
18 8 880 1
56 63 1014 1
63 56 1014 1
59 108 883 1
108 59 883 1
68 106 1131 1
106 68 1131 1
77 79 329 1
79 77 329 1
1 60 923 1
60 1 923 1
2 50 1192 1
50 2 1192 1
24 30 283 1
30 24 283 1
26 50 1256 1
50 26 1256 1
73 81 406 1
81 73 406 1
12 76 591 1
76 12 591 1
59 63 501 1
63 59 501 1
63 89 569 1
89 63 569 1
2 30 317 1
30 2 317 1
2 65 1144 1
65 2 1144 1
40 70 311 1
70 40 311 1
2 18 379 1
18 2 379 1
8 56 943 1
56 8 943 1
21 37 403 1
37 21 403 1
69 107 1110 1
107 69 1110 1
71 109 576 1
109 71 576 1
86 88 460 1
88 86 460 1
104 107 401 1
107 104 401 1
42 111 258 1
111 42 258 1
1 15 757 1
15 1 757 1
9 102 1277 1
102 9 1277 1
16 54 493 1
54 16 493 1
23 62 1065 1
62 23 1065 1
43 112 376 1
112 43 376 1
84 85 1130 1
85 84 1130 1
17 78 955 1
78 17 955 1
26 82 411 1
82 26 411 1
5 61 1171 1
61 5 1171 1
20 39 459 1
39 20 459 1
43 55 485 1
55 43 485 1
56 89 1199 1
89 56 1199 1
13 29 290 1
29 13 290 1
30 44 1163 1
44 30 1163 1
9 65 1235 1
65 9 1235 1
10 86 544 1
86 10 544 1
37 76 441 1
76 37 441 1
67 69 345 1
69 67 345 1
105 106 359 1
106 105 359 1
1 56 851 1
56 1 851 1
24 43 1300 1
43 24 1300 1
6 88 860 1
88 6 860 1
20 44 1027 1
44 20 1027 1
37 43 584 1
43 37 584 1
62 80 268 1
80 62 268 1
96 109 176 1
109 96 176 1
110 115 264 1
115 110 264 1
3 9 596 1
9 3 596 1
19 103 1259 1
103 19 1259 1
37 112 610 1
112 37 610 1
44 96 580 1
96 44 580 1
5 57 1018 1
57 5 1018 1
31 43 1106 1
43 31 1106 1
1 61 385 1
61 1 385 1
9 88 1163 1
88 9 1163 1
9 89 869 1
89 9 869 1
38 109 342 1
109 38 342 1
47 49 380 1
49 47 380 1
97 105 299 1
105 97 299 1
17 114 865 1
114 17 865 1
59 106 1174 1
106 59 1174 1
69 103 1214 1
103 69 1214 1
8 22 480 1
22 8 480 1
9 106 1074 1
106 9 1074 1
20 34 683 1
34 20 683 1
43 51 245 1
51 43 245 1
56 64 404 1
64 56 404 1
2 14 572 1
14 2 572 1
19 83 893 1
83 19 893 1
2 86 809 1
86 2 809 1
7 17 463 1
17 7 463 1
15 75 396 1
75 15 396 1
34 42 401 1
42 34 401 1
35 42 425 1
42 35 425 1
37 109 343 1
109 37 343 1
62 88 542 1
88 62 542 1
96 113 315 1
113 96 315 1
1 59 541 1
59 1 541 1
15 39 506 1
39 15 506 1
42 49 396 1
49 42 396 1
45 51 254 1
51 45 254 1
3 63 726 1
63 3 726 1
26 84 884 1
84 26 884 1
33 72 507 1
72 33 507 1
54 63 1046 1
63 54 1046 1
76 79 567 1
79 76 567 1
91 107 371 1
107 91 371 1
24 42 1334 1
42 24 1334 1
36 95 408 1
95 36 408 1
37 71 401 1
71 37 401 1
54 89 853 1
89 54 853 1
3 25 566 1
25 3 566 1
18 22 537 1
22 18 537 1
30 38 642 1
38 30 642 1
56 68 408 1
68 56 408 1
99 114 265 1
114 99 265 1
37 39 117 1
39 37 117 1
47 53 268 1
53 47 268 1
11 35 710 1
35 11 710 1
30 72 390 1
72 30 390 1
46 90 324 1
90 46 324 1
16 89 1095 1
89 16 1095 1
29 37 304 1
37 29 304 1
96 111 286 1
111 96 286 1
14 87 842 1
87 14 842 1
19 68 313 1
68 19 313 1
31 35 790 1
35 31 790 1
37 42 712 1
42 37 712 1
92 93 608 1
93 92 608 1
21 35 666 1
35 21 666 1
23 30 259 1
30 23 259 1
24 55 1018 1
55 24 1018 1
66 107 978 1
107 66 978 1
4 86 435 1
86 4 435 1
21 30 349 1
30 21 349 1
15 74 683 1
74 15 683 1
30 40 513 1
40 30 513 1
47 90 580 1
90 47 580 1
72 81 860 1
81 72 860 1
76 98 527 1
98 76 527 1
15 28 819 1
28 15 819 1
15 61 998 1
61 15 998 1
28 73 629 1
73 28 629 1
36 73 600 1
73 36 600 1
5 39 639 1
39 5 639 1
13 17 364 1
17 13 364 1
31 110 923 1
110 31 923 1
67 107 894 1
107 67 894 1
87 89 476 1
89 87 476 1
6 32 555 1
32 6 555 1
64 65 897 1
65 64 897 1
71 73 163 1
73 71 163 1
1 11 394 1
11 1 394 1
5 68 1146 1
68 5 1146 1
33 35 375 1
35 33 375 1
46 77 585 1
77 46 585 1
55 114 395 1
114 55 395 1
59 100 1223 1
100 59 1223 1
11 29 239 1
29 11 239 1
13 92 1402 1
92 13 1402 1
23 89 1070 1
89 23 1070 1
65 69 558 1
69 65 558 1
67 93 875 1
93 67 875 1
71 99 783 1
99 71 783 1
72 112 844 1
112 72 844 1
78 93 1024 1
93 78 1024 1
12 58 1025 1
58 12 1025 1
17 33 512 1
33 17 512 1
27 64 1222 1
64 27 1222 1
36 83 816 1
83 36 816 1
54 86 568 1
86 54 568 1
66 114 833 1
114 66 833 1
29 81 342 1
81 29 342 1
29 111 842 1
111 29 842 1
37 99 410 1
99 37 410 1
54 103 653 1
103 54 653 1
77 114 582 1
114 77 582 1
10 82 401 1
82 10 401 1
24 54 987 1
54 24 987 1
31 83 561 1
83 31 561 1
36 76 232 1
76 36 232 1
45 47 345 1
47 45 345 1
105 115 176 1
115 105 176 1
109 111 273 1
111 109 273 1
4 93 1288 1
93 4 1288 1
12 93 1368 1
93 12 1368 1
16 78 122 1
78 16 122 1
16 98 666 1
98 16 666 1
42 110 303 1
110 42 303 1
47 112 265 1
112 47 265 1
55 76 571 1
76 55 571 1
70 79 638 1
79 70 638 1
81 111 760 1
111 81 760 1
81 114 782 1
114 81 782 1
105 107 233 1
107 105 233 1
5 26 263 1
26 5 263 1
12 91 1349 1
91 12 1349 1
23 95 987 1
95 23 987 1
31 40 592 1
40 31 592 1
46 97 424 1
97 46 424 1
75 81 434 1
81 75 434 1
103 115 322 1
115 103 322 1
5 7 538 1
7 5 538 1
16 56 380 1
56 16 380 1
21 94 569 1
94 21 569 1
39 75 260 1
75 39 260 1
9 39 688 1
39 9 688 1
18 82 891 1
82 18 891 1
19 29 673 1
29 19 673 1
19 69 323 1
69 19 323 1
26 88 791 1
88 26 791 1
52 59 956 1
59 52 956 1
78 99 844 1
99 78 844 1
5 8 493 1
8 5 493 1
114 115 96 1
115 114 96 1
10 70 382 1
70 10 382 1
30 42 1143 1
42 30 1143 1
35 66 331 1
66 35 331 1
4 12 434 1
12 4 434 1
18 89 1085 1
89 18 1085 1
36 87 808 1
87 36 808 1
54 76 415 1
76 54 415 1
59 66 363 1
66 59 363 1
9 69 1181 1
69 9 1181 1
17 19 648 1
19 17 648 1
21 83 382 1
83 21 382 1
40 75 477 1
75 40 477 1
47 97 280 1
97 47 280 1
74 94 426 1
94 74 426 1
1 13 546 1
13 1 546 1
78 111 693 1
111 78 693 1
10 60 650 1
60 10 650 1
13 75 440 1
75 13 440 1
23 38 892 1
38 23 892 1
29 44 1005 1
44 29 1005 1
21 49 1063 1
49 21 1063 1
25 45 1358 1
45 25 1358 1
29 79 257 1
79 29 257 1
68 75 797 1
75 68 797 1
75 97 469 1
97 75 469 1
3 87 809 1
87 3 809 1
58 61 717 1
61 58 717 1
69 91 1081 1
91 69 1081 1
97 115 218 1
115 97 218 1
21 42 978 1
42 21 978 1
57 74 830 1
74 57 830 1
70 83 652 1
83 70 652 1
0 16 380 1
16 0 380 1
11 72 773 1
72 11 773 1
19 106 1134 1
106 19 1134 1
60 61 893 1
61 60 893 1
30 82 534 1
82 30 534 1
47 70 837 1
70 47 837 1
54 57 1038 1
57 54 1038 1
1 68 549 1
68 1 549 1
45 85 677 1
85 45 677 1
97 113 312 1
113 97 312 1
37 97 271 1
97 37 271 1
41 69 935 1
69 41 935 1
45 46 448 1
46 45 448 1
61 92 1185 1
92 61 1185 1
75 76 374 1
76 75 374 1
20 70 213 1
70 20 213 1
20 87 562 1
87 20 562 1
28 69 863 1
69 28 863 1
14 27 449 1
27 14 449 1
27 42 1179 1
42 27 1179 1
41 94 523 1
94 41 523 1
54 90 282 1
90 54 282 1
55 96 492 1
96 55 492 1
59 62 914 1
62 59 914 1
78 98 547 1
98 78 547 1
1 62 1027 1
62 1 1027 1
11 20 668 1
20 11 668 1
39 94 407 1
94 39 407 1
70 96 605 1
96 70 605 1
70 109 564 1
109 70 564 1
14 84 681 1
84 14 681 1
24 34 1021 1
34 24 1021 1
24 64 1287 1
64 24 1287 1
30 45 1169 1
45 30 1169 1
25 47 1189 1
47 25 1189 1
97 112 339 1
112 97 339 1
100 108 467 1
108 100 467 1
10 45 1113 1
45 10 1113 1
18 84 897 1
84 18 897 1
20 26 232 1
26 20 232 1
38 95 382 1
95 38 382 1
56 60 232 1
60 56 232 1
58 67 368 1
67 58 368 1
87 88 1035 1
88 87 1035 1
93 108 478 1
108 93 478 1
8 89 1179 1
89 8 1179 1
9 63 985 1
63 9 985 1
32 35 357 1
35 32 357 1
48 59 599 1
59 48 599 1
59 115 981 1
115 59 981 1
4 58 1292 1
58 4 1292 1
17 111 850 1
111 17 850 1
38 98 432 1
98 38 432 1
54 56 722 1
56 54 722 1
71 98 866 1
98 71 866 1
74 81 792 1
81 74 792 1
84 88 224 1
88 84 224 1
2 88 959 1
88 2 959 1
7 15 461 1
15 7 461 1
47 98 442 1
98 47 442 1
55 77 412 1
77 55 412 1
40 109 467 1
109 40 467 1
18 86 1008 1
86 18 1008 1
28 33 585 1
33 28 585 1
38 40 158 1
40 38 158 1
54 95 438 1
95 54 438 1
77 95 322 1
95 77 322 1
103 107 239 1
107 103 239 1
5 69 1149 1
69 5 1149 1
19 115 1045 1
115 19 1045 1
32 48 714 1
48 32 714 1
50 53 744 1
53 50 744 1
87 109 723 1
109 87 723 1
7 90 1390 1
90 7 1390 1
11 45 1014 1
45 11 1014 1
9 92 1428 1
92 9 1428 1
17 54 969 1
54 17 969 1
23 82 788 1
82 23 788 1
38 112 604 1
112 38 604 1
59 102 1214 1
102 59 1214 1
60 64 187 1
64 60 187 1
77 81 453 1
81 77 453 1
110 114 289 1
114 110 289 1
0 58 565 1
58 0 565 1
4 22 457 1
22 4 457 1
17 104 976 1
104 17 976 1
18 57 564 1
57 18 564 1
21 95 510 1
95 21 510 1
30 35 784 1
35 30 784 1
41 82 687 1
82 41 687 1
70 72 158 1
72 70 158 1
19 57 426 1
57 19 426 1
30 34 790 1
34 30 790 1
61 69 456 1
69 61 456 1
75 83 351 1
83 75 351 1
4 5 350 1
5 4 350 1
9 59 1335 1
59 9 1335 1
21 104 765 1
104 21 765 1
57 84 1116 1
84 57 1116 1
9 100 1346 1
100 9 1346 1
17 28 894 1
28 17 894 1
21 29 329 1
29 21 329 1
30 71 303 1
71 30 303 1
39 47 551 1
47 39 551 1
41 68 978 1
68 41 978 1
72 74 76 1
74 72 76 1
88 102 433 1
102 88 433 1
94 110 220 1
110 94 220 1
14 99 1083 1
99 14 1083 1
39 73 305 1
73 39 305 1
47 99 231 1
99 47 231 1
47 114 366 1
114 47 366 1
2 67 952 1
67 2 952 1
14 93 1238 1
93 14 1238 1
18 26 857 1
26 18 857 1
57 73 601 1
73 57 601 1
62 89 1215 1
89 62 1215 1
3 101 1324 1
101 3 1324 1
14 88 613 1
88 14 613 1
29 41 234 1
41 29 234 1
38 39 465 1
39 38 465 1
58 115 947 1
115 58 947 1
66 105 960 1
105 66 960 1
97 108 170 1
108 97 170 1
0 2 460 1
2 0 460 1
0 101 1354 1
101 0 1354 1
4 27 279 1
27 4 279 1
6 18 473 1
18 6 473 1
20 38 349 1
38 20 349 1
29 33 510 1
33 29 510 1
37 113 578 1
113 37 578 1
45 50 474 1
50 45 474 1
81 105 772 1
105 81 772 1
107 114 333 1
114 107 333 1
9 56 1222 1
56 9 1222 1
28 75 567 1
75 28 567 1
29 36 705 1
36 29 705 1
35 39 531 1
39 35 531 1
46 109 326 1
109 46 326 1
63 100 1236 1
100 63 1236 1
81 115 734 1
115 81 734 1
3 26 678 1
26 3 678 1
21 48 1109 1
48 21 1109 1
64 87 1344 1
87 64 1344 1
70 110 664 1
110 70 664 1
96 99 428 1
99 96 428 1
107 108 333 1
108 107 333 1
5 18 901 1
18 5 901 1
11 85 574 1
85 11 574 1
14 91 1235 1
91 14 1235 1
58 107 1147 1
107 58 1147 1
87 101 801 1
101 87 801 1
14 70 380 1
70 14 380 1
1 102 1288 1
102 1 1288 1
3 61 814 1
61 3 814 1
22 25 402 1
25 22 402 1
25 34 1006 1
34 25 1006 1
25 42 1319 1
42 25 1319 1
32 72 471 1
72 32 471 1
37 95 241 1
95 37 241 1
76 109 320 1
109 76 320 1
4 9 500 1
9 4 500 1
35 47 370 1
47 35 370 1
35 48 491 1
48 35 491 1
52 66 667 1
66 52 667 1
16 29 882 1
29 16 882 1
42 51 463 1
51 42 463 1
49 55 664 1
55 49 664 1
94 96 89 1
96 94 89 1
2 93 1417 1
93 2 1417 1
11 31 475 1
31 11 475 1
38 46 544 1
46 38 544 1
56 84 539 1
84 56 539 1
0 22 675 1
22 0 675 1
1 74 790 1
74 1 790 1
3 84 1110 1
84 3 1110 1
10 85 1188 1
85 10 1188 1
17 98 995 1
98 17 995 1
22 43 1259 1
43 22 1259 1
32 67 439 1
67 32 439 1
37 83 399 1
83 37 399 1
49 98 742 1
98 49 742 1
5 25 129 1
25 5 129 1
16 72 287 1
72 16 287 1
55 112 466 1
112 55 466 1
76 97 459 1
97 76 459 1
77 97 366 1
97 77 366 1
2 84 897 1
84 2 897 1
4 64 1218 1
64 4 1218 1
23 109 1001 1
109 23 1001 1
36 70 395 1
70 36 395 1
37 72 595 1
72 37 595 1
40 46 685 1
46 40 685 1
41 57 760 1
57 41 760 1
68 105 1200 1
105 68 1200 1
0 93 1314 1
93 0 1314 1
9 101 1217 1
101 9 1217 1
20 72 238 1
72 20 238 1
43 50 494 1
50 43 494 1
48 67 417 1
67 48 417 1
63 81 293 1
81 63 293 1
68 74 749 1
74 68 749 1
69 93 1169 1
93 69 1169 1
88 92 521 1
92 88 521 1
18 64 805 1
64 18 805 1
24 45 1393 1
45 24 1393 1
37 94 426 1
94 37 426 1
41 47 698 1
47 41 698 1
77 98 628 1
98 77 628 1
87 95 598 1
95 87 598 1
5 88 1026 1
88 5 1026 1
8 86 437 1
86 8 437 1
26 38 554 1
38 26 554 1
36 72 276 1
72 36 276 1
69 105 1158 1
105 69 1158 1
82 88 444 1
88 82 444 1
84 101 1042 1
101 84 1042 1
90 100 182 1
100 90 182 1
0 82 741 1
82 0 741 1
1 57 172 1
57 1 172 1
5 82 673 1
82 5 673 1
38 89 763 1
89 38 763 1
60 89 1195 1
89 60 1195 1
61 88 1219 1
88 61 1219 1
83 87 158 1
87 83 158 1
86 101 1052 1
101 86 1052 1
3 102 1340 1
102 3 1340 1
8 58 1298 1
58 8 1298 1
21 34 706 1
34 21 706 1
25 44 1369 1
44 25 1369 1
54 62 567 1
62 54 567 1
21 51 1039 1
51 21 1039 1
23 24 403 1
24 23 403 1
31 37 658 1
37 31 658 1
73 94 596 1
94 73 596 1
0 78 431 1
78 0 431 1
3 95 915 1
95 3 915 1
80 100 687 1
100 80 687 1
8 60 1121 1
60 8 1121 1
8 82 379 1
82 8 379 1
53 71 983 1
71 53 983 1
54 111 422 1
111 54 422 1
57 106 1143 1
106 57 1143 1
87 113 899 1
113 87 899 1
7 16 964 1
16 7 964 1
25 53 1369 1
53 25 1369 1
38 88 311 1
88 38 311 1
39 82 719 1
82 39 719 1
42 90 472 1
90 42 472 1
56 62 252 1
62 56 252 1
70 111 827 1
111 70 827 1
71 78 647 1
78 71 647 1
3 65 942 1
65 3 942 1
19 33 238 1
33 19 238 1
29 30 533 1
30 29 533 1
52 55 814 1
55 52 814 1
71 76 392 1
76 71 392 1
75 79 318 1
79 75 318 1
76 112 647 1
112 76 647 1
91 108 473 1
108 91 473 1
5 27 165 1
27 5 165 1
13 77 608 1
77 13 608 1
19 89 1004 1
89 19 1004 1
23 83 710 1
83 23 710 1
29 77 357 1
77 29 357 1
31 53 1248 1
53 31 1248 1
58 94 820 1
94 58 820 1
20 22 544 1
22 20 544 1
23 54 1116 1
54 23 1116 1
39 40 508 1
40 39 508 1
53 109 560 1
109 53 560 1
74 97 582 1
97 74 582 1
76 110 394 1
110 76 394 1
97 110 221 1
110 97 221 1
7 89 868 1
89 7 868 1
9 15 219 1
15 9 219 1
30 110 901 1
110 30 901 1
66 108 706 1
108 66 706 1
0 50 829 1
50 0 829 1
9 108 974 1
108 9 974 1
10 110 856 1
110 10 856 1
38 43 745 1
43 38 745 1
39 69 918 1
69 39 918 1
57 79 431 1
79 57 431 1
62 106 794 1
106 62 794 1
14 24 389 1
24 14 389 1
16 101 1154 1
101 16 1154 1
16 103 1073 1
103 16 1073 1
20 84 687 1
84 20 687 1
28 94 557 1
94 28 557 1
28 104 781 1
104 28 781 1
38 41 513 1
41 38 513 1
52 90 240 1
90 52 240 1
53 100 830 1
100 53 830 1
57 97 767 1
97 57 767 1
0 87 1191 1
87 0 1191 1
6 13 864 1
13 6 864 1
60 69 564 1
69 60 564 1
62 115 846 1
115 62 846 1
66 115 807 1
115 66 807 1
71 110 676 1
110 71 676 1
8 68 1123 1
68 8 1123 1
20 42 954 1
42 20 954 1
60 85 1115 1
85 60 1115 1
74 113 753 1
113 74 753 1
10 11 986 1
11 10 986 1
13 72 796 1
72 13 796 1
24 46 1220 1
46 24 1220 1
68 77 657 1
77 68 657 1
96 112 337 1
112 96 337 1
1 29 521 1
29 1 521 1
5 83 447 1
83 5 447 1
7 102 1355 1
102 7 1355 1
14 89 1093 1
89 14 1093 1
30 53 1265 1
53 30 1265 1
33 71 374 1
71 33 374 1
50 84 554 1
84 50 554 1
56 80 431 1
80 56 431 1
61 108 835 1
108 61 835 1
63 98 1024 1
98 63 1024 1
73 79 296 1
79 73 296 1
91 97 336 1
97 91 336 1
14 50 1150 1
50 14 1150 1
16 100 798 1
100 16 798 1
18 23 573 1
23 18 573 1
35 37 446 1
37 35 446 1
68 79 805 1
79 68 805 1
106 115 278 1
115 106 278 1
3 100 1385 1
100 3 1385 1
6 58 957 1
58 6 957 1
30 46 1051 1
46 30 1051 1
31 71 265 1
71 31 265 1
38 96 284 1
96 38 284 1
57 69 378 1
69 57 378 1
71 77 297 1
77 71 297 1
5 104 1063 1
104 5 1063 1
7 104 1243 1
104 7 1243 1
31 38 708 1
38 31 708 1
43 111 293 1
111 43 293 1
91 112 368 1
112 91 368 1
20 40 225 1
40 20 225 1
25 26 225 1
26 25 225 1
25 87 575 1
87 25 575 1
41 115 555 1
115 41 555 1
56 87 1244 1
87 56 1244 1
76 91 787 1
91 76 787 1
83 95 609 1
95 83 609 1
96 107 486 1
107 96 486 1
5 15 278 1
15 5 278 1
23 88 1119 1
88 23 1119 1
31 34 815 1
34 31 815 1
68 76 626 1
76 68 626 1
71 91 911 1
91 71 911 1
109 112 348 1
112 109 348 1
13 60 1245 1
60 13 1245 1
18 88 1010 1
88 18 1010 1
37 77 246 1
77 37 246 1
41 72 550 1
72 41 550 1
5 102 1167 1
102 5 1167 1
6 16 484 1
16 6 484 1
13 28 892 1
28 13 892 1
13 100 1359 1
100 13 1359 1
13 102 1295 1
102 13 1295 1
14 38 497 1
38 14 497 1
21 45 1031 1
45 21 1031 1
39 57 754 1
57 39 754 1
62 69 736 1
69 62 736 1
73 83 298 1
83 73 298 1
19 56 574 1
56 19 574 1
30 70 259 1
70 30 259 1
57 89 760 1
89 57 760 1
61 89 738 1
89 61 738 1
65 85 476 1
85 65 476 1
11 15 385 1
15 11 385 1
17 100 1170 1
100 17 1170 1
21 41 236 1
41 21 236 1
31 49 1198 1
49 31 1198 1
37 55 221 1
55 37 221 1
47 51 339 1
51 47 339 1
50 88 679 1
88 50 679 1
52 65 959 1
65 52 959 1
59 60 718 1
60 59 718 1
69 80 866 1
80 69 866 1
77 78 550 1
78 77 550 1
14 54 716 1
54 14 716 1
62 102 862 1
102 62 862 1
0 89 1205 1
89 0 1205 1
8 55 1109 1
55 8 1109 1
14 111 1046 1
111 14 1046 1
16 90 731 1
90 16 731 1
31 70 334 1
70 31 334 1
36 97 483 1
97 36 483 1
38 71 546 1
71 38 546 1
0 106 981 1
106 0 981 1
1 106 1164 1
106 1 1164 1
3 50 1273 1
50 3 1273 1
6 8 485 1
8 6 485 1
16 18 646 1
18 16 646 1
21 53 1018 1
53 21 1018 1
36 77 422 1
77 36 422 1
68 94 894 1
94 68 894 1
71 93 964 1
93 71 964 1
101 106 633 1
106 101 633 1
54 102 313 1
102 54 313 1
70 99 848 1
99 70 848 1
6 14 476 1
14 6 476 1
21 46 873 1
46 21 873 1
23 101 1406 1
101 23 1406 1
36 113 562 1
113 36 562 1
19 102 1271 1
102 19 1271 1
38 55 598 1
55 38 598 1
44 66 318 1
66 44 318 1
50 98 448 1
98 50 448 1
68 89 1110 1
89 68 1110 1
75 113 758 1
113 75 758 1
77 82 682 1
82 77 682 1
77 96 456 1
96 77 456 1
83 94 771 1
94 83 771 1
5 64 1350 1
64 5 1350 1
10 73 783 1
73 10 783 1
25 96 984 1
96 25 984 1
29 71 259 1
71 29 259 1
29 95 532 1
95 29 532 1
39 106 557 1
106 39 557 1
77 93 729 1
93 77 729 1
77 113 641 1
113 77 641 1
98 100 250 1
100 98 250 1
111 114 232 1
114 111 232 1
0 6 417 1
6 0 417 1
22 89 1126 1
89 22 1126 1
24 57 1099 1
57 24 1099 1
34 96 428 1
96 34 428 1
36 53 880 1
53 36 880 1
50 86 1077 1
86 50 1077 1
87 103 754 1
103 87 754 1
3 86 986 1
86 3 986 1
6 63 1114 1
63 6 1114 1
21 33 567 1
33 21 567 1
21 38 458 1
38 21 458 1
32 90 926 1
90 32 926 1
79 112 791 1
112 79 791 1
93 103 173 1
103 93 173 1
99 107 302 1
107 99 302 1
104 114 171 1
114 104 171 1
0 68 414 1
68 0 414 1
24 89 1045 1
89 24 1045 1
27 53 1217 1
53 27 1217 1
49 50 585 1
50 49 585 1
59 94 905 1
94 59 905 1
73 76 450 1
76 73 450 1
80 97 779 1
97 80 779 1
8 91 1373 1
91 8 1373 1
35 94 438 1
94 35 438 1
37 82 780 1
82 37 780 1
51 55 568 1
55 51 568 1
70 82 411 1
82 70 411 1
78 108 559 1
108 78 559 1
16 60 498 1
60 16 498 1
19 82 964 1
82 19 964 1
23 64 1238 1
64 23 1238 1
25 38 749 1
38 25 749 1
61 94 881 1
94 61 881 1
88 101 935 1
101 88 935 1
11 114 1023 1
114 11 1023 1
17 88 1113 1
88 17 1113 1
35 107 663 1
107 35 663 1
65 93 802 1
93 65 802 1
89 95 416 1
95 89 416 1
21 28 487 1
28 21 487 1
37 81 336 1
81 37 336 1
48 58 400 1
58 48 400 1
48 110 500 1
110 48 500 1
49 52 718 1
52 49 718 1
50 92 549 1
92 50 549 1
66 104 942 1
104 66 942 1
77 109 318 1
109 77 318 1
81 94 732 1
94 81 732 1
90 97 593 1
97 90 593 1
99 109 321 1
109 99 321 1
5 87 460 1
87 5 460 1
27 88 863 1
88 27 863 1
35 49 434 1
49 35 434 1
40 53 1023 1
53 40 1023 1
49 109 629 1
109 49 629 1
54 87 939 1
87 54 939 1
63 101 920 1
101 63 920 1
68 108 915 1
108 68 915 1
96 97 322 1
97 96 322 1
5 89 870 1
89 5 870 1
15 69 1077 1
69 15 1077 1
28 108 624 1
108 28 624 1
29 40 655 1
40 29 655 1
31 45 1171 1
45 31 1171 1
35 113 606 1
113 35 606 1
43 76 617 1
76 43 617 1
66 93 972 1
93 66 972 1
72 99 831 1
99 72 831 1
13 104 1167 1
104 13 1167 1
21 23 542 1
23 21 542 1
46 110 220 1
110 46 220 1
47 109 317 1
109 47 317 1
51 100 973 1
100 51 973 1
53 74 995 1
74 53 995 1
68 115 1040 1
115 68 1040 1
71 82 622 1
82 71 622 1
73 113 827 1
113 73 827 1
85 107 509 1
107 85 509 1
2 5 685 1
5 2 685 1
25 50 1404 1
50 25 1404 1
38 57 968 1
57 38 968 1
60 66 370 1
66 60 370 1
95 97 97 1
97 95 97 1
20 53 1075 1
53 20 1075 1
27 45 1240 1
45 27 1240 1
30 47 1058 1
47 30 1058 1
31 47 1060 1
47 31 1060 1
45 107 840 1
107 45 840 1
47 77 509 1
77 47 509 1
47 105 464 1
105 47 464 1
76 95 396 1
95 76 396 1
3 24 623 1
24 3 623 1
22 98 1219 1
98 22 1219 1
25 92 1338 1
92 25 1338 1
28 71 506 1
71 28 506 1
42 99 482 1
99 42 482 1
56 86 911 1
86 56 911 1
15 92 1292 1
92 15 1292 1
58 65 718 1
65 58 718 1
61 104 1114 1
104 61 1114 1
70 97 668 1
97 70 668 1
75 99 632 1
99 75 632 1
6 67 991 1
67 6 991 1
9 13 376 1
13 9 376 1
12 111 1115 1
111 12 1115 1
15 94 858 1
94 15 858 1
16 57 981 1
57 16 981 1
18 69 392 1
69 18 392 1
27 109 761 1
109 27 761 1
40 77 472 1
77 40 472 1
51 61 458 1
61 51 458 1
57 87 938 1
87 57 938 1
71 104 863 1
104 71 863 1
1 97 819 1
97 1 819 1
31 104 1075 1
104 31 1075 1
37 98 666 1
98 37 666 1
58 106 1039 1
106 58 1039 1
60 102 963 1
102 60 963 1
66 69 349 1
69 66 349 1
74 79 666 1
79 74 666 1
98 101 623 1
101 98 623 1
99 110 299 1
110 99 299 1
10 26 620 1
26 10 620 1
10 35 781 1
35 10 781 1
28 30 436 1
30 28 436 1
52 108 555 1
108 52 555 1
54 79 860 1
79 54 860 1
65 91 690 1
91 65 690 1
89 98 818 1
98 89 818 1
7 62 1148 1
62 7 1148 1
10 84 516 1
84 10 516 1
10 93 1289 1
93 10 1289 1
46 75 767 1
75 46 767 1
98 109 329 1
109 98 329 1
14 64 1035 1
64 14 1035 1
22 57 904 1
57 22 904 1
26 54 816 1
54 26 816 1
26 89 900 1
89 26 900 1
36 112 594 1
112 36 594 1
37 79 267 1
79 37 267 1
49 86 1302 1
86 49 1302 1
69 83 1050 1
83 69 1050 1
6 89 1224 1
89 6 1224 1
8 76 729 1
76 8 729 1
8 87 860 1
87 8 860 1
15 29 295 1
29 15 295 1
16 111 812 1
111 16 812 1
19 54 997 1
54 19 997 1
28 32 528 1
32 28 528 1
33 44 737 1
44 33 737 1
34 48 431 1
48 34 431 1
41 97 446 1
97 41 446 1
50 65 837 1
65 50 837 1
54 84 309 1
84 54 309 1
57 63 249 1
63 57 249 1
64 92 764 1
92 64 764 1
73 97 530 1
97 73 530 1
80 84 162 1
84 80 162 1
13 94 954 1
94 13 954 1
19 60 706 1
60 19 706 1
34 50 475 1
50 34 475 1
53 98 671 1
98 53 671 1
55 75 460 1
75 55 460 1
2 12 394 1
12 2 394 1
6 62 702 1
62 6 702 1
9 18 946 1
18 9 946 1
16 28 220 1
28 16 220 1
24 44 1385 1
44 24 1385 1
30 37 688 1
37 30 688 1
34 49 481 1
49 34 481 1
88 103 842 1
103 88 842 1
90 91 735 1
91 90 735 1
98 103 555 1
103 98 555 1
102 112 391 1
112 102 391 1
44 50 287 1
50 44 287 1
57 103 1078 1
103 57 1078 1
72 80 384 1
80 72 384 1
81 108 656 1
108 81 656 1
95 102 514 1
102 95 514 1
99 113 264 1
113 99 264 1
104 110 417 1
110 104 417 1
34 66 268 1
66 34 268 1
36 96 257 1
96 36 257 1
42 70 898 1
70 42 898 1
72 78 300 1
78 72 300 1
73 77 274 1
77 73 274 1
78 91 1010 1
91 78 1010 1
9 64 1448 1
64 9 1448 1
15 63 805 1
63 15 805 1
25 95 871 1
95 25 871 1
27 95 702 1
95 27 702 1
31 96 900 1
96 31 900 1
36 52 586 1
52 36 586 1
46 79 801 1
79 46 801 1
14 55 991 1
55 14 991 1
28 112 911 1
112 28 911 1
34 54 521 1
54 34 521 1
62 103 1159 1
103 62 1159 1
71 81 550 1
81 71 550 1
71 112 918 1
112 71 918 1
17 99 704 1
99 17 704 1
54 99 587 1
99 54 587 1
82 89 1043 1
89 82 1043 1
82 102 762 1
102 82 762 1
97 107 263 1
107 97 263 1
10 43 1077 1
43 10 1077 1
10 74 381 1
74 10 381 1
10 109 786 1
109 10 786 1
21 32 632 1
32 21 632 1
28 80 329 1
80 28 329 1
36 86 441 1
86 36 441 1
38 102 472 1
102 38 472 1
40 52 792 1
52 40 792 1
47 48 490 1
48 47 490 1
48 100 791 1
100 48 791 1
86 89 1016 1
89 86 1016 1
0 69 556 1
69 0 556 1
2 32 513 1
32 2 513 1
15 62 1246 1
62 15 1246 1
25 110 1042 1
110 25 1042 1
41 81 452 1
81 41 452 1
60 88 724 1
88 60 724 1
62 90 707 1
90 62 707 1
67 96 668 1
96 67 668 1
21 115 657 1
115 21 657 1
24 101 1299 1
101 24 1299 1
46 52 244 1
52 46 244 1
80 106 591 1
106 80 591 1
7 64 1244 1
64 7 1244 1
27 31 339 1
31 27 339 1
54 112 454 1
112 54 454 1
9 62 1305 1
62 9 1305 1
11 74 727 1
74 11 727 1
14 56 813 1
56 14 813 1
33 34 394 1
34 33 394 1
36 71 552 1
71 36 552 1
38 70 414 1
70 38 414 1
