116 2668
26 27 135 1
27 26 135 1
80 81 1113 1
81 80 1113 1
17 80 1070 1
80 17 1070 1
5 27 165 1
27 5 165 1
42 43 239 1
43 42 239 1
72 81 860 1
81 72 860 1
3 25 566 1
25 3 566 1
72 80 384 1
80 72 384 1
17 72 781 1
72 17 781 1
30 31 127 1
31 30 127 1
28 72 116 1
72 28 116 1
25 26 225 1
26 25 225 1
25 27 193 1
27 25 193 1
29 72 629 1
72 29 629 1
73 75 84 1
75 73 84 1
5 26 263 1
26 5 263 1
24 26 201 1
26 24 201 1
17 29 223 1
29 17 223 1
17 81 182 1
81 17 182 1
38 39 465 1
39 38 465 1
28 29 741 1
29 28 741 1
28 81 975 1
81 28 975 1
4 5 350 1
5 4 350 1
68 69 164 1
69 68 164 1
44 45 194 1
45 44 194 1
4 26 161 1
26 4 161 1
66 67 177 1
67 66 177 1
28 80 329 1
80 28 329 1
62 80 268 1
80 62 268 1
48 50 202 1
50 48 202 1
4 27 279 1
27 4 279 1
24 27 252 1
27 24 252 1
10 14 380 1
14 10 380 1
17 28 894 1
28 17 894 1
78 80 116 1
80 78 116 1
46 98 212 1
98 46 212 1
29 80 961 1
80 29 961 1
43 47 146 1
47 43 146 1
5 25 129 1
25 5 129 1
49 51 172 1
51 49 172 1
72 74 76 1
74 72 76 1
62 81 1169 1
81 62 1169 1
76 77 238 1
77 76 238 1
17 78 955 1
78 17 955 1
24 25 135 1
25 24 135 1
48 51 548 1
51 48 548 1
44 49 304 1
49 44 304 1
43 46 341 1
46 43 341 1
3 5 603 1
5 3 603 1
36 41 570 1
41 36 570 1
42 46 173 1
46 42 173 1
40 41 506 1
41 40 506 1
62 72 566 1
72 62 566 1
104 105 204 1
105 104 204 1
7 9 490 1
9 7 490 1
46 47 309 1
47 46 309 1
11 13 168 1
13 11 168 1
16 62 313 1
62 16 313 1
36 40 213 1
40 36 213 1
74 76 203 1
76 74 203 1
9 61 1165 1
61 9 1165 1
74 81 792 1
81 74 792 1
4 8 148 1
8 4 148 1
22 30 218 1
30 22 218 1
78 79 878 1
79 78 878 1
3 27 634 1
27 3 634 1
16 80 152 1
80 16 152 1
41 74 484 1
74 41 484 1
36 83 816 1
83 36 816 1
47 98 442 1
98 47 442 1
72 78 300 1
78 72 300 1
16 17 998 1
17 16 998 1
29 81 342 1
81 29 342 1
41 81 452 1
81 41 452 1
23 25 373 1
25 23 373 1
41 76 493 1
76 41 493 1
3 89 961 1
89 3 961 1
36 81 848 1
81 36 848 1
3 26 678 1
26 3 678 1
5 24 252 1
24 5 252 1
41 75 187 1
75 41 187 1
28 62 527 1
62 28 527 1
37 41 217 1
41 37 217 1
81 83 446 1
83 81 446 1
63 81 293 1
81 63 293 1
2 6 165 1
6 2 165 1
75 76 374 1
76 75 374 1
63 72 944 1
72 63 944 1
95 109 146 1
109 95 146 1
55 98 606 1
98 55 606 1
75 77 210 1
77 75 210 1
40 81 874 1
81 40 874 1
63 80 1146 1
80 63 1146 1
7 65 934 1
65 7 934 1
74 80 415 1
80 74 415 1
28 78 272 1
78 28 272 1
73 77 274 1
77 73 274 1
22 24 386 1
24 22 386 1
44 46 353 1
46 44 353 1
78 81 1002 1
81 78 1002 1
50 51 698 1
51 50 698 1
17 63 324 1
63 17 324 1
73 74 458 1
74 73 458 1
16 72 287 1
72 16 287 1
12 13 959 1
13 12 959 1
17 79 135 1
79 17 135 1
4 25 258 1
25 4 258 1
22 25 402 1
25 22 402 1
100 102 87 1
102 100 87 1
1 87 873 1
87 1 873 1
72 83 754 1
83 72 754 1
32 33 149 1
33 32 149 1
34 35 126 1
35 34 126 1
88 89 1035 1
89 88 1035 1
4 24 144 1
24 4 144 1
25 89 956 1
89 25 956 1
74 75 389 1
75 74 389 1
11 15 385 1
15 11 385 1
29 78 851 1
78 29 851 1
3 23 271 1
23 3 271 1
28 83 861 1
83 28 861 1
94 95 213 1
95 94 213 1
37 77 246 1
77 37 246 1
86 87 805 1
87 86 805 1
38 83 760 1
83 38 760 1
100 103 576 1
103 100 576 1
37 76 441 1
76 37 441 1
2 67 952 1
67 2 952 1
5 15 278 1
15 5 278 1
16 78 122 1
78 16 122 1
56 57 840 1
57 56 840 1
38 40 158 1
40 38 158 1
76 81 691 1
81 76 691 1
36 38 122 1
38 36 122 1
41 73 204 1
73 41 204 1
59 69 338 1
69 59 338 1
13 61 843 1
61 13 843 1
46 49 541 1
49 46 541 1
17 62 1129 1
62 17 1129 1
48 49 410 1
49 48 410 1
22 31 234 1
31 22 234 1
48 52 415 1
52 48 415 1
80 83 1100 1
83 80 1100 1
38 74 265 1
74 38 265 1
28 63 1049 1
63 28 1049 1
40 63 1007 1
63 40 1007 1
45 49 111 1
49 45 111 1
58 68 392 1
68 58 392 1
62 63 1134 1
63 62 1134 1
79 80 991 1
80 79 991 1
40 72 200 1
72 40 200 1
65 89 679 1
89 65 679 1
2 66 917 1
66 2 917 1
16 79 934 1
79 16 934 1
2 22 228 1
22 2 228 1
108 109 87 1
109 108 87 1
46 96 270 1
96 46 270 1
50 52 243 1
52 50 243 1
39 95 233 1
95 39 233 1
41 72 550 1
72 41 550 1
40 74 182 1
74 40 182 1
36 74 242 1
74 36 242 1
37 39 117 1
39 37 117 1
37 74 520 1
74 37 520 1
3 65 942 1
65 3 942 1
59 67 245 1
67 59 245 1
16 29 882 1
29 16 882 1
54 55 651 1
55 54 651 1
38 41 513 1
41 38 513 1
73 76 450 1
76 73 450 1
87 89 476 1
89 87 476 1
19 69 323 1
69 19 323 1
22 26 505 1
26 22 505 1
59 66 363 1
66 59 363 1
72 76 257 1
76 72 257 1
47 55 367 1
55 47 367 1
29 63 531 1
63 29 531 1
46 55 584 1
55 46 584 1
7 61 813 1
61 7 813 1
62 74 590 1
74 62 590 1
102 103 508 1
103 102 508 1
10 12 181 1
12 10 181 1
41 80 868 1
80 41 868 1
17 74 721 1
74 17 721 1
41 83 252 1
83 41 252 1
58 60 266 1
60 58 266 1
39 87 370 1
87 39 370 1
62 78 287 1
78 62 287 1
23 64 1238 1
64 23 1238 1
85 87 616 1
87 85 616 1
96 102 343 1
102 96 343 1
5 8 493 1
8 5 493 1
36 62 525 1
62 36 525 1
17 83 381 1
83 17 381 1
84 88 224 1
88 84 224 1
40 80 433 1
80 40 433 1
36 76 232 1
76 36 232 1
90 92 135 1
92 90 135 1
26 50 1256 1
50 26 1256 1
74 83 697 1
83 74 697 1
29 79 257 1
79 29 257 1
85 89 220 1
89 85 220 1
91 93 118 1
93 91 118 1
96 110 214 1
110 96 214 1
28 79 847 1
79 28 847 1
37 87 433 1
87 37 433 1
60 62 241 1
62 60 241 1
42 47 281 1
47 42 281 1
95 115 205 1
115 95 205 1
28 41 661 1
41 28 661 1
72 75 453 1
75 72 453 1
22 23 140 1
23 22 140 1
11 65 770 1
65 11 770 1
40 62 664 1
62 40 664 1
105 108 296 1
108 105 296 1
12 60 825 1
60 12 825 1
97 104 399 1
104 97 399 1
22 50 1336 1
50 22 1336 1
29 62 1067 1
62 29 1067 1
33 60 632 1
60 33 632 1
36 80 330 1
80 36 330 1
40 83 731 1
83 40 731 1
72 79 733 1
79 72 733 1
22 64 1169 1
64 22 1169 1
29 33 510 1
33 29 510 1
39 83 378 1
83 39 378 1
94 114 259 1
114 94 259 1
38 72 305 1
72 38 305 1
72 73 517 1
73 72 517 1
72 77 430 1
77 72 430 1
2 14 572 1
14 2 572 1
16 28 220 1
28 16 220 1
38 81 841 1
81 38 841 1
43 98 522 1
98 43 522 1
98 99 479 1
99 98 479 1
17 77 417 1
77 17 417 1
28 36 321 1
36 28 321 1
38 80 426 1
80 38 426 1
23 89 1070 1
89 23 1070 1
16 63 1092 1
63 16 1092 1
42 45 300 1
45 42 300 1
24 50 1395 1
50 24 1395 1
5 89 870 1
89 5 870 1
28 74 188 1
74 28 188 1
90 102 246 1
102 90 246 1
21 26 271 1
26 21 271 1
103 105 173 1
105 103 173 1
6 93 1425 1
93 6 1425 1
17 95 598 1
95 17 598 1
27 89 807 1
89 27 807 1
63 78 1033 1
78 63 1033 1
28 82 255 1
82 28 255 1
34 66 268 1
66 34 268 1
13 15 277 1
15 13 277 1
3 4 707 1
4 3 707 1
102 114 295 1
114 102 295 1
5 65 1232 1
65 5 1232 1
7 11 254 1
11 7 254 1
45 46 448 1
46 45 448 1
96 98 184 1
98 96 184 1
5 7 538 1
7 5 538 1
36 72 276 1
72 36 276 1
41 62 1018 1
62 41 1018 1
16 81 1063 1
81 16 1063 1
75 81 434 1
81 75 434 1
18 93 1308 1
93 18 1308 1
77 109 318 1
109 77 318 1
90 98 163 1
98 90 163 1
12 15 906 1
15 12 906 1
23 24 403 1
24 23 403 1
37 38 515 1
38 37 515 1
15 65 1052 1
65 15 1052 1
84 85 1130 1
85 84 1130 1
73 87 395 1
87 73 395 1
98 111 265 1
111 98 265 1
25 88 998 1
88 25 998 1
60 61 893 1
61 60 893 1
10 30 501 1
30 10 501 1
26 89 900 1
89 26 900 1
32 68 304 1
68 32 304 1
49 98 742 1
98 49 742 1
94 106 271 1
106 94 271 1
3 24 623 1
24 3 623 1
16 77 611 1
77 16 611 1
51 53 271 1
53 51 271 1
62 76 527 1
76 62 527 1
19 60 706 1
60 19 706 1
23 27 506 1
27 23 506 1
38 86 366 1
86 38 366 1
41 78 770 1
78 41 770 1
58 69 426 1
69 58 426 1
17 41 414 1
41 17 414 1
20 26 232 1
26 20 232 1
41 63 682 1
63 41 682 1
75 80 775 1
80 75 775 1
0 107 1161 1
107 0 1161 1
3 22 347 1
22 3 347 1
17 38 824 1
38 17 824 1
43 45 199 1
45 43 199 1
61 65 175 1
65 61 175 1
3 88 1145 1
88 3 1145 1
13 29 290 1
29 13 290 1
23 31 199 1
31 23 199 1
29 75 189 1
75 29 189 1
57 77 533 1
77 57 533 1
59 68 484 1
68 59 484 1
3 15 589 1
15 3 589 1
20 25 402 1
25 20 402 1
33 35 375 1
35 33 375 1
76 80 424 1
80 76 424 1
19 68 313 1
68 19 313 1
16 56 380 1
56 16 380 1
28 33 585 1
33 28 585 1
40 76 327 1
76 40 327 1
67 69 345 1
69 67 345 1
94 102 378 1
102 94 378 1
2 50 1192 1
50 2 1192 1
4 21 414 1
21 4 414 1
10 15 968 1
15 10 968 1
34 64 445 1
64 34 445 1
14 22 562 1
22 14 562 1
99 113 264 1
113 99 264 1
2 93 1417 1
93 2 1417 1
27 54 856 1
54 27 856 1
55 96 492 1
96 55 492 1
58 90 890 1
90 58 890 1
62 79 1049 1
79 62 1049 1
64 84 478 1
84 64 478 1
16 60 498 1
60 16 498 1
19 39 853 1
39 19 853 1
32 60 487 1
60 32 487 1
70 76 285 1
76 70 285 1
80 95 719 1
95 80 719 1
4 50 1323 1
50 4 1323 1
35 45 385 1
45 35 385 1
85 86 1120 1
86 85 1120 1
103 104 369 1
104 103 369 1
7 15 461 1
15 7 461 1
11 61 675 1
61 11 675 1
37 73 278 1
73 37 278 1
37 80 842 1
80 37 842 1
15 89 653 1
89 15 653 1
38 95 382 1
95 38 382 1
80 82 469 1
82 80 469 1
37 78 740 1
78 37 740 1
37 81 336 1
81 37 336 1
42 96 429 1
96 42 429 1
75 78 667 1
78 75 667 1
15 26 469 1
26 15 469 1
70 75 355 1
75 70 355 1
94 109 127 1
109 94 127 1
98 102 260 1
102 98 260 1
60 63 1021 1
63 60 1021 1
100 110 522 1
110 100 522 1
15 27 336 1
27 15 336 1
37 85 343 1
85 37 343 1
66 69 349 1
69 66 349 1
3 8 773 1
8 3 773 1
28 40 248 1
40 28 248 1
74 77 362 1
77 74 362 1
102 110 495 1
110 102 495 1
10 22 580 1
22 10 580 1
29 74 571 1
74 29 571 1
93 101 103 1
101 93 103 1
0 68 414 1
68 0 414 1
2 10 438 1
10 2 438 1
14 15 772 1
15 14 772 1
20 22 544 1
22 20 544 1
49 50 585 1
50 49 585 1
63 75 591 1
75 63 591 1
92 93 608 1
93 92 608 1
17 33 512 1
33 17 512 1
42 44 208 1
44 42 208 1
56 79 965 1
79 56 965 1
63 73 569 1
73 63 569 1
67 104 923 1
104 67 923 1
8 15 741 1
15 8 741 1
16 74 335 1
74 16 335 1
21 27 209 1
27 21 209 1
59 97 823 1
97 59 823 1
102 104 159 1
104 102 159 1
1 89 788 1
89 1 788 1
43 55 485 1
55 43 485 1
61 63 238 1
63 61 238 1
8 89 1179 1
89 8 1179 1
24 88 947 1
88 24 947 1
36 37 542 1
37 36 542 1
39 80 834 1
80 39 834 1
39 54 618 1
54 39 618 1
45 47 345 1
47 45 345 1
104 108 301 1
108 104 301 1
113 114 95 1
114 113 95 1
15 25 386 1
25 15 386 1
25 50 1404 1
50 25 1404 1
27 97 789 1
97 27 789 1
28 38 358 1
38 28 358 1
29 83 227 1
83 29 227 1
41 77 345 1
77 41 345 1
77 81 453 1
81 77 453 1
8 27 425 1
27 8 425 1
27 50 1279 1
50 27 1279 1
42 98 381 1
98 42 381 1
68 89 1110 1
89 68 1110 1
77 80 662 1
80 77 662 1
2 51 1294 1
51 2 1294 1
70 74 155 1
74 70 155 1
96 100 371 1
100 96 371 1
2 34 808 1
34 2 808 1
32 86 868 1
86 32 868 1
77 87 602 1
87 77 602 1
82 83 881 1
83 82 881 1
100 109 518 1
109 100 518 1
39 41 161 1
41 39 161 1
98 113 276 1
113 98 276 1
1 86 1182 1
86 1 1182 1
38 76 305 1
76 38 305 1
52 101 819 1
101 52 819 1
29 41 234 1
41 29 234 1
32 79 600 1
79 32 600 1
33 72 507 1
72 33 507 1
58 101 1214 1
101 58 1214 1
101 102 595 1
102 101 595 1
26 54 816 1
54 26 816 1
44 98 563 1
98 44 563 1
56 62 252 1
62 56 252 1
86 88 460 1
88 86 460 1
26 97 829 1
97 26 829 1
37 57 643 1
57 37 643 1
49 55 664 1
55 49 664 1
104 106 195 1
106 104 195 1
12 14 278 1
14 12 278 1
23 26 522 1
26 23 522 1
68 107 1166 1
107 68 1166 1
0 1 800 1
1 0 800 1
17 75 351 1
75 17 351 1
34 67 275 1
67 34 275 1
39 74 501 1
74 39 501 1
1 85 630 1
85 1 630 1
65 97 657 1
97 65 657 1
1 75 562 1
75 1 562 1
19 33 238 1
33 19 238 1
60 79 1000 1
79 60 1000 1
62 82 720 1
82 62 720 1
9 65 1235 1
65 9 1235 1
26 88 791 1
88 26 791 1
27 88 863 1
88 27 863 1
29 95 532 1
95 29 532 1
42 50 271 1
50 42 271 1
51 52 786 1
52 51 786 1
51 67 436 1
67 51 436 1
57 76 691 1
76 57 691 1
28 95 668 1
95 28 668 1
99 112 272 1
112 99 272 1
3 7 185 1
7 3 185 1
17 39 453 1
39 17 453 1
17 40 824 1
40 17 824 1
23 88 1119 1
88 23 1119 1
35 64 566 1
64 35 566 1
38 55 598 1
55 38 598 1
51 102 955 1
102 51 955 1
38 78 371 1
78 38 371 1
58 100 1047 1
100 58 1047 1
90 100 182 1
100 90 182 1
103 109 477 1
109 103 477 1
12 61 1246 1
61 12 1246 1
67 103 944 1
103 67 944 1
72 95 570 1
95 72 570 1
90 95 589 1
95 90 589 1
92 102 211 1
102 92 211 1
1 73 531 1
73 1 531 1
5 23 453 1
23 5 453 1
21 25 360 1
25 21 360 1
70 93 1035 1
93 70 1035 1
2 30 317 1
30 2 317 1
8 25 389 1
25 8 389 1
19 80 851 1
80 19 851 1
76 83 717 1
83 76 717 1
111 112 111 1
112 111 111 1
17 82 1011 1
82 17 1011 1
39 55 254 1
55 39 254 1
69 106 1139 1
106 69 1139 1
90 91 735 1
91 90 735 1
100 101 656 1
101 100 656 1
63 77 536 1
77 63 536 1
66 68 378 1
68 66 378 1
86 89 1016 1
89 86 1016 1
90 94 414 1
94 90 414 1
114 115 96 1
115 114 96 1
4 15 597 1
15 4 597 1
10 112 1075 1
112 10 1075 1
37 75 239 1
75 37 239 1
49 53 406 1
53 49 406 1
50 67 562 1
67 50 562 1
64 88 675 1
88 64 675 1
73 80 850 1
80 73 850 1
79 81 136 1
81 79 136 1
96 114 265 1
114 96 265 1
34 45 409 1
45 34 409 1
47 113 338 1
113 47 338 1
4 51 1418 1
51 4 1418 1
37 55 221 1
55 37 221 1
16 37 809 1
37 16 809 1
44 47 404 1
47 44 404 1
91 92 669 1
92 91 669 1
95 100 576 1
100 95 576 1
26 52 1199 1
52 26 1199 1
26 104 905 1
104 26 905 1
60 80 480 1
80 60 480 1
13 90 1367 1
90 13 1367 1
28 60 684 1
60 28 684 1
56 80 431 1
80 56 431 1
62 83 1241 1
83 62 1241 1
17 37 368 1
37 17 368 1
29 77 357 1
77 29 357 1
38 87 730 1
87 38 730 1
59 106 1174 1
106 59 1174 1
70 71 263 1
71 70 263 1
92 97 585 1
97 92 585 1
57 80 1050 1
80 57 1050 1
58 59 496 1
59 58 496 1
22 27 524 1
27 22 524 1
42 102 621 1
102 42 621 1
9 13 376 1
13 9 376 1
10 31 619 1
31 10 619 1
19 59 618 1
59 19 618 1
42 52 325 1
52 42 325 1
75 87 423 1
87 75 423 1
103 110 496 1
110 103 496 1
8 9 638 1
9 8 638 1
19 91 1171 1
91 19 1171 1
26 51 1298 1
51 26 1298 1
29 82 824 1
82 29 824 1
46 113 335 1
113 46 335 1
47 49 380 1
49 47 380 1
56 107 1138 1
107 56 1138 1
99 103 258 1
103 99 258 1
1 61 385 1
61 1 385 1
67 105 903 1
105 67 903 1
105 109 371 1
109 105 371 1
5 50 1417 1
50 5 1417 1
22 34 922 1
34 22 922 1
29 73 113 1
73 29 113 1
37 86 777 1
86 37 777 1
56 82 787 1
82 56 787 1
17 76 648 1
76 17 648 1
28 75 567 1
75 28 567 1
74 78 322 1
78 74 322 1
22 66 1066 1
66 22 1066 1
72 82 298 1
82 72 298 1
74 86 416 1
86 74 416 1
109 115 211 1
115 109 211 1
4 104 1017 1
104 4 1017 1
17 19 648 1
19 17 648 1
20 27 271 1
27 20 271 1
25 31 272 1
31 25 272 1
1 11 394 1
11 1 394 1
28 76 345 1
76 28 345 1
43 96 503 1
96 43 503 1
7 13 237 1
13 7 237 1
11 85 574 1
85 11 574 1
98 100 250 1
100 98 250 1
4 97 964 1
97 4 964 1
63 79 303 1
79 63 303 1
10 20 506 1
20 10 506 1
96 104 297 1
104 96 297 1
73 81 406 1
81 73 406 1
20 24 393 1
24 20 393 1
60 107 1124 1
107 60 1124 1
63 76 747 1
76 63 747 1
5 97 910 1
97 5 910 1
76 78 312 1
78 76 312 1
37 72 595 1
72 37 595 1
54 88 224 1
88 54 224 1
56 77 690 1
77 56 690 1
61 90 1156 1
90 61 1156 1
2 103 1363 1
103 2 1363 1
60 72 692 1
72 60 692 1
77 78 550 1
78 77 550 1
92 94 455 1
94 92 455 1
8 26 300 1
26 8 300 1
18 36 784 1
36 18 784 1
81 82 1081 1
82 81 1081 1
94 96 89 1
96 94 89 1
13 63 653 1
63 13 653 1
17 73 298 1
73 17 298 1
20 31 387 1
31 20 387 1
109 114 278 1
114 109 278 1
63 74 885 1
74 63 885 1
23 65 1169 1
65 23 1169 1
85 88 1097 1
88 85 1097 1
7 8 828 1
8 7 828 1
14 31 528 1
31 14 528 1
65 88 1179 1
88 65 1179 1
80 109 607 1
109 80 607 1
16 73 769 1
73 16 769 1
65 85 476 1
85 65 476 1
70 100 918 1
100 70 918 1
98 112 277 1
112 98 277 1
38 54 263 1
54 38 263 1
69 107 1110 1
107 69 1110 1
79 95 480 1
95 79 480 1
90 106 378 1
106 90 378 1
26 71 422 1
71 26 422 1
30 34 790 1
34 30 790 1
38 63 974 1
63 38 974 1
57 87 938 1
87 57 938 1
90 96 335 1
96 90 335 1
6 64 941 1
64 6 941 1
13 17 364 1
17 13 364 1
65 92 1075 1
92 65 1075 1
3 31 315 1
31 3 315 1
25 65 1263 1
65 25 1263 1
37 47 493 1
47 37 493 1
39 40 508 1
40 39 508 1
57 86 1231 1
86 57 1231 1
62 75 893 1
75 62 893 1
66 103 1026 1
103 66 1026 1
9 90 1391 1
90 9 1391 1
36 63 945 1
63 36 945 1
54 96 167 1
96 54 167 1
14 67 1129 1
67 14 1129 1
24 53 1427 1
53 24 1427 1
24 71 494 1
71 24 494 1
37 79 267 1
79 37 267 1
39 72 575 1
72 39 575 1
39 86 698 1
86 39 698 1
40 75 477 1
75 40 477 1
44 55 743 1
55 44 743 1
50 104 729 1
104 50 729 1
1 57 172 1
57 1 172 1
2 49 1238 1
49 2 1238 1
3 14 804 1
14 3 804 1
14 30 414 1
30 14 414 1
26 48 1303 1
48 26 1303 1
46 51 585 1
51 46 585 1
100 113 356 1
113 100 356 1
21 22 558 1
22 21 558 1
82 113 905 1
113 82 905 1
3 20 648 1
20 3 648 1
16 76 379 1
76 16 379 1
41 87 263 1
87 41 263 1
20 21 185 1
21 20 185 1
2 20 581 1
20 2 581 1
28 109 610 1
109 28 610 1
32 78 484 1
78 32 484 1
36 39 517 1
39 36 517 1
74 87 714 1
87 74 714 1
79 82 965 1
82 79 965 1
1 77 531 1
77 1 531 1
27 48 1308 1
48 27 1308 1
17 56 1024 1
56 17 1024 1
35 65 453 1
65 35 453 1
70 73 402 1
73 70 402 1
0 101 1354 1
101 0 1354 1
17 60 1082 1
60 17 1082 1
104 110 417 1
110 104 417 1
3 64 1134 1
64 3 1134 1
11 12 972 1
12 11 972 1
37 40 562 1
40 37 562 1
90 101 719 1
101 90 719 1
8 14 205 1
14 8 205 1
8 35 1046 1
35 8 1046 1
24 48 1432 1
48 24 1432 1
71 102 966 1
102 71 966 1
18 22 537 1
22 18 537 1
37 83 399 1
83 37 399 1
68 87 1214 1
87 68 1214 1
81 109 623 1
109 81 623 1
94 115 181 1
115 94 181 1
19 58 678 1
58 19 678 1
25 51 1371 1
51 25 1371 1
78 83 999 1
83 78 999 1
112 113 116 1
113 112 116 1
31 64 1128 1
64 31 1128 1
41 82 687 1
82 41 687 1
100 105 430 1
105 100 430 1
9 15 219 1
15 9 219 1
12 107 1106 1
107 12 1106 1
14 66 1094 1
66 14 1094 1
59 104 1146 1
104 59 1146 1
96 109 176 1
109 96 176 1
103 108 420 1
108 103 420 1
108 111 286 1
111 108 286 1
16 41 813 1
41 16 813 1
36 78 263 1
78 36 263 1
68 86 1151 1
86 68 1151 1
4 20 334 1
20 4 334 1
18 82 891 1
82 18 891 1
19 57 426 1
57 19 426 1
39 78 740 1
78 39 740 1
77 86 724 1
86 77 724 1
47 96 412 1
96 47 412 1
0 87 1191 1
87 0 1191 1
2 48 1199 1
48 2 1199 1
12 16 384 1
16 12 384 1
22 71 471 1
71 22 471 1
30 70 259 1
70 30 259 1
40 78 376 1
78 40 376 1
4 89 1056 1
89 4 1056 1
9 33 834 1
33 9 834 1
14 103 1126 1
103 14 1126 1
14 107 941 1
107 14 941 1
70 82 411 1
82 70 411 1
95 96 288 1
96 95 288 1
0 56 174 1
56 0 174 1
20 30 328 1
30 20 328 1
21 23 542 1
23 21 542 1
8 65 1425 1
65 8 1425 1
16 32 504 1
32 16 504 1
40 73 549 1
73 40 549 1
58 107 1147 1
107 58 1147 1
97 103 349 1
103 97 349 1
8 51 1496 1
51 8 1496 1
50 102 692 1
102 50 692 1
6 67 991 1
67 6 991 1
14 71 582 1
71 14 582 1
27 51 1246 1
51 27 1246 1
40 87 708 1
87 40 708 1
60 78 455 1
78 60 455 1
78 95 636 1
95 78 636 1
98 101 623 1
101 98 623 1
20 71 311 1
71 20 311 1
25 64 1312 1
64 25 1312 1
30 64 1064 1
64 30 1064 1
48 104 822 1
104 48 822 1
9 29 484 1
29 9 484 1
15 51 1162 1
51 15 1162 1
17 36 828 1
36 17 828 1
22 51 1360 1
51 22 1360 1
24 54 987 1
54 24 987 1
46 48 368 1
48 46 368 1
51 98 763 1
98 51 763 1
57 81 488 1
81 57 488 1
5 51 1334 1
51 5 1334 1
43 54 646 1
54 43 646 1
76 79 567 1
79 76 567 1
94 104 298 1
104 94 298 1
19 32 289 1
32 19 289 1
24 64 1287 1
64 24 1287 1
92 114 349 1
114 92 349 1
0 89 1205 1
89 0 1205 1
3 50 1273 1
50 3 1273 1
10 51 1261 1
51 10 1261 1
10 71 639 1
71 10 639 1
20 34 683 1
34 20 683 1
59 103 1115 1
103 59 1115 1
61 78 1006 1
78 61 1006 1
79 83 420 1
83 79 420 1
95 106 414 1
106 95 414 1
95 114 280 1
114 95 280 1
2 64 992 1
64 2 992 1
38 84 429 1
84 38 429 1
48 98 566 1
98 48 566 1
54 97 484 1
97 54 484 1
71 114 814 1
114 71 814 1
76 86 587 1
86 76 587 1
105 110 411 1
110 105 411 1
13 80 1155 1
80 13 1155 1
17 109 666 1
109 17 666 1
27 104 911 1
104 27 911 1
42 49 396 1
49 42 396 1
43 44 290 1
44 43 290 1
48 67 417 1
67 48 417 1
97 110 221 1
110 97 221 1
17 61 534 1
61 17 534 1
60 68 469 1
68 60 469 1
73 78 740 1
78 73 740 1
73 82 720 1
82 73 720 1
96 97 322 1
97 96 322 1
3 67 879 1
67 3 879 1
6 18 473 1
18 6 473 1
16 75 702 1
75 16 702 1
39 81 431 1
81 39 431 1
52 96 418 1
96 52 418 1
94 100 422 1
100 94 422 1
2 102 1269 1
102 2 1269 1
6 112 1257 1
112 6 1257 1
13 28 892 1
28 13 892 1
19 107 1100 1
107 19 1100 1
24 89 1045 1
89 24 1045 1
54 114 381 1
114 54 381 1
57 62 1000 1
62 57 1000 1
67 106 941 1
106 67 941 1
97 114 263 1
114 97 263 1
10 107 1065 1
107 10 1065 1
16 40 399 1
40 16 399 1
58 91 1077 1
91 58 1077 1
77 79 329 1
79 77 329 1
88 91 958 1
91 88 958 1
56 76 519 1
76 56 519 1
25 92 1338 1
92 25 1338 1
81 95 542 1
95 81 542 1
101 103 106 1
103 101 106 1
45 98 655 1
98 45 655 1
63 83 697 1
83 63 697 1
100 114 352 1
114 100 352 1
3 92 1420 1
92 3 1420 1
39 79 371 1
79 39 371 1
4 22 457 1
22 4 457 1
21 97 595 1
97 21 595 1
29 40 655 1
40 29 655 1
29 60 1067 1
60 29 1067 1
29 76 555 1
76 29 555 1
90 109 492 1
109 90 492 1
10 113 1059 1
113 10 1059 1
32 56 384 1
56 32 384 1
46 99 446 1
99 46 446 1
47 112 265 1
112 47 265 1
19 86 1069 1
86 19 1069 1
27 52 1228 1
52 27 1228 1
31 71 265 1
71 31 265 1
33 79 486 1
79 33 486 1
37 43 584 1
43 37 584 1
55 99 216 1
99 55 216 1
9 12 856 1
12 9 856 1
27 114 923 1
114 27 923 1
37 62 953 1
62 37 953 1
44 51 440 1
51 44 440 1
74 85 839 1
85 74 839 1
102 106 217 1
106 102 217 1
21 24 413 1
24 21 413 1
22 67 1070 1
67 22 1070 1
25 97 955 1
97 25 955 1
35 44 409 1
44 35 409 1
44 108 631 1
108 44 631 1
36 82 401 1
82 36 401 1
4 7 733 1
7 4 733 1
15 24 514 1
24 15 514 1
27 65 1171 1
65 27 1171 1
46 102 463 1
102 46 463 1
50 66 475 1
66 50 475 1
98 108 315 1
108 98 315 1
5 21 332 1
21 5 332 1
56 87 1244 1
87 56 1244 1
60 81 1111 1
81 60 1111 1
62 73 961 1
73 62 961 1
74 82 336 1
82 74 336 1
4 23 506 1
23 4 506 1
5 20 424 1
20 5 424 1
16 82 421 1
82 16 421 1
29 61 711 1
61 29 711 1
67 97 637 1
97 67 637 1
69 104 1167 1
104 69 1167 1
26 53 1271 1
53 26 1271 1
33 61 545 1
61 33 545 1
43 52 553 1
52 43 553 1
43 113 467 1
113 43 467 1
51 97 563 1
97 51 563 1
62 77 741 1
77 62 741 1
77 82 682 1
82 77 682 1
96 99 428 1
99 96 428 1
10 103 1219 1
103 10 1219 1
53 55 448 1
55 53 448 1
82 107 847 1
107 82 847 1
96 115 214 1
115 96 214 1
0 77 681 1
77 0 681 1
18 83 953 1
83 18 953 1
19 61 611 1
61 19 611 1
19 79 658 1
79 19 658 1
46 100 451 1
100 46 451 1
47 109 317 1
109 47 317 1
68 88 1023 1
88 68 1023 1
1 88 1198 1
88 1 1198 1
6 103 1362 1
103 6 1362 1
19 106 1134 1
106 19 1134 1
21 35 666 1
35 21 666 1
83 87 158 1
87 83 158 1
6 44 1164 1
44 6 1164 1
6 49 1274 1
49 6 1274 1
26 114 936 1
114 26 936 1
82 100 794 1
100 82 794 1
4 52 1272 1
52 4 1272 1
5 11 579 1
11 5 579 1
44 96 580 1
96 44 580 1
48 102 819 1
102 48 819 1
56 81 1090 1
81 56 1090 1
58 106 1039 1
106 58 1039 1
8 23 562 1
23 8 562 1
14 20 320 1
20 14 320 1
16 19 740 1
19 16 740 1
56 72 566 1
72 56 566 1
72 109 524 1
109 72 524 1
98 109 329 1
109 98 329 1
101 106 633 1
106 101 633 1
8 53 1492 1
53 8 1492 1
9 106 1074 1
106 9 1074 1
23 84 1113 1
84 23 1113 1
37 109 343 1
109 37 343 1
38 109 342 1
109 38 342 1
39 85 433 1
85 39 433 1
59 91 926 1
91 59 926 1
103 112 375 1
112 103 375 1
5 104 1063 1
104 5 1063 1
104 115 184 1
115 104 184 1
5 9 157 1
9 5 157 1
33 78 590 1
78 33 590 1
37 56 930 1
56 37 930 1
43 49 240 1
49 43 240 1
84 86 610 1
86 84 610 1
93 112 343 1
112 93 343 1
96 103 531 1
103 96 531 1
108 110 194 1
110 108 194 1
12 33 709 1
33 12 709 1
38 75 499 1
75 38 499 1
38 79 739 1
79 38 739 1
39 109 356 1
109 39 356 1
16 61 1070 1
61 16 1070 1
19 62 792 1
62 19 792 1
33 80 703 1
80 33 703 1
35 49 434 1
49 35 434 1
46 50 303 1
50 46 303 1
47 111 188 1
111 47 188 1
59 105 1100 1
105 59 1100 1
8 59 1427 1
59 8 1427 1
10 52 956 1
52 10 956 1
46 52 244 1
52 46 244 1
32 35 357 1
35 32 357 1
38 77 447 1
77 38 447 1
40 55 690 1
55 40 690 1
51 99 497 1
99 51 497 1
52 114 516 1
114 52 516 1
75 83 351 1
83 75 351 1
97 108 170 1
108 97 170 1
102 115 318 1
115 102 318 1
25 67 1191 1
67 25 1191 1
83 95 609 1
95 83 609 1
98 110 300 1
110 98 300 1
99 114 265 1
114 99 265 1
0 58 565 1
58 0 565 1
32 63 656 1
63 32 656 1
45 67 282 1
67 45 282 1
47 108 359 1
108 47 359 1
52 102 475 1
102 52 475 1
56 68 408 1
68 56 408 1
59 61 271 1
61 59 271 1
20 99 812 1
99 20 812 1
60 76 576 1
76 60 576 1
70 81 769 1
81 70 769 1
99 101 266 1
101 99 266 1
4 64 1218 1
64 4 1218 1
7 59 970 1
59 7 970 1
13 95 821 1
95 13 821 1
21 110 690 1
110 21 690 1
25 71 434 1
71 25 434 1
42 55 629 1
55 42 629 1
96 101 608 1
101 96 608 1
15 23 561 1
23 15 561 1
33 63 547 1
63 33 547 1
70 77 376 1
77 70 376 1
103 113 295 1
113 103 295 1
4 35 987 1
35 4 987 1
21 51 1039 1
51 21 1039 1
54 85 906 1
85 54 906 1
5 54 1015 1
54 5 1015 1
21 104 765 1
104 21 765 1
45 51 254 1
51 45 254 1
54 87 939 1
87 54 939 1
69 101 1234 1
101 69 1234 1
8 21 536 1
21 8 536 1
57 79 431 1
79 57 431 1
69 91 1081 1
91 69 1081 1
102 109 475 1
109 102 475 1
18 66 623 1
66 18 623 1
20 64 962 1
64 20 962 1
33 81 613 1
81 33 613 1
100 104 240 1
104 100 240 1
5 71 431 1
71 5 431 1
6 35 860 1
35 6 860 1
20 23 575 1
23 20 575 1
28 73 629 1
73 28 629 1
28 77 540 1
77 28 540 1
44 48 114 1
48 44 114 1
53 65 517 1
65 53 517 1
4 53 1405 1
53 4 1405 1
18 73 675 1
73 18 675 1
2 31 377 1
31 2 377 1
6 30 365 1
30 6 365 1
42 48 243 1
48 42 243 1
64 65 897 1
65 64 897 1
3 51 1145 1
51 3 1145 1
20 51 1095 1
51 20 1095 1
46 110 220 1
110 46 220 1
57 73 601 1
73 57 601 1
57 109 768 1
109 57 768 1
93 103 173 1
103 93 173 1
99 111 265 1
111 99 265 1
3 71 399 1
71 3 399 1
12 29 886 1
29 12 886 1
12 58 1025 1
58 12 1025 1
22 93 1426 1
93 22 1426 1
0 99 1111 1
99 0 1111 1
6 91 1386 1
91 6 1386 1
9 19 928 1
19 9 928 1
37 54 645 1
54 37 645 1
39 57 754 1
57 39 754 1
44 104 796 1
104 44 796 1
59 88 1182 1
88 59 1182 1
58 102 1067 1
102 58 1067 1
58 103 1188 1
103 58 1188 1
97 99 180 1
99 97 180 1
2 110 1015 1
110 2 1015 1
13 113 1170 1
113 13 1170 1
15 21 348 1
21 15 348 1
28 70 247 1
70 28 247 1
50 71 1043 1
71 50 1043 1
71 77 297 1
77 71 297 1
75 86 685 1
86 75 685 1
2 18 379 1
18 2 379 1
7 51 1137 1
51 7 1137 1
44 106 847 1
106 44 847 1
55 108 332 1
108 55 332 1
57 68 520 1
68 57 520 1
74 79 666 1
79 74 666 1
3 97 966 1
97 3 966 1
18 76 581 1
76 18 581 1
51 104 868 1
104 51 868 1
102 111 440 1
111 102 440 1
109 111 273 1
111 109 273 1
0 18 364 1
18 0 364 1
14 23 650 1
23 14 650 1
29 109 610 1
109 29 610 1
41 79 379 1
79 41 379 1
48 101 937 1
101 48 937 1
75 109 462 1
109 75 462 1
91 101 197 1
101 91 197 1
0 60 405 1
60 0 405 1
2 100 1297 1
100 2 1297 1
24 51 1429 1
51 24 1429 1
29 44 1005 1
44 29 1005 1
38 73 580 1
73 38 580 1
46 111 189 1
111 46 189 1
49 52 718 1
52 49 718 1
62 100 836 1
100 62 836 1
70 72 158 1
72 70 158 1
0 69 556 1
69 0 556 1
2 101 1431 1
101 2 1431 1
4 48 1379 1
48 4 1379 1
7 97 943 1
97 7 943 1
27 53 1217 1
53 27 1217 1
48 55 832 1
55 48 832 1
49 96 720 1
96 49 720 1
54 89 853 1
89 54 853 1
56 74 591 1
74 56 591 1
14 52 1090 1
52 14 1090 1
15 92 1292 1
92 15 1292 1
28 100 825 1
100 28 825 1
36 70 395 1
70 36 395 1
65 84 1120 1
84 65 1120 1
70 102 879 1
102 70 879 1
16 57 981 1
57 16 981 1
19 83 893 1
83 19 893 1
39 73 305 1
73 39 305 1
39 77 312 1
77 39 312 1
47 82 1007 1
82 47 1007 1
52 58 705 1
58 52 705 1
68 101 1309 1
101 68 1309 1
6 33 588 1
33 6 588 1
18 30 564 1
30 18 564 1
40 86 262 1
86 40 262 1
0 88 782 1
88 0 782 1
25 48 1425 1
48 25 1425 1
28 37 709 1
37 28 709 1
28 44 945 1
44 28 945 1
29 100 1082 1
100 29 1082 1
42 54 525 1
54 42 525 1
46 112 262 1
112 46 262 1
48 93 850 1
93 48 850 1
57 75 616 1
75 57 616 1
58 104 1061 1
104 58 1061 1
80 86 567 1
86 80 567 1
5 92 1324 1
92 5 1324 1
19 38 892 1
38 19 892 1
25 54 1008 1
54 25 1008 1
35 59 475 1
59 35 475 1
42 113 437 1
113 42 437 1
64 67 549 1
67 64 549 1
106 108 322 1
108 106 322 1
22 88 1044 1
88 22 1044 1
4 65 1344 1
65 4 1344 1
11 29 239 1
29 11 239 1
19 82 964 1
82 19 964 1
29 38 680 1
38 29 680 1
19 72 678 1
72 19 678 1
22 48 1339 1
48 22 1339 1
43 50 494 1
50 43 494 1
62 95 844 1
95 62 844 1
13 16 1048 1
16 13 1048 1
44 105 811 1
105 44 811 1
92 101 634 1
101 92 634 1
97 105 299 1
105 97 299 1
0 73 829 1
73 0 829 1
3 66 920 1
66 3 920 1
14 50 1150 1
50 14 1150 1
16 87 1049 1
87 16 1049 1
32 89 885 1
89 32 885 1
49 104 900 1
104 49 900 1
54 94 226 1
94 54 226 1
57 83 805 1
83 57 805 1
94 110 220 1
110 94 220 1
14 82 179 1
82 14 179 1
16 83 1029 1
83 16 1029 1
42 51 463 1
51 42 463 1
47 90 580 1
90 47 580 1
47 110 210 1
110 47 210 1
56 73 886 1
73 56 886 1
4 114 1058 1
114 4 1058 1
9 60 1369 1
60 9 1369 1
15 61 998 1
61 15 998 1
19 95 883 1
95 19 883 1
36 55 626 1
55 36 626 1
47 99 231 1
99 47 231 1
57 72 874 1
72 57 874 1
76 109 320 1
109 76 320 1
90 111 396 1
111 90 396 1
108 112 335 1
112 108 335 1
3 85 893 1
85 3 893 1
14 25 491 1
25 14 491 1
33 90 1000 1
90 33 1000 1
51 112 579 1
112 51 579 1
11 113 1085 1
113 11 1085 1
13 112 1199 1
112 13 1199 1
26 92 1145 1
92 26 1145 1
71 94 614 1
94 71 614 1
17 57 439 1
57 17 439 1
20 50 1025 1
50 20 1025 1
25 52 1373 1
52 25 1373 1
41 85 509 1
85 41 509 1
47 81 624 1
81 47 624 1
49 102 965 1
102 49 965 1
52 103 773 1
103 52 773 1
53 115 576 1
115 53 576 1
61 95 778 1
95 61 778 1
76 82 520 1
82 76 520 1
98 103 555 1
103 98 555 1
16 33 609 1
33 16 609 1
18 19 147 1
19 18 147 1
28 46 774 1
46 28 774 1
41 55 403 1
55 41 403 1
44 112 534 1
112 44 534 1
52 71 1052 1
71 52 1052 1
61 80 1112 1
80 61 1112 1
49 112 609 1
112 49 609 1
93 100 653 1
100 93 653 1
97 102 534 1
102 97 534 1
1 68 549 1
68 1 549 1
4 42 1278 1
42 4 1278 1
4 71 523 1
71 4 523 1
8 97 1051 1
97 8 1051 1
13 109 892 1
109 13 892 1
16 86 543 1
86 16 543 1
18 57 564 1
57 18 564 1
21 89 648 1
89 21 648 1
32 61 611 1
61 32 611 1
55 81 401 1
81 55 401 1
56 60 232 1
60 56 232 1
77 83 539 1
83 77 539 1
3 10 768 1
10 3 768 1
5 88 1026 1
88 5 1026 1
82 93 1124 1
93 82 1124 1
94 97 266 1
97 94 266 1
10 67 935 1
67 10 935 1
30 50 1195 1
50 30 1195 1
31 70 334 1
70 31 334 1
21 31 344 1
31 21 344 1
33 44 737 1
44 33 737 1
38 62 642 1
62 38 642 1
43 109 418 1
109 43 418 1
55 90 757 1
90 55 757 1
110 114 289 1
114 110 289 1
4 102 1078 1
102 4 1078 1
23 67 1077 1
67 23 1077 1
36 75 517 1
75 36 517 1
59 65 304 1
65 59 304 1
62 70 663 1
70 62 663 1
83 86 863 1
86 83 863 1
110 112 272 1
112 110 272 1
0 66 594 1
66 0 594 1
13 75 440 1
75 13 440 1
14 112 1099 1
112 14 1099 1
4 14 255 1
14 4 255 1
9 44 1434 1
44 9 1434 1
18 41 854 1
41 18 854 1
61 75 723 1
75 61 723 1
102 113 317 1
113 102 317 1
9 63 985 1
63 9 985 1
50 64 302 1
64 50 302 1
72 86 399 1
86 72 399 1
73 83 298 1
83 73 298 1
19 63 644 1
63 19 644 1
15 20 521 1
20 15 521 1
40 77 472 1
77 40 472 1
44 100 799 1
100 44 799 1
73 109 538 1
109 73 538 1
1 37 646 1
37 1 646 1
20 113 831 1
113 20 831 1
63 113 947 1
113 63 947 1
73 86 744 1
86 73 744 1
5 53 1317 1
53 5 1317 1
10 25 735 1
25 10 735 1
11 71 374 1
71 11 374 1
18 34 602 1
34 18 602 1
88 92 521 1
92 88 521 1
2 46 1126 1
46 2 1126 1
4 31 397 1
31 4 397 1
19 105 1190 1
105 19 1190 1
32 87 937 1
87 32 937 1
40 60 806 1
60 40 806 1
57 108 842 1
108 57 842 1
60 69 564 1
69 60 564 1
67 68 440 1
68 67 440 1
73 113 827 1
113 73 827 1
12 112 1186 1
112 12 1186 1
19 56 574 1
56 19 574 1
26 65 1232 1
65 26 1232 1
32 69 338 1
69 32 338 1
41 70 482 1
70 41 482 1
52 100 420 1
100 52 420 1
55 113 437 1
113 55 437 1
95 108 123 1
108 95 123 1
14 51 1362 1
51 14 1362 1
51 55 568 1
55 51 568 1
63 87 821 1
87 63 821 1
91 97 336 1
97 91 336 1
5 48 1432 1
48 5 1432 1
21 96 648 1
96 21 648 1
32 34 327 1
34 32 327 1
41 86 672 1
86 41 672 1
47 57 743 1
57 47 743 1
54 99 587 1
99 54 587 1
91 110 456 1
110 91 456 1
6 105 1236 1
105 6 1236 1
52 54 402 1
54 52 402 1
69 88 1077 1
88 69 1077 1
69 103 1214 1
103 69 1214 1
0 10 381 1
10 0 381 1
6 34 815 1
34 6 815 1
20 110 682 1
110 20 682 1
78 109 527 1
109 78 527 1
97 111 292 1
111 97 292 1
11 95 744 1
95 11 744 1
19 29 673 1
29 19 673 1
39 115 411 1
115 39 411 1
46 109 326 1
109 46 326 1
50 96 527 1
96 50 527 1
69 105 1158 1
105 69 1158 1
83 108 716 1
108 83 716 1
7 64 1244 1
64 7 1244 1
12 28 275 1
28 12 275 1
27 71 367 1
71 27 367 1
28 39 686 1
39 28 686 1
38 60 768 1
60 38 768 1
1 63 334 1
63 1 334 1
30 46 1051 1
46 30 1051 1
36 79 738 1
79 36 738 1
39 90 806 1
90 39 806 1
58 96 780 1
96 58 780 1
82 109 693 1
109 82 693 1
95 104 381 1
104 95 381 1
6 22 333 1
22 6 333 1
17 86 1035 1
86 17 1035 1
58 92 982 1
92 58 982 1
70 110 664 1
110 70 664 1
76 87 753 1
87 76 753 1
8 24 258 1
24 8 258 1
21 114 752 1
114 21 752 1
36 73 600 1
73 36 600 1
39 61 794 1
61 39 794 1
39 106 557 1
106 39 557 1
57 82 1164 1
82 57 1164 1
58 66 198 1
66 58 198 1
70 113 878 1
113 70 878 1
83 109 722 1
109 83 722 1
93 102 600 1
102 93 600 1
7 35 816 1
35 7 816 1
30 71 303 1
71 30 303 1
41 47 698 1
47 41 698 1
62 107 1088 1
107 62 1088 1
69 89 1015 1
89 69 1015 1
71 73 163 1
73 71 163 1
91 103 258 1
103 91 258 1
95 102 514 1
102 95 514 1
20 89 778 1
89 20 778 1
42 103 682 1
103 42 682 1
43 102 731 1
102 43 731 1
77 95 322 1
95 77 322 1
10 105 1072 1
105 10 1072 1
18 68 315 1
68 18 315 1
30 76 537 1
76 30 537 1
31 34 815 1
34 31 815 1
70 83 652 1
83 70 652 1
93 98 589 1
98 93 589 1
21 64 1051 1
64 21 1051 1
30 44 1163 1
44 30 1163 1
57 74 830 1
74 57 830 1
78 115 652 1
115 78 652 1
104 109 377 1
109 104 377 1
15 104 1023 1
104 15 1023 1
23 92 1466 1
92 23 1466 1
39 76 461 1
76 39 461 1
49 67 315 1
67 49 315 1
66 101 1048 1
101 66 1048 1
1 65 536 1
65 1 536 1
20 67 918 1
67 20 918 1
25 66 1220 1
66 25 1220 1
33 86 892 1
86 33 892 1
52 99 661 1
99 52 661 1
79 109 545 1
109 79 545 1
103 114 282 1
114 103 282 1
7 45 1151 1
45 7 1151 1
7 106 1176 1
106 7 1176 1
8 64 1208 1
64 8 1208 1
9 11 523 1
11 9 523 1
14 70 380 1
70 14 380 1
30 45 1169 1
45 30 1169 1
35 67 262 1
67 35 262 1
44 53 562 1
53 44 562 1
55 80 931 1
80 55 931 1
96 108 167 1
108 96 167 1
9 59 1335 1
59 9 1335 1
10 11 986 1
11 10 986 1
15 53 1143 1
53 15 1143 1
4 92 1237 1
92 4 1237 1
6 66 934 1
66 6 934 1
22 70 443 1
70 22 443 1
39 68 969 1
68 39 969 1
45 55 662 1
55 45 662 1
54 86 568 1
86 54 568 1
88 97 687 1
97 88 687 1
5 52 1379 1
52 5 1379 1
7 27 597 1
27 7 597 1
8 12 346 1
12 8 346 1
8 50 1336 1
50 8 1336 1
20 88 611 1
88 20 611 1
35 51 483 1
51 35 483 1
