116 2668
38 39 465 1
39 38 465 1
56 57 840 1
57 56 840 1
20 21 185 1
21 20 185 1
39 40 508 1
40 39 508 1
42 43 239 1
43 42 239 1
1 57 172 1
57 1 172 1
12 28 275 1
28 12 275 1
30 31 127 1
31 30 127 1
44 48 114 1
48 44 114 1
96 97 322 1
97 96 322 1
32 33 149 1
33 32 149 1
29 73 113 1
73 29 113 1
44 45 194 1
45 44 194 1
108 115 135 1
115 108 135 1
104 105 204 1
105 104 204 1
4 27 279 1
27 4 279 1
46 47 309 1
47 46 309 1
10 12 181 1
12 10 181 1
38 40 158 1
40 38 158 1
40 115 529 1
115 40 529 1
36 72 276 1
72 36 276 1
45 67 282 1
67 45 282 1
24 26 201 1
26 24 201 1
76 77 238 1
77 76 238 1
74 75 389 1
75 74 389 1
94 95 213 1
95 94 213 1
1 19 351 1
19 1 351 1
68 69 164 1
69 68 164 1
28 72 116 1
72 28 116 1
2 22 228 1
22 2 228 1
22 23 140 1
23 22 140 1
17 81 182 1
81 17 182 1
42 47 281 1
47 42 281 1
16 28 220 1
28 16 220 1
92 93 608 1
93 92 608 1
44 49 304 1
49 44 304 1
55 99 216 1
99 55 216 1
66 67 177 1
67 66 177 1
72 73 517 1
73 72 517 1
3 23 271 1
23 3 271 1
93 101 103 1
101 93 103 1
111 112 111 1
112 111 111 1
92 100 157 1
100 92 157 1
102 104 159 1
104 102 159 1
5 27 165 1
27 5 165 1
49 51 172 1
51 49 172 1
58 59 496 1
59 58 496 1
96 98 184 1
98 96 184 1
85 89 220 1
89 85 220 1
12 16 384 1
16 12 384 1
1 56 851 1
56 1 851 1
72 74 76 1
74 72 76 1
45 49 111 1
49 45 111 1
12 13 959 1
13 12 959 1
99 112 272 1
112 99 272 1
70 71 263 1
71 70 263 1
3 7 185 1
7 3 185 1
98 99 479 1
99 98 479 1
39 41 161 1
41 39 161 1
11 13 168 1
13 11 168 1
36 74 242 1
74 36 242 1
14 82 179 1
82 14 179 1
10 16 218 1
16 10 218 1
67 69 345 1
69 67 345 1
29 72 629 1
72 29 629 1
94 108 97 1
108 94 97 1
73 75 84 1
75 73 84 1
101 103 106 1
103 101 106 1
33 66 503 1
66 33 503 1
45 51 254 1
51 45 254 1
78 79 878 1
79 78 878 1
0 18 364 1
18 0 364 1
94 115 181 1
115 94 181 1
10 13 1004 1
13 10 1004 1
100 102 87 1
102 100 87 1
0 2 460 1
2 0 460 1
46 78 577 1
78 46 577 1
2 18 379 1
18 2 379 1
4 5 350 1
5 4 350 1
21 41 236 1
41 21 236 1
73 76 450 1
76 73 450 1
23 89 1070 1
89 23 1070 1
36 37 542 1
37 36 542 1
38 41 513 1
41 38 513 1
19 69 323 1
69 19 323 1
2 6 165 1
6 2 165 1
18 19 147 1
19 18 147 1
39 115 411 1
115 39 411 1
60 63 1021 1
63 60 1021 1
19 33 238 1
33 19 238 1
40 41 506 1
41 40 506 1
49 66 437 1
66 49 437 1
58 68 392 1
68 58 392 1
17 56 1024 1
56 17 1024 1
29 37 304 1
37 29 304 1
46 111 189 1
111 46 189 1
110 111 172 1
111 110 172 1
95 97 97 1
97 95 97 1
19 68 313 1
68 19 313 1
44 51 440 1
51 44 440 1
66 68 378 1
68 66 378 1
2 3 405 1
3 2 405 1
101 115 407 1
115 101 407 1
37 72 595 1
72 37 595 1
58 60 266 1
60 58 266 1
92 101 634 1
101 92 634 1
95 108 123 1
108 95 123 1
47 110 210 1
110 47 210 1
12 14 278 1
14 12 278 1
23 31 199 1
31 23 199 1
41 75 187 1
75 41 187 1
44 67 332 1
67 44 332 1
109 110 135 1
110 109 135 1
20 83 565 1
83 20 565 1
13 16 1048 1
16 13 1048 1
48 51 548 1
51 48 548 1
106 107 486 1
107 106 486 1
36 41 570 1
41 36 570 1
2 23 340 1
23 2 340 1
43 51 245 1
51 43 245 1
28 29 741 1
29 28 741 1
49 67 315 1
67 49 315 1
66 69 349 1
69 66 349 1
36 73 600 1
73 36 600 1
72 80 384 1
80 72 384 1
6 7 710 1
7 6 710 1
100 104 240 1
104 100 240 1
32 68 304 1
68 32 304 1
46 110 220 1
110 46 220 1
9 15 219 1
15 9 219 1
10 11 986 1
11 10 986 1
46 79 801 1
79 46 801 1
36 75 517 1
75 36 517 1
61 65 175 1
65 61 175 1
1 33 355 1
33 1 355 1
10 28 213 1
28 10 213 1
16 72 287 1
72 16 287 1
95 115 205 1
115 95 205 1
18 22 537 1
22 18 537 1
92 103 574 1
103 92 574 1
16 80 152 1
80 16 152 1
41 74 484 1
74 41 484 1
97 98 437 1
98 97 437 1
40 108 451 1
108 40 451 1
17 62 1129 1
62 17 1129 1
32 66 416 1
66 32 416 1
24 30 283 1
30 24 283 1
62 80 268 1
80 62 268 1
0 6 417 1
6 0 417 1
50 51 698 1
51 50 698 1
70 72 158 1
72 70 158 1
19 57 426 1
57 19 426 1
80 81 1113 1
81 80 1113 1
3 89 961 1
89 3 961 1
48 49 410 1
49 48 410 1
33 63 547 1
63 33 547 1
1 68 549 1
68 1 549 1
37 73 278 1
73 37 278 1
21 83 382 1
83 21 382 1
43 47 146 1
47 43 146 1
103 105 173 1
105 103 173 1
19 32 289 1
32 19 289 1
33 68 378 1
68 33 378 1
10 48 1025 1
48 10 1025 1
25 89 956 1
89 25 956 1
61 63 238 1
63 61 238 1
71 74 359 1
74 71 359 1
92 102 211 1
102 92 211 1
5 7 538 1
7 5 538 1
88 89 1035 1
89 88 1035 1
47 111 188 1
111 47 188 1
25 27 193 1
27 25 193 1
31 85 906 1
85 31 906 1
103 104 369 1
104 103 369 1
3 22 347 1
22 3 347 1
55 98 606 1
98 55 606 1
17 80 1070 1
80 17 1070 1
31 89 902 1
89 31 902 1
84 88 224 1
88 84 224 1
43 50 494 1
50 43 494 1
17 57 439 1
57 17 439 1
78 111 693 1
111 78 693 1
100 103 576 1
103 100 576 1
3 5 603 1
5 3 603 1
36 38 122 1
38 36 122 1
37 41 217 1
41 37 217 1
58 66 198 1
66 58 198 1
71 72 402 1
72 71 402 1
73 74 458 1
74 73 458 1
102 105 355 1
105 102 355 1
26 86 416 1
86 26 416 1
23 25 373 1
25 23 373 1
60 61 893 1
61 60 893 1
60 64 187 1
64 60 187 1
57 68 520 1
68 57 520 1
91 93 118 1
93 91 118 1
16 74 335 1
74 16 335 1
56 62 252 1
62 56 252 1
70 74 155 1
74 70 155 1
34 46 395 1
46 34 395 1
79 99 574 1
99 79 574 1
3 27 634 1
27 3 634 1
64 65 897 1
65 64 897 1
58 61 717 1
61 58 717 1
55 112 466 1
112 55 466 1
3 4 707 1
4 3 707 1
40 101 898 1
101 40 898 1
51 67 436 1
67 51 436 1
33 67 474 1
67 33 474 1
97 110 221 1
110 97 221 1
3 25 566 1
25 3 566 1
6 8 485 1
8 6 485 1
73 77 274 1
77 73 274 1
76 78 312 1
78 76 312 1
1 32 484 1
32 1 484 1
28 74 188 1
74 28 188 1
96 99 428 1
99 96 428 1
13 61 843 1
61 13 843 1
36 78 263 1
78 36 263 1
100 101 656 1
101 100 656 1
93 115 401 1
115 93 401 1
45 66 369 1
66 45 369 1
0 10 381 1
10 0 381 1
2 4 569 1
4 2 569 1
43 45 199 1
45 43 199 1
72 76 257 1
76 72 257 1
16 36 349 1
36 16 349 1
42 46 173 1
46 42 173 1
3 18 417 1
18 3 417 1
19 66 600 1
66 19 600 1
34 77 351 1
77 34 351 1
55 96 492 1
96 55 492 1
63 65 312 1
65 63 312 1
95 109 146 1
109 95 146 1
104 113 229 1
113 104 229 1
35 45 385 1
45 35 385 1
51 66 580 1
66 51 580 1
14 28 286 1
28 14 286 1
29 36 705 1
36 29 705 1
46 55 584 1
55 46 584 1
4 25 258 1
25 4 258 1
72 75 453 1
75 72 453 1
78 80 116 1
80 78 116 1
12 64 932 1
64 12 932 1
36 80 330 1
80 36 330 1
46 96 270 1
96 46 270 1
93 108 478 1
108 93 478 1
28 36 321 1
36 28 321 1
56 60 232 1
60 56 232 1
37 78 740 1
78 37 740 1
21 39 356 1
39 21 356 1
101 108 495 1
108 101 495 1
21 38 458 1
38 21 458 1
28 80 329 1
80 28 329 1
57 81 488 1
81 57 488 1
82 83 881 1
83 82 881 1
37 76 441 1
76 37 441 1
93 103 173 1
103 93 173 1
94 96 89 1
96 94 89 1
99 111 265 1
111 99 265 1
60 62 241 1
62 60 241 1
29 78 851 1
78 29 851 1
29 80 961 1
80 29 961 1
33 57 394 1
57 33 394 1
33 60 632 1
60 33 632 1
73 78 740 1
78 73 740 1
75 76 374 1
76 75 374 1
17 78 955 1
78 17 955 1
20 70 213 1
70 20 213 1
24 25 135 1
25 24 135 1
27 40 481 1
40 27 481 1
45 50 474 1
50 45 474 1
112 113 116 1
113 112 116 1
0 106 981 1
106 0 981 1
39 108 341 1
108 39 341 1
22 89 1126 1
89 22 1126 1
32 57 493 1
57 32 493 1
13 28 892 1
28 13 892 1
38 115 384 1
115 38 384 1
45 48 304 1
48 45 304 1
97 99 180 1
99 97 180 1
102 103 508 1
103 102 508 1
105 113 210 1
113 105 210 1
27 39 536 1
39 27 536 1
55 79 394 1
79 55 394 1
19 56 574 1
56 19 574 1
50 64 302 1
64 50 302 1
25 31 272 1
31 25 272 1
44 66 318 1
66 44 318 1
72 78 300 1
78 72 300 1
4 14 255 1
14 4 255 1
26 82 411 1
82 26 411 1
30 85 964 1
85 30 964 1
41 73 204 1
73 41 204 1
78 102 697 1
102 78 697 1
37 39 117 1
39 37 117 1
0 7 871 1
7 0 871 1
5 14 572 1
14 5 572 1
22 88 1044 1
88 22 1044 1
24 43 1300 1
43 24 1300 1
21 70 303 1
70 21 303 1
30 83 641 1
83 30 641 1
34 47 428 1
47 34 428 1
74 76 203 1
76 74 203 1
96 108 167 1
108 96 167 1
40 94 393 1
94 40 393 1
27 38 594 1
38 27 594 1
46 99 446 1
99 46 446 1
53 99 316 1
99 53 316 1
91 101 197 1
101 91 197 1
60 65 898 1
65 60 898 1
35 77 284 1
77 35 284 1
85 88 1097 1
88 85 1097 1
8 14 205 1
14 8 205 1
18 32 279 1
32 18 279 1
59 61 271 1
61 59 271 1
110 112 272 1
112 110 272 1
28 73 629 1
73 28 629 1
32 63 656 1
63 32 656 1
37 74 520 1
74 37 520 1
39 101 561 1
101 39 561 1
56 81 1090 1
81 56 1090 1
107 115 298 1
115 107 298 1
1 58 829 1
58 1 829 1
48 64 369 1
64 48 369 1
23 27 506 1
27 23 506 1
63 64 1058 1
64 63 1058 1
95 96 288 1
96 95 288 1
113 114 95 1
114 113 95 1
8 9 638 1
9 8 638 1
62 81 1169 1
81 62 1169 1
36 76 232 1
76 36 232 1
42 51 463 1
51 42 463 1
50 88 679 1
88 50 679 1
0 82 741 1
82 0 741 1
7 11 254 1
11 7 254 1
25 85 1018 1
85 25 1018 1
33 49 744 1
49 33 744 1
48 60 501 1
60 48 501 1
92 104 310 1
104 92 310 1
33 69 363 1
69 33 363 1
70 80 524 1
80 70 524 1
21 37 403 1
37 21 403 1
0 64 574 1
64 0 574 1
3 6 559 1
6 3 559 1
36 40 213 1
40 36 213 1
51 65 287 1
65 51 287 1
101 114 359 1
114 101 359 1
2 7 566 1
7 2 566 1
74 86 416 1
86 74 416 1
0 14 728 1
14 0 728 1
46 112 262 1
112 46 262 1
30 89 952 1
89 30 952 1
71 73 163 1
73 71 163 1
100 113 356 1
113 100 356 1
6 18 473 1
18 6 473 1
23 30 259 1
30 23 259 1
29 76 555 1
76 29 555 1
111 113 191 1
113 111 191 1
3 31 315 1
31 3 315 1
53 85 491 1
85 53 491 1
21 87 397 1
87 21 397 1
38 87 730 1
87 38 730 1
97 109 174 1
109 97 174 1
105 114 152 1
114 105 152 1
54 70 623 1
70 54 623 1
26 87 560 1
87 26 560 1
84 85 1130 1
85 84 1130 1
23 85 1053 1
85 23 1053 1
34 76 309 1
76 34 309 1
20 41 386 1
41 20 386 1
99 115 285 1
115 99 285 1
4 7 733 1
7 4 733 1
12 72 358 1
72 12 358 1
18 106 1114 1
106 18 1114 1
38 72 305 1
72 38 305 1
0 4 861 1
4 0 861 1
97 108 170 1
108 97 170 1
16 76 379 1
76 16 379 1
47 79 596 1
79 47 596 1
59 68 484 1
68 59 484 1
37 40 562 1
40 37 562 1
41 72 550 1
72 41 550 1
94 101 576 1
101 94 576 1
79 112 791 1
112 79 791 1
93 105 305 1
105 93 305 1
15 83 194 1
83 15 194 1
32 60 487 1
60 32 487 1
47 78 767 1
78 47 767 1
28 70 247 1
70 28 247 1
93 114 346 1
114 93 346 1
2 82 688 1
82 2 688 1
24 31 318 1
31 24 318 1
91 108 473 1
108 91 473 1
0 61 943 1
61 0 943 1
2 89 1170 1
89 2 1170 1
6 106 1024 1
106 6 1024 1
40 93 908 1
93 40 908 1
114 115 96 1
115 114 96 1
32 58 511 1
58 32 511 1
92 105 456 1
105 92 456 1
7 65 934 1
65 7 934 1
31 83 561 1
83 31 561 1
24 89 1045 1
89 24 1045 1
67 68 440 1
68 67 440 1
22 30 218 1
30 22 218 1
79 81 136 1
81 79 136 1
3 106 1162 1
106 3 1162 1
30 52 1201 1
52 30 1201 1
41 115 555 1
115 41 555 1
96 110 214 1
110 96 214 1
10 14 380 1
14 10 380 1
35 110 305 1
110 35 305 1
19 107 1100 1
107 19 1100 1
102 113 317 1
113 102 317 1
5 25 129 1
25 5 129 1
7 106 1176 1
106 7 1176 1
42 50 271 1
50 42 271 1
1 18 493 1
18 1 493 1
6 10 299 1
10 6 299 1
12 48 1186 1
48 12 1186 1
19 60 706 1
60 19 706 1
19 67 590 1
67 19 590 1
21 36 510 1
36 21 510 1
21 72 388 1
72 21 388 1
93 100 653 1
100 93 653 1
37 80 842 1
80 37 842 1
54 72 501 1
72 54 501 1
11 16 1004 1
16 11 1004 1
59 87 1210 1
87 59 1210 1
94 97 266 1
97 94 266 1
58 69 426 1
69 58 426 1
98 115 287 1
115 98 287 1
14 83 858 1
83 14 858 1
48 67 417 1
67 48 417 1
10 54 681 1
54 10 681 1
20 87 562 1
87 20 562 1
46 98 212 1
98 46 212 1
46 102 463 1
102 46 463 1
91 103 258 1
103 91 258 1
21 26 271 1
26 21 271 1
21 74 343 1
74 21 343 1
100 112 410 1
112 100 410 1
1 107 981 1
107 1 981 1
16 17 998 1
17 16 998 1
21 71 214 1
71 21 214 1
29 79 257 1
79 29 257 1
48 66 357 1
66 48 357 1
55 89 213 1
89 55 213 1
97 112 339 1
112 97 339 1
19 106 1134 1
106 19 1134 1
34 110 327 1
110 34 327 1
36 39 517 1
39 36 517 1
37 38 515 1
38 37 515 1
60 66 370 1
66 60 370 1
61 64 928 1
64 61 928 1
39 107 280 1
107 39 280 1
46 76 517 1
76 46 517 1
44 60 540 1
60 44 540 1
46 53 547 1
53 46 547 1
0 3 712 1
3 0 712 1
75 77 210 1
77 75 210 1
79 102 994 1
102 79 994 1
92 114 349 1
114 92 349 1
19 58 678 1
58 19 678 1
14 64 1035 1
64 14 1035 1
47 53 268 1
53 47 268 1
55 115 361 1
115 55 361 1
4 6 536 1
6 4 536 1
22 50 1336 1
50 22 1336 1
44 50 287 1
50 44 287 1
1 3 446 1
3 1 446 1
33 65 634 1
65 33 634 1
33 45 716 1
45 33 716 1
34 43 397 1
43 34 397 1
49 65 308 1
65 49 308 1
78 81 1002 1
81 78 1002 1
92 115 404 1
115 92 404 1
95 101 458 1
101 95 458 1
34 97 481 1
97 34 481 1
16 29 882 1
29 16 882 1
29 75 189 1
75 29 189 1
40 95 491 1
95 40 491 1
56 68 408 1
68 56 408 1
5 40 642 1
40 5 642 1
16 54 493 1
54 16 493 1
33 56 531 1
56 33 531 1
34 42 401 1
42 34 401 1
90 98 163 1
98 90 163 1
28 37 709 1
37 28 709 1
37 55 221 1
55 37 221 1
53 111 406 1
111 53 406 1
4 106 861 1
106 4 861 1
24 86 569 1
86 24 569 1
109 112 348 1
112 109 348 1
0 107 1161 1
107 0 1161 1
74 80 415 1
80 74 415 1
77 110 393 1
110 77 393 1
40 72 200 1
72 40 200 1
71 75 163 1
75 71 163 1
2 50 1192 1
50 2 1192 1
2 88 959 1
88 2 959 1
7 8 828 1
8 7 828 1
11 12 972 1
12 11 972 1
36 86 441 1
86 36 441 1
91 94 561 1
94 91 561 1
5 39 639 1
39 5 639 1
7 61 813 1
61 7 813 1
12 29 886 1
29 12 886 1
16 70 409 1
70 16 409 1
1 106 1164 1
106 1 1164 1
2 106 1085 1
106 2 1085 1
17 79 135 1
79 17 135 1
28 52 856 1
52 28 856 1
43 44 290 1
44 43 290 1
55 85 300 1
85 55 300 1
73 80 850 1
80 73 850 1
78 112 768 1
112 78 768 1
9 100 1346 1
100 9 1346 1
41 87 263 1
87 41 263 1
44 64 436 1
64 44 436 1
32 67 439 1
67 32 439 1
37 79 267 1
79 37 267 1
57 62 1000 1
62 57 1000 1
79 109 545 1
109 79 545 1
0 19 488 1
19 0 488 1
29 83 227 1
83 29 227 1
56 58 427 1
58 56 427 1
72 77 430 1
77 72 430 1
82 88 444 1
88 82 444 1
108 109 87 1
109 108 87 1
4 82 403 1
82 4 403 1
25 96 984 1
96 25 984 1
10 74 381 1
74 10 381 1
20 37 510 1
37 20 510 1
109 111 273 1
111 109 273 1
9 92 1428 1
92 9 1428 1
18 82 891 1
82 18 891 1
45 65 388 1
65 45 388 1
73 79 296 1
79 73 296 1
70 76 285 1
76 70 285 1
1 60 923 1
60 1 923 1
6 30 365 1
30 6 365 1
38 108 316 1
108 38 316 1
48 50 202 1
50 48 202 1
6 22 333 1
22 6 333 1
27 96 825 1
96 27 825 1
49 60 773 1
60 49 773 1
101 109 540 1
109 101 540 1
4 107 958 1
107 4 958 1
29 74 571 1
74 29 571 1
55 108 332 1
108 55 332 1
32 56 384 1
56 32 384 1
59 86 1363 1
86 59 1363 1
79 111 717 1
111 79 717 1
0 11 958 1
11 0 958 1
7 23 337 1
23 7 337 1
29 71 259 1
71 29 259 1
40 98 586 1
98 40 586 1
40 107 641 1
107 40 641 1
53 55 448 1
55 53 448 1
90 99 615 1
99 90 615 1
28 75 567 1
75 28 567 1
83 87 158 1
87 83 158 1
39 87 370 1
87 39 370 1
39 94 407 1
94 39 407 1
60 67 538 1
67 60 538 1
26 27 135 1
27 26 135 1
37 71 401 1
71 37 401 1
42 45 300 1
45 42 300 1
48 58 400 1
58 48 400 1
99 100 610 1
100 99 610 1
1 69 441 1
69 1 441 1
7 18 581 1
18 7 581 1
22 31 234 1
31 22 234 1
26 41 487 1
41 26 487 1
91 113 366 1
113 91 366 1
36 71 552 1
71 36 552 1
37 46 651 1
46 37 651 1
78 109 527 1
109 78 527 1
100 105 430 1
105 100 430 1
3 19 382 1
19 3 382 1
59 66 363 1
66 59 363 1
99 108 310 1
108 99 310 1
12 52 1107 1
52 12 1107 1
92 108 488 1
108 92 488 1
16 73 769 1
73 16 769 1
36 54 228 1
54 36 228 1
9 102 1277 1
102 9 1277 1
40 73 549 1
73 40 549 1
52 53 746 1
53 52 746 1
28 54 527 1
54 28 527 1
29 41 234 1
41 29 234 1
46 97 424 1
97 46 424 1
6 11 866 1
11 6 866 1
104 112 332 1
112 104 332 1
22 82 706 1
82 22 706 1
93 95 447 1
95 93 447 1
96 115 214 1
115 96 214 1
99 107 302 1
107 99 302 1
23 88 1119 1
88 23 1119 1
24 50 1395 1
50 24 1395 1
32 69 338 1
69 32 338 1
91 92 669 1
92 91 669 1
12 54 794 1
54 12 794 1
28 41 661 1
41 28 661 1
34 102 761 1
102 34 761 1
40 96 436 1
96 40 436 1
47 77 509 1
77 47 509 1
102 112 391 1
112 102 391 1
8 12 346 1
12 8 346 1
10 44 1024 1
44 10 1024 1
10 64 755 1
64 10 755 1
101 105 274 1
105 101 274 1
6 12 248 1
12 6 248 1
38 107 545 1
107 38 545 1
60 90 787 1
90 60 787 1
99 104 430 1
104 99 430 1
5 106 957 1
106 5 957 1
35 67 262 1
67 35 262 1
47 84 791 1
84 47 791 1
85 99 448 1
99 85 448 1
16 78 122 1
78 16 122 1
46 77 585 1
77 46 585 1
49 63 596 1
63 49 596 1
53 84 1054 1
84 53 1054 1
53 112 421 1
112 53 421 1
60 68 469 1
68 60 469 1
16 62 313 1
62 16 313 1
45 69 625 1
69 45 625 1
1 7 452 1
7 1 452 1
11 24 736 1
24 11 736 1
24 88 947 1
88 24 947 1
28 76 345 1
76 28 345 1
30 70 259 1
70 30 259 1
42 53 475 1
53 42 475 1
43 67 388 1
67 43 388 1
97 115 218 1
115 97 218 1
27 107 753 1
107 27 753 1
57 58 735 1
58 57 735 1
62 63 1134 1
63 62 1134 1
91 112 368 1
112 91 368 1
32 61 611 1
61 32 611 1
43 97 409 1
97 43 409 1
46 109 326 1
109 46 326 1
92 113 313 1
113 92 313 1
23 96 1081 1
96 23 1081 1
0 58 565 1
58 0 565 1
16 75 702 1
75 16 702 1
18 23 573 1
23 18 573 1
25 30 292 1
30 25 292 1
32 49 731 1
49 32 731 1
78 99 844 1
99 78 844 1
94 98 264 1
98 94 264 1
33 44 737 1
44 33 737 1
34 96 428 1
96 34 428 1
41 71 317 1
71 41 317 1
76 80 424 1
80 76 424 1
4 8 148 1
8 4 148 1
4 22 457 1
22 4 457 1
1 61 385 1
61 1 385 1
18 107 1141 1
107 18 1141 1
55 100 739 1
100 55 739 1
90 91 735 1
91 90 735 1
96 112 337 1
112 96 337 1
0 12 517 1
12 0 517 1
29 70 512 1
70 29 512 1
48 61 765 1
61 48 765 1
50 84 554 1
84 50 554 1
70 86 500 1
86 70 500 1
98 108 315 1
108 98 315 1
7 27 597 1
27 7 597 1
35 95 421 1
95 35 421 1
74 77 362 1
77 74 362 1
82 87 849 1
87 82 849 1
1 66 683 1
66 1 683 1
13 48 1332 1
48 13 1332 1
37 75 239 1
75 37 239 1
47 96 412 1
96 47 412 1
90 92 135 1
92 90 135 1
94 99 399 1
99 94 399 1
102 111 440 1
111 102 440 1
12 74 431 1
74 12 431 1
99 102 560 1
102 99 560 1
58 90 890 1
90 58 890 1
58 106 1039 1
106 58 1039 1
90 107 713 1
107 90 713 1
91 99 166 1
99 91 166 1
100 114 352 1
114 100 352 1
0 8 829 1
8 0 829 1
16 52 739 1
52 16 739 1
92 95 594 1
95 92 594 1
19 61 611 1
61 19 611 1
55 97 173 1
97 55 173 1
57 66 576 1
66 57 576 1
28 38 358 1
38 28 358 1
33 58 627 1
58 33 627 1
41 83 252 1
83 41 252 1
43 49 240 1
49 43 240 1
55 111 434 1
111 55 434 1
20 71 311 1
71 20 311 1
22 85 1113 1
85 22 1113 1
24 87 679 1
87 24 679 1
42 84 665 1
84 42 665 1
20 26 232 1
26 20 232 1
46 84 530 1
84 46 530 1
93 94 560 1
94 93 560 1
95 98 433 1
98 95 433 1
26 59 1291 1
59 26 1291 1
77 109 318 1
109 77 318 1
103 113 295 1
113 103 295 1
4 26 161 1
26 4 161 1
36 70 395 1
70 36 395 1
43 96 503 1
96 43 503 1
48 65 674 1
65 48 674 1
57 60 868 1
60 57 868 1
31 52 1259 1
52 31 1259 1
34 79 586 1
79 34 586 1
63 66 706 1
66 63 706 1
83 88 1071 1
88 83 1071 1
4 40 486 1
40 4 486 1
9 101 1217 1
101 9 1217 1
38 101 771 1
101 38 771 1
83 89 464 1
89 83 464 1
7 13 237 1
13 7 237 1
9 105 1106 1
105 9 1106 1
29 54 871 1
54 29 871 1
55 94 428 1
94 55 428 1
71 76 392 1
76 71 392 1
47 97 280 1
97 47 280 1
22 27 524 1
27 22 524 1
30 82 534 1
82 30 534 1
57 107 955 1
107 57 955 1
0 22 675 1
22 0 675 1
70 73 402 1
73 70 402 1
80 84 162 1
84 80 162 1
99 113 264 1
113 99 264 1
6 13 864 1
13 6 864 1
43 110 298 1
110 43 298 1
2 26 618 1
26 2 618 1
5 23 453 1
23 5 453 1
20 38 349 1
38 20 349 1
40 92 757 1
92 40 757 1
55 78 841 1
78 55 841 1
16 86 543 1
86 16 543 1
42 110 303 1
110 42 303 1
11 61 675 1
61 11 675 1
23 24 403 1
24 23 403 1
0 48 847 1
48 0 847 1
2 27 659 1
27 2 659 1
2 30 317 1
30 2 317 1
37 70 546 1
70 37 546 1
39 72 575 1
72 39 575 1
54 74 471 1
74 54 471 1
58 87 1355 1
87 58 1355 1
25 39 702 1
39 25 702 1
27 98 999 1
98 27 999 1
76 79 567 1
79 76 567 1
84 114 684 1
114 84 684 1
4 23 506 1
23 4 506 1
15 39 506 1
39 15 506 1
24 82 536 1
82 24 536 1
28 83 861 1
83 28 861 1
9 113 1235 1
113 9 1235 1
39 98 655 1
98 39 655 1
91 111 390 1
111 91 390 1
6 23 465 1
23 6 465 1
8 10 505 1
10 8 505 1
13 64 1328 1
64 13 1328 1
20 39 459 1
39 20 459 1
26 88 791 1
88 26 791 1
35 109 338 1
109 35 338 1
57 69 378 1
69 57 378 1
13 74 757 1
74 13 757 1
24 42 1334 1
42 24 1334 1
24 51 1429 1
51 24 1429 1
7 9 490 1
9 7 490 1
11 26 714 1
26 11 714 1
18 33 288 1
33 18 288 1
0 50 829 1
50 0 829 1
100 115 381 1
115 100 381 1
16 37 809 1
37 16 809 1
0 13 1027 1
13 0 1027 1
1 17 391 1
17 1 391 1
1 59 541 1
59 1 541 1
60 69 564 1
69 60 564 1
26 38 554 1
38 26 554 1
36 81 848 1
81 36 848 1
70 83 652 1
83 70 652 1
5 115 972 1
115 5 972 1
13 52 1405 1
52 13 1405 1
22 24 386 1
24 22 386 1
37 115 443 1
115 37 443 1
50 67 562 1
67 50 562 1
55 102 675 1
102 55 675 1
98 114 276 1
114 98 276 1
19 63 644 1
63 19 644 1
34 73 620 1
73 34 620 1
39 93 576 1
93 39 576 1
51 60 912 1
60 51 912 1
0 32 356 1
32 0 356 1
38 74 265 1
74 38 265 1
47 76 575 1
76 47 575 1
76 110 394 1
110 76 394 1
2 24 548 1
24 2 548 1
40 114 619 1
114 40 619 1
101 113 350 1
113 101 350 1
4 24 144 1
24 4 144 1
18 56 478 1
56 18 478 1
33 51 793 1
51 33 793 1
95 99 272 1
99 95 272 1
3 85 893 1
85 3 893 1
15 29 295 1
29 15 295 1
59 107 1064 1
107 59 1064 1
85 87 616 1
87 85 616 1
96 109 176 1
109 96 176 1
5 38 756 1
38 5 756 1
11 65 770 1
65 11 770 1
108 112 335 1
112 108 335 1
8 13 868 1
13 8 868 1
9 114 1147 1
114 9 1147 1
11 88 1176 1
88 11 1176 1
29 81 342 1
81 29 342 1
32 81 728 1
81 32 728 1
44 65 564 1
65 44 564 1
54 106 240 1
106 54 240 1
27 115 829 1
115 27 829 1
29 55 507 1
55 29 507 1
33 61 545 1
61 33 545 1
6 32 555 1
32 6 555 1
65 67 361 1
67 65 361 1
107 108 333 1
108 107 333 1
21 40 380 1
40 21 380 1
76 84 486 1
84 76 486 1
80 86 567 1
86 80 567 1
68 81 913 1
81 68 913 1
78 110 569 1
110 78 569 1
79 104 860 1
104 79 860 1
94 107 417 1
107 94 417 1
50 65 837 1
65 50 837 1
0 1 800 1
1 0 800 1
6 14 476 1
14 6 476 1
27 89 807 1
89 27 807 1
93 102 600 1
102 93 600 1
2 14 572 1
14 2 572 1
3 107 1071 1
107 3 1071 1
4 18 866 1
18 4 866 1
22 25 402 1
25 22 402 1
37 54 645 1
54 37 645 1
13 54 1130 1
54 13 1130 1
21 28 487 1
28 21 487 1
52 80 618 1
80 52 618 1
54 98 204 1
98 54 204 1
58 107 1147 1
107 58 1147 1
67 110 507 1
110 67 507 1
0 59 847 1
59 0 847 1
7 25 539 1
25 7 539 1
20 54 606 1
54 20 606 1
27 97 789 1
97 27 789 1
37 77 246 1
77 37 246 1
37 98 666 1
98 37 666 1
37 108 355 1
108 37 355 1
39 95 233 1
95 39 233 1
58 62 503 1
62 58 503 1
78 113 766 1
113 78 766 1
98 112 277 1
112 98 277 1
32 44 667 1
44 32 667 1
43 66 481 1
66 43 481 1
54 71 757 1
71 54 757 1
14 16 483 1
16 14 483 1
14 27 449 1
27 14 449 1
20 24 393 1
24 20 393 1
27 108 748 1
108 27 748 1
29 40 655 1
40 29 655 1
41 86 672 1
86 41 672 1
101 102 595 1
102 101 595 1
10 72 309 1
72 10 309 1
33 81 613 1
81 33 613 1
34 98 528 1
98 34 528 1
6 24 555 1
24 6 555 1
23 55 1060 1
55 23 1060 1
11 48 1197 1
48 11 1197 1
26 30 321 1
30 26 321 1
32 51 807 1
51 32 807 1
35 47 370 1
47 35 370 1
55 104 526 1
104 55 526 1
55 113 437 1
113 55 437 1
1 81 501 1
81 1 501 1
103 109 477 1
109 103 477 1
1 63 334 1
63 1 334 1
18 50 1005 1
50 18 1005 1
27 41 398 1
41 27 398 1
28 48 960 1
48 28 960 1
28 86 383 1
86 28 383 1
74 78 322 1
78 74 322 1
87 89 476 1
89 87 476 1
0 26 879 1
26 0 879 1
37 109 343 1
109 37 343 1
45 60 681 1
60 45 681 1
85 114 680 1
114 85 680 1
13 15 277 1
15 13 277 1
4 39 755 1
39 4 755 1
5 107 867 1
107 5 867 1
31 111 1088 1
111 31 1088 1
49 69 641 1
69 49 641 1
13 63 653 1
63 13 653 1
59 82 1290 1
82 59 1290 1
78 104 706 1
104 78 706 1
91 100 719 1
100 91 719 1
13 65 935 1
65 13 935 1
26 107 808 1
107 26 808 1
39 114 488 1
114 39 488 1
40 97 584 1
97 40 584 1
10 61 1158 1
61 10 1158 1
12 73 783 1
73 12 783 1
18 57 564 1
57 18 564 1
25 98 1161 1
98 25 1161 1
27 94 748 1
94 27 748 1
37 102 749 1
102 37 749 1
83 85 549 1
85 83 549 1
4 96 908 1
96 4 908 1
77 102 773 1
102 77 773 1
85 113 705 1
113 85 705 1
7 19 519 1
19 7 519 1
42 96 429 1
96 42 429 1
52 90 240 1
90 52 240 1
75 86 685 1
86 75 685 1
77 80 662 1
80 77 662 1
5 94 896 1
94 5 896 1
9 63 985 1
63 9 985 1
21 24 413 1
24 21 413 1
28 82 255 1
82 28 255 1
5 82 673 1
82 5 673 1
8 18 880 1
18 8 880 1
17 68 840 1
68 17 840 1
39 96 494 1
96 39 494 1
43 46 341 1
46 43 341 1
85 112 702 1
112 85 702 1
92 94 455 1
94 92 455 1
97 104 399 1
104 97 399 1
12 70 392 1
70 12 392 1
14 15 772 1
15 14 772 1
36 79 738 1
79 36 738 1
42 49 396 1
49 42 396 1
9 104 1161 1
104 9 1161 1
17 37 368 1
37 17 368 1
29 38 680 1
38 29 680 1
36 77 422 1
77 36 422 1
37 99 410 1
99 37 410 1
87 88 1035 1
88 87 1035 1
42 111 258 1
111 42 258 1
71 83 425 1
83 71 425 1
77 78 550 1
78 77 550 1
1 90 1264 1
90 1 1264 1
5 9 157 1
9 5 157 1
13 70 648 1
70 13 648 1
15 80 1098 1
80 15 1098 1
26 54 816 1
54 26 816 1
29 102 1018 1
102 29 1018 1
61 68 615 1
68 61 615 1
77 95 322 1
95 77 322 1
25 43 1261 1
43 25 1261 1
27 106 796 1
106 27 796 1
36 46 482 1
46 36 482 1
42 44 208 1
44 42 208 1
47 109 317 1
109 47 317 1
58 63 892 1
63 58 892 1
59 83 1103 1
83 59 1103 1
72 86 399 1
86 72 399 1
12 83 999 1
83 12 999 1
16 71 654 1
71 16 654 1
20 30 328 1
30 20 328 1
38 73 580 1
73 38 580 1
47 99 231 1
99 47 231 1
49 61 452 1
61 49 452 1
75 80 775 1
80 75 775 1
92 98 220 1
98 92 220 1
95 107 258 1
107 95 258 1
95 110 248 1
110 95 248 1
6 31 464 1
31 6 464 1
97 107 263 1
107 97 263 1
97 111 292 1
111 97 292 1
8 15 741 1
15 8 741 1
28 30 436 1
30 28 436 1
32 59 581 1
59 32 581 1
37 81 336 1
81 37 336 1
41 95 382 1
95 41 382 1
47 112 265 1
112 47 265 1
36 114 494 1
114 36 494 1
40 55 690 1
55 40 690 1
53 79 677 1
79 53 677 1
54 107 612 1
107 54 612 1
26 83 578 1
83 26 578 1
38 75 499 1
75 38 499 1
23 97 1057 1
97 23 1057 1
34 37 540 1
37 34 540 1
49 50 585 1
50 49 585 1
73 92 1046 1
92 73 1046 1
76 109 320 1
109 76 320 1
77 97 366 1
97 77 366 1
102 114 295 1
114 102 295 1
8 64 1208 1
64 8 1208 1
9 90 1391 1
90 9 1391 1
10 52 956 1
52 10 956 1
21 29 329 1
29 21 329 1
21 86 520 1
86 21 520 1
31 53 1248 1
53 31 1248 1
63 80 1146 1
80 63 1146 1
3 55 957 1
55 3 957 1
13 14 902 1
14 13 902 1
26 74 432 1
74 26 432 1
90 112 377 1
112 90 377 1
104 114 171 1
114 104 171 1
4 115 964 1
115 4 964 1
24 85 1108 1
85 24 1108 1
54 86 568 1
86 54 568 1
104 111 377 1
111 104 377 1
13 72 796 1
72 13 796 1
29 31 454 1
31 29 454 1
38 59 1046 1
59 38 1046 1
73 102 944 1
102 73 944 1
82 106 562 1
106 82 562 1
4 38 638 1
38 4 638 1
12 80 516 1
80 12 516 1
35 112 561 1
112 35 561 1
38 94 246 1
94 38 246 1
40 79 762 1
79 40 762 1
90 100 182 1
100 90 182 1
9 17 669 1
17 9 669 1
11 51 955 1
51 11 955 1
24 83 669 1
83 24 669 1
32 48 714 1
48 32 714 1
71 80 755 1
80 71 755 1
10 70 382 1
70 10 382 1
27 82 524 1
82 27 524 1
53 102 802 1
102 53 802 1
61 66 546 1
66 61 546 1
72 92 872 1
92 72 872 1
15 37 533 1
37 15 533 1
46 73 842 1
73 46 842 1
65 66 537 1
66 65 537 1
91 95 424 1
95 91 424 1
2 25 585 1
25 2 585 1
6 44 1164 1
44 6 1164 1
41 108 476 1
108 41 476 1
81 86 1091 1
86 81 1091 1
82 86 143 1
86 82 143 1
0 60 405 1
60 0 405 1
8 32 867 1
32 8 867 1
71 77 297 1
77 71 297 1
93 113 317 1
113 93 317 1
15 88 1097 1
88 15 1097 1
32 65 681 1
65 32 681 1
34 78 466 1
78 34 466 1
35 97 412 1
97 35 412 1
56 63 1014 1
63 56 1014 1
92 112 325 1
112 92 325 1
98 107 585 1
107 98 585 1
41 93 733 1
93 41 733 1
63 90 1184 1
90 63 1184 1
90 108 470 1
108 90 470 1
25 26 225 1
26 25 225 1
43 48 391 1
48 43 391 1
58 67 368 1
67 58 368 1
63 81 293 1
81 63 293 1
84 86 610 1
86 84 610 1
13 75 440 1
75 13 440 1
18 26 857 1
26 18 857 1
21 54 704 1
54 21 704 1
25 83 553 1
83 25 553 1
27 95 702 1
95 27 702 1
4 108 880 1
108 4 880 1
15 41 349 1
41 15 349 1
24 59 1364 1
59 24 1364 1
29 39 339 1
39 29 339 1
9 71 488 1
71 9 488 1
13 59 1042 1
59 13 1042 1
19 81 772 1
81 19 772 1
23 83 710 1
83 23 710 1
26 58 1249 1
58 26 1249 1
53 89 552 1
89 53 552 1
71 86 672 1
86 71 672 1
28 71 506 1
71 28 506 1
41 101 711 1
101 41 711 1
47 51 339 1
51 47 339 1
0 88 782 1
88 0 782 1
5 8 493 1
8 5 493 1
6 64 941 1
64 6 941 1
12 82 376 1
82 12 376 1
21 75 222 1
75 21 222 1
57 112 990 1
112 57 990 1
59 69 338 1
69 59 338 1
100 108 467 1
108 100 467 1
103 114 282 1
114 103 282 1
4 89 1056 1
89 4 1056 1
46 104 454 1
104 46 454 1
56 112 990 1
112 56 990 1
94 103 496 1
103 94 496 1
13 71 401 1
71 13 401 1
59 60 718 1
60 59 718 1
92 99 572 1
99 92 572 1
12 36 597 1
36 12 597 1
17 36 828 1
36 17 828 1
22 26 505 1
26 22 505 1
22 53 1432 1
53 22 1432 1
54 55 651 1
55 54 651 1
59 106 1174 1
106 59 1174 1
70 77 376 1
77 70 376 1
20 31 387 1
31 20 387 1
35 105 686 1
105 35 686 1
53 100 830 1
100 53 830 1
63 68 745 1
68 63 745 1
4 98 1069 1
98 4 1069 1
14 59 1320 1
59 14 1320 1
24 67 1223 1
67 24 1223 1
34 36 459 1
36 34 459 1
9 93 1250 1
93 9 1250 1
12 75 743 1
75 12 743 1
17 32 646 1
32 17 646 1
46 92 368 1
92 46 368 1
53 81 650 1
81 53 650 1
57 99 846 1
99 57 846 1
78 100 695 1
100 78 695 1
81 102 1052 1
102 81 1052 1
9 103 1158 1
103 9 1158 1
15 21 348 1
21 15 348 1
30 87 699 1
87 30 699 1
69 106 1139 1
106 69 1139 1
93 109 510 1
109 93 510 1
3 83 681 1
83 3 681 1
10 26 620 1
26 10 620 1
26 39 604 1
39 26 604 1
28 78 272 1
78 28 272 1
55 107 232 1
107 55 232 1
83 86 863 1
86 83 863 1
91 115 428 1
115 91 428 1
2 107 1169 1
107 2 1169 1
3 30 397 1
30 3 397 1
10 106 807 1
106 10 807 1
11 86 1027 1
86 11 1027 1
18 64 805 1
64 18 805 1
34 75 559 1
75 34 559 1
35 65 453 1
65 35 453 1
40 75 477 1
75 40 477 1
18 88 1010 1
88 18 1010 1
20 72 238 1
72 20 238 1
77 84 711 1
84 77 711 1
79 110 592 1
110 79 592 1
84 113 718 1
113 84 718 1
28 40 248 1
40 28 248 1
23 98 1259 1
98 23 1259 1
25 115 1008 1
115 25 1008 1
62 90 707 1
90 62 707 1
75 84 839 1
84 75 839 1
19 59 618 1
59 19 618 1
30 111 1066 1
111 30 1066 1
33 35 375 1
35 33 375 1
35 94 438 1
94 35 438 1
40 99 752 1
99 40 752 1
90 115 420 1
115 90 420 1
94 109 127 1
109 94 127 1
12 61 1246 1
61 12 1246 1
13 83 347 1
83 13 347 1
14 38 497 1
38 14 497 1
35 42 425 1
42 35 425 1
93 98 589 1
98 93 589 1
95 112 395 1
112 95 395 1
12 15 906 1
15 12 906 1
28 39 686 1
39 28 686 1
35 104 705 1
104 35 705 1
35 108 425 1
108 35 425 1
37 95 241 1
95 37 241 1
38 95 382 1
95 38 382 1
57 79 431 1
79 57 431 1
15 25 386 1
25 15 386 1
22 83 792 1
83 22 792 1
34 104 710 1
104 34 710 1
52 70 942 1
70 52 942 1
70 78 427 1
78 70 427 1
109 115 211 1
115 109 211 1
1 62 1027 1
62 1 1027 1
3 99 1120 1
99 3 1120 1
31 99 1044 1
99 31 1044 1
34 35 126 1
35 34 126 1
50 82 1027 1
82 50 1027 1
61 90 1156 1
90 61 1156 1
62 68 629 1
68 62 629 1
4 97 964 1
97 4 964 1
9 115 1058 1
115 9 1058 1
19 90 1212 1
90 19 1212 1
25 99 1124 1
99 25 1124 1
91 110 456 1
110 91 456 1
18 61 737 1
61 18 737 1
19 65 742 1
65 19 742 1
21 59 1061 1
59 21 1061 1
40 74 182 1
74 40 182 1
68 90 1109 1
90 68 1109 1
93 104 478 1
104 93 478 1
96 111 286 1
111 96 286 1
0 5 1018 1
5 0 1018 1
15 71 394 1
71 15 394 1
20 59 1099 1
59 20 1099 1
50 52 243 1
52 50 243 1
14 30 414 1
30 14 414 1
29 77 357 1
77 29 357 1
54 73 776 1
73 54 776 1
69 110 773 1
110 69 773 1
85 111 651 1
111 85 651 1
9 65 1235 1
65 9 1235 1
9 81 803 1
81 9 803 1
17 19 648 1
19 17 648 1
79 98 871 1
98 79 871 1
14 29 801 1
29 14 801 1
26 106 767 1
106 26 767 1
40 87 708 1
87 40 708 1
44 103 860 1
103 44 860 1
47 102 619 1
102 47 619 1
56 90 896 1
90 56 896 1
68 110 813 1
110 68 813 1
14 39 770 1
39 14 770 1
20 29 497 1
29 20 497 1
22 106 1117 1
106 22 1117 1
41 107 419 1
107 41 419 1
42 105 625 1
105 42 625 1
46 93 585 1
93 46 585 1
53 104 704 1
104 53 704 1
79 85 260 1
85 79 260 1
79 97 479 1
97 79 479 1
3 82 903 1
82 3 903 1
24 27 252 1
27 24 252 1
32 64 603 1
64 32 603 1
40 103 804 1
103 40 804 1
42 97 497 1
97 42 497 1
44 63 803 1
63 44 803 1
54 58 818 1
58 54 818 1
54 90 282 1
90 54 282 1
56 107 1138 1
107 56 1138 1
76 102 684 1
102 76 684 1
91 109 486 1
109 91 486 1
103 108 420 1
108 103 420 1
13 58 1244 1
58 13 1244 1
13 60 1245 1
60 13 1245 1
32 45 684 1
45 32 684 1
77 92 835 1
92 77 835 1
81 111 760 1
111 81 760 1
99 114 265 1
114 99 265 1
103 115 322 1
115 103 322 1
37 112 610 1
112 37 610 1
16 81 1063 1
81 16 1063 1
37 101 579 1
101 37 579 1
52 58 705 1
58 52 705 1
57 63 249 1
63 57 249 1
82 107 847 1
107 82 847 1
87 107 525 1
107 87 525 1
9 13 376 1
13 9 376 1
51 105 775 1
105 51 775 1
52 84 487 1
84 52 487 1
53 78 1035 1
78 53 1035 1
55 114 395 1
114 55 395 1
82 89 1043 1
89 82 1043 1
8 19 957 1
19 8 957 1
61 106 1151 1
106 61 1151 1
68 86 1151 1
86 68 1151 1
108 114 218 1
114 108 218 1
2 5 685 1
5 2 685 1
35 102 781 1
102 35 781 1
37 92 835 1
92 37 835 1
38 82 362 1
82 38 362 1
47 81 624 1
81 47 624 1
54 59 1020 1
59 54 1020 1
13 80 1155 1
80 13 1155 1
13 86 1003 1
86 13 1003 1
18 69 392 1
69 18 392 1
23 99 1227 1
99 23 1227 1
24 96 985 1
96 24 985 1
52 54 402 1
54 52 402 1
62 69 736 1
69 62 736 1
84 105 801 1
105 84 801 1
26 70 383 1
70 26 383 1
29 100 1082 1
100 29 1082 1
56 80 431 1
80 56 431 1
99 110 299 1
110 99 299 1
5 98 1153 1
98 5 1153 1
11 28 875 1
28 11 875 1
15 84 1175 1
84 15 1175 1
25 40 618 1
40 25 618 1
35 43 347 1
43 35 347 1
39 82 719 1
82 39 719 1
41 114 639 1
114 41 639 1
48 63 912 1
63 48 912 1
90 94 414 1
94 90 414 1
23 53 1411 1
53 23 1411 1
31 55 879 1
55 31 879 1
49 68 752 1
68 49 752 1
56 69 542 1
69 56 542 1
63 67 543 1
67 63 543 1
100 111 457 1
111 100 457 1
102 109 475 1
109 102 475 1
10 58 862 1
58 10 862 1
12 44 1177 1
44 12 1177 1
48 103 924 1
103 48 924 1
66 81 845 1
81 66 845 1
71 78 647 1
78 71 647 1
101 104 464 1
104 101 464 1
8 71 624 1
71 8 624 1
17 102 1111 1
102 17 1111 1
35 111 452 1
111 35 452 1
38 114 469 1
114 38 469 1
43 105 608 1
105 43 608 1
46 72 723 1
72 46 723 1
67 70 784 1
70 67 784 1
77 79 329 1
79 77 329 1
8 83 868 1
83 8 868 1
36 109 326 1
109 36 326 1
39 55 254 1
55 39 254 1
39 59 935 1
59 39 935 1
51 64 852 1
64 51 852 1
52 81 1110 1
81 52 1110 1
96 107 486 1
107 96 486 1
96 114 265 1
114 96 265 1
14 40 342 1
40 14 342 1
17 69 744 1
69 17 744 1
18 60 647 1
60 18 647 1
38 54 263 1
54 38 263 1
38 96 284 1
96 38 284 1
56 106 934 1
106 56 934 1
64 82 943 1
82 64 943 1
4 94 850 1
94 4 850 1
5 108 888 1
108 5 888 1
11 69 785 1
69 11 785 1
26 43 1155 1
43 26 1155 1
29 52 1136 1
52 29 1136 1
35 49 434 1
49 35 434 1
35 66 331 1
66 35 331 1
