116 1334
42 43 239 0.7956530612244901
30 31 127 0.7732857142857144
44 45 194 0.7543469387755102
28 72 116 0.729857142857143
42 46 173 0.6863877551020409
43 47 146 0.6827755102040816
44 49 304 0.6780612244897961
2 6 165 0.6650408163265306
26 27 135 0.6608775510204081
80 81 1113 0.6571224489795916
76 77 238 0.6549795918367346
45 49 111 0.6532448979591835
72 74 76 0.6509387755102038
11 13 168 0.6466122448979593
73 75 84 0.6433469387755103
29 72 629 0.6354285714285715
58 59 496 0.6280816326530613
73 74 458 0.6265918367346939
42 47 281 0.6251632653061225
20 21 185 0.6193673469387756
24 25 135 0.6103469387755103
91 93 118 0.6057142857142858
49 51 172 0.6042448979591836
46 47 309 0.6026530612244897
17 81 182 0.6017551020408161
32 33 149 0.5992040816326533
79 81 136 0.5959387755102039
22 23 140 0.5958775510204083
29 73 113 0.5921428571428571
74 76 203 0.5908163265306121
28 29 741 0.5843469387755101
78 80 116 0.5831224489795919
43 46 341 0.5810816326530612
16 80 152 0.5798367346938775
4 8 148 0.5733673469387754
48 49 410 0.5722448979591837
56 57 840 0.5677959183673469
48 51 548 0.5676530612244899
10 12 181 0.567265306122449
17 79 135 0.5667755102040816
3 23 271 0.5661020408163263
38 39 465 0.565877551020408
104 105 204 0.5650408163265307
36 40 213 0.5607142857142858
3 7 185 0.559734693877551
5 27 165 0.5588775510204081
42 44 208 0.5540612244897959
43 45 199 0.5528163265306122
36 37 542 0.551142857142857
68 69 164 0.5461020408163263
17 29 223 0.5427551020408165
5 9 157 0.5408163265306121
74 75 389 0.5405918367346938
34 35 126 0.540408163265306
48 50 202 0.5378775510204082
73 76 450 0.5311836734693877
98 99 479 0.5299387755102041
72 73 517 0.5283061224489795
66 67 177 0.5261836734693877
95 108 123 0.5244693877551021
62 63 1134 0.5242040816326529
44 48 114 0.5208571428571426
70 71 263 0.5195102040816326
55 96 492 0.5182857142857141
1 57 172 0.5174081632653063
92 93 608 0.5164489795918368
18 19 147 0.5148571428571429
93 101 103 0.5122448979591838
16 17 998 0.5105102040816326
75 77 210 0.5098367346938776
101 103 106 0.5097142857142858
100 102 87 0.5068571428571429
43 44 290 0.5036734693877551
84 85 1130 0.5018775510204081
16 78 122 0.5007959183673469
72 76 257 0.5080416666666666
29 81 342 0.49699999999999994
90 91 735 0.4969795918367347
75 76 374 0.49671428571428555
8 9 638 0.4961632653061225
90 92 135 0.49283673469387757
28 80 329 0.49220408163265306
60 61 893 0.49214285714285716
46 55 584 0.49206122448979595
58 66 198 0.49142857142857177
5 26 263 0.4908775510204082
42 45 300 0.490204081632653
103 104 369 0.4877346938775511
78 81 1002 0.4871428571428571
96 98 184 0.4845102040816326
2 22 228 0.48371428571428576
4 5 350 0.4824897959183673
0 56 174 0.4822244897959184
59 66 363 0.4797959183673469
54 55 651 0.47942857142857137
99 111 265 0.47838775510204073
42 49 396 0.47742857142857154
16 28 220 0.476938775510204
78 79 878 0.4760204081632656
37 41 217 0.474734693877551
50 51 698 0.47253061224489795
111 112 111 0.4721836734693876
36 38 122 0.469877551020408
41 73 204 0.46781632653061234
25 27 193 0.4673265306122453
102 103 508 0.4663469387755103
4 26 161 0.46593877551020413
14 15 772 0.4621428571428572
46 98 212 0.45893877551020407
12 13 959 0.45887755102040817
40 41 506 0.45777551020408164
43 49 240 0.4576938775510204
98 111 265 0.4525510204081631
37 39 117 0.4502857142857143
61 65 175 0.45024489795918354
58 60 266 0.44973469387755105
6 7 710 0.4488163265306123
38 54 263 0.4480204081632655
36 76 232 0.4478367346938775
16 81 1063 0.4478367346938774
72 80 384 0.4474693877551021
94 97 266 0.4467142857142858
29 75 189 0.44585714285714273
51 53 271 0.4448163265306122
52 53 746 0.4440204081632653
8 14 205 0.44318367346938786
17 80 1070 0.4511458333333333
73 77 274 0.4417959183673469
24 26 201 0.44167346938775504
95 109 146 0.441530612244898
29 79 257 0.4409387755102039
35 67 262 0.44055102040816324
19 69 323 0.44036734693877555
103 105 173 0.44022448979591833
61 63 238 0.4400204081632653
16 72 287 0.43953061224489803
28 74 188 0.4375918367346939
95 97 97 0.437204081632653
41 74 484 0.43636734693877555
36 72 276 0.4356326530612245
17 63 324 0.4355918367346939
96 97 322 0.4351632653061225
40 72 200 0.43477551020408167
72 75 453 0.4332857142857144
55 98 606 0.429795918367347
29 74 571 0.42936734693877554
28 81 975 0.42883673469387756
88 89 1035 0.4268979591836736
17 72 781 0.42657142857142855
19 68 313 0.42642857142857143
54 96 167 0.4262653061224489
13 15 277 0.42375510204081646
45 47 345 0.4223673469387757
72 81 860 0.42134693877551005
47 110 210 0.4196122448979592
17 28 894 0.4194081632653061
99 112 272 0.4192040816326528
44 46 353 0.4173061224489795
36 74 242 0.41612244897959183
71 75 163 0.41563265306122454
37 38 515 0.4154285714285715
92 100 157 0.4141224489795919
82 83 881 0.41385714285714287
59 61 271 0.41379591836734686
36 41 570 0.41375510204081634
62 80 268 0.4122448979591838
40 74 182 0.4121020408163265
4 9 500 0.4118163265306123
102 104 159 0.4111836734693877
55 99 216 0.41114285714285703
31 71 265 0.40995918367346934
86 87 805 0.4097142857142857
41 75 187 0.40959183673469396
72 78 300 0.40889795918367333
9 15 219 0.4061428571428571
91 92 669 0.40530612244897957
97 109 174 0.40493877551020413
29 80 961 0.4022857142857142
46 96 270 0.40218367346938777
16 62 313 0.4021020408163266
101 102 595 0.41010416666666677
39 55 254 0.40159183673469384
5 25 129 0.4012040816326532
96 110 214 0.4011632653061225
29 67 803 0.40095918367346933
3 22 347 0.4001428571428572
12 14 278 0.39918367346938766
114 115 96 0.3988367346938777
16 79 934 0.3981020408163265
17 78 955 0.3977142857142857
60 62 241 0.3965306122448979
47 49 380 0.3960612244897959
93 103 173 0.3958367346938775
70 75 355 0.39571428571428574
28 67 871 0.3953265306122449
84 88 224 0.39451020408163273
16 56 380 0.39428571428571424
28 40 248 0.39361224489795926
36 80 330 0.3934897959183674
113 114 95 0.39204081632653054
23 25 373 0.39110204081632666
63 81 293 0.3904081632653061
20 26 232 0.390204081632653
4 24 144 0.38859183673469383
79 80 991 0.38677551020408174
46 49 541 0.3860408163265305
37 77 246 0.38597959183673464
1 19 351 0.38595918367346943
28 78 272 0.38444897959183666
105 114 152 0.3843673469387755
47 98 442 0.38391836734693885
71 73 163 0.38346938775510214
47 55 367 0.38285714285714284
70 73 402 0.38263265306122446
45 67 282 0.3823877551020409
57 68 520 0.3812040816326532
44 47 404 0.3811428571428571
47 111 188 0.38106122448979585
28 73 629 0.38038775510204087
97 108 170 0.38034693877551007
28 76 345 0.3800204081632654
2 37 895 0.3798367346938776
25 31 272 0.37957142857142856
21 25 360 0.37863265306122446
45 48 304 0.37859183673469393
64 65 897 0.37769387755102035
17 73 298 0.37720408163265307
85 89 220 0.37704081632653064
21 26 271 0.3768367346938776
16 29 882 0.376469387755102
94 108 97 0.37573469387755093
17 67 717 0.3756938775510203
29 41 234 0.37548979591836734
1 68 549 0.37510204081632653
97 99 180 0.3748775510204081
6 37 937 0.37379591836734694
5 24 252 0.3736326530612245
21 27 209 0.37361224489795913
37 76 441 0.3730408163265307
67 72 803 0.3802708333333334
37 40 562 0.3721632653061225
4 27 279 0.3718367346938775
100 101 656 0.37008163265306115
60 63 1021 0.3699183673469388
38 96 284 0.3695714285714286
94 95 213 0.36953061224489786
0 1 800 0.3686122448979593
28 36 321 0.3678571428571429
22 24 386 0.3663061224489795
50 52 243 0.3649387755102042
41 72 550 0.36473469387755103
51 52 786 0.3646530612244899
72 79 733 0.3627142857142857
82 86 143 0.3702083333333334
44 51 440 0.36248979591836733
36 81 848 0.36242857142857143
25 26 225 0.3623673469387756
7 65 934 0.3623469387755101
14 82 179 0.3622448979591835
70 74 155 0.361204081632653
70 72 158 0.36036734693877553
73 79 296 0.359795918367347
94 96 89 0.35971428571428565
38 40 158 0.3596326530612245
29 76 555 0.3596122448979592
55 97 173 0.35836734693877553
37 55 221 0.3581020408163265
20 27 271 0.3579795918367348
70 76 285 0.35793877551020403
98 112 277 0.35783673469387756
46 53 547 0.3578163265306122
73 81 406 0.35720408163265305
38 55 598 0.3566122448979591
2 7 566 0.3564897959183673
29 78 851 0.3622916666666667
106 107 486 0.35471428571428565
22 30 218 0.35297959183673466
7 36 936 0.352469387755102
31 33 517 0.35167346938775507
16 63 1092 0.35122448979591836
5 8 493 0.35120408163265304
45 51 254 0.350530612244898
2 3 405 0.349469387755102
10 11 986 0.3491836734693877
24 27 252 0.34887755102040824
30 71 303 0.34808163265306125
57 81 488 0.3478367346938775
108 109 87 0.34755102040816316
91 99 166 0.3474489795918369
21 71 214 0.3472448979591837
71 77 297 0.3465918367346939
3 81 740 0.3462448979591836
96 99 428 0.3453265306122449
57 63 249 0.3448979591836735
37 73 278 0.3519166666666666
91 101 197 0.3445714285714284
37 75 239 0.34436734693877546
46 111 189 0.344204081632653
29 40 655 0.344061224489796
67 73 757 0.3434081632653061
23 31 199 0.3417346938775509
39 95 233 0.3415102040816327
17 62 1129 0.34040816326530604
67 69 345 0.34022448979591835
47 96 412 0.3398979591836735
100 103 576 0.33942857142857147
10 16 218 0.33865306122448974
2 80 742 0.3374897959183674
39 96 494 0.33746938775510205
10 28 213 0.33744897959183673
20 30 328 0.337
20 70 213 0.3369795918367347
1 63 334 0.3365102040816327
2 23 340 0.3361224489795918
4 14 255 0.33610204081632655
7 9 490 0.33579591836734696
74 77 362 0.3356938775510204
24 30 283 0.33551020408163273
16 74 335 0.33548979591836736
58 61 717 0.33479591836734696
110 111 172 0.3347142857142858
7 23 337 0.3346938775510204
0 18 364 0.3415833333333333
2 81 1016 0.3337755102040816
92 102 211 0.33297959183673465
23 27 506 0.33204081632653076
43 51 245 0.3312244897959183
62 72 566 0.33073469387755117
7 37 695 0.3304693877551021
31 58 1104 0.33026530612244903
28 62 527 0.3294081632653061
36 78 263 0.32930612244897955
30 70 259 0.3288979591836735
94 109 127 0.3288775510204081
45 46 448 0.3285102040816327
42 51 463 0.32830612244897966
82 84 544 0.3280204081632654
20 25 402 0.3278571428571429
22 64 1169 0.3277346938775511
34 67 275 0.3275918367346938
80 84 162 0.32738775510204077
54 88 224 0.3270204081632653
22 88 1044 0.3268775510204082
9 24 385 0.3335833333333333
70 77 376 0.32612244897959186
23 63 956 0.32604081632653065
2 29 756 0.3260204081632654
74 80 415 0.3256938775510204
35 110 305 0.32542857142857146
40 76 327 0.32499999999999996
65 67 361 0.32491836734693885
29 37 304 0.32455102040816325
22 25 402 0.3243469387755102
37 74 520 0.3242653061224489
90 93 690 0.32387755102040816
6 22 333 0.323530612244898
16 67 801 0.3233673469387755
63 79 303 0.3230612244897959
62 81 1169 0.3229183673469388
2 36 765 0.3229183673469387
10 13 1004 0.32289795918367353
28 79 847 0.322795918367347
3 5 603 0.32273469387755094
40 80 433 0.3226122448979592
37 96 506 0.322469387755102
76 79 567 0.32222448979591833
7 81 645 0.32210204081632654
43 55 485 0.32197959183673464
28 30 436 0.3218571428571429
74 81 792 0.32173469387755105
42 98 381 0.3210204081632653
8 24 258 0.32012244897959174
6 12 248 0.3201020408163266
67 74 761 0.32010204081632654
97 110 221 0.31993877551020405
54 98 204 0.319734693877551
96 109 176 0.31869387755102035
76 80 424 0.31863265306122446
90 98 163 0.3185918367346939
42 55 629 0.31851020408163266
11 15 385 0.31806122448979596
17 74 721 0.3176530612244898
38 41 513 0.317591836734694
12 60 825 0.31751020408163255
7 13 237 0.3173877551020408
41 76 493 0.3171836734693878
17 57 439 0.3168979591836734
35 45 385 0.316795918367347
23 81 907 0.3167959183673469
74 79 666 0.3166122448979592
20 71 311 0.31657142857142856
67 76 565 0.3165102040816326
105 115 176 0.31622448979591844
93 100 653 0.31618367346938775
13 61 843 0.3159387755102041
28 83 861 0.315265306122449
3 89 961 0.31504081632653064
29 31 454 0.3143469387755102
37 95 241 0.31363265306122445
86 88 460 0.3135918367346938
29 83 227 0.3135714285714285
40 81 874 0.3133673469387756
29 30 533 0.31332653061224486
52 54 402 0.319125
29 36 705 0.3123061224489796
63 80 1146 0.31179591836734694
56 80 431 0.31157142857142855
40 73 549 0.31151020408163266
11 17 224 0.31140816326530607
3 72 675 0.3111836734693878
28 75 567 0.31055102040816324
22 63 1020 0.31022448979591843
60 64 187 0.31662500000000005
54 89 853 0.31006122448979595
39 41 161 0.30991836734693873
49 50 585 0.3097551020408164
25 30 292 0.3092857142857143
87 89 476 0.3090612244897959
29 66 901 0.309
18 68 315 0.3086938775510204
44 50 287 0.3085714285714286
57 79 431 0.30844897959183676
34 64 445 0.30838775510204075
5 15 278 0.3082857142857143
41 83 252 0.30820408163265306
93 102 600 0.308061224489796
11 29 239 0.3077551020408164
76 81 691 0.30748979591836734
16 57 981 0.3074489795918368
36 54 228 0.3071224489795918
29 63 531 0.3069591836734694
91 103 258 0.3068979591836736
10 14 380 0.30679591836734693
36 73 600 0.3066938775510204
67 81 697 0.3066122448979593
76 78 312 0.30659183673469387
48 52 415 0.3058571428571429
20 24 393 0.3058571428571429
21 31 344 0.3056326530612245
36 75 517 0.30557142857142855
8 15 741 0.3054693877551021
39 97 289 0.30542857142857144
40 75 477 0.3054285714285714
112 113 116 0.30526530612244895
42 48 243 0.30520408163265306
67 80 811 0.3051428571428572
2 18 379 0.3046326530612244
7 57 615 0.3041836734693879
95 96 288 0.3041836734693878
7 92 1445 0.3039795918367347
36 77 422 0.3035510204081633
20 38 349 0.3030408163265306
32 62 548 0.30304081632653057
39 94 407 0.3022857142857142
44 89 917 0.30226530612244895
99 113 264 0.3021428571428572
29 91 799 0.3020816326530612
16 76 379 0.30177551020408167
2 4 569 0.3014285714285715
17 23 734 0.3008979591836735
7 96 1059 0.30083673469387756
6 8 485 0.3005918367346939
13 29 290 0.30053061224489797
21 24 413 0.30036734693877554
5 23 453 0.2998775510204081
1 61 385 0.29951020408163265
47 53 268 0.2989183673469388
72 90 781 0.2988367346938776
22 31 234 0.2985306122448979
55 95 221 0.29838775510204085
37 72 595 0.29814285714285715
6 36 707 0.29767346938775513
104 106 195 0.2965102040816326
105 107 233 0.2964693877551021
37 97 271 0.2961632653061224
94 115 181 0.29610204081632646
96 111 286 0.295734693877551
32 72 471 0.2956122448979592
63 72 944 0.2953265306122449
111 113 191 0.2953265306122449
1 11 394 0.29522448979591825
6 64 941 0.29512244897959183
38 94 246 0.2950816326530612
66 69 349 0.2950816326530612
67 79 625 0.2944897959183673
15 83 194 0.2944897959183672
39 87 370 0.294469387755102
49 55 664 0.2944489795918368
3 17 565 0.29442857142857143
14 22 562 0.2943265306122449
74 78 322 0.2941428571428572
104 114 171 0.29410204081632657
29 90 1092 0.2940408163265306
22 27 524 0.2937142857142857
39 54 618 0.2935714285714286
20 31 387 0.29344897959183674
30 59 1103 0.2934489795918367
12 28 275 0.293326530612245
37 81 336 0.2933265306122449
9 25 252 0.293265306122449
36 39 517 0.29271428571428576
30 73 455 0.29253061224489796
27 28 565 0.29228571428571426
72 77 430 0.29226530612244905
16 73 769 0.29197959183673466
97 115 218 0.29187755102040813
17 76 648 0.2915918367346938
42 50 271 0.29144897959183674
3 27 634 0.29128571428571437
5 81 830 0.29106122448979593
31 59 1081 0.2909999999999999
64 88 675 0.2907551020408163
37 79 267 0.2965
22 26 505 0.2903469387755102
29 88 984 0.29028571428571426
72 92 872 0.28983673469387755
7 76 747 0.28979591836734686
3 28 740 0.2897142857142857
14 26 321 0.2890612244897958
28 31 545 0.28867346938775507
33 89 802 0.2881224489795918
3 76 687 0.28802040816326535
23 72 638 0.2878163265306122
55 89 213 0.28775510204081634
30 72 390 0.2877346938775511
3 88 1145 0.28759183673469385
95 115 205 0.28730612244897963
20 41 386 0.28720408163265304
79 90 1035 0.28677551020408165
24 31 318 0.2866938775510204
2 17 866 0.28653061224489795
67 75 719 0.28618367346938767
29 93 864 0.28591836734693876
29 50 1134 0.2858979591836734
11 12 972 0.2858163265306123
72 91 991 0.2853877551020409
30 33 526 0.28518367346938767
56 63 1014 0.28516326530612246
45 50 474 0.2851224489795918
63 67 543 0.2850408163265307
84 86 610 0.2850408163265306
64 84 478 0.28491836734693865
48 58 400 0.2848775510204081
53 55 448 0.28481632653061223
42 53 475 0.2845102040816327
75 81 434 0.2845102040816326
42 111 258 0.2843673469387755
74 90 750 0.2843673469387755
73 90 1009 0.2843673469387755
85 87 616 0.28424489795918373
108 115 135 0.28418367346938783
49 98 742 0.28406122448979587
97 105 299 0.2838571428571429
28 91 1086 0.2837959183673469
48 81 996 0.28365306122448986
45 89 806 0.28361224489795916
22 62 972 0.2835510204081632
17 56 1024 0.28320408163265304
21 30 349 0.283
100 104 240 0.2828775510204081
6 23 465 0.2825714285714286
6 57 963 0.2825714285714286
36 67 733 0.2823673469387755
65 81 513 0.28232653061224494
39 40 508 0.28218367346938766
5 7 538 0.2821224489795918
30 90 1152 0.2820204081632653
20 75 348 0.28179591836734696
40 67 887 0.2817959183673469
51 83 1017 0.28173469387755107
20 40 225 0.2813265306122449
7 55 903 0.28130612244897957
4 15 597 0.2812244897959183
59 67 245 0.28116326530612246
9 65 1235 0.2809591836734694
82 87 849 0.2804285714285714
0 19 488 0.2804081632653061
29 69 823 0.28014285714285725
16 23 833 0.279795918367347
23 24 403 0.27957142857142864
3 36 883 0.27946938775510194
27 81 799 0.27944897959183673
47 99 231 0.27936734693877546
28 65 1103 0.2793469387755103
37 54 645 0.27916326530612245
2 8 554 0.2791428571428572
27 29 470 0.2791020408163265
0 58 565 0.27891836734693876
17 66 847 0.27891836734693876
36 96 257 0.2788775510204081
1 56 851 0.27885714285714286
17 36 828 0.2787755102040816
19 33 238 0.27873469387755107
0 60 405 0.28441666666666665
23 30 259 0.2785102040816327
28 32 528 0.2782244897959184
59 69 338 0.27808163265306124
2 63 1012 0.27802040816326545
29 77 357 0.27802040816326534
3 92 1420 0.27795918367346933
16 36 349 0.27791836734693875
62 78 287 0.2778163265306122
44 88 846 0.2776938775510203
28 33 585 0.2776530612244898
23 88 1119 0.2775510204081633
71 72 402 0.27748979591836737
33 52 951 0.2772244897959184
56 68 408 0.2771224489795918
49 88 1056 0.2769795918367346
83 87 158 0.276795918367347
21 38 458 0.2767959183673469
40 82 231 0.2765102040816327
28 63 1049 0.28222916666666664
77 79 329 0.2762448979591837
36 79 738 0.2762448979591837
75 79 318 0.2762448979591837
0 10 381 0.2761836734693877
29 71 259 0.276061224489796
24 62 1081 0.27595918367346944
28 41 661 0.2756734693877551
104 107 401 0.27528571428571436
64 98 614 0.27516326530612245
23 76 746 0.27516326530612245
15 26 469 0.27502040816326523
3 80 983 0.2749795918367346
43 96 503 0.2749387755102041
90 102 246 0.2746530612244899
97 111 292 0.27463265306122453
69 72 809 0.2745714285714286
56 78 391 0.2740204081632653
30 58 1068 0.2738367346938775
3 29 515 0.2737551020408164
9 26 419 0.27365306122448985
2 79 885 0.27326530612244904
41 81 452 0.27304081632653066
8 26 300 0.27293877551020407
28 89 998 0.2728163265306122
35 65 453 0.27277551020408164
0 57 825 0.27267346938775505
65 72 1010 0.2723673469387754
69 73 777 0.2721632653061225
56 62 252 0.27210204081632655
32 63 656 0.27204081632653054
1 17 391 0.27181632653061233
20 73 397 0.27177551020408164
31 70 334 0.2716938775510204
2 41 826 0.2716122448979592
98 113 276 0.2715714285714286
3 63 726 0.2715102040816326
2 64 992 0.2714489795918367
39 108 341 0.27122448979591834
43 48 391 0.27106122448979586
28 92 903 0.27095918367346944
3 9 596 0.27087755102040817
38 95 382 0.2708163265306123
12 15 906 0.2702653061224489
97 114 263 0.27016326530612245
17 27 691 0.27
33 63 547 0.2698979591836735
28 70 247 0.2698367346938776
73 80 850 0.26963265306122447
65 98 917 0.2695306122448981
31 91 1172 0.2695102040816327
3 19 382 0.2694897959183673
22 61 1099 0.26918367346938776
23 89 1070 0.2691020408163265
48 84 706 0.2690612244897959
21 39 356 0.26904081632653065
42 60 630 0.2689387755102041
81 84 1146 0.2686326530612246
103 107 239 0.26861224489795926
3 18 417 0.2685714285714286
29 62 1067 0.26853061224489794
56 81 1090 0.27387500000000004
73 91 794 0.26826530612244903
23 29 606 0.26824489795918377
46 52 244 0.26824489795918366
72 89 886 0.2679591836734694
29 58 1070 0.2679387755102041
7 38 940 0.2679183673469388
20 74 213 0.27339583333333334
30 69 868 0.2677959183673469
46 51 585 0.2677755102040816
92 103 574 0.26773469387755106
2 67 952 0.267734693877551
30 48 1211 0.26769387755102036
6 87 1046 0.2676734693877551
49 53 406 0.2675510204081633
28 90 801 0.26753061224489794
95 114 280 0.267469387755102
56 67 623 0.26740816326530614
92 101 634 0.2673673469387755
6 81 1103 0.2673469387755102
55 111 434 0.26732653061224493
43 60 748 0.2671428571428572
90 100 182 0.26704081632653054
23 85 1053 0.26700000000000007
65 92 1075 0.26675510204081637
7 54 1142 0.2662244897959183
81 92 1104 0.265857142857143
19 57 426 0.2655918367346939
4 6 536 0.26548979591836724
3 16 850 0.2654489795918368
23 61 1058 0.2651836734693878
15 29 295 0.2651224489795918
50 72 861 0.26510204081632655
32 90 926 0.2650204081632652
31 90 1214 0.2649591836734694
43 50 494 0.26469387755102036
74 105 731 0.26469387755102036
22 80 882 0.2645918367346939
47 60 806 0.26457142857142857
57 69 378 0.26434693877551024
32 92 1015 0.2697916666666667
23 36 889 0.26422448979591834
77 81 453 0.264122448979592
108 114 218 0.2638979591836735
27 63 984 0.26363265306122446
62 74 590 0.26363265306122446
105 106 359 0.2634897959183673
23 80 975 0.263469387755102
11 61 675 0.2631632653061224
29 33 510 0.2631428571428571
72 88 483 0.2630816326530612
46 112 262 0.2629795918367346
42 88 725 0.2629591836734694
5 17 702 0.26279591836734695
90 104 351 0.26277551020408163
46 99 446 0.26820833333333327
3 6 559 0.26242857142857146
31 52 1259 0.26242857142857146
66 73 837 0.26228571428571434
79 91 645 0.2621020408163265
73 78 740 0.2620408163265306
36 55 626 0.2618571428571429
7 56 986 0.2618163265306122
50 53 744 0.26169387755102036
17 75 351 0.261673469387755
21 41 236 0.261408163265306
5 32 873 0.2613673469387755
101 104 464 0.26132653061224487
48 80 763 0.26118367346938776
15 27 336 0.2611428571428571
6 55 1131 0.2610816326530611
30 91 1188 0.26085714285714295
69 74 789 0.2606530612244897
78 91 1010 0.26036734693877556
21 74 343 0.2603469387755103
33 54 782 0.2603265306122449
6 96 943 0.2603265306122449
32 91 981 0.26018367346938776
1 59 541 0.2599795918367347
0 31 726 0.25973469387755105
4 80 798 0.2597142857142857
38 97 469 0.25961224489795903
66 68 378 0.25944897959183677
6 60 799 0.25944897959183666
23 28 680 0.2593265306122449
5 63 1010 0.25932653061224487
81 91 617 0.25932653061224487
3 25 566 0.25924489795918365
29 89 469 0.2591428571428572
43 98 522 0.25891836734693874
25 63 1053 0.25889795918367353
97 104 399 0.25887755102040816
24 63 1140 0.25877551020408174
28 66 818 0.258734693877551
1 18 493 0.25871428571428573
82 88 444 0.25865306122448983
81 85 175 0.25861224489795914
16 40 399 0.2584489795918367
93 112 343 0.2583673469387754
23 57 858 0.2582653061224489
63 78 1033 0.2580816326530612
8 25 389 0.258
4 22 457 0.2577755102040816
21 40 380 0.25771428571428573
17 37 368 0.25769387755102036
1 31 666 0.2576326530612244
7 61 813 0.25748979591836746
31 73 397 0.2568979591836735
30 75 454 0.2568979591836734
50 81 1084 0.25675510204081636
92 104 310 0.25667346938775504
7 17 463 0.256530612244898
45 88 963 0.2563265306122449
81 90 1103 0.2561428571428571
14 27 449 0.2560408163265306
2 77 699 0.25597959183673474
69 76 643 0.25591836734693874
15 20 521 0.25587755102040816
91 112 368 0.2558367346938776
13 22 606 0.25579591836734694
32 81 728 0.2557755102040816
23 55 1060 0.25573469387755104
28 59 1073 0.2557142857142858
87 88 1035 0.25569387755102047
29 92 1119 0.2556938775510203
33 91 952 0.255591836734694
28 50 883 0.2555918367346939
37 87 433 0.26083333333333325
98 102 260 0.25542857142857145
4 81 1037 0.2553469387755102
52 90 240 0.2553061224489796
26 29 574 0.2552244897959184
23 79 797 0.2552244897959184
11 65 770 0.25495918367346937
80 93 1087 0.2548367346938776
67 110 507 0.2548367346938775
107 115 298 0.25469387755102035
21 75 222 0.2599791666666667
38 87 730 0.25457142857142856
27 72 496 0.25448979591836735
22 81 978 0.2544897959183673
71 76 392 0.2544897959183673
19 30 607 0.25440816326530624
3 37 746 0.2543673469387755
0 25 940 0.2543673469387754
21 73 247 0.25422448979591833
46 60 624 0.2541632653061225
37 67 679 0.25412244897959185
5 20 424 0.25410204081632654
23 26 522 0.25395918367346937
28 82 255 0.253795918367347
7 98 1238 0.2537755102040817
33 55 720 0.25375510204081625
7 11 254 0.25361224489795925
90 103 653 0.2534897959183673
80 82 469 0.25340816326530624
26 81 899 0.25336734693877555
18 32 279 0.2531224489795918
48 83 1266 0.2531224489795918
2 78 668 0.2530612244897959
23 32 683 0.25297959183673474
4 25 258 0.25279591836734694
2 76 630 0.25263265306122445
9 14 725 0.2525714285714285
7 72 750 0.25251020408163266
102 113 317 0.25244897959183676
20 36 396 0.2524285714285714
43 110 298 0.2523673469387755
6 76 615 0.2523061224489796
30 52 1201 0.25228571428571434
52 58 705 0.25210204081632653
59 84 1069 0.2521020408163265
59 76 776 0.2520612244897959
46 48 368 0.2517755102040817
4 37 812 0.251734693877551
2 16 591 0.2517142857142857
34 66 268 0.2517142857142856
3 79 634 0.2515918367346938
71 74 359 0.25155102040816313
2 57 856 0.25146938775510197
20 37 510 0.25138775510204087
19 32 289 0.2513673469387755
0 68 414 0.25130612244897954
28 35 670 0.2512448979591837
43 88 861 0.2511836734693878
80 92 736 0.2509591836734694
9 27 309 0.2509183673469388
48 66 357 0.2509183673469387
6 85 1205 0.25044897959183676
9 81 803 0.25042857142857144
7 80 1088 0.2504081632653061
16 22 735 0.25036734693877544
7 47 1090 0.25018367346938775
45 60 681 0.2501632653061225
69 90 1119 0.24991836734693879
1 23 707 0.24989795918367352
26 62 996 0.24987755102040815
5 28 699 0.24983673469387754
40 78 376 0.24979591836734705
94 114 259 0.25495833333333334
5 21 332 0.24965306122448977
40 83 731 0.24959183673469393
72 93 1011 0.2493877551020409
13 34 921 0.24932653061224497
59 74 961 0.24932653061224488
38 74 265 0.24924489795918373
14 24 389 0.24918367346938777
93 104 478 0.24918367346938777
73 92 1046 0.2490816326530613
59 68 484 0.2490612244897959
76 90 664 0.24879591836734696
57 80 1050 0.24875510204081644
41 80 868 0.24869387755102043
67 78 722 0.24869387755102035
56 60 232 0.2485102040816327
46 110 220 0.24836734693877555
23 64 1238 0.2483061224489796
29 32 631 0.24806122448979598
41 77 345 0.24797959183673465
17 40 824 0.2478367346938776
5 72 634 0.247795918367347
40 90 683 0.24777551020408164
17 25 762 0.24771428571428572
2 28 507 0.2476734693877551
78 90 619 0.24763265306122453
48 85 925 0.2476122448979592
51 81 628 0.24759183673469387
11 66 951 0.24751020408163255
31 48 1244 0.24742857142857144
97 98 437 0.24738775510204092
44 98 563 0.24734693877551028
96 108 167 0.247265306122449
7 79 561 0.24718367346938774
7 99 1088 0.24712244897959187
6 98 1088 0.24710204081632653
47 51 339 0.24706122448979603
65 80 1107 0.24704081632653063
21 37 403 0.2469387755102041
2 62 788 0.24689795918367338
25 60 1224 0.2468163265306123
6 56 576 0.24653061224489792
21 70 303 0.24646938775510194
54 97 484 0.24630612244897968
33 51 793 0.24626530612244896
42 96 429 0.2513541666666666
38 88 311 0.2461836734693878
21 72 388 0.24610204081632656
37 109 343 0.2460816326530612
78 93 1024 0.24599999999999989
81 93 713 0.24589795918367346
103 106 532 0.24583673469387762
49 84 982 0.24581632653061225
46 54 354 0.24579591836734696
7 84 1202 0.2457755102040817
12 30 419 0.25072916666666667
103 113 295 0.24555102040816326
50 80 641 0.24546938775510213
28 51 1138 0.2454285714285714
22 84 1027 0.24542857142857136
77 109 318 0.24538775510204083
53 99 316 0.24536734693877554
51 80 1087 0.2453469387755102
50 83 1292 0.24528571428571436
113 115 188 0.2452448979591837
2 73 679 0.24520408163265311
4 23 506 0.25006249999999997
104 113 229 0.244734693877551
58 81 1039 0.24981249999999997
55 108 332 0.24453061224489797
59 72 1001 0.24440816326530615
57 59 382 0.24416326530612245
18 33 288 0.24410204081632658
43 111 293 0.24406122448979586
39 109 356 0.2440204081632654
48 67 417 0.2490833333333333
29 51 876 0.24387755102040815
58 69 426 0.2436938775510204
54 87 939 0.24367346938775505
40 77 472 0.24365306122448976
56 99 1051 0.24359183673469387
44 55 743 0.24856249999999994
28 88 461 0.2434285714285714
91 105 371 0.24342857142857138
31 54 940 0.24338775510204078
52 98 272 0.24338775510204075
13 66 1090 0.2432448979591837
41 105 605 0.24324489795918364
49 89 783 0.2428775510204082
9 23 475 0.24281632653061225
31 51 1202 0.24277551020408158
76 92 745 0.24275510204081635
17 91 767 0.24265306122448982
1 67 578 0.24263265306122447
107 114 333 0.242530612244898
31 69 862 0.24248979591836733
3 26 678 0.24238775510204086
34 110 327 0.24236734693877554
20 39 459 0.24731249999999994
74 91 918 0.24220408163265295
102 105 355 0.2420816326530613
2 72 507 0.24183673469387762
55 64 984 0.24181632653061225
93 105 305 0.24171428571428577
101 105 274 0.24167346938775514
6 93 1425 0.2416530612244899
23 62 1065 0.24163265306122456
36 95 408 0.24155102040816326
76 91 787 0.24151020408163268
3 65 942 0.24650000000000005
27 88 863 0.24146938775510204
74 92 834 0.24134693877551017
39 77 312 0.2412857142857143
100 113 356 0.24124489795918355
51 59 486 0.24116326530612245
94 105 354 0.24112244897959179
7 22 454 0.24110204081632652
30 51 1224 0.24106122448979586
5 22 506 0.2410408163265306
35 62 643 0.2409183673469388
31 34 815 0.24087755102040823
105 108 296 0.24087755102040817
34 45 409 0.24087755102040811
20 72 238 0.24574999999999994
35 44 409 0.24067346938775505
62 79 1049 0.24065306122448982
1 45 800 0.24061224489795915
6 99 1231 0.24059183673469384
17 26 792 0.24053061224489794
6 41 867 0.24051020408163262
32 80 590 0.2404693877551021
52 64 474 0.24044897959183667
42 89 824 0.24024489795918375
26 63 1067 0.24008163265306118
60 85 1115 0.24004081632653068
57 58 735 0.2400408163265306
28 48 960 0.24002040816326536
109 110 135 0.23997959183673462
48 73 1028 0.23975510204081632
80 91 1082 0.23973469387755103
6 39 942 0.2396734693877551
51 55 568 0.23957142857142857
9 92 1428 0.23957142857142852
17 59 758 0.23955102040816328
22 59 1169 0.239530612244898
58 84 737 0.23953061224489797
31 61 975 0.2395102040816327
23 67 1077 0.23948979591836736
13 31 424 0.2394285714285715
22 29 677 0.24441666666666664
54 67 776 0.23930612244897953
30 68 827 0.24422916666666672
28 93 1101 0.23914285714285713
59 73 875 0.23914285714285705
16 65 1088 0.23897959183673467
55 60 1020 0.23897959183673467
7 77 619 0.23891836734693875
1 6 868 0.24381249999999996
13 110 981 0.23877551020408158
17 58 1029 0.23875510204081632
63 88 1219 0.23873469387755106
23 37 838 0.23857142857142857
60 66 370 0.23853061224489805
30 34 790 0.23851020408163257
3 44 1158 0.2384693877551021
4 20 334 0.23842857142857138
104 115 184 0.24331249999999996
81 89 308 0.23826530612244884
42 99 482 0.23822448979591837
45 66 369 0.23816326530612245
13 17 364 0.23814285714285718
23 78 887 0.23814285714285718
40 79 762 0.23814285714285713
1 13 546 0.23808163265306123
23 96 1081 0.2380204081632654
42 61 760 0.23799999999999993
27 87 439 0.23783673469387762
29 65 759 0.23781632653061233
8 22 480 0.23781632653061224
15 24 514 0.23779591836734693
74 93 940 0.23777551020408155
43 53 293 0.23775510204081637
38 83 760 0.23773469387755097
42 52 325 0.23771428571428574
37 80 842 0.24254166666666657
16 25 843 0.2375510204081632
75 90 927 0.2373265306122449
1 25 905 0.23724489795918371
31 88 956 0.23716326530612244
13 60 1245 0.23706122448979594
38 82 362 0.23702040816326542
79 92 1051 0.23697959183673473
93 113 317 0.23691836734693875
21 97 595 0.23683673469387764
2 55 1100 0.23677551020408164
6 77 737 0.23665306122448984
21 29 329 0.24150000000000005
46 67 554 0.23657142857142863
14 88 613 0.23657142857142854
97 113 312 0.2365102040816327
23 99 1227 0.23651020408163262
38 72 305 0.2365102040816326
17 50 1130 0.2364693877551021
6 79 969 0.23644897959183667
0 16 380 0.23634693877551013
59 64 750 0.2363265306122448
6 84 795 0.24108333333333332
27 89 807 0.23616326530612244
28 104 781 0.23616326530612244
36 94 246 0.23616326530612244
37 85 343 0.23610204081632655
29 35 608 0.23606122448979597
23 56 916 0.2360612244897959
83 85 549 0.23602040816326533
26 33 750 0.23595918367346938
99 103 258 0.23585714285714293
8 80 764 0.23579591836734706
98 100 250 0.23567346938775507
3 57 605 0.23565306122448973
55 67 703 0.2356122448979593
25 35 978 0.2355918367346939
59 81 740 0.23557142857142854
102 106 217 0.23551020408163265
69 75 761 0.2354897959183673
20 29 497 0.23546938775510204
36 65 943 0.2353061224489797
41 55 403 0.23524489795918363
12 57 1101 0.23522448979591834
16 45 943 0.23520408163265302
29 45 930 0.2401041666666666
1 34 639 0.23518367346938782
4 63 1183 0.23518367346938782
31 93 1221 0.23514285714285707
66 72 771 0.23512244897959192
17 24 864 0.2351020408163265
43 58 647 0.2351020408163265
2 93 1417 0.23502040816326533
54 99 587 0.2398541666666667
30 64 1064 0.2349183673469388
80 90 609 0.23491836734693872
15 21 348 0.2347551020408163
33 72 507 0.234734693877551
10 17 1029 0.23471428571428582
56 79 965 0.23467346938775518
40 54 405 0.23956249999999998
35 63 527 0.2346326530612245
58 73 998 0.23461224489795923
3 96 1030 0.2345510204081633
59 90 1104 0.23446938775510198
92 113 313 0.2344489795918368
29 48 1093 0.2343877551020408
11 73 310 0.2343673469387755
48 79 933 0.2343673469387755
33 53 922 0.23424489795918374
33 50 858 0.23424489795918366
41 79 379 0.23418367346938776
59 60 718 0.23906249999999998
4 17 918 0.2341836734693877
63 92 1202 0.23412244897959195
7 42 1234 0.2341224489795919
81 104 910 0.23404081632653065
38 86 366 0.2339591836734694
28 69 863 0.23381632653061227
1 58 829 0.233795918367347
31 99 1044 0.23379591836734692
29 59 896 0.2337755102040816
55 87 559 0.23373469387755097
25 67 1191 0.23365306122448978
5 76 752 0.2384791666666666
44 83 1178 0.23357142857142862
30 61 1024 0.2335510204081633
47 64 724 0.23342857142857137
92 98 220 0.23340816326530614
31 98 1080 0.2333469387755102
11 110 876 0.23334693877551016
36 97 483 0.2333061224489796
10 72 309 0.23328571428571432
26 28 478 0.23328571428571432
3 55 957 0.23324489795918366
50 67 562 0.2332244897959184
3 13 410 0.23316326530612258
31 75 419 0.2330612244897959
1 22 766 0.23297959183673475
6 80 635 0.23297959183673467
8 27 425 0.23289795918367348
30 74 403 0.23285714285714287
2 74 545 0.23283673469387756
7 111 1173 0.23271428571428573
7 40 863 0.23267346938775513
28 58 871 0.23265306122448984
1 7 452 0.2326530612244898
66 81 845 0.23263265306122446
41 67 852 0.23259183673469386
60 65 898 0.23259183673469377
91 111 390 0.23257142857142848
29 64 1119 0.23248979591836733
45 83 1099 0.23246938775510204
2 24 548 0.23244897959183672
31 72 482 0.23716666666666672
25 62 1130 0.2323265306122449
6 18 473 0.23228571428571432
44 67 332 0.2322857142857142
36 59 964 0.23214285714285715
105 113 210 0.23206122448979596
6 54 918 0.2320408163265306
5 14 572 0.23197959183673467
1 69 441 0.2318163265306122
23 46 1256 0.23177551020408163
48 59 599 0.2315510204081632
29 70 512 0.23148979591836735
102 107 560 0.2313673469387755
93 99 208 0.2312448979591836
48 75 966 0.23597916666666666
58 67 368 0.23114285714285718
9 79 739 0.2311428571428571
27 80 871 0.23112244897959175
17 41 414 0.23108163265306128
7 64 1244 0.2309591836734694
27 62 1061 0.23093877551020414
96 114 265 0.23091836734693869
27 86 519 0.23085714285714287
27 38 594 0.23077551020408163
43 89 647 0.23065306122448984
17 65 592 0.2306326530612245
37 99 410 0.23061224489795917
14 28 286 0.2305918367346939
17 93 856 0.2305918367346939
16 88 420 0.23046938775510206
45 74 897 0.2304489795918367
91 102 669 0.2303061224489796
37 94 426 0.23028571428571426
26 30 321 0.23502083333333343
2 40 693 0.23022448979591828
1 30 736 0.23010204081632654
25 81 899 0.2300816326530612
56 65 961 0.23002040816326533
41 90 932 0.22997959183673458
31 83 561 0.2298979591836735
81 88 1121 0.22987755102040822
7 41 617 0.22987755102040816
22 89 1126 0.22983673469387744
2 56 626 0.22979591836734703
69 91 1081 0.22977551020408163
98 110 300 0.2297551020408164
67 83 1007 0.22969387755102036
31 68 842 0.2296734693877551
7 28 831 0.22961224489795914
47 48 490 0.2295918367346938
51 72 1050 0.22957142857142862
7 43 1111 0.2295714285714286
39 83 378 0.22955102040816322
63 74 885 0.22944897959183677
58 79 946 0.22936734693877553
15 110 937 0.2293061224489796
19 23 597 0.2292244897959184
2 84 897 0.22916326530612247
6 38 753 0.22916326530612247
26 32 791 0.22916326530612244
10 60 650 0.22912244897959183
34 62 521 0.2291020408163265
1 64 1017 0.22906122448979604
14 44 1213 0.22906122448979588
62 67 707 0.2290408163265307
5 33 790 0.22904081632653056
26 88 791 0.22891836734693874
46 69 840 0.22883673469387758
109 111 273 0.2287142857142857
90 101 719 0.22861224489795925
63 91 760 0.22861224489795923
21 110 690 0.2285714285714286
45 98 655 0.22853061224489804
45 63 653 0.2285102040816327
75 91 753 0.2283673469387755
56 64 404 0.22836734693877542
5 29 493 0.22834693877551027
33 81 613 0.22826530612244902
31 89 902 0.2282244897959184
41 92 949 0.22822448979591836
16 92 852 0.22822448979591833
33 93 1027 0.2280204081632653
65 73 763 0.22799999999999998
4 76 685 0.22785714285714287
5 62 1190 0.2277755102040816
64 67 549 0.2277551020408164
37 60 955 0.22775510204081623
9 76 849 0.22771428571428567
7 16 964 0.22761224489795917
16 89 1095 0.22759183673469394
22 50 1336 0.22759183673469394
15 44 1279 0.22748979591836735
84 89 1110 0.22748979591836732
74 104 675 0.2274285714285713
58 78 663 0.22740816326530613
7 46 1197 0.23214583333333327
3 74 666 0.22736734693877556
81 83 446 0.2273061224489796
17 45 840 0.22722448979591833
72 83 754 0.22718367346938778
99 101 266 0.22718367346938778
42 58 582 0.22718367346938775
2 50 1192 0.2270816326530612
6 89 1224 0.22708163265306117
43 61 571 0.2269795918367348
51 75 837 0.22693877551020417
5 80 1015 0.22693877551020414
58 85 1034 0.2269387755102041
2 38 808 0.22693877551020403
25 39 702 0.22681632653061218
24 35 1010 0.2265714285714286
73 93 853 0.2265714285714286
58 68 392 0.226469387755102
99 114 265 0.2264285714285714
0 23 768 0.2263877551020408
17 22 814 0.2263877551020408
39 105 458 0.22634693877551015
5 83 447 0.22632653061224484
3 78 879 0.22630612244897957
30 66 976 0.22626530612244897
26 72 433 0.2261836734693877
22 49 1332 0.2261224489795919
16 32 504 0.22599999999999995
9 61 1165 0.22595918367346937
17 90 1158 0.22589795918367353
23 49 1325 0.22585714285714287
48 74 887 0.2258367346938775
2 98 1139 0.22581632653061223
2 12 394 0.22579591836734692
31 64 1128 0.23043750000000005
38 67 820 0.22569387755102036
96 113 315 0.2255714285714286
2 88 959 0.225469387755102
11 67 846 0.2301666666666666
56 92 1017 0.22540816326530613
8 55 1109 0.22538775510204082
65 83 931 0.22534693877551024
46 92 368 0.22526530612244902
75 80 775 0.2252653061224489
17 77 417 0.22524489795918368
103 114 282 0.22520408163265304
28 71 506 0.2251632653061224
17 89 445 0.22510204081632657
51 65 287 0.2251020408163265
6 30 365 0.22508163265306125
76 105 661 0.225061224489796
9 54 1133 0.22502040816326535
10 67 935 0.22502040816326527
0 67 703 0.22497959183673463
4 62 1000 0.22493877551020405
55 92 735 0.22487755102040813
17 35 579 0.22479591836734694
37 108 355 0.22479591836734694
8 23 562 0.224734693877551
38 77 447 0.22463265306122449
14 86 272 0.22461224489795914
112 114 196 0.22459183673469393
40 48 953 0.22459183673469385
99 115 285 0.22453061224489798
1 44 896 0.22446938775510208
50 63 1042 0.22440816326530605
67 99 690 0.2243877551020408
39 89 325 0.22436734693877547
49 83 1093 0.22430612244897957
