116 2668
0 56 174 1
56 0 174 1
3 7 185 1
7 3 185 1
94 108 97 1
108 94 97 1
38 97 469 1
97 38 469 1
20 41 386 1
41 20 386 1
79 81 136 1
81 79 136 1
75 77 210 1
77 75 210 1
73 75 84 1
75 73 84 1
28 81 975 1
81 28 975 1
72 79 733 1
79 72 733 1
90 92 135 1
92 90 135 1
72 74 76 1
74 72 76 1
73 77 274 1
77 73 274 1
70 73 402 1
73 70 402 1
76 77 238 1
77 76 238 1
56 61 920 1
61 56 920 1
16 79 934 1
79 16 934 1
63 79 303 1
79 63 303 1
28 72 116 1
72 28 116 1
49 64 714 1
64 49 714 1
74 79 666 1
79 74 666 1
44 48 114 1
48 44 114 1
10 63 1159 1
63 10 1159 1
64 88 675 1
88 64 675 1
70 77 376 1
77 70 376 1
72 81 860 1
81 72 860 1
96 109 176 1
109 96 176 1
20 75 348 1
75 20 348 1
16 81 1063 1
81 16 1063 1
108 109 87 1
109 108 87 1
16 63 1092 1
63 16 1092 1
41 75 187 1
75 41 187 1
55 89 213 1
89 55 213 1
26 41 487 1
41 26 487 1
16 72 287 1
72 16 287 1
73 76 450 1
76 73 450 1
36 40 213 1
40 36 213 1
96 110 214 1
110 96 214 1
45 49 111 1
49 45 111 1
75 76 374 1
76 75 374 1
70 75 355 1
75 70 355 1
10 79 992 1
79 10 992 1
98 113 276 1
113 98 276 1
37 72 595 1
72 37 595 1
16 78 122 1
78 16 122 1
21 41 236 1
41 21 236 1
28 29 741 1
29 28 741 1
94 109 127 1
109 94 127 1
34 35 126 1
35 34 126 1
3 89 961 1
89 3 961 1
0 61 943 1
61 0 943 1
61 65 175 1
65 61 175 1
17 28 894 1
28 17 894 1
29 31 454 1
31 29 454 1
39 55 254 1
55 39 254 1
59 61 271 1
61 59 271 1
20 26 232 1
26 20 232 1
54 88 224 1
88 54 224 1
13 15 277 1
15 13 277 1
3 51 1145 1
51 3 1145 1
58 66 198 1
66 58 198 1
90 91 735 1
91 90 735 1
23 84 1113 1
84 23 1113 1
45 64 610 1
64 45 610 1
29 72 629 1
72 29 629 1
37 74 520 1
74 37 520 1
96 98 184 1
98 96 184 1
32 60 487 1
60 32 487 1
16 28 220 1
28 16 220 1
95 97 97 1
97 95 97 1
31 33 517 1
33 31 517 1
50 52 243 1
52 50 243 1
102 103 508 1
103 102 508 1
70 76 285 1
76 70 285 1
7 49 1147 1
49 7 1147 1
10 16 218 1
16 10 218 1
42 46 173 1
46 42 173 1
21 25 360 1
25 21 360 1
23 51 1340 1
51 23 1340 1
36 84 341 1
84 36 341 1
29 81 342 1
81 29 342 1
7 51 1137 1
51 7 1137 1
68 69 164 1
69 68 164 1
27 64 1222 1
64 27 1222 1
46 47 309 1
47 46 309 1
101 103 106 1
103 101 106 1
17 29 223 1
29 17 223 1
22 48 1339 1
48 22 1339 1
84 88 224 1
88 84 224 1
43 47 146 1
47 43 146 1
7 9 490 1
9 7 490 1
20 73 397 1
73 20 397 1
41 73 204 1
73 41 204 1
36 55 626 1
55 36 626 1
21 27 209 1
27 21 209 1
46 110 220 1
110 46 220 1
24 25 135 1
25 24 135 1
89 99 398 1
99 89 398 1
82 86 143 1
86 82 143 1
22 44 1293 1
44 22 1293 1
58 67 368 1
67 58 368 1
38 95 382 1
95 38 382 1
14 96 772 1
96 14 772 1
39 97 289 1
97 39 289 1
59 67 245 1
67 59 245 1
84 89 1110 1
89 84 1110 1
16 74 335 1
74 16 335 1
33 65 634 1
65 33 634 1
63 74 885 1
74 63 885 1
24 62 1081 1
62 24 1081 1
51 89 661 1
89 51 661 1
55 88 845 1
88 55 845 1
39 108 341 1
108 39 341 1
51 84 1058 1
84 51 1058 1
10 81 1126 1
81 10 1126 1
28 79 847 1
79 28 847 1
29 33 510 1
33 29 510 1
3 9 596 1
9 3 596 1
10 74 381 1
74 10 381 1
59 65 304 1
65 59 304 1
63 81 293 1
81 63 293 1
48 50 202 1
50 48 202 1
5 27 165 1
27 5 165 1
36 88 289 1
88 36 289 1
9 92 1428 1
92 9 1428 1
20 77 434 1
77 20 434 1
8 14 205 1
14 8 205 1
33 62 690 1
62 33 690 1
38 110 451 1
110 38 451 1
64 89 1175 1
89 64 1175 1
10 72 309 1
72 10 309 1
39 95 233 1
95 39 233 1
50 69 818 1
69 50 818 1
97 110 221 1
110 97 221 1
6 8 485 1
8 6 485 1
15 31 431 1
31 15 431 1
13 22 606 1
22 13 606 1
74 81 792 1
81 74 792 1
96 113 315 1
113 96 315 1
12 57 1101 1
57 12 1101 1
54 64 608 1
64 54 608 1
98 114 276 1
114 98 276 1
17 80 1070 1
80 17 1070 1
21 26 271 1
26 21 271 1
91 112 368 1
112 91 368 1
88 99 803 1
99 88 803 1
9 51 1357 1
51 9 1357 1
3 49 1127 1
49 3 1127 1
27 88 863 1
88 27 863 1
55 108 332 1
108 55 332 1
61 67 382 1
67 61 382 1
2 32 513 1
32 2 513 1
53 84 1054 1
84 53 1054 1
61 63 238 1
63 61 238 1
32 33 149 1
33 32 149 1
7 89 868 1
89 7 868 1
5 84 1110 1
84 5 1110 1
86 89 1016 1
89 86 1016 1
92 93 608 1
93 92 608 1
98 104 286 1
104 98 286 1
12 80 516 1
80 12 516 1
36 47 622 1
47 36 622 1
53 88 1043 1
88 53 1043 1
55 99 216 1
99 55 216 1
15 29 295 1
29 15 295 1
49 66 437 1
66 49 437 1
74 78 322 1
78 74 322 1
54 99 587 1
99 54 587 1
58 60 266 1
60 58 266 1
25 42 1319 1
42 25 1319 1
36 110 412 1
110 36 412 1
11 13 168 1
13 11 168 1
28 80 329 1
80 28 329 1
2 62 788 1
62 2 788 1
53 91 265 1
91 53 265 1
73 74 458 1
74 73 458 1
6 11 866 1
11 6 866 1
26 87 560 1
87 26 560 1
31 71 265 1
71 31 265 1
105 106 359 1
106 105 359 1
15 24 514 1
24 15 514 1
37 81 336 1
81 37 336 1
42 43 239 1
43 42 239 1
63 72 944 1
72 63 944 1
29 79 257 1
79 29 257 1
46 111 189 1
111 46 189 1
3 23 271 1
23 3 271 1
9 23 475 1
23 9 475 1
37 79 267 1
79 37 267 1
47 111 188 1
111 47 188 1
5 88 1026 1
88 5 1026 1
33 72 507 1
72 33 507 1
56 78 391 1
78 56 391 1
92 105 456 1
105 92 456 1
36 38 122 1
38 36 122 1
64 99 908 1
99 64 908 1
23 86 866 1
86 23 866 1
36 54 228 1
54 36 228 1
90 112 377 1
112 90 377 1
37 97 271 1
97 37 271 1
91 92 669 1
92 91 669 1
4 26 161 1
26 4 161 1
20 21 185 1
21 20 185 1
40 55 690 1
55 40 690 1
45 66 369 1
66 45 369 1
53 55 448 1
55 53 448 1
43 50 494 1
50 43 494 1
95 108 123 1
108 95 123 1
20 70 213 1
70 20 213 1
29 37 304 1
37 29 304 1
38 39 465 1
39 38 465 1
20 106 592 1
106 20 592 1
23 64 1238 1
64 23 1238 1
36 96 257 1
96 36 257 1
28 37 709 1
37 28 709 1
5 9 157 1
9 5 157 1
47 110 210 1
110 47 210 1
62 65 1049 1
65 62 1049 1
3 64 1134 1
64 3 1134 1
22 62 972 1
62 22 972 1
64 84 478 1
84 64 478 1
78 79 878 1
79 78 878 1
56 59 788 1
59 56 788 1
80 103 1029 1
103 80 1029 1
28 70 247 1
70 28 247 1
36 97 483 1
97 36 483 1
56 63 1014 1
63 56 1014 1
88 89 1035 1
89 88 1035 1
14 28 286 1
28 14 286 1
27 99 955 1
99 27 955 1
55 64 984 1
64 55 984 1
55 84 914 1
84 55 914 1
43 110 298 1
110 43 298 1
90 93 690 1
93 90 690 1
7 64 1244 1
64 7 1244 1
42 44 208 1
44 42 208 1
43 46 341 1
46 43 341 1
25 26 225 1
26 25 225 1
36 109 326 1
109 36 326 1
95 109 146 1
109 95 146 1
5 91 1178 1
91 5 1178 1
72 78 300 1
78 72 300 1
110 113 304 1
113 110 304 1
14 82 179 1
82 14 179 1
21 97 595 1
97 21 595 1
55 94 428 1
94 55 428 1
90 105 516 1
105 90 516 1
113 114 95 1
114 113 95 1
17 57 439 1
57 17 439 1
32 62 548 1
62 32 548 1
29 70 512 1
70 29 512 1
29 73 113 1
73 29 113 1
49 89 783 1
89 49 783 1
53 90 787 1
90 53 787 1
56 65 961 1
65 56 961 1
2 60 843 1
60 2 843 1
10 70 382 1
70 10 382 1
15 44 1279 1
44 15 1279 1
91 99 166 1
99 91 166 1
14 83 858 1
83 14 858 1
63 78 1033 1
78 63 1033 1
73 79 296 1
79 73 296 1
73 81 406 1
81 73 406 1
6 60 799 1
60 6 799 1
81 111 760 1
111 81 760 1
82 110 802 1
110 82 802 1
92 100 157 1
100 92 157 1
106 107 486 1
107 106 486 1
27 58 1265 1
58 27 1265 1
49 51 172 1
51 49 172 1
2 22 228 1
22 2 228 1
26 73 503 1
73 26 503 1
12 17 1046 1
17 12 1046 1
38 49 943 1
49 38 943 1
84 86 610 1
86 84 610 1
45 54 766 1
54 45 766 1
23 89 1070 1
89 23 1070 1
47 96 412 1
96 47 412 1
53 99 316 1
99 53 316 1
14 113 1044 1
113 14 1044 1
17 81 182 1
81 17 182 1
82 113 905 1
113 82 905 1
14 110 912 1
110 14 912 1
21 38 458 1
38 21 458 1
27 89 807 1
89 27 807 1
37 73 278 1
73 37 278 1
36 82 401 1
82 36 401 1
4 15 597 1
15 4 597 1
4 42 1278 1
42 4 1278 1
6 12 248 1
12 6 248 1
17 72 781 1
72 17 781 1
20 76 380 1
76 20 380 1
10 57 1032 1
57 10 1032 1
64 66 392 1
66 64 392 1
14 80 575 1
80 14 575 1
42 48 243 1
48 42 243 1
29 74 571 1
74 29 571 1
41 76 493 1
76 41 493 1
33 74 480 1
74 33 480 1
36 53 880 1
53 36 880 1
40 96 436 1
96 40 436 1
42 50 271 1
50 42 271 1
7 66 1007 1
66 7 1007 1
34 49 481 1
49 34 481 1
40 82 231 1
82 40 231 1
55 95 221 1
95 55 221 1
32 65 681 1
65 32 681 1
41 77 345 1
77 41 345 1
60 61 893 1
61 60 893 1
70 72 158 1
72 70 158 1
23 93 1407 1
93 23 1407 1
86 99 956 1
99 86 956 1
27 41 398 1
41 27 398 1
55 97 173 1
97 55 173 1
58 107 1147 1
107 58 1147 1
3 55 957 1
55 3 957 1
8 92 1269 1
92 8 1269 1
42 74 795 1
74 42 795 1
70 81 769 1
81 70 769 1
45 60 681 1
60 45 681 1
23 49 1325 1
49 23 1325 1
38 54 263 1
54 38 263 1
58 59 496 1
59 58 496 1
58 64 312 1
64 58 312 1
0 27 931 1
27 0 931 1
104 105 204 1
105 104 204 1
10 37 891 1
37 10 891 1
11 17 224 1
17 11 224 1
15 33 738 1
33 15 738 1
15 25 386 1
25 15 386 1
100 102 87 1
102 100 87 1
32 61 611 1
61 32 611 1
45 99 570 1
99 45 570 1
46 96 270 1
96 46 270 1
82 97 814 1
97 82 814 1
109 110 135 1
110 109 135 1
9 84 1241 1
84 9 1241 1
17 19 648 1
19 17 648 1
36 46 482 1
46 36 482 1
82 85 1121 1
85 82 1121 1
91 93 118 1
93 91 118 1
7 34 875 1
34 7 875 1
12 70 392 1
70 12 392 1
12 28 275 1
28 12 275 1
51 86 1310 1
86 51 1310 1
76 81 691 1
81 76 691 1
2 6 165 1
6 2 165 1
14 100 965 1
100 14 965 1
38 82 362 1
82 38 362 1
4 44 1341 1
44 4 1341 1
5 89 870 1
89 5 870 1
26 75 488 1
75 26 488 1
37 95 241 1
95 37 241 1
39 109 356 1
109 39 356 1
42 111 258 1
111 42 258 1
40 88 385 1
88 40 385 1
52 69 993 1
69 52 993 1
96 97 322 1
97 96 322 1
98 100 250 1
100 98 250 1
78 81 1002 1
81 78 1002 1
80 101 1111 1
101 80 1111 1
0 111 985 1
111 0 985 1
14 98 912 1
98 14 912 1
16 29 882 1
29 16 882 1
28 74 188 1
74 28 188 1
82 83 881 1
83 82 881 1
29 75 189 1
75 29 189 1
70 74 155 1
74 70 155 1
27 49 1272 1
49 27 1272 1
6 62 702 1
62 6 702 1
30 70 259 1
70 30 259 1
104 113 229 1
113 104 229 1
4 87 715 1
87 4 715 1
30 100 1157 1
100 30 1157 1
63 65 312 1
65 63 312 1
85 89 220 1
89 85 220 1
5 23 453 1
23 5 453 1
15 22 650 1
22 15 650 1
21 88 754 1
88 21 754 1
39 89 325 1
89 39 325 1
54 68 945 1
68 54 945 1
83 110 826 1
110 83 826 1
34 66 268 1
66 34 268 1
0 68 414 1
68 0 414 1
86 97 801 1
97 86 801 1
33 63 547 1
63 33 547 1
30 103 1152 1
103 30 1152 1
32 66 416 1
66 32 416 1
2 65 1144 1
65 2 1144 1
9 90 1391 1
90 9 1391 1
10 12 181 1
12 10 181 1
16 37 809 1
37 16 809 1
50 68 811 1
68 50 811 1
59 60 718 1
60 59 718 1
33 61 545 1
61 33 545 1
36 86 441 1
86 36 441 1
98 111 265 1
111 98 265 1
4 13 743 1
13 4 743 1
22 24 386 1
24 22 386 1
49 54 854 1
54 49 854 1
58 61 717 1
61 58 717 1
84 99 865 1
99 84 865 1
100 104 240 1
104 100 240 1
3 39 792 1
39 3 792 1
21 86 520 1
86 21 520 1
70 80 524 1
80 70 524 1
84 91 1024 1
91 84 1024 1
7 23 337 1
23 7 337 1
8 9 638 1
9 8 638 1
82 84 544 1
84 82 544 1
9 89 869 1
89 9 869 1
17 85 352 1
85 17 352 1
24 32 845 1
32 24 845 1
40 108 451 1
108 40 451 1
5 99 1070 1
99 5 1070 1
4 31 397 1
31 4 397 1
36 99 637 1
99 36 637 1
5 106 957 1
106 5 957 1
15 78 1000 1
78 15 1000 1
27 56 1022 1
56 27 1022 1
42 47 281 1
47 42 281 1
49 55 664 1
55 49 664 1
110 111 172 1
111 110 172 1
51 85 514 1
85 51 514 1
53 89 552 1
89 53 552 1
98 112 277 1
112 98 277 1
6 22 333 1
22 6 333 1
56 67 623 1
67 56 623 1
9 93 1250 1
93 9 1250 1
37 38 515 1
38 37 515 1
96 108 167 1
108 96 167 1
0 63 1010 1
63 0 1010 1
3 88 1145 1
88 3 1145 1
40 84 485 1
84 40 485 1
65 67 361 1
67 65 361 1
96 104 297 1
104 96 297 1
31 62 966 1
62 31 966 1
49 60 773 1
60 49 773 1
98 110 300 1
110 98 300 1
39 94 407 1
94 39 407 1
103 105 173 1
105 103 173 1
45 58 519 1
58 45 519 1
76 80 424 1
80 76 424 1
8 80 764 1
80 8 764 1
36 89 803 1
89 36 803 1
15 62 1246 1
62 15 1246 1
25 41 554 1
41 25 554 1
30 102 1111 1
102 30 1111 1
2 13 744 1
13 2 744 1
16 56 380 1
56 16 380 1
38 96 284 1
96 38 284 1
40 109 467 1
109 40 467 1
51 64 852 1
64 51 852 1
55 109 337 1
109 55 337 1
8 83 868 1
83 8 868 1
21 99 765 1
99 21 765 1
28 78 272 1
78 28 272 1
40 47 783 1
47 40 783 1
2 24 548 1
24 2 548 1
9 49 1399 1
49 9 1399 1
38 55 598 1
55 38 598 1
82 96 637 1
96 82 637 1
24 31 318 1
31 24 318 1
72 73 517 1
73 72 517 1
27 55 790 1
55 27 790 1
67 69 345 1
69 67 345 1
86 88 460 1
88 86 460 1
11 12 972 1
12 11 972 1
55 86 895 1
86 55 895 1
12 72 358 1
72 12 358 1
40 68 919 1
68 40 919 1
50 54 543 1
54 50 543 1
83 85 549 1
85 83 549 1
46 68 860 1
68 46 860 1
74 76 203 1
76 74 203 1
80 81 1113 1
81 80 1113 1
13 81 530 1
81 13 530 1
100 112 410 1
112 100 410 1
2 58 959 1
58 2 959 1
16 17 998 1
17 16 998 1
36 95 408 1
95 36 408 1
43 48 391 1
48 43 391 1
49 97 622 1
97 49 622 1
65 79 512 1
79 65 512 1
106 108 322 1
108 106 322 1
5 64 1350 1
64 5 1350 1
43 69 724 1
69 43 724 1
21 56 889 1
56 21 889 1
82 95 720 1
95 82 720 1
76 79 567 1
79 76 567 1
1 11 394 1
11 1 394 1
8 11 935 1
11 8 935 1
14 17 996 1
17 14 996 1
40 97 584 1
97 40 584 1
46 84 530 1
84 46 530 1
70 79 638 1
79 70 638 1
82 111 920 1
111 82 920 1
95 96 288 1
96 95 288 1
14 70 380 1
70 14 380 1
49 88 1056 1
88 49 1056 1
31 44 1185 1
44 31 1185 1
64 93 1076 1
93 64 1076 1
65 72 1010 1
72 65 1010 1
70 100 918 1
100 70 918 1
4 25 258 1
25 4 258 1
10 28 213 1
28 10 213 1
35 44 409 1
44 35 409 1
45 67 282 1
67 45 282 1
58 89 1156 1
89 58 1156 1
0 78 431 1
78 0 431 1
13 62 1248 1
62 13 1248 1
42 79 812 1
79 42 812 1
13 16 1048 1
16 13 1048 1
8 100 1159 1
100 8 1159 1
34 45 409 1
45 34 409 1
56 72 566 1
72 56 566 1
100 105 430 1
105 100 430 1
26 78 726 1
78 26 726 1
46 69 840 1
69 46 840 1
52 68 984 1
68 52 984 1
33 78 590 1
78 33 590 1
40 95 491 1
95 40 491 1
42 81 865 1
81 42 865 1
43 111 293 1
111 43 293 1
88 91 958 1
91 88 958 1
94 95 213 1
95 94 213 1
32 58 511 1
58 32 511 1
37 111 552 1
111 37 552 1
38 86 366 1
86 38 366 1
65 74 952 1
74 65 952 1
1 17 391 1
17 1 391 1
22 30 218 1
30 22 218 1
53 68 1064 1
68 53 1064 1
23 88 1119 1
88 23 1119 1
47 73 730 1
73 47 730 1
54 84 309 1
84 54 309 1
56 79 965 1
79 56 965 1
13 79 476 1
79 13 476 1
28 76 345 1
76 28 345 1
33 56 531 1
56 33 531 1
56 68 408 1
68 56 408 1
85 86 1120 1
86 85 1120 1
11 19 598 1
19 11 598 1
13 72 796 1
72 13 796 1
46 50 303 1
50 46 303 1
58 88 918 1
88 58 918 1
79 111 717 1
111 79 717 1
100 113 356 1
113 100 356 1
21 64 1051 1
64 21 1051 1
28 73 629 1
73 28 629 1
31 72 482 1
72 31 482 1
77 96 456 1
96 77 456 1
3 84 1110 1
84 3 1110 1
14 111 1046 1
111 14 1046 1
27 54 856 1
54 27 856 1
36 64 637 1
64 36 637 1
45 89 806 1
89 45 806 1
68 88 1023 1
88 68 1023 1
15 30 522 1
30 15 522 1
27 66 1140 1
66 27 1140 1
37 110 431 1
110 37 431 1
38 109 342 1
109 38 342 1
73 111 787 1
111 73 787 1
36 39 517 1
39 36 517 1
21 47 833 1
47 21 833 1
34 44 373 1
44 34 373 1
45 88 963 1
88 45 963 1
0 21 821 1
21 0 821 1
0 58 565 1
58 0 565 1
5 55 887 1
55 5 887 1
31 81 775 1
81 31 775 1
90 99 615 1
99 90 615 1
13 103 1103 1
103 13 1103 1
28 111 842 1
111 28 842 1
37 75 239 1
75 37 239 1
37 77 246 1
77 37 246 1
95 110 248 1
110 95 248 1
10 73 783 1
73 10 783 1
25 31 272 1
31 25 272 1
54 97 484 1
97 54 484 1
3 86 986 1
86 3 986 1
12 81 1161 1
81 12 1161 1
18 40 807 1
40 18 807 1
40 86 262 1
86 40 262 1
57 74 830 1
74 57 830 1
100 103 576 1
103 100 576 1
102 105 355 1
105 102 355 1
8 12 346 1
12 8 346 1
21 111 835 1
111 21 835 1
54 55 651 1
55 54 651 1
60 67 538 1
67 60 538 1
68 99 1044 1
99 68 1044 1
111 113 191 1
113 111 191 1
14 104 900 1
104 14 900 1
3 97 966 1
97 3 966 1
56 74 591 1
74 56 591 1
15 103 975 1
103 15 975 1
26 42 1183 1
42 26 1183 1
87 98 1003 1
98 87 1003 1
92 112 325 1
112 92 325 1
21 42 978 1
42 21 978 1
33 71 374 1
71 33 374 1
40 53 1023 1
53 40 1023 1
22 103 1359 1
103 22 1359 1
14 109 799 1
109 14 799 1
1 6 868 1
6 1 868 1
5 52 1379 1
52 5 1379 1
45 55 662 1
55 45 662 1
75 100 924 1
100 75 924 1
22 102 1317 1
102 22 1317 1
27 45 1240 1
45 27 1240 1
94 106 271 1
106 94 271 1
30 80 748 1
80 30 748 1
41 78 770 1
78 41 770 1
66 67 177 1
67 66 177 1
15 35 881 1
35 15 881 1
17 37 368 1
37 17 368 1
19 34 584 1
34 19 584 1
37 82 780 1
82 37 780 1
64 86 1029 1
86 64 1029 1
112 113 116 1
113 112 116 1
13 33 629 1
33 13 629 1
55 58 998 1
58 55 998 1
55 90 757 1
90 55 757 1
82 99 978 1
99 82 978 1
11 22 654 1
22 11 654 1
32 49 731 1
49 32 731 1
33 81 613 1
81 33 613 1
1 57 172 1
57 1 172 1
4 22 457 1
22 4 457 1
29 77 357 1
77 29 357 1
40 85 900 1
85 40 900 1
46 76 517 1
76 46 517 1
21 82 511 1
82 21 511 1
26 76 608 1
76 26 608 1
40 106 412 1
106 40 412 1
4 30 322 1
30 4 322 1
14 29 801 1
29 14 801 1
40 89 829 1
89 40 829 1
49 58 594 1
58 49 594 1
77 100 819 1
100 77 819 1
9 34 1087 1
34 9 1087 1
74 75 389 1
75 74 389 1
92 103 574 1
103 92 574 1
10 77 693 1
77 10 693 1
21 46 873 1
46 21 873 1
41 70 482 1
70 41 482 1
50 53 744 1
53 50 744 1
56 111 893 1
111 56 893 1
94 96 89 1
96 94 89 1
3 27 634 1
27 3 634 1
22 32 649 1
32 22 649 1
29 78 851 1
78 29 851 1
51 55 568 1
55 51 568 1
3 38 907 1
38 3 907 1
26 27 135 1
27 26 135 1
46 73 842 1
73 46 842 1
0 67 703 1
67 0 703 1
21 75 222 1
75 21 222 1
23 90 1391 1
90 23 1391 1
0 99 1111 1
99 0 1111 1
1 60 923 1
60 1 923 1
21 87 397 1
87 21 397 1
29 71 259 1
71 29 259 1
38 51 954 1
51 38 954 1
63 111 831 1
111 63 831 1
28 57 964 1
57 28 964 1
46 97 424 1
97 46 424 1
51 110 520 1
110 51 520 1
67 107 894 1
107 67 894 1
84 90 466 1
90 84 466 1
85 95 486 1
95 85 486 1
13 63 653 1
63 13 653 1
19 29 673 1
29 19 673 1
20 25 402 1
25 20 402 1
36 108 330 1
108 36 330 1
53 54 818 1
54 53 818 1
92 104 310 1
104 92 310 1
4 48 1379 1
48 4 1379 1
24 44 1385 1
44 24 1385 1
38 40 158 1
40 38 158 1
42 110 303 1
110 42 303 1
16 33 609 1
33 16 609 1
17 70 666 1
70 17 666 1
22 33 600 1
33 22 600 1
96 111 286 1
111 96 286 1
97 109 174 1
109 97 174 1
7 45 1151 1
45 7 1151 1
25 44 1369 1
44 25 1369 1
33 79 486 1
79 33 486 1
55 91 297 1
91 55 297 1
76 111 559 1
111 76 559 1
13 48 1332 1
48 13 1332 1
39 90 806 1
90 39 806 1
41 106 653 1
106 41 653 1
83 87 158 1
87 83 158 1
84 92 597 1
92 84 597 1
5 36 815 1
36 5 815 1
16 57 981 1
57 16 981 1
16 111 812 1
111 16 812 1
31 79 660 1
79 31 660 1
60 62 241 1
62 60 241 1
84 85 1130 1
85 84 1130 1
10 76 495 1
76 10 495 1
24 33 797 1
33 24 797 1
37 40 562 1
40 37 562 1
44 50 287 1
50 44 287 1
61 79 487 1
79 61 487 1
66 89 963 1
89 66 963 1
90 109 492 1
109 90 492 1
93 112 343 1
112 93 343 1
4 81 1037 1
81 4 1037 1
5 93 1207 1
93 5 1207 1
73 115 669 1
115 73 669 1
9 105 1106 1
105 9 1106 1
24 42 1334 1
42 24 1334 1
32 114 865 1
114 32 865 1
38 64 755 1
64 38 755 1
52 73 1055 1
73 52 1055 1
99 112 272 1
112 99 272 1
12 74 431 1
74 12 431 1
39 40 508 1
40 39 508 1
54 86 568 1
86 54 568 1
60 64 187 1
64 60 187 1
17 83 381 1
83 17 381 1
20 112 885 1
112 20 885 1
5 112 1217 1
112 5 1217 1
18 68 315 1
68 18 315 1
37 76 441 1
76 37 441 1
48 114 717 1
114 48 717 1
7 24 631 1
24 7 631 1
14 20 320 1
20 14 320 1
60 65 898 1
65 60 898 1
90 100 182 1
100 90 182 1
92 102 211 1
102 92 211 1
9 83 411 1
83 9 411 1
12 29 886 1
29 12 886 1
13 78 1046 1
78 13 1046 1
29 41 234 1
41 29 234 1
37 70 546 1
70 37 546 1
74 111 713 1
111 74 713 1
16 80 152 1
80 16 152 1
21 54 704 1
54 21 704 1
23 99 1227 1
99 23 1227 1
30 87 699 1
87 30 699 1
43 68 807 1
68 43 807 1
4 78 746 1
78 4 746 1
9 64 1448 1
64 9 1448 1
13 44 1244 1
44 13 1244 1
25 111 1192 1
111 25 1192 1
30 75 454 1
75 30 454 1
31 74 479 1
74 31 479 1
48 115 731 1
115 48 731 1
83 113 937 1
113 83 937 1
23 92 1466 1
92 23 1466 1
36 43 693 1
43 36 693 1
75 82 661 1
82 75 661 1
77 82 682 1
82 77 682 1
0 107 1161 1
107 0 1161 1
19 33 238 1
33 19 238 1
37 46 651 1
46 37 651 1
40 110 582 1
110 40 582 1
62 103 1159 1
103 62 1159 1
92 109 522 1
109 92 522 1
11 102 1239 1
102 11 1239 1
41 79 379 1
79 41 379 1
53 69 959 1
69 53 959 1
57 81 488 1
81 57 488 1
4 80 798 1
80 4 798 1
18 107 1141 1
107 18 1141 1
39 104 557 1
104 39 557 1
40 107 641 1
107 40 641 1
46 81 867 1
81 46 867 1
82 98 761 1
98 82 761 1
13 29 290 1
29 13 290 1
51 83 1017 1
83 51 1017 1
77 81 453 1
81 77 453 1
77 110 393 1
110 77 393 1
11 103 1036 1
103 11 1036 1
96 100 371 1
100 96 371 1
27 61 1128 1
61 27 1128 1
42 76 612 1
76 42 612 1
0 59 847 1
59 0 847 1
11 62 1169 1
62 11 1169 1
16 42 811 1
42 16 811 1
17 79 135 1
79 17 135 1
31 78 755 1
78 31 755 1
38 87 730 1
87 38 730 1
15 26 469 1
26 15 469 1
18 94 904 1
94 18 904 1
23 36 889 1
36 23 889 1
23 82 788 1
82 23 788 1
37 85 343 1
85 37 343 1
30 31 127 1
31 30 127 1
31 102 1165 1
102 31 1165 1
48 69 703 1
69 48 703 1
52 115 545 1
115 52 545 1
37 63 543 1
63 37 543 1
57 72 874 1
72 57 874 1
25 87 575 1
87 25 575 1
30 77 559 1
77 30 559 1
39 86 698 1
86 39 698 1
40 94 393 1
94 40 393 1
42 78 692 1
78 42 692 1
43 112 376 1
112 43 376 1
50 91 845 1
91 50 845 1
22 34 922 1
34 22 922 1
24 101 1299 1
101 24 1299 1
38 88 311 1
88 38 311 1
80 100 687 1
100 80 687 1
4 24 144 1
24 4 144 1
20 47 858 1
47 20 858 1
43 113 467 1
113 43 467 1
47 50 544 1
50 47 544 1
4 74 492 1
74 4 492 1
15 41 349 1
41 15 349 1
15 87 271 1
87 15 271 1
24 71 494 1
71 24 494 1
57 69 378 1
69 57 378 1
57 79 431 1
79 57 431 1
12 14 278 1
14 12 278 1
32 45 684 1
45 32 684 1
37 42 712 1
42 37 712 1
40 54 405 1
54 40 405 1
42 73 906 1
73 42 906 1
53 92 739 1
92 53 739 1
58 94 820 1
94 58 820 1
97 108 170 1
108 97 170 1
3 66 920 1
66 3 920 1
12 103 1282 1
103 12 1282 1
19 69 323 1
69 19 323 1
29 76 555 1
76 29 555 1
42 69 789 1
69 42 789 1
50 115 676 1
115 50 676 1
57 70 774 1
70 57 774 1
57 80 1050 1
80 57 1050 1
72 76 257 1
76 72 257 1
15 42 1223 1
42 15 1223 1
16 31 718 1
31 16 718 1
56 58 427 1
58 56 427 1
29 30 533 1
30 29 533 1
52 77 798 1
77 52 798 1
70 102 879 1
102 70 879 1
5 53 1317 1
53 5 1317 1
11 15 385 1
15 11 385 1
25 27 193 1
27 25 193 1
30 48 1211 1
48 30 1211 1
50 67 562 1
67 50 562 1
57 63 249 1
63 57 249 1
5 21 332 1
21 5 332 1
12 13 959 1
13 12 959 1
41 47 698 1
47 41 698 1
43 84 824 1
84 43 824 1
49 84 982 1
84 49 982 1
51 88 1099 1
88 51 1099 1
58 105 1107 1
105 58 1107 1
12 37 930 1
37 12 930 1
21 39 356 1
39 21 356 1
43 44 290 1
44 43 290 1
17 74 721 1
74 17 721 1
31 70 334 1
70 31 334 1
50 99 730 1
99 50 730 1
23 55 1060 1
55 23 1060 1
26 77 632 1
77 26 632 1
25 78 882 1
78 25 882 1
33 37 555 1
37 33 555 1
37 41 217 1
41 37 217 1
52 111 398 1
111 52 398 1
7 32 649 1
32 7 649 1
9 109 978 1
109 9 978 1
24 30 283 1
30 24 283 1
29 62 1067 1
62 29 1067 1
33 44 737 1
44 33 737 1
36 51 908 1
51 36 908 1
98 109 329 1
109 98 329 1
10 78 335 1
78 10 335 1
14 77 716 1
77 14 716 1
28 63 1049 1
63 28 1049 1
47 113 338 1
113 47 338 1
5 90 1279 1
90 5 1279 1
39 88 762 1
88 39 762 1
47 77 509 1
77 47 509 1
71 75 163 1
75 71 163 1
0 16 380 1
16 0 380 1
3 5 603 1
5 3 603 1
11 28 875 1
28 11 875 1
13 28 892 1
28 13 892 1
28 75 567 1
75 28 567 1
29 65 759 1
65 29 759 1
41 111 726 1
111 41 726 1
44 69 648 1
69 44 648 1
53 64 953 1
64 53 953 1
60 114 930 1
114 60 930 1
88 93 930 1
93 88 930 1
5 20 424 1
20 5 424 1
13 74 757 1
74 13 757 1
15 34 954 1
34 15 954 1
38 113 550 1
113 38 550 1
47 82 1007 1
82 47 1007 1
91 105 371 1
105 91 371 1
4 29 708 1
29 4 708 1
5 105 1032 1
105 5 1032 1
19 30 607 1
30 19 607 1
30 33 526 1
33 30 526 1
36 68 821 1
68 36 821 1
35 71 557 1
71 35 557 1
41 107 419 1
107 41 419 1
46 52 244 1
52 46 244 1
52 70 942 1
70 52 942 1
53 112 421 1
112 53 421 1
14 75 659 1
75 14 659 1
53 94 658 1
94 53 658 1
53 108 584 1
108 53 584 1
56 107 1138 1
107 56 1138 1
67 68 440 1
68 67 440 1
17 33 512 1
33 17 512 1
43 82 1085 1
82 43 1085 1
47 54 568 1
54 47 568 1
59 107 1064 1
107 59 1064 1
89 97 385 1
97 89 385 1
97 113 312 1
113 97 312 1
5 40 642 1
40 5 642 1
8 109 958 1
109 8 958 1
64 97 835 1
97 64 835 1
75 95 407 1
95 75 407 1
101 105 274 1
105 101 274 1
4 63 1183 1
63 4 1183 1
16 76 379 1
76 16 379 1
47 76 575 1
76 47 575 1
54 89 853 1
89 54 853 1
90 104 351 1
104 90 351 1
11 34 799 1
34 11 799 1
15 16 1006 1
16 15 1006 1
20 87 562 1
87 20 562 1
30 76 537 1
76 30 537 1
41 56 991 1
56 41 991 1
82 89 1043 1
89 82 1043 1
87 110 837 1
110 87 837 1
93 105 305 1
105 93 305 1
14 85 1160 1
85 14 1160 1
13 31 424 1
31 13 424 1
15 74 683 1
74 15 683 1
17 31 618 1
31 17 618 1
37 78 740 1
78 37 740 1
42 63 848 1
63 42 848 1
84 109 579 1
109 84 579 1
39 82 719 1
82 39 719 1
41 74 484 1
74 41 484 1
41 81 452 1
81 41 452 1
85 110 584 1
110 85 584 1
4 16 692 1
16 4 692 1
11 33 518 1
33 11 518 1
21 73 247 1
73 21 247 1
39 99 432 1
99 39 432 1
45 68 715 1
68 45 715 1
75 81 434 1
81 75 434 1
5 58 1366 1
58 5 1366 1
6 49 1274 1
49 6 1274 1
24 78 835 1
78 24 835 1
27 97 789 1
97 27 789 1
58 99 956 1
99 58 956 1
66 88 875 1
88 66 875 1
7 25 539 1
25 7 539 1
12 79 1029 1
79 12 1029 1
22 114 1232 1
114 22 1232 1
46 82 878 1
82 46 878 1
0 41 952 1
41 0 952 1
8 17 1036 1
17 8 1036 1
24 60 1196 1
60 24 1196 1
53 109 560 1
109 53 560 1
87 104 852 1
104 87 852 1
88 97 687 1
97 88 687 1
97 99 180 1
99 97 180 1
30 35 784 1
35 30 784 1
30 44 1163 1
44 30 1163 1
35 78 557 1
78 35 557 1
46 53 547 1
53 46 547 1
84 110 598 1
110 84 598 1
2 66 917 1
66 2 917 1
20 52 976 1
52 20 976 1
32 56 384 1
56 32 384 1
38 89 763 1
89 38 763 1
4 79 928 1
79 4 928 1
6 13 864 1
13 6 864 1
21 77 387 1
77 21 387 1
49 99 587 1
99 49 587 1
56 81 1090 1
81 56 1090 1
4 12 434 1
12 4 434 1
26 111 1043 1
111 26 1043 1
37 56 930 1
56 37 930 1
43 76 617 1
76 43 617 1
47 97 280 1
97 47 280 1
62 74 590 1
74 62 590 1
76 100 714 1
100 76 714 1
30 73 455 1
73 30 455 1
61 72 984 1
72 61 984 1
105 112 319 1
112 105 319 1
15 81 596 1
81 15 596 1
20 100 857 1
100 20 857 1
37 96 506 1
96 37 506 1
52 106 576 1
106 52 576 1
69 81 801 1
81 69 801 1
84 108 592 1
108 84 592 1
5 51 1334 1
51 5 1334 1
15 48 1360 1
48 15 1360 1
18 108 925 1
108 18 925 1
30 71 303 1
71 30 303 1
47 75 674 1
75 47 674 1
22 31 234 1
31 22 234 1
28 33 585 1
33 28 585 1
61 74 932 1
74 61 932 1
89 90 968 1
90 89 968 1
2 11 744 1
11 2 744 1
76 110 394 1
110 76 394 1
87 100 1075 1
100 87 1075 1
88 106 334 1
106 88 334 1
11 29 239 1
29 11 239 1
39 49 832 1
49 39 832 1
47 98 442 1
98 47 442 1
50 84 554 1
84 50 554 1
54 82 561 1
82 54 561 1
62 72 566 1
72 62 566 1
78 111 693 1
111 78 693 1
92 106 400 1
106 92 400 1
6 34 815 1
34 6 815 1
18 58 669 1
58 18 669 1
20 111 827 1
111 20 827 1
24 35 1010 1
35 24 1010 1
70 115 709 1
115 70 709 1
82 87 849 1
87 82 849 1
83 96 859 1
96 83 859 1
9 91 1212 1
91 9 1212 1
14 87 842 1
87 14 842 1
21 110 690 1
110 21 690 1
57 59 382 1
59 57 382 1
74 77 362 1
77 74 362 1
12 73 783 1
73 12 783 1
37 57 643 1
57 37 643 1
41 87 263 1
87 41 263 1
65 81 513 1
81 65 513 1
28 31 545 1
31 28 545 1
31 42 1171 1
42 31 1171 1
47 52 540 1
52 47 540 1
2 30 317 1
30 2 317 1
10 33 638 1
33 10 638 1
15 101 1024 1
101 15 1024 1
21 76 440 1
76 21 440 1
45 48 304 1
48 45 304 1
54 66 740 1
66 54 740 1
68 82 1040 1
82 68 1040 1
88 90 414 1
90 88 414 1
5 92 1324 1
92 5 1324 1
12 102 1064 1
102 12 1064 1
16 70 409 1
70 16 409 1
25 38 749 1
38 25 749 1
27 86 519 1
86 27 519 1
39 51 768 1
51 39 768 1
43 54 646 1
54 43 646 1
73 106 774 1
106 73 774 1
111 112 111 1
112 111 111 1
2 107 1169 1
107 2 1169 1
33 60 632 1
60 33 632 1
33 102 1043 1
102 33 1043 1
46 109 326 1
109 46 326 1
47 109 317 1
109 47 317 1
69 99 970 1
99 69 970 1
8 101 1359 1
101 8 1359 1
8 105 1137 1
105 8 1137 1
24 34 1021 1
34 24 1021 1
27 68 1083 1
68 27 1083 1
38 98 432 1
98 38 432 1
68 111 952 1
111 68 952 1
85 96 743 1
96 85 743 1
89 108 535 1
108 89 535 1
104 109 377 1
109 104 377 1
3 34 810 1
34 3 810 1
18 109 857 1
109 18 857 1
20 105 754 1
105 20 754 1
21 36 510 1
36 21 510 1
25 97 955 1
97 25 955 1
43 99 372 1
99 43 372 1
58 106 1039 1
106 58 1039 1
6 101 1437 1
101 6 1437 1
7 84 1202 1
84 7 1202 1
13 24 641 1
24 13 641 1
16 73 769 1
73 16 769 1
32 67 439 1
67 32 439 1
13 65 935 1
65 13 935 1
21 43 915 1
43 21 915 1
23 43 1259 1
43 23 1259 1
29 111 842 1
111 29 842 1
35 48 491 1
48 35 491 1
3 21 582 1
21 3 582 1
4 34 986 1
34 4 986 1
8 91 1373 1
91 8 1373 1
16 61 1070 1
61 16 1070 1
19 37 776 1
37 19 776 1
29 80 961 1
80 29 961 1
38 47 654 1
47 38 654 1
10 29 893 1
29 10 893 1
23 53 1411 1
53 23 1411 1
27 53 1217 1
53 27 1217 1
31 73 397 1
73 31 397 1
40 46 685 1
46 40 685 1
10 61 1158 1
61 10 1158 1
18 19 147 1
19 18 147 1
24 49 1432 1
49 24 1432 1
27 84 956 1
84 27 956 1
43 53 293 1
53 43 293 1
52 81 1110 1
81 52 1110 1
73 95 476 1
95 73 476 1
82 104 748 1
104 82 748 1
83 84 1154 1
84 83 1154 1
3 83 681 1
83 3 681 1
7 38 940 1
38 7 940 1
12 16 384 1
16 12 384 1
15 79 543 1
79 15 543 1
17 113 917 1
113 17 917 1
36 94 246 1
94 36 246 1
46 54 354 1
54 46 354 1
52 99 661 1
99 52 661 1
61 78 1006 1
78 61 1006 1
75 111 718 1
111 75 718 1
15 71 394 1
71 15 394 1
27 39 536 1
39 27 536 1
33 114 880 1
114 33 880 1
41 82 687 1
82 41 687 1
43 52 553 1
52 43 553 1
52 53 746 1
53 52 746 1
84 96 441 1
96 84 441 1
87 113 899 1
113 87 899 1
14 81 1094 1
81 14 1094 1
39 87 370 1
87 39 370 1
50 112 538 1
112 50 538 1
97 98 437 1
98 97 437 1
11 30 584 1
30 11 584 1
19 28 732 1
28 19 732 1
26 79 796 1
79 26 796 1
49 93 719 1
93 49 719 1
8 90 1188 1
90 8 1188 1
14 40 342 1
40 14 342 1
17 78 955 1
78 17 955 1
26 30 321 1
30 26 321 1
29 57 596 1
57 29 596 1
36 113 562 1
113 36 562 1
39 96 494 1
96 39 494 1
57 78 938 1
78 57 938 1
1 33 355 1
33 1 355 1
6 32 555 1
32 6 555 1
7 97 943 1
97 7 943 1
13 42 1233 1
42 13 1233 1
26 74 432 1
74 26 432 1
31 63 863 1
63 31 863 1
43 51 245 1
51 43 245 1
51 97 563 1
97 51 563 1
60 66 370 1
66 60 370 1
68 91 1170 1
91 68 1170 1
75 79 318 1
79 75 318 1
3 108 970 1
108 3 970 1
8 30 385 1
30 8 385 1
14 57 1154 1
57 14 1154 1
22 42 1301 1
42 22 1301 1
36 91 802 1
91 36 802 1
8 108 951 1
108 8 951 1
23 27 506 1
27 23 506 1
25 46 1214 1
46 25 1214 1
36 77 422 1
77 36 422 1
37 47 493 1
47 37 493 1
37 68 886 1
68 37 886 1
65 78 1008 1
78 65 1008 1
71 77 297 1
77 71 297 1
6 103 1362 1
103 6 1362 1
24 26 201 1
26 24 201 1
31 77 552 1
77 31 552 1
33 48 801 1
48 33 801 1
70 106 687 1
106 70 687 1
77 95 322 1
95 77 322 1
0 32 356 1
32 0 356 1
29 63 531 1
63 29 531 1
30 62 878 1
62 30 878 1
37 52 879 1
52 37 879 1
76 96 361 1
96 76 361 1
3 36 883 1
36 3 883 1
7 35 816 1
35 7 816 1
46 99 446 1
99 46 446 1
88 108 517 1
108 88 517 1
2 103 1363 1
103 2 1363 1
10 31 619 1
31 10 619 1
54 69 967 1
69 54 967 1
90 102 246 1
102 90 246 1
31 35 790 1
35 31 790 1
64 68 614 1
68 64 614 1
92 101 634 1
101 92 634 1
7 27 597 1
27 7 597 1
27 107 753 1
107 27 753 1
38 83 760 1
83 38 760 1
46 77 585 1
77 46 585 1
47 112 265 1
112 47 265 1
58 91 1077 1
91 58 1077 1
85 113 705 1
113 85 705 1
7 60 1133 1
60 7 1133 1
35 45 385 1
45 35 385 1
44 103 860 1
103 44 860 1
47 81 624 1
81 47 624 1
65 107 863 1
107 65 863 1
73 80 850 1
80 73 850 1
76 82 520 1
82 76 520 1
2 101 1431 1
101 2 1431 1
11 60 1139 1
60 11 1139 1
21 37 403 1
37 21 403 1
22 93 1426 1
93 22 1426 1
47 68 881 1
68 47 881 1
47 79 596 1
79 47 596 1
64 91 1046 1
91 64 1046 1
72 75 453 1
75 72 453 1
83 111 944 1
111 83 944 1
86 95 706 1
95 86 706 1
86 110 816 1
110 86 816 1
26 106 767 1
106 26 767 1
40 52 792 1
52 40 792 1
55 106 607 1
106 55 607 1
68 110 813 1
110 68 813 1
1 59 541 1
59 1 541 1
45 50 474 1
50 45 474 1
46 83 1042 1
83 46 1042 1
55 82 916 1
82 55 916 1
4 28 477 1
28 4 477 1
8 84 881 1
84 8 881 1
11 35 710 1
35 11 710 1
19 57 426 1
57 19 426 1
25 51 1371 1
51 25 1371 1
70 103 965 1
103 70 965 1
89 91 402 1
91 89 402 1
0 74 551 1
74 0 551 1
4 111 1157 1
111 4 1157 1
34 64 445 1
64 34 445 1
45 69 625 1
69 45 625 1
80 85 1121 1
85 80 1121 1
11 48 1197 1
48 11 1197 1
14 95 814 1
95 14 814 1
20 27 271 1
27 20 271 1
23 54 1116 1
54 23 1116 1
36 49 877 1
49 36 877 1
41 46 810 1
46 41 810 1
42 54 525 1
54 42 525 1
84 93 1016 1
93 84 1016 1
100 109 518 1
109 100 518 1
10 75 732 1
75 10 732 1
26 115 841 1
115 26 841 1
59 63 501 1
63 59 501 1
2 94 947 1
94 2 947 1
13 34 921 1
34 13 921 1
15 19 867 1
19 15 867 1
21 89 648 1
89 21 648 1
31 37 658 1
37 31 658 1
35 49 434 1
49 35 434 1
41 97 446 1
97 41 446 1
72 111 772 1
111 72 772 1
3 99 1120 1
99 3 1120 1
5 41 483 1
41 5 483 1
9 55 921 1
55 9 921 1
11 80 1102 1
80 11 1102 1
47 69 806 1
69 47 806 1
78 80 116 1
80 78 116 1
6 93 1425 1
93 6 1425 1
8 94 907 1
94 8 907 1
8 96 954 1
96 8 954 1
9 36 936 1
36 9 936 1
20 30 328 1
30 20 328 1
26 47 1071 1
47 26 1071 1
40 111 707 1
111 40 707 1
44 114 674 1
114 44 674 1
47 95 361 1
95 47 361 1
66 99 784 1
99 66 784 1
87 97 649 1
97 87 649 1
4 57 1140 1
57 4 1140 1
7 55 903 1
55 7 903 1
11 72 773 1
72 11 773 1
34 38 552 1
38 34 552 1
76 98 527 1
98 76 527 1
101 106 633 1
106 101 633 1
3 85 893 1
85 3 893 1
20 82 329 1
82 20 329 1
22 35 922 1
35 22 922 1
25 71 434 1
71 25 434 1
38 108 316 1
108 38 316 1
40 99 752 1
99 40 752 1
46 113 335 1
113 46 335 1
51 93 605 1
93 51 605 1
54 110 373 1
110 54 373 1
95 106 414 1
106 95 414 1
10 102 973 1
102 10 973 1
12 76 591 1
76 12 591 1
15 72 724 1
72 15 724 1
27 36 659 1
36 27 659 1
31 75 419 1
75 31 419 1
33 35 375 1
35 33 375 1
33 59 579 1
59 33 579 1
53 86 1248 1
86 53 1248 1
8 113 1216 1
113 8 1216 1
12 100 1084 1
100 12 1084 1
20 29 497 1
29 20 497 1
67 88 939 1
88 67 939 1
76 95 396 1
95 76 396 1
77 79 329 1
79 77 329 1
80 92 736 1
92 80 736 1
7 88 1209 1
88 7 1209 1
68 83 1108 1
83 68 1108 1
106 109 391 1
109 106 391 1
2 18 379 1
18 2 379 1
8 28 459 1
28 8 459 1
28 85 1025 1
85 28 1025 1
61 114 963 1
114 61 963 1
77 98 628 1
98 77 628 1
88 112 672 1
112 88 672 1
4 37 812 1
37 4 812 1
4 50 1323 1
50 4 1323 1
7 83 551 1
83 7 551 1
14 76 580 1
76 14 580 1
32 34 327 1
34 32 327 1
46 88 560 1
88 46 560 1
55 66 814 1
66 55 814 1
104 106 195 1
106 104 195 1
7 39 737 1
39 7 737 1
9 39 688 1
39 9 688 1
15 73 336 1
73 15 336 1
21 68 929 1
68 21 929 1
25 76 733 1
76 25 733 1
46 75 767 1
75 46 767 1
51 95 646 1
95 51 646 1
70 95 587 1
95 70 587 1
1 49 776 1
49 1 776 1
1 62 1027 1
62 1 1027 1
15 20 521 1
20 15 521 1
