116 2668
43 47 146 1
47 43 146 1
80 81 1113 1
81 80 1113 1
44 45 194 1
45 44 194 1
42 43 239 1
43 42 239 1
42 47 281 1
47 42 281 1
42 46 173 1
46 42 173 1
76 77 238 1
77 76 238 1
26 27 135 1
27 26 135 1
68 69 164 1
69 68 164 1
44 49 304 1
49 44 304 1
36 72 276 1
72 36 276 1
45 49 111 1
49 45 111 1
36 40 213 1
40 36 213 1
36 81 848 1
81 36 848 1
28 72 116 1
72 28 116 1
29 72 629 1
72 29 629 1
36 80 330 1
80 36 330 1
1 57 172 1
57 1 172 1
5 26 263 1
26 5 263 1
32 56 384 1
56 32 384 1
48 49 410 1
49 48 410 1
70 71 263 1
71 70 263 1
32 33 149 1
33 32 149 1
56 57 840 1
57 56 840 1
91 93 118 1
93 91 118 1
60 61 893 1
61 60 893 1
73 74 458 1
74 73 458 1
32 57 493 1
57 32 493 1
73 75 84 1
75 73 84 1
5 27 165 1
27 5 165 1
6 7 710 1
7 6 710 1
30 31 127 1
31 30 127 1
92 100 157 1
100 92 157 1
43 46 341 1
46 43 341 1
46 47 309 1
47 46 309 1
103 104 369 1
104 103 369 1
0 56 174 1
56 0 174 1
79 81 136 1
81 79 136 1
29 40 655 1
40 29 655 1
41 75 187 1
75 41 187 1
36 37 542 1
37 36 542 1
0 1 800 1
1 0 800 1
7 67 937 1
67 7 937 1
62 63 1134 1
63 62 1134 1
41 73 204 1
73 41 204 1
36 75 517 1
75 36 517 1
40 72 200 1
72 40 200 1
46 96 270 1
96 46 270 1
61 65 175 1
65 61 175 1
20 21 185 1
21 20 185 1
41 74 484 1
74 41 484 1
37 75 239 1
75 37 239 1
11 13 168 1
13 11 168 1
28 80 329 1
80 28 329 1
7 23 337 1
23 7 337 1
29 36 705 1
36 29 705 1
71 73 163 1
73 71 163 1
0 60 405 1
60 0 405 1
84 85 1130 1
85 84 1130 1
70 75 355 1
75 70 355 1
19 33 238 1
33 19 238 1
1 68 549 1
68 1 549 1
17 81 182 1
81 17 182 1
40 75 477 1
75 40 477 1
74 75 389 1
75 74 389 1
50 67 562 1
67 50 562 1
78 79 878 1
79 78 878 1
16 17 998 1
17 16 998 1
28 29 741 1
29 28 741 1
82 88 444 1
88 82 444 1
55 96 492 1
96 55 492 1
26 89 900 1
89 26 900 1
6 23 465 1
23 6 465 1
72 74 76 1
74 72 76 1
28 36 321 1
36 28 321 1
57 68 520 1
68 57 520 1
66 67 177 1
67 66 177 1
57 79 431 1
79 57 431 1
72 79 733 1
79 72 733 1
70 73 402 1
73 70 402 1
45 67 282 1
67 45 282 1
56 79 965 1
79 56 965 1
78 80 116 1
80 78 116 1
88 89 1035 1
89 88 1035 1
92 93 608 1
93 92 608 1
0 35 653 1
35 0 653 1
65 67 361 1
67 65 361 1
38 72 305 1
72 38 305 1
71 75 163 1
75 71 163 1
21 71 214 1
71 21 214 1
44 48 114 1
48 44 114 1
46 55 584 1
55 46 584 1
45 48 304 1
48 45 304 1
75 77 210 1
77 75 210 1
6 61 1132 1
61 6 1132 1
20 41 386 1
41 20 386 1
32 63 656 1
63 32 656 1
20 70 213 1
70 20 213 1
62 80 268 1
80 62 268 1
72 80 384 1
80 72 384 1
72 81 860 1
81 72 860 1
16 80 152 1
80 16 152 1
21 31 344 1
31 21 344 1
21 41 236 1
41 21 236 1
32 62 548 1
62 32 548 1
37 41 217 1
41 37 217 1
1 33 355 1
33 1 355 1
48 51 548 1
51 48 548 1
0 57 825 1
57 0 825 1
21 73 247 1
73 21 247 1
104 107 401 1
107 104 401 1
6 67 991 1
67 6 991 1
54 55 651 1
55 54 651 1
1 32 484 1
32 1 484 1
7 65 934 1
65 7 934 1
1 19 351 1
19 1 351 1
32 68 304 1
68 32 304 1
78 81 1002 1
81 78 1002 1
28 81 975 1
81 28 975 1
32 80 590 1
80 32 590 1
8 9 638 1
9 8 638 1
58 59 496 1
59 58 496 1
35 60 562 1
60 35 562 1
56 80 431 1
80 56 431 1
82 83 881 1
83 82 881 1
0 32 356 1
32 0 356 1
22 88 1044 1
88 22 1044 1
37 74 520 1
74 37 520 1
93 100 653 1
100 93 653 1
37 40 562 1
40 37 562 1
95 113 351 1
113 95 351 1
23 91 1352 1
91 23 1352 1
30 75 454 1
75 30 454 1
73 76 450 1
76 73 450 1
75 76 374 1
76 75 374 1
36 79 738 1
79 36 738 1
7 61 813 1
61 7 813 1
79 80 991 1
80 79 991 1
9 14 725 1
14 9 725 1
81 84 1146 1
84 81 1146 1
17 63 324 1
63 17 324 1
28 30 436 1
30 28 436 1
72 75 453 1
75 72 453 1
20 31 387 1
31 20 387 1
42 45 300 1
45 42 300 1
47 96 412 1
96 47 412 1
37 81 336 1
81 37 336 1
40 80 433 1
80 40 433 1
23 93 1407 1
93 23 1407 1
23 67 1077 1
67 23 1077 1
45 50 474 1
50 45 474 1
61 64 928 1
64 61 928 1
23 50 1386 1
50 23 1386 1
2 22 228 1
22 2 228 1
40 41 506 1
41 40 506 1
29 41 234 1
41 29 234 1
37 72 595 1
72 37 595 1
77 109 318 1
109 77 318 1
38 41 513 1
41 38 513 1
37 76 441 1
76 37 441 1
80 84 162 1
84 80 162 1
36 41 570 1
41 36 570 1
36 74 242 1
74 36 242 1
56 68 408 1
68 56 408 1
21 108 562 1
108 21 562 1
42 44 208 1
44 42 208 1
10 11 986 1
11 10 986 1
16 81 1063 1
81 16 1063 1
61 67 382 1
67 61 382 1
19 63 644 1
63 19 644 1
37 96 506 1
96 37 506 1
44 67 332 1
67 44 332 1
9 25 252 1
25 9 252 1
39 41 161 1
41 39 161 1
43 45 199 1
45 43 199 1
97 107 263 1
107 97 263 1
41 72 550 1
72 41 550 1
48 66 357 1
66 48 357 1
1 56 851 1
56 1 851 1
67 105 903 1
105 67 903 1
29 74 571 1
74 29 571 1
38 40 158 1
40 38 158 1
31 75 419 1
75 31 419 1
38 74 265 1
74 38 265 1
70 76 285 1
76 70 285 1
14 64 1035 1
64 14 1035 1
32 79 600 1
79 32 600 1
39 54 618 1
54 39 618 1
15 35 881 1
35 15 881 1
17 36 828 1
36 17 828 1
17 80 1070 1
80 17 1070 1
23 90 1391 1
90 23 1391 1
20 75 348 1
75 20 348 1
39 95 233 1
95 39 233 1
83 86 863 1
86 83 863 1
39 77 312 1
77 39 312 1
20 71 311 1
71 20 311 1
10 14 380 1
14 10 380 1
96 109 176 1
109 96 176 1
86 88 460 1
88 86 460 1
2 6 165 1
6 2 165 1
9 92 1428 1
92 9 1428 1
12 61 1246 1
61 12 1246 1
28 79 847 1
79 28 847 1
36 38 122 1
38 36 122 1
14 15 772 1
15 14 772 1
14 88 613 1
88 14 613 1
28 40 248 1
40 28 248 1
30 36 645 1
36 30 645 1
71 76 392 1
76 71 392 1
19 68 313 1
68 19 313 1
57 69 378 1
69 57 378 1
6 105 1236 1
105 6 1236 1
51 53 271 1
53 51 271 1
2 26 618 1
26 2 618 1
29 80 961 1
80 29 961 1
50 51 698 1
51 50 698 1
54 76 415 1
76 54 415 1
24 26 201 1
26 24 201 1
56 78 391 1
78 56 391 1
46 98 212 1
98 46 212 1
13 61 843 1
61 13 843 1
70 77 376 1
77 70 376 1
1 69 441 1
69 1 441 1
42 49 396 1
49 42 396 1
2 14 572 1
14 2 572 1
3 19 382 1
19 3 382 1
17 79 135 1
79 17 135 1
33 60 632 1
60 33 632 1
40 74 182 1
74 40 182 1
56 69 542 1
69 56 542 1
41 71 317 1
71 41 317 1
37 38 515 1
38 37 515 1
7 90 1390 1
90 7 1390 1
74 76 203 1
76 74 203 1
91 105 371 1
105 91 371 1
11 14 937 1
14 11 937 1
40 81 874 1
81 40 874 1
29 73 113 1
73 29 113 1
47 55 367 1
55 47 367 1
59 66 363 1
66 59 363 1
90 91 735 1
91 90 735 1
4 90 1167 1
90 4 1167 1
44 50 287 1
50 44 287 1
1 35 565 1
35 1 565 1
76 109 320 1
109 76 320 1
5 24 252 1
24 5 252 1
72 73 517 1
73 72 517 1
0 33 480 1
33 0 480 1
4 9 500 1
9 4 500 1
7 105 1186 1
105 7 1186 1
29 75 189 1
75 29 189 1
42 96 429 1
96 42 429 1
103 105 173 1
105 103 173 1
7 50 1347 1
50 7 1347 1
17 29 223 1
29 17 223 1
30 72 390 1
72 30 390 1
37 77 246 1
77 37 246 1
6 65 1218 1
65 6 1218 1
21 75 222 1
75 21 222 1
54 74 471 1
74 54 471 1
56 81 1090 1
81 56 1090 1
17 83 381 1
83 17 381 1
17 38 824 1
38 17 824 1
70 85 848 1
85 70 848 1
11 15 385 1
15 11 385 1
11 35 710 1
35 11 710 1
29 38 680 1
38 29 680 1
70 89 837 1
89 70 837 1
30 40 513 1
40 30 513 1
1 60 923 1
60 1 923 1
40 77 472 1
77 40 472 1
41 76 493 1
76 41 493 1
54 95 438 1
95 54 438 1
96 98 184 1
98 96 184 1
13 15 277 1
15 13 277 1
82 86 143 1
86 82 143 1
8 23 562 1
23 8 562 1
94 97 266 1
97 94 266 1
12 60 825 1
60 12 825 1
39 55 254 1
55 39 254 1
20 30 328 1
30 20 328 1
75 89 504 1
89 75 504 1
7 11 254 1
11 7 254 1
26 88 791 1
88 26 791 1
29 81 342 1
81 29 342 1
60 62 241 1
62 60 241 1
31 100 1216 1
100 31 1216 1
7 13 237 1
13 7 237 1
30 70 259 1
70 30 259 1
4 24 144 1
24 4 144 1
4 25 258 1
25 4 258 1
11 65 770 1
65 11 770 1
60 64 187 1
64 60 187 1
12 63 1218 1
63 12 1218 1
20 77 434 1
77 20 434 1
30 41 563 1
41 30 563 1
39 109 356 1
109 39 356 1
43 44 290 1
44 43 290 1
49 50 585 1
50 49 585 1
69 79 707 1
79 69 707 1
29 30 533 1
30 29 533 1
31 36 716 1
36 31 716 1
51 66 580 1
66 51 580 1
67 103 944 1
103 67 944 1
6 91 1386 1
91 6 1386 1
9 87 450 1
87 9 450 1
19 60 706 1
60 19 706 1
31 71 265 1
71 31 265 1
31 92 1282 1
92 31 1282 1
39 76 461 1
76 39 461 1
16 36 349 1
36 16 349 1
25 92 1338 1
92 25 1338 1
38 39 465 1
39 38 465 1
44 46 353 1
46 44 353 1
37 70 546 1
70 37 546 1
37 73 278 1
73 37 278 1
54 109 337 1
109 54 337 1
71 89 661 1
89 71 661 1
4 20 334 1
20 4 334 1
21 39 356 1
39 21 356 1
29 31 454 1
31 29 454 1
36 76 232 1
76 36 232 1
48 50 202 1
50 48 202 1
58 66 198 1
66 58 198 1
22 84 1027 1
84 22 1027 1
7 100 1408 1
100 7 1408 1
20 95 541 1
95 20 541 1
40 73 549 1
73 40 549 1
92 98 220 1
98 92 220 1
13 14 902 1
14 13 902 1
17 72 781 1
72 17 781 1
31 41 528 1
41 31 528 1
72 113 813 1
113 72 813 1
31 40 592 1
40 31 592 1
33 63 547 1
63 33 547 1
39 96 494 1
96 39 494 1
38 80 426 1
80 38 426 1
8 25 389 1
25 8 389 1
31 94 836 1
94 31 836 1
71 91 911 1
91 71 911 1
32 81 728 1
81 32 728 1
26 86 416 1
86 26 416 1
33 68 378 1
68 33 378 1
40 76 327 1
76 40 327 1
57 63 249 1
63 57 249 1
2 88 959 1
88 2 959 1
5 89 870 1
89 5 870 1
23 100 1403 1
100 23 1403 1
5 14 572 1
14 5 572 1
64 88 675 1
88 64 675 1
1 63 334 1
63 1 334 1
54 71 757 1
71 54 757 1
62 81 1169 1
81 62 1169 1
8 14 205 1
14 8 205 1
8 91 1373 1
91 8 1373 1
8 93 1382 1
93 8 1382 1
37 54 645 1
54 37 645 1
95 108 123 1
108 95 123 1
3 23 271 1
23 3 271 1
60 63 1021 1
63 60 1021 1
25 90 1282 1
90 25 1282 1
31 93 1221 1
93 31 1221 1
32 69 338 1
69 32 338 1
37 71 401 1
71 37 401 1
75 81 434 1
81 75 434 1
4 8 148 1
8 4 148 1
7 8 828 1
8 7 828 1
8 100 1159 1
100 8 1159 1
9 15 219 1
15 9 219 1
13 19 700 1
19 13 700 1
105 114 152 1
114 105 152 1
21 70 303 1
70 21 303 1
31 73 397 1
73 31 397 1
36 70 395 1
70 36 395 1
41 77 345 1
77 41 345 1
90 93 690 1
93 90 690 1
93 101 103 1
101 93 103 1
3 7 185 1
7 3 185 1
13 60 1245 1
60 13 1245 1
14 26 321 1
26 14 321 1
20 39 459 1
39 20 459 1
43 55 485 1
55 43 485 1
28 38 358 1
38 28 358 1
29 83 227 1
83 29 227 1
37 80 842 1
80 37 842 1
43 96 503 1
96 43 503 1
2 24 548 1
24 2 548 1
11 61 675 1
61 11 675 1
20 73 397 1
73 20 397 1
38 81 841 1
81 38 841 1
70 72 158 1
72 70 158 1
95 96 288 1
96 95 288 1
0 19 488 1
19 0 488 1
49 51 172 1
51 49 172 1
6 93 1425 1
93 6 1425 1
74 113 753 1
113 74 753 1
95 109 146 1
109 95 146 1
4 23 506 1
23 4 506 1
9 65 1235 1
65 9 1235 1
49 66 437 1
66 49 437 1
111 112 111 1
112 111 111 1
7 9 490 1
9 7 490 1
32 78 484 1
78 32 484 1
50 90 473 1
90 50 473 1
57 106 1143 1
106 57 1143 1
92 102 211 1
102 92 211 1
6 64 941 1
64 6 941 1
15 29 295 1
29 15 295 1
21 74 343 1
74 21 343 1
0 68 414 1
68 0 414 1
3 64 1134 1
64 3 1134 1
10 35 781 1
35 10 781 1
21 40 380 1
40 21 380 1
64 65 897 1
65 64 897 1
9 91 1212 1
91 9 1212 1
15 92 1292 1
92 15 1292 1
33 62 690 1
62 33 690 1
56 60 232 1
60 56 232 1
84 88 224 1
88 84 224 1
94 109 127 1
109 94 127 1
97 104 399 1
104 97 399 1
4 92 1237 1
92 4 1237 1
24 91 1303 1
91 24 1303 1
7 91 1186 1
91 7 1186 1
16 28 220 1
28 16 220 1
16 78 122 1
78 16 122 1
20 93 974 1
93 20 974 1
27 89 807 1
89 27 807 1
18 87 1063 1
87 18 1063 1
35 52 642 1
52 35 642 1
35 110 305 1
110 35 305 1
36 73 600 1
73 36 600 1
17 57 439 1
57 17 439 1
2 11 744 1
11 2 744 1
7 92 1445 1
92 7 1445 1
40 79 762 1
79 40 762 1
42 55 629 1
55 42 629 1
15 82 832 1
82 15 832 1
23 31 199 1
31 23 199 1
5 9 157 1
9 5 157 1
8 15 741 1
15 8 741 1
3 22 347 1
22 3 347 1
41 70 482 1
70 41 482 1
85 89 220 1
89 85 220 1
6 14 476 1
14 6 476 1
6 50 1151 1
50 6 1151 1
7 103 1229 1
103 7 1229 1
17 62 1129 1
62 17 1129 1
34 109 367 1
109 34 367 1
39 74 501 1
74 39 501 1
63 80 1146 1
80 63 1146 1
23 114 1244 1
114 23 1244 1
30 37 688 1
37 30 688 1
14 24 389 1
24 14 389 1
19 67 590 1
67 19 590 1
37 97 271 1
97 37 271 1
40 113 703 1
113 40 703 1
75 98 773 1
98 75 773 1
83 88 1071 1
88 83 1071 1
92 108 488 1
108 92 488 1
106 107 486 1
107 106 486 1
14 89 1093 1
89 14 1093 1
23 65 1169 1
65 23 1169 1
30 71 303 1
71 30 303 1
6 90 1185 1
90 6 1185 1
41 96 611 1
96 41 611 1
44 98 563 1
98 44 563 1
9 64 1448 1
64 9 1448 1
22 82 706 1
82 22 706 1
40 96 436 1
96 40 436 1
18 88 1010 1
88 18 1010 1
29 63 531 1
63 29 531 1
33 35 375 1
35 33 375 1
71 99 783 1
99 71 783 1
2 5 685 1
5 2 685 1
101 103 106 1
103 101 106 1
24 93 1326 1
93 24 1326 1
38 79 739 1
79 38 739 1
56 62 252 1
62 56 252 1
7 19 519 1
19 7 519 1
12 13 959 1
13 12 959 1
13 35 841 1
35 13 841 1
40 70 311 1
70 40 311 1
71 74 359 1
74 71 359 1
0 69 556 1
69 0 556 1
19 32 289 1
32 19 289 1
48 59 599 1
59 48 599 1
100 108 467 1
108 100 467 1
28 84 456 1
84 28 456 1
81 85 175 1
85 81 175 1
8 90 1188 1
90 8 1188 1
47 110 210 1
110 47 210 1
54 96 167 1
96 54 167 1
21 30 349 1
30 21 349 1
30 94 797 1
94 30 797 1
38 97 469 1
97 38 469 1
67 115 767 1
115 67 767 1
95 114 280 1
114 95 280 1
3 11 395 1
11 3 395 1
34 76 309 1
76 34 309 1
110 111 172 1
111 110 172 1
49 67 315 1
67 49 315 1
49 98 742 1
98 49 742 1
54 70 623 1
70 54 623 1
9 24 385 1
24 9 385 1
17 28 894 1
28 17 894 1
36 56 615 1
56 36 615 1
43 49 240 1
49 43 240 1
45 66 369 1
66 45 369 1
52 53 746 1
53 52 746 1
73 77 274 1
77 73 274 1
20 76 380 1
76 20 380 1
30 77 559 1
77 30 559 1
4 93 1288 1
93 4 1288 1
36 113 562 1
113 36 562 1
37 39 117 1
39 37 117 1
45 47 345 1
47 45 345 1
66 103 1026 1
103 66 1026 1
78 84 235 1
84 78 235 1
3 60 1005 1
60 3 1005 1
6 8 485 1
8 6 485 1
8 92 1269 1
92 8 1269 1
22 64 1169 1
64 22 1169 1
32 60 487 1
60 32 487 1
33 57 394 1
57 33 394 1
37 95 241 1
95 37 241 1
58 68 392 1
68 58 392 1
36 77 422 1
77 36 422 1
7 66 1007 1
66 7 1007 1
19 61 611 1
61 19 611 1
23 49 1325 1
49 23 1325 1
79 96 717 1
96 79 717 1
3 67 879 1
67 3 879 1
33 66 503 1
66 33 503 1
36 94 246 1
94 36 246 1
37 79 267 1
79 37 267 1
9 93 1250 1
93 9 1250 1
21 104 765 1
104 21 765 1
38 83 760 1
83 38 760 1
8 59 1427 1
59 8 1427 1
30 73 455 1
73 30 455 1
71 77 297 1
77 71 297 1
75 113 758 1
113 75 758 1
87 88 1035 1
88 87 1035 1
37 113 578 1
113 37 578 1
54 77 571 1
77 54 571 1
17 37 368 1
37 17 368 1
96 97 322 1
97 96 322 1
11 64 1218 1
64 11 1218 1
35 61 480 1
61 35 480 1
4 100 1129 1
100 4 1129 1
41 81 452 1
81 41 452 1
23 105 1262 1
105 23 1262 1
29 79 257 1
79 29 257 1
31 77 552 1
77 31 552 1
54 75 692 1
75 54 692 1
30 76 537 1
76 30 537 1
33 61 545 1
61 33 545 1
2 52 1249 1
52 2 1249 1
18 22 537 1
22 18 537 1
33 56 531 1
56 33 531 1
95 100 576 1
100 95 576 1
3 6 559 1
6 3 559 1
76 96 361 1
96 76 361 1
9 88 1163 1
88 9 1163 1
14 61 1285 1
61 14 1285 1
0 61 943 1
61 0 943 1
9 11 523 1
11 9 523 1
20 85 844 1
85 20 844 1
37 89 294 1
89 37 294 1
57 78 938 1
78 57 938 1
10 64 755 1
64 10 755 1
20 25 402 1
25 20 402 1
23 45 1302 1
45 23 1302 1
28 74 188 1
74 28 188 1
35 82 851 1
82 35 851 1
86 89 1016 1
89 86 1016 1
35 65 453 1
65 35 453 1
1 15 757 1
15 1 757 1
16 79 934 1
79 16 934 1
18 82 891 1
82 18 891 1
71 112 918 1
112 71 918 1
76 113 641 1
113 76 641 1
82 89 1043 1
89 82 1043 1
83 106 894 1
106 83 894 1
9 23 475 1
23 9 475 1
38 104 427 1
104 38 427 1
18 89 1085 1
89 18 1085 1
22 24 386 1
24 22 386 1
21 92 1010 1
92 21 1010 1
31 108 842 1
108 31 842 1
61 105 1028 1
105 61 1028 1
73 113 827 1
113 73 827 1
31 91 1172 1
91 31 1172 1
50 65 837 1
65 50 837 1
2 10 438 1
10 2 438 1
5 86 673 1
86 5 673 1
29 37 304 1
37 29 304 1
31 70 334 1
70 31 334 1
57 81 488 1
81 57 488 1
70 74 155 1
74 70 155 1
103 107 239 1
107 103 239 1
16 40 399 1
40 16 399 1
39 75 260 1
75 39 260 1
72 76 257 1
76 72 257 1
2 35 833 1
35 2 833 1
9 61 1165 1
61 9 1165 1
46 79 801 1
79 46 801 1
12 19 781 1
19 12 781 1
36 78 263 1
78 36 263 1
45 46 448 1
46 45 448 1
45 115 699 1
115 45 699 1
75 96 592 1
96 75 592 1
24 90 1265 1
90 24 1265 1
27 65 1171 1
65 27 1171 1
77 96 456 1
96 77 456 1
10 26 620 1
26 10 620 1
38 75 499 1
75 38 499 1
44 66 318 1
66 44 318 1
22 30 218 1
30 22 218 1
71 95 547 1
95 71 547 1
80 94 538 1
94 80 538 1
104 115 184 1
115 104 184 1
28 41 661 1
41 28 661 1
23 44 1318 1
44 23 1318 1
41 80 868 1
80 41 868 1
61 101 1003 1
101 61 1003 1
76 95 396 1
95 76 396 1
82 87 849 1
87 82 849 1
96 99 428 1
99 96 428 1
38 106 276 1
106 38 276 1
47 49 380 1
49 47 380 1
50 66 475 1
66 50 475 1
50 85 1013 1
85 50 1013 1
57 80 1050 1
80 57 1050 1
66 68 378 1
68 66 378 1
3 61 814 1
61 3 814 1
18 19 147 1
19 18 147 1
92 95 594 1
95 92 594 1
18 83 953 1
83 18 953 1
23 92 1466 1
92 23 1466 1
35 88 741 1
88 35 741 1
42 48 243 1
48 42 243 1
50 105 813 1
105 50 813 1
94 95 213 1
95 94 213 1
103 115 322 1
115 103 322 1
44 47 404 1
47 44 404 1
70 95 587 1
95 70 587 1
2 3 405 1
3 2 405 1
38 77 447 1
77 38 447 1
106 110 467 1
110 106 467 1
39 113 565 1
113 39 565 1
2 64 992 1
64 2 992 1
11 19 598 1
19 11 598 1
18 84 897 1
84 18 897 1
35 64 566 1
64 35 566 1
63 81 293 1
81 63 293 1
25 77 710 1
77 25 710 1
34 77 351 1
77 34 351 1
55 109 337 1
109 55 337 1
97 98 437 1
98 97 437 1
9 27 309 1
27 9 309 1
14 93 1238 1
93 14 1238 1
16 38 439 1
38 16 439 1
22 85 1113 1
85 22 1113 1
59 101 1108 1
101 59 1108 1
70 113 878 1
113 70 878 1
92 101 634 1
101 92 634 1
0 10 381 1
10 0 381 1
3 35 775 1
35 3 775 1
7 93 1261 1
93 7 1261 1
17 106 979 1
106 17 979 1
52 60 638 1
60 52 638 1
77 98 628 1
98 77 628 1
4 7 733 1
7 4 733 1
83 89 464 1
89 83 464 1
10 65 1203 1
65 10 1203 1
13 64 1328 1
64 13 1328 1
36 71 552 1
71 36 552 1
37 99 410 1
99 37 410 1
68 79 805 1
79 68 805 1
77 95 322 1
95 77 322 1
17 32 646 1
32 17 646 1
28 88 461 1
88 28 461 1
73 89 507 1
89 73 507 1
113 114 95 1
114 113 95 1
4 87 715 1
87 4 715 1
10 88 586 1
88 10 586 1
14 82 179 1
82 14 179 1
20 92 945 1
92 20 945 1
31 72 482 1
72 31 482 1
54 87 939 1
87 54 939 1
65 93 802 1
93 65 802 1
71 93 964 1
93 71 964 1
74 79 666 1
79 74 666 1
9 90 1391 1
90 9 1391 1
16 84 311 1
84 16 311 1
17 82 1011 1
82 17 1011 1
28 75 567 1
75 28 567 1
39 40 508 1
40 39 508 1
91 114 389 1
114 91 389 1
17 78 955 1
78 17 955 1
24 88 947 1
88 24 947 1
28 37 709 1
37 28 709 1
36 62 525 1
62 36 525 1
75 95 407 1
95 75 407 1
34 37 540 1
37 34 540 1
55 98 606 1
98 55 606 1
56 72 566 1
72 56 566 1
54 113 426 1
113 54 426 1
34 95 480 1
95 34 480 1
57 62 1000 1
62 57 1000 1
14 35 910 1
35 14 910 1
19 57 426 1
57 19 426 1
25 39 702 1
39 25 702 1
42 98 381 1
98 42 381 1
43 110 298 1
110 43 298 1
54 89 853 1
89 54 853 1
101 105 274 1
105 101 274 1
1 52 1206 1
52 1 1206 1
59 90 1104 1
90 59 1104 1
24 25 135 1
25 24 135 1
47 109 317 1
109 47 317 1
6 66 934 1
66 6 934 1
20 37 510 1
37 20 510 1
28 113 881 1
113 28 881 1
41 95 382 1
95 41 382 1
48 67 417 1
67 48 417 1
53 54 818 1
54 53 818 1
21 36 510 1
36 21 510 1
40 98 586 1
98 40 586 1
70 93 1035 1
93 70 1035 1
90 92 135 1
92 90 135 1
3 63 726 1
63 3 726 1
25 26 225 1
26 25 225 1
38 73 580 1
73 38 580 1
93 105 305 1
105 93 305 1
4 14 255 1
14 4 255 1
6 11 866 1
11 6 866 1
79 106 876 1
106 79 876 1
91 100 719 1
100 91 719 1
94 115 181 1
115 94 181 1
20 108 552 1
108 20 552 1
29 76 555 1
76 29 555 1
31 76 584 1
76 31 584 1
74 77 362 1
77 74 362 1
74 96 467 1
96 74 467 1
5 10 825 1
10 5 825 1
13 65 935 1
65 13 935 1
29 71 259 1
71 29 259 1
76 99 626 1
99 76 626 1
6 101 1437 1
101 6 1437 1
12 33 709 1
33 12 709 1
16 72 287 1
72 16 287 1
46 49 541 1
49 46 541 1
15 83 194 1
83 15 194 1
15 99 927 1
99 15 927 1
29 113 879 1
113 29 879 1
65 92 1075 1
92 65 1075 1
0 79 944 1
79 0 944 1
21 29 329 1
29 21 329 1
31 114 1052 1
114 31 1052 1
40 94 393 1
94 40 393 1
47 107 509 1
107 47 509 1
60 65 898 1
65 60 898 1
96 107 486 1
107 96 486 1
4 22 457 1
22 4 457 1
10 12 181 1
12 10 181 1
35 56 599 1
56 35 599 1
37 109 343 1
109 37 343 1
66 102 974 1
102 66 974 1
0 3 712 1
3 0 712 1
2 27 659 1
27 2 659 1
13 30 546 1
30 13 546 1
19 69 323 1
69 19 323 1
41 54 714 1
54 41 714 1
1 12 1022 1
12 1 1022 1
16 62 313 1
62 16 313 1
23 61 1058 1
61 23 1058 1
30 74 403 1
74 30 403 1
53 55 448 1
55 53 448 1
75 80 775 1
80 75 775 1
91 92 669 1
92 91 669 1
14 87 842 1
87 14 842 1
16 37 809 1
37 16 809 1
98 112 277 1
112 98 277 1
1 79 428 1
79 1 428 1
10 13 1004 1
13 10 1004 1
39 46 678 1
46 39 678 1
65 115 847 1
115 65 847 1
68 106 1131 1
106 68 1131 1
109 115 211 1
115 109 211 1
14 65 1320 1
65 14 1320 1
22 89 1126 1
89 22 1126 1
97 99 180 1
99 97 180 1
100 114 352 1
114 100 352 1
0 78 431 1
78 0 431 1
12 15 906 1
15 12 906 1
17 75 351 1
75 17 351 1
17 86 1035 1
86 17 1035 1
42 107 734 1
107 42 734 1
71 100 1020 1
100 71 1020 1
80 97 779 1
97 80 779 1
4 88 829 1
88 4 829 1
46 53 547 1
53 46 547 1
72 94 485 1
94 72 485 1
17 40 824 1
40 17 824 1
21 25 360 1
25 21 360 1
38 76 305 1
76 38 305 1
54 73 776 1
73 54 776 1
24 59 1364 1
59 24 1364 1
65 100 1146 1
100 65 1146 1
71 72 402 1
72 71 402 1
87 89 476 1
89 87 476 1
26 53 1271 1
53 26 1271 1
37 46 651 1
46 37 651 1
38 86 366 1
86 38 366 1
44 105 811 1
105 44 811 1
50 103 905 1
103 50 905 1
51 67 436 1
67 51 436 1
74 98 633 1
98 74 633 1
82 84 544 1
84 82 544 1
82 106 562 1
106 82 562 1
10 87 1058 1
87 10 1058 1
14 111 1046 1
111 14 1046 1
16 75 702 1
75 16 702 1
21 77 387 1
77 21 387 1
37 94 426 1
94 37 426 1
6 13 864 1
13 6 864 1
34 113 628 1
113 34 628 1
14 86 272 1
86 14 272 1
21 97 595 1
97 21 595 1
23 64 1238 1
64 23 1238 1
32 106 871 1
106 32 871 1
56 63 1014 1
63 56 1014 1
72 95 570 1
95 72 570 1
8 64 1208 1
64 8 1208 1
11 23 552 1
23 11 552 1
16 57 981 1
57 16 981 1
51 52 786 1
52 51 786 1
71 113 890 1
113 71 890 1
20 40 225 1
40 20 225 1
29 62 1067 1
62 29 1067 1
75 92 967 1
92 75 967 1
81 97 523 1
97 81 523 1
3 12 737 1
12 3 737 1
15 111 1071 1
111 15 1071 1
32 36 555 1
36 32 555 1
7 64 1244 1
64 7 1244 1
20 89 778 1
89 20 778 1
20 100 857 1
100 20 857 1
70 91 1000 1
91 70 1000 1
72 89 886 1
89 72 886 1
21 76 440 1
76 21 440 1
73 92 1046 1
92 73 1046 1
0 12 517 1
12 0 517 1
0 62 386 1
62 0 386 1
2 82 688 1
82 2 688 1
8 24 258 1
24 8 258 1
14 91 1235 1
91 14 1235 1
24 92 1330 1
92 24 1330 1
25 27 193 1
27 25 193 1
28 78 272 1
78 28 272 1
30 108 817 1
108 30 817 1
57 82 1164 1
82 57 1164 1
86 87 805 1
87 86 805 1
17 18 752 1
18 17 752 1
21 115 657 1
115 21 657 1
23 24 403 1
24 23 403 1
32 72 471 1
72 32 471 1
38 70 414 1
70 38 414 1
39 71 417 1
71 39 417 1
51 59 486 1
59 51 486 1
63 83 697 1
83 63 697 1
55 89 213 1
89 55 213 1
67 101 953 1
101 67 953 1
74 83 697 1
83 74 697 1
2 89 1170 1
89 2 1170 1
6 103 1362 1
103 6 1362 1
16 18 646 1
18 16 646 1
19 66 600 1
66 19 600 1
34 78 466 1
78 34 466 1
45 65 388 1
65 45 388 1
54 99 587 1
99 54 587 1
27 53 1217 1
53 27 1217 1
34 39 610 1
39 34 610 1
39 98 655 1
98 39 655 1
39 104 557 1
104 39 557 1
41 55 403 1
55 41 403 1
74 108 474 1
108 74 474 1
76 89 725 1
89 76 725 1
1 62 1027 1
62 1 1027 1
6 114 1174 1
114 6 1174 1
10 27 715 1
27 10 715 1
48 62 640 1
62 48 640 1
50 91 845 1
91 50 845 1
108 113 292 1
113 108 292 1
5 25 129 1
25 5 129 1
9 26 419 1
26 9 419 1
9 100 1346 1
100 9 1346 1
13 29 290 1
29 13 290 1
78 85 1017 1
85 78 1017 1
28 56 545 1
56 28 545 1
29 70 512 1
70 29 512 1
59 93 1026 1
93 59 1026 1
71 92 1069 1
92 71 1069 1
1 61 385 1
61 1 385 1
3 13 410 1
13 3 410 1
30 82 534 1
82 30 534 1
71 108 604 1
108 71 604 1
4 101 1261 1
101 4 1261 1
7 49 1147 1
49 7 1147 1
15 40 725 1
40 15 725 1
40 71 481 1
71 40 481 1
51 115 716 1
115 51 716 1
65 101 880 1
101 65 880 1
76 92 745 1
92 76 745 1
81 94 732 1
94 81 732 1
94 108 97 1
108 94 97 1
2 23 340 1
23 2 340 1
51 103 737 1
103 51 737 1
54 98 204 1
98 54 204 1
12 35 895 1
35 12 895 1
24 89 1045 1
89 24 1045 1
38 62 642 1
62 38 642 1
67 100 988 1
100 67 988 1
4 71 523 1
71 4 523 1
25 89 956 1
89 25 956 1
35 57 486 1
57 35 486 1
47 48 490 1
48 47 490 1
67 90 867 1
90 67 867 1
4 59 1372 1
59 4 1372 1
6 49 1274 1
49 6 1274 1
57 60 868 1
60 57 868 1
77 113 641 1
113 77 641 1
7 51 1137 1
51 7 1137 1
13 31 424 1
31 13 424 1
30 81 847 1
81 30 847 1
62 97 881 1
97 62 881 1
0 13 1027 1
13 0 1027 1
3 65 942 1
65 3 942 1
11 12 972 1
12 11 972 1
25 93 1273 1
93 25 1273 1
44 115 684 1
115 44 684 1
52 88 542 1
88 52 542 1
100 101 656 1
101 100 656 1
8 31 485 1
31 8 485 1
11 88 1176 1
88 11 1176 1
14 25 491 1
25 14 491 1
21 37 403 1
37 21 403 1
28 94 557 1
94 28 557 1
40 108 451 1
108 40 451 1
50 53 744 1
53 50 744 1
71 85 660 1
85 71 660 1
81 96 799 1
96 81 799 1
96 113 315 1
113 96 315 1
6 59 1126 1
59 6 1126 1
31 74 479 1
74 31 479 1
36 96 257 1
96 36 257 1
55 79 394 1
79 55 394 1
64 93 1076 1
93 64 1076 1
113 115 188 1
115 113 188 1
5 6 733 1
6 5 733 1
28 82 255 1
82 28 255 1
77 92 835 1
92 77 835 1
24 75 604 1
75 24 604 1
40 97 584 1
97 40 584 1
55 95 221 1
95 55 221 1
104 105 204 1
105 104 204 1
28 31 545 1
31 28 545 1
33 67 474 1
67 33 474 1
49 59 382 1
59 49 382 1
87 112 968 1
112 87 968 1
38 107 545 1
107 38 545 1
64 67 549 1
67 64 549 1
73 108 560 1
108 73 560 1
74 81 792 1
81 74 792 1
93 114 346 1
114 93 346 1
9 58 1436 1
58 9 1436 1
17 56 1024 1
56 17 1024 1
21 100 934 1
100 21 934 1
38 54 263 1
54 38 263 1
39 92 812 1
92 39 812 1
40 56 722 1
56 40 722 1
15 88 1097 1
88 15 1097 1
25 103 1172 1
103 25 1172 1
37 98 666 1
98 37 666 1
60 110 690 1
110 60 690 1
24 27 252 1
27 24 252 1
87 95 598 1
95 87 598 1
13 52 1405 1
52 13 1405 1
20 97 635 1
97 20 635 1
21 96 648 1
96 21 648 1
66 105 960 1
105 66 960 1
91 112 368 1
112 91 368 1
16 56 380 1
56 16 380 1
30 89 952 1
89 30 952 1
42 111 258 1
111 42 258 1
5 88 1026 1
88 5 1026 1
6 9 834 1
9 6 834 1
11 60 1139 1
60 11 1139 1
14 27 449 1
27 14 449 1
14 83 858 1
83 14 858 1
20 36 396 1
36 20 396 1
28 70 247 1
70 28 247 1
37 55 221 1
55 37 221 1
93 108 478 1
108 93 478 1
3 8 773 1
8 3 773 1
15 25 386 1
25 15 386 1
19 35 579 1
35 19 579 1
23 85 1053 1
85 23 1053 1
27 50 1279 1
50 27 1279 1
34 35 126 1
35 34 126 1
38 96 284 1
96 38 284 1
38 113 550 1
113 38 550 1
69 78 773 1
78 69 773 1
94 107 417 1
107 94 417 1
18 68 315 1
68 18 315 1
24 71 494 1
71 24 494 1
28 73 629 1
73 28 629 1
30 54 873 1
54 30 873 1
52 57 1117 1
57 52 1117 1
92 114 349 1
114 92 349 1
7 14 868 1
14 7 868 1
22 91 1377 1
91 22 1377 1
57 72 874 1
72 57 874 1
70 112 906 1
112 70 906 1
71 88 827 1
88 71 827 1
18 58 669 1
58 18 669 1
19 59 618 1
59 19 618 1
28 89 998 1
89 28 998 1
33 48 801 1
48 33 801 1
54 107 612 1
107 54 612 1
62 106 794 1
106 62 794 1
90 100 182 1
100 90 182 1
4 26 161 1
26 4 161 1
16 63 1092 1
63 16 1092 1
18 30 564 1
30 18 564 1
21 72 388 1
72 21 388 1
40 106 412 1
106 40 412 1
41 89 415 1
89 41 415 1
45 105 804 1
105 45 804 1
72 78 300 1
78 72 300 1
15 61 998 1
61 15 998 1
17 87 519 1
87 17 519 1
29 32 631 1
32 29 631 1
39 70 540 1
70 39 540 1
68 78 695 1
78 68 695 1
75 108 484 1
108 75 484 1
107 109 392 1
109 107 392 1
27 42 1179 1
42 27 1179 1
34 81 688 1
81 34 688 1
58 69 426 1
69 58 426 1
74 95 497 1
95 74 497 1
29 106 855 1
106 29 855 1
32 38 642 1
38 32 642 1
22 86 800 1
86 22 800 1
30 80 748 1
80 30 748 1
45 51 254 1
51 45 254 1
48 98 566 1
98 48 566 1
99 112 272 1
112 99 272 1
4 70 430 1
70 4 430 1
17 74 721 1
74 17 721 1
25 100 1246 1
100 25 1246 1
41 79 379 1
79 41 379 1
1 106 1164 1
106 1 1164 1
10 89 1185 1
89 10 1185 1
17 84 1128 1
84 17 1128 1
30 97 872 1
97 30 872 1
64 91 1046 1
91 64 1046 1
4 50 1323 1
50 4 1323 1
8 58 1298 1
58 8 1298 1
8 61 1371 1
61 8 1371 1
10 86 544 1
86 10 544 1
11 18 691 1
18 11 691 1
18 57 564 1
57 18 564 1
18 86 1008 1
86 18 1008 1
39 97 289 1
97 39 289 1
56 96 743 1
96 56 743 1
41 98 784 1
98 41 784 1
61 115 933 1
115 61 933 1
7 12 856 1
12 7 856 1
13 73 358 1
73 13 358 1
13 91 1074 1
91 13 1074 1
15 60 1288 1
60 15 1288 1
34 75 559 1
75 34 559 1
4 67 1210 1
67 4 1210 1
15 76 747 1
76 15 747 1
25 87 575 1
87 25 575 1
36 97 483 1
97 36 483 1
36 108 330 1
108 36 330 1
56 106 934 1
106 56 934 1
59 105 1100 1
105 59 1100 1
62 72 566 1
72 62 566 1
66 101 1048 1
101 66 1048 1
70 81 769 1
81 70 769 1
75 93 807 1
93 75 807 1
76 79 567 1
79 76 567 1
33 94 670 1
94 33 670 1
36 39 517 1
39 36 517 1
39 94 407 1
94 39 407 1
41 97 446 1
97 41 446 1
4 91 1276 1
91 4 1276 1
20 23 575 1
23 20 575 1
20 34 683 1
34 20 683 1
61 66 546 1
66 61 546 1
15 24 514 1
24 15 514 1
15 110 937 1
110 15 937 1
18 28 651 1
28 18 651 1
22 23 140 1
23 22 140 1
28 32 528 1
32 28 528 1
36 95 408 1
95 36 408 1
40 89 829 1
89 40 829 1
17 41 414 1
41 17 414 1
21 38 458 1
38 21 458 1
33 69 363 1
69 33 363 1
54 72 501 1
72 54 501 1
72 77 430 1
77 72 430 1
94 100 422 1
100 94 422 1
0 63 1010 1
63 0 1010 1
2 18 379 1
18 2 379 1
13 33 629 1
33 13 629 1
21 98 829 1
98 21 829 1
27 90 1121 1
90 27 1121 1
28 83 861 1
83 28 861 1
34 56 491 1
56 34 491 1
34 96 428 1
96 34 428 1
39 73 305 1
73 39 305 1
45 98 655 1
98 45 655 1
70 92 982 1
92 70 982 1
77 81 453 1
81 77 453 1
2 90 1252 1
90 2 1252 1
26 71 422 1
71 26 422 1
38 46 544 1
46 38 544 1
101 102 595 1
102 101 595 1
8 49 1478 1
49 8 1478 1
15 52 1350 1
52 15 1350 1
15 89 653 1
89 15 653 1
40 95 491 1
95 40 491 1
56 99 1051 1
99 56 1051 1
95 98 433 1
98 95 433 1
9 89 869 1
89 9 869 1
29 101 860 1
101 29 860 1
59 100 1223 1
100 59 1223 1
60 101 1230 1
101 60 1230 1
92 111 381 1
111 92 381 1
92 113 313 1
113 92 313 1
7 25 539 1
25 7 539 1
10 61 1158 1
61 10 1158 1
34 84 580 1
84 34 580 1
36 84 341 1
84 36 341 1
44 51 440 1
51 44 440 1
63 72 944 1
72 63 944 1
85 86 1120 1
86 85 1120 1
93 95 447 1
95 93 447 1
8 83 868 1
83 8 868 1
15 100 1225 1
100 15 1225 1
17 88 1113 1
88 17 1113 1
25 76 733 1
76 25 733 1
41 83 252 1
83 41 252 1
41 113 720 1
113 41 720 1
46 54 354 1
54 46 354 1
47 53 268 1
53 47 268 1
58 82 1100 1
82 58 1100 1
58 106 1039 1
106 58 1039 1
59 91 926 1
91 59 926 1
102 105 355 1
105 102 355 1
12 29 886 1
29 12 886 1
20 72 238 1
72 20 238 1
30 39 678 1
39 30 678 1
30 95 791 1
95 30 791 1
46 95 451 1
95 46 451 1
56 110 762 1
110 56 762 1
65 66 537 1
66 65 537 1
108 115 135 1
115 108 135 1
2 9 760 1
9 2 760 1
6 45 1217 1
45 6 1217 1
9 10 955 1
10 9 955 1
10 110 856 1
110 10 856 1
20 109 557 1
109 20 557 1
0 80 485 1
80 0 485 1
21 93 922 1
93 21 922 1
22 70 443 1
70 22 443 1
26 82 411 1
82 26 411 1
27 43 1124 1
43 27 1124 1
28 60 684 1
60 28 684 1
67 91 790 1
91 67 790 1
85 91 456 1
91 85 456 1
2 50 1192 1
50 2 1192 1
6 48 1184 1
48 6 1184 1
8 11 935 1
11 8 935 1
15 75 396 1
75 15 396 1
18 26 857 1
26 18 857 1
24 70 465 1
70 24 465 1
34 79 586 1
79 34 586 1
40 62 664 1
62 40 664 1
43 69 724 1
69 43 724 1
48 63 912 1
63 48 912 1
79 89 364 1
89 79 364 1
86 106 508 1
106 86 508 1
102 113 317 1
113 102 317 1
5 53 1317 1
53 5 1317 1
10 16 218 1
16 10 218 1
11 92 1324 1
92 11 1324 1
9 112 1293 1
112 9 1293 1
25 31 272 1
31 25 272 1
29 108 631 1
108 29 631 1
43 68 807 1
68 43 807 1
74 80 415 1
80 74 415 1
89 99 398 1
99 89 398 1
92 112 325 1
112 92 325 1
3 50 1273 1
50 3 1273 1
4 58 1292 1
58 4 1292 1
14 92 1074 1
92 14 1074 1
20 29 497 1
29 20 497 1
22 87 870 1
87 22 870 1
36 57 914 1
57 36 914 1
38 63 974 1
63 38 974 1
47 79 596 1
79 47 596 1
54 79 860 1
79 54 860 1
73 96 674 1
96 73 674 1
1 18 493 1
18 1 493 1
4 27 279 1
27 4 279 1
12 65 1303 1
65 12 1303 1
13 99 995 1
99 13 995 1
20 74 213 1
74 20 213 1
55 97 173 1
97 55 173 1
95 97 97 1
97 95 97 1
2 13 744 1
13 2 744 1
3 52 1342 1
52 3 1342 1
4 11 819 1
11 4 819 1
4 31 397 1
31 4 397 1
12 14 278 1
14 12 278 1
21 54 704 1
54 21 704 1
25 83 553 1
83 25 553 1
59 61 271 1
61 59 271 1
109 113 333 1
113 109 333 1
10 82 401 1
82 10 401 1
39 102 700 1
102 39 700 1
40 78 376 1
78 40 376 1
53 99 316 1
99 53 316 1
71 97 615 1
97 71 615 1
84 89 1110 1
89 84 1110 1
1 58 829 1
58 1 829 1
11 87 539 1
87 11 539 1
16 41 813 1
41 16 813 1
21 103 830 1
103 21 830 1
29 56 983 1
56 29 983 1
30 38 642 1
38 30 642 1
85 95 486 1
95 85 486 1
93 111 397 1
111 93 397 1
1 110 833 1
110 1 833 1
20 101 958 1
101 20 958 1
31 37 658 1
37 31 658 1
64 86 1029 1
86 64 1029 1
81 106 949 1
106 81 949 1
90 98 163 1
98 90 163 1
1 10 979 1
10 1 979 1
7 59 970 1
59 7 970 1
17 69 744 1
69 17 744 1
63 106 1106 1
106 63 1106 1
68 110 813 1
110 68 813 1
73 98 854 1
98 73 854 1
13 63 653 1
63 13 653 1
28 71 506 1
71 28 506 1
39 107 280 1
107 39 280 1
40 54 405 1
54 40 405 1
43 107 649 1
107 43 649 1
49 105 843 1
105 49 843 1
49 115 753 1
115 49 753 1
55 107 232 1
107 55 232 1
69 106 1139 1
106 69 1139 1
108 114 218 1
114 108 218 1
0 110 838 1
110 0 838 1
2 65 1144 1
65 2 1144 1
9 83 411 1
83 9 411 1
14 23 650 1
23 14 650 1
21 94 569 1
94 21 569 1
36 83 816 1
83 36 816 1
40 83 731 1
83 40 731 1
41 99 593 1
99 41 593 1
15 93 1054 1
93 15 1054 1
29 99 709 1
99 29 709 1
31 80 848 1
80 31 848 1
36 98 402 1
98 36 402 1
36 114 494 1
114 36 494 1
40 92 757 1
92 40 757 1
75 109 462 1
109 75 462 1
11 52 1305 1
52 11 1305 1
16 32 504 1
32 16 504 1
25 104 1095 1
104 25 1095 1
28 62 527 1
62 28 527 1
32 35 357 1
35 32 357 1
33 115 808 1
115 33 808 1
37 107 342 1
107 37 342 1
46 81 867 1
81 46 867 1
48 90 628 1
90 48 628 1
3 88 1145 1
88 3 1145 1
8 66 1233 1
66 8 1233 1
9 67 1237 1
67 9 1237 1
33 80 703 1
80 33 703 1
38 57 968 1
57 38 968 1
46 77 585 1
77 46 585 1
1 17 391 1
17 1 391 1
11 17 224 1
17 11 224 1
16 29 882 1
29 16 882 1
16 87 1049 1
87 16 1049 1
30 100 1157 1
100 30 1157 1
37 78 740 1
78 37 740 1
44 103 860 1
103 44 860 1
45 114 688 1
114 45 688 1
96 104 297 1
104 96 297 1
100 102 87 1
102 100 87 1
2 61 1041 1
61 2 1041 1
26 43 1155 1
43 26 1155 1
38 111 560 1
111 38 560 1
72 83 754 1
83 72 754 1
80 85 1121 1
85 80 1121 1
93 102 600 1
102 93 600 1
95 112 395 1
112 95 395 1
8 82 379 1
82 8 379 1
21 91 892 1
91 21 892 1
31 97 872 1
97 31 872 1
38 112 604 1
112 38 604 1
39 72 575 1
72 39 575 1
55 76 571 1
76 55 571 1
61 114 963 1
114 61 963 1
77 107 536 1
107 77 536 1
84 86 610 1
86 84 610 1
1 14 1077 1
14 1 1077 1
4 64 1218 1
64 4 1218 1
6 10 299 1
10 6 299 1
13 88 1216 1
88 13 1216 1
