116 2668
102 103 508 1
103 102 508 1
80 81 1113 1
81 80 1113 1
42 47 281 1
47 42 281 1
44 49 304 1
49 44 304 1
100 102 87 1
102 100 87 1
101 102 595 1
102 101 595 1
44 45 194 1
45 44 194 1
44 48 114 1
48 44 114 1
101 103 106 1
103 101 106 1
46 47 309 1
47 46 309 1
49 51 172 1
51 49 172 1
92 93 608 1
93 92 608 1
76 77 238 1
77 76 238 1
45 49 111 1
49 45 111 1
48 49 410 1
49 48 410 1
100 101 656 1
101 100 656 1
100 103 576 1
103 100 576 1
48 51 548 1
51 48 548 1
42 46 173 1
46 42 173 1
5 9 157 1
9 5 157 1
48 50 202 1
50 48 202 1
18 19 147 1
19 18 147 1
46 55 584 1
55 46 584 1
3 23 271 1
23 3 271 1
84 85 1130 1
85 84 1130 1
60 61 893 1
61 60 893 1
43 47 146 1
47 43 146 1
98 99 479 1
99 98 479 1
44 51 440 1
51 44 440 1
42 43 239 1
43 42 239 1
50 51 698 1
51 50 698 1
88 89 1035 1
89 88 1035 1
62 63 1134 1
63 62 1134 1
47 111 188 1
111 47 188 1
78 81 1002 1
81 78 1002 1
98 111 265 1
111 98 265 1
51 98 763 1
98 51 763 1
42 49 396 1
49 42 396 1
47 98 442 1
98 47 442 1
51 52 786 1
52 51 786 1
30 31 127 1
31 30 127 1
58 59 496 1
59 58 496 1
24 25 135 1
25 24 135 1
42 111 258 1
111 42 258 1
45 51 254 1
51 45 254 1
8 9 638 1
9 8 638 1
47 49 380 1
49 47 380 1
90 91 735 1
91 90 735 1
22 23 140 1
23 22 140 1
52 53 746 1
53 52 746 1
102 104 159 1
104 102 159 1
103 104 369 1
104 103 369 1
19 68 313 1
68 19 313 1
43 46 341 1
46 43 341 1
46 51 585 1
51 46 585 1
45 48 304 1
48 45 304 1
55 96 492 1
96 55 492 1
25 31 272 1
31 25 272 1
44 50 287 1
50 44 287 1
2 7 566 1
7 2 566 1
42 51 463 1
51 42 463 1
56 57 840 1
57 56 840 1
42 98 381 1
98 42 381 1
43 51 245 1
51 43 245 1
47 51 339 1
51 47 339 1
45 50 474 1
50 45 474 1
100 104 240 1
104 100 240 1
46 111 189 1
111 46 189 1
36 80 330 1
80 36 330 1
7 65 934 1
65 7 934 1
43 49 240 1
49 43 240 1
10 12 181 1
12 10 181 1
46 98 212 1
98 46 212 1
59 66 363 1
66 59 363 1
42 44 208 1
44 42 208 1
12 13 959 1
13 12 959 1
14 15 772 1
15 14 772 1
3 7 185 1
7 3 185 1
43 45 199 1
45 43 199 1
82 83 881 1
83 82 881 1
49 52 718 1
52 49 718 1
1 68 549 1
68 1 549 1
93 101 103 1
101 93 103 1
104 105 204 1
105 104 204 1
42 48 243 1
48 42 243 1
18 68 315 1
68 18 315 1
43 44 290 1
44 43 290 1
47 99 231 1
99 47 231 1
4 24 144 1
24 4 144 1
74 76 203 1
76 74 203 1
78 79 878 1
79 78 878 1
72 74 76 1
74 72 76 1
47 53 268 1
53 47 268 1
73 74 458 1
74 73 458 1
78 80 116 1
80 78 116 1
36 38 122 1
38 36 122 1
49 50 585 1
50 49 585 1
55 98 606 1
98 55 606 1
60 62 241 1
62 60 241 1
75 77 210 1
77 75 210 1
49 98 742 1
98 49 742 1
95 108 123 1
108 95 123 1
0 56 174 1
56 0 174 1
49 111 530 1
111 49 530 1
46 53 547 1
53 46 547 1
52 98 272 1
98 52 272 1
103 105 173 1
105 103 173 1
3 88 1145 1
88 3 1145 1
6 7 710 1
7 6 710 1
53 99 316 1
99 53 316 1
2 6 165 1
6 2 165 1
4 8 148 1
8 4 148 1
26 27 135 1
27 26 135 1
11 13 168 1
13 11 168 1
114 115 96 1
115 114 96 1
5 25 129 1
25 5 129 1
17 79 135 1
79 17 135 1
12 62 664 1
62 12 664 1
8 24 258 1
24 8 258 1
47 55 367 1
55 47 367 1
93 103 173 1
103 93 173 1
43 50 494 1
50 43 494 1
86 87 805 1
87 86 805 1
35 110 305 1
110 35 305 1
42 45 300 1
45 42 300 1
60 63 1021 1
63 60 1021 1
93 102 600 1
102 93 600 1
51 55 568 1
55 51 568 1
99 111 265 1
111 99 265 1
16 17 998 1
17 16 998 1
46 49 541 1
49 46 541 1
32 33 149 1
33 32 149 1
11 65 770 1
65 11 770 1
39 109 356 1
109 39 356 1
44 52 464 1
52 44 464 1
48 98 566 1
98 48 566 1
53 98 671 1
98 53 671 1
61 63 238 1
63 61 238 1
82 84 544 1
84 82 544 1
93 100 653 1
100 93 653 1
1 18 493 1
18 1 493 1
37 55 221 1
55 37 221 1
27 85 894 1
85 27 894 1
36 37 542 1
37 36 542 1
53 111 406 1
111 53 406 1
74 77 362 1
77 74 362 1
51 111 516 1
111 51 516 1
57 68 520 1
68 57 520 1
101 104 464 1
104 101 464 1
36 81 848 1
81 36 848 1
49 53 406 1
53 49 406 1
10 62 483 1
62 10 483 1
42 55 629 1
55 42 629 1
12 17 1046 1
17 12 1046 1
40 41 506 1
41 40 506 1
51 53 271 1
53 51 271 1
9 24 385 1
24 9 385 1
22 25 402 1
25 22 402 1
0 1 800 1
1 0 800 1
66 67 177 1
67 66 177 1
44 47 404 1
47 44 404 1
31 33 517 1
33 31 517 1
42 52 325 1
52 42 325 1
36 40 213 1
40 36 213 1
28 29 741 1
29 28 741 1
54 55 651 1
55 54 651 1
74 75 389 1
75 74 389 1
47 52 540 1
52 47 540 1
42 50 271 1
50 42 271 1
43 48 391 1
48 43 391 1
68 69 164 1
69 68 164 1
91 93 118 1
93 91 118 1
37 76 441 1
76 37 441 1
42 53 475 1
53 42 475 1
9 25 252 1
25 9 252 1
94 114 259 1
114 94 259 1
10 63 1159 1
63 10 1159 1
47 48 490 1
48 47 490 1
106 107 486 1
107 106 486 1
5 24 252 1
24 5 252 1
13 61 843 1
61 13 843 1
48 52 415 1
52 48 415 1
37 77 246 1
77 37 246 1
8 14 205 1
14 8 205 1
55 111 434 1
111 55 434 1
45 47 345 1
47 45 345 1
20 21 185 1
21 20 185 1
1 61 385 1
61 1 385 1
17 63 324 1
63 17 324 1
29 73 113 1
73 29 113 1
52 111 398 1
111 52 398 1
90 93 690 1
93 90 690 1
93 104 478 1
104 93 478 1
43 111 293 1
111 43 293 1
87 89 476 1
89 87 476 1
19 69 323 1
69 19 323 1
38 96 284 1
96 38 284 1
73 76 450 1
76 73 450 1
10 17 1029 1
17 10 1029 1
96 98 184 1
98 96 184 1
1 57 172 1
57 1 172 1
44 98 563 1
98 44 563 1
55 99 216 1
99 55 216 1
48 111 498 1
111 48 498 1
2 93 1417 1
93 2 1417 1
46 52 244 1
52 46 244 1
1 19 351 1
19 1 351 1
40 73 549 1
73 40 549 1
17 62 1129 1
62 17 1129 1
111 112 111 1
112 111 111 1
45 52 615 1
52 45 615 1
31 34 815 1
34 31 815 1
0 58 565 1
58 0 565 1
39 94 407 1
94 39 407 1
96 110 214 1
110 96 214 1
66 69 349 1
69 66 349 1
85 87 616 1
87 85 616 1
9 15 219 1
15 9 219 1
37 46 651 1
46 37 651 1
50 52 243 1
52 50 243 1
7 64 1244 1
64 7 1244 1
22 31 234 1
31 22 234 1
46 99 446 1
99 46 446 1
13 15 277 1
15 13 277 1
24 35 1010 1
35 24 1010 1
30 64 1064 1
64 30 1064 1
91 92 669 1
92 91 669 1
4 9 500 1
9 4 500 1
29 81 342 1
81 29 342 1
54 89 853 1
89 54 853 1
10 13 1004 1
13 10 1004 1
29 72 629 1
72 29 629 1
51 99 497 1
99 51 497 1
70 71 263 1
71 70 263 1
57 63 249 1
63 57 249 1
2 22 228 1
22 2 228 1
7 23 337 1
23 7 337 1
24 110 1066 1
110 24 1066 1
6 93 1425 1
93 6 1425 1
43 98 522 1
98 43 522 1
22 24 386 1
24 22 386 1
40 74 182 1
74 40 182 1
3 19 382 1
19 3 382 1
0 57 825 1
57 0 825 1
3 89 961 1
89 3 961 1
2 65 1144 1
65 2 1144 1
55 97 173 1
97 55 173 1
73 77 274 1
77 73 274 1
8 25 389 1
25 8 389 1
3 22 347 1
22 3 347 1
20 38 349 1
38 20 349 1
63 80 1146 1
80 63 1146 1
92 100 157 1
100 92 157 1
8 15 741 1
15 8 741 1
91 99 166 1
99 91 166 1
37 38 515 1
38 37 515 1
46 96 270 1
96 46 270 1
46 97 424 1
97 46 424 1
3 18 417 1
18 3 417 1
16 72 287 1
72 16 287 1
21 96 648 1
96 21 648 1
42 99 482 1
99 42 482 1
7 100 1408 1
100 7 1408 1
27 87 439 1
87 27 439 1
54 96 167 1
96 54 167 1
58 60 266 1
60 58 266 1
21 110 690 1
110 21 690 1
56 63 1014 1
63 56 1014 1
0 61 943 1
61 0 943 1
52 99 661 1
99 52 661 1
12 63 1218 1
63 12 1218 1
5 21 332 1
21 5 332 1
28 40 248 1
40 28 248 1
37 39 117 1
39 37 117 1
40 75 477 1
75 40 477 1
38 39 465 1
39 38 465 1
3 83 681 1
83 3 681 1
17 78 955 1
78 17 955 1
25 30 292 1
30 25 292 1
45 98 655 1
98 45 655 1
79 81 136 1
81 79 136 1
90 98 163 1
98 90 163 1
10 33 638 1
33 10 638 1
16 62 313 1
62 16 313 1
13 17 364 1
17 13 364 1
1 59 541 1
59 1 541 1
6 60 799 1
60 6 799 1
28 72 116 1
72 28 116 1
83 85 549 1
85 83 549 1
86 88 460 1
88 86 460 1
102 105 355 1
105 102 355 1
41 74 484 1
74 41 484 1
6 64 941 1
64 6 941 1
7 22 454 1
22 7 454 1
14 28 286 1
28 14 286 1
94 97 266 1
97 94 266 1
14 40 342 1
40 14 342 1
45 46 448 1
46 45 448 1
86 89 1016 1
89 86 1016 1
75 76 374 1
76 75 374 1
5 27 165 1
27 5 165 1
23 25 373 1
25 23 373 1
28 33 585 1
33 28 585 1
30 33 526 1
33 30 526 1
100 105 430 1
105 100 430 1
0 60 405 1
60 0 405 1
43 55 485 1
55 43 485 1
11 15 385 1
15 11 385 1
30 34 790 1
34 30 790 1
38 55 598 1
55 38 598 1
38 109 342 1
109 38 342 1
7 92 1445 1
92 7 1445 1
10 61 1158 1
61 10 1158 1
43 52 553 1
52 43 553 1
46 48 368 1
48 46 368 1
63 78 1033 1
78 63 1033 1
73 75 84 1
75 73 84 1
3 100 1385 1
100 3 1385 1
14 24 389 1
24 14 389 1
82 85 1121 1
85 82 1121 1
45 111 467 1
111 45 467 1
53 55 448 1
55 53 448 1
46 50 303 1
50 46 303 1
16 63 1092 1
63 16 1092 1
23 83 710 1
83 23 710 1
5 26 263 1
26 5 263 1
40 80 433 1
80 40 433 1
58 66 198 1
66 58 198 1
74 84 507 1
84 74 507 1
5 22 506 1
22 5 506 1
41 81 452 1
81 41 452 1
19 59 618 1
59 19 618 1
59 68 484 1
68 59 484 1
63 81 293 1
81 63 293 1
2 92 1350 1
92 2 1350 1
20 110 682 1
110 20 682 1
41 80 868 1
80 41 868 1
94 115 181 1
115 94 181 1
17 28 894 1
28 17 894 1
84 87 1148 1
87 84 1148 1
54 86 568 1
86 54 568 1
57 78 938 1
78 57 938 1
7 83 551 1
83 7 551 1
45 53 435 1
53 45 435 1
51 97 563 1
97 51 563 1
63 79 303 1
79 63 303 1
90 92 135 1
92 90 135 1
43 97 409 1
97 43 409 1
38 74 265 1
74 38 265 1
3 65 942 1
65 3 942 1
97 110 221 1
110 97 221 1
0 63 1010 1
63 0 1010 1
3 5 603 1
5 3 603 1
44 111 448 1
111 44 448 1
50 67 562 1
67 50 562 1
47 50 544 1
50 47 544 1
83 84 1154 1
84 83 1154 1
12 16 384 1
16 12 384 1
59 69 338 1
69 59 338 1
92 104 310 1
104 92 310 1
23 31 199 1
31 23 199 1
37 41 217 1
41 37 217 1
92 101 634 1
101 92 634 1
17 29 223 1
29 17 223 1
28 80 329 1
80 28 329 1
50 98 448 1
98 50 448 1
17 56 1024 1
56 17 1024 1
34 71 603 1
71 34 603 1
68 81 913 1
81 68 913 1
69 114 1057 1
114 69 1057 1
99 112 272 1
112 99 272 1
16 56 380 1
56 16 380 1
29 79 257 1
79 29 257 1
102 106 217 1
106 102 217 1
29 80 961 1
80 29 961 1
105 107 233 1
107 105 233 1
28 81 975 1
81 28 975 1
7 93 1261 1
93 7 1261 1
29 74 571 1
74 29 571 1
38 40 158 1
40 38 158 1
82 86 143 1
86 82 143 1
7 11 254 1
11 7 254 1
54 87 939 1
87 54 939 1
75 106 695 1
106 75 695 1
64 65 897 1
65 64 897 1
84 86 610 1
86 84 610 1
85 89 220 1
89 85 220 1
96 99 428 1
99 96 428 1
37 75 239 1
75 37 239 1
41 75 187 1
75 41 187 1
68 80 778 1
80 68 778 1
2 3 405 1
3 2 405 1
61 62 1047 1
62 61 1047 1
29 78 851 1
78 29 851 1
47 97 280 1
97 47 280 1
99 109 321 1
109 99 321 1
5 8 493 1
8 5 493 1
12 60 825 1
60 12 825 1
20 24 393 1
24 20 393 1
20 75 348 1
75 20 348 1
56 89 1199 1
89 56 1199 1
73 84 919 1
84 73 919 1
0 59 847 1
59 0 847 1
92 103 574 1
103 92 574 1
23 27 506 1
27 23 506 1
72 76 257 1
76 72 257 1
16 80 152 1
80 16 152 1
29 41 234 1
41 29 234 1
57 69 378 1
69 57 378 1
72 79 733 1
79 72 733 1
96 97 322 1
97 96 322 1
23 30 259 1
30 23 259 1
27 89 807 1
89 27 807 1
49 99 587 1
99 49 587 1
0 16 380 1
16 0 380 1
5 15 278 1
15 5 278 1
42 97 497 1
97 42 497 1
46 71 860 1
71 46 860 1
90 104 351 1
104 90 351 1
41 73 204 1
73 41 204 1
52 58 705 1
58 52 705 1
87 88 1035 1
88 87 1035 1
109 112 348 1
112 109 348 1
5 65 1232 1
65 5 1232 1
53 109 560 1
109 53 560 1
57 59 382 1
59 57 382 1
5 20 424 1
20 5 424 1
10 11 986 1
11 10 986 1
11 14 937 1
14 11 937 1
21 37 403 1
37 21 403 1
23 88 1119 1
88 23 1119 1
56 60 232 1
60 56 232 1
58 90 890 1
90 58 890 1
89 106 787 1
106 89 787 1
91 112 368 1
112 91 368 1
19 83 893 1
83 19 893 1
20 25 402 1
25 20 402 1
55 71 621 1
71 55 621 1
71 79 426 1
79 71 426 1
21 24 413 1
24 21 413 1
72 81 860 1
81 72 860 1
14 73 703 1
73 14 703 1
38 110 451 1
110 38 451 1
71 76 392 1
76 71 392 1
89 102 866 1
102 89 866 1
7 88 1209 1
88 7 1209 1
17 60 1082 1
60 17 1082 1
25 110 1042 1
110 25 1042 1
92 115 404 1
115 92 404 1
104 107 401 1
107 104 401 1
107 114 333 1
114 107 333 1
8 22 480 1
22 8 480 1
22 65 1204 1
65 22 1204 1
21 25 360 1
25 21 360 1
31 64 1128 1
64 31 1128 1
44 46 353 1
46 44 353 1
48 67 417 1
67 48 417 1
37 40 562 1
40 37 562 1
66 68 378 1
68 66 378 1
92 102 211 1
102 92 211 1
16 29 882 1
29 16 882 1
32 63 656 1
63 32 656 1
50 111 478 1
111 50 478 1
25 84 1066 1
84 25 1066 1
40 82 231 1
82 40 231 1
57 81 488 1
81 57 488 1
1 63 334 1
63 1 334 1
36 76 232 1
76 36 232 1
24 31 318 1
31 24 318 1
72 80 384 1
80 72 384 1
25 65 1263 1
65 25 1263 1
16 78 122 1
78 16 122 1
18 88 1010 1
88 18 1010 1
31 71 265 1
71 31 265 1
90 99 615 1
99 90 615 1
109 111 273 1
111 109 273 1
5 92 1324 1
92 5 1324 1
9 22 564 1
22 9 564 1
14 97 909 1
97 14 909 1
18 59 713 1
59 18 713 1
74 85 839 1
85 74 839 1
15 24 514 1
24 15 514 1
43 53 293 1
53 43 293 1
83 86 863 1
86 83 863 1
13 29 290 1
29 13 290 1
20 40 225 1
40 20 225 1
40 84 485 1
84 40 485 1
10 28 213 1
28 10 213 1
28 73 629 1
73 28 629 1
58 61 717 1
61 58 717 1
5 23 453 1
23 5 453 1
16 81 1063 1
81 16 1063 1
36 41 570 1
41 36 570 1
43 99 372 1
99 43 372 1
62 78 287 1
78 62 287 1
9 21 431 1
21 9 431 1
27 84 956 1
84 27 956 1
38 108 316 1
108 38 316 1
52 55 814 1
55 52 814 1
29 40 655 1
40 29 655 1
36 74 242 1
74 36 242 1
17 72 781 1
72 17 781 1
38 97 469 1
97 38 469 1
77 82 682 1
82 77 682 1
91 98 616 1
98 91 616 1
96 111 286 1
111 96 286 1
4 15 597 1
15 4 597 1
12 61 1246 1
61 12 1246 1
13 60 1245 1
60 13 1245 1
37 94 426 1
94 37 426 1
60 64 187 1
64 60 187 1
106 108 322 1
108 106 322 1
9 92 1428 1
92 9 1428 1
10 60 650 1
60 10 650 1
36 72 276 1
72 36 276 1
54 99 587 1
99 54 587 1
77 84 711 1
84 77 711 1
47 109 317 1
109 47 317 1
37 47 493 1
47 37 493 1
94 112 366 1
112 94 366 1
1 58 829 1
58 1 829 1
64 88 675 1
88 64 675 1
68 113 1115 1
113 68 1115 1
21 35 666 1
35 21 666 1
51 96 733 1
96 51 733 1
61 83 902 1
83 61 902 1
101 105 274 1
105 101 274 1
101 106 633 1
106 101 633 1
13 63 653 1
63 13 653 1
83 88 1071 1
88 83 1071 1
18 83 953 1
83 18 953 1
20 41 386 1
41 20 386 1
20 73 397 1
73 20 397 1
38 112 604 1
112 38 604 1
39 96 494 1
96 39 494 1
59 90 1104 1
90 59 1104 1
13 62 1248 1
62 13 1248 1
44 53 562 1
53 44 562 1
40 81 874 1
81 40 874 1
49 55 664 1
55 49 664 1
11 61 675 1
61 11 675 1
36 78 263 1
78 36 263 1
79 80 991 1
80 79 991 1
4 5 350 1
5 4 350 1
72 77 430 1
77 72 430 1
19 107 1100 1
107 19 1100 1
21 55 604 1
55 21 604 1
36 109 326 1
109 36 326 1
59 89 931 1
89 59 931 1
14 21 487 1
21 14 487 1
21 105 742 1
105 21 742 1
55 76 571 1
76 55 571 1
72 73 517 1
73 72 517 1
74 80 415 1
80 74 415 1
93 105 305 1
105 93 305 1
21 84 830 1
84 21 830 1
5 110 1022 1
110 5 1022 1
20 96 592 1
96 20 592 1
51 67 436 1
67 51 436 1
93 115 401 1
115 93 401 1
21 41 236 1
41 21 236 1
33 63 547 1
63 33 547 1
2 64 992 1
64 2 992 1
9 14 725 1
14 9 725 1
46 110 220 1
110 46 220 1
7 101 1268 1
101 7 1268 1
57 66 576 1
66 57 576 1
71 77 297 1
77 71 297 1
92 105 456 1
105 92 456 1
3 27 634 1
27 3 634 1
20 74 213 1
74 20 213 1
54 98 204 1
98 54 204 1
16 79 934 1
79 16 934 1
41 84 910 1
84 41 910 1
53 97 456 1
97 53 456 1
72 78 300 1
78 72 300 1
76 82 520 1
82 76 520 1
1 82 1112 1
82 1 1112 1
41 72 550 1
72 41 550 1
21 29 329 1
29 21 329 1
50 55 863 1
55 50 863 1
19 23 597 1
23 19 597 1
30 100 1157 1
100 30 1157 1
46 70 798 1
70 46 798 1
0 18 364 1
18 0 364 1
12 28 275 1
28 12 275 1
18 66 623 1
66 18 623 1
42 71 934 1
71 42 934 1
56 79 965 1
79 56 965 1
4 14 255 1
14 4 255 1
6 22 333 1
22 6 333 1
26 37 668 1
37 26 668 1
36 75 517 1
75 36 517 1
62 79 1049 1
79 62 1049 1
74 106 540 1
106 74 540 1
6 92 1291 1
92 6 1291 1
7 102 1355 1
102 7 1355 1
14 84 681 1
84 14 681 1
17 33 512 1
33 17 512 1
26 55 856 1
55 26 856 1
47 112 265 1
112 47 265 1
48 97 706 1
97 48 706 1
9 20 557 1
20 9 557 1
68 78 695 1
78 68 695 1
14 110 912 1
110 14 912 1
46 109 326 1
109 46 326 1
49 97 622 1
97 49 622 1
20 95 541 1
95 20 541 1
41 76 493 1
76 41 493 1
47 96 412 1
96 47 412 1
75 82 661 1
82 75 661 1
11 33 518 1
33 11 518 1
15 21 348 1
21 15 348 1
37 74 520 1
74 37 520 1
48 53 654 1
53 48 654 1
48 55 832 1
55 48 832 1
64 100 818 1
100 64 818 1
9 75 548 1
75 9 548 1
18 113 1181 1
113 18 1181 1
38 72 305 1
72 38 305 1
32 79 600 1
79 32 600 1
38 87 730 1
87 38 730 1
17 81 182 1
81 17 182 1
19 66 600 1
66 19 600 1
68 87 1214 1
87 68 1214 1
103 106 532 1
106 103 532 1
38 54 263 1
54 38 263 1
57 80 1050 1
80 57 1050 1
70 76 285 1
76 70 285 1
84 113 718 1
113 84 718 1
96 104 297 1
104 96 297 1
6 61 1132 1
61 6 1132 1
56 62 252 1
62 56 252 1
18 57 564 1
57 18 564 1
53 112 421 1
112 53 421 1
104 106 195 1
106 104 195 1
20 36 396 1
36 20 396 1
83 89 464 1
89 83 464 1
26 87 560 1
87 26 560 1
30 71 303 1
71 30 303 1
32 94 642 1
94 32 642 1
36 46 482 1
46 36 482 1
37 96 506 1
96 37 506 1
3 86 986 1
86 3 986 1
13 73 358 1
73 13 358 1
28 78 272 1
78 28 272 1
34 70 564 1
70 34 564 1
53 54 818 1
54 53 818 1
69 81 801 1
81 69 801 1
1 113 1104 1
113 1 1104 1
14 76 580 1
76 14 580 1
21 27 209 1
27 21 209 1
21 75 222 1
75 21 222 1
23 65 1169 1
65 23 1169 1
11 17 224 1
17 11 224 1
36 77 422 1
77 36 422 1
37 42 712 1
42 37 712 1
54 82 561 1
82 54 561 1
0 68 414 1
68 0 414 1
1 80 1054 1
80 1 1054 1
35 96 448 1
96 35 448 1
38 41 513 1
41 38 513 1
40 76 327 1
76 40 327 1
49 67 315 1
67 49 315 1
69 80 866 1
80 69 866 1
83 87 158 1
87 83 158 1
105 114 152 1
114 105 152 1
28 36 321 1
36 28 321 1
34 35 126 1
35 34 126 1
39 55 254 1
55 39 254 1
56 58 427 1
58 56 427 1
97 111 292 1
111 97 292 1
2 23 340 1
23 2 340 1
28 31 545 1
31 28 545 1
37 72 595 1
72 37 595 1
75 84 839 1
84 75 839 1
103 107 239 1
107 103 239 1
17 61 534 1
61 17 534 1
21 73 247 1
73 21 247 1
22 30 218 1
30 22 218 1
31 65 1062 1
65 31 1062 1
77 85 495 1
85 77 495 1
28 74 188 1
74 28 188 1
73 113 827 1
113 73 827 1
13 14 902 1
14 13 902 1
16 74 335 1
74 16 335 1
76 84 486 1
84 76 486 1
82 87 849 1
87 82 849 1
1 83 729 1
83 1 729 1
38 94 246 1
94 38 246 1
45 99 570 1
99 45 570 1
56 88 726 1
88 56 726 1
76 85 717 1
85 76 717 1
36 68 821 1
68 36 821 1
5 84 1110 1
84 5 1110 1
21 40 380 1
40 21 380 1
27 37 597 1
37 27 597 1
37 97 271 1
97 37 271 1
42 96 429 1
96 42 429 1
60 102 963 1
102 60 963 1
5 7 538 1
7 5 538 1
20 39 459 1
39 20 459 1
56 78 391 1
78 56 391 1
0 62 386 1
62 0 386 1
7 31 345 1
31 7 345 1
9 65 1235 1
65 9 1235 1
18 91 1236 1
91 18 1236 1
16 60 498 1
60 16 498 1
30 32 574 1
32 30 574 1
40 72 200 1
72 40 200 1
3 92 1420 1
92 3 1420 1
4 35 987 1
35 4 987 1
38 111 560 1
111 38 560 1
5 87 460 1
87 5 460 1
20 97 635 1
97 20 635 1
43 110 298 1
110 43 298 1
54 108 319 1
108 54 319 1
3 102 1340 1
102 3 1340 1
13 16 1048 1
16 13 1048 1
23 86 866 1
86 23 866 1
33 65 634 1
65 33 634 1
38 95 382 1
95 38 382 1
32 115 797 1
115 32 797 1
89 100 936 1
100 89 936 1
26 114 936 1
114 26 936 1
29 31 454 1
31 29 454 1
56 61 920 1
61 56 920 1
65 100 1146 1
100 65 1146 1
18 106 1114 1
106 18 1114 1
22 64 1169 1
64 22 1169 1
60 101 1230 1
101 60 1230 1
76 113 641 1
113 76 641 1
99 108 310 1
108 99 310 1
96 109 176 1
109 96 176 1
7 8 828 1
8 7 828 1
23 85 1053 1
85 23 1053 1
29 71 259 1
71 29 259 1
86 108 664 1
108 86 664 1
1 89 788 1
89 1 788 1
2 101 1431 1
101 2 1431 1
6 101 1437 1
101 6 1437 1
26 59 1291 1
59 26 1291 1
33 40 654 1
40 33 654 1
33 64 737 1
64 33 737 1
37 111 552 1
111 37 552 1
77 83 539 1
83 77 539 1
82 89 1043 1
89 82 1043 1
85 86 1120 1
86 85 1120 1
32 80 590 1
80 32 590 1
19 113 1158 1
113 19 1158 1
20 94 527 1
94 20 527 1
24 28 571 1
28 24 571 1
38 53 897 1
53 38 897 1
38 80 426 1
80 38 426 1
11 28 875 1
28 11 875 1
8 65 1425 1
65 8 1425 1
9 23 475 1
23 9 475 1
9 26 419 1
26 9 419 1
16 106 659 1
106 16 659 1
20 84 687 1
84 20 687 1
36 39 517 1
39 36 517 1
39 72 575 1
72 39 575 1
14 29 801 1
29 14 801 1
15 61 998 1
61 15 998 1
37 71 401 1
71 37 401 1
52 67 728 1
67 52 728 1
72 109 524 1
109 72 524 1
82 88 444 1
88 82 444 1
21 97 595 1
97 21 595 1
24 94 920 1
94 24 920 1
74 113 753 1
113 74 753 1
56 90 896 1
90 56 896 1
56 106 934 1
106 56 934 1
102 107 560 1
107 102 560 1
0 90 1005 1
90 0 1005 1
13 65 935 1
65 13 935 1
32 114 865 1
114 32 865 1
36 63 945 1
63 36 945 1
42 109 434 1
109 42 434 1
87 95 598 1
95 87 598 1
0 101 1354 1
101 0 1354 1
2 100 1297 1
100 2 1297 1
17 57 439 1
57 17 439 1
36 57 914 1
57 36 914 1
38 75 499 1
75 38 499 1
62 80 268 1
80 62 268 1
97 115 218 1
115 97 218 1
0 102 1108 1
102 0 1108 1
1 56 851 1
56 1 851 1
19 88 1069 1
88 19 1069 1
55 70 737 1
70 55 737 1
7 61 813 1
61 7 813 1
11 29 239 1
29 11 239 1
23 100 1403 1
100 23 1403 1
36 47 622 1
47 36 622 1
3 87 809 1
87 3 809 1
9 94 994 1
94 9 994 1
26 46 1059 1
46 26 1059 1
3 25 566 1
25 3 566 1
13 28 892 1
28 13 892 1
22 84 1027 1
84 22 1027 1
23 89 1070 1
89 23 1070 1
29 33 510 1
33 29 510 1
37 109 343 1
109 37 343 1
42 70 898 1
70 42 898 1
3 9 596 1
9 3 596 1
5 75 500 1
75 5 500 1
14 77 716 1
77 14 716 1
25 73 516 1
73 25 516 1
67 111 605 1
111 67 605 1
74 82 336 1
82 74 336 1
11 12 972 1
12 11 972 1
21 38 458 1
38 21 458 1
32 38 642 1
38 32 642 1
52 54 402 1
54 52 402 1
18 82 891 1
82 18 891 1
19 57 426 1
57 19 426 1
57 58 735 1
58 57 735 1
5 113 1156 1
113 5 1156 1
7 9 490 1
9 7 490 1
25 28 633 1
28 25 633 1
27 106 796 1
106 27 796 1
37 80 842 1
80 37 842 1
50 97 711 1
97 50 711 1
28 79 847 1
79 28 847 1
15 73 336 1
73 15 336 1
22 92 1425 1
92 22 1425 1
40 77 472 1
77 40 472 1
57 90 1197 1
90 57 1197 1
7 103 1229 1
103 7 1229 1
8 10 505 1
10 8 505 1
16 41 813 1
41 16 813 1
25 33 765 1
33 25 765 1
69 105 1158 1
105 69 1158 1
98 109 329 1
109 98 329 1
1 88 1198 1
88 1 1198 1
4 94 850 1
94 4 850 1
6 100 1229 1
100 6 1229 1
20 35 677 1
35 20 677 1
29 84 1027 1
84 29 1027 1
53 91 265 1
91 53 265 1
67 69 345 1
69 67 345 1
25 35 978 1
35 25 978 1
33 94 670 1
94 33 670 1
40 97 584 1
97 40 584 1
43 71 852 1
71 43 852 1
45 67 282 1
67 45 282 1
32 81 728 1
81 32 728 1
44 67 332 1
67 44 332 1
71 72 402 1
72 71 402 1
9 100 1346 1
100 9 1346 1
26 39 604 1
39 26 604 1
36 42 628 1
42 36 628 1
41 82 687 1
82 41 687 1
48 99 711 1
99 48 711 1
59 91 926 1
91 59 926 1
85 113 705 1
113 85 705 1
18 23 573 1
23 18 573 1
36 111 534 1
111 36 534 1
37 85 343 1
85 37 343 1
39 107 280 1
107 39 280 1
73 97 530 1
97 73 530 1
2 8 554 1
8 2 554 1
4 26 161 1
26 4 161 1
25 27 193 1
27 25 193 1
6 65 1218 1
65 6 1218 1
12 33 709 1
33 12 709 1
21 71 214 1
71 21 214 1
22 26 505 1
26 22 505 1
24 40 584 1
40 24 584 1
45 110 453 1
110 45 453 1
54 88 224 1
88 54 224 1
23 64 1238 1
64 23 1238 1
33 75 426 1
75 33 426 1
58 98 810 1
98 58 810 1
59 83 1103 1
83 59 1103 1
5 35 974 1
35 5 974 1
7 33 515 1
33 7 515 1
22 100 1358 1
100 22 1358 1
29 76 555 1
76 29 555 1
44 99 632 1
99 44 632 1
60 79 1000 1
79 60 1000 1
80 84 162 1
84 80 162 1
15 84 1175 1
84 15 1175 1
20 80 604 1
80 20 604 1
31 84 971 1
84 31 971 1
33 62 690 1
62 33 690 1
33 79 486 1
79 33 486 1
35 105 686 1
105 35 686 1
72 75 453 1
75 72 453 1
8 40 521 1
40 8 521 1
9 73 497 1
73 9 497 1
15 29 295 1
29 15 295 1
20 31 387 1
31 20 387 1
24 105 1115 1
105 24 1115 1
37 67 679 1
67 37 679 1
39 114 488 1
114 39 488 1
57 79 431 1
79 57 431 1
71 96 683 1
96 71 683 1
1 81 501 1
81 1 501 1
33 73 444 1
73 33 444 1
36 112 594 1
112 36 594 1
37 81 336 1
81 37 336 1
37 112 610 1
112 37 610 1
88 100 425 1
100 88 425 1
1 15 757 1
15 1 757 1
22 93 1426 1
93 22 1426 1
25 75 536 1
75 25 536 1
33 80 703 1
80 33 703 1
36 97 483 1
97 36 483 1
39 112 619 1
112 39 619 1
46 54 354 1
54 46 354 1
89 113 633 1
113 89 633 1
3 101 1324 1
101 3 1324 1
6 86 719 1
86 6 719 1
20 37 510 1
37 20 510 1
23 84 1113 1
84 23 1113 1
27 68 1083 1
68 27 1083 1
32 36 555 1
36 32 555 1
9 105 1106 1
105 9 1106 1
37 73 278 1
73 37 278 1
38 46 544 1
46 38 544 1
38 76 305 1
76 38 305 1
8 33 863 1
33 8 863 1
9 84 1241 1
84 9 1241 1
14 25 491 1
25 14 491 1
55 109 337 1
109 55 337 1
105 106 359 1
106 105 359 1
22 33 600 1
33 22 600 1
22 110 1082 1
110 22 1082 1
25 40 618 1
40 25 618 1
28 97 752 1
97 28 752 1
87 108 698 1
108 87 698 1
6 23 465 1
23 6 465 1
15 115 902 1
115 15 902 1
25 34 1006 1
34 25 1006 1
27 113 1016 1
113 27 1016 1
55 110 380 1
110 55 380 1
0 19 488 1
19 0 488 1
1 60 923 1
60 1 923 1
13 74 757 1
74 13 757 1
19 106 1134 1
106 19 1134 1
20 33 587 1
33 20 587 1
53 96 662 1
96 53 662 1
75 110 565 1
110 75 565 1
7 86 1021 1
86 7 1021 1
9 40 778 1
40 9 778 1
64 86 1029 1
86 64 1029 1
2 11 744 1
11 2 744 1
27 83 450 1
83 27 450 1
42 112 333 1
112 42 333 1
98 112 277 1
112 98 277 1
5 105 1032 1
105 5 1032 1
9 83 411 1
83 9 411 1
27 88 863 1
88 27 863 1
31 110 923 1
110 31 923 1
46 76 517 1
76 46 517 1
61 64 928 1
64 61 928 1
82 108 675 1
108 82 675 1
19 105 1190 1
105 19 1190 1
23 87 803 1
87 23 803 1
8 20 420 1
20 8 420 1
11 73 310 1
73 11 310 1
26 95 736 1
95 26 736 1
28 41 661 1
41 28 661 1
28 63 1049 1
63 28 1049 1
33 81 613 1
81 33 613 1
56 108 829 1
108 56 829 1
71 104 863 1
104 71 863 1
73 82 720 1
82 73 720 1
68 90 1109 1
90 68 1109 1
19 27 874 1
27 19 874 1
23 26 522 1
26 23 522 1
54 97 484 1
97 54 484 1
61 65 175 1
65 61 175 1
26 82 411 1
82 26 411 1
32 73 550 1
73 32 550 1
64 83 1303 1
83 64 1303 1
0 66 594 1
66 0 594 1
40 63 1007 1
63 40 1007 1
61 102 1213 1
102 61 1213 1
97 109 174 1
109 97 174 1
27 55 790 1
55 27 790 1
37 95 241 1
95 37 241 1
39 87 370 1
87 39 370 1
56 59 788 1
59 56 788 1
67 105 903 1
105 67 903 1
94 109 127 1
109 94 127 1
4 22 457 1
22 4 457 1
8 73 750 1
73 8 750 1
14 115 869 1
115 14 869 1
19 100 1295 1
100 19 1295 1
41 85 509 1
85 41 509 1
94 95 213 1
95 94 213 1
3 59 922 1
59 3 922 1
6 33 588 1
33 6 588 1
6 103 1362 1
103 6 1362 1
16 57 981 1
57 16 981 1
20 29 497 1
29 20 497 1
20 108 552 1
108 20 552 1
24 65 1330 1
65 24 1330 1
36 79 738 1
79 36 738 1
41 77 345 1
77 41 345 1
60 86 1011 1
86 60 1011 1
74 81 792 1
81 74 792 1
88 113 635 1
113 88 635 1
100 106 280 1
106 100 280 1
3 93 1309 1
93 3 1309 1
6 8 485 1
8 6 485 1
41 95 382 1
95 41 382 1
65 83 931 1
83 65 931 1
97 98 437 1
98 97 437 1
3 64 1134 1
64 3 1134 1
14 22 562 1
22 14 562 1
4 59 1372 1
59 4 1372 1
8 110 1076 1
110 8 1076 1
10 16 218 1
16 10 218 1
13 33 629 1
33 13 629 1
18 89 1085 1
89 18 1085 1
21 104 765 1
104 21 765 1
26 83 578 1
83 26 578 1
34 64 445 1
64 34 445 1
38 99 625 1
99 38 625 1
45 97 591 1
97 45 591 1
74 110 560 1
110 74 560 1
14 36 526 1
36 14 526 1
20 76 380 1
76 20 380 1
21 76 440 1
76 21 440 1
47 71 801 1
71 47 801 1
52 66 667 1
66 52 667 1
73 94 596 1
94 73 596 1
75 85 521 1
85 75 521 1
7 60 1133 1
60 7 1133 1
15 65 1052 1
65 15 1052 1
69 115 1010 1
115 69 1010 1
90 113 376 1
113 90 376 1
8 13 868 1
13 8 868 1
9 27 309 1
27 9 309 1
36 110 412 1
110 36 412 1
59 88 1182 1
88 59 1182 1
68 88 1023 1
88 68 1023 1
95 112 395 1
112 95 395 1
0 106 981 1
106 0 981 1
4 91 1276 1
91 4 1276 1
20 71 311 1
71 20 311 1
51 70 1035 1
70 51 1035 1
56 68 408 1
68 56 408 1
58 99 956 1
99 58 956 1
64 93 1076 1
93 64 1076 1
69 94 883 1
94 69 883 1
12 72 358 1
72 12 358 1
32 74 456 1
74 32 456 1
91 111 390 1
111 91 390 1
2 103 1363 1
103 2 1363 1
8 23 562 1
23 8 562 1
29 37 304 1
37 29 304 1
39 46 678 1
46 39 678 1
100 115 381 1
115 100 381 1
3 82 903 1
82 3 903 1
32 76 341 1
76 32 341 1
97 114 263 1
114 97 263 1
101 108 495 1
108 101 495 1
14 74 378 1
74 14 378 1
21 31 344 1
31 21 344 1
0 91 1266 1
91 0 1266 1
7 82 962 1
82 7 962 1
16 101 1154 1
101 16 1154 1
63 72 944 1
72 63 944 1
2 102 1269 1
102 2 1269 1
15 83 194 1
83 15 194 1
35 45 385 1
45 35 385 1
104 113 229 1
113 104 229 1
6 102 1207 1
102 6 1207 1
55 77 412 1
77 55 412 1
64 92 764 1
92 64 764 1
64 102 855 1
102 64 855 1
90 102 246 1
102 90 246 1
1 3 446 1
3 1 446 1
14 94 734 1
94 14 734 1
21 85 716 1
85 21 716 1
23 92 1466 1
92 23 1466 1
36 55 626 1
55 36 626 1
37 87 433 1
87 37 433 1
51 71 950 1
71 51 950 1
51 110 520 1
110 51 520 1
58 91 1077 1
91 58 1077 1
65 92 1075 1
92 65 1075 1
76 80 424 1
80 76 424 1
28 44 945 1
44 28 945 1
29 30 533 1
30 29 533 1
82 113 905 1
113 82 905 1
90 100 182 1
100 90 182 1
5 14 572 1
14 5 572 1
7 25 539 1
25 7 539 1
8 11 935 1
11 8 935 1
8 115 1034 1
115 8 1034 1
36 53 880 1
53 36 880 1
100 107 640 1
107 100 640 1
0 93 1314 1
93 0 1314 1
3 26 678 1
26 3 678 1
6 91 1386 1
91 6 1386 1
18 75 668 1
75 18 668 1
28 71 506 1
71 28 506 1
33 74 480 1
74 33 480 1
35 49 434 1
49 35 434 1
47 70 837 1
70 47 837 1
54 106 240 1
106 54 240 1
0 89 1205 1
89 0 1205 1
9 113 1235 1
113 9 1235 1
14 20 320 1
20 14 320 1
19 81 772 1
81 19 772 1
23 24 403 1
24 23 403 1
38 81 841 1
81 38 841 1
62 81 1169 1
81 62 1169 1
70 77 376 1
77 70 376 1
102 108 413 1
108 102 413 1
7 30 462 1
30 7 462 1
17 64 1130 1
64 17 1130 1
21 26 271 1
26 21 271 1
35 44 409 1
44 35 409 1
45 55 662 1
55 45 662 1
9 19 928 1
19 9 928 1
27 95 702 1
95 27 702 1
50 53 744 1
53 50 744 1
56 102 1030 1
102 56 1030 1
69 87 1163 1
87 69 1163 1
92 95 594 1
95 92 594 1
95 109 146 1
109 95 146 1
96 105 387 1
105 96 387 1
4 110 1015 1
110 4 1015 1
19 89 1004 1
89 19 1004 1
26 85 985 1
85 26 985 1
54 79 860 1
79 54 860 1
84 110 598 1
110 84 598 1
89 101 462 1
101 89 462 1
101 107 310 1
107 101 310 1
14 33 786 1
33 14 786 1
26 97 829 1
97 26 829 1
27 75 419 1
75 27 419 1
38 73 580 1
73 38 580 1
90 101 719 1
101 90 719 1
1 69 441 1
69 1 441 1
3 6 559 1
6 3 559 1
3 103 1279 1
103 3 1279 1
22 94 996 1
94 22 996 1
30 74 403 1
74 30 403 1
59 87 1210 1
87 59 1210 1
1 36 918 1
36 1 918 1
14 37 824 1
37 14 824 1
20 109 557 1
109 20 557 1
38 78 371 1
78 38 371 1
39 97 289 1
97 39 289 1
95 106 414 1
106 95 414 1
0 10 381 1
10 0 381 1
8 92 1269 1
92 8 1269 1
26 96 811 1
96 26 811 1
27 105 897 1
105 27 897 1
37 110 431 1
110 37 431 1
46 112 262 1
112 46 262 1
94 105 354 1
105 94 354 1
16 73 769 1
73 16 769 1
26 94 743 1
94 26 743 1
30 75 454 1
75 30 454 1
36 82 401 1
82 36 401 1
61 101 1003 1
101 61 1003 1
67 112 712 1
112 67 712 1
69 78 773 1
78 69 773 1
91 95 424 1
95 91 424 1
4 36 686 1
36 4 686 1
4 69 1158 1
69 4 1158 1
5 100 1233 1
100 5 1233 1
62 89 1215 1
89 62 1215 1
8 75 728 1
75 8 728 1
18 107 1141 1
107 18 1141 1
30 84 877 1
84 30 877 1
55 82 916 1
82 55 916 1
112 115 269 1
115 112 269 1
0 12 517 1
12 0 517 1
6 62 702 1
62 6 702 1
11 64 1218 1
64 11 1218 1
17 80 1070 1
80 17 1070 1
20 81 779 1
81 20 779 1
22 27 524 1
27 22 524 1
50 65 837 1
65 50 837 1
61 82 1268 1
82 61 1268 1
1 87 873 1
87 1 873 1
4 66 1205 1
66 4 1205 1
19 90 1212 1
90 19 1212 1
86 113 874 1
113 86 874 1
0 17 982 1
17 0 982 1
10 65 1203 1
65 10 1203 1
21 39 356 1
39 21 356 1
73 110 637 1
110 73 637 1
21 34 706 1
34 21 706 1
57 62 1000 1
62 57 1000 1
3 85 893 1
85 3 893 1
26 66 1142 1
66 26 1142 1
75 83 351 1
83 75 351 1
91 108 473 1
108 91 473 1
9 115 1058 1
115 9 1058 1
69 107 1110 1
107 69 1110 1
76 83 717 1
83 76 717 1
89 107 337 1
107 89 337 1
13 101 1137 1
101 13 1137 1
15 97 790 1
97 15 790 1
21 77 387 1
77 21 387 1
36 73 600 1
73 36 600 1
36 87 808 1
87 36 808 1
89 104 710 1
104 89 710 1
93 99 208 1
99 93 208 1
95 99 272 1
99 95 272 1
6 10 299 1
10 6 299 1
21 94 569 1
94 21 569 1
21 113 840 1
113 21 840 1
26 47 1071 1
47 26 1071 1
34 105 727 1
105 34 727 1
35 51 483 1
51 35 483 1
36 69 853 1
69 36 853 1
52 97 650 1
97 52 650 1
53 70 1067 1
70 53 1067 1
0 95 915 1
95 0 915 1
4 25 258 1
25 4 258 1
4 114 1058 1
114 4 1058 1
19 80 851 1
80 19 851 1
26 84 884 1
84 26 884 1
29 36 705 1
36 29 705 1
39 53 692 1
53 39 692 1
71 97 615 1
97 71 615 1
83 106 894 1
106 83 894 1
35 75 492 1
75 35 492 1
68 89 1110 1
89 68 1110 1
85 106 897 1
106 85 897 1
28 62 527 1
62 28 527 1
53 94 658 1
94 53 658 1
63 74 885 1
74 63 885 1
89 108 535 1
108 89 535 1
91 109 486 1
109 91 486 1
6 63 1114 1
63 6 1114 1
16 28 220 1
28 16 220 1
18 95 915 1
95 18 915 1
42 79 812 1
79 42 812 1
49 96 720 1
96 49 720 1
51 54 884 1
54 51 884 1
85 88 1097 1
88 85 1097 1
4 68 1109 1
68 4 1109 1
8 114 1127 1
114 8 1127 1
21 74 343 1
74 21 343 1
24 84 1013 1
84 24 1013 1
28 43 949 1
43 28 949 1
41 55 403 1
55 41 403 1
68 91 1170 1
91 68 1170 1
70 96 605 1
96 70 605 1
88 102 433 1
102 88 433 1
4 40 486 1
40 4 486 1
13 84 1247 1
84 13 1247 1
29 34 696 1
34 29 696 1
34 50 475 1
50 34 475 1
91 101 197 1
101 91 197 1
4 115 964 1
115 4 964 1
26 38 554 1
38 26 554 1
27 38 594 1
38 27 594 1
60 100 938 1
100 60 938 1
64 101 1142 1
101 64 1142 1
75 80 775 1
80 75 775 1
5 85 946 1
85 5 946 1
9 31 394 1
31 9 394 1
10 64 755 1
64 10 755 1
12 64 932 1
64 12 932 1
22 86 800 1
86 22 800 1
29 77 357 1
77 29 357 1
60 83 1265 1
83 60 1265 1
87 106 830 1
106 87 830 1
96 106 277 1
106 96 277 1
0 103 1292 1
103 0 1292 1
14 26 321 1
26 14 321 1
14 114 959 1
114 14 959 1
16 61 1070 1
61 16 1070 1
37 98 666 1
98 37 666 1
54 111 422 1
111 54 422 1
70 72 158 1
72 70 158 1
5 94 896 1
94 5 896 1
30 105 1049 1
105 30 1049 1
34 104 710 1
104 34 710 1
37 114 513 1
114 37 513 1
57 89 760 1
89 57 760 1
71 105 832 1
105 71 832 1
75 108 484 1
108 75 484 1
83 113 937 1
113 83 937 1
3 106 1162 1
106 3 1162 1
7 115 1091 1
115 7 1091 1
15 113 1069 1
113 15 1069 1
27 39 536 1
39 27 536 1
28 37 709 1
37 28 709 1
31 73 397 1
73 31 397 1
39 105 458 1
105 39 458 1
46 69 840 1
69 46 840 1
71 73 163 1
73 71 163 1
82 106 562 1
106 82 562 1
21 46 873 1
46 21 873 1
41 78 770 1
78 41 770 1
47 110 210 1
110 47 210 1
50 70 943 1
70 50 943 1
61 86 1324 1
86 61 1324 1
9 110 1098 1
110 9 1098 1
28 35 670 1
35 28 670 1
50 110 492 1
110 50 492 1
103 108 420 1
108 103 420 1
4 19 922 1
19 4 922 1
4 58 1292 1
58 4 1292 1
11 60 1139 1
60 11 1139 1
12 78 490 1
78 12 490 1
15 40 725 1
40 15 725 1
59 61 271 1
61 59 271 1
59 99 857 1
99 59 857 1
68 106 1131 1
106 68 1131 1
102 115 318 1
115 102 318 1
3 30 397 1
30 3 397 1
3 68 689 1
68 3 689 1
12 79 1029 1
79 12 1029 1
36 95 408 1
95 36 408 1
38 106 276 1
106 38 276 1
62 101 1225 1
101 62 1225 1
77 110 393 1
110 77 393 1
0 69 556 1
69 0 556 1
7 15 461 1
15 7 461 1
14 65 1320 1
65 14 1320 1
27 77 594 1
77 27 594 1
32 40 629 1
40 32 629 1
38 77 447 1
77 38 447 1
43 96 503 1
96 43 503 1
51 58 753 1
58 51 753 1
73 112 858 1
112 73 858 1
33 84 801 1
84 33 801 1
44 58 416 1
58 44 416 1
