116 2668
42 43 239 1
43 42 239 1
42 47 281 1
47 42 281 1
28 72 116 1
72 28 116 1
2 8 554 1
8 2 554 1
73 74 458 1
74 73 458 1
44 45 194 1
45 44 194 1
80 81 1113 1
81 80 1113 1
46 98 212 1
98 46 212 1
43 47 146 1
47 43 146 1
4 8 148 1
8 4 148 1
86 87 805 1
87 86 805 1
2 6 165 1
6 2 165 1
36 37 542 1
37 36 542 1
38 39 465 1
39 38 465 1
54 55 651 1
55 54 651 1
46 47 309 1
47 46 309 1
29 72 629 1
72 29 629 1
58 59 496 1
59 58 496 1
56 57 840 1
57 56 840 1
72 74 76 1
74 72 76 1
90 91 735 1
91 90 735 1
54 96 167 1
96 54 167 1
17 81 182 1
81 17 182 1
51 53 271 1
53 51 271 1
42 46 173 1
46 42 173 1
30 31 127 1
31 30 127 1
17 63 324 1
63 17 324 1
59 69 338 1
69 59 338 1
46 55 584 1
55 46 584 1
80 84 162 1
84 80 162 1
55 98 606 1
98 55 606 1
59 66 363 1
66 59 363 1
46 49 541 1
49 46 541 1
36 74 242 1
74 36 242 1
26 27 135 1
27 26 135 1
41 73 204 1
73 41 204 1
73 76 450 1
76 73 450 1
81 84 1146 1
84 81 1146 1
6 8 485 1
8 6 485 1
11 13 168 1
13 11 168 1
38 96 284 1
96 38 284 1
44 47 404 1
47 44 404 1
62 80 268 1
80 62 268 1
2 4 569 1
4 2 569 1
72 73 517 1
73 72 517 1
7 67 937 1
67 7 937 1
32 33 149 1
33 32 149 1
44 49 304 1
49 44 304 1
42 44 208 1
44 42 208 1
6 7 710 1
7 6 710 1
43 46 341 1
46 43 341 1
4 6 536 1
6 4 536 1
36 40 213 1
40 36 213 1
48 51 548 1
51 48 548 1
24 25 135 1
25 24 135 1
20 30 328 1
30 20 328 1
43 44 290 1
44 43 290 1
44 46 353 1
46 44 353 1
28 29 741 1
29 28 741 1
36 73 600 1
73 36 600 1
67 69 345 1
69 67 345 1
70 71 263 1
71 70 263 1
28 80 329 1
80 28 329 1
19 69 323 1
69 19 323 1
75 76 374 1
76 75 374 1
78 81 1002 1
81 78 1002 1
84 87 1148 1
87 84 1148 1
29 73 113 1
73 29 113 1
58 66 198 1
66 58 198 1
40 72 200 1
72 40 200 1
16 81 1063 1
81 16 1063 1
74 76 203 1
76 74 203 1
25 27 193 1
27 25 193 1
28 32 528 1
32 28 528 1
40 74 182 1
74 40 182 1
41 74 484 1
74 41 484 1
38 54 263 1
54 38 263 1
48 52 415 1
52 48 415 1
78 80 116 1
80 78 116 1
49 51 172 1
51 49 172 1
36 87 808 1
87 36 808 1
84 86 610 1
86 84 610 1
91 93 118 1
93 91 118 1
38 87 730 1
87 38 730 1
4 5 350 1
5 4 350 1
29 32 631 1
32 29 631 1
49 53 406 1
53 49 406 1
54 87 939 1
87 54 939 1
7 8 828 1
8 7 828 1
68 69 164 1
69 68 164 1
36 41 570 1
41 36 570 1
36 76 232 1
76 36 232 1
72 80 384 1
80 72 384 1
37 38 515 1
38 37 515 1
73 75 84 1
75 73 84 1
36 72 276 1
72 36 276 1
61 63 238 1
63 61 238 1
72 76 257 1
76 72 257 1
98 99 479 1
99 98 479 1
29 36 705 1
36 29 705 1
29 81 342 1
81 29 342 1
91 103 258 1
103 91 258 1
32 72 471 1
72 32 471 1
74 75 389 1
75 74 389 1
28 62 527 1
62 28 527 1
40 87 708 1
87 40 708 1
48 50 202 1
50 48 202 1
58 69 426 1
69 58 426 1
72 81 860 1
81 72 860 1
29 33 510 1
33 29 510 1
29 76 555 1
76 29 555 1
55 96 492 1
96 55 492 1
37 87 433 1
87 37 433 1
36 85 845 1
85 36 845 1
46 53 547 1
53 46 547 1
72 75 453 1
75 72 453 1
49 98 742 1
98 49 742 1
76 77 238 1
77 76 238 1
0 19 488 1
19 0 488 1
37 85 343 1
85 37 343 1
43 45 199 1
45 43 199 1
20 25 402 1
25 20 402 1
25 38 749 1
38 25 749 1
79 81 136 1
81 79 136 1
8 14 205 1
14 8 205 1
55 87 559 1
87 55 559 1
47 49 380 1
49 47 380 1
92 100 157 1
100 92 157 1
24 26 201 1
26 24 201 1
40 73 549 1
73 40 549 1
54 98 204 1
98 54 204 1
58 60 266 1
60 58 266 1
61 65 175 1
65 61 175 1
3 7 185 1
7 3 185 1
102 103 508 1
103 102 508 1
37 96 506 1
96 37 506 1
55 99 216 1
99 55 216 1
59 103 1115 1
103 59 1115 1
66 69 349 1
69 66 349 1
38 55 598 1
55 38 598 1
6 67 991 1
67 6 991 1
42 53 475 1
53 42 475 1
28 74 188 1
74 28 188 1
32 40 629 1
40 32 629 1
47 98 442 1
98 47 442 1
49 55 664 1
55 49 664 1
76 79 567 1
79 76 567 1
28 40 248 1
40 28 248 1
51 52 786 1
52 51 786 1
40 84 485 1
84 40 485 1
2 48 1199 1
48 2 1199 1
37 41 217 1
41 37 217 1
79 80 991 1
80 79 991 1
28 81 975 1
81 28 975 1
53 98 671 1
98 53 671 1
28 78 272 1
78 28 272 1
40 75 477 1
75 40 477 1
6 69 829 1
69 6 829 1
17 29 223 1
29 17 223 1
72 79 733 1
79 72 733 1
36 99 637 1
99 36 637 1
82 84 544 1
84 82 544 1
76 87 753 1
87 76 753 1
45 47 345 1
47 45 345 1
66 67 177 1
67 66 177 1
29 40 655 1
40 29 655 1
16 17 998 1
17 16 998 1
31 33 517 1
33 31 517 1
20 87 562 1
87 20 562 1
10 12 181 1
12 10 181 1
27 87 439 1
87 27 439 1
36 38 122 1
38 36 122 1
48 93 850 1
93 48 850 1
39 96 494 1
96 39 494 1
21 25 360 1
25 21 360 1
75 77 210 1
77 75 210 1
7 23 337 1
23 7 337 1
27 38 594 1
38 27 594 1
36 84 341 1
84 36 341 1
37 39 117 1
39 37 117 1
16 29 882 1
29 16 882 1
28 73 629 1
73 28 629 1
103 105 173 1
105 103 173 1
22 23 140 1
23 22 140 1
42 98 381 1
98 42 381 1
73 79 296 1
79 73 296 1
87 88 1035 1
88 87 1035 1
6 14 476 1
14 6 476 1
24 35 1010 1
35 24 1010 1
32 81 728 1
81 32 728 1
40 81 874 1
81 40 874 1
6 58 957 1
58 6 957 1
20 31 387 1
31 20 387 1
36 54 228 1
54 36 228 1
45 49 111 1
49 45 111 1
0 58 565 1
58 0 565 1
52 53 746 1
53 52 746 1
46 54 354 1
54 46 354 1
42 45 300 1
45 42 300 1
37 40 562 1
40 37 562 1
56 81 1090 1
81 56 1090 1
20 37 510 1
37 20 510 1
40 54 405 1
54 40 405 1
90 103 653 1
103 90 653 1
96 98 184 1
98 96 184 1
20 21 185 1
21 20 185 1
12 13 959 1
13 12 959 1
36 81 848 1
81 36 848 1
36 96 257 1
96 36 257 1
69 91 1081 1
91 69 1081 1
43 98 522 1
98 43 522 1
69 103 1214 1
103 69 1214 1
36 86 441 1
86 36 441 1
37 74 520 1
74 37 520 1
49 52 718 1
52 49 718 1
54 99 587 1
99 54 587 1
72 78 300 1
78 72 300 1
5 9 157 1
9 5 157 1
38 86 366 1
86 38 366 1
58 67 368 1
67 58 368 1
62 79 1049 1
79 62 1049 1
82 83 881 1
83 82 881 1
0 69 556 1
69 0 556 1
11 65 770 1
65 11 770 1
21 39 356 1
39 21 356 1
62 72 566 1
72 62 566 1
46 96 270 1
96 46 270 1
3 23 271 1
23 3 271 1
40 86 262 1
86 40 262 1
19 67 590 1
67 19 590 1
74 79 666 1
79 74 666 1
25 39 702 1
39 25 702 1
37 54 645 1
54 37 645 1
16 32 504 1
32 16 504 1
17 80 1070 1
80 17 1070 1
26 110 904 1
110 26 904 1
91 104 542 1
104 91 542 1
2 50 1192 1
50 2 1192 1
17 76 648 1
76 17 648 1
33 73 444 1
73 33 444 1
94 105 354 1
105 94 354 1
37 73 278 1
73 37 278 1
2 14 572 1
14 2 572 1
29 75 189 1
75 29 189 1
59 102 1214 1
102 59 1214 1
15 92 1292 1
92 15 1292 1
42 49 396 1
49 42 396 1
0 60 405 1
60 0 405 1
29 74 571 1
74 29 571 1
32 78 484 1
78 32 484 1
67 90 867 1
90 67 867 1
8 48 1406 1
48 8 1406 1
17 72 781 1
72 17 781 1
76 81 691 1
81 76 691 1
94 97 266 1
97 94 266 1
34 35 126 1
35 34 126 1
40 76 327 1
76 40 327 1
62 81 1169 1
81 62 1169 1
101 102 595 1
102 101 595 1
47 53 268 1
53 47 268 1
16 56 380 1
56 16 380 1
64 100 818 1
100 64 818 1
4 7 733 1
7 4 733 1
67 91 790 1
91 67 790 1
3 5 603 1
5 3 603 1
65 88 1179 1
88 65 1179 1
17 73 298 1
73 17 298 1
17 84 1128 1
84 17 1128 1
29 80 961 1
80 29 961 1
65 92 1075 1
92 65 1075 1
39 87 370 1
87 39 370 1
40 80 433 1
80 40 433 1
55 85 300 1
85 55 300 1
16 88 420 1
88 16 420 1
87 99 759 1
99 87 759 1
1 61 385 1
61 1 385 1
2 7 566 1
7 2 566 1
41 72 550 1
72 41 550 1
54 85 906 1
85 54 906 1
76 84 486 1
84 76 486 1
55 86 895 1
86 55 895 1
67 105 903 1
105 67 903 1
3 9 596 1
9 3 596 1
104 105 204 1
105 104 204 1
7 90 1390 1
90 7 1390 1
56 84 539 1
84 56 539 1
66 68 378 1
68 66 378 1
15 83 194 1
83 15 194 1
47 55 367 1
55 47 367 1
54 86 568 1
86 54 568 1
82 86 143 1
86 82 143 1
91 105 371 1
105 91 371 1
9 92 1428 1
92 9 1428 1
19 103 1259 1
103 19 1259 1
29 31 454 1
31 29 454 1
28 33 585 1
33 28 585 1
56 88 726 1
88 56 726 1
76 99 626 1
99 76 626 1
105 114 152 1
114 105 152 1
6 48 1184 1
48 6 1184 1
95 115 205 1
115 95 205 1
37 55 221 1
55 37 221 1
74 80 415 1
80 74 415 1
85 87 616 1
87 85 616 1
24 110 1066 1
110 24 1066 1
69 94 883 1
94 69 883 1
21 84 830 1
84 21 830 1
4 67 1210 1
67 4 1210 1
28 82 255 1
82 28 255 1
93 104 478 1
104 93 478 1
105 106 359 1
106 105 359 1
3 8 773 1
8 3 773 1
5 8 493 1
8 5 493 1
41 76 493 1
76 41 493 1
59 67 245 1
67 59 245 1
67 68 440 1
68 67 440 1
20 98 764 1
98 20 764 1
32 80 590 1
80 32 590 1
33 83 733 1
83 33 733 1
84 88 224 1
88 84 224 1
32 73 550 1
73 32 550 1
35 110 305 1
110 35 305 1
86 99 956 1
99 86 956 1
95 109 146 1
109 95 146 1
30 33 526 1
33 30 526 1
44 53 562 1
53 44 562 1
44 98 563 1
98 44 563 1
69 105 1158 1
105 69 1158 1
25 35 978 1
35 25 978 1
46 99 446 1
99 46 446 1
25 26 225 1
26 25 225 1
33 72 507 1
72 33 507 1
17 86 1035 1
86 17 1035 1
87 109 723 1
109 87 723 1
29 83 227 1
83 29 227 1
39 86 698 1
86 39 698 1
30 36 645 1
36 30 645 1
39 97 289 1
97 39 289 1
42 50 271 1
50 42 271 1
16 76 379 1
76 16 379 1
50 52 243 1
52 50 243 1
60 64 187 1
64 60 187 1
21 38 458 1
38 21 458 1
42 55 629 1
55 42 629 1
27 54 856 1
54 27 856 1
28 79 847 1
79 28 847 1
30 37 688 1
37 30 688 1
30 40 513 1
40 30 513 1
48 53 654 1
53 48 654 1
86 88 460 1
88 86 460 1
16 33 609 1
33 16 609 1
23 90 1391 1
90 23 1391 1
60 93 1168 1
93 60 1168 1
103 104 369 1
104 103 369 1
29 30 533 1
30 29 533 1
37 99 410 1
99 37 410 1
64 92 764 1
92 64 764 1
25 110 1042 1
110 25 1042 1
85 96 743 1
96 85 743 1
25 87 575 1
87 25 575 1
33 75 426 1
75 33 426 1
57 68 520 1
68 57 520 1
2 58 959 1
58 2 959 1
16 72 287 1
72 16 287 1
40 99 752 1
99 40 752 1
62 74 590 1
74 62 590 1
74 99 759 1
99 74 759 1
17 61 534 1
61 17 534 1
28 75 567 1
75 28 567 1
36 80 330 1
80 36 330 1
21 87 397 1
87 21 397 1
59 68 484 1
68 59 484 1
28 76 345 1
76 28 345 1
36 78 263 1
78 36 263 1
5 51 1334 1
51 5 1334 1
17 74 721 1
74 17 721 1
19 59 618 1
59 19 618 1
29 78 851 1
78 29 851 1
30 72 390 1
72 30 390 1
3 11 395 1
11 3 395 1
27 96 825 1
96 27 825 1
39 82 719 1
82 39 719 1
19 90 1212 1
90 19 1212 1
21 81 634 1
81 21 634 1
30 32 574 1
32 30 574 1
73 81 406 1
81 73 406 1
20 36 396 1
36 20 396 1
20 38 349 1
38 20 349 1
30 73 455 1
73 30 455 1
43 55 485 1
55 43 485 1
63 81 293 1
81 63 293 1
40 109 467 1
109 40 467 1
45 46 448 1
46 45 448 1
87 96 843 1
96 87 843 1
18 102 1258 1
102 18 1258 1
43 53 293 1
53 43 293 1
56 87 1244 1
87 56 1244 1
81 87 551 1
87 81 551 1
92 93 608 1
93 92 608 1
21 24 413 1
24 21 413 1
36 75 517 1
75 36 517 1
59 60 718 1
60 59 718 1
69 90 1119 1
90 69 1119 1
21 96 648 1
96 21 648 1
84 109 579 1
109 84 579 1
97 109 174 1
109 97 174 1
11 85 574 1
85 11 574 1
17 77 417 1
77 17 417 1
93 102 600 1
102 93 600 1
109 115 211 1
115 109 211 1
8 67 1258 1
67 8 1258 1
24 27 252 1
27 24 252 1
39 55 254 1
55 39 254 1
40 78 376 1
78 40 376 1
58 104 1061 1
104 58 1061 1
80 82 469 1
82 80 469 1
96 97 322 1
97 96 322 1
6 19 593 1
19 6 593 1
16 78 122 1
78 16 122 1
52 60 638 1
60 52 638 1
57 81 488 1
81 57 488 1
73 80 850 1
80 73 850 1
53 55 448 1
55 53 448 1
93 101 103 1
101 93 103 1
21 37 403 1
37 21 403 1
74 85 839 1
85 74 839 1
38 109 342 1
109 38 342 1
50 51 698 1
51 50 698 1
6 93 1425 1
93 6 1425 1
62 63 1134 1
63 62 1134 1
94 108 97 1
108 94 97 1
33 40 654 1
40 33 654 1
81 96 799 1
96 81 799 1
86 109 700 1
109 86 700 1
4 91 1276 1
91 4 1276 1
14 60 967 1
60 14 967 1
66 103 1026 1
103 66 1026 1
67 103 944 1
103 67 944 1
22 88 1044 1
88 22 1044 1
36 55 626 1
55 36 626 1
31 32 596 1
32 31 596 1
28 36 321 1
36 28 321 1
40 85 900 1
85 40 900 1
3 92 1420 1
92 3 1420 1
4 14 255 1
14 4 255 1
20 46 831 1
46 20 831 1
73 77 274 1
77 73 274 1
2 5 685 1
5 2 685 1
33 41 611 1
41 33 611 1
73 99 684 1
99 73 684 1
9 65 1235 1
65 9 1235 1
14 52 1090 1
52 14 1090 1
66 102 974 1
102 66 974 1
103 106 532 1
106 103 532 1
76 80 424 1
80 76 424 1
44 51 440 1
51 44 440 1
60 69 564 1
69 60 564 1
11 16 1004 1
16 11 1004 1
43 49 240 1
49 43 240 1
92 103 574 1
103 92 574 1
17 36 828 1
36 17 828 1
37 76 441 1
76 37 441 1
7 69 790 1
69 7 790 1
6 66 934 1
66 6 934 1
17 40 824 1
40 17 824 1
36 39 517 1
39 36 517 1
81 86 1091 1
86 81 1091 1
84 85 1130 1
85 84 1130 1
2 66 917 1
66 2 917 1
48 58 400 1
58 48 400 1
90 105 516 1
105 90 516 1
5 50 1417 1
50 5 1417 1
11 61 675 1
61 11 675 1
40 55 690 1
55 40 690 1
62 78 287 1
78 62 287 1
2 52 1249 1
52 2 1249 1
12 50 1114 1
50 12 1114 1
37 77 246 1
77 37 246 1
63 84 1189 1
84 63 1189 1
21 40 380 1
40 21 380 1
31 72 482 1
72 31 482 1
72 84 493 1
84 72 493 1
12 60 825 1
60 12 825 1
18 33 288 1
33 18 288 1
20 27 271 1
27 20 271 1
29 41 234 1
41 29 234 1
17 28 894 1
28 17 894 1
29 79 257 1
79 29 257 1
34 45 409 1
45 34 409 1
100 101 656 1
101 100 656 1
17 62 1129 1
62 17 1129 1
20 40 225 1
40 20 225 1
21 27 209 1
27 21 209 1
30 109 796 1
109 30 796 1
33 76 380 1
76 33 380 1
43 50 494 1
50 43 494 1
51 93 605 1
93 51 605 1
68 110 813 1
110 68 813 1
6 60 799 1
60 6 799 1
21 80 756 1
80 21 756 1
31 36 716 1
36 31 716 1
33 74 480 1
74 33 480 1
6 59 1126 1
59 6 1126 1
22 53 1432 1
53 22 1432 1
36 79 738 1
79 36 738 1
38 81 841 1
81 38 841 1
62 89 1215 1
89 62 1215 1
8 69 1192 1
69 8 1192 1
11 12 972 1
12 11 972 1
0 103 1292 1
103 0 1292 1
7 9 490 1
9 7 490 1
32 56 384 1
56 32 384 1
63 76 747 1
76 63 747 1
79 84 1035 1
84 79 1035 1
5 67 1194 1
67 5 1194 1
21 86 520 1
86 21 520 1
32 41 693 1
41 32 693 1
37 46 651 1
46 37 651 1
14 15 772 1
15 14 772 1
25 30 292 1
30 25 292 1
29 63 531 1
63 29 531 1
58 91 1077 1
91 58 1077 1
4 26 161 1
26 4 161 1
19 66 600 1
66 19 600 1
25 56 1059 1
56 25 1059 1
28 41 661 1
41 28 661 1
90 101 719 1
101 90 719 1
40 56 722 1
56 40 722 1
52 91 777 1
91 52 777 1
74 84 507 1
84 74 507 1
91 101 197 1
101 91 197 1
99 112 272 1
112 99 272 1
40 41 506 1
41 40 506 1
47 96 412 1
96 47 412 1
74 87 714 1
87 74 714 1
3 65 942 1
65 3 942 1
28 83 861 1
83 28 861 1
32 36 555 1
36 32 555 1
5 48 1432 1
48 5 1432 1
16 63 1092 1
63 16 1092 1
30 75 454 1
75 30 454 1
30 77 559 1
77 30 559 1
39 41 161 1
41 39 161 1
41 75 187 1
75 41 187 1
85 99 448 1
99 85 448 1
0 59 847 1
59 0 847 1
0 66 594 1
66 0 594 1
1 76 689 1
76 1 689 1
15 64 1349 1
64 15 1349 1
19 58 678 1
58 19 678 1
20 86 362 1
86 20 362 1
31 75 419 1
75 31 419 1
38 84 429 1
84 38 429 1
43 54 646 1
54 43 646 1
90 93 690 1
93 90 690 1
8 52 1288 1
52 8 1288 1
31 83 561 1
83 31 561 1
63 83 697 1
83 63 697 1
64 93 1076 1
93 64 1076 1
2 67 952 1
67 2 952 1
13 65 935 1
65 13 935 1
52 93 761 1
93 52 761 1
58 90 890 1
90 58 890 1
111 113 191 1
113 111 191 1
2 3 405 1
3 2 405 1
11 29 239 1
29 11 239 1
15 65 1052 1
65 15 1052 1
2 69 758 1
69 2 758 1
32 74 456 1
74 32 456 1
0 12 517 1
12 0 517 1
15 61 998 1
61 15 998 1
29 77 357 1
77 29 357 1
39 81 431 1
81 39 431 1
74 81 792 1
81 74 792 1
77 113 641 1
113 77 641 1
84 99 865 1
99 84 865 1
90 92 135 1
92 90 135 1
5 91 1178 1
91 5 1178 1
19 105 1190 1
105 19 1190 1
30 38 642 1
38 30 642 1
78 79 878 1
79 78 878 1
91 92 669 1
92 91 669 1
112 113 116 1
113 112 116 1
20 55 690 1
55 20 690 1
42 54 525 1
54 42 525 1
47 54 568 1
54 47 568 1
55 84 914 1
84 55 914 1
97 106 471 1
106 97 471 1
34 110 327 1
110 34 327 1
35 70 574 1
70 35 574 1
40 79 762 1
79 40 762 1
64 107 1075 1
107 64 1075 1
70 83 652 1
83 70 652 1
9 67 1237 1
67 9 1237 1
17 78 955 1
78 17 955 1
36 46 482 1
46 36 482 1
1 17 391 1
17 1 391 1
39 54 618 1
54 39 618 1
39 78 740 1
78 39 740 1
67 94 677 1
94 67 677 1
76 85 717 1
85 76 717 1
4 90 1167 1
90 4 1167 1
20 73 397 1
73 20 397 1
38 46 544 1
46 38 544 1
75 79 318 1
79 75 318 1
88 112 672 1
112 88 672 1
18 62 706 1
62 18 706 1
55 109 337 1
109 55 337 1
7 92 1445 1
92 7 1445 1
8 91 1373 1
91 8 1373 1
36 77 422 1
77 36 422 1
41 85 509 1
85 41 509 1
55 97 173 1
97 55 173 1
58 103 1188 1
103 58 1188 1
80 85 1121 1
85 80 1121 1
4 69 1158 1
69 4 1158 1
11 76 704 1
76 11 704 1
28 31 545 1
31 28 545 1
63 74 885 1
74 63 885 1
25 37 745 1
37 25 745 1
7 91 1186 1
91 7 1186 1
19 68 313 1
68 19 313 1
41 87 263 1
87 41 263 1
81 85 175 1
85 81 175 1
6 90 1185 1
90 6 1185 1
16 73 769 1
73 16 769 1
27 110 890 1
110 27 890 1
76 86 587 1
86 76 587 1
101 103 106 1
103 101 106 1
17 56 1024 1
56 17 1024 1
22 27 524 1
27 22 524 1
27 37 597 1
37 27 597 1
71 77 297 1
77 71 297 1
7 15 461 1
15 7 461 1
21 56 889 1
56 21 889 1
30 76 537 1
76 30 537 1
40 96 436 1
96 40 436 1
64 101 1142 1
101 64 1142 1
20 84 687 1
84 20 687 1
20 109 557 1
109 20 557 1
33 36 610 1
36 33 610 1
72 99 831 1
99 72 831 1
92 104 310 1
104 92 310 1
95 99 272 1
99 95 272 1
16 57 981 1
57 16 981 1
19 106 1134 1
106 19 1134 1
30 74 403 1
74 30 403 1
55 72 755 1
72 55 755 1
56 86 911 1
86 56 911 1
61 92 1185 1
92 61 1185 1
25 34 1006 1
34 25 1006 1
29 85 473 1
85 29 473 1
37 86 777 1
86 37 777 1
40 62 664 1
62 40 664 1
45 51 254 1
51 45 254 1
92 102 211 1
102 92 211 1
4 50 1323 1
50 4 1323 1
8 66 1233 1
66 8 1233 1
9 100 1346 1
100 9 1346 1
5 53 1317 1
53 5 1317 1
21 57 821 1
57 21 821 1
30 46 1051 1
46 30 1051 1
51 91 505 1
91 51 505 1
58 68 392 1
68 58 392 1
100 102 87 1
102 100 87 1
16 80 152 1
80 16 152 1
80 86 567 1
86 80 567 1
82 89 1043 1
89 82 1043 1
85 89 220 1
89 85 220 1
8 23 562 1
23 8 562 1
39 94 407 1
94 39 407 1
52 98 272 1
98 52 272 1
73 87 395 1
87 73 395 1
23 67 1077 1
67 23 1077 1
57 84 1116 1
84 57 1116 1
96 99 428 1
99 96 428 1
105 113 210 1
113 105 210 1
0 10 381 1
10 0 381 1
18 28 651 1
28 18 651 1
33 63 547 1
63 33 547 1
20 54 606 1
54 20 606 1
50 98 448 1
98 50 448 1
59 101 1108 1
101 59 1108 1
4 58 1292 1
58 4 1292 1
5 26 263 1
26 5 263 1
21 54 704 1
54 21 704 1
41 96 611 1
96 41 611 1
54 72 501 1
72 54 501 1
60 107 1124 1
107 60 1124 1
85 98 861 1
98 85 861 1
8 58 1298 1
58 8 1298 1
18 32 279 1
32 18 279 1
24 94 920 1
94 24 920 1
38 97 469 1
97 38 469 1
74 77 362 1
77 74 362 1
27 35 871 1
35 27 871 1
46 85 782 1
85 46 782 1
48 60 501 1
60 48 501 1
67 104 923 1
104 67 923 1
95 108 123 1
108 95 123 1
2 12 394 1
12 2 394 1
5 7 538 1
7 5 538 1
14 69 1104 1
69 14 1104 1
31 46 1090 1
46 31 1090 1
38 85 837 1
85 38 837 1
51 98 763 1
98 51 763 1
62 84 326 1
84 62 326 1
0 14 728 1
14 0 728 1
3 22 347 1
22 3 347 1
42 51 463 1
51 42 463 1
63 95 704 1
95 63 704 1
6 91 1386 1
91 6 1386 1
28 30 436 1
30 28 436 1
62 76 527 1
76 62 527 1
21 36 510 1
36 21 510 1
37 98 666 1
98 37 666 1
38 110 451 1
110 38 451 1
39 40 508 1
40 39 508 1
1 74 790 1
74 1 790 1
8 50 1336 1
50 8 1336 1
14 23 650 1
23 14 650 1
19 91 1171 1
91 19 1171 1
21 55 604 1
55 21 604 1
29 37 304 1
37 29 304 1
93 100 653 1
100 93 653 1
27 56 1022 1
56 27 1022 1
48 91 808 1
91 48 808 1
71 75 163 1
75 71 163 1
76 88 509 1
88 76 509 1
13 92 1402 1
92 13 1402 1
15 107 739 1
107 15 739 1
26 38 554 1
38 26 554 1
29 86 839 1
86 29 839 1
69 101 1234 1
101 69 1234 1
69 106 1139 1
106 69 1139 1
97 115 218 1
115 97 218 1
4 48 1379 1
48 4 1379 1
26 34 907 1
34 26 907 1
30 71 303 1
71 30 303 1
36 98 402 1
98 36 402 1
37 72 595 1
72 37 595 1
66 91 902 1
91 66 902 1
12 48 1186 1
48 12 1186 1
17 83 381 1
83 17 381 1
40 95 491 1
95 40 491 1
73 86 744 1
86 73 744 1
31 73 397 1
73 31 397 1
14 22 562 1
22 14 562 1
23 91 1352 1
91 23 1352 1
31 77 552 1
77 31 552 1
8 26 300 1
26 8 300 1
16 28 220 1
28 16 220 1
19 102 1271 1
102 19 1271 1
15 23 561 1
23 15 561 1
34 86 880 1
86 34 880 1
78 84 235 1
84 78 235 1
8 90 1188 1
90 8 1188 1
21 30 349 1
30 21 349 1
28 84 456 1
84 28 456 1
54 109 337 1
109 54 337 1
62 73 961 1
73 62 961 1
75 87 423 1
87 75 423 1
3 48 1226 1
48 3 1226 1
4 93 1288 1
93 4 1288 1
9 15 219 1
15 9 219 1
50 53 744 1
53 50 744 1
58 93 1138 1
93 58 1138 1
70 82 411 1
82 70 411 1
105 108 296 1
108 105 296 1
4 12 434 1
12 4 434 1
20 76 380 1
76 20 380 1
25 96 984 1
96 25 984 1
54 81 951 1
81 54 951 1
64 65 897 1
65 64 897 1
48 67 417 1
67 48 417 1
81 88 1121 1
88 81 1121 1
0 6 417 1
6 0 417 1
12 52 1107 1
52 12 1107 1
67 110 507 1
110 67 507 1
85 109 570 1
109 85 570 1
5 22 506 1
22 5 506 1
6 101 1437 1
101 6 1437 1
9 23 475 1
23 9 475 1
12 22 481 1
22 12 481 1
26 35 893 1
35 26 893 1
37 84 862 1
84 37 862 1
39 109 356 1
109 39 356 1
46 87 1047 1
87 46 1047 1
54 84 309 1
84 54 309 1
96 110 214 1
110 96 214 1
1 102 1288 1
102 1 1288 1
5 23 453 1
23 5 453 1
17 32 646 1
32 17 646 1
42 48 243 1
48 42 243 1
3 100 1385 1
100 3 1385 1
7 58 1136 1
58 7 1136 1
12 14 278 1
14 12 278 1
16 75 702 1
75 16 702 1
21 32 632 1
32 21 632 1
21 78 664 1
78 21 664 1
22 51 1360 1
51 22 1360 1
38 40 158 1
40 38 158 1
40 82 231 1
82 40 231 1
86 112 947 1
112 86 947 1
8 51 1496 1
51 8 1496 1
17 79 135 1
79 17 135 1
18 64 805 1
64 18 805 1
73 84 919 1
84 73 919 1
31 38 708 1
38 31 708 1
33 81 613 1
81 33 613 1
72 96 519 1
96 72 519 1
20 39 459 1
39 20 459 1
31 37 658 1
37 31 658 1
24 34 1021 1
34 24 1021 1
39 83 378 1
83 39 378 1
63 86 1250 1
86 63 1250 1
27 84 956 1
84 27 956 1
32 76 341 1
76 32 341 1
36 63 945 1
63 36 945 1
37 81 336 1
81 37 336 1
77 87 602 1
87 77 602 1
87 112 968 1
112 87 968 1
15 100 1225 1
100 15 1225 1
35 67 262 1
67 35 262 1
41 79 379 1
79 41 379 1
54 56 722 1
56 54 722 1
59 91 926 1
91 59 926 1
72 77 430 1
77 72 430 1
78 86 556 1
86 78 556 1
92 113 313 1
113 92 313 1
99 109 321 1
109 99 321 1
3 15 589 1
15 3 589 1
13 15 277 1
15 13 277 1
26 50 1256 1
50 26 1256 1
32 75 514 1
75 32 514 1
79 96 717 1
96 79 717 1
80 87 1107 1
87 80 1107 1
106 114 322 1
114 106 322 1
2 93 1417 1
93 2 1417 1
3 13 410 1
13 3 410 1
4 66 1205 1
66 4 1205 1
78 96 453 1
96 78 453 1
25 86 638 1
86 25 638 1
38 47 654 1
47 38 654 1
41 77 345 1
77 41 345 1
43 96 503 1
96 43 503 1
92 112 325 1
112 92 325 1
10 84 516 1
84 10 516 1
16 79 934 1
79 16 934 1
17 87 519 1
87 17 519 1
20 34 683 1
34 20 683 1
36 109 326 1
109 36 326 1
15 82 832 1
82 15 832 1
23 92 1466 1
92 23 1466 1
31 39 657 1
39 31 657 1
48 49 410 1
49 48 410 1
63 88 1219 1
88 63 1219 1
79 85 260 1
85 79 260 1
14 59 1320 1
59 14 1320 1
20 75 348 1
75 20 348 1
29 84 1027 1
84 29 1027 1
63 72 944 1
72 63 944 1
73 85 516 1
85 73 516 1
97 99 180 1
99 97 180 1
0 68 414 1
68 0 414 1
21 41 236 1
41 21 236 1
24 38 730 1
38 24 730 1
32 57 493 1
57 32 493 1
41 80 868 1
80 41 868 1
90 108 470 1
108 90 470 1
7 59 970 1
59 7 970 1
11 80 1102 1
80 11 1102 1
42 96 429 1
96 42 429 1
5 52 1379 1
52 5 1379 1
16 36 349 1
36 16 349 1
33 80 703 1
80 33 703 1
39 84 850 1
84 39 850 1
63 100 1236 1
100 63 1236 1
66 104 942 1
104 66 942 1
75 99 632 1
99 75 632 1
1 63 334 1
63 1 334 1
20 96 592 1
96 20 592 1
33 78 590 1
78 33 590 1
8 93 1382 1
93 8 1382 1
20 77 434 1
77 20 434 1
72 87 771 1
87 72 771 1
88 99 803 1
99 88 803 1
21 31 344 1
31 21 344 1
44 55 743 1
55 44 743 1
93 103 173 1
103 93 173 1
2 91 1366 1
91 2 1366 1
11 15 385 1
15 11 385 1
37 79 267 1
79 37 267 1
54 74 471 1
74 54 471 1
74 98 633 1
98 74 633 1
87 98 1003 1
98 87 1003 1
1 11 394 1
11 1 394 1
54 95 438 1
95 54 438 1
82 106 562 1
106 82 562 1
25 84 1066 1
84 25 1066 1
68 101 1309 1
101 68 1309 1
6 12 248 1
12 6 248 1
17 75 351 1
75 17 351 1
17 99 704 1
99 17 704 1
18 66 623 1
66 18 623 1
34 43 397 1
43 34 397 1
40 63 1007 1
63 40 1007 1
48 104 822 1
104 48 822 1
9 105 1106 1
105 9 1106 1
46 51 585 1
51 46 585 1
107 114 333 1
114 107 333 1
63 99 719 1
99 63 719 1
69 102 1226 1
102 69 1226 1
70 77 376 1
77 70 376 1
77 83 539 1
83 77 539 1
7 100 1408 1
100 7 1408 1
10 22 580 1
22 10 580 1
17 39 453 1
39 17 453 1
72 85 912 1
85 72 912 1
12 93 1368 1
93 12 1368 1
17 33 512 1
33 17 512 1
20 99 812 1
99 20 812 1
35 45 385 1
45 35 385 1
96 109 176 1
109 96 176 1
0 18 364 1
18 0 364 1
18 19 147 1
19 18 147 1
20 56 790 1
56 20 790 1
32 83 847 1
83 32 847 1
34 44 373 1
44 34 373 1
63 73 569 1
73 63 569 1
95 97 97 1
97 95 97 1
7 93 1261 1
93 7 1261 1
29 99 709 1
99 29 709 1
44 52 464 1
52 44 464 1
48 98 566 1
98 48 566 1
63 80 1146 1
80 63 1146 1
63 82 1211 1
82 63 1211 1
6 23 465 1
23 6 465 1
36 43 693 1
43 36 693 1
36 56 615 1
56 36 615 1
56 109 765 1
109 56 765 1
0 91 1266 1
91 0 1266 1
5 13 461 1
13 5 461 1
31 78 755 1
78 31 755 1
39 63 657 1
63 39 657 1
44 48 114 1
48 44 114 1
7 19 519 1
19 7 519 1
41 81 452 1
81 41 452 1
61 84 1150 1
84 61 1150 1
69 104 1167 1
104 69 1167 1
74 78 322 1
78 74 322 1
102 115 318 1
115 102 318 1
29 95 532 1
95 29 532 1
40 98 586 1
98 40 586 1
60 104 980 1
104 60 980 1
91 102 669 1
102 91 669 1
5 90 1279 1
90 5 1279 1
28 89 998 1
89 28 998 1
31 74 479 1
74 31 479 1
34 87 945 1
87 34 945 1
54 76 415 1
76 54 415 1
54 79 860 1
79 54 860 1
74 96 467 1
96 74 467 1
79 87 531 1
87 79 531 1
19 23 597 1
23 19 597 1
31 40 592 1
40 31 592 1
60 66 370 1
66 60 370 1
72 86 399 1
86 72 399 1
19 94 903 1
94 19 903 1
23 64 1238 1
64 23 1238 1
45 53 435 1
53 45 435 1
11 92 1324 1
92 11 1324 1
25 47 1189 1
47 25 1189 1
40 57 982 1
57 40 982 1
52 58 705 1
58 52 705 1
52 115 545 1
115 52 545 1
82 109 693 1
109 82 693 1
1 75 562 1
75 1 562 1
63 77 536 1
77 63 536 1
78 87 1016 1
87 78 1016 1
3 4 707 1
4 3 707 1
80 89 1113 1
89 80 1113 1
83 107 587 1
107 83 587 1
16 77 611 1
77 16 611 1
26 96 811 1
96 26 811 1
30 95 791 1
95 30 791 1
32 62 548 1
62 32 548 1
37 109 343 1
109 37 343 1
38 56 731 1
56 38 731 1
64 89 1175 1
89 64 1175 1
74 86 416 1
86 74 416 1
75 85 521 1
85 75 521 1
105 111 367 1
111 105 367 1
7 48 1293 1
48 7 1293 1
16 84 311 1
84 16 311 1
39 77 312 1
77 39 312 1
59 104 1146 1
104 59 1146 1
70 107 772 1
107 70 772 1
81 82 1081 1
82 81 1081 1
89 107 337 1
107 89 337 1
1 56 851 1
56 1 851 1
20 85 844 1
85 20 844 1
46 50 303 1
50 46 303 1
60 62 241 1
62 60 241 1
61 76 764 1
76 61 764 1
13 85 695 1
85 13 695 1
30 41 563 1
41 30 563 1
54 88 224 1
88 54 224 1
61 100 1241 1
100 61 1241 1
68 91 1170 1
91 68 1170 1
3 6 559 1
6 3 559 1
15 63 805 1
63 15 805 1
31 80 848 1
80 31 848 1
72 83 754 1
83 72 754 1
90 106 378 1
106 90 378 1
91 106 697 1
106 91 697 1
93 112 343 1
112 93 343 1
94 110 220 1
110 94 220 1
1 73 531 1
73 1 531 1
2 59 1058 1
59 2 1058 1
3 64 1134 1
64 3 1134 1
27 47 1038 1
47 27 1038 1
36 88 289 1
88 36 289 1
43 85 559 1
85 43 559 1
45 65 388 1
65 45 388 1
56 99 1051 1
99 56 1051 1
29 62 1067 1
62 29 1067 1
39 85 433 1
85 39 433 1
41 71 317 1
71 41 317 1
51 104 868 1
104 51 868 1
72 98 675 1
98 72 675 1
77 79 329 1
79 77 329 1
28 63 1049 1
63 28 1049 1
43 87 1011 1
87 43 1011 1
103 113 295 1
113 103 295 1
4 23 506 1
23 4 506 1
8 59 1427 1
59 8 1427 1
9 112 1293 1
112 9 1293 1
18 60 647 1
60 18 647 1
18 89 1085 1
89 18 1085 1
39 80 834 1
80 39 834 1
49 54 854 1
54 49 854 1
53 54 818 1
54 53 818 1
11 88 1176 1
88 11 1176 1
20 41 386 1
41 20 386 1
37 75 239 1
75 37 239 1
46 72 723 1
72 46 723 1
102 104 159 1
104 102 159 1
16 41 813 1
41 16 813 1
40 115 529 1
115 40 529 1
55 79 394 1
79 55 394 1
7 64 1244 1
64 7 1244 1
27 57 990 1
57 27 990 1
33 102 1043 1
102 33 1043 1
38 88 311 1
88 38 311 1
0 62 386 1
62 0 386 1
5 12 722 1
12 5 722 1
13 61 843 1
61 13 843 1
17 38 824 1
38 17 824 1
20 47 858 1
47 20 858 1
32 84 691 1
84 32 691 1
56 80 431 1
80 56 431 1
77 82 682 1
82 77 682 1
92 106 400 1
106 92 400 1
103 108 420 1
108 103 420 1
4 51 1418 1
51 4 1418 1
10 88 586 1
88 10 586 1
21 97 595 1
97 21 595 1
27 34 903 1
34 27 903 1
27 88 863 1
88 27 863 1
39 110 466 1
110 39 466 1
40 46 685 1
46 40 685 1
53 99 316 1
99 53 316 1
14 58 1155 1
58 14 1155 1
14 91 1235 1
91 14 1235 1
38 77 447 1
77 38 447 1
63 75 591 1
75 63 591 1
100 112 410 1
112 100 410 1
101 112 405 1
112 101 405 1
27 39 536 1
39 27 536 1
38 98 432 1
98 38 432 1
0 101 1354 1
101 0 1354 1
7 66 1007 1
66 7 1007 1
17 41 414 1
41 17 414 1
30 87 699 1
87 30 699 1
34 104 710 1
104 34 710 1
55 76 571 1
76 55 571 1
20 71 311 1
71 20 311 1
28 85 1025 1
85 28 1025 1
5 45 1343 1
45 5 1343 1
17 88 1113 1
88 17 1113 1
45 98 655 1
98 45 655 1
66 93 972 1
93 66 972 1
78 85 1017 1
85 78 1017 1
81 83 446 1
83 81 446 1
5 43 1235 1
43 5 1235 1
28 77 540 1
77 28 540 1
50 54 543 1
54 50 543 1
20 43 937 1
43 20 937 1
27 55 790 1
55 27 790 1
34 96 428 1
96 34 428 1
38 95 382 1
95 38 382 1
40 77 472 1
77 40 472 1
56 96 743 1
96 56 743 1
77 84 711 1
84 77 711 1
92 105 456 1
105 92 456 1
5 6 733 1
6 5 733 1
6 52 1192 1
52 6 1192 1
11 74 727 1
74 11 727 1
24 47 1229 1
47 24 1229 1
25 81 899 1
81 25 899 1
1 57 172 1
57 1 172 1
13 22 606 1
22 13 606 1
22 112 1335 1
112 22 1335 1
30 39 678 1
39 30 678 1
55 95 221 1
95 55 221 1
77 81 453 1
81 77 453 1
2 51 1294 1
51 2 1294 1
7 14 868 1
14 7 868 1
33 77 332 1
77 33 332 1
37 95 241 1
95 37 241 1
41 62 1018 1
62 41 1018 1
46 86 899 1
86 46 899 1
47 110 210 1
110 47 210 1
84 96 441 1
96 84 441 1
2 26 618 1
26 2 618 1
7 51 1137 1
51 7 1137 1
16 74 335 1
74 16 335 1
22 48 1339 1
48 22 1339 1
34 111 469 1
111 34 469 1
43 86 1110 1
86 43 1110 1
83 86 863 1
86 83 863 1
5 58 1366 1
58 5 1366 1
11 75 388 1
75 11 388 1
14 103 1126 1
103 14 1126 1
45 86 1232 1
86 45 1232 1
1 16 963 1
16 1 963 1
2 60 843 1
60 2 843 1
10 13 1004 1
13 10 1004 1
37 97 271 1
97 37 271 1
64 102 855 1
102 64 855 1
90 104 351 1
104 90 351 1
95 96 288 1
96 95 288 1
53 112 421 1
112 53 421 1
61 64 928 1
64 61 928 1
77 109 318 1
109 77 318 1
4 24 144 1
24 4 144 1
11 79 342 1
79 11 342 1
13 50 1383 1
50 13 1383 1
31 82 641 1
82 31 641 1
33 64 737 1
64 33 737 1
37 43 584 1
43 37 584 1
65 76 769 1
76 65 769 1
72 82 298 1
82 72 298 1
82 107 847 1
107 82 847 1
51 112 579 1
112 51 579 1
56 76 519 1
76 56 519 1
62 82 720 1
82 62 720 1
75 111 718 1
111 75 718 1
86 96 642 1
96 86 642 1
104 114 171 1
114 104 171 1
38 99 625 1
99 38 625 1
39 72 575 1
72 39 575 1
82 87 849 1
87 82 849 1
89 100 936 1
100 89 936 1
20 74 213 1
74 20 213 1
25 36 797 1
36 25 797 1
47 51 339 1
51 47 339 1
60 114 930 1
114 60 930 1
4 52 1272 1
52 4 1272 1
5 42 1309 1
42 5 1309 1
8 68 1123 1
68 8 1123 1
11 63 488 1
63 11 488 1
18 57 564 1
57 18 564 1
63 87 821 1
87 63 821 1
66 101 1048 1
101 66 1048 1
106 108 322 1
108 106 322 1
11 78 988 1
78 11 988 1
0 90 1005 1
90 0 1005 1
31 76 584 1
76 31 584 1
32 71 466 1
71 32 466 1
34 113 628 1
113 34 628 1
38 41 513 1
41 38 513 1
76 113 641 1
113 76 641 1
90 94 414 1
94 90 414 1
19 101 1295 1
101 19 1295 1
33 109 602 1
109 33 602 1
59 106 1174 1
106 59 1174 1
63 109 730 1
109 63 730 1
25 31 272 1
31 25 272 1
25 54 1008 1
54 25 1008 1
25 88 998 1
88 25 998 1
30 85 964 1
85 30 964 1
38 63 974 1
63 38 974 1
43 51 245 1
51 43 245 1
58 105 1107 1
105 58 1107 1
80 83 1100 1
83 80 1100 1
16 40 399 1
40 16 399 1
57 96 913 1
96 57 913 1
61 83 902 1
83 61 902 1
62 85 1177 1
85 62 1177 1
68 90 1109 1
90 68 1109 1
17 113 917 1
113 17 917 1
22 50 1336 1
50 22 1336 1
41 110 601 1
110 41 601 1
58 101 1214 1
101 58 1214 1
69 108 886 1
108 69 886 1
83 100 1134 1
100 83 1134 1
101 104 464 1
104 101 464 1
106 115 278 1
115 106 278 1
38 78 371 1
78 38 371 1
56 68 408 1
68 56 408 1
76 109 320 1
109 76 320 1
77 114 582 1
114 77 582 1
79 98 871 1
98 79 871 1
29 46 914 1
46 29 914 1
35 86 906 1
86 35 906 1
43 99 372 1
99 43 372 1
47 50 544 1
50 47 544 1
68 103 1277 1
103 68 1277 1
69 110 773 1
110 69 773 1
8 53 1492 1
53 8 1492 1
30 96 854 1
96 30 854 1
99 111 265 1
111 99 265 1
1 41 715 1
41 1 715 1
2 90 1252 1
90 2 1252 1
9 61 1165 1
61 9 1165 1
26 114 936 1
114 26 936 1
31 63 863 1
63 31 863 1
35 71 557 1
71 35 557 1
46 84 530 1
84 46 530 1
57 109 768 1
109 57 768 1
67 101 953 1
101 67 953 1
71 72 402 1
72 71 402 1
99 100 610 1
100 99 610 1
99 115 285 1
115 99 285 1
102 111 440 1
111 102 440 1
106 107 486 1
107 106 486 1
0 2 460 1
2 0 460 1
22 26 505 1
26 22 505 1
23 70 494 1
70 23 494 1
23 105 1262 1
105 23 1262 1
55 89 213 1
89 55 213 1
94 106 271 1
106 94 271 1
106 111 487 1
111 106 487 1
113 114 95 1
114 113 95 1
31 81 775 1
81 31 775 1
34 51 562 1
51 34 562 1
56 63 1014 1
63 56 1014 1
67 108 667 1
108 67 667 1
80 96 505 1
96 80 505 1
88 113 635 1
113 88 635 1
90 111 396 1
111 90 396 1
31 84 971 1
84 31 971 1
48 90 628 1
90 48 628 1
49 99 587 1
99 49 587 1
52 90 240 1
90 52 240 1
54 78 385 1
78 54 385 1
83 92 1187 1
92 83 1187 1
100 104 240 1
104 100 240 1
105 115 176 1
115 105 176 1
10 50 948 1
50 10 948 1
31 85 906 1
85 31 906 1
32 63 656 1
63 32 656 1
33 86 892 1
86 33 892 1
61 88 1219 1
88 61 1219 1
77 86 724 1
86 77 724 1
89 109 541 1
109 89 541 1
9 91 1212 1
91 9 1212 1
26 42 1183 1
42 26 1183 1
37 78 740 1
78 37 740 1
67 93 875 1
93 67 875 1
75 113 758 1
113 75 758 1
7 103 1229 1
103 7 1229 1
13 14 902 1
14 13 902 1
16 87 1049 1
87 16 1049 1
23 65 1169 1
65 23 1169 1
35 88 741 1
88 35 741 1
36 62 525 1
62 36 525 1
37 80 842 1
80 37 842 1
51 67 436 1
67 51 436 1
54 97 484 1
97 54 484 1
69 114 1057 1
114 69 1057 1
0 64 574 1
64 0 574 1
3 53 1253 1
53 3 1253 1
24 70 465 1
70 24 465 1
30 54 873 1
54 30 873 1
30 98 1029 1
98 30 1029 1
40 89 829 1
89 40 829 1
55 74 679 1
74 55 679 1
104 106 195 1
106 104 195 1
7 105 1186 1
105 7 1186 1
11 31 475 1
31 11 475 1
17 37 368 1
37 17 368 1
23 69 907 1
69 23 907 1
29 55 507 1
55 29 507 1
33 61 545 1
61 33 545 1
41 78 770 1
78 41 770 1
103 114 282 1
114 103 282 1
10 112 1075 1
112 10 1075 1
17 82 1011 1
82 17 1011 1
21 72 388 1
72 21 388 1
27 36 659 1
36 27 659 1
28 102 802 1
102 28 802 1
29 87 356 1
87 29 356 1
35 87 863 1
87 35 863 1
46 52 244 1
52 46 244 1
49 50 585 1
50 49 585 1
52 59 956 1
59 52 956 1
79 114 741 1
114 79 741 1
86 97 801 1
97 86 801 1
90 100 182 1
100 90 182 1
92 111 381 1
111 92 381 1
4 47 1192 1
47 4 1192 1
10 65 1203 1
65 10 1203 1
19 110 862 1
110 19 862 1
21 46 873 1
46 21 873 1
28 39 686 1
39 28 686 1
28 55 861 1
55 28 861 1
73 78 740 1
78 73 740 1
76 98 527 1
98 76 527 1
0 93 1314 1
93 0 1314 1
5 66 1239 1
66 5 1239 1
6 51 1338 1
51 6 1338 1
21 47 833 1
47 21 833 1
46 95 451 1
95 46 451 1
97 105 299 1
105 97 299 1
1 103 1135 1
103 1 1135 1
7 108 971 1
108 7 971 1
11 73 310 1
73 11 310 1
14 48 1233 1
48 14 1233 1
25 70 480 1
70 25 480 1
30 84 877 1
84 30 877 1
52 95 665 1
95 52 665 1
