116 2668
20 21 185 1
21 20 185 1
104 105 204 1
105 104 204 1
72 73 517 1
73 72 517 1
5 26 263 1
26 5 263 1
70 71 263 1
71 70 263 1
28 29 741 1
29 28 741 1
40 41 506 1
41 40 506 1
4 5 350 1
5 4 350 1
44 45 194 1
45 44 194 1
56 57 840 1
57 56 840 1
74 75 389 1
75 74 389 1
73 74 458 1
74 73 458 1
17 29 223 1
29 17 223 1
24 25 135 1
25 24 135 1
17 28 894 1
28 17 894 1
1 57 172 1
57 1 172 1
72 74 76 1
74 72 76 1
4 26 161 1
26 4 161 1
36 37 542 1
37 36 542 1
26 27 135 1
27 26 135 1
2 3 405 1
3 2 405 1
78 79 878 1
79 78 878 1
50 51 698 1
51 50 698 1
106 107 486 1
107 106 486 1
28 79 847 1
79 28 847 1
66 67 177 1
67 66 177 1
86 87 805 1
87 86 805 1
58 59 496 1
59 58 496 1
41 73 204 1
73 41 204 1
16 17 998 1
17 16 998 1
70 74 155 1
74 70 155 1
30 31 127 1
31 30 127 1
42 43 239 1
43 42 239 1
52 53 746 1
53 52 746 1
80 81 1113 1
81 80 1113 1
79 81 136 1
81 79 136 1
16 79 934 1
79 16 934 1
6 91 1386 1
91 6 1386 1
76 77 238 1
77 76 238 1
29 79 257 1
79 29 257 1
18 19 147 1
19 18 147 1
1 56 851 1
56 1 851 1
28 78 272 1
78 28 272 1
41 74 484 1
74 41 484 1
16 28 220 1
28 16 220 1
74 80 415 1
80 74 415 1
17 79 135 1
79 17 135 1
73 75 84 1
75 73 84 1
16 62 313 1
62 16 313 1
6 7 710 1
7 6 710 1
70 73 402 1
73 70 402 1
82 83 881 1
83 82 881 1
16 80 152 1
80 16 152 1
73 76 450 1
76 73 450 1
78 80 116 1
80 78 116 1
71 75 163 1
75 71 163 1
11 13 168 1
13 11 168 1
90 91 735 1
91 90 735 1
16 81 1063 1
81 16 1063 1
71 74 359 1
74 71 359 1
93 107 357 1
107 93 357 1
2 66 917 1
66 2 917 1
70 75 355 1
75 70 355 1
84 85 1130 1
85 84 1130 1
41 72 550 1
72 41 550 1
74 76 203 1
76 74 203 1
100 102 87 1
102 100 87 1
4 9 500 1
9 4 500 1
16 78 122 1
78 16 122 1
85 87 616 1
87 85 616 1
4 15 597 1
15 4 597 1
5 15 278 1
15 5 278 1
40 72 200 1
72 40 200 1
98 99 479 1
99 98 479 1
15 26 469 1
26 15 469 1
34 35 126 1
35 34 126 1
5 9 157 1
9 5 157 1
16 29 882 1
29 16 882 1
72 80 384 1
80 72 384 1
80 82 469 1
82 80 469 1
0 1 800 1
1 0 800 1
21 27 209 1
27 21 209 1
72 76 257 1
76 72 257 1
62 79 1049 1
79 62 1049 1
17 62 1129 1
62 17 1129 1
100 101 656 1
101 100 656 1
8 9 638 1
9 8 638 1
62 63 1134 1
63 62 1134 1
5 27 165 1
27 5 165 1
40 73 549 1
73 40 549 1
16 72 287 1
72 16 287 1
54 55 651 1
55 54 651 1
0 56 174 1
56 0 174 1
40 74 182 1
74 40 182 1
99 101 266 1
101 99 266 1
32 33 149 1
33 32 149 1
101 103 106 1
103 101 106 1
20 27 271 1
27 20 271 1
71 73 163 1
73 71 163 1
62 81 1169 1
81 62 1169 1
70 76 285 1
76 70 285 1
40 80 433 1
80 40 433 1
41 75 187 1
75 41 187 1
49 50 585 1
50 49 585 1
73 80 850 1
80 73 850 1
24 30 283 1
30 24 283 1
41 76 493 1
76 41 493 1
96 97 322 1
97 96 322 1
38 39 465 1
39 38 465 1
43 46 341 1
46 43 341 1
36 40 213 1
40 36 213 1
36 41 570 1
41 36 570 1
29 78 851 1
78 29 851 1
104 106 195 1
106 104 195 1
70 72 158 1
72 70 158 1
73 77 274 1
77 73 274 1
28 72 116 1
72 28 116 1
72 78 300 1
78 72 300 1
7 90 1390 1
90 7 1390 1
53 91 265 1
91 53 265 1
25 30 292 1
30 25 292 1
62 78 287 1
78 62 287 1
101 102 595 1
102 101 595 1
14 15 772 1
15 14 772 1
6 93 1425 1
93 6 1425 1
78 81 1002 1
81 78 1002 1
79 80 991 1
80 79 991 1
71 76 392 1
76 71 392 1
3 88 1145 1
88 3 1145 1
4 14 255 1
14 4 255 1
68 69 164 1
69 68 164 1
102 110 495 1
110 102 495 1
75 76 374 1
76 75 374 1
102 103 508 1
103 102 508 1
29 31 454 1
31 29 454 1
43 45 199 1
45 43 199 1
73 78 740 1
78 73 740 1
53 89 552 1
89 53 552 1
21 84 830 1
84 21 830 1
92 93 608 1
93 92 608 1
103 107 239 1
107 103 239 1
28 62 527 1
62 28 527 1
82 84 544 1
84 82 544 1
2 91 1366 1
91 2 1366 1
3 66 920 1
66 3 920 1
48 50 202 1
50 48 202 1
40 76 327 1
76 40 327 1
24 31 318 1
31 24 318 1
38 54 263 1
54 38 263 1
45 46 448 1
46 45 448 1
42 46 173 1
46 42 173 1
74 82 336 1
82 74 336 1
99 102 560 1
102 99 560 1
7 61 813 1
61 7 813 1
100 103 576 1
103 100 576 1
41 80 868 1
80 41 868 1
111 112 111 1
112 111 111 1
10 28 213 1
28 10 213 1
75 80 775 1
80 75 775 1
28 81 975 1
81 28 975 1
37 41 217 1
41 37 217 1
91 106 697 1
106 91 697 1
17 78 955 1
78 17 955 1
95 108 123 1
108 95 123 1
16 73 769 1
73 16 769 1
37 87 433 1
87 37 433 1
103 106 532 1
106 103 532 1
49 51 172 1
51 49 172 1
85 86 1120 1
86 85 1120 1
25 31 272 1
31 25 272 1
36 76 232 1
76 36 232 1
43 47 146 1
47 43 146 1
29 81 342 1
81 29 342 1
0 57 825 1
57 0 825 1
96 110 214 1
110 96 214 1
72 77 430 1
77 72 430 1
42 45 300 1
45 42 300 1
28 80 329 1
80 28 329 1
2 6 165 1
6 2 165 1
3 90 1350 1
90 3 1350 1
41 70 482 1
70 41 482 1
4 8 148 1
8 4 148 1
88 89 1035 1
89 88 1035 1
7 91 1186 1
91 7 1186 1
64 65 897 1
65 64 897 1
24 27 252 1
27 24 252 1
90 98 163 1
98 90 163 1
25 27 193 1
27 25 193 1
6 92 1291 1
92 6 1291 1
72 75 453 1
75 72 453 1
85 89 220 1
89 85 220 1
28 73 629 1
73 28 629 1
58 66 198 1
66 58 198 1
10 17 1029 1
17 10 1029 1
20 26 232 1
26 20 232 1
48 55 832 1
55 48 832 1
74 78 322 1
78 74 322 1
12 14 278 1
14 12 278 1
93 106 650 1
106 93 650 1
6 106 1024 1
106 6 1024 1
40 82 231 1
82 40 231 1
65 67 361 1
67 65 361 1
2 90 1252 1
90 2 1252 1
6 90 1185 1
90 6 1185 1
2 58 959 1
58 2 959 1
17 81 182 1
81 17 182 1
10 79 992 1
79 10 992 1
21 74 343 1
74 21 343 1
70 77 376 1
77 70 376 1
92 102 211 1
102 92 211 1
1 19 351 1
19 1 351 1
80 83 1100 1
83 80 1100 1
36 87 808 1
87 36 808 1
1 63 334 1
63 1 334 1
41 71 317 1
71 41 317 1
107 110 468 1
110 107 468 1
7 92 1445 1
92 7 1445 1
44 48 114 1
48 44 114 1
71 72 402 1
72 71 402 1
106 110 467 1
110 106 467 1
78 83 999 1
83 78 999 1
103 110 496 1
110 103 496 1
105 106 359 1
106 105 359 1
10 62 483 1
62 10 483 1
29 62 1067 1
62 29 1067 1
46 47 309 1
47 46 309 1
3 52 1342 1
52 3 1342 1
29 72 629 1
72 29 629 1
37 43 584 1
43 37 584 1
5 24 252 1
24 5 252 1
66 91 902 1
91 66 902 1
90 92 135 1
92 90 135 1
1 62 1027 1
62 1 1027 1
5 25 129 1
25 5 129 1
24 26 201 1
26 24 201 1
71 77 297 1
77 71 297 1
114 115 96 1
115 114 96 1
3 53 1253 1
53 3 1253 1
83 84 1154 1
84 83 1154 1
81 82 1081 1
82 81 1081 1
31 83 561 1
83 31 561 1
43 44 290 1
44 43 290 1
53 59 742 1
59 53 742 1
11 83 383 1
83 11 383 1
62 80 268 1
80 62 268 1
10 29 893 1
29 10 893 1
6 107 1177 1
107 6 1177 1
21 26 271 1
26 21 271 1
37 40 562 1
40 37 562 1
45 48 304 1
48 45 304 1
28 31 545 1
31 28 545 1
44 46 353 1
46 44 353 1
96 98 184 1
98 96 184 1
14 26 321 1
26 14 321 1
72 79 733 1
79 72 733 1
82 86 143 1
86 82 143 1
99 100 610 1
100 99 610 1
10 78 335 1
78 10 335 1
84 86 610 1
86 84 610 1
15 27 336 1
27 15 336 1
92 100 157 1
100 92 157 1
19 63 644 1
63 19 644 1
20 84 687 1
84 20 687 1
48 49 410 1
49 48 410 1
3 8 773 1
8 3 773 1
5 14 572 1
14 5 572 1
76 80 424 1
80 76 424 1
90 99 615 1
99 90 615 1
91 107 371 1
107 91 371 1
94 97 266 1
97 94 266 1
82 85 1121 1
85 82 1121 1
91 114 389 1
114 91 389 1
91 93 118 1
93 91 118 1
93 103 173 1
103 93 173 1
96 102 343 1
102 96 343 1
2 8 554 1
8 2 554 1
13 61 843 1
61 13 843 1
16 40 399 1
40 16 399 1
84 88 224 1
88 84 224 1
20 74 213 1
74 20 213 1
25 26 225 1
26 25 225 1
40 75 477 1
75 40 477 1
52 88 542 1
88 52 542 1
102 107 560 1
107 102 560 1
0 18 364 1
18 0 364 1
27 39 536 1
39 27 536 1
10 81 1126 1
81 10 1126 1
36 73 600 1
73 36 600 1
46 55 584 1
55 46 584 1
29 73 113 1
73 29 113 1
52 55 814 1
55 52 814 1
52 59 956 1
59 52 956 1
96 99 428 1
99 96 428 1
3 58 1025 1
58 3 1025 1
4 27 279 1
27 4 279 1
17 63 324 1
63 17 324 1
26 38 554 1
38 26 554 1
51 67 436 1
67 51 436 1
98 112 277 1
112 98 277 1
29 80 961 1
80 29 961 1
53 106 847 1
106 53 847 1
57 63 249 1
63 57 249 1
93 110 487 1
110 93 487 1
36 72 276 1
72 36 276 1
72 82 298 1
82 72 298 1
19 57 426 1
57 19 426 1
11 80 1102 1
80 11 1102 1
47 50 544 1
50 47 544 1
28 63 1049 1
63 28 1049 1
3 89 961 1
89 3 961 1
75 84 839 1
84 75 839 1
16 74 335 1
74 16 335 1
98 100 250 1
100 98 250 1
29 33 510 1
33 29 510 1
74 84 507 1
84 74 507 1
1 18 493 1
18 1 493 1
80 84 162 1
84 80 162 1
1 16 963 1
16 1 963 1
54 97 484 1
97 54 484 1
98 101 623 1
101 98 623 1
17 33 512 1
33 17 512 1
19 69 323 1
69 19 323 1
96 100 371 1
100 96 371 1
9 61 1165 1
61 9 1165 1
48 99 711 1
99 48 711 1
11 78 988 1
78 11 988 1
48 51 548 1
51 48 548 1
73 79 296 1
79 73 296 1
91 115 428 1
115 91 428 1
94 95 213 1
95 94 213 1
11 63 488 1
63 11 488 1
63 79 303 1
79 63 303 1
94 96 89 1
96 94 89 1
40 81 874 1
81 40 874 1
6 8 485 1
8 6 485 1
13 60 1245 1
60 13 1245 1
3 67 879 1
67 3 879 1
3 91 1236 1
91 3 1236 1
50 55 863 1
55 50 863 1
52 54 402 1
54 52 402 1
10 12 181 1
12 10 181 1
22 23 140 1
23 22 140 1
11 81 403 1
81 11 403 1
54 96 167 1
96 54 167 1
79 82 965 1
82 79 965 1
21 82 511 1
82 21 511 1
31 78 755 1
78 31 755 1
54 99 587 1
99 54 587 1
55 99 216 1
99 55 216 1
1 17 391 1
17 1 391 1
53 90 787 1
90 53 787 1
8 90 1188 1
90 8 1188 1
21 70 303 1
70 21 303 1
21 41 236 1
41 21 236 1
2 7 566 1
7 2 566 1
3 59 922 1
59 3 922 1
8 91 1373 1
91 8 1373 1
23 90 1391 1
90 23 1391 1
40 70 311 1
70 40 311 1
53 107 600 1
107 53 600 1
2 53 1390 1
53 2 1390 1
29 77 357 1
77 29 357 1
73 82 720 1
82 73 720 1
63 78 1033 1
78 63 1033 1
78 82 455 1
82 78 455 1
9 26 419 1
26 9 419 1
70 82 411 1
82 70 411 1
99 110 299 1
110 99 299 1
6 53 1419 1
53 6 1419 1
7 9 490 1
9 7 490 1
21 75 222 1
75 21 222 1
62 72 566 1
72 62 566 1
75 82 661 1
82 75 661 1
31 70 334 1
70 31 334 1
37 76 441 1
76 37 441 1
37 85 343 1
85 37 343 1
47 48 490 1
48 47 490 1
7 65 934 1
65 7 934 1
92 110 485 1
110 92 485 1
3 7 185 1
7 3 185 1
58 91 1077 1
91 58 1077 1
5 39 639 1
39 5 639 1
50 67 562 1
67 50 562 1
96 111 286 1
111 96 286 1
7 23 337 1
23 7 337 1
41 82 687 1
82 41 687 1
104 107 401 1
107 104 401 1
5 38 756 1
38 5 756 1
17 72 781 1
72 17 781 1
52 89 1027 1
89 52 1027 1
21 85 716 1
85 21 716 1
61 65 175 1
65 61 175 1
84 89 1110 1
89 84 1110 1
11 62 1169 1
62 11 1169 1
17 100 1170 1
100 17 1170 1
25 39 702 1
39 25 702 1
74 85 839 1
85 74 839 1
75 78 667 1
78 75 667 1
84 87 1148 1
87 84 1148 1
56 63 1014 1
63 56 1014 1
47 106 636 1
106 47 636 1
98 111 265 1
111 98 265 1
67 115 767 1
115 67 767 1
9 15 219 1
15 9 219 1
18 57 564 1
57 18 564 1
59 91 926 1
91 59 926 1
98 102 260 1
102 98 260 1
36 85 845 1
85 36 845 1
36 71 552 1
71 36 552 1
41 77 345 1
77 41 345 1
46 54 354 1
54 46 354 1
103 104 369 1
104 103 369 1
35 37 446 1
37 35 446 1
35 67 262 1
67 35 262 1
36 77 422 1
77 36 422 1
72 81 860 1
81 72 860 1
11 16 1004 1
16 11 1004 1
16 41 813 1
41 16 813 1
20 70 213 1
70 20 213 1
31 79 660 1
79 31 660 1
20 75 348 1
75 20 348 1
13 63 653 1
63 13 653 1
28 33 585 1
33 28 585 1
48 97 706 1
97 48 706 1
74 83 697 1
83 74 697 1
51 66 580 1
66 51 580 1
43 48 391 1
48 43 391 1
14 22 562 1
22 14 562 1
80 85 1121 1
85 80 1121 1
21 86 520 1
86 21 520 1
35 50 559 1
50 35 559 1
56 62 252 1
62 56 252 1
70 80 524 1
80 70 524 1
2 67 952 1
67 2 952 1
40 71 481 1
71 40 481 1
40 78 376 1
78 40 376 1
28 77 540 1
77 28 540 1
93 102 600 1
102 93 600 1
6 101 1437 1
101 6 1437 1
29 63 531 1
63 29 531 1
37 77 246 1
77 37 246 1
43 55 485 1
55 43 485 1
86 89 1016 1
89 86 1016 1
6 103 1362 1
103 6 1362 1
76 82 520 1
82 76 520 1
8 14 205 1
14 8 205 1
11 29 239 1
29 11 239 1
76 85 717 1
85 76 717 1
12 15 906 1
15 12 906 1
4 24 144 1
24 4 144 1
40 87 708 1
87 40 708 1
50 66 475 1
66 50 475 1
36 70 395 1
70 36 395 1
40 83 731 1
83 40 731 1
54 88 224 1
88 54 224 1
58 69 426 1
69 58 426 1
74 77 362 1
77 74 362 1
32 47 724 1
47 32 724 1
64 86 1029 1
86 64 1029 1
28 74 188 1
74 28 188 1
47 110 210 1
110 47 210 1
60 61 893 1
61 60 893 1
52 68 984 1
68 52 984 1
53 58 934 1
58 53 934 1
58 106 1039 1
106 58 1039 1
0 19 488 1
19 0 488 1
11 61 675 1
61 11 675 1
39 41 161 1
41 39 161 1
27 86 519 1
86 27 519 1
27 87 439 1
87 27 439 1
36 43 693 1
43 36 693 1
41 46 810 1
46 41 810 1
6 66 934 1
66 6 934 1
15 20 521 1
20 15 521 1
71 82 622 1
82 71 622 1
22 64 1169 1
64 22 1169 1
16 56 380 1
56 16 380 1
36 74 242 1
74 36 242 1
11 28 875 1
28 11 875 1
15 21 348 1
21 15 348 1
41 78 770 1
78 41 770 1
46 48 368 1
48 46 368 1
11 31 475 1
31 11 475 1
11 79 342 1
79 11 342 1
26 39 604 1
39 26 604 1
27 38 594 1
38 27 594 1
57 62 1000 1
62 57 1000 1
79 83 420 1
83 79 420 1
81 83 446 1
83 81 446 1
87 89 476 1
89 87 476 1
2 52 1249 1
52 2 1249 1
10 16 218 1
16 10 218 1
29 30 533 1
30 29 533 1
38 97 469 1
97 38 469 1
92 107 674 1
107 92 674 1
102 113 317 1
113 102 317 1
5 20 424 1
20 5 424 1
91 101 197 1
101 91 197 1
101 106 633 1
106 101 633 1
6 58 957 1
58 6 957 1
42 55 629 1
55 42 629 1
3 42 1195 1
42 3 1195 1
12 60 825 1
60 12 825 1
17 57 439 1
57 17 439 1
50 53 744 1
53 50 744 1
93 96 582 1
96 93 582 1
2 59 1058 1
59 2 1058 1
2 99 1219 1
99 2 1219 1
10 63 1159 1
63 10 1159 1
19 68 313 1
68 19 313 1
22 34 922 1
34 22 922 1
30 70 259 1
70 30 259 1
48 101 937 1
101 48 937 1
57 79 431 1
79 57 431 1
104 110 417 1
110 104 417 1
20 38 349 1
38 20 349 1
54 98 204 1
98 54 204 1
7 66 1007 1
66 7 1007 1
8 15 741 1
15 8 741 1
15 38 793 1
38 15 793 1
17 56 1024 1
56 17 1024 1
40 77 472 1
77 40 472 1
47 53 268 1
53 47 268 1
65 85 476 1
85 65 476 1
2 115 1109 1
115 2 1109 1
15 88 1097 1
88 15 1097 1
49 53 406 1
53 49 406 1
7 8 828 1
8 7 828 1
16 63 1092 1
63 16 1092 1
31 73 397 1
73 31 397 1
71 80 755 1
80 71 755 1
11 73 310 1
73 11 310 1
75 77 210 1
77 75 210 1
82 87 849 1
87 82 849 1
91 92 669 1
92 91 669 1
11 75 388 1
75 11 388 1
41 81 452 1
81 41 452 1
42 47 281 1
47 42 281 1
66 115 807 1
115 66 807 1
11 74 727 1
74 11 727 1
20 85 844 1
85 20 844 1
48 54 669 1
54 48 669 1
60 63 1021 1
63 60 1021 1
66 104 942 1
104 66 942 1
74 81 792 1
81 74 792 1
26 88 791 1
88 26 791 1
89 91 402 1
91 89 402 1
96 101 608 1
101 96 608 1
2 22 228 1
22 2 228 1
16 57 981 1
57 16 981 1
21 71 214 1
71 21 214 1
21 88 754 1
88 21 754 1
77 79 329 1
79 77 329 1
105 107 233 1
107 105 233 1
6 102 1207 1
102 6 1207 1
41 87 263 1
87 41 263 1
91 104 542 1
104 91 542 1
21 25 360 1
25 21 360 1
21 40 380 1
40 21 380 1
46 112 262 1
112 46 262 1
60 92 903 1
92 60 903 1
75 85 521 1
85 75 521 1
99 103 258 1
103 99 258 1
5 21 332 1
21 5 332 1
47 55 367 1
55 47 367 1
92 103 574 1
103 92 574 1
10 11 986 1
11 10 986 1
20 86 362 1
86 20 362 1
40 79 762 1
79 40 762 1
91 105 371 1
105 91 371 1
92 96 390 1
96 92 390 1
97 99 180 1
99 97 180 1
24 39 767 1
39 24 767 1
110 113 304 1
113 110 304 1
28 30 436 1
30 28 436 1
52 58 705 1
58 52 705 1
92 113 313 1
113 92 313 1
100 110 522 1
110 100 522 1
55 97 173 1
97 55 173 1
1 81 501 1
81 1 501 1
21 24 413 1
24 21 413 1
28 82 255 1
82 28 255 1
39 54 618 1
54 39 618 1
53 115 576 1
115 53 576 1
8 66 1233 1
66 8 1233 1
13 83 347 1
83 13 347 1
16 77 611 1
77 16 611 1
37 86 777 1
86 37 777 1
40 85 900 1
85 40 900 1
48 67 417 1
67 48 417 1
5 30 380 1
30 5 380 1
37 73 278 1
73 37 278 1
49 55 664 1
55 49 664 1
90 101 719 1
101 90 719 1
31 71 265 1
71 31 265 1
64 87 1344 1
87 64 1344 1
65 66 537 1
66 65 537 1
66 90 828 1
90 66 828 1
74 79 666 1
79 74 666 1
83 85 549 1
85 83 549 1
5 8 493 1
8 5 493 1
7 59 970 1
59 7 970 1
33 79 486 1
79 33 486 1
56 100 1019 1
100 56 1019 1
97 101 398 1
101 97 398 1
4 25 258 1
25 4 258 1
20 41 386 1
41 20 386 1
29 83 227 1
83 29 227 1
39 97 289 1
97 39 289 1
59 90 1104 1
90 59 1104 1
101 107 310 1
107 101 310 1
2 88 959 1
88 2 959 1
17 80 1070 1
80 17 1070 1
21 39 356 1
39 21 356 1
27 41 398 1
41 27 398 1
53 66 763 1
66 53 763 1
9 23 475 1
23 9 475 1
25 36 797 1
36 25 797 1
36 86 441 1
86 36 441 1
28 40 248 1
40 28 248 1
28 83 861 1
83 28 861 1
101 110 541 1
110 101 541 1
16 82 421 1
82 16 421 1
31 72 482 1
72 31 482 1
48 98 566 1
98 48 566 1
49 59 382 1
59 49 382 1
7 67 937 1
67 7 937 1
21 72 388 1
72 21 388 1
32 107 906 1
107 32 906 1
36 46 482 1
46 36 482 1
73 81 406 1
81 73 406 1
73 83 298 1
83 73 298 1
96 112 337 1
112 96 337 1
18 68 315 1
68 18 315 1
34 66 268 1
66 34 268 1
99 111 265 1
111 99 265 1
6 59 1126 1
59 6 1126 1
6 110 1008 1
110 6 1008 1
11 72 773 1
72 11 773 1
31 77 552 1
77 31 552 1
37 46 651 1
46 37 651 1
67 90 867 1
90 67 867 1
96 103 531 1
103 96 531 1
109 111 273 1
111 109 273 1
37 47 493 1
47 37 493 1
71 86 672 1
86 71 672 1
35 66 331 1
66 35 331 1
41 79 379 1
79 41 379 1
27 36 659 1
36 27 659 1
30 78 663 1
78 30 663 1
99 113 264 1
113 99 264 1
10 30 501 1
30 10 501 1
37 44 792 1
44 37 792 1
46 111 189 1
111 46 189 1
47 104 532 1
104 47 532 1
64 85 1107 1
85 64 1107 1
91 99 166 1
99 91 166 1
110 111 172 1
111 110 172 1
6 60 799 1
60 6 799 1
18 63 774 1
63 18 774 1
21 73 247 1
73 21 247 1
2 93 1417 1
93 2 1417 1
67 91 790 1
91 67 790 1
17 73 298 1
73 17 298 1
33 62 690 1
62 33 690 1
42 44 208 1
44 42 208 1
75 83 351 1
83 75 351 1
1 79 428 1
79 1 428 1
28 41 661 1
41 28 661 1
59 66 363 1
66 59 363 1
0 62 386 1
62 0 386 1
6 104 1174 1
104 6 1174 1
34 47 428 1
47 34 428 1
70 83 652 1
83 70 652 1
0 17 982 1
17 0 982 1
103 105 173 1
105 103 173 1
2 98 1139 1
98 2 1139 1
39 40 508 1
40 39 508 1
62 73 961 1
73 62 961 1
92 98 220 1
98 92 220 1
18 69 392 1
69 18 392 1
43 50 494 1
50 43 494 1
65 87 1028 1
87 65 1028 1
102 106 217 1
106 102 217 1
13 33 629 1
33 13 629 1
20 88 611 1
88 20 611 1
55 98 606 1
98 55 606 1
29 40 655 1
40 29 655 1
35 85 553 1
85 35 553 1
56 79 965 1
79 56 965 1
68 89 1110 1
89 68 1110 1
97 102 534 1
102 97 534 1
7 53 1223 1
53 7 1223 1
37 72 595 1
72 37 595 1
40 62 664 1
62 40 664 1
45 47 345 1
47 45 345 1
93 100 653 1
100 93 653 1
72 83 754 1
83 72 754 1
7 60 1133 1
60 7 1133 1
48 110 500 1
110 48 500 1
50 115 676 1
115 50 676 1
66 114 833 1
114 66 833 1
46 76 517 1
76 46 517 1
53 88 1043 1
88 53 1043 1
59 89 931 1
89 59 931 1
16 76 379 1
76 16 379 1
19 62 792 1
62 19 792 1
20 68 909 1
68 20 909 1
31 82 641 1
82 31 641 1
104 114 171 1
114 104 171 1
13 62 1248 1
62 13 1248 1
21 80 756 1
80 21 756 1
29 100 1082 1
100 29 1082 1
42 54 525 1
54 42 525 1
66 105 960 1
105 66 960 1
17 31 618 1
31 17 618 1
40 46 685 1
46 40 685 1
9 24 385 1
24 9 385 1
57 81 488 1
81 57 488 1
100 107 640 1
107 100 640 1
11 70 629 1
70 11 629 1
20 71 311 1
71 20 311 1
65 89 679 1
89 65 679 1
2 106 1085 1
106 2 1085 1
19 56 574 1
56 19 574 1
39 95 233 1
95 39 233 1
91 110 456 1
110 91 456 1
30 83 641 1
83 30 641 1
38 96 284 1
96 38 284 1
48 96 608 1
96 48 608 1
97 110 221 1
110 97 221 1
35 42 425 1
42 35 425 1
41 85 509 1
85 41 509 1
45 55 662 1
55 45 662 1
51 55 568 1
55 51 568 1
25 38 749 1
38 25 749 1
75 81 434 1
81 75 434 1
94 100 422 1
100 94 422 1
105 114 152 1
114 105 152 1
21 38 458 1
38 21 458 1
42 85 771 1
85 42 771 1
10 83 1031 1
83 10 1031 1
31 33 517 1
33 31 517 1
67 114 792 1
114 67 792 1
70 86 500 1
86 70 500 1
28 109 610 1
109 28 610 1
70 78 427 1
78 70 427 1
9 25 252 1
25 9 252 1
13 16 1048 1
16 13 1048 1
17 77 417 1
77 17 417 1
35 65 453 1
65 35 453 1
71 85 660 1
85 71 660 1
15 39 506 1
39 15 506 1
23 99 1227 1
99 23 1227 1
58 89 1156 1
89 58 1156 1
78 84 235 1
84 78 235 1
31 80 848 1
80 31 848 1
71 83 425 1
83 71 425 1
3 9 596 1
9 3 596 1
29 44 1005 1
44 29 1005 1
37 50 906 1
50 37 906 1
42 48 243 1
48 42 243 1
44 97 631 1
97 44 631 1
18 52 1125 1
52 18 1125 1
35 87 863 1
87 35 863 1
64 66 392 1
66 64 392 1
64 67 549 1
67 64 549 1
71 87 510 1
87 71 510 1
78 109 527 1
109 78 527 1
11 77 511 1
77 11 511 1
74 87 714 1
87 74 714 1
106 114 322 1
114 106 322 1
8 12 346 1
12 8 346 1
21 36 510 1
36 21 510 1
33 63 547 1
63 33 547 1
48 90 628 1
90 48 628 1
66 106 937 1
106 66 937 1
68 85 974 1
85 68 974 1
8 34 1027 1
34 8 1027 1
11 82 992 1
82 11 992 1
20 82 329 1
82 20 329 1
52 91 777 1
91 52 777 1
1 80 1054 1
80 1 1054 1
74 86 416 1
86 74 416 1
20 72 238 1
72 20 238 1
26 30 321 1
30 26 321 1
47 105 464 1
105 47 464 1
48 102 819 1
102 48 819 1
20 73 397 1
73 20 397 1
76 83 717 1
83 76 717 1
12 13 959 1
13 12 959 1
31 40 592 1
40 31 592 1
32 110 609 1
110 32 609 1
56 81 1090 1
81 56 1090 1
18 56 478 1
56 18 478 1
42 52 325 1
52 42 325 1
14 20 320 1
20 14 320 1
42 84 665 1
84 42 665 1
1 10 979 1
10 1 979 1
5 88 1026 1
88 5 1026 1
21 68 929 1
68 21 929 1
20 24 393 1
24 20 393 1
37 45 726 1
45 37 726 1
43 51 245 1
51 43 245 1
64 89 1175 1
89 64 1175 1
35 51 483 1
51 35 483 1
41 83 252 1
83 41 252 1
58 107 1147 1
107 58 1147 1
74 109 457 1
109 74 457 1
75 109 462 1
109 75 462 1
14 30 414 1
30 14 414 1
24 38 730 1
38 24 730 1
28 76 345 1
76 28 345 1
29 41 234 1
41 29 234 1
58 68 392 1
68 58 392 1
90 93 690 1
93 90 690 1
97 100 590 1
100 97 590 1
88 112 672 1
112 88 672 1
21 87 397 1
87 21 397 1
27 74 478 1
74 27 478 1
29 74 571 1
74 29 571 1
56 101 1297 1
101 56 1297 1
59 106 1174 1
106 59 1174 1
59 115 981 1
115 59 981 1
60 103 1182 1
103 60 1182 1
91 103 258 1
103 91 258 1
96 113 315 1
113 96 315 1
2 34 808 1
34 2 808 1
22 91 1377 1
91 22 1377 1
59 107 1064 1
107 59 1064 1
70 84 638 1
84 70 638 1
71 84 847 1
84 71 847 1
0 100 1107 1
100 0 1107 1
1 78 939 1
78 1 939 1
9 90 1391 1
90 9 1391 1
16 75 702 1
75 16 702 1
48 100 791 1
100 48 791 1
2 89 1170 1
89 2 1170 1
44 77 681 1
77 44 681 1
0 63 1010 1
63 0 1010 1
1 28 918 1
28 1 918 1
41 62 1018 1
62 41 1018 1
4 20 334 1
20 4 334 1
7 93 1261 1
93 7 1261 1
9 30 478 1
30 9 478 1
18 62 706 1
62 18 706 1
28 70 247 1
70 28 247 1
40 84 485 1
84 40 485 1
76 78 312 1
78 76 312 1
11 17 224 1
17 11 224 1
27 40 481 1
40 27 481 1
27 70 417 1
70 27 417 1
64 105 985 1
105 64 985 1
10 56 466 1
56 10 466 1
20 25 402 1
25 20 402 1
52 106 576 1
106 52 576 1
59 69 338 1
69 59 338 1
47 115 383 1
115 47 383 1
49 107 859 1
107 49 859 1
106 115 278 1
115 106 278 1
14 21 487 1
21 14 487 1
14 24 389 1
24 14 389 1
22 90 1341 1
90 22 1341 1
29 82 824 1
82 29 824 1
34 52 574 1
52 34 574 1
35 49 434 1
49 35 434 1
72 109 524 1
109 72 524 1
8 58 1298 1
58 8 1298 1
76 79 567 1
79 76 567 1
77 80 662 1
80 77 662 1
6 105 1236 1
105 6 1236 1
20 39 459 1
39 20 459 1
32 103 1045 1
103 32 1045 1
66 69 349 1
69 66 349 1
73 109 538 1
109 73 538 1
3 115 1099 1
115 3 1099 1
10 31 619 1
31 10 619 1
27 84 956 1
84 27 956 1
73 85 516 1
85 73 516 1
14 27 449 1
27 14 449 1
22 99 1240 1
99 22 1240 1
24 36 774 1
36 24 774 1
91 98 616 1
98 91 616 1
3 6 559 1
6 3 559 1
27 72 496 1
72 27 496 1
45 81 759 1
81 45 759 1
17 102 1111 1
102 17 1111 1
31 39 657 1
39 31 657 1
32 106 871 1
106 32 871 1
34 106 693 1
106 34 693 1
36 47 622 1
47 36 622 1
40 86 262 1
86 40 262 1
46 97 424 1
97 46 424 1
63 81 293 1
81 63 293 1
28 44 945 1
44 28 945 1
90 114 392 1
114 90 392 1
93 104 478 1
104 93 478 1
13 78 1046 1
78 13 1046 1
92 99 572 1
99 92 572 1
3 65 942 1
65 3 942 1
4 38 638 1
38 4 638 1
49 91 630 1
91 49 630 1
76 87 753 1
87 76 753 1
80 87 1107 1
87 80 1107 1
102 108 413 1
108 102 413 1
47 91 332 1
91 47 332 1
60 93 1168 1
93 60 1168 1
68 84 871 1
84 68 871 1
30 71 303 1
71 30 303 1
34 50 475 1
50 34 475 1
41 84 910 1
84 41 910 1
44 47 404 1
47 44 404 1
53 55 448 1
55 53 448 1
80 109 607 1
109 80 607 1
83 87 158 1
87 83 158 1
111 113 191 1
113 111 191 1
31 74 479 1
74 31 479 1
45 54 766 1
54 45 766 1
63 100 1236 1
100 63 1236 1
64 104 887 1
104 64 887 1
67 104 923 1
104 67 923 1
81 84 1146 1
84 81 1146 1
4 30 322 1
30 4 322 1
9 14 725 1
14 9 725 1
12 113 1157 1
113 12 1157 1
35 48 491 1
48 35 491 1
83 86 863 1
86 83 863 1
92 101 634 1
101 92 634 1
97 98 437 1
98 97 437 1
0 102 1108 1
102 0 1108 1
15 25 386 1
25 15 386 1
49 89 783 1
89 49 783 1
66 89 963 1
89 66 963 1
91 102 669 1
102 91 669 1
0 5 1018 1
5 0 1018 1
3 23 271 1
23 3 271 1
30 39 678 1
39 30 678 1
51 65 287 1
65 51 287 1
69 107 1110 1
107 69 1110 1
8 61 1371 1
61 8 1371 1
49 58 594 1
58 49 594 1
61 92 1185 1
92 61 1185 1
70 85 848 1
85 70 848 1
1 29 521 1
29 1 521 1
6 22 333 1
22 6 333 1
6 115 1087 1
115 6 1087 1
8 59 1427 1
59 8 1427 1
11 76 704 1
76 11 704 1
2 107 1169 1
107 2 1169 1
13 80 1155 1
80 13 1155 1
33 60 632 1
60 33 632 1
59 61 271 1
61 59 271 1
65 90 1061 1
90 65 1061 1
72 86 399 1
86 72 399 1
24 70 465 1
70 24 465 1
25 70 480 1
70 25 480 1
37 42 712 1
42 37 712 1
50 91 845 1
91 50 845 1
77 78 550 1
78 77 550 1
89 106 787 1
106 89 787 1
1 15 757 1
15 1 757 1
3 51 1145 1
51 3 1145 1
32 104 940 1
104 32 940 1
62 74 590 1
74 62 590 1
29 76 555 1
76 29 555 1
58 90 890 1
90 58 890 1
88 90 414 1
90 88 414 1
4 21 414 1
21 4 414 1
13 81 530 1
81 13 530 1
30 38 642 1
38 30 642 1
53 68 1064 1
68 53 1064 1
57 82 1164 1
82 57 1164 1
90 115 420 1
115 90 420 1
76 81 691 1
81 76 691 1
10 14 380 1
14 10 380 1
50 52 243 1
52 50 243 1
58 115 947 1
115 58 947 1
108 113 292 1
113 108 292 1
42 67 468 1
67 42 468 1
47 52 540 1
52 47 540 1
47 107 509 1
107 47 509 1
73 84 919 1
84 73 919 1
2 50 1192 1
50 2 1192 1
3 4 707 1
4 3 707 1
4 88 829 1
88 4 829 1
7 107 1014 1
107 7 1014 1
27 73 417 1
73 27 417 1
49 90 859 1
90 49 859 1
73 87 395 1
87 73 395 1
11 71 374 1
71 11 374 1
13 92 1402 1
92 13 1402 1
20 40 225 1
40 20 225 1
43 76 617 1
76 43 617 1
11 33 518 1
33 11 518 1
31 41 528 1
41 31 528 1
37 74 520 1
74 37 520 1
59 88 1182 1
88 59 1182 1
2 113 1266 1
113 2 1266 1
19 59 618 1
59 19 618 1
70 109 564 1
109 70 564 1
97 111 292 1
111 97 292 1
2 51 1294 1
51 2 1294 1
30 73 455 1
73 30 455 1
36 75 517 1
75 36 517 1
72 85 912 1
85 72 912 1
16 31 718 1
31 16 718 1
24 83 669 1
83 24 669 1
28 75 567 1
75 28 567 1
30 63 932 1
63 30 932 1
72 87 771 1
87 72 771 1
95 97 97 1
97 95 97 1
4 7 733 1
7 4 733 1
7 106 1176 1
106 7 1176 1
14 18 837 1
18 14 837 1
17 32 646 1
32 17 646 1
19 52 1141 1
52 19 1141 1
42 112 333 1
112 42 333 1
47 51 339 1
51 47 339 1
58 88 918 1
88 58 918 1
69 93 1169 1
93 69 1169 1
105 110 411 1
110 105 411 1
23 30 259 1
30 23 259 1
49 52 718 1
52 49 718 1
59 68 484 1
68 59 484 1
60 102 963 1
102 60 963 1
2 114 1198 1
114 2 1198 1
6 61 1132 1
61 6 1132 1
9 108 974 1
108 9 974 1
16 33 609 1
33 16 609 1
22 113 1310 1
113 22 1310 1
85 88 1097 1
88 85 1097 1
7 108 971 1
108 7 971 1
22 110 1082 1
110 22 1082 1
41 86 672 1
86 41 672 1
44 55 743 1
55 44 743 1
6 99 1231 1
99 6 1231 1
10 57 1032 1
57 10 1032 1
57 80 1050 1
80 57 1050 1
89 107 337 1
107 89 337 1
93 101 103 1
101 93 103 1
97 108 170 1
108 97 170 1
45 97 591 1
97 45 591 1
47 66 579 1
66 47 579 1
25 41 554 1
41 25 554 1
35 86 906 1
86 35 906 1
44 111 448 1
111 44 448 1
75 79 318 1
79 75 318 1
101 115 407 1
115 101 407 1
13 79 476 1
79 13 476 1
24 29 657 1
29 24 657 1
29 57 596 1
57 29 596 1
48 115 731 1
115 48 731 1
73 86 744 1
86 73 744 1
92 104 310 1
104 92 310 1
13 17 364 1
17 13 364 1
14 88 613 1
88 14 613 1
42 75 840 1
75 42 840 1
42 115 508 1
115 42 508 1
52 90 240 1
90 52 240 1
104 115 184 1
115 104 184 1
10 80 357 1
80 10 357 1
13 82 976 1
82 13 976 1
16 94 579 1
94 16 579 1
35 36 502 1
36 35 502 1
42 88 725 1
88 42 725 1
51 53 271 1
53 51 271 1
98 110 300 1
110 98 300 1
8 22 480 1
22 8 480 1
22 106 1117 1
106 22 1117 1
31 36 716 1
36 31 716 1
31 76 584 1
76 31 584 1
33 77 332 1
77 33 332 1
53 93 353 1
93 53 353 1
55 111 434 1
111 55 434 1
63 102 1192 1
102 63 1192 1
11 30 584 1
30 11 584 1
94 108 97 1
108 94 97 1
8 113 1216 1
113 8 1216 1
17 40 824 1
40 17 824 1
18 98 1066 1
98 18 1066 1
52 99 661 1
99 52 661 1
58 93 1138 1
93 58 1138 1
90 106 378 1
106 90 378 1
99 107 302 1
107 99 302 1
3 98 1205 1
98 3 1205 1
10 33 638 1
33 10 638 1
47 114 366 1
114 47 366 1
2 4 569 1
4 2 569 1
18 26 857 1
26 18 857 1
37 71 401 1
71 37 401 1
65 86 1324 1
86 65 1324 1
67 105 903 1
105 67 903 1
2 42 1195 1
42 2 1195 1
2 69 758 1
69 2 758 1
37 39 117 1
39 37 117 1
80 86 567 1
86 80 567 1
90 102 246 1
102 90 246 1
32 36 555 1
36 32 555 1
34 91 729 1
91 34 729 1
52 84 487 1
84 52 487 1
52 115 545 1
115 52 545 1
53 85 491 1
85 53 491 1
62 100 836 1
100 62 836 1
4 12 434 1
12 4 434 1
14 57 1154 1
57 14 1154 1
44 51 440 1
51 44 440 1
53 67 640 1
67 53 640 1
54 112 454 1
112 54 454 1
58 103 1188 1
103 58 1188 1
68 88 1023 1
88 68 1023 1
27 30 343 1
30 27 343 1
34 53 664 1
53 34 664 1
18 58 669 1
58 18 669 1
30 79 725 1
79 30 725 1
35 43 347 1
43 35 347 1
42 51 463 1
51 42 463 1
55 96 492 1
96 55 492 1
1 14 1077 1
14 1 1077 1
42 66 473 1
66 42 473 1
45 111 467 1
111 45 467 1
2 49 1238 1
49 2 1238 1
3 22 347 1
22 3 347 1
6 100 1229 1
100 6 1229 1
9 65 1235 1
65 9 1235 1
20 42 954 1
42 20 954 1
20 80 604 1
80 20 604 1
46 96 270 1
96 46 270 1
48 66 357 1
66 48 357 1
27 71 367 1
71 27 367 1
53 114 535 1
114 53 535 1
33 81 613 1
81 33 613 1
0 26 879 1
26 0 879 1
2 92 1350 1
92 2 1350 1
7 58 1136 1
58 7 1136 1
64 114 838 1
114 64 838 1
67 113 787 1
113 67 787 1
72 84 493 1
84 72 493 1
96 108 167 1
108 96 167 1
30 75 454 1
75 30 454 1
43 77 556 1
77 43 556 1
100 111 457 1
111 100 457 1
44 54 668 1
54 44 668 1
3 18 417 1
18 3 417 1
61 90 1156 1
90 61 1156 1
0 58 565 1
58 0 565 1
8 114 1127 1
114 8 1127 1
11 40 844 1
40 11 844 1
20 36 396 1
36 20 396 1
24 35 1010 1
35 24 1010 1
38 55 598 1
55 38 598 1
41 45 931 1
45 41 931 1
56 78 391 1
78 56 391 1
95 96 288 1
96 95 288 1
105 115 176 1
115 105 176 1
2 110 1015 1
110 2 1015 1
45 112 552 1
112 45 552 1
48 91 808 1
91 48 808 1
0 16 380 1
16 0 380 1
10 72 309 1
72 10 309 1
14 84 681 1
84 14 681 1
36 80 330 1
80 36 330 1
43 54 646 1
54 43 646 1
47 103 476 1
103 47 476 1
48 53 654 1
53 48 654 1
59 98 975 1
98 59 975 1
93 105 305 1
105 93 305 1
42 50 271 1
50 42 271 1
48 107 958 1
107 48 958 1
98 113 276 1
113 98 276 1
0 10 381 1
10 0 381 1
13 29 290 1
29 13 290 1
25 73 516 1
73 25 516 1
45 109 572 1
109 45 572 1
90 113 376 1
113 90 376 1
23 25 373 1
25 23 373 1
41 43 793 1
43 41 793 1
41 44 981 1
44 41 981 1
89 114 592 1
114 89 592 1
21 89 648 1
89 21 648 1
57 78 938 1
78 57 938 1
94 101 576 1
101 94 576 1
3 5 603 1
5 3 603 1
3 50 1273 1
50 3 1273 1
17 44 951 1
44 17 951 1
22 86 800 1
86 22 800 1
46 75 767 1
75 46 767 1
100 108 467 1
108 100 467 1
3 35 775 1
35 3 775 1
3 84 1110 1
84 3 1110 1
36 82 401 1
82 36 401 1
42 98 381 1
98 42 381 1
43 85 559 1
85 43 559 1
48 52 415 1
52 48 415 1
70 87 695 1
87 70 695 1
92 105 456 1
105 92 456 1
1 11 394 1
11 1 394 1
13 31 424 1
31 13 424 1
15 57 865 1
57 15 865 1
16 83 1029 1
83 16 1029 1
23 95 987 1
95 23 987 1
46 81 867 1
81 46 867 1
50 107 943 1
107 50 943 1
13 15 277 1
15 13 277 1
34 48 431 1
48 34 431 1
34 58 424 1
58 34 424 1
56 102 1030 1
102 56 1030 1
63 83 697 1
83 63 697 1
101 108 495 1
108 101 495 1
11 60 1139 1
60 11 1139 1
21 42 978 1
42 21 978 1
28 57 964 1
57 28 964 1
42 114 483 1
114 42 483 1
47 49 380 1
49 47 380 1
49 67 315 1
67 49 315 1
8 35 1046 1
35 8 1046 1
14 25 491 1
25 14 491 1
24 71 494 1
71 24 494 1
27 82 524 1
82 27 524 1
29 56 983 1
56 29 983 1
38 113 550 1
113 38 550 1
54 111 422 1
111 54 422 1
4 6 536 1
6 4 536 1
20 87 562 1
87 20 562 1
34 49 481 1
49 34 481 1
43 87 1011 1
87 43 1011 1
58 114 970 1
114 58 970 1
6 12 248 1
12 6 248 1
45 80 912 1
80 45 912 1
69 106 1139 1
106 69 1139 1
99 108 310 1
108 99 310 1
108 115 135 1
115 108 135 1
15 30 522 1
30 15 522 1
23 98 1259 1
98 23 1259 1
46 98 212 1
98 46 212 1
92 94 455 1
94 92 455 1
10 40 460 1
40 10 460 1
89 90 968 1
90 89 968 1
6 108 967 1
108 6 967 1
6 113 1243 1
113 6 1243 1
27 85 894 1
85 27 894 1
31 81 775 1
81 31 775 1
50 58 486 1
58 50 486 1
58 108 852 1
108 58 852 1
59 93 1026 1
93 59 1026 1
90 107 713 1
107 90 713 1
1 82 1112 1
82 1 1112 1
10 73 783 1
73 10 783 1
11 56 1037 1
56 11 1037 1
23 31 199 1
31 23 199 1
34 104 710 1
104 34 710 1
38 46 544 1
46 38 544 1
53 101 452 1
101 53 452 1
62 77 741 1
77 62 741 1
79 95 480 1
95 79 480 1
90 110 460 1
110 90 460 1
27 88 863 1
88 27 863 1
46 72 723 1
72 46 723 1
55 101 371 1
101 55 371 1
58 67 368 1
67 58 368 1
113 114 95 1
114 113 95 1
24 41 633 1
41 24 633 1
27 68 1083 1
68 27 1083 1
59 101 1108 1
101 59 1108 1
92 106 400 1
106 92 400 1
23 65 1169 1
65 23 1169 1
26 54 816 1
54 26 816 1
36 39 517 1
39 36 517 1
45 98 655 1
98 45 655 1
50 89 1065 1
89 50 1065 1
52 101 819 1
101 52 819 1
93 98 589 1
98 93 589 1
3 68 689 1
68 3 689 1
6 114 1174 1
114 6 1174 1
15 19 867 1
19 15 867 1
18 88 1010 1
88 18 1010 1
28 100 825 1
100 28 825 1
45 114 688 1
114 45 688 1
62 82 720 1
82 62 720 1
76 86 587 1
86 76 587 1
97 103 349 1
103 97 349 1
11 41 473 1
41 11 473 1
22 38 846 1
38 22 846 1
44 72 894 1
72 44 894 1
50 59 774 1
59 50 774 1
66 107 978 1
107 66 978 1
5 23 453 1
23 5 453 1
8 26 300 1
26 8 300 1
25 40 618 1
40 25 618 1
7 115 1091 1
115 7 1091 1
58 101 1214 1
101 58 1214 1
65 84 1120 1
84 65 1120 1
78 95 636 1
95 78 636 1
4 23 506 1
23 4 506 1
13 28 892 1
28 13 892 1
20 76 380 1
76 20 380 1
25 71 434 1
71 25 434 1
35 55 497 1
55 35 497 1
52 98 272 1
98 52 272 1
101 104 464 1
104 101 464 1
4 39 755 1
39 4 755 1
13 57 681 1
57 13 681 1
14 82 179 1
82 14 179 1
29 70 512 1
70 29 512 1
36 44 727 1
44 36 727 1
38 112 604 1
112 38 604 1
76 84 486 1
84 76 486 1
22 93 1426 1
93 22 1426 1
2 47 1169 1
47 2 1169 1
2 101 1431 1
101 2 1431 1
12 56 631 1
56 12 631 1
28 32 528 1
32 28 528 1
31 62 966 1
62 31 966 1
3 99 1120 1
99 3 1120 1
15 61 998 1
61 15 998 1
21 76 440 1
76 21 440 1
31 75 419 1
75 31 419 1
90 96 335 1
96 90 335 1
22 89 1126 1
89 22 1126 1
42 53 475 1
53 42 475 1
45 76 694 1
76 45 694 1
1 75 562 1
75 1 562 1
19 26 891 1
26 19 891 1
21 83 382 1
83 21 382 1
24 73 599 1
73 24 599 1
36 64 637 1
64 36 637 1
38 99 625 1
99 38 625 1
43 114 502 1
114 43 502 1
4 19 922 1
19 4 922 1
15 18 910 1
18 15 910 1
23 61 1058 1
61 23 1058 1
32 93 1047 1
93 32 1047 1
34 55 594 1
55 34 594 1
62 111 802 1
111 62 802 1
63 80 1146 1
80 63 1146 1
