116 2668
4 8 148 1
8 4 148 1
4 15 597 1
15 4 597 1
28 72 116 1
72 28 116 1
4 14 255 1
14 4 255 1
79 81 136 1
81 79 136 1
8 15 741 1
15 8 741 1
8 14 205 1
14 8 205 1
22 23 140 1
23 22 140 1
72 74 76 1
74 72 76 1
0 56 174 1
56 0 174 1
38 54 263 1
54 38 263 1
73 77 274 1
77 73 274 1
102 104 159 1
104 102 159 1
54 88 224 1
88 54 224 1
54 96 167 1
96 54 167 1
95 97 97 1
97 95 97 1
1 57 172 1
57 1 172 1
16 78 122 1
78 16 122 1
45 49 111 1
49 45 111 1
29 73 113 1
73 29 113 1
11 13 168 1
13 11 168 1
44 45 194 1
45 44 194 1
20 21 185 1
21 20 185 1
14 15 772 1
15 14 772 1
97 99 180 1
99 97 180 1
94 96 89 1
96 94 89 1
2 6 165 1
6 2 165 1
10 16 218 1
16 10 218 1
95 108 123 1
108 95 123 1
32 33 149 1
33 32 149 1
55 89 213 1
89 55 213 1
78 80 116 1
80 78 116 1
4 26 161 1
26 4 161 1
28 74 188 1
74 28 188 1
73 75 84 1
75 73 84 1
101 103 106 1
103 101 106 1
90 98 163 1
98 90 163 1
93 101 103 1
101 93 103 1
46 54 354 1
54 46 354 1
31 71 265 1
71 31 265 1
73 79 296 1
79 73 296 1
16 80 152 1
80 16 152 1
38 96 284 1
96 38 284 1
88 96 385 1
96 88 385 1
98 113 276 1
113 98 276 1
46 98 212 1
98 46 212 1
2 3 405 1
3 2 405 1
68 69 164 1
69 68 164 1
70 74 155 1
74 70 155 1
3 7 185 1
7 3 185 1
82 86 143 1
86 82 143 1
18 19 147 1
19 18 147 1
38 88 311 1
88 38 311 1
91 93 118 1
93 91 118 1
86 87 805 1
87 86 805 1
42 46 173 1
46 42 173 1
90 113 376 1
113 90 376 1
77 79 329 1
79 77 329 1
111 112 111 1
112 111 111 1
75 77 210 1
77 75 210 1
2 7 566 1
7 2 566 1
5 27 165 1
27 5 165 1
44 49 304 1
49 44 304 1
89 95 416 1
95 89 416 1
10 62 483 1
62 10 483 1
19 69 323 1
69 19 323 1
89 97 385 1
97 89 385 1
73 81 406 1
81 73 406 1
44 48 114 1
48 44 114 1
39 95 233 1
95 39 233 1
58 59 496 1
59 58 496 1
74 76 203 1
76 74 203 1
31 33 517 1
33 31 517 1
54 98 204 1
98 54 204 1
10 12 181 1
12 10 181 1
60 64 187 1
64 60 187 1
46 96 270 1
96 46 270 1
13 15 277 1
15 13 277 1
26 27 135 1
27 26 135 1
100 103 576 1
103 100 576 1
14 26 321 1
26 14 321 1
8 9 638 1
9 8 638 1
39 89 325 1
89 39 325 1
54 90 282 1
90 54 282 1
54 94 226 1
94 54 226 1
6 22 333 1
22 6 333 1
70 76 285 1
76 70 285 1
42 53 475 1
53 42 475 1
2 22 228 1
22 2 228 1
28 78 272 1
78 28 272 1
20 80 604 1
80 20 604 1
29 77 357 1
77 29 357 1
29 79 257 1
79 29 257 1
70 72 158 1
72 70 158 1
42 50 271 1
50 42 271 1
52 53 746 1
53 52 746 1
7 22 454 1
22 7 454 1
46 53 547 1
53 46 547 1
20 40 225 1
40 20 225 1
38 94 246 1
94 38 246 1
9 15 219 1
15 9 219 1
102 103 508 1
103 102 508 1
53 55 448 1
55 53 448 1
88 90 414 1
90 88 414 1
30 31 127 1
31 30 127 1
4 9 500 1
9 4 500 1
90 92 135 1
92 90 135 1
92 102 211 1
102 92 211 1
57 68 520 1
68 57 520 1
37 41 217 1
41 37 217 1
15 26 469 1
26 15 469 1
81 85 175 1
85 81 175 1
91 99 166 1
99 91 166 1
55 97 173 1
97 55 173 1
29 81 342 1
81 29 342 1
40 41 506 1
41 40 506 1
100 102 87 1
102 100 87 1
87 110 837 1
110 87 837 1
8 13 868 1
13 8 868 1
3 23 271 1
23 3 271 1
46 113 335 1
113 46 335 1
72 76 257 1
76 72 257 1
92 104 310 1
104 92 310 1
16 62 313 1
62 16 313 1
97 108 170 1
108 97 170 1
46 52 244 1
52 46 244 1
25 31 272 1
31 25 272 1
89 99 398 1
99 89 398 1
24 25 135 1
25 24 135 1
28 70 247 1
70 28 247 1
91 111 390 1
111 91 390 1
96 98 184 1
98 96 184 1
103 104 369 1
104 103 369 1
32 63 656 1
63 32 656 1
29 72 629 1
72 29 629 1
105 115 176 1
115 105 176 1
46 55 584 1
55 46 584 1
34 35 126 1
35 34 126 1
42 80 740 1
80 42 740 1
48 50 202 1
50 48 202 1
3 22 347 1
22 3 347 1
54 115 339 1
115 54 339 1
82 84 544 1
84 82 544 1
7 13 237 1
13 7 237 1
38 46 544 1
46 38 544 1
10 60 650 1
60 10 650 1
40 82 231 1
82 40 231 1
14 27 449 1
27 14 449 1
35 67 262 1
67 35 262 1
55 96 492 1
96 55 492 1
39 40 508 1
40 39 508 1
28 76 345 1
76 28 345 1
52 54 402 1
54 52 402 1
97 109 174 1
109 97 174 1
49 51 172 1
51 49 172 1
94 99 399 1
99 94 399 1
46 90 324 1
90 46 324 1
98 111 265 1
111 98 265 1
63 81 293 1
81 63 293 1
11 29 239 1
29 11 239 1
36 46 482 1
46 36 482 1
4 27 279 1
27 4 279 1
6 23 465 1
23 6 465 1
60 65 898 1
65 60 898 1
16 56 380 1
56 16 380 1
36 53 880 1
53 36 880 1
10 78 335 1
78 10 335 1
40 105 656 1
105 40 656 1
71 77 297 1
77 71 297 1
17 79 135 1
79 17 135 1
33 63 547 1
63 33 547 1
33 77 332 1
77 33 332 1
104 115 184 1
115 104 184 1
2 23 340 1
23 2 340 1
18 56 478 1
56 18 478 1
42 43 239 1
43 42 239 1
79 85 260 1
85 79 260 1
47 110 210 1
110 47 210 1
30 70 259 1
70 30 259 1
52 96 418 1
96 52 418 1
8 26 300 1
26 8 300 1
42 55 629 1
55 42 629 1
7 23 337 1
23 7 337 1
35 45 385 1
45 35 385 1
71 73 163 1
73 71 163 1
73 76 450 1
76 73 450 1
40 80 433 1
80 40 433 1
21 40 380 1
40 21 380 1
21 86 520 1
86 21 520 1
9 24 385 1
24 9 385 1
41 83 252 1
83 41 252 1
76 77 238 1
77 76 238 1
41 106 653 1
106 41 653 1
89 108 535 1
108 89 535 1
91 112 368 1
112 91 368 1
36 84 341 1
84 36 341 1
50 51 698 1
51 50 698 1
95 109 146 1
109 95 146 1
88 94 422 1
94 88 422 1
17 29 223 1
29 17 223 1
55 95 221 1
95 55 221 1
84 85 1130 1
85 84 1130 1
90 115 420 1
115 90 420 1
99 112 272 1
112 99 272 1
15 22 650 1
22 15 650 1
77 81 453 1
81 77 453 1
3 4 707 1
4 3 707 1
34 45 409 1
45 34 409 1
36 52 586 1
52 36 586 1
100 101 656 1
101 100 656 1
18 58 669 1
58 18 669 1
52 88 542 1
88 52 542 1
99 108 310 1
108 99 310 1
99 111 265 1
111 99 265 1
3 26 678 1
26 3 678 1
40 108 451 1
108 40 451 1
60 62 241 1
62 60 241 1
9 14 725 1
14 9 725 1
54 113 426 1
113 54 426 1
96 115 214 1
115 96 214 1
100 104 240 1
104 100 240 1
70 71 263 1
71 70 263 1
32 72 471 1
72 32 471 1
93 103 173 1
103 93 173 1
18 69 392 1
69 18 392 1
88 98 408 1
98 88 408 1
8 11 935 1
11 8 935 1
64 65 897 1
65 64 897 1
20 86 362 1
86 20 362 1
42 52 325 1
52 42 325 1
94 98 264 1
98 94 264 1
5 82 673 1
82 5 673 1
20 70 213 1
70 20 213 1
13 29 290 1
29 13 290 1
44 50 287 1
50 44 287 1
17 81 182 1
81 17 182 1
56 58 427 1
58 56 427 1
82 87 849 1
87 82 849 1
86 89 1016 1
89 86 1016 1
53 112 421 1
112 53 421 1
30 71 303 1
71 30 303 1
98 104 286 1
104 98 286 1
86 110 816 1
110 86 816 1
46 88 560 1
88 46 560 1
75 81 434 1
81 75 434 1
83 95 609 1
95 83 609 1
7 92 1445 1
92 7 1445 1
11 15 385 1
15 11 385 1
39 82 719 1
82 39 719 1
0 58 565 1
58 0 565 1
39 108 341 1
108 39 341 1
48 59 599 1
59 48 599 1
88 115 538 1
115 88 538 1
55 99 216 1
99 55 216 1
95 99 272 1
99 95 272 1
72 73 517 1
73 72 517 1
21 25 360 1
25 21 360 1
63 79 303 1
79 63 303 1
54 55 651 1
55 54 651 1
92 100 157 1
100 92 157 1
6 7 710 1
7 6 710 1
43 47 146 1
47 43 146 1
58 66 198 1
66 58 198 1
34 44 373 1
44 34 373 1
40 95 491 1
95 40 491 1
70 73 402 1
73 70 402 1
0 18 364 1
18 0 364 1
11 31 475 1
31 11 475 1
73 74 458 1
74 73 458 1
90 104 351 1
104 90 351 1
39 55 254 1
55 39 254 1
72 78 300 1
78 72 300 1
7 90 1390 1
90 7 1390 1
36 38 122 1
38 36 122 1
33 73 444 1
73 33 444 1
56 97 920 1
97 56 920 1
21 87 397 1
87 21 397 1
35 47 370 1
47 35 370 1
43 85 559 1
85 43 559 1
105 108 296 1
108 105 296 1
71 75 163 1
75 71 163 1
86 105 797 1
105 86 797 1
53 96 662 1
96 53 662 1
76 81 691 1
81 76 691 1
85 87 616 1
87 85 616 1
26 52 1199 1
52 26 1199 1
46 94 338 1
94 46 338 1
68 75 797 1
75 68 797 1
92 103 574 1
103 92 574 1
29 76 555 1
76 29 555 1
56 78 391 1
78 56 391 1
64 85 1107 1
85 64 1107 1
10 80 357 1
80 10 357 1
40 86 262 1
86 40 262 1
47 111 188 1
111 47 188 1
98 115 287 1
115 98 287 1
3 88 1145 1
88 3 1145 1
19 68 313 1
68 19 313 1
83 107 587 1
107 83 587 1
4 13 743 1
13 4 743 1
16 28 220 1
28 16 220 1
17 63 324 1
63 17 324 1
95 105 309 1
105 95 309 1
108 109 87 1
109 108 87 1
2 18 379 1
18 2 379 1
20 74 213 1
74 20 213 1
38 52 654 1
52 38 654 1
21 70 303 1
70 21 303 1
57 63 249 1
63 57 249 1
44 46 353 1
46 44 353 1
101 102 595 1
102 101 595 1
110 111 172 1
111 110 172 1
70 80 524 1
80 70 524 1
48 51 548 1
51 48 548 1
75 79 318 1
79 75 318 1
76 79 567 1
79 76 567 1
21 80 756 1
80 21 756 1
38 55 598 1
55 38 598 1
44 113 636 1
113 44 636 1
10 56 466 1
56 10 466 1
28 32 528 1
32 28 528 1
36 41 570 1
41 36 570 1
98 112 277 1
112 98 277 1
7 15 461 1
15 7 461 1
63 75 591 1
75 63 591 1
96 97 322 1
97 96 322 1
4 22 457 1
22 4 457 1
96 99 428 1
99 96 428 1
39 105 458 1
105 39 458 1
75 76 374 1
76 75 374 1
31 72 482 1
72 31 482 1
37 77 246 1
77 37 246 1
69 103 1214 1
103 69 1214 1
87 89 476 1
89 87 476 1
52 94 506 1
94 52 506 1
62 64 300 1
64 62 300 1
29 33 510 1
33 29 510 1
46 50 303 1
50 46 303 1
87 105 742 1
105 87 742 1
55 109 337 1
109 55 337 1
113 114 95 1
114 113 95 1
7 54 1142 1
54 7 1142 1
7 88 1209 1
88 7 1209 1
89 105 535 1
105 89 535 1
96 109 176 1
109 96 176 1
12 65 1303 1
65 12 1303 1
31 32 596 1
32 31 596 1
105 110 411 1
110 105 411 1
20 82 329 1
82 20 329 1
61 65 175 1
65 61 175 1
50 80 641 1
80 50 641 1
70 81 769 1
81 70 769 1
12 76 591 1
76 12 591 1
33 72 507 1
72 33 507 1
44 98 563 1
98 44 563 1
101 104 464 1
104 101 464 1
3 15 589 1
15 3 589 1
33 71 374 1
71 33 374 1
57 75 616 1
75 57 616 1
3 18 417 1
18 3 417 1
16 40 399 1
40 16 399 1
55 86 895 1
86 55 895 1
21 84 830 1
84 21 830 1
21 82 511 1
82 21 511 1
29 31 454 1
31 29 454 1
65 67 361 1
67 65 361 1
39 97 289 1
97 39 289 1
12 62 664 1
62 12 664 1
38 39 465 1
39 38 465 1
48 49 410 1
49 48 410 1
74 78 322 1
78 74 322 1
5 26 263 1
26 5 263 1
19 56 574 1
56 19 574 1
41 110 601 1
110 41 601 1
76 78 312 1
78 76 312 1
11 73 310 1
73 11 310 1
104 113 229 1
113 104 229 1
28 62 527 1
62 28 527 1
37 106 622 1
106 37 622 1
2 59 1058 1
59 2 1058 1
20 105 754 1
105 20 754 1
40 74 182 1
74 40 182 1
70 75 355 1
75 70 355 1
94 97 266 1
97 94 266 1
17 73 298 1
73 17 298 1
20 84 687 1
84 20 687 1
59 69 338 1
69 59 338 1
70 78 427 1
78 70 427 1
20 78 525 1
78 20 525 1
27 83 450 1
83 27 450 1
31 73 397 1
73 31 397 1
32 77 383 1
77 32 383 1
47 91 332 1
91 47 332 1
57 69 378 1
69 57 378 1
74 75 389 1
75 74 389 1
62 78 287 1
78 62 287 1
29 63 531 1
63 29 531 1
32 60 487 1
60 32 487 1
52 98 272 1
98 52 272 1
53 89 552 1
89 53 552 1
82 105 854 1
105 82 854 1
102 113 317 1
113 102 317 1
17 71 423 1
71 17 423 1
29 75 189 1
75 29 189 1
113 115 188 1
115 113 188 1
18 68 315 1
68 18 315 1
20 87 562 1
87 20 562 1
8 22 480 1
22 8 480 1
11 33 518 1
33 11 518 1
31 77 552 1
77 31 552 1
63 72 944 1
72 63 944 1
39 83 378 1
83 39 378 1
71 79 426 1
79 71 426 1
11 14 937 1
14 11 937 1
25 71 434 1
71 25 434 1
43 81 665 1
81 43 665 1
13 22 606 1
22 13 606 1
3 19 382 1
19 3 382 1
36 54 228 1
54 36 228 1
37 87 433 1
87 37 433 1
63 76 747 1
76 63 747 1
84 86 610 1
86 84 610 1
2 4 569 1
4 2 569 1
45 51 254 1
51 45 254 1
2 58 959 1
58 2 959 1
5 83 447 1
83 5 447 1
21 30 349 1
30 21 349 1
35 37 446 1
37 35 446 1
40 83 731 1
83 40 731 1
56 60 232 1
60 56 232 1
4 23 506 1
23 4 506 1
36 42 628 1
42 36 628 1
61 63 238 1
63 61 238 1
12 49 1320 1
49 12 1320 1
29 71 259 1
71 29 259 1
46 115 378 1
115 46 378 1
58 83 1281 1
83 58 1281 1
96 112 337 1
112 96 337 1
98 102 260 1
102 98 260 1
21 74 343 1
74 21 343 1
52 58 705 1
58 52 705 1
53 94 658 1
94 53 658 1
9 26 419 1
26 9 419 1
27 58 1265 1
58 27 1265 1
4 7 733 1
7 4 733 1
82 85 1121 1
85 82 1121 1
92 101 634 1
101 92 634 1
11 65 770 1
65 11 770 1
32 74 456 1
74 32 456 1
36 40 213 1
40 36 213 1
42 45 300 1
45 42 300 1
43 99 372 1
99 43 372 1
55 94 428 1
94 55 428 1
56 63 1014 1
63 56 1014 1
88 114 584 1
114 88 584 1
99 109 321 1
109 99 321 1
0 99 1111 1
99 0 1111 1
3 14 804 1
14 3 804 1
23 88 1119 1
88 23 1119 1
33 75 426 1
75 33 426 1
57 73 601 1
73 57 601 1
69 107 1110 1
107 69 1110 1
85 86 1120 1
86 85 1120 1
88 92 521 1
92 88 521 1
3 27 634 1
27 3 634 1
14 22 562 1
22 14 562 1
37 47 493 1
47 37 493 1
106 107 486 1
107 106 486 1
80 86 567 1
86 80 567 1
28 63 1049 1
63 28 1049 1
29 74 571 1
74 29 571 1
36 82 401 1
82 36 401 1
63 73 569 1
73 63 569 1
64 84 478 1
84 64 478 1
10 28 213 1
28 10 213 1
16 20 522 1
20 16 522 1
18 66 623 1
66 18 623 1
58 69 426 1
69 58 426 1
88 93 930 1
93 88 930 1
91 101 197 1
101 91 197 1
0 97 963 1
97 0 963 1
47 87 906 1
87 47 906 1
85 89 220 1
89 85 220 1
15 23 561 1
23 15 561 1
16 72 287 1
72 16 287 1
36 55 626 1
55 36 626 1
43 51 245 1
51 43 245 1
69 101 1234 1
101 69 1234 1
11 17 224 1
17 11 224 1
33 61 545 1
61 33 545 1
45 50 474 1
50 45 474 1
46 80 618 1
80 46 618 1
59 102 1214 1
102 59 1214 1
90 96 335 1
96 90 335 1
3 52 1342 1
52 3 1342 1
4 59 1372 1
59 4 1372 1
10 70 382 1
70 10 382 1
66 69 349 1
69 66 349 1
30 78 663 1
78 30 663 1
40 70 311 1
70 40 311 1
40 78 376 1
78 40 376 1
42 78 692 1
78 42 692 1
88 113 635 1
113 88 635 1
30 62 878 1
62 30 878 1
43 45 199 1
45 43 199 1
83 85 549 1
85 83 549 1
83 103 815 1
103 83 815 1
1 19 351 1
19 1 351 1
5 50 1417 1
50 5 1417 1
9 61 1165 1
61 9 1165 1
37 113 578 1
113 37 578 1
44 86 1168 1
86 44 1168 1
67 110 507 1
110 67 507 1
26 42 1183 1
42 26 1183 1
41 85 509 1
85 41 509 1
54 114 381 1
114 54 381 1
95 96 288 1
96 95 288 1
10 74 381 1
74 10 381 1
15 27 336 1
27 15 336 1
21 85 716 1
85 21 716 1
48 102 819 1
102 48 819 1
63 77 536 1
77 63 536 1
20 41 386 1
41 20 386 1
52 55 814 1
55 52 814 1
91 103 258 1
103 91 258 1
1 68 549 1
68 1 549 1
3 8 773 1
8 3 773 1
7 26 675 1
26 7 675 1
93 99 208 1
99 93 208 1
94 109 127 1
109 94 127 1
21 37 403 1
37 21 403 1
30 81 847 1
81 30 847 1
50 78 628 1
78 50 628 1
84 114 684 1
114 84 684 1
11 71 374 1
71 11 374 1
18 62 706 1
62 18 706 1
11 22 654 1
22 11 654 1
39 86 698 1
86 39 698 1
75 112 790 1
112 75 790 1
76 106 536 1
106 76 536 1
12 28 275 1
28 12 275 1
28 31 545 1
31 28 545 1
5 24 252 1
24 5 252 1
5 58 1366 1
58 5 1366 1
67 106 941 1
106 67 941 1
69 93 1169 1
93 69 1169 1
9 59 1335 1
59 9 1335 1
10 72 309 1
72 10 309 1
20 110 682 1
110 20 682 1
10 30 501 1
30 10 501 1
10 75 732 1
75 10 732 1
41 75 187 1
75 41 187 1
103 110 496 1
110 103 496 1
12 60 825 1
60 12 825 1
18 59 713 1
59 18 713 1
84 87 1148 1
87 84 1148 1
7 8 828 1
8 7 828 1
28 29 741 1
29 28 741 1
93 100 653 1
100 93 653 1
10 63 1159 1
63 10 1159 1
41 73 204 1
73 41 204 1
52 90 240 1
90 52 240 1
55 112 466 1
112 55 466 1
16 63 1092 1
63 16 1092 1
36 113 562 1
113 36 562 1
56 95 883 1
95 56 883 1
109 112 348 1
112 109 348 1
3 92 1420 1
92 3 1420 1
36 96 257 1
96 36 257 1
53 98 671 1
98 53 671 1
62 72 566 1
72 62 566 1
0 19 488 1
19 0 488 1
20 37 510 1
37 20 510 1
36 66 703 1
66 36 703 1
38 82 362 1
82 38 362 1
43 79 634 1
79 43 634 1
26 50 1256 1
50 26 1256 1
47 85 508 1
85 47 508 1
57 112 990 1
112 57 990 1
32 73 550 1
73 32 550 1
37 57 643 1
57 37 643 1
39 87 370 1
87 39 370 1
45 46 448 1
46 45 448 1
52 59 956 1
59 52 956 1
63 70 849 1
70 63 849 1
56 99 1051 1
99 56 1051 1
87 108 698 1
108 87 698 1
21 36 510 1
36 21 510 1
38 98 432 1
98 38 432 1
93 112 343 1
112 93 343 1
0 55 1069 1
55 0 1069 1
27 103 986 1
103 27 986 1
33 79 486 1
79 33 486 1
53 54 818 1
54 53 818 1
57 106 1143 1
106 57 1143 1
82 83 881 1
83 82 881 1
45 112 552 1
112 45 552 1
56 62 252 1
62 56 252 1
70 79 638 1
79 70 638 1
104 114 171 1
114 104 171 1
7 48 1293 1
48 7 1293 1
13 14 902 1
14 13 902 1
82 108 675 1
108 82 675 1
13 33 629 1
33 13 629 1
21 28 487 1
28 21 487 1
40 87 708 1
87 40 708 1
64 67 549 1
67 64 549 1
32 62 548 1
62 32 548 1
54 104 337 1
104 54 337 1
71 81 550 1
81 71 550 1
89 96 700 1
96 89 700 1
2 15 805 1
15 2 805 1
28 30 436 1
30 28 436 1
46 112 262 1
112 46 262 1
70 77 376 1
77 70 376 1
26 59 1291 1
59 26 1291 1
30 76 537 1
76 30 537 1
90 102 246 1
102 90 246 1
3 54 1096 1
54 3 1096 1
5 36 815 1
36 5 815 1
12 78 490 1
78 12 490 1
20 39 459 1
39 20 459 1
37 80 842 1
80 37 842 1
46 51 585 1
51 46 585 1
57 79 431 1
79 57 431 1
63 78 1033 1
78 63 1033 1
0 68 414 1
68 0 414 1
36 114 494 1
114 36 494 1
47 86 1016 1
86 47 1016 1
92 113 313 1
113 92 313 1
0 69 556 1
69 0 556 1
23 25 373 1
25 23 373 1
35 71 557 1
71 35 557 1
7 38 940 1
38 7 940 1
12 44 1177 1
44 12 1177 1
20 44 1027 1
44 20 1027 1
3 114 1184 1
114 3 1184 1
5 104 1063 1
104 5 1063 1
11 67 846 1
67 11 846 1
19 103 1259 1
103 19 1259 1
32 76 341 1
76 32 341 1
84 88 224 1
88 84 224 1
90 114 392 1
114 90 392 1
32 79 600 1
79 32 600 1
62 63 1134 1
63 62 1134 1
80 109 607 1
109 80 607 1
103 107 239 1
107 103 239 1
16 74 335 1
74 16 335 1
38 53 897 1
53 38 897 1
59 66 363 1
66 59 363 1
66 67 177 1
67 66 177 1
94 112 366 1
112 94 366 1
45 111 467 1
111 45 467 1
72 77 430 1
77 72 430 1
52 84 487 1
84 52 487 1
100 110 522 1
110 100 522 1
39 58 1032 1
58 39 1032 1
40 110 582 1
110 40 582 1
62 81 1169 1
81 62 1169 1
88 104 496 1
104 88 496 1
37 79 267 1
79 37 267 1
41 70 482 1
70 41 482 1
43 80 868 1
80 43 868 1
82 95 720 1
95 82 720 1
2 88 959 1
88 2 959 1
30 74 403 1
74 30 403 1
41 87 263 1
87 41 263 1
46 114 362 1
114 46 362 1
56 66 485 1
66 56 485 1
89 109 541 1
109 89 541 1
94 115 181 1
115 94 181 1
109 111 273 1
111 109 273 1
12 45 1250 1
45 12 1250 1
16 70 409 1
70 16 409 1
53 84 1054 1
84 53 1054 1
7 52 1400 1
52 7 1400 1
21 71 214 1
71 21 214 1
21 78 664 1
78 21 664 1
106 108 322 1
108 106 322 1
27 59 1253 1
59 27 1253 1
29 70 512 1
70 29 512 1
36 80 330 1
80 36 330 1
72 81 860 1
81 72 860 1
1 55 789 1
55 1 789 1
11 77 511 1
77 11 511 1
12 29 886 1
29 12 886 1
20 36 396 1
36 20 396 1
27 93 1095 1
93 27 1095 1
80 82 469 1
82 80 469 1
82 89 1043 1
89 82 1043 1
3 38 907 1
38 3 907 1
17 77 417 1
77 17 417 1
36 37 542 1
37 36 542 1
38 90 535 1
90 38 535 1
10 32 558 1
32 10 558 1
43 97 409 1
97 43 409 1
91 97 336 1
97 91 336 1
23 27 506 1
27 23 506 1
74 81 792 1
81 74 792 1
20 28 320 1
28 20 320 1
22 25 402 1
25 22 402 1
22 64 1169 1
64 22 1169 1
42 94 484 1
94 42 484 1
44 80 785 1
80 44 785 1
57 81 488 1
81 57 488 1
73 106 774 1
106 73 774 1
95 115 205 1
115 95 205 1
43 50 494 1
50 43 494 1
63 74 885 1
74 63 885 1
98 110 300 1
110 98 300 1
14 23 650 1
23 14 650 1
19 75 628 1
75 19 628 1
30 79 725 1
79 30 725 1
31 79 660 1
79 31 660 1
38 115 384 1
115 38 384 1
55 80 931 1
80 55 931 1
56 80 431 1
80 56 431 1
11 72 773 1
72 11 773 1
26 58 1249 1
58 26 1249 1
42 51 463 1
51 42 463 1
42 96 429 1
96 42 429 1
44 110 439 1
110 44 439 1
45 47 345 1
47 45 345 1
47 53 268 1
53 47 268 1
89 112 666 1
112 89 666 1
5 102 1167 1
102 5 1167 1
33 76 380 1
76 33 380 1
41 103 653 1
103 41 653 1
56 75 833 1
75 56 833 1
24 59 1364 1
59 24 1364 1
27 101 1063 1
101 27 1063 1
4 11 819 1
11 4 819 1
17 31 618 1
31 17 618 1
19 58 678 1
58 19 678 1
96 113 315 1
113 96 315 1
97 112 339 1
112 97 339 1
31 67 971 1
67 31 971 1
70 108 590 1
108 70 590 1
90 112 377 1
112 90 377 1
10 64 755 1
64 10 755 1
41 105 605 1
105 41 605 1
41 107 419 1
107 41 419 1
56 69 542 1
69 56 542 1
66 106 937 1
106 66 937 1
83 106 894 1
106 83 894 1
8 29 833 1
29 8 833 1
17 49 813 1
49 17 813 1
17 110 721 1
110 17 721 1
40 89 829 1
89 40 829 1
72 75 453 1
75 72 453 1
12 70 392 1
70 12 392 1
49 77 681 1
77 49 681 1
12 50 1114 1
50 12 1114 1
28 33 585 1
33 28 585 1
70 106 687 1
106 70 687 1
5 9 157 1
9 5 157 1
12 77 756 1
77 12 756 1
13 61 843 1
61 13 843 1
16 21 674 1
21 16 674 1
37 75 239 1
75 37 239 1
57 109 768 1
109 57 768 1
81 106 949 1
106 81 949 1
92 98 220 1
98 92 220 1
7 98 1238 1
98 7 1238 1
15 59 1185 1
59 15 1185 1
19 57 426 1
57 19 426 1
32 64 603 1
64 32 603 1
55 105 373 1
105 55 373 1
63 106 1106 1
106 63 1106 1
91 100 719 1
100 91 719 1
93 97 371 1
97 93 371 1
12 79 1029 1
79 12 1029 1
38 86 366 1
86 38 366 1
57 77 533 1
77 57 533 1
55 56 1043 1
56 55 1043 1
58 103 1188 1
103 58 1188 1
59 83 1103 1
83 59 1103 1
12 72 358 1
72 12 358 1
52 114 516 1
114 52 516 1
66 78 635 1
78 66 635 1
68 103 1277 1
103 68 1277 1
21 31 344 1
31 21 344 1
35 77 284 1
77 35 284 1
49 111 530 1
111 49 530 1
50 55 863 1
55 50 863 1
2 52 1249 1
52 2 1249 1
5 103 1104 1
103 5 1104 1
13 73 358 1
73 13 358 1
20 109 557 1
109 20 557 1
41 84 910 1
84 41 910 1
54 86 568 1
86 54 568 1
65 87 1028 1
87 65 1028 1
31 62 966 1
62 31 966 1
32 78 484 1
78 32 484 1
38 114 469 1
114 38 469 1
58 93 1138 1
93 58 1138 1
63 68 745 1
68 63 745 1
104 105 204 1
105 104 204 1
1 56 851 1
56 1 851 1
20 46 831 1
46 20 831 1
33 67 474 1
67 33 474 1
64 87 1344 1
87 64 1344 1
68 93 1248 1
93 68 1248 1
5 84 1110 1
84 5 1110 1
43 53 293 1
53 43 293 1
44 51 440 1
51 44 440 1
21 63 810 1
63 21 810 1
40 106 412 1
106 40 412 1
41 81 452 1
81 41 452 1
46 86 899 1
86 46 899 1
58 60 266 1
60 58 266 1
70 86 500 1
86 70 500 1
3 6 559 1
6 3 559 1
3 58 1025 1
58 3 1025 1
32 75 514 1
75 32 514 1
8 72 485 1
72 8 485 1
17 72 781 1
72 17 781 1
20 85 844 1
85 20 844 1
20 108 552 1
108 20 552 1
37 67 679 1
67 37 679 1
37 71 401 1
71 37 401 1
86 98 757 1
98 86 757 1
23 92 1466 1
92 23 1466 1
30 72 390 1
72 30 390 1
41 74 484 1
74 41 484 1
80 105 872 1
105 80 872 1
1 37 646 1
37 1 646 1
33 81 613 1
81 33 613 1
37 86 777 1
86 37 777 1
44 87 1225 1
87 44 1225 1
58 95 897 1
95 58 897 1
27 107 753 1
107 27 753 1
31 64 1128 1
64 31 1128 1
42 54 525 1
54 42 525 1
68 91 1170 1
91 68 1170 1
76 80 424 1
80 76 424 1
2 26 618 1
26 2 618 1
2 48 1199 1
48 2 1199 1
3 96 1030 1
96 3 1030 1
13 31 424 1
31 13 424 1
86 99 956 1
99 86 956 1
87 106 830 1
106 87 830 1
103 105 173 1
105 103 173 1
0 66 594 1
66 0 594 1
1 69 441 1
69 1 441 1
12 80 516 1
80 12 516 1
16 32 504 1
32 16 504 1
18 60 647 1
60 18 647 1
30 63 932 1
63 30 932 1
31 75 419 1
75 31 419 1
42 98 381 1
98 42 381 1
47 112 265 1
112 47 265 1
79 99 574 1
99 79 574 1
89 93 471 1
93 89 471 1
1 61 385 1
61 1 385 1
14 24 389 1
24 14 389 1
17 33 512 1
33 17 512 1
23 64 1238 1
64 23 1238 1
41 82 687 1
82 41 687 1
45 48 304 1
48 45 304 1
105 109 371 1
109 105 371 1
3 13 410 1
13 3 410 1
9 13 376 1
13 9 376 1
15 29 295 1
29 15 295 1
21 106 670 1
106 21 670 1
22 31 234 1
31 22 234 1
40 109 467 1
109 40 467 1
53 66 763 1
66 53 763 1
53 113 487 1
113 53 487 1
60 61 893 1
61 60 893 1
68 107 1166 1
107 68 1166 1
70 87 695 1
87 70 695 1
79 106 876 1
106 79 876 1
81 97 523 1
97 81 523 1
84 96 441 1
96 84 441 1
3 59 922 1
59 3 922 1
5 107 867 1
107 5 867 1
12 48 1186 1
48 12 1186 1
36 88 289 1
88 36 289 1
47 84 791 1
84 47 791 1
56 57 840 1
57 56 840 1
56 68 408 1
68 56 408 1
85 109 570 1
109 85 570 1
20 72 238 1
72 20 238 1
35 44 409 1
44 35 409 1
40 84 485 1
84 40 485 1
85 105 668 1
105 85 668 1
1 112 1078 1
112 1 1078 1
60 63 1021 1
63 60 1021 1
86 108 664 1
108 86 664 1
92 93 608 1
93 92 608 1
0 78 431 1
78 0 431 1
10 20 506 1
20 10 506 1
16 37 809 1
37 16 809 1
37 76 441 1
76 37 441 1
83 89 464 1
89 83 464 1
8 23 562 1
23 8 562 1
10 81 1126 1
81 10 1126 1
11 79 342 1
79 11 342 1
22 88 1044 1
88 22 1044 1
23 31 199 1
31 23 199 1
33 74 480 1
74 33 480 1
41 57 760 1
57 41 760 1
6 60 799 1
60 6 799 1
12 16 384 1
16 12 384 1
34 37 540 1
37 34 540 1
92 110 485 1
110 92 485 1
11 32 663 1
32 11 663 1
12 63 1218 1
63 12 1218 1
12 81 1161 1
81 12 1161 1
23 90 1391 1
90 23 1391 1
34 47 428 1
47 34 428 1
37 85 343 1
85 37 343 1
53 69 959 1
69 53 959 1
53 80 1109 1
80 53 1109 1
0 53 1230 1
53 0 1230 1
1 53 949 1
53 1 949 1
112 113 116 1
113 112 116 1
4 18 866 1
18 4 866 1
30 80 748 1
80 30 748 1
37 73 278 1
73 37 278 1
62 76 527 1
76 62 527 1
93 94 560 1
94 93 560 1
98 114 276 1
114 98 276 1
25 30 292 1
30 25 292 1
28 80 329 1
80 28 329 1
54 84 309 1
84 54 309 1
66 68 378 1
68 66 378 1
0 43 962 1
43 0 962 1
5 39 639 1
39 5 639 1
27 36 659 1
36 27 659 1
41 76 493 1
76 41 493 1
43 75 740 1
75 43 740 1
65 92 1075 1
92 65 1075 1
80 81 1113 1
81 80 1113 1
85 106 897 1
106 85 897 1
85 108 596 1
108 85 596 1
42 44 208 1
44 42 208 1
57 108 842 1
108 57 842 1
74 80 415 1
80 74 415 1
86 113 874 1
113 86 874 1
89 91 402 1
91 89 402 1
37 63 543 1
63 37 543 1
57 97 767 1
97 57 767 1
2 96 981 1
96 2 981 1
24 102 1176 1
102 24 1176 1
67 107 894 1
107 67 894 1
5 59 1317 1
59 5 1317 1
30 33 526 1
33 30 526 1
0 1 800 1
1 0 800 1
45 77 650 1
77 45 650 1
53 56 1149 1
56 53 1149 1
55 82 916 1
82 55 916 1
63 80 1146 1
80 63 1146 1
7 59 970 1
59 7 970 1
20 42 954 1
42 20 954 1
36 50 658 1
50 36 658 1
44 111 448 1
111 44 448 1
58 89 1156 1
89 58 1156 1
84 110 598 1
110 84 598 1
6 48 1184 1
48 6 1184 1
8 27 425 1
27 8 425 1
57 105 1066 1
105 57 1066 1
61 106 1151 1
106 61 1151 1
0 94 819 1
94 0 819 1
31 81 775 1
81 31 775 1
39 41 161 1
41 39 161 1
55 93 359 1
93 55 359 1
29 45 930 1
45 29 930 1
1 63 334 1
63 1 334 1
18 83 953 1
83 18 953 1
20 113 831 1
113 20 831 1
69 94 883 1
94 69 883 1
76 85 717 1
85 76 717 1
81 99 581 1
99 81 581 1
9 65 1235 1
65 9 1235 1
28 81 975 1
81 28 975 1
42 97 497 1
97 42 497 1
45 80 912 1
80 45 912 1
55 115 361 1
115 55 361 1
93 111 397 1
111 93 397 1
16 109 631 1
109 16 631 1
53 88 1043 1
88 53 1043 1
61 112 910 1
112 61 910 1
92 114 349 1
114 92 349 1
0 63 1010 1
63 0 1010 1
1 75 562 1
75 1 562 1
7 11 254 1
11 7 254 1
17 100 1170 1
100 17 1170 1
38 42 697 1
42 38 697 1
53 97 456 1
97 53 456 1
67 71 764 1
71 67 764 1
71 72 402 1
72 71 402 1
89 94 629 1
94 89 629 1
0 16 380 1
16 0 380 1
1 89 788 1
89 1 788 1
20 25 402 1
25 20 402 1
35 112 561 1
112 35 561 1
38 84 429 1
84 38 429 1
38 113 550 1
113 38 550 1
48 78 724 1
78 48 724 1
58 97 887 1
97 58 887 1
62 85 1177 1
85 62 1177 1
66 82 1038 1
82 66 1038 1
85 99 448 1
99 85 448 1
0 10 381 1
10 0 381 1
12 73 783 1
73 12 783 1
20 106 592 1
106 20 592 1
26 36 616 1
36 26 616 1
29 61 711 1
61 29 711 1
35 111 452 1
111 35 452 1
47 55 367 1
55 47 367 1
52 66 667 1
66 52 667 1
62 74 590 1
74 62 590 1
83 100 1134 1
100 83 1134 1
105 112 319 1
112 105 319 1
13 17 364 1
17 13 364 1
17 70 666 1
70 17 666 1
39 56 973 1
56 39 973 1
40 85 900 1
85 40 900 1
43 56 867 1
56 43 867 1
53 109 560 1
109 53 560 1
57 61 216 1
61 57 216 1
57 87 938 1
87 57 938 1
57 91 921 1
91 57 921 1
68 77 657 1
77 68 657 1
72 79 733 1
79 72 733 1
91 110 456 1
110 91 456 1
11 74 727 1
74 11 727 1
17 57 439 1
57 17 439 1
26 93 1144 1
93 26 1144 1
36 86 441 1
86 36 441 1
40 72 200 1
72 40 200 1
79 87 531 1
87 79 531 1
94 108 97 1
108 94 97 1
96 114 265 1
114 96 265 1
0 60 405 1
60 0 405 1
6 10 299 1
10 6 299 1
35 113 606 1
113 35 606 1
39 96 494 1
96 39 494 1
41 67 852 1
67 41 852 1
44 54 668 1
54 44 668 1
53 95 553 1
95 53 553 1
54 92 376 1
92 54 376 1
55 108 332 1
108 55 332 1
83 108 716 1
108 83 716 1
30 43 1104 1
43 30 1104 1
31 74 479 1
74 31 479 1
58 94 820 1
94 58 820 1
58 104 1061 1
104 58 1061 1
23 54 1116 1
54 23 1116 1
25 67 1191 1
67 25 1191 1
29 35 608 1
35 29 608 1
31 63 863 1
63 31 863 1
45 79 723 1
79 45 723 1
93 104 478 1
104 93 478 1
97 105 299 1
105 97 299 1
2 8 554 1
8 2 554 1
10 76 495 1
76 10 495 1
13 72 796 1
72 13 796 1
20 63 926 1
63 20 926 1
21 41 236 1
41 21 236 1
36 90 508 1
90 36 508 1
44 90 651 1
90 44 651 1
67 84 830 1
84 67 830 1
96 108 167 1
108 96 167 1
2 38 808 1
38 2 808 1
8 24 258 1
24 8 258 1
12 51 1375 1
51 12 1375 1
44 102 816 1
102 44 816 1
55 84 914 1
84 55 914 1
59 101 1108 1
101 59 1108 1
59 103 1115 1
103 59 1115 1
62 80 268 1
80 62 268 1
11 25 626 1
25 11 626 1
34 50 475 1
50 34 475 1
40 55 690 1
55 40 690 1
50 52 243 1
52 50 243 1
53 99 316 1
99 53 316 1
57 85 575 1
85 57 575 1
59 104 1146 1
104 59 1146 1
64 83 1303 1
83 64 1303 1
70 82 411 1
82 70 411 1
85 107 509 1
107 85 509 1
1 80 1054 1
80 1 1054 1
26 69 1109 1
69 26 1109 1
29 57 596 1
57 29 596 1
49 79 702 1
79 49 702 1
57 99 846 1
99 57 846 1
82 106 562 1
106 82 562 1
10 79 992 1
79 10 992 1
16 30 615 1
30 16 615 1
19 101 1295 1
101 19 1295 1
1 42 969 1
42 1 969 1
5 52 1379 1
52 5 1379 1
6 88 860 1
88 6 860 1
39 80 834 1
80 39 834 1
45 67 282 1
67 45 282 1
49 67 315 1
67 49 315 1
71 74 359 1
74 71 359 1
98 99 479 1
99 98 479 1
1 105 1113 1
105 1 1113 1
2 83 913 1
83 2 913 1
5 67 1194 1
67 5 1194 1
5 106 957 1
106 5 957 1
9 58 1436 1
58 9 1436 1
28 40 248 1
40 28 248 1
42 47 281 1
47 42 281 1
55 98 606 1
98 55 606 1
62 79 1049 1
79 62 1049 1
67 76 565 1
76 67 565 1
86 95 706 1
95 86 706 1
94 95 213 1
95 94 213 1
5 40 642 1
40 5 642 1
10 43 1077 1
43 10 1077 1
34 49 481 1
49 34 481 1
47 71 801 1
71 47 801 1
55 88 845 1
88 55 845 1
63 97 673 1
97 63 673 1
67 87 1092 1
87 67 1092 1
0 32 356 1
32 0 356 1
6 95 980 1
95 6 980 1
37 110 431 1
110 37 431 1
40 104 575 1
104 40 575 1
41 95 382 1
95 41 382 1
111 113 191 1
113 111 191 1
27 69 1092 1
69 27 1092 1
32 68 304 1
68 32 304 1
53 57 825 1
57 53 825 1
56 109 765 1
109 56 765 1
63 85 364 1
85 63 364 1
63 109 730 1
109 63 730 1
83 101 854 1
101 83 854 1
89 110 588 1
110 89 588 1
5 47 1154 1
47 5 1154 1
13 77 608 1
77 13 608 1
43 84 824 1
84 43 824 1
47 75 674 1
75 47 674 1
48 98 566 1
98 48 566 1
71 76 392 1
76 71 392 1
84 113 718 1
113 84 718 1
100 107 640 1
107 100 640 1
3 115 1099 1
115 3 1099 1
7 46 1197 1
46 7 1197 1
20 81 779 1
81 20 779 1
28 73 629 1
73 28 629 1
67 82 1079 1
82 67 1079 1
68 73 821 1
73 68 821 1
94 111 316 1
111 94 316 1
110 112 272 1
112 110 272 1
2 94 947 1
94 2 947 1
3 83 681 1
83 3 681 1
21 38 458 1
38 21 458 1
21 72 388 1
72 21 388 1
37 111 552 1
111 37 552 1
41 100 894 1
100 41 894 1
44 112 534 1
112 44 534 1
12 30 419 1
30 12 419 1
19 83 893 1
83 19 893 1
21 81 634 1
81 21 634 1
21 110 690 1
110 21 690 1
32 66 416 1
66 32 416 1
36 98 402 1
98 36 402 1
38 40 158 1
40 38 158 1
43 55 485 1
55 43 485 1
51 59 486 1
59 51 486 1
69 91 1081 1
91 69 1081 1
75 85 521 1
85 75 521 1
11 92 1324 1
92 11 1324 1
19 114 1115 1
114 19 1115 1
26 53 1271 1
53 26 1271 1
28 79 847 1
79 28 847 1
29 32 631 1
32 29 631 1
29 106 855 1
106 29 855 1
44 67 332 1
67 44 332 1
75 106 695 1
106 75 695 1
86 112 947 1
112 86 947 1
88 112 672 1
112 88 672 1
90 110 460 1
110 90 460 1
2 54 984 1
54 2 984 1
31 70 334 1
70 31 334 1
47 67 492 1
67 47 492 1
47 106 636 1
106 47 636 1
66 76 556 1
76 66 556 1
87 109 723 1
109 87 723 1
90 111 396 1
111 90 396 1
35 110 305 1
110 35 305 1
58 108 852 1
108 58 852 1
82 107 847 1
107 82 847 1
0 107 1161 1
107 0 1161 1
8 31 485 1
31 8 485 1
21 44 1047 1
44 21 1047 1
27 102 1008 1
102 27 1008 1
32 81 728 1
81 32 728 1
35 79 470 1
79 35 470 1
42 112 333 1
112 42 333 1
53 58 934 1
58 53 934 1
65 76 769 1
76 65 769 1
67 77 525 1
77 67 525 1
74 108 474 1
108 74 474 1
19 93 1252 1
93 19 1252 1
24 106 959 1
106 24 959 1
98 109 329 1
109 98 329 1
2 95 976 1
95 2 976 1
21 39 356 1
39 21 356 1
35 49 434 1
49 35 434 1
53 86 1248 1
86 53 1248 1
57 111 890 1
111 57 890 1
58 101 1214 1
101 58 1214 1
59 100 1223 1
100 59 1223 1
60 83 1265 1
83 60 1265 1
74 77 362 1
77 74 362 1
84 105 801 1
105 84 801 1
85 91 456 1
91 85 456 1
87 99 759 1
99 87 759 1
101 110 541 1
110 101 541 1
15 25 386 1
25 15 386 1
17 28 894 1
28 17 894 1
24 66 1233 1
66 24 1233 1
25 106 972 1
106 25 972 1
82 104 748 1
104 82 748 1
85 110 584 1
110 85 584 1
1 103 1135 1
103 1 1135 1
20 38 349 1
38 20 349 1
41 47 698 1
47 41 698 1
46 84 530 1
84 46 530 1
52 69 993 1
69 52 993 1
58 102 1067 1
102 58 1067 1
69 97 875 1
97 69 875 1
71 87 510 1
87 71 510 1
77 106 633 1
106 77 633 1
2 9 760 1
9 2 760 1
6 64 941 1
64 6 941 1
34 64 445 1
64 34 445 1
37 50 906 1
50 37 906 1
73 85 516 1
85 73 516 1
73 112 858 1
112 73 858 1
74 106 540 1
106 74 540 1
102 115 318 1
115 102 318 1
8 59 1427 1
59 8 1427 1
9 27 309 1
27 9 309 1
14 18 837 1
18 14 837 1
20 45 1046 1
45 20 1046 1
43 109 418 1
109 43 418 1
46 48 368 1
48 46 368 1
55 85 300 1
85 55 300 1
69 114 1057 1
114 69 1057 1
50 62 545 1
62 50 545 1
83 110 826 1
110 83 826 1
108 112 335 1
112 108 335 1
12 13 959 1
13 12 959 1
34 43 397 1
43 34 397 1
41 86 672 1
86 41 672 1
49 112 609 1
112 49 609 1
56 81 1090 1
81 56 1090 1
82 114 823 1
114 82 823 1
5 34 1016 1
34 5 1016 1
8 18 880 1
18 8 880 1
9 22 564 1
22 9 564 1
26 114 936 1
114 26 936 1
46 111 189 1
111 46 189 1
48 92 683 1
92 48 683 1
53 90 787 1
90 53 787 1
68 97 933 1
97 68 933 1
1 97 819 1
97 1 819 1
4 58 1292 1
58 4 1292 1
12 61 1246 1
61 12 1246 1
12 64 932 1
64 12 932 1
34 105 727 1
105 34 727 1
37 91 517 1
91 37 517 1
37 112 610 1
112 37 610 1
46 109 326 1
109 46 326 1
56 89 1199 1
89 56 1199 1
59 61 271 1
61 59 271 1
67 103 944 1
103 67 944 1
81 84 1146 1
84 81 1146 1
95 112 395 1
112 95 395 1
114 115 96 1
115 114 96 1
7 96 1059 1
96 7 1059 1
17 74 721 1
74 17 721 1
32 56 384 1
56 32 384 1
77 112 648 1
112 77 648 1
90 94 414 1
94 90 414 1
108 110 194 1
110 108 194 1
5 53 1317 1
53 5 1317 1
13 92 1402 1
92 13 1402 1
21 76 440 1
76 21 440 1
37 70 546 1
70 37 546 1
56 94 768 1
94 56 768 1
14 59 1320 1
59 14 1320 1
38 89 763 1
89 38 763 1
67 83 1007 1
83 67 1007 1
67 92 922 1
92 67 922 1
75 107 539 1
107 75 539 1
1 98 1107 1
98 1 1107 1
17 20 694 1
20 17 694 1
22 92 1425 1
92 22 1425 1
45 81 759 1
81 45 759 1
47 103 476 1
103 47 476 1
50 53 744 1
53 50 744 1
59 106 1174 1
106 59 1174 1
79 97 479 1
97 79 479 1
79 109 545 1
109 79 545 1
86 115 706 1
115 86 706 1
101 105 274 1
105 101 274 1
3 90 1350 1
90 3 1350 1
6 96 943 1
96 6 943 1
35 107 663 1
107 35 663 1
36 112 594 1
112 36 594 1
41 80 868 1
80 41 868 1
42 99 482 1
99 42 482 1
57 103 1078 1
103 57 1078 1
2 27 659 1
27 2 659 1
17 21 542 1
21 17 542 1
24 51 1429 1
51 24 1429 1
34 42 401 1
42 34 401 1
35 103 749 1
103 35 749 1
39 94 407 1
94 39 407 1
44 70 930 1
70 44 930 1
49 70 1008 1
70 49 1008 1
53 82 1252 1
82 53 1252 1
80 85 1121 1
85 80 1121 1
84 115 643 1
115 84 643 1
33 60 632 1
60 33 632 1
34 61 571 1
61 34 571 1
45 113 652 1
113 45 652 1
66 107 978 1
107 66 978 1
84 89 1110 1
89 84 1110 1
87 95 598 1
95 87 598 1
6 54 918 1
54 6 918 1
44 78 731 1
78 44 731 1
66 114 833 1
114 66 833 1
1 91 1007 1
91 1 1007 1
6 89 1224 1
89 6 1224 1
