116 2668
1 57 172 1
57 1 172 1
95 109 146 1
109 95 146 1
43 47 146 1
47 43 146 1
45 49 111 1
49 45 111 1
4 9 500 1
9 4 500 1
55 98 606 1
98 55 606 1
11 13 168 1
13 11 168 1
42 43 239 1
43 42 239 1
30 31 127 1
31 30 127 1
4 8 148 1
8 4 148 1
56 57 840 1
57 56 840 1
46 55 584 1
55 46 584 1
28 72 116 1
72 28 116 1
8 9 638 1
9 8 638 1
2 6 165 1
6 2 165 1
57 68 520 1
68 57 520 1
42 46 173 1
46 42 173 1
62 63 1134 1
63 62 1134 1
24 25 135 1
25 24 135 1
43 55 485 1
55 43 485 1
10 12 181 1
12 10 181 1
1 68 549 1
68 1 549 1
29 72 629 1
72 29 629 1
43 49 240 1
49 43 240 1
46 98 212 1
98 46 212 1
79 81 136 1
81 79 136 1
11 15 385 1
15 11 385 1
91 93 118 1
93 91 118 1
43 45 199 1
45 43 199 1
42 55 629 1
55 42 629 1
55 96 492 1
96 55 492 1
60 62 241 1
62 60 241 1
28 29 741 1
29 28 741 1
0 1 800 1
1 0 800 1
98 99 479 1
99 98 479 1
13 15 277 1
15 13 277 1
53 55 448 1
55 53 448 1
17 81 182 1
81 17 182 1
34 35 126 1
35 34 126 1
58 60 266 1
60 58 266 1
60 61 893 1
61 60 893 1
49 98 742 1
98 49 742 1
0 56 174 1
56 0 174 1
29 83 227 1
83 29 227 1
43 98 522 1
98 43 522 1
80 81 1113 1
81 80 1113 1
76 77 238 1
77 76 238 1
16 32 504 1
32 16 504 1
43 46 341 1
46 43 341 1
73 75 84 1
75 73 84 1
42 96 429 1
96 42 429 1
92 100 157 1
100 92 157 1
1 56 851 1
56 1 851 1
3 7 185 1
7 3 185 1
94 97 266 1
97 94 266 1
84 85 1130 1
85 84 1130 1
42 47 281 1
47 42 281 1
43 96 503 1
96 43 503 1
60 63 1021 1
63 60 1021 1
56 68 408 1
68 56 408 1
25 27 193 1
27 25 193 1
47 96 412 1
96 47 412 1
95 108 123 1
108 95 123 1
24 26 201 1
26 24 201 1
91 101 197 1
101 91 197 1
16 80 152 1
80 16 152 1
53 98 671 1
98 53 671 1
16 17 998 1
17 16 998 1
42 111 258 1
111 42 258 1
58 61 717 1
61 58 717 1
44 49 304 1
49 44 304 1
71 77 297 1
77 71 297 1
42 98 381 1
98 42 381 1
46 53 547 1
53 46 547 1
56 81 1090 1
81 56 1090 1
75 76 374 1
76 75 374 1
32 33 149 1
33 32 149 1
3 23 271 1
23 3 271 1
103 105 173 1
105 103 173 1
1 19 351 1
19 1 351 1
16 81 1063 1
81 16 1063 1
47 111 188 1
111 47 188 1
96 110 214 1
110 96 214 1
22 30 218 1
30 22 218 1
49 55 664 1
55 49 664 1
47 55 367 1
55 47 367 1
59 66 363 1
66 59 363 1
71 73 163 1
73 71 163 1
29 80 961 1
80 29 961 1
43 111 293 1
111 43 293 1
10 14 380 1
14 10 380 1
0 81 1076 1
81 0 1076 1
61 63 238 1
63 61 238 1
48 50 202 1
50 48 202 1
0 17 982 1
17 0 982 1
93 101 103 1
101 93 103 1
73 76 450 1
76 73 450 1
44 45 194 1
45 44 194 1
99 111 265 1
111 99 265 1
6 64 941 1
64 6 941 1
0 57 825 1
57 0 825 1
103 104 369 1
104 103 369 1
22 34 922 1
34 22 922 1
45 47 345 1
47 45 345 1
46 96 270 1
96 46 270 1
42 49 396 1
49 42 396 1
54 89 853 1
89 54 853 1
46 49 541 1
49 46 541 1
47 49 380 1
49 47 380 1
0 68 414 1
68 0 414 1
17 56 1024 1
56 17 1024 1
17 29 223 1
29 17 223 1
22 64 1169 1
64 22 1169 1
12 14 278 1
14 12 278 1
22 31 234 1
31 22 234 1
68 81 913 1
81 68 913 1
6 7 710 1
7 6 710 1
96 98 184 1
98 96 184 1
42 45 300 1
45 42 300 1
47 99 231 1
99 47 231 1
15 83 194 1
83 15 194 1
17 80 1070 1
80 17 1070 1
47 98 442 1
98 47 442 1
71 75 163 1
75 71 163 1
105 107 233 1
107 105 233 1
0 32 356 1
32 0 356 1
62 72 566 1
72 62 566 1
57 81 488 1
81 57 488 1
58 66 198 1
66 58 198 1
73 74 458 1
74 73 458 1
92 102 211 1
102 92 211 1
22 88 1044 1
88 22 1044 1
92 93 608 1
93 92 608 1
108 109 87 1
109 108 87 1
49 51 172 1
51 49 172 1
7 11 254 1
11 7 254 1
45 98 655 1
98 45 655 1
16 56 380 1
56 16 380 1
47 110 210 1
110 47 210 1
16 72 287 1
72 16 287 1
38 39 465 1
39 38 465 1
25 35 978 1
35 25 978 1
0 16 380 1
16 0 380 1
78 79 878 1
79 78 878 1
27 35 871 1
35 27 871 1
102 104 159 1
104 102 159 1
22 23 140 1
23 22 140 1
72 80 384 1
80 72 384 1
7 23 337 1
23 7 337 1
16 62 313 1
62 16 313 1
45 55 662 1
55 45 662 1
6 10 299 1
10 6 299 1
19 57 426 1
57 19 426 1
17 79 135 1
79 17 135 1
100 102 87 1
102 100 87 1
16 63 1092 1
63 16 1092 1
26 27 135 1
27 26 135 1
48 110 500 1
110 48 500 1
55 99 216 1
99 55 216 1
97 109 174 1
109 97 174 1
35 110 305 1
110 35 305 1
28 80 329 1
80 28 329 1
45 46 448 1
46 45 448 1
94 108 97 1
108 94 97 1
1 81 501 1
81 1 501 1
31 77 552 1
77 31 552 1
23 31 199 1
31 23 199 1
46 47 309 1
47 46 309 1
93 102 600 1
102 93 600 1
104 115 184 1
115 104 184 1
2 7 566 1
7 2 566 1
17 32 646 1
32 17 646 1
53 54 818 1
54 53 818 1
71 76 392 1
76 71 392 1
23 30 259 1
30 23 259 1
41 73 204 1
73 41 204 1
42 44 208 1
44 42 208 1
50 51 698 1
51 50 698 1
5 9 157 1
9 5 157 1
2 18 379 1
18 2 379 1
43 99 372 1
99 43 372 1
24 27 252 1
27 24 252 1
60 72 692 1
72 60 692 1
26 86 416 1
86 26 416 1
56 63 1014 1
63 56 1014 1
51 53 271 1
53 51 271 1
25 26 225 1
26 25 225 1
46 111 189 1
111 46 189 1
98 111 265 1
111 98 265 1
37 41 217 1
41 37 217 1
52 54 402 1
54 52 402 1
6 18 473 1
18 6 473 1
62 80 268 1
80 62 268 1
23 27 506 1
27 23 506 1
52 53 746 1
53 52 746 1
19 69 323 1
69 19 323 1
28 62 527 1
62 28 527 1
94 109 127 1
109 94 127 1
10 64 755 1
64 10 755 1
21 31 344 1
31 21 344 1
91 99 166 1
99 91 166 1
75 77 210 1
77 75 210 1
93 100 653 1
100 93 653 1
26 87 560 1
87 26 560 1
42 53 475 1
53 42 475 1
22 25 402 1
25 22 402 1
104 107 401 1
107 104 401 1
79 80 991 1
80 79 991 1
26 35 893 1
35 26 893 1
6 101 1437 1
101 6 1437 1
37 38 515 1
38 37 515 1
61 62 1047 1
62 61 1047 1
100 115 381 1
115 100 381 1
5 24 252 1
24 5 252 1
74 76 203 1
76 74 203 1
22 27 524 1
27 22 524 1
36 76 232 1
76 36 232 1
49 99 587 1
99 49 587 1
49 50 585 1
50 49 585 1
64 88 675 1
88 64 675 1
24 35 1010 1
35 24 1010 1
99 112 272 1
112 99 272 1
70 71 263 1
71 70 263 1
78 81 1002 1
81 78 1002 1
94 115 181 1
115 94 181 1
44 48 114 1
48 44 114 1
1 17 391 1
17 1 391 1
2 105 1253 1
105 2 1253 1
23 88 1119 1
88 23 1119 1
29 33 510 1
33 29 510 1
43 110 298 1
110 43 298 1
49 53 406 1
53 49 406 1
6 60 799 1
60 6 799 1
44 52 464 1
52 44 464 1
34 77 351 1
77 34 351 1
15 23 561 1
23 15 561 1
22 24 386 1
24 22 386 1
28 83 861 1
83 28 861 1
29 62 1067 1
62 29 1067 1
32 81 728 1
81 32 728 1
61 65 175 1
65 61 175 1
105 115 176 1
115 105 176 1
0 18 364 1
18 0 364 1
30 64 1064 1
64 30 1064 1
42 110 303 1
110 42 303 1
77 115 503 1
115 77 503 1
31 34 815 1
34 31 815 1
101 102 595 1
102 101 595 1
17 63 324 1
63 17 324 1
34 88 672 1
88 34 672 1
37 77 246 1
77 37 246 1
104 112 332 1
112 104 332 1
14 15 772 1
15 14 772 1
24 86 569 1
86 24 569 1
42 99 482 1
99 42 482 1
112 114 196 1
114 112 196 1
7 65 934 1
65 7 934 1
28 82 255 1
82 28 255 1
57 79 431 1
79 57 431 1
60 101 1230 1
101 60 1230 1
48 65 674 1
65 48 674 1
56 80 431 1
80 56 431 1
70 73 402 1
73 70 402 1
2 22 228 1
22 2 228 1
25 31 272 1
31 25 272 1
6 8 485 1
8 6 485 1
27 34 903 1
34 27 903 1
86 87 805 1
87 86 805 1
10 11 986 1
11 10 986 1
19 68 313 1
68 19 313 1
48 54 669 1
54 48 669 1
90 102 246 1
102 90 246 1
16 29 882 1
29 16 882 1
32 72 471 1
72 32 471 1
36 38 122 1
38 36 122 1
75 92 967 1
92 75 967 1
5 25 129 1
25 5 129 1
53 96 662 1
96 53 662 1
16 28 220 1
28 16 220 1
28 60 684 1
60 28 684 1
97 115 218 1
115 97 218 1
34 64 445 1
64 34 445 1
71 107 693 1
107 71 693 1
21 30 349 1
30 21 349 1
102 105 355 1
105 102 355 1
30 71 303 1
71 30 303 1
111 112 111 1
112 111 111 1
33 72 507 1
72 33 507 1
46 99 446 1
99 46 446 1
96 99 428 1
99 96 428 1
34 110 327 1
110 34 327 1
77 109 318 1
109 77 318 1
110 112 272 1
112 110 272 1
30 33 526 1
33 30 526 1
39 96 494 1
96 39 494 1
77 110 393 1
110 77 393 1
90 100 182 1
100 90 182 1
17 57 439 1
57 17 439 1
17 83 381 1
83 17 381 1
52 89 1027 1
89 52 1027 1
2 64 992 1
64 2 992 1
18 30 564 1
30 18 564 1
23 34 949 1
34 23 949 1
37 85 343 1
85 37 343 1
95 97 97 1
97 95 97 1
107 115 298 1
115 107 298 1
13 83 347 1
83 13 347 1
3 15 589 1
15 3 589 1
20 38 349 1
38 20 349 1
3 65 942 1
65 3 942 1
27 88 863 1
88 27 863 1
87 89 476 1
89 87 476 1
4 5 350 1
5 4 350 1
14 82 179 1
82 14 179 1
37 39 117 1
39 37 117 1
97 108 170 1
108 97 170 1
3 11 395 1
11 3 395 1
8 58 1298 1
58 8 1298 1
44 66 318 1
66 44 318 1
55 78 841 1
78 55 841 1
90 91 735 1
91 90 735 1
49 96 720 1
96 49 720 1
13 29 290 1
29 13 290 1
71 92 1069 1
92 71 1069 1
103 112 375 1
112 103 375 1
77 94 396 1
94 77 396 1
32 56 384 1
56 32 384 1
102 103 508 1
103 102 508 1
63 80 1146 1
80 63 1146 1
94 95 213 1
95 94 213 1
68 79 805 1
79 68 805 1
7 105 1186 1
105 7 1186 1
25 87 575 1
87 25 575 1
111 115 269 1
115 111 269 1
12 13 959 1
13 12 959 1
42 50 271 1
50 42 271 1
80 83 1100 1
83 80 1100 1
91 102 669 1
102 91 669 1
21 71 214 1
71 21 214 1
44 98 563 1
98 44 563 1
48 114 717 1
114 48 717 1
104 105 204 1
105 104 204 1
82 83 881 1
83 82 881 1
18 64 805 1
64 18 805 1
23 100 1403 1
100 23 1403 1
51 55 568 1
55 51 568 1
53 78 1035 1
78 53 1035 1
10 101 1302 1
101 10 1302 1
20 37 510 1
37 20 510 1
30 34 790 1
34 30 790 1
103 107 239 1
107 103 239 1
23 77 719 1
77 23 719 1
100 105 430 1
105 100 430 1
102 115 318 1
115 102 318 1
75 100 924 1
100 75 924 1
92 107 674 1
107 92 674 1
10 93 1289 1
93 10 1289 1
43 53 293 1
53 43 293 1
56 59 788 1
59 56 788 1
12 28 275 1
28 12 275 1
21 25 360 1
25 21 360 1
54 96 167 1
96 54 167 1
0 80 485 1
80 0 485 1
17 72 781 1
72 17 781 1
70 75 355 1
75 70 355 1
7 100 1408 1
100 7 1408 1
18 32 279 1
32 18 279 1
70 93 1035 1
93 70 1035 1
68 80 778 1
80 68 778 1
9 90 1391 1
90 9 1391 1
11 23 552 1
23 11 552 1
21 27 209 1
27 21 209 1
37 89 294 1
89 37 294 1
38 96 284 1
96 38 284 1
11 12 972 1
12 11 972 1
71 105 832 1
105 71 832 1
4 24 144 1
24 4 144 1
7 15 461 1
15 7 461 1
36 40 213 1
40 36 213 1
42 51 463 1
51 42 463 1
39 47 551 1
47 39 551 1
45 51 254 1
51 45 254 1
60 64 187 1
64 60 187 1
63 72 944 1
72 63 944 1
72 83 754 1
83 72 754 1
75 107 539 1
107 75 539 1
54 55 651 1
55 54 651 1
2 10 438 1
10 2 438 1
82 87 849 1
87 82 849 1
105 114 152 1
114 105 152 1
114 115 96 1
115 114 96 1
9 24 385 1
24 9 385 1
22 35 922 1
35 22 922 1
29 60 1067 1
60 29 1067 1
31 33 517 1
33 31 517 1
67 102 981 1
102 67 981 1
32 80 590 1
80 32 590 1
110 114 289 1
114 110 289 1
1 79 428 1
79 1 428 1
8 93 1382 1
93 8 1382 1
38 54 263 1
54 38 263 1
45 99 570 1
99 45 570 1
55 81 401 1
81 55 401 1
73 92 1046 1
92 73 1046 1
21 26 271 1
26 21 271 1
31 64 1128 1
64 31 1128 1
59 61 271 1
61 59 271 1
65 114 861 1
114 65 861 1
30 77 559 1
77 30 559 1
5 26 263 1
26 5 263 1
31 35 790 1
35 31 790 1
40 72 200 1
72 40 200 1
89 98 818 1
98 89 818 1
30 76 537 1
76 30 537 1
44 46 353 1
46 44 353 1
54 98 204 1
98 54 204 1
63 81 293 1
81 63 293 1
70 102 879 1
102 70 879 1
14 22 562 1
22 14 562 1
55 87 559 1
87 55 559 1
77 95 322 1
95 77 322 1
90 104 351 1
104 90 351 1
93 113 317 1
113 93 317 1
11 65 770 1
65 11 770 1
14 28 286 1
28 14 286 1
26 88 791 1
88 26 791 1
48 112 575 1
112 48 575 1
56 79 965 1
79 56 965 1
85 89 220 1
89 85 220 1
10 60 650 1
60 10 650 1
14 23 650 1
23 14 650 1
21 38 458 1
38 21 458 1
23 65 1169 1
65 23 1169 1
33 60 632 1
60 33 632 1
20 26 232 1
26 20 232 1
23 64 1238 1
64 23 1238 1
45 53 435 1
53 45 435 1
84 88 224 1
88 84 224 1
42 112 333 1
112 42 333 1
45 87 1158 1
87 45 1158 1
53 89 552 1
89 53 552 1
76 94 331 1
94 76 331 1
8 101 1359 1
101 8 1359 1
36 74 242 1
74 36 242 1
43 87 1011 1
87 43 1011 1
10 91 1269 1
91 10 1269 1
14 64 1035 1
64 14 1035 1
77 105 632 1
105 77 632 1
8 90 1188 1
90 8 1188 1
9 69 1181 1
69 9 1181 1
28 33 585 1
33 28 585 1
38 41 513 1
41 38 513 1
49 111 530 1
111 49 530 1
20 27 271 1
27 20 271 1
80 82 469 1
82 80 469 1
85 88 1097 1
88 85 1097 1
31 83 561 1
83 31 561 1
100 114 352 1
114 100 352 1
14 75 659 1
75 14 659 1
35 77 284 1
77 35 284 1
39 107 280 1
107 39 280 1
51 52 786 1
52 51 786 1
11 61 675 1
61 11 675 1
23 25 373 1
25 23 373 1
25 110 1042 1
110 25 1042 1
50 53 744 1
53 50 744 1
99 110 299 1
110 99 299 1
44 50 287 1
50 44 287 1
37 73 278 1
73 37 278 1
7 61 813 1
61 7 813 1
70 101 1040 1
101 70 1040 1
73 77 274 1
77 73 274 1
92 104 310 1
104 92 310 1
2 30 317 1
30 2 317 1
14 30 414 1
30 14 414 1
50 110 492 1
110 50 492 1
7 13 237 1
13 7 237 1
24 88 947 1
88 24 947 1
53 99 316 1
99 53 316 1
55 111 434 1
111 55 434 1
91 100 719 1
100 91 719 1
17 33 512 1
33 17 512 1
90 92 135 1
92 90 135 1
3 100 1385 1
100 3 1385 1
6 22 333 1
22 6 333 1
45 96 643 1
96 45 643 1
46 51 585 1
51 46 585 1
1 55 789 1
55 1 789 1
34 67 275 1
67 34 275 1
43 44 290 1
44 43 290 1
51 78 1004 1
78 51 1004 1
67 105 903 1
105 67 903 1
96 112 337 1
112 96 337 1
101 103 106 1
103 101 106 1
5 88 1026 1
88 5 1026 1
72 101 1016 1
101 72 1016 1
84 87 1148 1
87 84 1148 1
10 58 862 1
58 10 862 1
14 88 613 1
88 14 613 1
33 64 737 1
64 33 737 1
37 71 401 1
71 37 401 1
58 59 496 1
59 58 496 1
84 86 610 1
86 84 610 1
103 115 322 1
115 103 322 1
6 12 248 1
12 6 248 1
10 33 638 1
33 10 638 1
49 78 930 1
78 49 930 1
55 89 213 1
89 55 213 1
92 115 404 1
115 92 404 1
10 28 213 1
28 10 213 1
23 35 930 1
35 23 930 1
28 40 248 1
40 28 248 1
43 50 494 1
50 43 494 1
48 99 711 1
99 48 711 1
82 86 143 1
86 82 143 1
110 111 172 1
111 110 172 1
32 63 656 1
63 32 656 1
50 54 543 1
54 50 543 1
75 93 807 1
93 75 807 1
77 107 536 1
107 77 536 1
20 83 565 1
83 20 565 1
55 86 895 1
86 55 895 1
64 105 985 1
105 64 985 1
43 51 245 1
51 43 245 1
50 52 243 1
52 50 243 1
62 101 1225 1
101 62 1225 1
8 14 205 1
14 8 205 1
53 86 1248 1
86 53 1248 1
0 19 488 1
19 0 488 1
15 29 295 1
29 15 295 1
22 84 1027 1
84 22 1027 1
6 58 957 1
58 6 957 1
31 71 265 1
71 31 265 1
48 49 410 1
49 48 410 1
53 81 650 1
81 53 650 1
5 27 165 1
27 5 165 1
11 14 937 1
14 11 937 1
11 83 383 1
83 11 383 1
45 50 474 1
50 45 474 1
6 33 588 1
33 6 588 1
22 82 706 1
82 22 706 1
71 93 964 1
93 71 964 1
77 114 582 1
114 77 582 1
98 112 277 1
112 98 277 1
14 100 965 1
100 14 965 1
16 79 934 1
79 16 934 1
34 50 475 1
50 34 475 1
17 62 1129 1
62 17 1129 1
27 31 339 1
31 27 339 1
29 81 342 1
81 29 342 1
51 98 763 1
98 51 763 1
39 110 466 1
110 39 466 1
76 91 787 1
91 76 787 1
89 96 700 1
96 89 700 1
104 114 171 1
114 104 171 1
18 101 1348 1
101 18 1348 1
30 82 534 1
82 30 534 1
46 78 577 1
78 46 577 1
48 96 608 1
96 48 608 1
65 100 1146 1
100 65 1146 1
91 115 428 1
115 91 428 1
12 101 1369 1
101 12 1369 1
75 112 790 1
112 75 790 1
21 24 413 1
24 21 413 1
25 34 1006 1
34 25 1006 1
34 76 309 1
76 34 309 1
40 83 731 1
83 40 731 1
64 76 611 1
76 64 611 1
73 93 853 1
93 73 853 1
6 93 1425 1
93 6 1425 1
14 93 1238 1
93 14 1238 1
41 75 187 1
75 41 187 1
99 104 430 1
104 99 430 1
12 93 1368 1
93 12 1368 1
16 57 981 1
57 16 981 1
29 63 531 1
63 29 531 1
32 62 548 1
62 32 548 1
33 62 690 1
62 33 690 1
3 5 603 1
5 3 603 1
37 75 239 1
75 37 239 1
86 98 757 1
98 86 757 1
105 109 371 1
109 105 371 1
107 112 482 1
112 107 482 1
1 16 963 1
16 1 963 1
16 40 399 1
40 16 399 1
28 101 1105 1
101 28 1105 1
50 99 730 1
99 50 730 1
70 76 285 1
76 70 285 1
99 114 265 1
114 99 265 1
9 100 1346 1
100 9 1346 1
10 22 580 1
22 10 580 1
52 66 667 1
66 52 667 1
61 64 928 1
64 61 928 1
2 8 554 1
8 2 554 1
10 34 709 1
34 10 709 1
47 112 265 1
112 47 265 1
64 67 549 1
67 64 549 1
90 107 713 1
107 90 713 1
95 105 309 1
105 95 309 1
24 87 679 1
87 24 679 1
36 41 570 1
41 36 570 1
87 98 1003 1
98 87 1003 1
8 24 258 1
24 8 258 1
21 35 666 1
35 21 666 1
100 104 240 1
104 100 240 1
104 111 377 1
111 104 377 1
17 68 840 1
68 17 840 1
35 47 370 1
47 35 370 1
41 74 484 1
74 41 484 1
58 65 718 1
65 58 718 1
59 63 501 1
63 59 501 1
72 82 298 1
82 72 298 1
113 114 95 1
114 113 95 1
65 89 679 1
89 65 679 1
66 105 960 1
105 66 960 1
32 74 456 1
74 32 456 1
48 58 400 1
58 48 400 1
48 105 862 1
105 48 862 1
49 87 1159 1
87 49 1159 1
50 65 837 1
65 50 837 1
64 77 767 1
77 64 767 1
67 69 345 1
69 67 345 1
70 77 376 1
77 70 376 1
86 106 508 1
106 86 508 1
91 92 669 1
92 91 669 1
11 29 239 1
29 11 239 1
23 105 1262 1
105 23 1262 1
28 32 528 1
32 28 528 1
31 110 923 1
110 31 923 1
43 112 376 1
112 43 376 1
45 110 453 1
110 45 453 1
47 87 906 1
87 47 906 1
8 100 1159 1
100 8 1159 1
15 20 521 1
20 15 521 1
90 115 420 1
115 90 420 1
96 111 286 1
111 96 286 1
14 83 858 1
83 14 858 1
18 33 288 1
33 18 288 1
23 115 1150 1
115 23 1150 1
85 86 1120 1
86 85 1120 1
90 105 516 1
105 90 516 1
44 99 632 1
99 44 632 1
76 93 823 1
93 76 823 1
50 96 527 1
96 50 527 1
52 98 272 1
98 52 272 1
75 115 597 1
115 75 597 1
102 107 560 1
107 102 560 1
15 75 396 1
75 15 396 1
35 87 863 1
87 35 863 1
39 112 619 1
112 39 619 1
65 88 1179 1
88 65 1179 1
20 25 402 1
25 20 402 1
22 50 1336 1
50 22 1336 1
25 86 638 1
86 25 638 1
32 68 304 1
68 32 304 1
36 75 517 1
75 36 517 1
51 85 514 1
85 51 514 1
90 103 653 1
103 90 653 1
92 105 456 1
105 92 456 1
16 68 706 1
68 16 706 1
25 30 292 1
30 25 292 1
47 53 268 1
53 47 268 1
7 64 1244 1
64 7 1244 1
12 91 1349 1
91 12 1349 1
21 41 236 1
41 21 236 1
32 79 600 1
79 32 600 1
54 113 426 1
113 54 426 1
27 30 343 1
30 27 343 1
36 37 542 1
37 36 542 1
62 64 300 1
64 62 300 1
77 103 704 1
103 77 704 1
112 113 116 1
113 112 116 1
0 79 944 1
79 0 944 1
10 61 1158 1
61 10 1158 1
58 105 1107 1
105 58 1107 1
76 115 499 1
115 76 499 1
4 101 1261 1
101 4 1261 1
5 23 453 1
23 5 453 1
13 14 902 1
14 13 902 1
97 111 292 1
111 97 292 1
44 90 651 1
90 44 651 1
92 114 349 1
114 92 349 1
6 105 1236 1
105 6 1236 1
20 31 387 1
31 20 387 1
21 22 558 1
22 21 558 1
33 83 733 1
83 33 733 1
59 103 1115 1
103 59 1115 1
100 107 640 1
107 100 640 1
2 23 340 1
23 2 340 1
20 29 497 1
29 20 497 1
35 88 741 1
88 35 741 1
36 80 330 1
80 36 330 1
44 51 440 1
51 44 440 1
45 111 467 1
111 45 467 1
65 112 785 1
112 65 785 1
82 88 444 1
88 82 444 1
25 96 984 1
96 25 984 1
43 78 794 1
78 43 794 1
76 101 848 1
101 76 848 1
8 48 1406 1
48 8 1406 1
16 33 609 1
33 16 609 1
16 60 498 1
60 16 498 1
44 53 562 1
53 44 562 1
47 48 490 1
48 47 490 1
75 102 865 1
102 75 865 1
75 104 746 1
104 75 746 1
10 13 1004 1
13 10 1004 1
40 97 584 1
97 40 584 1
81 108 656 1
108 81 656 1
2 101 1431 1
101 2 1431 1
4 69 1158 1
69 4 1158 1
5 92 1324 1
92 5 1324 1
31 76 584 1
76 31 584 1
49 52 718 1
52 49 718 1
81 84 1146 1
84 81 1146 1
23 24 403 1
24 23 403 1
78 98 547 1
98 78 547 1
93 105 305 1
105 93 305 1
95 110 248 1
110 95 248 1
12 60 825 1
60 12 825 1
49 110 518 1
110 49 518 1
54 112 454 1
112 54 454 1
87 99 759 1
99 87 759 1
91 113 366 1
113 91 366 1
103 109 477 1
109 103 477 1
39 89 325 1
89 39 325 1
51 65 287 1
65 51 287 1
52 59 956 1
59 52 956 1
71 114 814 1
114 71 814 1
91 103 258 1
103 91 258 1
2 48 1199 1
48 2 1199 1
36 77 422 1
77 36 422 1
105 112 319 1
112 105 319 1
16 18 646 1
18 16 646 1
67 103 944 1
103 67 944 1
8 91 1373 1
91 8 1373 1
13 20 655 1
20 13 655 1
48 113 676 1
113 48 676 1
79 109 545 1
109 79 545 1
80 108 630 1
108 80 630 1
93 103 173 1
103 93 173 1
2 50 1192 1
50 2 1192 1
20 41 386 1
41 20 386 1
50 98 448 1
98 50 448 1
89 112 666 1
112 89 666 1
3 92 1420 1
92 3 1420 1
17 28 894 1
28 17 894 1
100 103 576 1
103 100 576 1
3 13 410 1
13 3 410 1
3 90 1350 1
90 3 1350 1
37 76 441 1
76 37 441 1
58 64 312 1
64 58 312 1
21 87 397 1
87 21 397 1
37 96 506 1
96 37 506 1
72 74 76 1
74 72 76 1
80 84 162 1
84 80 162 1
2 58 959 1
58 2 959 1
6 61 1132 1
61 6 1132 1
10 30 501 1
30 10 501 1
46 54 354 1
54 46 354 1
48 89 1015 1
89 48 1015 1
1 32 484 1
32 1 484 1
8 102 1117 1
102 8 1117 1
12 26 521 1
26 12 521 1
20 21 185 1
21 20 185 1
100 113 356 1
113 100 356 1
8 60 1121 1
60 8 1121 1
58 101 1214 1
101 58 1214 1
58 103 1188 1
103 58 1188 1
70 74 155 1
74 70 155 1
93 115 401 1
115 93 401 1
23 75 601 1
75 23 601 1
44 111 448 1
111 44 448 1
51 89 661 1
89 51 661 1
64 82 943 1
82 64 943 1
65 110 634 1
110 65 634 1
68 69 164 1
69 68 164 1
91 112 368 1
112 91 368 1
39 48 943 1
48 39 943 1
9 102 1277 1
102 9 1277 1
59 80 1038 1
80 59 1038 1
72 76 257 1
76 72 257 1
73 91 794 1
91 73 794 1
3 88 1145 1
88 3 1145 1
41 83 252 1
83 41 252 1
33 63 547 1
63 33 547 1
38 89 763 1
89 38 763 1
53 87 998 1
87 53 998 1
61 66 546 1
66 61 546 1
6 30 365 1
30 6 365 1
21 89 648 1
89 21 648 1
50 88 679 1
88 50 679 1
74 75 389 1
75 74 389 1
38 40 158 1
40 38 158 1
8 12 346 1
12 8 346 1
18 70 528 1
70 18 528 1
18 103 1302 1
103 18 1302 1
43 86 1110 1
86 43 1110 1
46 112 262 1
112 46 262 1
71 112 918 1
112 71 918 1
12 33 709 1
33 12 709 1
12 86 512 1
86 12 512 1
14 76 580 1
76 14 580 1
20 30 328 1
30 20 328 1
47 50 544 1
50 47 544 1
2 93 1417 1
93 2 1417 1
27 86 519 1
86 27 519 1
41 76 493 1
76 41 493 1
42 78 692 1
78 42 692 1
44 47 404 1
47 44 404 1
65 105 928 1
105 65 928 1
71 102 966 1
102 71 966 1
79 108 585 1
108 79 585 1
29 82 824 1
82 29 824 1
35 41 612 1
41 35 612 1
77 97 366 1
97 77 366 1
4 90 1167 1
90 4 1167 1
11 33 518 1
33 11 518 1
24 106 959 1
106 24 959 1
48 51 548 1
51 48 548 1
103 113 295 1
113 103 295 1
2 70 412 1
70 2 412 1
36 72 276 1
72 36 276 1
51 96 733 1
96 51 733 1
85 87 616 1
87 85 616 1
23 90 1391 1
90 23 1391 1
26 82 411 1
82 26 411 1
33 34 394 1
34 33 394 1
33 35 375 1
35 33 375 1
38 112 604 1
112 38 604 1
44 55 743 1
55 44 743 1
45 78 840 1
78 45 840 1
46 81 867 1
81 46 867 1
28 58 871 1
58 28 871 1
51 99 497 1
99 51 497 1
96 114 265 1
114 96 265 1
7 58 1136 1
58 7 1136 1
31 37 658 1
37 31 658 1
76 103 780 1
103 76 780 1
36 94 246 1
94 36 246 1
1 98 1107 1
98 1 1107 1
5 69 1149 1
69 5 1149 1
14 31 528 1
31 14 528 1
44 54 668 1
54 44 668 1
67 115 767 1
115 67 767 1
68 74 749 1
74 68 749 1
86 99 956 1
99 86 956 1
0 63 1010 1
63 0 1010 1
27 110 890 1
110 27 890 1
28 63 1049 1
63 28 1049 1
35 76 333 1
76 35 333 1
62 83 1241 1
83 62 1241 1
19 74 670 1
74 19 670 1
38 75 499 1
75 38 499 1
50 89 1065 1
89 50 1065 1
91 104 542 1
104 91 542 1
4 93 1288 1
93 4 1288 1
9 92 1428 1
92 9 1428 1
10 15 968 1
15 10 968 1
29 40 655 1
40 29 655 1
52 61 1057 1
61 52 1057 1
92 113 313 1
113 92 313 1
27 37 597 1
37 27 597 1
48 111 498 1
111 48 498 1
99 115 285 1
115 99 285 1
24 31 318 1
31 24 318 1
30 75 454 1
75 30 454 1
38 107 545 1
107 38 545 1
71 100 1020 1
100 71 1020 1
2 34 808 1
34 2 808 1
12 87 1021 1
87 12 1021 1
29 32 631 1
32 29 631 1
35 67 262 1
67 35 262 1
30 35 784 1
35 30 784 1
38 77 447 1
77 38 447 1
42 48 243 1
48 42 243 1
86 88 460 1
88 86 460 1
12 82 376 1
82 12 376 1
16 78 122 1
78 16 122 1
21 37 403 1
37 21 403 1
21 75 222 1
75 21 222 1
34 71 603 1
71 34 603 1
44 112 534 1
112 44 534 1
50 55 863 1
55 50 863 1
50 114 661 1
114 50 661 1
57 80 1050 1
80 57 1050 1
77 93 729 1
93 77 729 1
48 90 628 1
90 48 628 1
75 91 753 1
91 75 753 1
78 80 116 1
80 78 116 1
103 114 282 1
114 103 282 1
35 43 347 1
43 35 347 1
55 57 743 1
57 55 743 1
71 95 547 1
95 71 547 1
86 89 1016 1
89 86 1016 1
98 110 300 1
110 98 300 1
5 100 1233 1
100 5 1233 1
11 100 1299 1
100 11 1299 1
36 82 401 1
82 36 401 1
58 72 849 1
72 58 849 1
4 19 922 1
19 4 922 1
10 100 983 1
100 10 983 1
21 23 542 1
23 21 542 1
23 67 1077 1
67 23 1077 1
44 65 564 1
65 44 564 1
112 115 269 1
115 112 269 1
10 18 609 1
18 10 609 1
24 34 1021 1
34 24 1021 1
29 79 257 1
79 29 257 1
35 86 906 1
86 35 906 1
37 110 431 1
110 37 431 1
38 83 760 1
83 38 760 1
46 110 220 1
110 46 220 1
55 79 394 1
79 55 394 1
55 112 466 1
112 55 466 1
14 26 321 1
26 14 321 1
47 51 339 1
51 47 339 1
91 114 389 1
114 91 389 1
39 54 618 1
54 39 618 1
58 88 918 1
88 58 918 1
70 107 772 1
107 70 772 1
86 96 642 1
96 86 642 1
96 106 277 1
106 96 277 1
102 106 217 1
106 102 217 1
105 110 411 1
110 105 411 1
1 53 949 1
53 1 949 1
14 29 801 1
29 14 801 1
72 109 524 1
109 72 524 1
19 78 749 1
78 19 749 1
24 84 1013 1
84 24 1013 1
36 83 816 1
83 36 816 1
45 86 1232 1
86 45 1232 1
55 110 380 1
110 55 380 1
3 85 893 1
85 3 893 1
7 114 1176 1
114 7 1176 1
9 101 1217 1
101 9 1217 1
12 58 1025 1
58 12 1025 1
37 112 610 1
112 37 610 1
107 114 333 1
114 107 333 1
30 70 259 1
70 30 259 1
39 55 254 1
55 39 254 1
4 91 1276 1
91 4 1276 1
30 83 641 1
83 30 641 1
37 95 241 1
95 37 241 1
70 92 982 1
92 70 982 1
6 14 476 1
14 6 476 1
8 10 505 1
10 8 505 1
15 89 653 1
89 15 653 1
16 82 421 1
82 16 421 1
22 26 505 1
26 22 505 1
23 71 443 1
71 23 443 1
77 100 819 1
100 77 819 1
81 86 1091 1
86 81 1091 1
89 99 398 1
99 89 398 1
15 65 1052 1
65 15 1052 1
19 38 892 1
38 19 892 1
5 35 974 1
35 5 974 1
52 58 705 1
58 52 705 1
58 62 503 1
62 58 503 1
0 33 480 1
33 0 480 1
7 60 1133 1
60 7 1133 1
13 89 713 1
89 13 713 1
14 91 1235 1
91 14 1235 1
24 69 1148 1
69 24 1148 1
25 106 972 1
106 25 972 1
27 77 594 1
77 27 594 1
34 58 424 1
58 34 424 1
48 66 357 1
66 48 357 1
6 28 413 1
28 6 413 1
12 64 932 1
64 12 932 1
31 82 641 1
82 31 641 1
34 48 431 1
48 34 431 1
48 104 822 1
104 48 822 1
51 110 520 1
110 51 520 1
56 74 591 1
74 56 591 1
16 74 335 1
74 16 335 1
29 41 234 1
41 29 234 1
49 86 1302 1
86 49 1302 1
51 54 884 1
54 51 884 1
79 95 480 1
95 79 480 1
10 114 995 1
114 10 995 1
28 36 321 1
36 28 321 1
59 108 883 1
108 59 883 1
1 69 441 1
69 1 441 1
12 22 481 1
22 12 481 1
31 84 971 1
84 31 971 1
35 96 448 1
96 35 448 1
48 91 808 1
91 48 808 1
57 69 378 1
69 57 378 1
67 104 923 1
104 67 923 1
101 113 350 1
113 101 350 1
6 34 815 1
34 6 815 1
27 89 807 1
89 27 807 1
52 57 1117 1
57 52 1117 1
69 102 1226 1
102 69 1226 1
15 31 431 1
31 15 431 1
24 30 283 1
30 24 283 1
33 82 804 1
82 33 804 1
39 105 458 1
105 39 458 1
50 111 478 1
111 50 478 1
71 103 908 1
103 71 908 1
82 84 544 1
84 82 544 1
2 102 1269 1
102 2 1269 1
6 70 405 1
70 6 405 1
9 19 928 1
19 9 928 1
10 50 948 1
50 10 948 1
40 107 641 1
107 40 641 1
46 87 1047 1
87 46 1047 1
72 95 570 1
95 72 570 1
4 26 161 1
26 4 161 1
5 8 493 1
8 5 493 1
18 72 618 1
72 18 618 1
21 77 387 1
77 21 387 1
22 77 727 1
77 22 727 1
25 67 1191 1
67 25 1191 1
37 84 862 1
84 37 862 1
58 63 892 1
63 58 892 1
67 90 867 1
90 67 867 1
78 99 844 1
99 78 844 1
18 82 891 1
82 18 891 1
25 82 617 1
82 25 617 1
40 111 707 1
111 40 707 1
48 102 819 1
102 48 819 1
57 59 382 1
59 57 382 1
73 101 851 1
101 73 851 1
25 47 1189 1
47 25 1189 1
36 73 600 1
73 36 600 1
2 100 1297 1
100 2 1297 1
13 33 629 1
33 13 629 1
34 105 727 1
105 34 727 1
69 100 1235 1
100 69 1235 1
76 102 684 1
102 76 684 1
25 88 998 1
88 25 998 1
35 106 708 1
106 35 708 1
42 87 1132 1
87 42 1132 1
67 100 988 1
100 67 988 1
17 84 1128 1
84 17 1128 1
32 57 493 1
57 32 493 1
94 111 316 1
111 94 316 1
7 10 896 1
10 7 896 1
18 22 537 1
22 18 537 1
26 43 1155 1
43 26 1155 1
38 94 246 1
94 38 246 1
65 90 1061 1
90 65 1061 1
77 108 373 1
108 77 373 1
87 110 837 1
110 87 837 1
104 113 229 1
113 104 229 1
1 78 939 1
78 1 939 1
2 60 843 1
60 2 843 1
20 33 587 1
33 20 587 1
29 61 711 1
61 29 711 1
35 36 502 1
36 35 502 1
65 66 537 1
66 65 537 1
24 110 1066 1
110 24 1066 1
22 110 1082 1
110 22 1082 1
57 74 830 1
74 57 830 1
61 72 984 1
72 61 984 1
66 95 734 1
95 66 734 1
68 84 871 1
84 68 871 1
4 6 536 1
6 4 536 1
25 43 1261 1
43 25 1261 1
40 82 231 1
82 40 231 1
46 50 303 1
50 46 303 1
47 78 767 1
78 47 767 1
71 109 576 1
109 71 576 1
16 101 1154 1
101 16 1154 1
22 93 1426 1
93 22 1426 1
34 93 788 1
93 34 788 1
42 54 525 1
54 42 525 1
1 80 1054 1
80 1 1054 1
11 114 1023 1
114 11 1023 1
13 23 488 1
23 13 488 1
20 69 935 1
69 20 935 1
23 76 746 1
76 23 746 1
53 79 677 1
79 53 677 1
64 75 961 1
75 64 961 1
70 105 847 1
105 70 847 1
72 81 860 1
81 72 860 1
79 84 1035 1
84 79 1035 1
56 62 252 1
62 56 252 1
9 66 1299 1
66 9 1299 1
9 93 1250 1
93 9 1250 1
10 31 619 1
31 10 619 1
14 27 449 1
27 14 449 1
19 56 574 1
56 19 574 1
19 81 772 1
81 19 772 1
32 40 629 1
40 32 629 1
34 60 439 1
60 34 439 1
44 89 917 1
89 44 917 1
48 98 566 1
98 48 566 1
87 96 843 1
96 87 843 1
6 72 449 1
72 6 449 1
7 107 1014 1
107 7 1014 1
8 103 1268 1
103 8 1268 1
20 35 677 1
35 20 677 1
39 77 312 1
77 39 312 1
57 78 938 1
78 57 938 1
70 115 709 1
115 70 709 1
19 98 1076 1
98 19 1076 1
21 113 840 1
113 21 840 1
26 106 767 1
106 26 767 1
37 54 645 1
54 37 645 1
20 24 393 1
24 20 393 1
29 37 304 1
37 29 304 1
77 112 648 1
112 77 648 1
90 99 615 1
99 90 615 1
11 113 1085 1
113 11 1085 1
15 38 793 1
38 15 793 1
35 48 491 1
48 35 491 1
70 103 965 1
103 70 965 1
8 66 1233 1
66 8 1233 1
8 70 477 1
70 8 477 1
17 19 648 1
19 17 648 1
25 33 765 1
33 25 765 1
28 30 436 1
30 28 436 1
31 94 836 1
94 31 836 1
35 65 453 1
65 35 453 1
38 55 598 1
55 38 598 1
59 62 914 1
62 59 914 1
64 109 686 1
109 64 686 1
10 48 1025 1
48 10 1025 1
61 105 1028 1
105 61 1028 1
91 98 616 1
98 91 616 1
102 114 295 1
114 102 295 1
104 106 195 1
106 104 195 1
7 115 1091 1
115 7 1091 1
13 28 892 1
28 13 892 1
23 92 1466 1
92 23 1466 1
25 85 1018 1
85 25 1018 1
27 85 894 1
85 27 894 1
35 99 514 1
99 35 514 1
37 109 343 1
109 37 343 1
52 55 814 1
55 52 814 1
0 29 925 1
29 0 925 1
2 31 377 1
31 2 377 1
17 78 955 1
78 17 955 1
48 93 850 1
93 48 850 1
58 90 890 1
90 58 890 1
65 77 615 1
77 65 615 1
77 92 835 1
92 77 835 1
1 84 1139 1
84 1 1139 1
8 64 1208 1
64 8 1208 1
43 106 752 1
106 43 752 1
12 48 1186 1
48 12 1186 1
14 58 1155 1
58 14 1155 1
31 41 528 1
41 31 528 1
35 114 586 1
114 35 586 1
39 114 488 1
114 39 488 1
59 104 1146 1
104 59 1146 1
67 107 894 1
107 67 894 1
20 70 213 1
70 20 213 1
31 85 906 1
85 31 906 1
32 82 768 1
82 32 768 1
39 104 557 1
104 39 557 1
47 106 636 1
106 47 636 1
90 101 719 1
101 90 719 1
93 112 343 1
112 93 343 1
2 114 1198 1
114 2 1198 1
6 100 1229 1
100 6 1229 1
12 15 906 1
15 12 906 1
23 107 1121 1
107 23 1121 1
66 103 1026 1
103 66 1026 1
76 109 320 1
109 76 320 1
90 93 690 1
93 90 690 1
1 52 1206 1
52 1 1206 1
6 91 1386 1
91 6 1386 1
30 84 877 1
84 30 877 1
39 103 503 1
103 39 503 1
44 110 439 1
110 44 439 1
69 115 1010 1
115 69 1010 1
72 103 933 1
103 72 933 1
35 37 446 1
37 35 446 1
43 48 391 1
48 43 391 1
44 59 517 1
59 44 517 1
49 112 609 1
112 49 609 1
62 95 844 1
95 62 844 1
64 72 754 1
72 64 754 1
74 80 415 1
80 74 415 1
102 113 317 1
113 102 317 1
1 26 956 1
26 1 956 1
5 65 1232 1
65 5 1232 1
8 75 728 1
75 8 728 1
10 23 699 1
23 10 699 1
12 61 1246 1
61 12 1246 1
21 88 754 1
88 21 754 1
21 110 690 1
110 21 690 1
22 67 1070 1
67 22 1070 1
23 58 1186 1
58 23 1186 1
29 31 454 1
31 29 454 1
34 114 610 1
114 34 610 1
52 90 240 1
90 52 240 1
71 115 724 1
115 71 724 1
93 107 357 1
107 93 357 1
93 114 346 1
114 93 346 1
2 33 510 1
33 2 510 1
10 113 1059 1
113 10 1059 1
13 75 440 1
75 13 440 1
33 41 611 1
41 33 611 1
47 86 1016 1
86 47 1016 1
58 100 1047 1
100 58 1047 1
59 60 718 1
60 59 718 1
64 101 1142 1
101 64 1142 1
76 100 714 1
100 76 714 1
90 98 163 1
98 90 163 1
1 74 790 1
74 1 790 1
3 83 681 1
83 3 681 1
11 89 636 1
89 11 636 1
19 55 944 1
55 19 944 1
22 85 1113 1
85 22 1113 1
87 106 830 1
106 87 830 1
89 113 633 1
113 89 633 1
5 87 460 1
87 5 460 1
21 36 510 1
36 21 510 1
26 68 1080 1
68 26 1080 1
55 68 1003 1
68 55 1003 1
62 82 720 1
82 62 720 1
6 23 465 1
23 6 465 1
11 28 875 1
28 11 875 1
30 73 455 1
73 30 455 1
37 51 673 1
51 37 673 1
50 91 845 1
91 50 845 1
92 112 325 1
112 92 325 1
2 71 519 1
71 2 519 1
4 74 492 1
74 4 492 1
7 18 581 1
18 7 581 1
16 19 740 1
19 16 740 1
26 47 1071 1
47 26 1071 1
30 88 865 1
88 30 865 1
34 82 812 1
82 34 812 1
64 93 1076 1
93 64 1076 1
67 77 525 1
77 67 525 1
3 115 1099 1
115 3 1099 1
18 93 1308 1
93 18 1308 1
21 76 440 1
76 21 440 1
24 82 536 1
82 24 536 1
35 82 851 1
82 35 851 1
39 90 806 1
90 39 806 1
50 112 538 1
112 50 538 1
53 57 825 1
57 53 825 1
59 70 955 1
70 59 955 1
15 28 819 1
28 15 819 1
18 105 1215 1
105 18 1215 1
41 78 770 1
78 41 770 1
68 86 1151 1
86 68 1151 1
99 102 560 1
102 99 560 1
27 36 659 1
36 27 659 1
27 71 367 1
71 27 367 1
33 61 545 1
61 33 545 1
69 90 1119 1
90 69 1119 1
73 102 944 1
102 73 944 1
109 115 211 1
115 109 211 1
21 85 716 1
85 21 716 1
22 86 800 1
86 22 800 1
24 85 1108 1
85 24 1108 1
35 115 541 1
115 35 541 1
38 47 654 1
47 38 654 1
42 52 325 1
52 42 325 1
88 89 1035 1
89 88 1035 1
88 113 635 1
113 88 635 1
2 66 917 1
66 2 917 1
6 11 866 1
11 6 866 1
18 59 713 1
59 18 713 1
26 55 856 1
55 26 856 1
33 37 555 1
37 33 555 1
37 94 426 1
94 37 426 1
41 89 415 1
89 41 415 1
58 95 897 1
95 58 897 1
76 104 623 1
104 76 623 1
0 72 516 1
72 0 516 1
10 88 586 1
88 10 586 1
17 18 752 1
18 17 752 1
19 26 891 1
26 19 891 1
21 84 830 1
84 21 830 1
23 114 1244 1
114 23 1244 1
26 89 900 1
89 26 900 1
31 115 958 1
115 31 958 1
34 65 549 1
65 34 549 1
45 84 881 1
84 45 881 1
54 86 568 1
86 54 568 1
58 91 1077 1
91 58 1077 1
62 109 711 1
109 62 711 1
63 64 1058 1
64 63 1058 1
74 108 474 1
108 74 474 1
75 113 758 1
113 75 758 1
78 84 235 1
84 78 235 1
12 72 358 1
72 12 358 1
32 78 484 1
78 32 484 1
34 87 945 1
87 34 945 1
70 108 590 1
108 70 590 1
2 67 952 1
67 2 952 1
4 14 255 1
14 4 255 1
8 104 1076 1
104 8 1076 1
12 29 886 1
29 12 886 1
15 30 522 1
30 15 522 1
31 87 639 1
87 31 639 1
37 79 267 1
79 37 267 1
43 89 647 1
89 43 647 1
44 96 580 1
96 44 580 1
44 104 796 1
104 44 796 1
78 86 556 1
86 78 556 1
87 88 1035 1
88 87 1035 1
6 62 702 1
62 6 702 1
28 76 345 1
76 28 345 1
42 89 824 1
89 42 824 1
44 102 816 1
102 44 816 1
97 104 399 1
104 97 399 1
101 104 464 1
104 101 464 1
110 115 264 1
115 110 264 1
14 21 487 1
21 14 487 1
27 87 439 1
87 27 439 1
28 31 545 1
31 28 545 1
31 105 1065 1
105 31 1065 1
42 94 484 1
94 42 484 1
48 100 791 1
100 48 791 1
72 108 541 1
108 72 541 1
40 41 506 1
41 40 506 1
17 40 824 1
40 17 824 1
64 100 818 1
100 64 818 1
71 94 614 1
94 71 614 1
99 113 264 1
113 99 264 1
4 59 1372 1
59 4 1372 1
9 103 1158 1
103 9 1158 1
26 34 907 1
34 26 907 1
37 108 355 1
108 37 355 1
84 108 592 1
108 84 592 1
0 74 551 1
74 0 551 1
15 100 1225 1
100 15 1225 1
17 20 694 1
20 17 694 1
19 80 851 1
80 19 851 1
20 75 348 1
75 20 348 1
30 72 390 1
72 30 390 1
50 84 554 1
84 50 554 1
52 81 1110 1
81 52 1110 1
57 63 249 1
63 57 249 1
