116 2668
104 105 204 1
105 104 204 1
103 104 369 1
104 103 369 1
80 81 1113 1
81 80 1113 1
4 8 148 1
8 4 148 1
39 97 289 1
97 39 289 1
2 6 165 1
6 2 165 1
103 105 173 1
105 103 173 1
43 47 146 1
47 43 146 1
42 43 239 1
43 42 239 1
5 27 165 1
27 5 165 1
107 114 333 1
114 107 333 1
97 109 174 1
109 97 174 1
96 97 322 1
97 96 322 1
39 109 356 1
109 39 356 1
106 107 486 1
107 106 486 1
100 102 87 1
102 100 87 1
61 63 238 1
63 61 238 1
44 45 194 1
45 44 194 1
97 110 221 1
110 97 221 1
44 49 304 1
49 44 304 1
38 39 465 1
39 38 465 1
42 47 281 1
47 42 281 1
5 26 263 1
26 5 263 1
56 57 840 1
57 56 840 1
95 108 123 1
108 95 123 1
38 54 263 1
54 38 263 1
58 60 266 1
60 58 266 1
9 15 219 1
15 9 219 1
47 98 442 1
98 47 442 1
54 109 337 1
109 54 337 1
101 102 595 1
102 101 595 1
55 96 492 1
96 55 492 1
8 9 638 1
9 8 638 1
46 47 309 1
47 46 309 1
39 96 494 1
96 39 494 1
96 110 214 1
110 96 214 1
46 55 584 1
55 46 584 1
39 54 618 1
54 39 618 1
38 94 246 1
94 38 246 1
54 55 651 1
55 54 651 1
6 7 710 1
7 6 710 1
45 49 111 1
49 45 111 1
55 97 173 1
97 55 173 1
38 109 342 1
109 38 342 1
39 55 254 1
55 39 254 1
1 19 351 1
19 1 351 1
101 103 106 1
103 101 106 1
4 9 500 1
9 4 500 1
78 81 1002 1
81 78 1002 1
82 83 881 1
83 82 881 1
54 97 484 1
97 54 484 1
60 64 187 1
64 60 187 1
103 106 532 1
106 103 532 1
30 31 127 1
31 30 127 1
3 18 417 1
18 3 417 1
59 66 363 1
66 59 363 1
60 61 893 1
61 60 893 1
2 7 566 1
7 2 566 1
72 80 384 1
80 72 384 1
42 45 300 1
45 42 300 1
98 99 479 1
99 98 479 1
26 27 135 1
27 26 135 1
76 77 238 1
77 76 238 1
49 51 172 1
51 49 172 1
19 68 313 1
68 19 313 1
29 72 629 1
72 29 629 1
38 97 469 1
97 38 469 1
58 66 198 1
66 58 198 1
109 110 135 1
110 109 135 1
106 114 322 1
114 106 322 1
4 15 597 1
15 4 597 1
28 83 861 1
83 28 861 1
39 110 466 1
110 39 466 1
94 97 266 1
97 94 266 1
14 82 179 1
82 14 179 1
8 15 741 1
15 8 741 1
2 22 228 1
22 2 228 1
48 50 202 1
50 48 202 1
54 96 167 1
96 54 167 1
51 53 271 1
53 51 271 1
78 80 116 1
80 78 116 1
42 44 208 1
44 42 208 1
72 81 860 1
81 72 860 1
94 109 127 1
109 94 127 1
42 49 396 1
49 42 396 1
101 106 633 1
106 101 633 1
88 89 1035 1
89 88 1035 1
46 98 212 1
98 46 212 1
96 109 176 1
109 96 176 1
23 25 373 1
25 23 373 1
43 45 199 1
45 43 199 1
37 39 117 1
39 37 117 1
58 59 496 1
59 58 496 1
91 99 166 1
99 91 166 1
28 82 255 1
82 28 255 1
13 61 843 1
61 13 843 1
75 77 210 1
77 75 210 1
55 109 337 1
109 55 337 1
14 15 772 1
15 14 772 1
3 23 271 1
23 3 271 1
113 114 95 1
114 113 95 1
98 111 265 1
111 98 265 1
104 106 195 1
106 104 195 1
38 55 598 1
55 38 598 1
96 98 184 1
98 96 184 1
8 24 258 1
24 8 258 1
37 38 515 1
38 37 515 1
43 49 240 1
49 43 240 1
82 84 544 1
84 82 544 1
92 93 608 1
93 92 608 1
39 105 458 1
105 39 458 1
20 21 185 1
21 20 185 1
45 47 345 1
47 45 345 1
10 12 181 1
12 10 181 1
37 109 343 1
109 37 343 1
28 72 116 1
72 28 116 1
85 87 616 1
87 85 616 1
1 7 452 1
7 1 452 1
54 94 226 1
94 54 226 1
47 49 380 1
49 47 380 1
42 46 173 1
46 42 173 1
3 22 347 1
22 3 347 1
100 101 656 1
101 100 656 1
18 19 147 1
19 18 147 1
50 51 698 1
51 50 698 1
23 31 199 1
31 23 199 1
37 97 271 1
97 37 271 1
48 51 548 1
51 48 548 1
102 106 217 1
106 102 217 1
102 103 508 1
103 102 508 1
111 112 111 1
112 111 111 1
32 33 149 1
33 32 149 1
38 110 451 1
110 38 451 1
38 96 284 1
96 38 284 1
69 78 773 1
78 69 773 1
6 19 593 1
19 6 593 1
13 32 767 1
32 13 767 1
99 112 272 1
112 99 272 1
55 105 373 1
105 55 373 1
55 110 380 1
110 55 380 1
49 99 587 1
99 49 587 1
39 94 407 1
94 39 407 1
107 113 400 1
113 107 400 1
43 46 341 1
46 43 341 1
39 104 557 1
104 39 557 1
46 96 270 1
96 46 270 1
84 85 1130 1
85 84 1130 1
4 24 144 1
24 4 144 1
15 83 194 1
83 15 194 1
14 28 286 1
28 14 286 1
51 99 497 1
99 51 497 1
114 115 96 1
115 114 96 1
7 19 519 1
19 7 519 1
40 95 491 1
95 40 491 1
86 87 805 1
87 86 805 1
54 110 373 1
110 54 373 1
37 110 431 1
110 37 431 1
43 44 290 1
44 43 290 1
107 115 298 1
115 107 298 1
74 109 457 1
109 74 457 1
80 84 162 1
84 80 162 1
0 2 460 1
2 0 460 1
28 84 456 1
84 28 456 1
69 80 866 1
80 69 866 1
29 81 342 1
81 29 342 1
90 91 735 1
91 90 735 1
9 24 385 1
24 9 385 1
101 104 464 1
104 101 464 1
6 60 799 1
60 6 799 1
12 60 825 1
60 12 825 1
14 83 858 1
83 14 858 1
37 76 441 1
76 37 441 1
106 113 395 1
113 106 395 1
55 104 526 1
104 55 526 1
20 95 541 1
95 20 541 1
13 102 1295 1
102 13 1295 1
16 62 313 1
62 16 313 1
97 105 299 1
105 97 299 1
17 29 223 1
29 17 223 1
77 104 668 1
104 77 668 1
0 6 417 1
6 0 417 1
5 25 129 1
25 5 129 1
22 89 1126 1
89 22 1126 1
94 96 89 1
96 94 89 1
28 80 329 1
80 28 329 1
0 22 675 1
22 0 675 1
2 18 379 1
18 2 379 1
8 14 205 1
14 8 205 1
46 49 541 1
49 46 541 1
61 101 1003 1
101 61 1003 1
77 103 704 1
103 77 704 1
30 75 454 1
75 30 454 1
27 107 753 1
107 27 753 1
37 55 221 1
55 37 221 1
42 98 381 1
98 42 381 1
3 7 185 1
7 3 185 1
37 74 520 1
74 37 520 1
74 79 666 1
79 74 666 1
3 89 961 1
89 3 961 1
37 54 645 1
54 37 645 1
100 106 280 1
106 100 280 1
25 87 575 1
87 25 575 1
47 99 231 1
99 47 231 1
15 29 295 1
29 15 295 1
25 27 193 1
27 25 193 1
37 41 217 1
41 37 217 1
22 23 140 1
23 22 140 1
25 31 272 1
31 25 272 1
44 80 785 1
80 44 785 1
55 98 606 1
98 55 606 1
35 77 284 1
77 35 284 1
51 91 505 1
91 51 505 1
113 115 188 1
115 113 188 1
7 18 581 1
18 7 581 1
37 71 401 1
71 37 401 1
76 104 623 1
104 76 623 1
2 64 992 1
64 2 992 1
13 65 935 1
65 13 935 1
14 84 681 1
84 14 681 1
98 112 277 1
112 98 277 1
1 68 549 1
68 1 549 1
60 63 1021 1
63 60 1021 1
101 107 310 1
107 101 310 1
37 77 246 1
77 37 246 1
52 53 746 1
53 52 746 1
6 68 723 1
68 6 723 1
23 27 506 1
27 23 506 1
40 107 641 1
107 40 641 1
58 61 717 1
61 58 717 1
10 11 986 1
11 10 986 1
13 72 796 1
72 13 796 1
49 98 742 1
98 49 742 1
110 111 172 1
111 110 172 1
4 14 255 1
14 4 255 1
10 28 213 1
28 10 213 1
43 98 522 1
98 43 522 1
84 87 1148 1
87 84 1148 1
15 72 724 1
72 15 724 1
103 107 239 1
107 103 239 1
32 72 471 1
72 32 471 1
53 91 265 1
91 53 265 1
5 48 1432 1
48 5 1432 1
25 84 1066 1
84 25 1066 1
38 74 265 1
74 38 265 1
68 90 1109 1
90 68 1109 1
12 58 1025 1
58 12 1025 1
77 105 632 1
105 77 632 1
3 92 1420 1
92 3 1420 1
44 51 440 1
51 44 440 1
69 81 801 1
81 69 801 1
97 104 399 1
104 97 399 1
61 102 1213 1
102 61 1213 1
74 76 203 1
76 74 203 1
80 83 1100 1
83 80 1100 1
91 92 669 1
92 91 669 1
29 30 533 1
30 29 533 1
29 83 227 1
83 29 227 1
39 41 161 1
41 39 161 1
40 108 451 1
108 40 451 1
60 66 370 1
66 60 370 1
44 81 890 1
81 44 890 1
85 88 1097 1
88 85 1097 1
13 15 277 1
15 13 277 1
60 65 898 1
65 60 898 1
81 112 823 1
112 81 823 1
32 102 997 1
102 32 997 1
36 37 542 1
37 36 542 1
41 109 485 1
109 41 485 1
91 112 368 1
112 91 368 1
96 111 286 1
111 96 286 1
27 115 829 1
115 27 829 1
77 106 633 1
106 77 633 1
100 103 576 1
103 100 576 1
29 32 631 1
32 29 631 1
57 78 938 1
78 57 938 1
72 78 300 1
78 72 300 1
85 89 220 1
89 85 220 1
45 46 448 1
46 45 448 1
73 74 458 1
74 73 458 1
76 105 661 1
105 76 661 1
46 97 424 1
97 46 424 1
103 114 282 1
114 103 282 1
41 97 446 1
97 41 446 1
29 80 961 1
80 29 961 1
40 114 619 1
114 40 619 1
9 14 725 1
14 9 725 1
18 68 315 1
68 18 315 1
46 54 354 1
54 46 354 1
20 40 225 1
40 20 225 1
28 81 975 1
81 28 975 1
2 19 481 1
19 2 481 1
61 65 175 1
65 61 175 1
2 60 843 1
60 2 843 1
27 84 956 1
84 27 956 1
0 19 488 1
19 0 488 1
44 47 404 1
47 44 404 1
74 97 582 1
97 74 582 1
38 79 739 1
79 38 739 1
95 115 205 1
115 95 205 1
52 59 956 1
59 52 956 1
8 71 624 1
71 8 624 1
51 70 1035 1
70 51 1035 1
76 103 780 1
103 76 780 1
39 103 503 1
103 39 503 1
58 64 312 1
64 58 312 1
71 72 402 1
72 71 402 1
92 113 313 1
113 92 313 1
5 88 1026 1
88 5 1026 1
27 85 894 1
85 27 894 1
9 83 411 1
83 9 411 1
39 65 768 1
65 39 768 1
47 55 367 1
55 47 367 1
37 53 629 1
53 37 629 1
94 110 220 1
110 94 220 1
69 90 1119 1
90 69 1119 1
101 105 274 1
105 101 274 1
17 94 764 1
94 17 764 1
50 52 243 1
52 50 243 1
4 20 334 1
20 4 334 1
59 61 271 1
61 59 271 1
36 94 246 1
94 36 246 1
2 89 1170 1
89 2 1170 1
45 99 570 1
99 45 570 1
6 22 333 1
22 6 333 1
22 88 1044 1
88 22 1044 1
27 40 481 1
40 27 481 1
62 63 1134 1
63 62 1134 1
17 81 182 1
81 17 182 1
74 86 416 1
86 74 416 1
20 69 935 1
69 20 935 1
104 114 171 1
114 104 171 1
31 33 517 1
33 31 517 1
55 79 394 1
79 55 394 1
18 22 537 1
22 18 537 1
36 38 122 1
38 36 122 1
37 94 426 1
94 37 426 1
57 80 1050 1
80 57 1050 1
59 63 501 1
63 59 501 1
3 88 1145 1
88 3 1145 1
79 94 650 1
94 79 650 1
2 66 917 1
66 2 917 1
16 63 1092 1
63 16 1092 1
32 61 611 1
61 32 611 1
33 67 474 1
67 33 474 1
36 74 242 1
74 36 242 1
48 58 400 1
58 48 400 1
57 90 1197 1
90 57 1197 1
16 17 998 1
17 16 998 1
28 29 741 1
29 28 741 1
3 27 634 1
27 3 634 1
12 66 1000 1
66 12 1000 1
13 63 653 1
63 13 653 1
44 82 1116 1
82 44 1116 1
47 111 188 1
111 47 188 1
94 111 316 1
111 94 316 1
15 20 521 1
20 15 521 1
36 97 483 1
97 36 483 1
53 99 316 1
99 53 316 1
105 106 359 1
106 105 359 1
39 74 501 1
74 39 501 1
48 52 415 1
52 48 415 1
104 107 401 1
107 104 401 1
21 26 271 1
26 21 271 1
52 89 1027 1
89 52 1027 1
1 90 1264 1
90 1 1264 1
17 112 924 1
112 17 924 1
79 109 545 1
109 79 545 1
105 110 411 1
110 105 411 1
50 85 1013 1
85 50 1013 1
55 94 428 1
94 55 428 1
91 94 561 1
94 91 561 1
12 13 959 1
13 12 959 1
15 82 832 1
82 15 832 1
8 72 485 1
72 8 485 1
55 99 216 1
99 55 216 1
96 104 297 1
104 96 297 1
61 72 984 1
72 61 984 1
100 113 356 1
113 100 356 1
104 110 417 1
110 104 417 1
54 98 204 1
98 54 204 1
102 113 317 1
113 102 317 1
25 85 1018 1
85 25 1018 1
24 31 318 1
31 24 318 1
41 55 403 1
55 41 403 1
66 67 177 1
67 66 177 1
0 3 712 1
3 0 712 1
3 5 603 1
5 3 603 1
6 18 473 1
18 6 473 1
11 96 956 1
96 11 956 1
27 114 923 1
114 27 923 1
52 54 402 1
54 52 402 1
90 113 376 1
113 90 376 1
101 114 359 1
114 101 359 1
97 98 437 1
98 97 437 1
6 58 957 1
58 6 957 1
13 29 290 1
29 13 290 1
44 99 632 1
99 44 632 1
80 115 707 1
115 80 707 1
82 86 143 1
86 82 143 1
0 89 1205 1
89 0 1205 1
36 76 232 1
76 36 232 1
36 109 326 1
109 36 326 1
40 115 529 1
115 40 529 1
63 101 920 1
101 63 920 1
91 113 366 1
113 91 366 1
2 58 959 1
58 2 959 1
54 74 471 1
74 54 471 1
57 81 488 1
81 57 488 1
72 83 754 1
83 72 754 1
21 27 209 1
27 21 209 1
32 101 1092 1
101 32 1092 1
33 41 611 1
41 33 611 1
37 105 506 1
105 37 506 1
64 65 897 1
65 64 897 1
79 81 136 1
81 79 136 1
52 90 240 1
90 52 240 1
53 55 448 1
55 53 448 1
96 105 387 1
105 96 387 1
7 68 821 1
68 7 821 1
14 69 1104 1
69 14 1104 1
52 58 705 1
58 52 705 1
52 91 777 1
91 52 777 1
69 115 1010 1
115 69 1010 1
6 64 941 1
64 6 941 1
37 79 267 1
79 37 267 1
53 76 824 1
76 53 824 1
81 84 1146 1
84 81 1146 1
16 81 1063 1
81 16 1063 1
40 72 200 1
72 40 200 1
77 107 536 1
107 77 536 1
108 115 135 1
115 108 135 1
24 65 1330 1
65 24 1330 1
24 67 1223 1
67 24 1223 1
85 86 1120 1
86 85 1120 1
0 68 414 1
68 0 414 1
37 96 506 1
96 37 506 1
38 41 513 1
41 38 513 1
60 100 938 1
100 60 938 1
84 115 643 1
115 84 643 1
64 88 675 1
88 64 675 1
42 82 1028 1
82 42 1028 1
45 98 655 1
98 45 655 1
66 88 875 1
88 66 875 1
7 22 454 1
22 7 454 1
49 55 664 1
55 49 664 1
5 23 453 1
23 5 453 1
24 71 494 1
71 24 494 1
41 74 484 1
74 41 484 1
11 104 1111 1
104 11 1111 1
54 111 422 1
111 54 422 1
80 82 469 1
82 80 469 1
28 30 436 1
30 28 436 1
80 95 719 1
95 80 719 1
109 111 273 1
111 109 273 1
25 86 638 1
86 25 638 1
42 99 482 1
99 42 482 1
15 28 819 1
28 15 819 1
15 80 1098 1
80 15 1098 1
46 53 547 1
53 46 547 1
67 107 894 1
107 67 894 1
4 83 726 1
83 4 726 1
41 105 605 1
105 41 605 1
43 84 824 1
84 43 824 1
47 112 265 1
112 47 265 1
86 110 816 1
110 86 816 1
102 104 159 1
104 102 159 1
47 96 412 1
96 47 412 1
24 82 536 1
82 24 536 1
38 105 521 1
105 38 521 1
46 109 326 1
109 46 326 1
14 26 321 1
26 14 321 1
15 24 514 1
24 15 514 1
37 104 610 1
104 37 610 1
105 109 371 1
109 105 371 1
7 100 1408 1
100 7 1408 1
27 48 1308 1
48 27 1308 1
80 112 813 1
112 80 813 1
86 88 460 1
88 86 460 1
8 13 868 1
13 8 868 1
33 104 965 1
104 33 965 1
43 99 372 1
99 43 372 1
46 99 446 1
99 46 446 1
65 97 657 1
97 65 657 1
94 98 264 1
98 94 264 1
31 87 639 1
87 31 639 1
31 85 906 1
85 31 906 1
44 98 563 1
98 44 563 1
55 103 351 1
103 55 351 1
76 109 320 1
109 76 320 1
84 86 610 1
86 84 610 1
98 110 300 1
110 98 300 1
5 11 579 1
11 5 579 1
9 65 1235 1
65 9 1235 1
14 27 449 1
27 14 449 1
23 24 403 1
24 23 403 1
25 34 1006 1
34 25 1006 1
44 46 353 1
46 44 353 1
56 78 391 1
78 56 391 1
68 69 164 1
69 68 164 1
1 6 868 1
6 1 868 1
2 3 405 1
3 2 405 1
15 81 596 1
81 15 596 1
22 64 1169 1
64 22 1169 1
13 96 1032 1
96 13 1032 1
15 65 1052 1
65 15 1052 1
96 99 428 1
99 96 428 1
0 56 174 1
56 0 174 1
11 33 518 1
33 11 518 1
12 48 1186 1
48 12 1186 1
62 66 562 1
66 62 562 1
4 21 414 1
21 4 414 1
69 70 750 1
70 69 750 1
4 65 1344 1
65 4 1344 1
62 64 300 1
64 62 300 1
17 62 1129 1
62 17 1129 1
34 77 351 1
77 34 351 1
46 112 262 1
112 46 262 1
14 72 328 1
72 14 328 1
54 91 742 1
91 54 742 1
0 18 364 1
18 0 364 1
20 27 271 1
27 20 271 1
56 75 833 1
75 56 833 1
69 92 1197 1
92 69 1197 1
19 112 1132 1
112 19 1132 1
25 50 1404 1
50 25 1404 1
61 106 1151 1
106 61 1151 1
63 72 944 1
72 63 944 1
83 84 1154 1
84 83 1154 1
13 39 622 1
39 13 622 1
52 56 797 1
56 52 797 1
76 101 848 1
101 76 848 1
99 111 265 1
111 99 265 1
33 82 804 1
82 33 804 1
44 78 731 1
78 44 731 1
45 82 1188 1
82 45 1188 1
76 107 636 1
107 76 636 1
92 100 157 1
100 92 157 1
1 3 446 1
3 1 446 1
3 19 382 1
19 3 382 1
17 73 298 1
73 17 298 1
29 78 851 1
78 29 851 1
41 104 687 1
104 41 687 1
56 90 896 1
90 56 896 1
1 57 172 1
57 1 172 1
17 63 324 1
63 17 324 1
30 83 641 1
83 30 641 1
79 97 479 1
97 79 479 1
20 26 232 1
26 20 232 1
33 63 547 1
63 33 547 1
41 110 601 1
110 41 601 1
70 72 158 1
72 70 158 1
37 87 433 1
87 37 433 1
40 76 327 1
76 40 327 1
77 101 754 1
101 77 754 1
1 11 394 1
11 1 394 1
18 89 1085 1
89 18 1085 1
49 81 721 1
81 49 721 1
70 73 402 1
73 70 402 1
99 113 264 1
113 99 264 1
46 79 801 1
79 46 801 1
72 82 298 1
82 72 298 1
9 29 484 1
29 9 484 1
13 101 1137 1
101 13 1137 1
25 71 434 1
71 25 434 1
29 49 928 1
49 29 928 1
53 54 818 1
54 53 818 1
18 31 574 1
31 18 574 1
28 40 248 1
40 28 248 1
29 71 259 1
71 29 259 1
104 109 377 1
109 104 377 1
31 82 641 1
82 31 641 1
33 61 545 1
61 33 545 1
35 110 305 1
110 35 305 1
54 79 860 1
79 54 860 1
0 90 1005 1
90 0 1005 1
11 103 1036 1
103 11 1036 1
20 108 552 1
108 20 552 1
65 96 837 1
96 65 837 1
8 65 1425 1
65 8 1425 1
13 103 1103 1
103 13 1103 1
28 87 873 1
87 28 873 1
44 72 894 1
72 44 894 1
101 113 350 1
113 101 350 1
6 62 702 1
62 6 702 1
34 107 734 1
107 34 734 1
40 80 433 1
80 40 433 1
74 105 731 1
105 74 731 1
24 64 1287 1
64 24 1287 1
49 112 609 1
112 49 609 1
30 33 526 1
33 30 526 1
44 83 1178 1
83 44 1178 1
78 115 652 1
115 78 652 1
13 71 401 1
71 13 401 1
14 25 491 1
25 14 491 1
27 95 702 1
95 27 702 1
51 54 884 1
54 51 884 1
67 82 1079 1
82 67 1079 1
65 100 1146 1
100 65 1146 1
11 110 876 1
110 11 876 1
30 82 534 1
82 30 534 1
38 86 366 1
86 38 366 1
5 89 870 1
89 5 870 1
11 27 611 1
27 11 611 1
25 48 1425 1
48 25 1425 1
26 77 632 1
77 26 632 1
35 76 333 1
76 35 333 1
63 65 312 1
65 63 312 1
50 53 744 1
53 50 744 1
67 84 830 1
84 67 830 1
6 66 934 1
66 6 934 1
34 67 275 1
67 34 275 1
17 36 828 1
36 17 828 1
19 90 1212 1
90 19 1212 1
42 84 665 1
84 42 665 1
0 7 871 1
7 0 871 1
40 113 703 1
113 40 703 1
92 115 404 1
115 92 404 1
10 14 380 1
14 10 380 1
13 33 629 1
33 13 629 1
32 100 1015 1
100 32 1015 1
34 114 610 1
114 34 610 1
54 105 491 1
105 54 491 1
57 68 520 1
68 57 520 1
69 95 876 1
95 69 876 1
81 83 446 1
83 81 446 1
27 34 903 1
34 27 903 1
36 81 848 1
81 36 848 1
97 103 349 1
103 97 349 1
86 109 700 1
109 86 700 1
16 71 654 1
71 16 654 1
37 103 537 1
103 37 537 1
49 72 1014 1
72 49 1014 1
79 96 717 1
96 79 717 1
0 69 556 1
69 0 556 1
1 69 441 1
69 1 441 1
34 84 580 1
84 34 580 1
43 50 494 1
50 43 494 1
53 57 825 1
57 53 825 1
73 109 538 1
109 73 538 1
94 112 366 1
112 94 366 1
6 89 1224 1
89 6 1224 1
9 82 826 1
82 9 826 1
20 72 238 1
72 20 238 1
40 106 412 1
106 40 412 1
55 74 679 1
74 55 679 1
10 93 1289 1
93 10 1289 1
24 25 135 1
25 24 135 1
65 94 821 1
94 65 821 1
4 7 733 1
7 4 733 1
24 72 544 1
72 24 544 1
32 106 871 1
106 32 871 1
8 83 868 1
83 8 868 1
16 39 805 1
39 16 805 1
27 43 1124 1
43 27 1124 1
39 46 678 1
46 39 678 1
0 57 825 1
57 0 825 1
17 109 666 1
109 17 666 1
29 82 824 1
82 29 824 1
32 67 439 1
67 32 439 1
36 41 570 1
41 36 570 1
46 111 189 1
111 46 189 1
74 104 675 1
104 74 675 1
16 29 882 1
29 16 882 1
24 62 1081 1
62 24 1081 1
31 34 815 1
34 31 815 1
36 54 228 1
54 36 228 1
42 50 271 1
50 42 271 1
72 95 570 1
95 72 570 1
5 77 694 1
77 5 694 1
15 44 1279 1
44 15 1279 1
41 76 493 1
76 41 493 1
66 89 963 1
89 66 963 1
91 98 616 1
98 91 616 1
13 35 841 1
35 13 841 1
18 88 1010 1
88 18 1010 1
22 31 234 1
31 22 234 1
31 41 528 1
41 31 528 1
93 107 357 1
107 93 357 1
16 79 934 1
79 16 934 1
93 113 317 1
113 93 317 1
29 41 234 1
41 29 234 1
29 70 512 1
70 29 512 1
34 85 678 1
85 34 678 1
74 96 467 1
96 74 467 1
34 70 564 1
70 34 564 1
38 111 560 1
111 38 560 1
45 83 1099 1
83 45 1099 1
59 102 1214 1
102 59 1214 1
68 91 1170 1
91 68 1170 1
2 88 959 1
88 2 959 1
13 100 1359 1
100 13 1359 1
20 92 945 1
92 20 945 1
31 38 708 1
38 31 708 1
31 110 923 1
110 31 923 1
44 84 739 1
84 44 739 1
49 53 406 1
53 49 406 1
58 88 918 1
88 58 918 1
58 89 1156 1
89 58 1156 1
102 105 355 1
105 102 355 1
10 33 638 1
33 10 638 1
21 67 905 1
67 21 905 1
74 110 560 1
110 74 560 1
1 18 493 1
18 1 493 1
18 23 573 1
23 18 573 1
79 110 592 1
110 79 592 1
16 49 1030 1
49 16 1030 1
33 60 632 1
60 33 632 1
33 76 380 1
76 33 380 1
75 89 504 1
89 75 504 1
79 111 717 1
111 79 717 1
85 110 584 1
110 85 584 1
0 88 782 1
88 0 782 1
5 85 946 1
85 5 946 1
24 33 797 1
33 24 797 1
27 88 863 1
88 27 863 1
29 44 1005 1
44 29 1005 1
76 106 536 1
106 76 536 1
76 114 580 1
114 76 580 1
97 99 180 1
99 97 180 1
8 32 867 1
32 8 867 1
26 75 488 1
75 26 488 1
46 110 220 1
110 46 220 1
97 111 292 1
111 97 292 1
0 1 800 1
1 0 800 1
5 14 572 1
14 5 572 1
7 92 1445 1
92 7 1445 1
10 64 755 1
64 10 755 1
51 98 763 1
98 51 763 1
90 92 135 1
92 90 135 1
49 78 930 1
78 49 930 1
6 90 1185 1
90 6 1185 1
60 102 963 1
102 60 963 1
74 94 426 1
94 74 426 1
91 111 390 1
111 91 390 1
5 75 500 1
75 5 500 1
37 91 517 1
91 37 517 1
41 53 839 1
53 41 839 1
53 75 842 1
75 53 842 1
90 99 615 1
99 90 615 1
2 68 671 1
68 2 671 1
23 69 907 1
69 23 907 1
67 93 875 1
93 67 875 1
67 106 941 1
106 67 941 1
7 9 490 1
9 7 490 1
9 26 419 1
26 9 419 1
9 71 488 1
71 9 488 1
16 72 287 1
72 16 287 1
20 115 646 1
115 20 646 1
53 79 677 1
79 53 677 1
87 110 837 1
110 87 837 1
91 114 389 1
114 91 389 1
14 115 869 1
115 14 869 1
16 36 349 1
36 16 349 1
16 78 122 1
78 16 122 1
35 65 453 1
65 35 453 1
36 68 821 1
68 36 821 1
61 100 1241 1
100 61 1241 1
92 111 381 1
111 92 381 1
1 112 1078 1
112 1 1078 1
4 71 523 1
71 4 523 1
14 80 575 1
80 14 575 1
25 37 745 1
37 25 745 1
35 105 686 1
105 35 686 1
62 65 1049 1
65 62 1049 1
4 72 467 1
72 4 467 1
21 24 413 1
24 21 413 1
32 77 383 1
77 32 383 1
36 39 517 1
39 36 517 1
37 86 777 1
86 37 777 1
52 88 542 1
88 52 542 1
14 44 1213 1
44 14 1213 1
44 50 287 1
50 44 287 1
45 67 282 1
67 45 282 1
105 114 152 1
114 105 152 1
20 25 402 1
25 20 402 1
32 63 656 1
63 32 656 1
40 84 485 1
84 40 485 1
59 89 931 1
89 59 931 1
100 104 240 1
104 100 240 1
31 50 1246 1
50 31 1246 1
45 96 643 1
96 45 643 1
72 84 493 1
84 72 493 1
87 109 723 1
109 87 723 1
17 54 969 1
54 17 969 1
20 83 565 1
83 20 565 1
33 103 1025 1
103 33 1025 1
35 37 446 1
37 35 446 1
41 63 682 1
63 41 682 1
57 113 1031 1
113 57 1031 1
93 100 653 1
100 93 653 1
3 85 893 1
85 3 893 1
8 61 1371 1
61 8 1371 1
17 68 840 1
68 17 840 1
19 69 323 1
69 19 323 1
21 95 510 1
95 21 510 1
25 40 618 1
40 25 618 1
31 75 419 1
75 31 419 1
33 77 332 1
77 33 332 1
33 110 636 1
110 33 636 1
40 101 898 1
101 40 898 1
63 102 1192 1
102 63 1192 1
86 98 757 1
98 86 757 1
106 115 278 1
115 106 278 1
0 10 381 1
10 0 381 1
6 100 1229 1
100 6 1229 1
23 84 1113 1
84 23 1113 1
36 91 802 1
91 36 802 1
39 86 698 1
86 39 698 1
8 29 833 1
29 8 833 1
29 36 705 1
36 29 705 1
39 79 371 1
79 39 371 1
54 104 337 1
104 54 337 1
76 97 459 1
97 76 459 1
83 87 158 1
87 83 158 1
0 64 574 1
64 0 574 1
11 13 168 1
13 11 168 1
33 35 375 1
35 33 375 1
49 80 1008 1
80 49 1008 1
73 79 296 1
79 73 296 1
77 100 819 1
100 77 819 1
81 115 734 1
115 81 734 1
20 24 393 1
24 20 393 1
26 40 419 1
40 26 419 1
56 89 1199 1
89 56 1199 1
2 12 394 1
12 2 394 1
3 31 315 1
31 3 315 1
16 37 809 1
37 16 809 1
27 87 439 1
87 27 439 1
35 38 574 1
38 35 574 1
36 46 482 1
46 36 482 1
37 73 278 1
73 37 278 1
5 107 867 1
107 5 867 1
15 45 1217 1
45 15 1217 1
27 113 1016 1
113 27 1016 1
31 74 479 1
74 31 479 1
38 104 427 1
104 38 427 1
43 51 245 1
51 43 245 1
79 87 531 1
87 79 531 1
102 114 295 1
114 102 295 1
1 92 1314 1
92 1 1314 1
34 35 126 1
35 34 126 1
34 87 945 1
87 34 945 1
35 104 705 1
104 35 705 1
47 87 906 1
87 47 906 1
4 26 161 1
26 4 161 1
35 67 262 1
67 35 262 1
56 63 1014 1
63 56 1014 1
5 92 1324 1
92 5 1324 1
15 69 1077 1
69 15 1077 1
17 72 781 1
72 17 781 1
40 77 472 1
77 40 472 1
57 115 958 1
115 57 958 1
96 103 531 1
103 96 531 1
98 109 329 1
109 98 329 1
17 79 135 1
79 17 135 1
36 112 594 1
112 36 594 1
70 78 427 1
78 70 427 1
73 94 596 1
94 73 596 1
11 105 1020 1
105 11 1020 1
16 94 579 1
94 16 579 1
25 110 1042 1
110 25 1042 1
40 75 477 1
75 40 477 1
48 70 972 1
70 48 972 1
92 114 349 1
114 92 349 1
3 68 689 1
68 3 689 1
10 82 401 1
82 10 401 1
11 83 383 1
83 11 383 1
20 73 397 1
73 20 397 1
37 111 552 1
111 37 552 1
49 50 585 1
50 49 585 1
58 73 998 1
73 58 998 1
102 107 560 1
107 102 560 1
13 60 1245 1
60 13 1245 1
15 32 852 1
32 15 852 1
17 38 824 1
38 17 824 1
58 63 892 1
63 58 892 1
67 114 792 1
114 67 792 1
4 95 869 1
95 4 869 1
22 50 1336 1
50 22 1336 1
29 75 189 1
75 29 189 1
32 103 1045 1
103 32 1045 1
36 73 600 1
73 36 600 1
36 110 412 1
110 36 412 1
62 68 629 1
68 62 629 1
77 102 773 1
102 77 773 1
8 20 420 1
20 8 420 1
12 64 932 1
64 12 932 1
16 97 797 1
97 16 797 1
44 115 684 1
115 44 684 1
51 52 786 1
52 51 786 1
54 86 568 1
86 54 568 1
57 63 249 1
63 57 249 1
59 60 718 1
60 59 718 1
11 93 1055 1
93 11 1055 1
34 76 309 1
76 34 309 1
40 70 311 1
70 40 311 1
70 77 376 1
77 70 376 1
70 115 709 1
115 70 709 1
71 77 297 1
77 71 297 1
5 10 825 1
10 5 825 1
23 34 949 1
34 23 949 1
23 50 1386 1
50 23 1386 1
38 53 897 1
53 38 897 1
10 35 781 1
35 10 781 1
12 35 895 1
35 12 895 1
14 43 1181 1
43 14 1181 1
16 38 439 1
38 16 439 1
40 83 731 1
83 40 731 1
61 103 1017 1
103 61 1017 1
68 112 1063 1
112 68 1063 1
6 63 1114 1
63 6 1114 1
14 24 389 1
24 14 389 1
32 45 684 1
45 32 684 1
43 87 1011 1
87 43 1011 1
58 65 718 1
65 58 718 1
81 95 542 1
95 81 542 1
16 30 615 1
30 16 615 1
28 31 545 1
31 28 545 1
40 53 1023 1
53 40 1023 1
42 51 463 1
51 42 463 1
50 84 554 1
84 50 554 1
54 59 1020 1
59 54 1020 1
99 114 265 1
114 99 265 1
10 30 501 1
30 10 501 1
13 104 1167 1
104 13 1167 1
25 53 1369 1
53 25 1369 1
29 45 930 1
45 29 930 1
34 106 693 1
106 34 693 1
37 46 651 1
46 37 651 1
54 99 587 1
99 54 587 1
60 67 538 1
67 60 538 1
17 97 605 1
97 17 605 1
39 59 935 1
59 39 935 1
43 55 485 1
55 43 485 1
86 96 642 1
96 86 642 1
5 21 332 1
21 5 332 1
11 26 714 1
26 11 714 1
13 17 364 1
17 13 364 1
28 78 272 1
78 28 272 1
31 62 966 1
62 31 966 1
33 106 906 1
106 33 906 1
38 87 730 1
87 38 730 1
70 75 355 1
75 70 355 1
87 98 1003 1
98 87 1003 1
3 11 395 1
11 3 395 1
14 20 320 1
20 14 320 1
23 92 1466 1
92 23 1466 1
27 50 1279 1
50 27 1279 1
64 66 392 1
66 64 392 1
82 87 849 1
87 82 849 1
82 115 739 1
115 82 739 1
94 99 399 1
99 94 399 1
103 110 496 1
110 103 496 1
10 31 619 1
31 10 619 1
16 55 931 1
55 16 931 1
31 86 707 1
86 31 707 1
41 103 653 1
103 41 653 1
48 90 628 1
90 48 628 1
68 94 894 1
94 68 894 1
91 95 424 1
95 91 424 1
6 61 1132 1
61 6 1132 1
13 105 1080 1
105 13 1080 1
14 29 801 1
29 14 801 1
33 34 394 1
34 33 394 1
39 71 417 1
71 39 417 1
44 67 332 1
67 44 332 1
46 105 514 1
105 46 514 1
87 107 525 1
107 87 525 1
90 95 589 1
95 90 589 1
29 79 257 1
79 29 257 1
31 84 971 1
84 31 971 1
37 51 673 1
51 37 673 1
55 111 434 1
111 55 434 1
69 91 1081 1
91 69 1081 1
73 100 1005 1
100 73 1005 1
21 109 565 1
109 21 565 1
33 79 486 1
79 33 486 1
46 74 677 1
74 46 677 1
61 76 764 1
76 61 764 1
75 76 374 1
76 75 374 1
89 105 535 1
105 89 535 1
1 113 1104 1
113 1 1104 1
14 49 1337 1
49 14 1337 1
23 115 1150 1
115 23 1150 1
31 83 561 1
83 31 561 1
31 109 819 1
109 31 819 1
33 101 1066 1
101 33 1066 1
38 76 305 1
76 38 305 1
3 87 809 1
87 3 809 1
7 64 1244 1
64 7 1244 1
13 16 1048 1
16 13 1048 1
24 32 845 1
32 24 845 1
34 115 566 1
115 34 566 1
90 98 163 1
98 90 163 1
4 82 403 1
82 4 403 1
26 115 841 1
115 26 841 1
31 79 660 1
79 31 660 1
36 87 808 1
87 36 808 1
55 112 466 1
112 55 466 1
69 84 944 1
84 69 944 1
71 79 426 1
79 71 426 1
73 92 1046 1
92 73 1046 1
84 88 224 1
88 84 224 1
57 69 378 1
69 57 378 1
93 106 650 1
106 93 650 1
13 55 790 1
55 13 790 1
25 82 617 1
82 25 617 1
51 55 568 1
55 51 568 1
58 90 890 1
90 58 890 1
90 115 420 1
115 90 420 1
100 107 640 1
107 100 640 1
1 91 1007 1
91 1 1007 1
10 22 580 1
22 10 580 1
31 64 1128 1
64 31 1128 1
45 51 254 1
51 45 254 1
53 56 1149 1
56 53 1149 1
56 107 1138 1
107 56 1138 1
60 101 1230 1
101 60 1230 1
6 12 248 1
12 6 248 1
52 66 667 1
66 52 667 1
60 106 915 1
106 60 915 1
10 48 1025 1
48 10 1025 1
41 46 810 1
46 41 810 1
43 82 1085 1
82 43 1085 1
53 107 600 1
107 53 600 1
61 80 1112 1
80 61 1112 1
74 112 785 1
112 74 785 1
11 35 710 1
35 11 710 1
16 80 152 1
80 16 152 1
21 23 542 1
23 21 542 1
54 73 776 1
73 54 776 1
60 62 241 1
62 60 241 1
83 95 609 1
95 83 609 1
14 42 1146 1
42 14 1146 1
25 28 633 1
28 25 633 1
56 106 934 1
106 56 934 1
13 28 892 1
28 13 892 1
21 76 440 1
76 21 440 1
32 44 667 1
44 32 667 1
34 92 737 1
92 34 737 1
35 70 574 1
70 35 574 1
61 66 546 1
66 61 546 1
14 23 650 1
23 14 650 1
19 83 893 1
83 19 893 1
93 101 103 1
101 93 103 1
27 69 1092 1
69 27 1092 1
27 106 796 1
106 27 796 1
53 74 995 1
74 53 995 1
71 80 755 1
80 71 755 1
12 61 1246 1
61 12 1246 1
17 61 534 1
61 17 534 1
23 87 803 1
87 23 803 1
25 79 804 1
79 25 804 1
41 79 379 1
79 41 379 1
45 55 662 1
55 45 662 1
54 76 415 1
76 54 415 1
24 29 657 1
29 24 657 1
32 70 418 1
70 32 418 1
58 69 426 1
69 58 426 1
8 100 1159 1
100 8 1159 1
20 80 604 1
80 20 604 1
27 82 524 1
82 27 524 1
46 76 517 1
76 46 517 1
59 73 875 1
73 59 875 1
1 4 1035 1
4 1 1035 1
15 61 998 1
61 15 998 1
32 60 487 1
60 32 487 1
53 77 709 1
77 53 709 1
2 23 340 1
23 2 340 1
10 60 650 1
60 10 650 1
17 74 721 1
74 17 721 1
21 25 360 1
25 21 360 1
58 102 1067 1
102 58 1067 1
81 94 732 1
94 81 732 1
17 39 453 1
39 17 453 1
71 87 510 1
87 71 510 1
78 90 619 1
90 78 619 1
7 69 790 1
69 7 790 1
13 37 594 1
37 13 594 1
19 108 910 1
108 19 910 1
24 83 669 1
83 24 669 1
30 39 678 1
39 30 678 1
32 34 327 1
34 32 327 1
32 71 466 1
71 32 466 1
34 100 771 1
100 34 771 1
74 77 362 1
77 74 362 1
7 102 1355 1
102 7 1355 1
18 85 983 1
85 18 983 1
29 33 510 1
33 29 510 1
46 51 585 1
51 46 585 1
71 81 550 1
81 71 550 1
78 84 235 1
84 78 235 1
12 111 1115 1
111 12 1115 1
24 66 1233 1
66 24 1233 1
33 107 867 1
107 33 867 1
36 78 263 1
78 36 263 1
37 75 239 1
75 37 239 1
44 70 930 1
70 44 930 1
67 69 345 1
69 67 345 1
87 88 1035 1
88 87 1035 1
5 40 642 1
40 5 642 1
9 13 376 1
13 9 376 1
11 106 1080 1
106 11 1080 1
20 82 329 1
82 20 329 1
39 76 461 1
76 39 461 1
53 87 998 1
87 53 998 1
55 76 571 1
76 55 571 1
75 104 746 1
104 75 746 1
76 110 394 1
110 76 394 1
6 59 1126 1
59 6 1126 1
20 67 918 1
67 20 918 1
53 71 983 1
71 53 983 1
67 71 764 1
71 67 764 1
67 115 767 1
115 67 767 1
70 80 524 1
80 70 524 1
72 73 517 1
73 72 517 1
73 111 787 1
111 73 787 1
80 108 630 1
108 80 630 1
10 13 1004 1
13 10 1004 1
17 19 648 1
19 17 648 1
25 38 749 1
38 25 749 1
36 96 257 1
96 36 257 1
48 88 830 1
88 48 830 1
9 72 761 1
72 9 761 1
16 56 380 1
56 16 380 1
32 35 357 1
35 32 357 1
35 93 718 1
93 35 718 1
40 87 708 1
87 40 708 1
44 62 682 1
62 44 682 1
73 102 944 1
102 73 944 1
4 100 1129 1
100 4 1129 1
5 115 972 1
115 5 972 1
19 57 426 1
57 19 426 1
27 67 1105 1
67 27 1105 1
30 74 403 1
74 30 403 1
38 73 580 1
73 38 580 1
72 79 733 1
79 72 733 1
78 79 878 1
79 78 878 1
1 2 743 1
2 1 743 1
20 91 956 1
91 20 956 1
29 31 454 1
31 29 454 1
33 64 737 1
64 33 737 1
35 114 586 1
114 35 586 1
37 99 410 1
99 37 410 1
38 46 544 1
46 38 544 1
45 112 552 1
112 45 552 1
51 78 1004 1
78 51 1004 1
70 102 879 1
102 70 879 1
25 51 1371 1
51 25 1371 1
28 49 1091 1
49 28 1091 1
40 81 874 1
81 40 874 1
48 85 925 1
85 48 925 1
53 104 704 1
104 53 704 1
69 72 809 1
72 69 809 1
86 97 801 1
97 86 801 1
42 83 1110 1
83 42 1110 1
45 81 759 1
81 45 759 1
15 49 1219 1
49 15 1219 1
30 64 1064 1
64 30 1064 1
35 103 749 1
103 35 749 1
40 93 908 1
93 40 908 1
43 85 559 1
85 43 559 1
54 112 454 1
112 54 454 1
73 90 1009 1
90 73 1009 1
101 108 495 1
108 101 495 1
2 62 788 1
62 2 788 1
5 52 1379 1
52 5 1379 1
9 20 557 1
20 9 557 1
11 114 1023 1
114 11 1023 1
15 71 394 1
71 15 394 1
55 87 559 1
87 55 559 1
57 106 1143 1
106 57 1143 1
63 66 706 1
66 63 706 1
67 83 1007 1
83 67 1007 1
16 28 220 1
28 16 220 1
17 41 414 1
41 17 414 1
18 87 1063 1
87 18 1063 1
48 54 669 1
54 48 669 1
73 91 794 1
91 73 794 1
81 99 581 1
99 81 581 1
4 13 743 1
13 4 743 1
7 65 934 1
65 7 934 1
23 95 987 1
95 23 987 1
40 57 982 1
57 40 982 1
45 80 912 1
80 45 912 1
49 83 1093 1
83 49 1093 1
87 111 938 1
111 87 938 1
103 109 477 1
109 103 477 1
2 24 548 1
24 2 548 1
2 69 758 1
69 2 758 1
10 67 935 1
67 10 935 1
17 71 423 1
71 17 423 1
18 109 857 1
109 18 857 1
38 71 546 1
71 38 546 1
81 82 1081 1
82 81 1081 1
92 107 674 1
107 92 674 1
28 33 585 1
33 28 585 1
29 63 531 1
63 29 531 1
51 71 950 1
71 51 950 1
56 70 605 1
70 56 605 1
71 73 163 1
73 71 163 1
90 112 377 1
112 90 377 1
0 52 934 1
52 0 934 1
3 26 678 1
26 3 678 1
8 102 1117 1
102 8 1117 1
16 96 566 1
96 16 566 1
18 105 1215 1
105 18 1215 1
20 34 683 1
34 20 683 1
33 74 480 1
74 33 480 1
40 56 722 1
56 40 722 1
13 70 648 1
70 13 648 1
26 107 808 1
107 26 808 1
27 92 1167 1
92 27 1167 1
30 41 563 1
41 30 563 1
31 39 657 1
39 31 657 1
33 39 630 1
39 33 630 1
65 102 1120 1
102 65 1120 1
66 102 974 1
102 66 974 1
93 114 346 1
114 93 346 1
5 50 1417 1
50 5 1417 1
13 59 1042 1
59 13 1042 1
20 84 687 1
84 20 687 1
52 76 677 1
76 52 677 1
61 104 1114 1
104 61 1114 1
70 71 263 1
71 70 263 1
99 110 299 1
110 99 299 1
7 83 551 1
83 7 551 1
9 32 937 1
32 9 937 1
20 70 213 1
70 20 213 1
20 76 380 1
76 20 380 1
43 80 868 1
80 43 868 1
56 59 788 1
59 56 788 1
60 72 692 1
72 60 692 1
65 109 696 1
109 65 696 1
74 87 714 1
87 74 714 1
97 112 339 1
112 97 339 1
17 91 767 1
91 17 767 1
25 115 1008 1
115 25 1008 1
34 50 475 1
50 34 475 1
39 77 312 1
77 39 312 1
43 111 293 1
111 43 293 1
45 62 830 1
62 45 830 1
56 113 1026 1
113 56 1026 1
75 101 807 1
101 75 807 1
4 108 880 1
108 4 880 1
25 35 978 1
35 25 978 1
36 40 213 1
40 36 213 1
36 55 626 1
55 36 626 1
36 79 738 1
79 36 738 1
49 96 720 1
96 49 720 1
103 113 295 1
113 103 295 1
4 61 1291 1
61 4 1291 1
75 100 924 1
100 75 924 1
11 92 1324 1
92 11 1324 1
16 61 1070 1
61 16 1070 1
18 62 706 1
62 18 706 1
25 93 1273 1
93 25 1273 1
29 74 571 1
74 29 571 1
30 49 1208 1
49 30 1208 1
41 94 523 1
94 41 523 1
58 70 871 1
70 58 871 1
81 108 656 1
108 81 656 1
5 113 1156 1
113 5 1156 1
21 38 458 1
38 21 458 1
42 114 483 1
114 42 483 1
57 99 846 1
99 57 846 1
59 68 484 1
68 59 484 1
73 108 560 1
108 73 560 1
77 114 582 1
114 77 582 1
25 26 225 1
26 25 225 1
26 114 936 1
114 26 936 1
52 103 773 1
103 52 773 1
58 100 1047 1
100 58 1047 1
92 102 211 1
102 92 211 1
7 60 1133 1
60 7 1133 1
9 61 1165 1
61 9 1165 1
28 44 945 1
44 28 945 1
29 62 1067 1
62 29 1067 1
32 80 590 1
80 32 590 1
33 83 733 1
83 33 733 1
39 111 575 1
111 39 575 1
45 97 591 1
97 45 591 1
46 104 454 1
104 46 454 1
53 114 535 1
114 53 535 1
72 115 649 1
115 72 649 1
89 104 710 1
104 89 710 1
93 103 173 1
103 93 173 1
5 114 1065 1
114 5 1065 1
19 36 821 1
36 19 821 1
34 40 622 1
40 34 622 1
41 96 611 1
96 41 611 1
16 46 699 1
46 16 699 1
22 66 1066 1
66 22 1066 1
29 37 304 1
37 29 304 1
50 90 473 1
90 50 473 1
52 73 1055 1
73 52 1055 1
53 109 560 1
109 53 560 1
56 114 997 1
114 56 997 1
59 90 1104 1
90 59 1104 1
1 83 729 1
83 1 729 1
11 107 831 1
107 11 831 1
16 44 837 1
44 16 837 1
27 77 594 1
77 27 594 1
41 85 509 1
85 41 509 1
42 55 629 1
55 42 629 1
53 105 581 1
105 53 581 1
95 113 351 1
113 95 351 1
13 97 864 1
97 13 864 1
20 23 575 1
23 20 575 1
20 35 677 1
35 20 677 1
20 37 510 1
37 20 510 1
21 84 830 1
84 21 830 1
27 28 565 1
28 27 565 1
30 77 559 1
77 30 559 1
56 115 941 1
115 56 941 1
57 75 616 1
75 57 616 1
58 72 849 1
72 58 849 1
88 111 646 1
111 88 646 1
2 108 982 1
108 2 982 1
13 77 608 1
77 13 608 1
22 27 524 1
27 22 524 1
29 40 655 1
40 29 655 1
38 77 447 1
77 38 447 1
39 63 657 1
63 39 657 1
69 108 886 1
108 69 886 1
71 83 425 1
83 71 425 1
17 80 1070 1
80 17 1070 1
34 83 887 1
83 34 887 1
35 39 531 1
39 35 531 1
42 96 429 1
96 42 429 1
45 110 453 1
110 45 453 1
46 94 338 1
94 46 338 1
51 90 888 1
90 51 888 1
75 105 690 1
105 75 690 1
