116 2668
28 72 116 1
72 28 116 1
29 73 113 1
73 29 113 1
72 74 76 1
74 72 76 1
44 45 194 1
45 44 194 1
73 75 84 1
75 73 84 1
30 31 127 1
31 30 127 1
2 6 165 1
6 2 165 1
42 43 239 1
43 42 239 1
29 75 189 1
75 29 189 1
49 51 172 1
51 49 172 1
48 50 202 1
50 48 202 1
42 44 208 1
44 42 208 1
17 81 182 1
81 17 182 1
22 23 140 1
23 22 140 1
28 74 188 1
74 28 188 1
16 80 152 1
80 16 152 1
5 27 165 1
27 5 165 1
29 72 629 1
72 29 629 1
21 27 209 1
27 21 209 1
0 18 364 1
18 0 364 1
42 46 173 1
46 42 173 1
72 73 517 1
73 72 517 1
73 74 458 1
74 73 458 1
36 40 213 1
40 36 213 1
29 74 571 1
74 29 571 1
32 33 149 1
33 32 149 1
43 44 290 1
44 43 290 1
20 21 185 1
21 20 185 1
70 71 263 1
71 70 263 1
82 83 881 1
83 82 881 1
76 77 238 1
77 76 238 1
45 49 111 1
49 45 111 1
50 51 698 1
51 50 698 1
80 81 1113 1
81 80 1113 1
48 49 410 1
49 48 410 1
2 3 405 1
3 2 405 1
26 27 135 1
27 26 135 1
3 22 347 1
22 3 347 1
15 27 336 1
27 15 336 1
49 50 585 1
50 49 585 1
74 75 389 1
75 74 389 1
44 49 304 1
49 44 304 1
58 66 198 1
66 58 198 1
40 72 200 1
72 40 200 1
17 80 1070 1
80 17 1070 1
3 23 271 1
23 3 271 1
43 45 199 1
45 43 199 1
24 25 135 1
25 24 135 1
6 7 710 1
7 6 710 1
36 38 122 1
38 36 122 1
59 66 363 1
66 59 363 1
17 29 223 1
29 17 223 1
28 29 741 1
29 28 741 1
58 59 496 1
59 58 496 1
20 73 397 1
73 20 397 1
8 9 638 1
9 8 638 1
20 29 497 1
29 20 497 1
43 47 146 1
47 43 146 1
36 76 232 1
76 36 232 1
4 5 350 1
5 4 350 1
36 78 263 1
78 36 263 1
79 81 136 1
81 79 136 1
18 19 147 1
19 18 147 1
38 41 513 1
41 38 513 1
41 73 204 1
73 41 204 1
42 45 300 1
45 42 300 1
29 40 655 1
40 29 655 1
40 41 506 1
41 40 506 1
40 74 182 1
74 40 182 1
72 75 453 1
75 72 453 1
17 79 135 1
79 17 135 1
28 73 629 1
73 28 629 1
38 40 158 1
40 38 158 1
111 112 111 1
112 111 111 1
16 28 220 1
28 16 220 1
71 73 163 1
73 71 163 1
4 26 161 1
26 4 161 1
29 41 234 1
41 29 234 1
74 76 203 1
76 74 203 1
75 76 374 1
76 75 374 1
20 72 238 1
72 20 238 1
94 97 266 1
97 94 266 1
48 51 548 1
51 48 548 1
28 40 248 1
40 28 248 1
43 46 341 1
46 43 341 1
51 65 287 1
65 51 287 1
16 17 998 1
17 16 998 1
2 22 228 1
22 2 228 1
16 72 287 1
72 16 287 1
0 19 488 1
19 0 488 1
20 74 213 1
74 20 213 1
38 54 263 1
54 38 263 1
3 6 559 1
6 3 559 1
7 23 337 1
23 7 337 1
80 84 162 1
84 80 162 1
36 37 542 1
37 36 542 1
5 24 252 1
24 5 252 1
28 78 272 1
78 28 272 1
37 41 217 1
41 37 217 1
40 73 549 1
73 40 549 1
86 87 805 1
87 86 805 1
80 82 469 1
82 80 469 1
44 48 114 1
48 44 114 1
70 73 402 1
73 70 402 1
28 71 506 1
71 28 506 1
40 75 477 1
75 40 477 1
41 75 187 1
75 41 187 1
71 72 402 1
72 71 402 1
98 99 479 1
99 98 479 1
112 113 116 1
113 112 116 1
72 78 300 1
78 72 300 1
11 17 224 1
17 11 224 1
13 31 424 1
31 13 424 1
92 93 608 1
93 92 608 1
20 82 329 1
82 20 329 1
20 27 271 1
27 20 271 1
45 50 474 1
50 45 474 1
37 75 239 1
75 37 239 1
45 48 304 1
48 45 304 1
93 101 103 1
101 93 103 1
16 78 122 1
78 16 122 1
8 14 205 1
14 8 205 1
36 74 242 1
74 36 242 1
4 27 279 1
27 4 279 1
72 76 257 1
76 72 257 1
17 73 298 1
73 17 298 1
95 97 97 1
97 95 97 1
45 51 254 1
51 45 254 1
2 7 566 1
7 2 566 1
7 22 454 1
22 7 454 1
17 75 351 1
75 17 351 1
28 70 247 1
70 28 247 1
75 77 210 1
77 75 210 1
20 28 320 1
28 20 320 1
36 72 276 1
72 36 276 1
78 80 116 1
80 78 116 1
17 84 1128 1
84 17 1128 1
37 39 117 1
39 37 117 1
20 75 348 1
75 20 348 1
37 55 221 1
55 37 221 1
76 78 312 1
78 76 312 1
16 74 335 1
74 16 335 1
41 74 484 1
74 41 484 1
66 67 177 1
67 66 177 1
5 26 263 1
26 5 263 1
104 105 204 1
105 104 204 1
29 83 227 1
83 29 227 1
36 41 570 1
41 36 570 1
5 21 332 1
21 5 332 1
10 12 181 1
12 10 181 1
29 37 304 1
37 29 304 1
40 78 376 1
78 40 376 1
98 111 265 1
111 98 265 1
98 112 277 1
112 98 277 1
4 24 144 1
24 4 144 1
49 53 406 1
53 49 406 1
37 81 336 1
81 37 336 1
6 22 333 1
22 6 333 1
17 89 445 1
89 17 445 1
15 21 348 1
21 15 348 1
44 50 287 1
50 44 287 1
70 72 158 1
72 70 158 1
17 37 368 1
37 17 368 1
29 79 257 1
79 29 257 1
73 76 450 1
76 73 450 1
80 83 1100 1
83 80 1100 1
37 38 515 1
38 37 515 1
29 36 705 1
36 29 705 1
2 23 340 1
23 2 340 1
36 80 330 1
80 36 330 1
29 71 259 1
71 29 259 1
37 77 246 1
77 37 246 1
17 82 1011 1
82 17 1011 1
41 72 550 1
72 41 550 1
20 83 565 1
83 20 565 1
28 75 567 1
75 28 567 1
34 35 126 1
35 34 126 1
14 20 320 1
20 14 320 1
15 26 469 1
26 15 469 1
37 76 441 1
76 37 441 1
47 98 442 1
98 47 442 1
83 87 158 1
87 83 158 1
20 71 311 1
71 20 311 1
81 89 308 1
89 81 308 1
17 83 381 1
83 17 381 1
17 36 828 1
36 17 828 1
5 14 572 1
14 5 572 1
46 112 262 1
112 46 262 1
65 67 361 1
67 65 361 1
5 25 129 1
25 5 129 1
15 20 521 1
20 15 521 1
17 40 824 1
40 17 824 1
17 72 781 1
72 17 781 1
30 70 259 1
70 30 259 1
36 75 517 1
75 36 517 1
5 15 278 1
15 5 278 1
75 83 351 1
83 75 351 1
29 76 555 1
76 29 555 1
14 15 772 1
15 14 772 1
17 78 955 1
78 17 955 1
17 74 721 1
74 17 721 1
3 7 185 1
7 3 185 1
10 16 218 1
16 10 218 1
74 78 322 1
78 74 322 1
19 68 313 1
68 19 313 1
37 73 278 1
73 37 278 1
8 24 258 1
24 8 258 1
20 40 225 1
40 20 225 1
20 70 213 1
70 20 213 1
51 53 271 1
53 51 271 1
59 61 271 1
61 59 271 1
6 23 465 1
23 6 465 1
36 81 848 1
81 36 848 1
44 51 440 1
51 44 440 1
16 36 349 1
36 16 349 1
28 76 345 1
76 28 345 1
21 82 511 1
82 21 511 1
91 93 118 1
93 91 118 1
36 54 228 1
54 36 228 1
16 82 421 1
82 16 421 1
96 98 184 1
98 96 184 1
43 53 293 1
53 43 293 1
14 24 389 1
24 14 389 1
16 40 399 1
40 16 399 1
16 81 1063 1
81 16 1063 1
28 36 321 1
36 28 321 1
73 79 296 1
79 73 296 1
78 81 1002 1
81 78 1002 1
36 77 422 1
77 36 422 1
74 82 336 1
82 74 336 1
84 89 1110 1
89 84 1110 1
37 83 399 1
83 37 399 1
44 46 353 1
46 44 353 1
42 53 475 1
53 42 475 1
71 74 359 1
74 71 359 1
21 26 271 1
26 21 271 1
35 67 262 1
67 35 262 1
14 27 449 1
27 14 449 1
30 71 303 1
71 30 303 1
75 82 661 1
82 75 661 1
11 81 403 1
81 11 403 1
40 82 231 1
82 40 231 1
42 49 396 1
49 42 396 1
76 80 424 1
80 76 424 1
83 89 464 1
89 83 464 1
64 67 549 1
67 64 549 1
29 78 851 1
78 29 851 1
39 83 378 1
83 39 378 1
99 111 265 1
111 99 265 1
3 19 382 1
19 3 382 1
41 83 252 1
83 41 252 1
36 73 600 1
73 36 600 1
105 114 152 1
114 105 152 1
91 92 669 1
92 91 669 1
37 40 562 1
40 37 562 1
81 84 1146 1
84 81 1146 1
40 76 327 1
76 40 327 1
1 57 172 1
57 1 172 1
16 76 379 1
76 16 379 1
37 79 267 1
79 37 267 1
73 77 274 1
77 73 274 1
74 80 415 1
80 74 415 1
34 66 268 1
66 34 268 1
78 79 878 1
79 78 878 1
21 83 382 1
83 21 382 1
43 49 240 1
49 43 240 1
70 74 155 1
74 70 155 1
13 30 546 1
30 13 546 1
29 81 342 1
81 29 342 1
17 28 894 1
28 17 894 1
20 41 386 1
41 20 386 1
21 29 329 1
29 21 329 1
74 83 697 1
83 74 697 1
75 79 318 1
79 75 318 1
72 82 298 1
82 72 298 1
72 80 384 1
80 72 384 1
75 81 434 1
81 75 434 1
40 83 731 1
83 40 731 1
99 112 272 1
112 99 272 1
12 13 959 1
13 12 959 1
55 99 216 1
99 55 216 1
34 67 275 1
67 34 275 1
37 89 294 1
89 37 294 1
3 18 417 1
18 3 417 1
25 27 193 1
27 25 193 1
28 80 329 1
80 28 329 1
55 97 173 1
97 55 173 1
82 84 544 1
84 82 544 1
46 53 547 1
53 46 547 1
73 83 298 1
83 73 298 1
75 80 775 1
80 75 775 1
14 70 380 1
70 14 380 1
42 47 281 1
47 42 281 1
47 110 210 1
110 47 210 1
75 78 667 1
78 75 667 1
84 85 1130 1
85 84 1130 1
16 84 311 1
84 16 311 1
5 20 424 1
20 5 424 1
40 80 433 1
80 40 433 1
16 83 1029 1
83 16 1029 1
28 82 255 1
82 28 255 1
95 109 146 1
109 95 146 1
11 29 239 1
29 11 239 1
29 70 512 1
70 29 512 1
49 65 308 1
65 49 308 1
0 32 356 1
32 0 356 1
80 89 1113 1
89 80 1113 1
29 82 824 1
82 29 824 1
37 80 842 1
80 37 842 1
61 65 175 1
65 61 175 1
0 2 460 1
2 0 460 1
16 29 882 1
29 16 882 1
41 76 493 1
76 41 493 1
73 78 740 1
78 73 740 1
76 81 691 1
81 76 691 1
44 53 562 1
53 44 562 1
46 111 189 1
111 46 189 1
38 76 305 1
76 38 305 1
46 98 212 1
98 46 212 1
47 111 188 1
111 47 188 1
97 99 180 1
99 97 180 1
17 76 648 1
76 17 648 1
96 97 322 1
97 96 322 1
15 70 606 1
70 15 606 1
91 99 166 1
99 91 166 1
114 115 96 1
115 114 96 1
94 96 89 1
96 94 89 1
5 8 493 1
8 5 493 1
24 27 252 1
27 24 252 1
38 77 447 1
77 38 447 1
31 70 334 1
70 31 334 1
0 33 480 1
33 0 480 1
45 53 435 1
53 45 435 1
81 85 175 1
85 81 175 1
16 75 702 1
75 16 702 1
31 71 265 1
71 31 265 1
61 63 238 1
63 61 238 1
72 83 754 1
83 72 754 1
76 79 567 1
79 76 567 1
71 75 163 1
75 71 163 1
92 100 157 1
100 92 157 1
14 21 487 1
21 14 487 1
39 41 161 1
41 39 161 1
21 73 247 1
73 21 247 1
46 47 309 1
47 46 309 1
90 91 735 1
91 90 735 1
50 52 243 1
52 50 243 1
70 75 355 1
75 70 355 1
94 95 213 1
95 94 213 1
28 41 661 1
41 28 661 1
11 16 1004 1
16 11 1004 1
21 72 388 1
72 21 388 1
37 74 520 1
74 37 520 1
36 79 738 1
79 36 738 1
56 57 840 1
57 56 840 1
73 82 720 1
82 73 720 1
17 20 694 1
20 17 694 1
72 79 733 1
79 72 733 1
81 82 1081 1
82 81 1081 1
24 26 201 1
26 24 201 1
85 89 220 1
89 85 220 1
39 87 370 1
87 39 370 1
81 83 446 1
83 81 446 1
5 9 157 1
9 5 157 1
91 103 258 1
103 91 258 1
18 32 279 1
32 18 279 1
11 80 1102 1
80 11 1102 1
17 41 414 1
41 17 414 1
55 111 434 1
111 55 434 1
58 67 368 1
67 58 368 1
77 81 453 1
81 77 453 1
4 15 597 1
15 4 597 1
16 73 769 1
73 16 769 1
29 80 961 1
80 29 961 1
38 75 499 1
75 38 499 1
40 54 405 1
54 40 405 1
55 112 466 1
112 55 466 1
11 89 636 1
89 11 636 1
20 87 562 1
87 20 562 1
60 61 893 1
61 60 893 1
60 62 241 1
62 60 241 1
103 113 295 1
113 103 295 1
0 6 417 1
6 0 417 1
56 68 408 1
68 56 408 1
96 99 428 1
99 96 428 1
55 98 606 1
98 55 606 1
74 77 362 1
77 74 362 1
42 48 243 1
48 42 243 1
29 77 357 1
77 29 357 1
42 50 271 1
50 42 271 1
55 96 492 1
96 55 492 1
41 77 345 1
77 41 345 1
50 53 744 1
53 50 744 1
83 84 1154 1
84 83 1154 1
55 94 428 1
94 55 428 1
14 71 582 1
71 14 582 1
76 83 717 1
83 76 717 1
77 78 550 1
78 77 550 1
2 19 481 1
19 2 481 1
11 79 342 1
79 11 342 1
15 73 336 1
73 15 336 1
20 25 402 1
25 20 402 1
15 29 295 1
29 15 295 1
99 113 264 1
113 99 264 1
18 33 288 1
33 18 288 1
4 25 258 1
25 4 258 1
14 25 491 1
25 14 491 1
21 28 487 1
28 21 487 1
38 78 371 1
78 38 371 1
96 110 214 1
110 96 214 1
14 26 321 1
26 14 321 1
41 54 714 1
54 41 714 1
74 79 666 1
79 74 666 1
77 79 329 1
79 77 329 1
104 114 171 1
114 104 171 1
27 82 524 1
82 27 524 1
28 83 861 1
83 28 861 1
34 109 367 1
109 34 367 1
98 113 276 1
113 98 276 1
0 3 712 1
3 0 712 1
95 96 288 1
96 95 288 1
11 73 310 1
73 11 310 1
38 72 305 1
72 38 305 1
38 73 580 1
73 38 580 1
42 51 463 1
51 42 463 1
73 81 406 1
81 73 406 1
36 83 816 1
83 36 816 1
53 93 353 1
93 53 353 1
79 80 991 1
80 79 991 1
82 86 143 1
86 82 143 1
7 51 1137 1
51 7 1137 1
41 55 403 1
55 41 403 1
61 66 546 1
66 61 546 1
17 77 417 1
77 17 417 1
51 93 605 1
93 51 605 1
10 18 609 1
18 10 609 1
21 25 360 1
25 21 360 1
74 81 792 1
81 74 792 1
21 87 397 1
87 21 397 1
64 65 897 1
65 64 897 1
0 56 174 1
56 0 174 1
43 51 245 1
51 43 245 1
93 103 173 1
103 93 173 1
1 33 355 1
33 1 355 1
14 28 286 1
28 14 286 1
77 80 662 1
80 77 662 1
1 81 501 1
81 1 501 1
21 74 343 1
74 21 343 1
37 78 740 1
78 37 740 1
38 74 265 1
74 38 265 1
4 21 414 1
21 4 414 1
53 112 421 1
112 53 421 1
54 96 167 1
96 54 167 1
92 105 456 1
105 92 456 1
13 71 401 1
71 13 401 1
15 71 394 1
71 15 394 1
29 38 680 1
38 29 680 1
97 105 299 1
105 97 299 1
1 80 1054 1
80 1 1054 1
39 75 260 1
75 39 260 1
39 89 325 1
89 39 325 1
51 59 486 1
59 51 486 1
7 48 1293 1
48 7 1293 1
19 33 238 1
33 19 238 1
39 82 719 1
82 39 719 1
40 71 481 1
71 40 481 1
20 24 393 1
24 20 393 1
43 50 494 1
50 43 494 1
97 104 399 1
104 97 399 1
42 52 325 1
52 42 325 1
4 8 148 1
8 4 148 1
37 82 780 1
82 37 780 1
38 55 598 1
55 38 598 1
50 65 837 1
65 50 837 1
59 65 304 1
65 59 304 1
28 79 847 1
79 28 847 1
55 95 221 1
95 55 221 1
57 63 249 1
63 57 249 1
19 32 289 1
32 19 289 1
41 82 687 1
82 41 687 1
7 50 1347 1
50 7 1347 1
9 22 564 1
22 9 564 1
41 71 317 1
71 41 317 1
2 18 379 1
18 2 379 1
111 113 191 1
113 111 191 1
1 83 729 1
83 1 729 1
52 53 746 1
53 52 746 1
6 51 1338 1
51 6 1338 1
52 92 317 1
92 52 317 1
51 66 580 1
66 51 580 1
54 55 651 1
55 54 651 1
7 65 934 1
65 7 934 1
12 70 392 1
70 12 392 1
21 75 222 1
75 21 222 1
37 72 595 1
72 37 595 1
27 83 450 1
83 27 450 1
36 82 401 1
82 36 401 1
21 40 380 1
40 21 380 1
40 81 874 1
81 40 874 1
55 75 460 1
75 55 460 1
94 108 97 1
108 94 97 1
41 78 770 1
78 41 770 1
17 21 542 1
21 17 542 1
36 55 626 1
55 36 626 1
1 82 1112 1
82 1 1112 1
29 55 507 1
55 29 507 1
97 110 221 1
110 97 221 1
6 48 1184 1
48 6 1184 1
14 72 328 1
72 14 328 1
15 24 514 1
24 15 514 1
16 20 522 1
20 16 522 1
21 24 413 1
24 21 413 1
38 88 311 1
88 38 311 1
65 66 537 1
66 65 537 1
0 10 381 1
10 0 381 1
8 25 389 1
25 8 389 1
45 46 448 1
46 45 448 1
45 65 388 1
65 45 388 1
48 65 674 1
65 48 674 1
59 67 245 1
67 59 245 1
78 82 455 1
82 78 455 1
100 104 240 1
104 100 240 1
35 110 305 1
110 35 305 1
56 82 787 1
82 56 787 1
82 87 849 1
87 82 849 1
90 103 653 1
103 90 653 1
94 110 220 1
110 94 220 1
35 64 566 1
64 35 566 1
102 104 159 1
104 102 159 1
2 9 760 1
9 2 760 1
29 39 339 1
39 29 339 1
72 81 860 1
81 72 860 1
15 41 349 1
41 15 349 1
21 71 214 1
71 21 214 1
39 55 254 1
55 39 254 1
44 47 404 1
47 44 404 1
73 80 850 1
80 73 850 1
97 109 174 1
109 97 174 1
48 52 415 1
52 48 415 1
76 82 520 1
82 76 520 1
13 70 648 1
70 13 648 1
40 77 472 1
77 40 472 1
72 77 430 1
77 72 430 1
101 103 106 1
103 101 106 1
16 41 813 1
41 16 813 1
38 39 465 1
39 38 465 1
4 14 255 1
14 4 255 1
21 39 356 1
39 21 356 1
15 28 819 1
28 15 819 1
20 39 459 1
39 20 459 1
17 85 352 1
85 17 352 1
20 26 232 1
26 20 232 1
53 111 406 1
111 53 406 1
11 83 383 1
83 11 383 1
46 113 335 1
113 46 335 1
91 101 197 1
101 91 197 1
30 73 455 1
73 30 455 1
12 31 545 1
31 12 545 1
29 89 469 1
89 29 469 1
38 94 246 1
94 38 246 1
55 113 437 1
113 55 437 1
57 68 520 1
68 57 520 1
57 81 488 1
81 57 488 1
51 67 436 1
67 51 436 1
99 103 258 1
103 99 258 1
20 30 328 1
30 20 328 1
75 89 504 1
89 75 504 1
11 13 168 1
13 11 168 1
14 73 703 1
73 14 703 1
15 72 724 1
72 15 724 1
47 99 231 1
99 47 231 1
97 113 312 1
113 97 312 1
23 50 1386 1
50 23 1386 1
37 95 241 1
95 37 241 1
39 73 305 1
73 39 305 1
43 48 391 1
48 43 391 1
110 111 172 1
111 110 172 1
17 71 423 1
71 17 423 1
47 112 265 1
112 47 265 1
92 104 310 1
104 92 310 1
17 39 453 1
39 17 453 1
9 14 725 1
14 9 725 1
16 89 1095 1
89 16 1095 1
0 68 414 1
68 0 414 1
75 87 423 1
87 75 423 1
95 108 123 1
108 95 123 1
100 102 87 1
102 100 87 1
103 105 173 1
105 103 173 1
41 81 452 1
81 41 452 1
60 64 187 1
64 60 187 1
6 50 1151 1
50 6 1151 1
21 70 303 1
70 21 303 1
103 104 369 1
104 103 369 1
7 13 237 1
13 7 237 1
40 106 412 1
106 40 412 1
92 101 634 1
101 92 634 1
40 79 762 1
79 40 762 1
11 84 1188 1
84 11 1188 1
15 25 386 1
25 15 386 1
25 86 638 1
86 25 638 1
58 61 717 1
61 58 717 1
63 79 303 1
79 63 303 1
1 17 391 1
17 1 391 1
16 79 934 1
79 16 934 1
34 65 549 1
65 34 549 1
36 39 517 1
39 36 517 1
23 31 199 1
31 23 199 1
46 52 244 1
52 46 244 1
66 104 942 1
104 66 942 1
77 95 322 1
95 77 322 1
37 84 862 1
84 37 862 1
46 49 541 1
49 46 541 1
61 102 1213 1
102 61 1213 1
71 79 426 1
79 71 426 1
6 19 593 1
19 6 593 1
79 85 260 1
85 79 260 1
10 11 986 1
11 10 986 1
11 75 388 1
75 11 388 1
42 112 333 1
112 42 333 1
8 65 1425 1
65 8 1425 1
20 86 362 1
86 20 362 1
29 87 356 1
87 29 356 1
91 112 368 1
112 91 368 1
34 110 327 1
110 34 327 1
45 52 615 1
52 45 615 1
28 38 358 1
38 28 358 1
40 84 485 1
84 40 485 1
27 87 439 1
87 27 439 1
82 89 1043 1
89 82 1043 1
18 68 315 1
68 18 315 1
78 83 999 1
83 78 999 1
7 9 490 1
9 7 490 1
9 23 475 1
23 9 475 1
21 41 236 1
41 21 236 1
28 81 975 1
81 28 975 1
58 60 266 1
60 58 266 1
66 109 621 1
109 66 621 1
14 40 342 1
40 14 342 1
41 80 868 1
80 41 868 1
69 105 1158 1
105 69 1158 1
13 14 902 1
14 13 902 1
25 87 575 1
87 25 575 1
40 70 311 1
70 40 311 1
50 93 862 1
93 50 862 1
91 111 390 1
111 91 390 1
94 104 298 1
104 94 298 1
12 71 631 1
71 12 631 1
25 26 225 1
26 25 225 1
55 89 213 1
89 55 213 1
103 112 375 1
112 103 375 1
11 37 515 1
37 11 515 1
16 21 674 1
21 16 674 1
36 84 341 1
84 36 341 1
1 11 394 1
11 1 394 1
96 113 315 1
113 96 315 1
45 47 345 1
47 45 345 1
49 93 719 1
93 49 719 1
68 69 164 1
69 68 164 1
83 86 863 1
86 83 863 1
12 28 275 1
28 12 275 1
46 96 270 1
96 46 270 1
54 94 226 1
94 54 226 1
58 68 392 1
68 58 392 1
68 90 1109 1
90 68 1109 1
82 106 562 1
106 82 562 1
37 94 426 1
94 37 426 1
1 63 334 1
63 1 334 1
11 28 875 1
28 11 875 1
60 67 538 1
67 60 538 1
37 85 343 1
85 37 343 1
39 107 280 1
107 39 280 1
41 89 415 1
89 41 415 1
50 67 562 1
67 50 562 1
55 73 498 1
73 55 498 1
63 85 364 1
85 63 364 1
93 100 653 1
100 93 653 1
97 108 170 1
108 97 170 1
14 31 528 1
31 14 528 1
20 36 396 1
36 20 396 1
1 68 549 1
68 1 549 1
14 29 801 1
29 14 801 1
48 66 357 1
66 48 357 1
71 82 622 1
82 71 622 1
92 103 574 1
103 92 574 1
11 74 727 1
74 11 727 1
20 80 604 1
80 20 604 1
52 91 777 1
91 52 777 1
12 30 419 1
30 12 419 1
47 96 412 1
96 47 412 1
90 92 135 1
92 90 135 1
7 49 1147 1
49 7 1147 1
16 71 654 1
71 16 654 1
50 66 475 1
66 50 475 1
54 97 484 1
97 54 484 1
77 83 539 1
83 77 539 1
103 110 496 1
110 103 496 1
11 72 773 1
72 11 773 1
28 30 436 1
30 28 436 1
46 54 354 1
54 46 354 1
71 78 647 1
78 71 647 1
98 110 300 1
110 98 300 1
12 14 278 1
14 12 278 1
39 77 312 1
77 39 312 1
52 90 240 1
90 52 240 1
54 98 204 1
98 54 204 1
66 102 974 1
102 66 974 1
2 51 1294 1
51 2 1294 1
16 77 611 1
77 16 611 1
21 86 520 1
86 21 520 1
6 18 473 1
18 6 473 1
27 86 519 1
86 27 519 1
60 66 370 1
66 60 370 1
61 67 382 1
67 61 382 1
1 37 646 1
37 1 646 1
43 52 553 1
52 43 553 1
11 71 374 1
71 11 374 1
41 70 482 1
70 41 482 1
52 100 420 1
100 52 420 1
79 82 965 1
82 79 965 1
93 113 317 1
113 93 317 1
94 99 399 1
99 94 399 1
11 82 992 1
82 11 992 1
93 112 343 1
112 93 343 1
96 100 371 1
100 96 371 1
0 1 800 1
1 0 800 1
2 10 438 1
10 2 438 1
6 10 299 1
10 6 299 1
28 77 540 1
77 28 540 1
49 66 437 1
66 49 437 1
55 81 401 1
81 55 401 1
73 89 507 1
89 73 507 1
77 82 682 1
82 77 682 1
11 85 574 1
85 11 574 1
37 54 645 1
54 37 645 1
52 112 417 1
112 52 417 1
92 102 211 1
102 92 211 1
14 74 378 1
74 14 378 1
39 40 508 1
40 39 508 1
43 111 293 1
111 43 293 1
91 100 719 1
100 91 719 1
43 98 522 1
98 43 522 1
1 16 963 1
16 1 963 1
6 12 248 1
12 6 248 1
54 112 454 1
112 54 454 1
6 59 1126 1
59 6 1126 1
10 80 357 1
80 10 357 1
20 78 525 1
78 20 525 1
39 86 698 1
86 39 698 1
95 99 272 1
99 95 272 1
96 104 297 1
104 96 297 1
34 96 428 1
96 34 428 1
7 8 828 1
8 7 828 1
16 37 809 1
37 16 809 1
48 53 654 1
53 48 654 1
55 76 571 1
76 55 571 1
78 84 235 1
84 78 235 1
1 89 788 1
89 1 788 1
41 79 379 1
79 41 379 1
44 52 464 1
52 44 464 1
73 87 395 1
87 73 395 1
7 31 345 1
31 7 345 1
10 19 724 1
19 10 724 1
40 55 690 1
55 40 690 1
14 30 414 1
30 14 414 1
42 98 381 1
98 42 381 1
15 30 522 1
30 15 522 1
22 31 234 1
31 22 234 1
6 49 1274 1
49 6 1274 1
55 87 559 1
87 55 559 1
56 83 1181 1
83 56 1181 1
93 105 305 1
105 93 305 1
31 73 397 1
73 31 397 1
92 112 325 1
112 92 325 1
27 29 470 1
29 27 470 1
38 83 760 1
83 38 760 1
49 52 718 1
52 49 718 1
100 105 430 1
105 100 430 1
29 84 1027 1
84 29 1027 1
36 96 257 1
96 36 257 1
62 80 268 1
80 62 268 1
110 113 304 1
113 110 304 1
2 48 1199 1
48 2 1199 1
2 50 1192 1
50 2 1192 1
20 37 510 1
37 20 510 1
74 87 714 1
87 74 714 1
97 98 437 1
98 97 437 1
8 15 741 1
15 8 741 1
10 28 213 1
28 10 213 1
23 51 1340 1
51 23 1340 1
46 110 220 1
110 46 220 1
103 111 432 1
111 103 432 1
95 115 205 1
115 95 205 1
1 18 493 1
18 1 493 1
15 74 683 1
74 15 683 1
39 81 431 1
81 39 431 1
43 110 298 1
110 43 298 1
7 59 970 1
59 7 970 1
16 70 409 1
70 16 409 1
27 39 536 1
39 27 536 1
27 73 417 1
73 27 417 1
75 84 839 1
84 75 839 1
87 99 759 1
99 87 759 1
38 95 382 1
95 38 382 1
48 59 599 1
59 48 599 1
97 111 292 1
111 97 292 1
36 98 402 1
98 36 402 1
42 111 258 1
111 42 258 1
50 64 302 1
64 50 302 1
51 52 786 1
52 51 786 1
97 103 349 1
103 97 349 1
12 23 607 1
23 12 607 1
28 37 709 1
37 28 709 1
38 96 284 1
96 38 284 1
12 22 481 1
22 12 481 1
29 30 533 1
30 29 533 1
43 112 376 1
112 43 376 1
55 77 412 1
77 55 412 1
4 20 334 1
20 4 334 1
9 24 385 1
24 9 385 1
24 86 569 1
86 24 569 1
56 86 911 1
86 56 911 1
16 18 646 1
18 16 646 1
19 56 574 1
56 19 574 1
67 69 345 1
69 67 345 1
99 104 430 1
104 99 430 1
17 38 824 1
38 17 824 1
23 30 259 1
30 23 259 1
67 93 875 1
93 67 875 1
75 86 685 1
86 75 685 1
14 82 179 1
82 14 179 1
49 59 382 1
59 49 382 1
95 104 381 1
104 95 381 1
25 82 617 1
82 25 617 1
22 50 1336 1
50 22 1336 1
58 102 1067 1
102 58 1067 1
5 82 673 1
82 5 673 1
40 89 829 1
89 40 829 1
71 76 392 1
76 71 392 1
37 87 433 1
87 37 433 1
58 90 890 1
90 58 890 1
90 98 163 1
98 90 163 1
97 112 339 1
112 97 339 1
8 51 1496 1
51 8 1496 1
30 72 390 1
72 30 390 1
58 69 426 1
69 58 426 1
71 77 297 1
77 71 297 1
40 88 385 1
88 40 385 1
45 67 282 1
67 45 282 1
91 113 366 1
113 91 366 1
2 59 1058 1
59 2 1058 1
17 55 513 1
55 17 513 1
20 76 380 1
76 20 380 1
47 53 268 1
53 47 268 1
63 81 293 1
81 63 293 1
83 106 894 1
106 83 894 1
3 10 768 1
10 3 768 1
27 70 417 1
70 27 417 1
54 88 224 1
88 54 224 1
90 104 351 1
104 90 351 1
21 78 664 1
78 21 664 1
6 65 1218 1
65 6 1218 1
20 84 687 1
84 20 687 1
8 23 562 1
23 8 562 1
38 82 362 1
82 38 362 1
62 98 668 1
98 62 668 1
80 85 1121 1
85 80 1121 1
99 115 285 1
115 99 285 1
15 40 725 1
40 15 725 1
98 103 555 1
103 98 555 1
18 56 478 1
56 18 478 1
39 76 461 1
76 39 461 1
51 101 699 1
101 51 699 1
57 82 1164 1
82 57 1164 1
59 69 338 1
69 59 338 1
67 92 922 1
92 67 922 1
97 107 263 1
107 97 263 1
1 39 746 1
39 1 746 1
3 9 596 1
9 3 596 1
15 83 194 1
83 15 194 1
108 109 87 1
109 108 87 1
1 79 428 1
79 1 428 1
55 79 394 1
79 55 394 1
67 100 988 1
100 67 988 1
70 78 427 1
78 70 427 1
90 99 615 1
99 90 615 1
97 100 590 1
100 97 590 1
99 100 610 1
100 99 610 1
11 20 668 1
20 11 668 1
46 51 585 1
51 46 585 1
70 77 376 1
77 70 376 1
92 114 349 1
114 92 349 1
96 112 337 1
112 96 337 1
11 78 988 1
78 11 988 1
20 38 349 1
38 20 349 1
57 79 431 1
79 57 431 1
71 106 782 1
106 71 782 1
79 83 420 1
83 79 420 1
83 85 549 1
85 83 549 1
6 9 834 1
9 6 834 1
12 16 384 1
16 12 384 1
75 106 695 1
106 75 695 1
97 102 534 1
102 97 534 1
7 12 856 1
12 7 856 1
10 22 580 1
22 10 580 1
15 75 396 1
75 15 396 1
39 80 834 1
80 39 834 1
51 92 878 1
92 51 878 1
57 80 1050 1
80 57 1050 1
91 104 542 1
104 91 542 1
105 115 176 1
115 105 176 1
4 82 403 1
82 4 403 1
8 27 425 1
27 8 425 1
21 84 830 1
84 21 830 1
50 101 936 1
101 50 936 1
56 80 431 1
80 56 431 1
102 109 475 1
109 102 475 1
50 92 549 1
92 50 549 1
55 83 558 1
83 55 558 1
65 93 802 1
93 65 802 1
70 76 285 1
76 70 285 1
21 80 756 1
80 21 756 1
59 104 1146 1
104 59 1146 1
66 93 972 1
93 66 972 1
22 51 1360 1
51 22 1360 1
104 113 229 1
113 104 229 1
60 102 963 1
102 60 963 1
73 106 774 1
106 73 774 1
19 57 426 1
57 19 426 1
47 62 864 1
62 47 864 1
94 98 264 1
98 94 264 1
102 103 508 1
103 102 508 1
15 82 832 1
82 15 832 1
20 79 665 1
79 20 665 1
37 97 271 1
97 37 271 1
55 74 679 1
74 55 679 1
1 19 351 1
19 1 351 1
7 30 462 1
30 7 462 1
9 25 252 1
25 9 252 1
47 55 367 1
55 47 367 1
53 101 452 1
101 53 452 1
67 104 923 1
104 67 923 1
79 89 364 1
89 79 364 1
1 56 851 1
56 1 851 1
1 90 1264 1
90 1 1264 1
8 13 868 1
13 8 868 1
27 71 367 1
71 27 367 1
38 79 739 1
79 38 739 1
53 92 739 1
92 53 739 1
8 22 480 1
22 8 480 1
22 30 218 1
30 22 218 1
34 51 562 1
51 34 562 1
36 89 803 1
89 36 803 1
66 100 968 1
100 66 968 1
2 12 394 1
12 2 394 1
8 31 485 1
31 8 485 1
26 86 416 1
86 26 416 1
97 114 263 1
114 97 263 1
23 48 1375 1
48 23 1375 1
52 93 761 1
93 52 761 1
72 106 580 1
106 72 580 1
9 51 1357 1
51 9 1357 1
34 97 481 1
97 34 481 1
34 104 710 1
104 34 710 1
46 50 303 1
50 46 303 1
62 90 707 1
90 62 707 1
74 106 540 1
106 74 540 1
94 105 354 1
105 94 354 1
95 102 514 1
102 95 514 1
8 26 300 1
26 8 300 1
52 98 272 1
98 52 272 1
53 91 265 1
91 53 265 1
90 107 713 1
107 90 713 1
96 115 214 1
115 96 214 1
1 87 873 1
87 1 873 1
11 77 511 1
77 11 511 1
27 41 398 1
41 27 398 1
34 64 445 1
64 34 445 1
41 84 910 1
84 41 910 1
1 75 562 1
75 1 562 1
16 56 380 1
56 16 380 1
9 65 1235 1
65 9 1235 1
10 33 638 1
33 10 638 1
37 99 410 1
99 37 410 1
84 88 224 1
88 84 224 1
79 84 1035 1
84 79 1035 1
93 104 478 1
104 93 478 1
5 87 460 1
87 5 460 1
9 15 219 1
15 9 219 1
16 38 439 1
38 16 439 1
27 72 496 1
72 27 496 1
33 62 690 1
62 33 690 1
35 100 802 1
100 35 802 1
45 93 714 1
93 45 714 1
113 114 95 1
114 113 95 1
41 87 263 1
87 41 263 1
47 113 338 1
113 47 338 1
59 102 1214 1
102 59 1214 1
63 65 312 1
65 63 312 1
70 82 411 1
82 70 411 1
33 57 394 1
57 33 394 1
55 85 300 1
85 55 300 1
62 76 527 1
76 62 527 1
110 112 272 1
112 110 272 1
28 84 456 1
84 28 456 1
4 59 1372 1
59 4 1372 1
13 73 358 1
73 13 358 1
36 95 408 1
95 36 408 1
47 52 540 1
52 47 540 1
54 113 426 1
113 54 426 1
2 8 554 1
8 2 554 1
20 31 387 1
31 20 387 1
34 59 511 1
59 34 511 1
73 84 919 1
84 73 919 1
61 64 928 1
64 61 928 1
99 110 299 1
110 99 299 1
27 28 565 1
28 27 565 1
36 94 246 1
94 36 246 1
38 71 546 1
71 38 546 1
62 83 1241 1
83 62 1241 1
67 105 903 1
105 67 903 1
72 84 493 1
84 72 493 1
45 66 369 1
66 45 369 1
4 9 500 1
9 4 500 1
45 100 889 1
100 45 889 1
46 114 362 1
114 46 362 1
50 59 774 1
59 50 774 1
72 87 771 1
87 72 771 1
96 111 286 1
111 96 286 1
3 59 922 1
59 3 922 1
41 106 653 1
106 41 653 1
89 103 468 1
103 89 468 1
94 115 181 1
115 94 181 1
4 69 1158 1
69 4 1158 1
16 33 609 1
33 16 609 1
48 67 417 1
67 48 417 1
66 105 960 1
105 66 960 1
96 108 167 1
108 96 167 1
20 89 778 1
89 20 778 1
25 83 553 1
83 25 553 1
27 40 481 1
40 27 481 1
28 31 545 1
31 28 545 1
68 82 1040 1
82 68 1040 1
17 57 439 1
57 17 439 1
24 31 318 1
31 24 318 1
28 106 619 1
106 28 619 1
32 56 384 1
56 32 384 1
38 80 426 1
80 38 426 1
92 113 313 1
113 92 313 1
105 108 296 1
108 105 296 1
19 59 618 1
59 19 618 1
33 76 380 1
76 33 380 1
35 65 453 1
65 35 453 1
56 76 519 1
76 56 519 1
89 107 337 1
107 89 337 1
113 115 188 1
115 113 188 1
10 70 382 1
70 10 382 1
20 106 592 1
106 20 592 1
77 94 396 1
94 77 396 1
29 31 454 1
31 29 454 1
20 81 779 1
81 20 779 1
21 36 510 1
36 21 510 1
36 71 552 1
71 36 552 1
37 98 666 1
98 37 666 1
39 94 407 1
94 39 407 1
44 65 564 1
65 44 564 1
58 104 1061 1
104 58 1061 1
74 84 507 1
84 74 507 1
76 95 396 1
95 76 396 1
85 110 584 1
110 85 584 1
96 109 176 1
109 96 176 1
5 83 447 1
83 5 447 1
52 111 398 1
111 52 398 1
55 110 380 1
110 55 380 1
62 77 741 1
77 62 741 1
95 113 351 1
113 95 351 1
10 84 516 1
84 10 516 1
25 75 536 1
75 25 536 1
35 104 705 1
104 35 705 1
38 97 469 1
97 38 469 1
48 93 850 1
93 48 850 1
76 98 527 1
98 76 527 1
112 114 196 1
114 112 196 1
35 66 331 1
66 35 331 1
71 83 425 1
83 71 425 1
13 23 488 1
23 13 488 1
29 106 855 1
106 29 855 1
77 89 525 1
89 77 525 1
1 76 689 1
76 1 689 1
11 12 972 1
12 11 972 1
11 70 629 1
70 11 629 1
62 64 300 1
64 62 300 1
54 78 385 1
78 54 385 1
98 115 287 1
115 98 287 1
14 75 659 1
75 14 659 1
21 89 648 1
89 21 648 1
39 74 501 1
74 39 501 1
94 113 328 1
113 94 328 1
3 50 1273 1
50 3 1273 1
19 69 323 1
69 19 323 1
23 49 1325 1
49 23 1325 1
33 56 531 1
56 33 531 1
34 45 409 1
45 34 409 1
8 67 1258 1
67 8 1258 1
14 88 613 1
88 14 613 1
34 113 628 1
113 34 628 1
39 95 233 1
95 39 233 1
100 103 576 1
103 100 576 1
47 91 332 1
91 47 332 1
30 74 403 1
74 30 403 1
46 48 368 1
48 46 368 1
55 115 361 1
115 55 361 1
64 66 392 1
66 64 392 1
102 110 495 1
110 102 495 1
36 88 289 1
88 36 289 1
38 81 841 1
81 38 841 1
93 102 600 1
102 93 600 1
13 28 892 1
28 13 892 1
27 75 419 1
75 27 419 1
49 67 315 1
67 49 315 1
76 99 626 1
99 76 626 1
78 89 1017 1
89 78 1017 1
9 59 1335 1
59 9 1335 1
26 71 422 1
71 26 422 1
34 100 771 1
100 34 771 1
43 96 503 1
96 43 503 1
62 110 702 1
110 62 702 1
67 101 953 1
101 67 953 1
22 48 1339 1
48 22 1339 1
82 85 1121 1
85 82 1121 1
91 102 669 1
102 91 669 1
95 110 248 1
110 95 248 1
2 65 1144 1
65 2 1144 1
5 23 453 1
23 5 453 1
24 87 679 1
87 24 679 1
27 74 478 1
74 27 478 1
34 94 438 1
94 34 438 1
67 91 790 1
91 67 790 1
67 110 507 1
110 67 507 1
12 72 358 1
72 12 358 1
22 49 1332 1
49 22 1332 1
54 76 415 1
76 54 415 1
62 99 1000 1
99 62 1000 1
94 109 127 1
109 94 127 1
4 86 435 1
86 4 435 1
15 31 431 1
31 15 431 1
17 87 519 1
87 17 519 1
90 100 182 1
100 90 182 1
3 51 1145 1
51 3 1145 1
39 84 850 1
84 39 850 1
39 99 432 1
99 39 432 1
52 101 819 1
101 52 819 1
41 94 523 1
94 41 523 1
104 108 301 1
108 104 301 1
26 30 321 1
30 26 321 1
34 58 424 1
58 34 424 1
39 97 289 1
97 39 289 1
70 79 638 1
79 70 638 1
9 27 309 1
27 9 309 1
9 49 1399 1
49 9 1399 1
42 96 429 1
96 42 429 1
56 62 252 1
62 56 252 1
62 96 632 1
96 62 632 1
98 104 286 1
104 98 286 1
112 115 269 1
115 112 269 1
67 102 981 1
102 67 981 1
76 87 753 1
87 76 753 1
76 106 536 1
106 76 536 1
25 73 516 1
73 25 516 1
34 93 788 1
93 34 788 1
38 108 316 1
108 38 316 1
48 64 369 1
64 48 369 1
90 102 246 1
102 90 246 1
11 41 473 1
41 11 473 1
21 81 634 1
81 21 634 1
37 107 342 1
107 37 342 1
100 112 410 1
112 100 410 1
1 77 531 1
77 1 531 1
5 86 673 1
86 5 673 1
24 30 283 1
30 24 283 1
34 50 475 1
50 34 475 1
37 111 552 1
111 37 552 1
42 113 437 1
113 42 437 1
56 69 542 1
69 56 542 1
76 96 361 1
96 76 361 1
95 105 309 1
105 95 309 1
10 72 309 1
72 10 309 1
51 61 458 1
61 51 458 1
36 99 637 1
99 36 637 1
38 107 545 1
107 38 545 1
46 55 584 1
55 46 584 1
100 113 356 1
113 100 356 1
101 102 595 1
102 101 595 1
1 86 1182 1
86 1 1182 1
104 112 332 1
112 104 332 1
3 12 737 1
12 3 737 1
5 70 530 1
70 5 530 1
7 64 1244 1
64 7 1244 1
8 12 346 1
12 8 346 1
8 49 1478 1
49 8 1478 1
10 82 401 1
82 10 401 1
11 76 704 1
76 11 704 1
18 22 537 1
22 18 537 1
51 58 753 1
58 51 753 1
76 84 486 1
84 76 486 1
1 84 1139 1
84 1 1139 1
5 69 1149 1
69 5 1149 1
25 29 556 1
29 25 556 1
59 105 1100 1
105 59 1100 1
75 85 521 1
85 75 521 1
35 96 448 1
96 35 448 1
70 106 687 1
106 70 687 1
83 107 587 1
107 83 587 1
11 21 514 1
21 11 514 1
17 106 979 1
106 17 979 1
19 58 678 1
58 19 678 1
21 79 530 1
79 21 530 1
24 71 494 1
71 24 494 1
55 103 351 1
103 55 351 1
64 91 1046 1
91 64 1046 1
65 92 1075 1
92 65 1075 1
74 89 810 1
89 74 810 1
14 23 650 1
23 14 650 1
47 90 580 1
90 47 580 1
49 92 871 1
92 49 871 1
61 104 1114 1
104 61 1114 1
87 89 476 1
89 87 476 1
91 105 371 1
105 91 371 1
104 115 184 1
115 104 184 1
11 31 475 1
31 11 475 1
17 70 666 1
70 17 666 1
37 71 401 1
71 37 401 1
2 49 1238 1
49 2 1238 1
6 8 485 1
8 6 485 1
62 63 1134 1
63 62 1134 1
21 106 670 1
106 21 670 1
23 64 1238 1
64 23 1238 1
27 56 1022 1
56 27 1022 1
36 106 343 1
106 36 343 1
94 112 366 1
112 94 366 1
8 70 477 1
70 8 477 1
26 82 411 1
82 26 411 1
31 72 482 1
72 31 482 1
34 46 395 1
46 34 395 1
39 54 618 1
54 39 618 1
45 92 789 1
92 45 789 1
93 111 397 1
111 93 397 1
29 85 473 1
85 29 473 1
54 111 422 1
111 54 422 1
55 107 232 1
107 55 232 1
6 32 555 1
32 6 555 1
13 22 606 1
22 13 606 1
13 29 290 1
29 13 290 1
36 56 615 1
56 36 615 1
77 84 711 1
84 77 711 1
91 110 456 1
110 91 456 1
37 96 506 1
96 37 506 1
51 100 973 1
100 51 973 1
57 86 1231 1
86 57 1231 1
58 64 312 1
64 58 312 1
66 69 349 1
69 66 349 1
80 90 609 1
90 80 609 1
100 101 656 1
101 100 656 1
2 58 959 1
58 2 959 1
6 66 934 1
66 6 934 1
15 38 793 1
38 15 793 1
32 62 548 1
62 32 548 1
48 58 400 1
58 48 400 1
4 58 1292 1
58 4 1292 1
9 92 1428 1
92 9 1428 1
27 68 1083 1
68 27 1083 1
91 98 616 1
98 91 616 1
35 58 514 1
58 35 514 1
2 64 992 1
64 2 992 1
4 61 1291 1
61 4 1291 1
15 78 1000 1
78 15 1000 1
32 60 487 1
60 32 487 1
40 87 708 1
87 40 708 1
59 60 718 1
60 59 718 1
88 89 1035 1
89 88 1035 1
16 106 659 1
106 16 659 1
38 106 276 1
106 38 276 1
50 58 486 1
58 50 486 1
85 87 616 1
87 85 616 1
20 77 434 1
77 20 434 1
24 70 465 1
70 24 465 1
0 16 380 1
16 0 380 1
11 39 572 1
39 11 572 1
12 20 477 1
20 12 477 1
29 54 871 1
54 29 871 1
35 88 741 1
88 35 741 1
59 92 1150 1
92 59 1150 1
9 66 1299 1
66 9 1299 1
30 75 454 1
75 30 454 1
50 100 650 1
100 50 650 1
97 115 218 1
115 97 218 1
12 74 431 1
74 12 431 1
34 102 761 1
102 34 761 1
39 108 341 1
108 39 341 1
54 100 319 1
100 54 319 1
2 32 513 1
32 2 513 1
34 44 373 1
44 34 373 1
34 95 480 1
95 34 480 1
54 95 438 1
95 54 438 1
5 39 639 1
39 5 639 1
34 61 571 1
61 34 571 1
37 56 930 1
56 37 930 1
37 108 355 1
108 37 355 1
49 101 814 1
101 49 814 1
71 80 755 1
80 71 755 1
90 105 516 1
105 90 516 1
94 107 417 1
107 94 417 1
108 115 135 1
115 108 135 1
25 35 978 1
35 25 978 1
26 70 383 1
70 26 383 1
34 48 431 1
48 34 431 1
37 57 643 1
57 37 643 1
39 79 371 1
79 39 371 1
62 84 326 1
84 62 326 1
21 30 349 1
30 21 349 1
23 53 1411 1
53 23 1411 1
23 65 1169 1
65 23 1169 1
41 86 672 1
86 41 672 1
46 97 424 1
97 46 424 1
53 65 517 1
65 53 517 1
59 93 1026 1
93 59 1026 1
60 95 868 1
95 60 868 1
60 63 1021 1
63 60 1021 1
64 110 621 1
110 64 621 1
73 86 744 1
86 73 744 1
76 89 725 1
89 76 725 1
4 23 506 1
23 4 506 1
9 13 376 1
13 9 376 1
23 24 403 1
24 23 403 1
36 111 534 1
111 36 534 1
