116 2668
44 49 304 1
49 44 304 1
4 8 148 1
8 4 148 1
49 51 172 1
51 49 172 1
48 49 410 1
49 48 410 1
24 25 135 1
25 24 135 1
44 48 114 1
48 44 114 1
8 9 638 1
9 8 638 1
2 22 228 1
22 2 228 1
4 9 500 1
9 4 500 1
58 59 496 1
59 58 496 1
42 43 239 1
43 42 239 1
88 89 1035 1
89 88 1035 1
56 57 840 1
57 56 840 1
80 81 1113 1
81 80 1113 1
30 31 127 1
31 30 127 1
0 62 386 1
62 0 386 1
101 103 106 1
103 101 106 1
3 23 271 1
23 3 271 1
44 51 440 1
51 44 440 1
2 6 165 1
6 2 165 1
102 103 508 1
103 102 508 1
36 80 330 1
80 36 330 1
20 21 185 1
21 20 185 1
101 102 595 1
102 101 595 1
5 26 263 1
26 5 263 1
58 60 266 1
60 58 266 1
48 51 548 1
51 48 548 1
60 61 893 1
61 60 893 1
95 108 123 1
108 95 123 1
93 101 103 1
101 93 103 1
26 27 135 1
27 26 135 1
2 18 379 1
18 2 379 1
42 47 281 1
47 42 281 1
40 74 182 1
74 40 182 1
82 83 881 1
83 82 881 1
8 24 258 1
24 8 258 1
106 107 486 1
107 106 486 1
48 91 808 1
91 48 808 1
9 24 385 1
24 9 385 1
9 29 484 1
29 9 484 1
17 76 648 1
76 17 648 1
16 72 287 1
72 16 287 1
6 18 473 1
18 6 473 1
94 108 97 1
108 94 97 1
108 114 218 1
114 108 218 1
21 26 271 1
26 21 271 1
60 64 187 1
64 60 187 1
43 47 146 1
47 43 146 1
19 69 323 1
69 19 323 1
28 81 975 1
81 28 975 1
6 22 333 1
22 6 333 1
42 44 208 1
44 42 208 1
11 13 168 1
13 11 168 1
6 64 941 1
64 6 941 1
44 45 194 1
45 44 194 1
32 33 149 1
33 32 149 1
57 63 249 1
63 57 249 1
82 88 444 1
88 82 444 1
84 85 1130 1
85 84 1130 1
63 79 303 1
79 63 303 1
74 76 203 1
76 74 203 1
5 21 332 1
21 5 332 1
20 26 232 1
26 20 232 1
16 80 152 1
80 16 152 1
42 51 463 1
51 42 463 1
42 49 396 1
49 42 396 1
90 92 135 1
92 90 135 1
36 81 848 1
81 36 848 1
70 75 355 1
75 70 355 1
46 47 309 1
47 46 309 1
72 80 384 1
80 72 384 1
4 24 144 1
24 4 144 1
50 51 698 1
51 50 698 1
100 104 240 1
104 100 240 1
82 89 1043 1
89 82 1043 1
16 63 1092 1
63 16 1092 1
22 23 140 1
23 22 140 1
45 49 111 1
49 45 111 1
39 96 494 1
96 39 494 1
28 80 329 1
80 28 329 1
91 93 118 1
93 91 118 1
44 91 726 1
91 44 726 1
27 82 524 1
82 27 524 1
39 55 254 1
55 39 254 1
15 20 521 1
20 15 521 1
100 102 87 1
102 100 87 1
40 72 200 1
72 40 200 1
72 81 860 1
81 72 860 1
33 76 380 1
76 33 380 1
28 36 321 1
36 28 321 1
34 94 438 1
94 34 438 1
36 72 276 1
72 36 276 1
56 79 965 1
79 56 965 1
86 88 460 1
88 86 460 1
3 7 185 1
7 3 185 1
49 50 585 1
50 49 585 1
43 50 494 1
50 43 494 1
49 91 630 1
91 49 630 1
78 80 116 1
80 78 116 1
36 78 263 1
78 36 263 1
8 25 389 1
25 8 389 1
57 79 431 1
79 57 431 1
99 112 272 1
112 99 272 1
48 50 202 1
50 48 202 1
22 64 1169 1
64 22 1169 1
9 25 252 1
25 9 252 1
5 25 129 1
25 5 129 1
102 104 159 1
104 102 159 1
68 69 164 1
69 68 164 1
79 80 991 1
80 79 991 1
72 79 733 1
79 72 733 1
58 66 198 1
66 58 198 1
86 89 1016 1
89 86 1016 1
15 26 469 1
26 15 469 1
60 62 241 1
62 60 241 1
16 79 934 1
79 16 934 1
44 50 287 1
50 44 287 1
41 73 204 1
73 41 204 1
78 79 878 1
79 78 878 1
66 67 177 1
67 66 177 1
97 110 221 1
110 97 221 1
5 27 165 1
27 5 165 1
28 72 116 1
72 28 116 1
46 97 424 1
97 46 424 1
29 78 851 1
78 29 851 1
79 95 480 1
95 79 480 1
12 16 384 1
16 12 384 1
15 21 348 1
21 15 348 1
5 15 278 1
15 5 278 1
4 26 161 1
26 4 161 1
24 30 283 1
30 24 283 1
51 91 505 1
91 51 505 1
23 86 866 1
86 23 866 1
67 92 922 1
92 67 922 1
55 96 492 1
96 55 492 1
18 64 805 1
64 18 805 1
45 51 254 1
51 45 254 1
16 56 380 1
56 16 380 1
28 78 272 1
78 28 272 1
63 80 1146 1
80 63 1146 1
9 15 219 1
15 9 219 1
12 14 278 1
14 12 278 1
40 84 485 1
84 40 485 1
47 111 188 1
111 47 188 1
2 64 992 1
64 2 992 1
70 71 263 1
71 70 263 1
93 100 653 1
100 93 653 1
18 22 537 1
22 18 537 1
41 72 550 1
72 41 550 1
98 99 479 1
99 98 479 1
76 80 424 1
80 76 424 1
1 13 546 1
13 1 546 1
23 50 1386 1
50 23 1386 1
6 60 799 1
60 6 799 1
54 89 853 1
89 54 853 1
3 86 986 1
86 3 986 1
3 88 1145 1
88 3 1145 1
95 101 458 1
101 95 458 1
4 25 258 1
25 4 258 1
36 79 738 1
79 36 738 1
90 91 735 1
91 90 735 1
93 102 600 1
102 93 600 1
103 104 369 1
104 103 369 1
0 60 405 1
60 0 405 1
1 61 385 1
61 1 385 1
36 37 542 1
37 36 542 1
42 99 482 1
99 42 482 1
63 81 293 1
81 63 293 1
34 35 126 1
35 34 126 1
1 11 394 1
11 1 394 1
4 5 350 1
5 4 350 1
47 99 231 1
99 47 231 1
63 78 1033 1
78 63 1033 1
82 86 143 1
86 82 143 1
0 81 1076 1
81 0 1076 1
25 70 480 1
70 25 480 1
14 16 483 1
16 14 483 1
21 39 356 1
39 21 356 1
72 76 257 1
76 72 257 1
62 81 1169 1
81 62 1169 1
25 30 292 1
30 25 292 1
58 88 918 1
88 58 918 1
28 57 964 1
57 28 964 1
32 40 629 1
40 32 629 1
61 62 1047 1
62 61 1047 1
42 91 584 1
91 42 584 1
20 24 393 1
24 20 393 1
17 80 1070 1
80 17 1070 1
38 55 598 1
55 38 598 1
16 36 349 1
36 16 349 1
2 23 340 1
23 2 340 1
94 95 213 1
95 94 213 1
69 92 1197 1
92 69 1197 1
22 93 1426 1
93 22 1426 1
23 30 259 1
30 23 259 1
28 56 545 1
56 28 545 1
30 50 1195 1
50 30 1195 1
62 80 268 1
80 62 268 1
37 41 217 1
41 37 217 1
38 39 465 1
39 38 465 1
58 89 1156 1
89 58 1156 1
56 63 1014 1
63 56 1014 1
56 78 391 1
78 56 391 1
67 69 345 1
69 67 345 1
74 111 713 1
111 74 713 1
17 28 894 1
28 17 894 1
59 98 975 1
98 59 975 1
43 51 245 1
51 43 245 1
91 98 616 1
98 91 616 1
36 57 914 1
57 36 914 1
43 44 290 1
44 43 290 1
42 48 243 1
48 42 243 1
3 100 1385 1
100 3 1385 1
32 74 456 1
74 32 456 1
5 106 957 1
106 5 957 1
7 65 934 1
65 7 934 1
94 114 259 1
114 94 259 1
14 87 842 1
87 14 842 1
93 103 173 1
103 93 173 1
14 15 772 1
15 14 772 1
32 72 471 1
72 32 471 1
40 76 327 1
76 40 327 1
54 70 623 1
70 54 623 1
16 78 122 1
78 16 122 1
17 81 182 1
81 17 182 1
54 88 224 1
88 54 224 1
28 29 741 1
29 28 741 1
19 68 313 1
68 19 313 1
20 40 225 1
40 20 225 1
25 31 272 1
31 25 272 1
13 61 843 1
61 13 843 1
16 81 1063 1
81 16 1063 1
66 115 807 1
115 66 807 1
36 63 945 1
63 36 945 1
95 103 393 1
103 95 393 1
12 72 358 1
72 12 358 1
58 86 1196 1
86 58 1196 1
10 13 1004 1
13 10 1004 1
14 56 813 1
56 14 813 1
17 33 512 1
33 17 512 1
21 27 209 1
27 21 209 1
27 88 863 1
88 27 863 1
29 47 768 1
47 29 768 1
17 61 534 1
61 17 534 1
29 79 257 1
79 29 257 1
32 111 773 1
111 32 773 1
29 94 678 1
94 29 678 1
46 53 547 1
53 46 547 1
67 86 1148 1
86 67 1148 1
71 75 163 1
75 71 163 1
20 27 271 1
27 20 271 1
48 54 669 1
54 48 669 1
1 17 391 1
17 1 391 1
28 79 847 1
79 28 847 1
29 73 113 1
73 29 113 1
0 12 517 1
12 0 517 1
41 80 868 1
80 41 868 1
47 55 367 1
55 47 367 1
48 105 862 1
105 48 862 1
8 15 741 1
15 8 741 1
13 65 935 1
65 13 935 1
71 104 863 1
104 71 863 1
89 90 968 1
90 89 968 1
22 86 800 1
86 22 800 1
23 31 199 1
31 23 199 1
29 34 696 1
34 29 696 1
91 99 166 1
99 91 166 1
3 26 678 1
26 3 678 1
69 90 1119 1
90 69 1119 1
57 78 938 1
78 57 938 1
66 68 378 1
68 66 378 1
45 105 804 1
105 45 804 1
59 66 363 1
66 59 363 1
61 74 932 1
74 61 932 1
79 81 136 1
81 79 136 1
39 107 280 1
107 39 280 1
59 60 718 1
60 59 718 1
105 106 359 1
106 105 359 1
66 86 1121 1
86 66 1121 1
44 105 811 1
105 44 811 1
18 60 647 1
60 18 647 1
35 65 453 1
65 35 453 1
72 74 76 1
74 72 76 1
13 60 1245 1
60 13 1245 1
16 57 981 1
57 16 981 1
21 96 648 1
96 21 648 1
0 13 1027 1
13 0 1027 1
16 29 882 1
29 16 882 1
61 63 238 1
63 61 238 1
13 68 978 1
68 13 978 1
34 43 397 1
43 34 397 1
39 106 557 1
106 39 557 1
72 111 772 1
111 72 772 1
96 97 322 1
97 96 322 1
72 73 517 1
73 72 517 1
10 11 986 1
11 10 986 1
13 17 364 1
17 13 364 1
29 41 234 1
41 29 234 1
50 91 845 1
91 50 845 1
54 106 240 1
106 54 240 1
55 87 559 1
87 55 559 1
16 111 812 1
111 16 812 1
17 79 135 1
79 17 135 1
30 103 1152 1
103 30 1152 1
45 48 304 1
48 45 304 1
110 115 264 1
115 110 264 1
17 65 592 1
65 17 592 1
14 38 497 1
38 14 497 1
49 105 843 1
105 49 843 1
61 76 764 1
76 61 764 1
12 38 624 1
38 12 624 1
17 72 781 1
72 17 781 1
64 93 1076 1
93 64 1076 1
1 68 549 1
68 1 549 1
5 9 157 1
9 5 157 1
40 41 506 1
41 40 506 1
56 95 883 1
95 56 883 1
76 111 559 1
111 76 559 1
40 80 433 1
80 40 433 1
26 83 578 1
83 26 578 1
28 76 345 1
76 28 345 1
56 80 431 1
80 56 431 1
87 89 476 1
89 87 476 1
1 62 1027 1
62 1 1027 1
40 111 707 1
111 40 707 1
45 112 552 1
112 45 552 1
58 82 1100 1
82 58 1100 1
74 95 497 1
95 74 497 1
89 96 700 1
96 89 700 1
57 80 1050 1
80 57 1050 1
17 63 324 1
63 17 324 1
20 37 510 1
37 20 510 1
29 36 705 1
36 29 705 1
5 8 493 1
8 5 493 1
6 82 587 1
82 6 587 1
29 72 629 1
72 29 629 1
5 107 867 1
107 5 867 1
29 43 829 1
43 29 829 1
12 28 275 1
28 12 275 1
43 45 199 1
45 43 199 1
22 50 1336 1
50 22 1336 1
24 29 657 1
29 24 657 1
26 82 411 1
82 26 411 1
37 77 246 1
77 37 246 1
23 88 1119 1
88 23 1119 1
36 76 232 1
76 36 232 1
76 79 567 1
79 76 567 1
5 20 424 1
20 5 424 1
44 99 632 1
99 44 632 1
16 17 998 1
17 16 998 1
55 89 213 1
89 55 213 1
72 78 300 1
78 72 300 1
8 29 833 1
29 8 833 1
16 28 220 1
28 16 220 1
27 96 825 1
96 27 825 1
74 101 945 1
101 74 945 1
78 81 1002 1
81 78 1002 1
96 98 184 1
98 96 184 1
28 33 585 1
33 28 585 1
2 50 1192 1
50 2 1192 1
47 98 442 1
98 47 442 1
56 72 566 1
72 56 566 1
58 64 312 1
64 58 312 1
71 107 693 1
107 71 693 1
101 108 495 1
108 101 495 1
104 105 204 1
105 104 204 1
27 83 450 1
83 27 450 1
43 49 240 1
49 43 240 1
33 80 703 1
80 33 703 1
42 50 271 1
50 42 271 1
24 34 1021 1
34 24 1021 1
31 33 517 1
33 31 517 1
3 22 347 1
22 3 347 1
16 40 399 1
40 16 399 1
76 95 396 1
95 76 396 1
97 109 174 1
109 97 174 1
0 80 485 1
80 0 485 1
13 62 1248 1
62 13 1248 1
27 86 519 1
86 27 519 1
43 78 794 1
78 43 794 1
49 99 587 1
99 49 587 1
64 82 943 1
82 64 943 1
102 113 317 1
113 102 317 1
18 82 891 1
82 18 891 1
23 93 1407 1
93 23 1407 1
39 82 719 1
82 39 719 1
86 93 1081 1
93 86 1081 1
56 76 519 1
76 56 519 1
58 90 890 1
90 58 890 1
63 72 944 1
72 63 944 1
7 64 1244 1
64 7 1244 1
12 62 664 1
62 12 664 1
33 95 646 1
95 33 646 1
37 72 595 1
72 37 595 1
54 55 651 1
55 54 651 1
1 85 630 1
85 1 630 1
33 41 611 1
41 33 611 1
71 105 832 1
105 71 832 1
0 68 414 1
68 0 414 1
64 115 820 1
115 64 820 1
91 92 669 1
92 91 669 1
58 98 810 1
98 58 810 1
69 104 1167 1
104 69 1167 1
94 103 496 1
103 94 496 1
2 3 405 1
3 2 405 1
2 93 1417 1
93 2 1417 1
12 81 1161 1
81 12 1161 1
100 106 280 1
106 100 280 1
17 57 439 1
57 17 439 1
28 63 1049 1
63 28 1049 1
40 102 619 1
102 40 619 1
67 90 867 1
90 67 867 1
29 46 914 1
46 29 914 1
54 75 692 1
75 54 692 1
55 98 606 1
98 55 606 1
4 45 1366 1
45 4 1366 1
41 81 452 1
81 41 452 1
89 106 787 1
106 89 787 1
9 26 419 1
26 9 419 1
9 105 1106 1
105 9 1106 1
38 87 730 1
87 38 730 1
54 71 757 1
71 54 757 1
60 74 699 1
74 60 699 1
4 49 1415 1
49 4 1415 1
7 83 551 1
83 7 551 1
8 34 1027 1
34 8 1027 1
16 38 439 1
38 16 439 1
17 95 598 1
95 17 598 1
105 107 233 1
107 105 233 1
7 11 254 1
11 7 254 1
37 46 651 1
46 37 651 1
54 90 282 1
90 54 282 1
0 61 943 1
61 0 943 1
4 29 708 1
29 4 708 1
17 74 721 1
74 17 721 1
29 37 304 1
37 29 304 1
52 53 746 1
53 52 746 1
66 112 753 1
112 66 753 1
86 90 814 1
90 86 814 1
5 39 639 1
39 5 639 1
16 76 379 1
76 16 379 1
41 76 493 1
76 41 493 1
60 89 1195 1
89 60 1195 1
84 102 581 1
102 84 581 1
101 104 464 1
104 101 464 1
2 86 809 1
86 2 809 1
105 115 176 1
115 105 176 1
9 20 557 1
20 9 557 1
20 72 238 1
72 20 238 1
26 39 604 1
39 26 604 1
29 81 342 1
81 29 342 1
39 83 378 1
83 39 378 1
5 24 252 1
24 5 252 1
77 114 582 1
114 77 582 1
23 27 506 1
27 23 506 1
25 34 1006 1
34 25 1006 1
10 12 181 1
12 10 181 1
100 101 656 1
101 100 656 1
7 86 1021 1
86 7 1021 1
13 58 1244 1
58 13 1244 1
21 71 214 1
71 21 214 1
55 99 216 1
99 55 216 1
29 42 967 1
42 29 967 1
32 76 341 1
76 32 341 1
25 43 1261 1
43 25 1261 1
43 99 372 1
99 43 372 1
71 106 782 1
106 71 782 1
31 94 836 1
94 31 836 1
82 87 849 1
87 82 849 1
100 105 430 1
105 100 430 1
69 110 773 1
110 69 773 1
101 113 350 1
113 101 350 1
9 78 1057 1
78 9 1057 1
16 74 335 1
74 16 335 1
57 72 874 1
72 57 874 1
61 65 175 1
65 61 175 1
92 100 157 1
100 92 157 1
4 70 430 1
70 4 430 1
96 106 277 1
106 96 277 1
3 27 634 1
27 3 634 1
22 87 870 1
87 22 870 1
37 73 278 1
73 37 278 1
38 74 265 1
74 38 265 1
48 93 850 1
93 48 850 1
59 82 1290 1
82 59 1290 1
84 100 555 1
100 84 555 1
5 87 460 1
87 5 460 1
6 109 932 1
109 6 932 1
33 94 670 1
94 33 670 1
38 107 545 1
107 38 545 1
48 70 972 1
70 48 972 1
66 82 1038 1
82 66 1038 1
22 31 234 1
31 22 234 1
24 94 920 1
94 24 920 1
27 39 536 1
39 27 536 1
27 40 481 1
40 27 481 1
31 103 1151 1
103 31 1151 1
83 89 464 1
89 83 464 1
5 83 447 1
83 5 447 1
29 63 531 1
63 29 531 1
33 65 634 1
65 33 634 1
43 94 518 1
94 43 518 1
93 104 478 1
104 93 478 1
24 67 1223 1
67 24 1223 1
24 110 1066 1
110 24 1066 1
0 72 516 1
72 0 516 1
19 104 1200 1
104 19 1200 1
34 45 409 1
45 34 409 1
4 44 1341 1
44 4 1341 1
51 105 775 1
105 51 775 1
79 94 650 1
94 79 650 1
18 19 147 1
19 18 147 1
18 33 288 1
33 18 288 1
6 108 967 1
108 6 967 1
23 26 522 1
26 23 522 1
87 88 1035 1
88 87 1035 1
12 47 1162 1
47 12 1162 1
22 88 1044 1
88 22 1044 1
27 84 956 1
84 27 956 1
37 39 117 1
39 37 117 1
98 112 277 1
112 98 277 1
1 65 536 1
65 1 536 1
12 29 886 1
29 12 886 1
15 29 295 1
29 15 295 1
24 31 318 1
31 24 318 1
46 81 867 1
81 46 867 1
48 99 711 1
99 48 711 1
17 40 824 1
40 17 824 1
34 42 401 1
42 34 401 1
54 87 939 1
87 54 939 1
61 80 1112 1
80 61 1112 1
68 110 813 1
110 68 813 1
88 90 414 1
90 88 414 1
18 74 626 1
74 18 626 1
20 25 402 1
25 20 402 1
44 75 889 1
75 44 889 1
57 94 878 1
94 57 878 1
62 68 629 1
68 62 629 1
48 90 628 1
90 48 628 1
59 61 271 1
61 59 271 1
7 58 1136 1
58 7 1136 1
11 17 224 1
17 11 224 1
82 84 544 1
84 82 544 1
71 73 163 1
73 71 163 1
8 26 300 1
26 8 300 1
0 38 744 1
38 0 744 1
11 65 770 1
65 11 770 1
14 21 487 1
21 14 487 1
33 81 613 1
81 33 613 1
36 40 213 1
40 36 213 1
37 40 562 1
40 37 562 1
4 15 597 1
15 4 597 1
9 42 1383 1
42 9 1383 1
60 82 905 1
82 60 905 1
74 113 753 1
113 74 753 1
95 114 280 1
114 95 280 1
2 115 1109 1
115 2 1109 1
5 14 572 1
14 5 572 1
17 41 414 1
41 17 414 1
17 56 1024 1
56 17 1024 1
36 56 615 1
56 36 615 1
39 74 501 1
74 39 501 1
49 71 957 1
71 49 957 1
57 76 691 1
76 57 691 1
91 100 719 1
100 91 719 1
0 58 565 1
58 0 565 1
28 41 661 1
41 28 661 1
33 108 673 1
108 33 673 1
35 45 385 1
45 35 385 1
37 97 271 1
97 37 271 1
74 102 729 1
102 74 729 1
3 50 1273 1
50 3 1273 1
48 75 966 1
75 48 966 1
75 104 746 1
104 75 746 1
77 106 633 1
106 77 633 1
85 100 1025 1
100 85 1025 1
12 80 516 1
80 12 516 1
41 79 379 1
79 41 379 1
42 45 300 1
45 42 300 1
67 112 712 1
112 67 712 1
101 107 310 1
107 101 310 1
3 67 879 1
67 3 879 1
3 104 1246 1
104 3 1246 1
28 94 557 1
94 28 557 1
31 50 1246 1
50 31 1246 1
57 95 781 1
95 57 781 1
85 96 743 1
96 85 743 1
24 45 1393 1
45 24 1393 1
35 76 333 1
76 35 333 1
42 94 484 1
94 42 484 1
74 80 415 1
80 74 415 1
10 62 483 1
62 10 483 1
36 111 534 1
111 36 534 1
64 83 1303 1
83 64 1303 1
100 103 576 1
103 100 576 1
21 37 403 1
37 21 403 1
30 32 574 1
32 30 574 1
33 74 480 1
74 33 480 1
60 83 1265 1
83 60 1265 1
63 95 704 1
95 63 704 1
17 35 579 1
35 17 579 1
100 107 640 1
107 100 640 1
0 16 380 1
16 0 380 1
11 85 574 1
85 11 574 1
28 46 774 1
46 28 774 1
57 81 488 1
81 57 488 1
60 88 724 1
88 60 724 1
12 56 631 1
56 12 631 1
36 94 246 1
94 36 246 1
64 101 1142 1
101 64 1142 1
66 88 875 1
88 66 875 1
0 40 699 1
40 0 699 1
23 103 1345 1
103 23 1345 1
24 69 1148 1
69 24 1148 1
25 94 912 1
94 25 912 1
40 85 900 1
85 40 900 1
62 63 1134 1
63 62 1134 1
82 96 637 1
96 82 637 1
27 89 807 1
89 27 807 1
39 40 508 1
40 39 508 1
89 107 337 1
107 89 337 1
33 114 880 1
114 33 880 1
39 87 370 1
87 39 370 1
1 59 541 1
59 1 541 1
2 90 1252 1
90 2 1252 1
16 41 813 1
41 16 813 1
34 41 686 1
41 34 686 1
27 66 1140 1
66 27 1140 1
58 61 717 1
61 58 717 1
75 105 690 1
105 75 690 1
23 67 1077 1
67 23 1077 1
32 61 611 1
61 32 611 1
66 110 549 1
110 66 549 1
89 98 818 1
98 89 818 1
2 75 673 1
75 2 673 1
33 72 507 1
72 33 507 1
88 107 781 1
107 88 781 1
2 30 317 1
30 2 317 1
10 68 756 1
68 10 756 1
88 106 334 1
106 88 334 1
16 95 729 1
95 16 729 1
27 110 890 1
110 27 890 1
58 62 503 1
62 58 503 1
6 53 1419 1
53 6 1419 1
29 57 596 1
57 29 596 1
51 99 497 1
99 51 497 1
68 97 933 1
97 68 933 1
80 111 747 1
111 80 747 1
4 48 1379 1
48 4 1379 1
104 107 401 1
107 104 401 1
76 83 717 1
83 76 717 1
79 111 717 1
111 79 717 1
4 51 1418 1
51 4 1418 1
9 34 1087 1
34 9 1087 1
65 83 931 1
83 65 931 1
76 81 691 1
81 76 691 1
0 32 356 1
32 0 356 1
45 71 933 1
71 45 933 1
25 50 1404 1
50 25 1404 1
38 89 763 1
89 38 763 1
41 52 1018 1
52 41 1018 1
63 111 831 1
111 63 831 1
95 111 347 1
111 95 347 1
0 74 551 1
74 0 551 1
30 94 797 1
94 30 797 1
3 19 382 1
19 3 382 1
4 34 986 1
34 4 986 1
5 82 673 1
82 5 673 1
25 110 1042 1
110 25 1042 1
49 54 854 1
54 49 854 1
54 77 571 1
77 54 571 1
74 84 507 1
84 74 507 1
22 101 1426 1
101 22 1426 1
39 89 325 1
89 39 325 1
86 100 753 1
100 86 753 1
9 43 1284 1
43 9 1284 1
54 107 612 1
107 54 612 1
25 29 556 1
29 25 556 1
45 67 282 1
67 45 282 1
10 60 650 1
60 10 650 1
39 65 768 1
65 39 768 1
44 70 930 1
70 44 930 1
96 107 486 1
107 96 486 1
42 55 629 1
55 42 629 1
45 94 668 1
94 45 668 1
67 68 440 1
68 67 440 1
20 29 497 1
29 20 497 1
24 43 1300 1
43 24 1300 1
31 115 958 1
115 31 958 1
36 47 622 1
47 36 622 1
44 71 961 1
71 44 961 1
50 67 562 1
67 50 562 1
103 108 420 1
108 103 420 1
45 99 570 1
99 45 570 1
84 96 441 1
96 84 441 1
91 101 197 1
101 91 197 1
17 36 828 1
36 17 828 1
43 79 634 1
79 43 634 1
70 105 847 1
105 70 847 1
2 88 959 1
88 2 959 1
6 88 860 1
88 6 860 1
15 40 725 1
40 15 725 1
0 1 800 1
1 0 800 1
10 53 1310 1
53 10 1310 1
22 48 1339 1
48 22 1339 1
23 87 803 1
87 23 803 1
1 7 452 1
7 1 452 1
8 70 477 1
70 8 477 1
9 45 1389 1
45 9 1389 1
21 55 604 1
55 21 604 1
25 67 1191 1
67 25 1191 1
35 37 446 1
37 35 446 1
39 108 341 1
108 39 341 1
3 30 397 1
30 3 397 1
18 32 279 1
32 18 279 1
19 66 600 1
66 19 600 1
21 87 397 1
87 21 397 1
35 77 284 1
77 35 284 1
46 99 446 1
99 46 446 1
47 72 816 1
72 47 816 1
12 15 906 1
15 12 906 1
37 80 842 1
80 37 842 1
65 76 769 1
76 65 769 1
96 105 387 1
105 96 387 1
15 16 1006 1
16 15 1006 1
25 69 1122 1
69 25 1122 1
94 101 576 1
101 94 576 1
35 36 502 1
36 35 502 1
77 108 373 1
108 77 373 1
83 113 937 1
113 83 937 1
3 69 687 1
69 3 687 1
11 68 856 1
68 11 856 1
26 96 811 1
96 26 811 1
86 107 792 1
107 86 792 1
5 71 431 1
71 5 431 1
15 83 194 1
83 15 194 1
24 73 599 1
73 24 599 1
50 75 983 1
75 50 983 1
70 104 814 1
104 70 814 1
32 36 555 1
36 32 555 1
38 56 731 1
56 38 731 1
55 111 434 1
111 55 434 1
0 10 381 1
10 0 381 1
40 61 1067 1
61 40 1067 1
52 103 773 1
103 52 773 1
24 70 465 1
70 24 465 1
42 98 381 1
98 42 381 1
47 78 767 1
78 47 767 1
47 79 596 1
79 47 596 1
48 71 1030 1
71 48 1030 1
60 65 898 1
65 60 898 1
75 109 462 1
109 75 462 1
6 58 957 1
58 6 957 1
17 62 1129 1
62 17 1129 1
17 111 850 1
111 17 850 1
23 48 1375 1
48 23 1375 1
32 112 880 1
112 32 880 1
1 60 923 1
60 1 923 1
7 23 337 1
23 7 337 1
8 78 729 1
78 8 729 1
20 36 396 1
36 20 396 1
22 91 1377 1
91 22 1377 1
23 64 1238 1
64 23 1238 1
38 40 158 1
40 38 158 1
46 62 638 1
62 46 638 1
69 70 750 1
70 69 750 1
90 98 163 1
98 90 163 1
20 73 397 1
73 20 397 1
22 54 1063 1
54 22 1063 1
48 86 1184 1
86 48 1184 1
61 81 506 1
81 61 506 1
3 4 707 1
4 3 707 1
3 89 961 1
89 3 961 1
12 63 1218 1
63 12 1218 1
31 45 1171 1
45 31 1171 1
32 113 906 1
113 32 906 1
40 113 703 1
113 40 703 1
82 90 824 1
90 82 824 1
87 106 830 1
106 87 830 1
4 115 964 1
115 4 964 1
30 101 1224 1
101 30 1224 1
89 100 936 1
100 89 936 1
70 90 900 1
90 70 900 1
113 114 95 1
114 113 95 1
21 82 511 1
82 21 511 1
25 78 882 1
78 25 882 1
32 80 590 1
80 32 590 1
38 96 284 1
96 38 284 1
70 77 376 1
77 70 376 1
101 111 463 1
111 101 463 1
2 7 566 1
7 2 566 1
7 115 1091 1
115 7 1091 1
13 81 530 1
81 13 530 1
14 57 1154 1
57 14 1154 1
30 115 932 1
115 30 932 1
32 79 600 1
79 32 600 1
34 36 459 1
36 34 459 1
34 76 309 1
76 34 309 1
40 96 436 1
96 40 436 1
70 110 664 1
110 70 664 1
88 96 385 1
96 88 385 1
7 59 970 1
59 7 970 1
32 81 728 1
81 32 728 1
50 105 813 1
105 50 813 1
58 115 947 1
115 58 947 1
62 97 881 1
97 62 881 1
82 106 562 1
106 82 562 1
86 91 1101 1
91 86 1101 1
7 88 1209 1
88 7 1209 1
9 49 1399 1
49 9 1399 1
33 79 486 1
79 33 486 1
42 46 173 1
46 42 173 1
14 72 328 1
72 14 328 1
39 88 762 1
88 39 762 1
59 90 1104 1
90 59 1104 1
5 70 530 1
70 5 530 1
39 97 289 1
97 39 289 1
102 111 440 1
111 102 440 1
8 14 205 1
14 8 205 1
9 70 641 1
70 9 641 1
48 98 566 1
98 48 566 1
92 104 310 1
104 92 310 1
15 34 954 1
34 15 954 1
24 50 1395 1
50 24 1395 1
76 94 331 1
94 76 331 1
20 41 386 1
41 20 386 1
25 52 1373 1
52 25 1373 1
32 101 1092 1
101 32 1092 1
56 74 591 1
74 56 591 1
75 107 539 1
107 75 539 1
96 110 214 1
110 96 214 1
18 58 669 1
58 18 669 1
25 71 434 1
71 25 434 1
29 71 259 1
71 29 259 1
52 94 506 1
94 52 506 1
63 76 747 1
76 63 747 1
66 69 349 1
69 66 349 1
21 83 382 1
83 21 382 1
33 35 375 1
35 33 375 1
54 92 376 1
92 54 376 1
64 86 1029 1
86 64 1029 1
65 100 1146 1
100 65 1146 1
9 51 1357 1
51 9 1357 1
13 59 1042 1
59 13 1042 1
17 32 646 1
32 17 646 1
18 66 623 1
66 18 623 1
20 34 683 1
34 20 683 1
26 113 1029 1
113 26 1029 1
28 97 752 1
97 28 752 1
35 94 438 1
94 35 438 1
38 111 560 1
111 38 560 1
68 85 974 1
85 68 974 1
104 113 229 1
113 104 229 1
9 100 1346 1
100 9 1346 1
36 41 570 1
41 36 570 1
73 77 274 1
77 73 274 1
74 83 697 1
83 74 697 1
25 75 536 1
75 25 536 1
42 57 855 1
57 42 855 1
64 65 897 1
65 64 897 1
73 81 406 1
81 73 406 1
87 107 525 1
107 87 525 1
9 44 1434 1
44 9 1434 1
10 83 1031 1
83 10 1031 1
33 61 545 1
61 33 545 1
49 75 865 1
75 49 865 1
10 28 213 1
28 10 213 1
19 67 590 1
67 19 590 1
19 102 1271 1
102 19 1271 1
41 94 523 1
94 41 523 1
70 109 564 1
109 70 564 1
1 10 979 1
10 1 979 1
28 53 1155 1
53 28 1155 1
37 76 441 1
76 37 441 1
45 115 699 1
115 45 699 1
34 103 810 1
103 34 810 1
61 64 928 1
64 61 928 1
69 88 1077 1
88 69 1077 1
4 21 414 1
21 4 414 1
19 90 1212 1
90 19 1212 1
23 91 1352 1
91 23 1352 1
24 36 774 1
36 24 774 1
29 80 961 1
80 29 961 1
47 51 339 1
51 47 339 1
54 109 337 1
109 54 337 1
59 88 1182 1
88 59 1182 1
48 100 791 1
100 48 791 1
59 62 914 1
62 59 914 1
64 88 675 1
88 64 675 1
83 96 859 1
96 83 859 1
6 89 1224 1
89 6 1224 1
15 85 720 1
85 15 720 1
37 59 824 1
59 37 824 1
86 106 508 1
106 86 508 1
7 13 237 1
13 7 237 1
8 20 420 1
20 8 420 1
25 103 1172 1
103 25 1172 1
26 102 984 1
102 26 984 1
55 88 845 1
88 55 845 1
84 88 224 1
88 84 224 1
2 31 377 1
31 2 377 1
22 90 1341 1
90 22 1341 1
25 26 225 1
26 25 225 1
48 112 575 1
112 48 575 1
71 109 576 1
109 71 576 1
86 101 1052 1
101 86 1052 1
3 66 920 1
66 3 920 1
23 100 1403 1
100 23 1403 1
31 71 265 1
71 31 265 1
41 61 840 1
61 41 840 1
46 98 212 1
98 46 212 1
93 108 478 1
108 93 478 1
4 20 334 1
20 4 334 1
12 55 1107 1
55 12 1107 1
16 62 313 1
62 16 313 1
18 90 1192 1
90 18 1192 1
21 40 380 1
40 21 380 1
22 82 706 1
82 22 706 1
24 52 1359 1
52 24 1359 1
30 73 455 1
73 30 455 1
31 32 596 1
32 31 596 1
33 64 737 1
64 33 737 1
36 43 693 1
43 36 693 1
36 46 482 1
46 36 482 1
45 66 369 1
66 45 369 1
69 89 1015 1
89 69 1015 1
93 113 317 1
113 93 317 1
4 105 1055 1
105 4 1055 1
29 75 189 1
75 29 189 1
40 79 762 1
79 40 762 1
48 104 822 1
104 48 822 1
0 28 492 1
28 0 492 1
17 94 764 1
94 17 764 1
28 37 709 1
37 28 709 1
33 83 733 1
83 33 733 1
37 38 515 1
38 37 515 1
12 57 1101 1
57 12 1101 1
18 83 953 1
83 18 953 1
18 88 1010 1
88 18 1010 1
19 26 891 1
26 19 891 1
28 77 540 1
77 28 540 1
34 114 610 1
114 34 610 1
36 38 122 1
38 36 122 1
103 113 295 1
113 103 295 1
20 43 937 1
43 20 937 1
21 73 247 1
73 21 247 1
42 114 483 1
114 42 483 1
59 86 1363 1
86 59 1363 1
63 74 885 1
74 63 885 1
2 82 688 1
82 2 688 1
24 26 201 1
26 24 201 1
38 62 642 1
62 38 642 1
47 97 280 1
97 47 280 1
48 115 731 1
115 48 731 1
28 95 668 1
95 28 668 1
30 104 1036 1
104 30 1036 1
47 63 665 1
63 47 665 1
74 82 336 1
82 74 336 1
82 113 905 1
113 82 905 1
24 104 1101 1
104 24 1101 1
45 50 474 1
50 45 474 1
62 74 590 1
74 62 590 1
15 24 514 1
24 15 514 1
16 102 798 1
102 16 798 1
28 35 670 1
35 28 670 1
71 87 510 1
87 71 510 1
8 115 1034 1
115 8 1034 1
20 47 858 1
47 20 858 1
22 108 1017 1
108 22 1017 1
30 105 1049 1
105 30 1049 1
59 97 823 1
97 59 823 1
67 110 507 1
110 67 507 1
4 42 1278 1
42 4 1278 1
20 96 592 1
96 20 592 1
22 30 218 1
30 22 218 1
38 106 276 1
106 38 276 1
46 55 584 1
55 46 584 1
46 59 785 1
59 46 785 1
0 59 847 1
59 0 847 1
7 89 868 1
89 7 868 1
15 39 506 1
39 15 506 1
27 107 753 1
107 27 753 1
33 36 610 1
36 33 610 1
51 54 884 1
54 51 884 1
62 72 566 1
72 62 566 1
83 88 1071 1
88 83 1071 1
86 87 805 1
87 86 805 1
103 105 173 1
105 103 173 1
10 115 915 1
115 10 915 1
13 28 892 1
28 13 892 1
18 101 1348 1
101 18 1348 1
26 88 791 1
88 26 791 1
29 77 357 1
77 29 357 1
40 73 549 1
73 40 549 1
47 49 380 1
49 47 380 1
84 111 669 1
111 84 669 1
2 48 1199 1
48 2 1199 1
47 81 624 1
81 47 624 1
9 47 1209 1
47 9 1209 1
11 28 875 1
28 11 875 1
22 75 633 1
75 22 633 1
31 110 923 1
110 31 923 1
32 63 656 1
63 32 656 1
32 95 664 1
95 32 664 1
33 113 927 1
113 33 927 1
80 95 719 1
95 80 719 1
81 111 760 1
111 81 760 1
9 21 431 1
21 9 431 1
9 52 1482 1
52 9 1482 1
9 94 994 1
94 9 994 1
27 69 1092 1
69 27 1092 1
28 62 527 1
62 28 527 1
34 47 428 1
47 34 428 1
51 93 605 1
93 51 605 1
72 95 570 1
95 72 570 1
8 51 1496 1
51 8 1496 1
14 39 770 1
39 14 770 1
19 27 874 1
27 19 874 1
24 105 1115 1
105 24 1115 1
37 45 726 1
45 37 726 1
49 70 1008 1
70 49 1008 1
64 74 751 1
74 64 751 1
1 114 1067 1
114 1 1067 1
12 78 490 1
78 12 490 1
19 92 1295 1
92 19 1295 1
31 105 1065 1
105 31 1065 1
108 109 87 1
109 108 87 1
15 27 336 1
27 15 336 1
20 112 885 1
112 20 885 1
22 89 1126 1
89 22 1126 1
26 104 905 1
104 26 905 1
30 110 901 1
110 30 901 1
51 52 786 1
52 51 786 1
93 107 357 1
107 93 357 1
6 87 1046 1
87 6 1046 1
20 39 459 1
39 20 459 1
20 85 844 1
85 20 844 1
21 106 670 1
106 21 670 1
35 67 262 1
67 35 262 1
49 87 1159 1
87 49 1159 1
58 65 718 1
65 58 718 1
30 67 972 1
67 30 972 1
30 102 1111 1
102 30 1111 1
31 34 815 1
34 31 815 1
68 82 1040 1
82 68 1040 1
85 92 1003 1
92 85 1003 1
87 91 820 1
91 87 820 1
89 91 402 1
91 89 402 1
40 68 919 1
68 40 919 1
95 109 146 1
109 95 146 1
111 113 191 1
113 111 191 1
6 86 719 1
86 6 719 1
25 104 1095 1
104 25 1095 1
50 86 1077 1
86 50 1077 1
93 98 589 1
98 93 589 1
7 19 519 1
19 7 519 1
18 93 1308 1
93 18 1308 1
30 93 1229 1
93 30 1229 1
31 75 419 1
75 31 419 1
50 93 862 1
93 50 862 1
51 94 733 1
94 51 733 1
53 109 560 1
109 53 560 1
64 108 748 1
108 64 748 1
74 79 666 1
79 74 666 1
76 114 580 1
114 76 580 1
95 102 514 1
102 95 514 1
0 11 958 1
11 0 958 1
2 91 1366 1
91 2 1366 1
55 106 607 1
106 55 607 1
0 98 918 1
98 0 918 1
2 60 843 1
60 2 843 1
42 92 498 1
92 42 498 1
45 78 840 1
78 45 840 1
48 55 832 1
55 48 832 1
59 89 931 1
89 59 931 1
81 97 523 1
97 81 523 1
4 77 744 1
77 4 744 1
5 100 1233 1
100 5 1233 1
6 83 986 1
83 6 986 1
10 65 1203 1
65 10 1203 1
19 83 893 1
83 19 893 1
32 103 1045 1
103 32 1045 1
33 40 654 1
40 33 654 1
52 73 1055 1
73 52 1055 1
62 89 1215 1
89 62 1215 1
71 103 908 1
103 71 908 1
19 30 607 1
30 19 607 1
32 60 487 1
60 32 487 1
53 60 1040 1
60 53 1040 1
67 104 923 1
104 67 923 1
76 108 370 1
108 76 370 1
101 105 274 1
105 101 274 1
5 45 1343 1
45 5 1343 1
8 21 536 1
21 8 536 1
10 64 755 1
64 10 755 1
26 100 1042 1
100 26 1042 1
31 101 1215 1
101 31 1215 1
35 85 553 1
85 35 553 1
37 106 622 1
106 37 622 1
85 106 897 1
106 85 897 1
8 105 1137 1
105 8 1137 1
16 73 769 1
73 16 769 1
23 84 1113 1
84 23 1113 1
23 90 1391 1
90 23 1391 1
33 68 378 1
68 33 378 1
38 98 432 1
98 38 432 1
41 95 382 1
95 41 382 1
53 108 584 1
108 53 584 1
65 115 847 1
115 65 847 1
76 77 238 1
77 76 238 1
92 93 608 1
93 92 608 1
1 58 829 1
58 1 829 1
1 83 729 1
83 1 729 1
21 72 388 1
72 21 388 1
24 51 1429 1
51 24 1429 1
40 62 664 1
62 40 664 1
75 90 927 1
90 75 927 1
99 111 265 1
111 99 265 1
13 41 490 1
41 13 490 1
22 51 1360 1
51 22 1360 1
30 75 454 1
75 30 454 1
33 73 444 1
73 33 444 1
40 81 874 1
81 40 874 1
1 46 993 1
46 1 993 1
3 64 1134 1
64 3 1134 1
3 115 1099 1
115 3 1099 1
4 50 1323 1
50 4 1323 1
25 45 1358 1
45 25 1358 1
27 115 829 1
115 27 829 1
35 80 658 1
80 35 658 1
49 112 609 1
112 49 609 1
80 84 162 1
84 80 162 1
85 89 220 1
89 85 220 1
3 93 1309 1
93 3 1309 1
8 94 907 1
94 8 907 1
18 76 581 1
76 18 581 1
20 110 682 1
110 20 682 1
24 37 815 1
37 24 815 1
27 87 439 1
87 27 439 1
37 79 267 1
79 37 267 1
48 92 683 1
92 48 683 1
50 99 730 1
99 50 730 1
0 109 816 1
109 0 816 1
5 69 1149 1
69 5 1149 1
7 92 1445 1
92 7 1445 1
11 83 383 1
83 11 383 1
24 78 835 1
78 24 835 1
25 51 1371 1
51 25 1371 1
34 51 562 1
51 34 562 1
50 70 943 1
70 50 943 1
69 85 858 1
85 69 858 1
23 25 373 1
25 23 373 1
37 68 886 1
68 37 886 1
39 71 417 1
71 39 417 1
43 72 870 1
72 43 870 1
82 98 761 1
98 82 761 1
94 105 354 1
105 94 354 1
112 113 116 1
113 112 116 1
4 23 506 1
23 4 506 1
5 104 1063 1
104 5 1063 1
6 90 1185 1
90 6 1185 1
11 33 518 1
33 11 518 1
22 109 988 1
109 22 988 1
44 115 684 1
115 44 684 1
45 106 909 1
106 45 909 1
56 81 1090 1
81 56 1090 1
66 98 720 1
98 66 720 1
0 18 364 1
18 0 364 1
28 47 900 1
47 28 900 1
43 63 639 1
63 43 639 1
48 106 864 1
106 48 864 1
53 97 456 1
97 53 456 1
61 72 984 1
72 61 984 1
70 106 687 1
106 70 687 1
73 75 84 1
75 73 84 1
76 101 848 1
101 76 848 1
3 84 1110 1
84 3 1110 1
17 29 223 1
29 17 223 1
29 105 795 1
105 29 795 1
37 65 654 1
65 37 654 1
68 112 1063 1
112 68 1063 1
1 92 1314 1
92 1 1314 1
3 8 773 1
8 3 773 1
23 115 1150 1
115 23 1150 1
42 79 812 1
79 42 812 1
69 86 1203 1
86 69 1203 1
74 107 691 1
107 74 691 1
4 43 1268 1
43 4 1268 1
4 78 746 1
78 4 746 1
15 41 349 1
41 15 349 1
17 68 840 1
68 17 840 1
49 55 664 1
55 49 664 1
57 108 842 1
108 57 842 1
87 96 843 1
96 87 843 1
0 17 982 1
17 0 982 1
3 25 566 1
25 3 566 1
14 82 179 1
82 14 179 1
29 45 930 1
45 29 930 1
36 68 821 1
68 36 821 1
38 72 305 1
72 38 305 1
38 82 362 1
82 38 362 1
43 57 691 1
57 43 691 1
43 111 293 1
111 43 293 1
50 112 538 1
112 50 538 1
62 83 1241 1
83 62 1241 1
72 99 831 1
99 72 831 1
90 109 492 1
109 90 492 1
101 106 633 1
106 101 633 1
6 23 465 1
23 6 465 1
16 61 1070 1
61 16 1070 1
17 55 513 1
55 17 513 1
18 86 1008 1
86 18 1008 1
21 41 236 1
41 21 236 1
22 103 1359 1
103 22 1359 1
27 106 796 1
106 27 796 1
30 52 1201 1
52 30 1201 1
36 110 412 1
110 36 412 1
57 111 890 1
111 57 890 1
71 77 297 1
77 71 297 1
76 78 312 1
78 76 312 1
12 17 1046 1
17 12 1046 1
15 37 533 1
37 15 533 1
41 65 845 1
65 41 845 1
4 75 618 1
75 4 618 1
34 78 466 1
78 34 466 1
53 113 487 1
113 53 487 1
3 92 1420 1
92 3 1420 1
8 45 1422 1
45 8 1422 1
24 41 633 1
41 24 633 1
38 80 426 1
80 38 426 1
52 93 761 1
93 52 761 1
98 111 265 1
111 98 265 1
24 100 1231 1
100 24 1231 1
30 43 1104 1
43 30 1104 1
48 87 1307 1
87 48 1307 1
49 93 719 1
93 49 719 1
58 83 1281 1
83 58 1281 1
61 79 487 1
79 61 487 1
65 77 615 1
77 65 615 1
13 35 841 1
35 13 841 1
27 113 1016 1
113 27 1016 1
46 70 798 1
70 46 798 1
50 115 676 1
115 50 676 1
53 114 535 1
114 53 535 1
69 100 1235 1
100 69 1235 1
2 19 481 1
19 2 481 1
8 49 1478 1
49 8 1478 1
17 37 368 1
37 17 368 1
20 32 609 1
32 20 609 1
21 25 360 1
25 21 360 1
54 91 742 1
91 54 742 1
65 68 707 1
68 65 707 1
86 98 757 1
98 86 757 1
0 36 643 1
36 0 643 1
3 58 1025 1
58 3 1025 1
21 34 706 1
34 21 706 1
28 108 624 1
108 28 624 1
53 62 1123 1
62 53 1123 1
15 79 543 1
79 15 543 1
27 74 478 1
74 27 478 1
55 82 916 1
82 55 916 1
82 93 1124 1
93 82 1124 1
87 101 801 1
101 87 801 1
112 114 196 1
114 112 196 1
112 115 269 1
115 112 269 1
6 95 980 1
95 6 980 1
28 34 618 1
34 28 618 1
32 41 693 1
41 32 693 1
88 98 408 1
98 88 408 1
97 115 218 1
115 97 218 1
3 48 1226 1
48 3 1226 1
13 66 1090 1
66 13 1090 1
27 98 999 1
98 27 999 1
77 94 396 1
94 77 396 1
91 102 669 1
102 91 669 1
94 111 316 1
111 94 316 1
8 23 562 1
23 8 562 1
10 69 865 1
69 10 865 1
15 25 386 1
25 15 386 1
19 32 289 1
32 19 289 1
21 29 329 1
29 21 329 1
44 47 404 1
47 44 404 1
55 74 679 1
74 55 679 1
65 74 952 1
74 65 952 1
84 86 610 1
86 84 610 1
104 112 332 1
112 104 332 1
106 108 322 1
108 106 322 1
9 37 724 1
37 9 724 1
15 72 724 1
72 15 724 1
17 78 955 1
78 17 955 1
23 104 1270 1
104 23 1270 1
44 54 668 1
54 44 668 1
104 106 195 1
106 104 195 1
21 70 303 1
70 21 303 1
40 65 1065 1
65 40 1065 1
86 92 882 1
92 86 882 1
0 19 488 1
19 0 488 1
26 106 767 1
106 26 767 1
31 67 971 1
67 31 971 1
83 87 158 1
87 83 158 1
97 98 437 1
98 97 437 1
111 112 111 1
112 111 111 1
5 96 975 1
96 5 975 1
19 115 1045 1
115 19 1045 1
20 30 328 1
30 20 328 1
24 115 1029 1
115 24 1029 1
39 76 461 1
76 39 461 1
40 112 757 1
112 40 757 1
43 48 391 1
48 43 391 1
62 109 711 1
109 62 711 1
78 111 693 1
111 78 693 1
84 89 1110 1
89 84 1110 1
93 106 650 1
106 93 650 1
1 89 788 1
89 1 788 1
16 37 809 1
37 16 809 1
29 44 1005 1
44 29 1005 1
48 89 1015 1
89 48 1015 1
59 84 1069 1
84 59 1069 1
73 104 820 1
104 73 820 1
83 85 549 1
85 83 549 1
9 73 497 1
73 9 497 1
13 33 629 1
33 13 629 1
15 61 998 1
61 15 998 1
23 102 1355 1
102 23 1355 1
26 40 419 1
40 26 419 1
35 68 531 1
68 35 531 1
35 106 708 1
106 35 708 1
43 103 618 1
103 43 618 1
52 100 420 1
100 52 420 1
65 106 1085 1
106 65 1085 1
84 106 514 1
106 84 514 1
96 99 428 1
99 96 428 1
12 42 1154 1
42 12 1154 1
39 58 1032 1
58 39 1032 1
