116 2668
30 31 127 1
31 30 127 1
100 102 87 1
102 100 87 1
26 27 135 1
27 26 135 1
20 21 185 1
21 20 185 1
4 8 148 1
8 4 148 1
44 45 194 1
45 44 194 1
72 74 76 1
74 72 76 1
29 73 113 1
73 29 113 1
76 77 238 1
77 76 238 1
92 100 157 1
100 92 157 1
66 67 177 1
67 66 177 1
103 104 369 1
104 103 369 1
102 104 159 1
104 102 159 1
100 101 656 1
101 100 656 1
45 49 111 1
49 45 111 1
104 105 204 1
105 104 204 1
99 111 265 1
111 99 265 1
17 81 182 1
81 17 182 1
4 5 350 1
5 4 350 1
38 39 465 1
39 38 465 1
28 72 116 1
72 28 116 1
36 40 213 1
40 36 213 1
101 102 595 1
102 101 595 1
20 30 328 1
30 20 328 1
73 74 458 1
74 73 458 1
73 75 84 1
75 73 84 1
19 69 323 1
69 19 323 1
20 31 387 1
31 20 387 1
92 93 608 1
93 92 608 1
58 59 496 1
59 58 496 1
90 92 135 1
92 90 135 1
102 103 508 1
103 102 508 1
100 104 240 1
104 100 240 1
42 43 239 1
43 42 239 1
29 72 629 1
72 29 629 1
21 31 344 1
31 21 344 1
44 48 114 1
48 44 114 1
72 73 517 1
73 72 517 1
91 93 118 1
93 91 118 1
36 38 122 1
38 36 122 1
17 79 135 1
79 17 135 1
45 48 304 1
48 45 304 1
16 80 152 1
80 16 152 1
37 39 117 1
39 37 117 1
24 25 135 1
25 24 135 1
90 91 735 1
91 90 735 1
28 74 188 1
74 28 188 1
37 38 515 1
38 37 515 1
5 8 493 1
8 5 493 1
35 67 262 1
67 35 262 1
22 23 140 1
23 22 140 1
28 29 741 1
29 28 741 1
36 37 542 1
37 36 542 1
48 49 410 1
49 48 410 1
92 101 634 1
101 92 634 1
100 103 576 1
103 100 576 1
67 69 345 1
69 67 345 1
5 9 157 1
9 5 157 1
59 66 363 1
66 59 363 1
32 72 471 1
72 32 471 1
101 103 106 1
103 101 106 1
43 47 146 1
47 43 146 1
93 101 103 1
101 93 103 1
21 30 349 1
30 21 349 1
92 102 211 1
102 92 211 1
73 79 296 1
79 73 296 1
111 112 111 1
112 111 111 1
3 23 271 1
23 3 271 1
104 106 195 1
106 104 195 1
70 71 263 1
71 70 263 1
8 9 638 1
9 8 638 1
38 54 263 1
54 38 263 1
43 45 199 1
45 43 199 1
98 100 250 1
100 98 250 1
29 31 454 1
31 29 454 1
20 22 544 1
22 20 544 1
79 81 136 1
81 79 136 1
12 15 906 1
15 12 906 1
38 96 284 1
96 38 284 1
3 7 185 1
7 3 185 1
58 66 198 1
66 58 198 1
10 20 506 1
20 10 506 1
98 112 277 1
112 98 277 1
38 40 158 1
40 38 158 1
4 9 500 1
9 4 500 1
74 75 389 1
75 74 389 1
40 41 506 1
41 40 506 1
107 108 333 1
108 107 333 1
17 29 223 1
29 17 223 1
10 22 580 1
22 10 580 1
17 73 298 1
73 17 298 1
105 106 359 1
106 105 359 1
80 81 1113 1
81 80 1113 1
37 40 562 1
40 37 562 1
54 98 204 1
98 54 204 1
51 53 271 1
53 51 271 1
103 105 173 1
105 103 173 1
41 76 493 1
76 41 493 1
78 79 878 1
79 78 878 1
37 76 441 1
76 37 441 1
34 35 126 1
35 34 126 1
11 13 168 1
13 11 168 1
98 102 260 1
102 98 260 1
93 100 653 1
100 93 653 1
41 72 550 1
72 41 550 1
72 76 257 1
76 72 257 1
72 79 733 1
79 72 733 1
113 114 95 1
114 113 95 1
41 73 204 1
73 41 204 1
98 99 479 1
99 98 479 1
74 76 203 1
76 74 203 1
28 73 629 1
73 28 629 1
54 96 167 1
96 54 167 1
36 76 232 1
76 36 232 1
44 49 304 1
49 44 304 1
29 30 533 1
30 29 533 1
31 33 517 1
33 31 517 1
42 46 173 1
46 42 173 1
101 104 464 1
104 101 464 1
40 77 472 1
77 40 472 1
36 39 517 1
39 36 517 1
37 77 246 1
77 37 246 1
98 113 276 1
113 98 276 1
22 24 386 1
24 22 386 1
29 74 571 1
74 29 571 1
96 113 315 1
113 96 315 1
99 112 272 1
112 99 272 1
32 33 149 1
33 32 149 1
90 100 182 1
100 90 182 1
29 75 189 1
75 29 189 1
58 61 717 1
61 58 717 1
59 67 245 1
67 59 245 1
36 81 848 1
81 36 848 1
71 75 163 1
75 71 163 1
90 93 690 1
93 90 690 1
22 30 218 1
30 22 218 1
2 23 340 1
23 2 340 1
29 79 257 1
79 29 257 1
38 55 598 1
55 38 598 1
76 79 567 1
79 76 567 1
102 105 355 1
105 102 355 1
21 25 360 1
25 21 360 1
46 114 362 1
114 46 362 1
5 26 263 1
26 5 263 1
41 74 484 1
74 41 484 1
39 55 254 1
55 39 254 1
45 47 345 1
47 45 345 1
55 96 492 1
96 55 492 1
31 71 265 1
71 31 265 1
36 77 422 1
77 36 422 1
47 110 210 1
110 47 210 1
28 32 528 1
32 28 528 1
43 46 341 1
46 43 341 1
4 27 279 1
27 4 279 1
40 76 327 1
76 40 327 1
37 41 217 1
41 37 217 1
96 98 184 1
98 96 184 1
28 83 861 1
83 28 861 1
2 22 228 1
22 2 228 1
5 27 165 1
27 5 165 1
75 77 210 1
77 75 210 1
55 95 221 1
95 55 221 1
93 103 173 1
103 93 173 1
20 25 402 1
25 20 402 1
41 77 345 1
77 41 345 1
62 80 268 1
80 62 268 1
73 81 406 1
81 73 406 1
74 79 666 1
79 74 666 1
4 26 161 1
26 4 161 1
17 78 955 1
78 17 955 1
62 63 1134 1
63 62 1134 1
93 102 600 1
102 93 600 1
17 63 324 1
63 17 324 1
15 25 386 1
25 15 386 1
90 98 163 1
98 90 163 1
38 95 382 1
95 38 382 1
10 12 181 1
12 10 181 1
16 56 380 1
56 16 380 1
94 97 266 1
97 94 266 1
39 40 508 1
40 39 508 1
83 87 158 1
87 83 158 1
54 88 224 1
88 54 224 1
90 102 246 1
102 90 246 1
98 101 623 1
101 98 623 1
92 98 220 1
98 92 220 1
13 15 277 1
15 13 277 1
12 14 278 1
14 12 278 1
30 33 526 1
33 30 526 1
46 96 270 1
96 46 270 1
74 77 362 1
77 74 362 1
59 61 271 1
61 59 271 1
73 76 450 1
76 73 450 1
23 24 403 1
24 23 403 1
32 55 771 1
55 32 771 1
62 81 1169 1
81 62 1169 1
72 75 453 1
75 72 453 1
98 104 286 1
104 98 286 1
83 85 549 1
85 83 549 1
2 6 165 1
6 2 165 1
61 65 175 1
65 61 175 1
86 87 805 1
87 86 805 1
50 52 243 1
52 50 243 1
29 41 234 1
41 29 234 1
97 114 263 1
114 97 263 1
6 18 473 1
18 6 473 1
90 101 719 1
101 90 719 1
91 99 166 1
99 91 166 1
4 24 144 1
24 4 144 1
29 81 342 1
81 29 342 1
29 83 227 1
83 29 227 1
6 14 476 1
14 6 476 1
35 69 473 1
69 35 473 1
43 44 290 1
44 43 290 1
32 74 456 1
74 32 456 1
40 79 762 1
79 40 762 1
100 105 430 1
105 100 430 1
28 82 255 1
82 28 255 1
31 73 397 1
73 31 397 1
11 29 239 1
29 11 239 1
82 83 881 1
83 82 881 1
93 98 589 1
98 93 589 1
17 62 1129 1
62 17 1129 1
82 86 143 1
86 82 143 1
29 71 259 1
71 29 259 1
17 80 1070 1
80 17 1070 1
62 84 326 1
84 62 326 1
46 113 335 1
113 46 335 1
68 69 164 1
69 68 164 1
25 30 292 1
30 25 292 1
5 7 538 1
7 5 538 1
22 31 234 1
31 22 234 1
28 70 247 1
70 28 247 1
31 72 482 1
72 31 482 1
36 41 570 1
41 36 570 1
43 49 240 1
49 43 240 1
46 112 262 1
112 46 262 1
29 32 631 1
32 29 631 1
47 49 380 1
49 47 380 1
28 75 567 1
75 28 567 1
0 89 1205 1
89 0 1205 1
2 18 379 1
18 2 379 1
41 79 379 1
79 41 379 1
42 48 243 1
48 42 243 1
75 83 351 1
83 75 351 1
10 21 662 1
21 10 662 1
30 71 303 1
71 30 303 1
58 89 1156 1
89 58 1156 1
88 89 1035 1
89 88 1035 1
103 113 295 1
113 103 295 1
1 11 394 1
11 1 394 1
78 81 1002 1
81 78 1002 1
91 92 669 1
92 91 669 1
46 55 584 1
55 46 584 1
3 22 347 1
22 3 347 1
32 70 418 1
70 32 418 1
36 54 228 1
54 36 228 1
30 72 390 1
72 30 390 1
92 103 574 1
103 92 574 1
10 23 699 1
23 10 699 1
42 44 208 1
44 42 208 1
40 74 182 1
74 40 182 1
46 98 212 1
98 46 212 1
98 103 555 1
103 98 555 1
40 81 874 1
81 40 874 1
81 84 1146 1
84 81 1146 1
97 107 263 1
107 97 263 1
20 26 232 1
26 20 232 1
21 71 214 1
71 21 214 1
104 113 229 1
113 104 229 1
41 75 187 1
75 41 187 1
54 55 651 1
55 54 651 1
71 73 163 1
73 71 163 1
1 63 334 1
63 1 334 1
51 99 497 1
99 51 497 1
70 74 155 1
74 70 155 1
72 78 300 1
78 72 300 1
92 104 310 1
104 92 310 1
9 24 385 1
24 9 385 1
49 51 172 1
51 49 172 1
102 113 317 1
113 102 317 1
56 57 840 1
57 56 840 1
40 72 200 1
72 40 200 1
78 80 116 1
80 78 116 1
11 30 584 1
30 11 584 1
39 87 370 1
87 39 370 1
40 73 549 1
73 40 549 1
101 113 350 1
113 101 350 1
39 41 161 1
41 39 161 1
43 48 391 1
48 43 391 1
86 88 460 1
88 86 460 1
15 21 348 1
21 15 348 1
98 111 265 1
111 98 265 1
54 89 853 1
89 54 853 1
39 54 618 1
54 39 618 1
32 73 550 1
73 32 550 1
7 11 254 1
11 7 254 1
17 76 648 1
76 17 648 1
25 31 272 1
31 25 272 1
30 73 455 1
73 30 455 1
21 26 271 1
26 21 271 1
38 41 513 1
41 38 513 1
41 83 252 1
83 41 252 1
59 89 931 1
89 59 931 1
30 70 259 1
70 30 259 1
33 75 426 1
75 33 426 1
18 19 147 1
19 18 147 1
55 72 755 1
72 55 755 1
70 75 355 1
75 70 355 1
37 81 336 1
81 37 336 1
61 106 1151 1
106 61 1151 1
31 75 419 1
75 31 419 1
93 104 478 1
104 93 478 1
112 113 116 1
113 112 116 1
28 31 545 1
31 28 545 1
47 111 188 1
111 47 188 1
17 40 824 1
40 17 824 1
54 103 653 1
103 54 653 1
59 106 1174 1
106 59 1174 1
95 97 97 1
97 95 97 1
4 7 733 1
7 4 733 1
9 26 419 1
26 9 419 1
20 27 271 1
27 20 271 1
21 22 558 1
22 21 558 1
31 70 334 1
70 31 334 1
33 70 413 1
70 33 413 1
47 51 339 1
51 47 339 1
84 86 610 1
86 84 610 1
73 77 274 1
77 73 274 1
7 50 1347 1
50 7 1347 1
94 109 127 1
109 94 127 1
100 113 356 1
113 100 356 1
101 105 274 1
105 101 274 1
19 91 1171 1
91 19 1171 1
34 67 275 1
67 34 275 1
47 48 490 1
48 47 490 1
42 47 281 1
47 42 281 1
63 81 293 1
81 63 293 1
33 72 507 1
72 33 507 1
96 97 322 1
97 96 322 1
3 11 395 1
11 3 395 1
58 67 368 1
67 58 368 1
24 30 283 1
30 24 283 1
29 62 1067 1
62 29 1067 1
8 24 258 1
24 8 258 1
20 24 393 1
24 20 393 1
12 25 617 1
25 12 617 1
17 36 828 1
36 17 828 1
1 13 546 1
13 1 546 1
21 29 329 1
29 21 329 1
104 108 301 1
108 104 301 1
9 15 219 1
15 9 219 1
16 28 220 1
28 16 220 1
3 50 1273 1
50 3 1273 1
7 13 237 1
13 7 237 1
28 30 436 1
30 28 436 1
37 96 506 1
96 37 506 1
102 114 295 1
114 102 295 1
58 60 266 1
60 58 266 1
14 15 772 1
15 14 772 1
24 26 201 1
26 24 201 1
76 81 691 1
81 76 691 1
35 66 331 1
66 35 331 1
73 80 850 1
80 73 850 1
17 72 781 1
72 17 781 1
79 80 991 1
80 79 991 1
32 75 514 1
75 32 514 1
2 12 394 1
12 2 394 1
11 31 475 1
31 11 475 1
28 41 661 1
41 28 661 1
34 90 664 1
90 34 664 1
54 87 939 1
87 54 939 1
54 100 319 1
100 54 319 1
56 76 519 1
76 56 519 1
39 76 461 1
76 39 461 1
106 108 322 1
108 106 322 1
87 88 1035 1
88 87 1035 1
98 114 276 1
114 98 276 1
42 45 300 1
45 42 300 1
90 99 615 1
99 90 615 1
21 27 209 1
27 21 209 1
70 72 158 1
72 70 158 1
5 24 252 1
24 5 252 1
12 20 477 1
20 12 477 1
100 106 280 1
106 100 280 1
16 29 882 1
29 16 882 1
16 62 313 1
62 16 313 1
62 73 961 1
73 62 961 1
28 62 527 1
62 28 527 1
28 79 847 1
79 28 847 1
41 81 452 1
81 41 452 1
9 27 309 1
27 9 309 1
31 32 596 1
32 31 596 1
100 114 352 1
114 100 352 1
33 73 444 1
73 33 444 1
7 9 490 1
9 7 490 1
72 77 430 1
77 72 430 1
33 71 374 1
71 33 374 1
102 106 217 1
106 102 217 1
12 21 630 1
21 12 630 1
54 93 721 1
93 54 721 1
73 83 298 1
83 73 298 1
7 8 828 1
8 7 828 1
17 41 414 1
41 17 414 1
37 79 267 1
79 37 267 1
80 84 162 1
84 80 162 1
36 96 257 1
96 36 257 1
44 47 404 1
47 44 404 1
66 106 937 1
106 66 937 1
83 86 863 1
86 83 863 1
28 76 345 1
76 28 345 1
74 78 322 1
78 74 322 1
80 82 469 1
82 80 469 1
67 106 941 1
106 67 941 1
95 96 288 1
96 95 288 1
19 68 313 1
68 19 313 1
22 27 524 1
27 22 524 1
93 105 305 1
105 93 305 1
104 112 332 1
112 104 332 1
2 69 758 1
69 2 758 1
66 69 349 1
69 66 349 1
75 76 374 1
76 75 374 1
90 103 653 1
103 90 653 1
96 114 265 1
114 96 265 1
37 54 645 1
54 37 645 1
38 87 730 1
87 38 730 1
8 27 425 1
27 8 425 1
54 92 376 1
92 54 376 1
16 82 421 1
82 16 421 1
25 26 225 1
26 25 225 1
29 33 510 1
33 29 510 1
94 114 259 1
114 94 259 1
29 80 961 1
80 29 961 1
36 79 738 1
79 36 738 1
83 88 1071 1
88 83 1071 1
8 26 300 1
26 8 300 1
28 33 585 1
33 28 585 1
57 63 249 1
63 57 249 1
87 89 476 1
89 87 476 1
96 102 343 1
102 96 343 1
101 114 359 1
114 101 359 1
9 23 475 1
23 9 475 1
17 37 368 1
37 17 368 1
20 70 213 1
70 20 213 1
54 104 337 1
104 54 337 1
62 75 893 1
75 62 893 1
94 98 264 1
98 94 264 1
2 67 952 1
67 2 952 1
58 106 1039 1
106 58 1039 1
94 96 89 1
96 94 89 1
20 71 311 1
71 20 311 1
39 77 312 1
77 39 312 1
46 99 446 1
99 46 446 1
39 89 325 1
89 39 325 1
2 66 917 1
66 2 917 1
10 30 501 1
30 10 501 1
34 92 737 1
92 34 737 1
24 27 252 1
27 24 252 1
38 88 311 1
88 38 311 1
73 78 740 1
78 73 740 1
17 75 351 1
75 17 351 1
30 75 454 1
75 30 454 1
35 91 647 1
91 35 647 1
60 69 564 1
69 60 564 1
105 113 210 1
113 105 210 1
12 71 631 1
71 12 631 1
76 78 312 1
78 76 312 1
15 20 521 1
20 15 521 1
15 30 522 1
30 15 522 1
53 99 316 1
99 53 316 1
70 73 402 1
73 70 402 1
54 102 313 1
102 54 313 1
62 83 1241 1
83 62 1241 1
90 104 351 1
104 90 351 1
40 78 376 1
78 40 376 1
69 91 1081 1
91 69 1081 1
100 112 410 1
112 100 410 1
104 114 171 1
114 104 171 1
22 26 505 1
26 22 505 1
34 54 521 1
54 34 521 1
55 87 559 1
87 55 559 1
32 40 629 1
40 32 629 1
32 76 341 1
76 32 341 1
44 102 816 1
102 44 816 1
74 83 697 1
83 74 697 1
76 80 424 1
80 76 424 1
82 85 1121 1
85 82 1121 1
96 104 297 1
104 96 297 1
103 106 532 1
106 103 532 1
23 69 907 1
69 23 907 1
36 55 626 1
55 36 626 1
59 69 338 1
69 59 338 1
11 21 514 1
21 11 514 1
12 22 481 1
22 12 481 1
12 70 392 1
70 12 392 1
17 74 721 1
74 17 721 1
39 96 494 1
96 39 494 1
50 64 302 1
64 50 302 1
102 112 391 1
112 102 391 1
3 5 603 1
5 3 603 1
15 71 394 1
71 15 394 1
42 111 258 1
111 42 258 1
55 98 606 1
98 55 606 1
9 12 856 1
12 9 856 1
30 32 574 1
32 30 574 1
43 96 503 1
96 43 503 1
64 65 897 1
65 64 897 1
75 82 661 1
82 75 661 1
0 18 364 1
18 0 364 1
72 81 860 1
81 72 860 1
31 74 479 1
74 31 479 1
40 83 731 1
83 40 731 1
38 76 305 1
76 38 305 1
95 114 280 1
114 95 280 1
30 74 403 1
74 30 403 1
66 89 963 1
89 66 963 1
2 24 548 1
24 2 548 1
7 24 631 1
24 7 631 1
19 23 597 1
23 19 597 1
23 64 1238 1
64 23 1238 1
62 76 527 1
76 62 527 1
5 106 957 1
106 5 957 1
16 73 769 1
73 16 769 1
56 80 431 1
80 56 431 1
60 61 893 1
61 60 893 1
7 64 1244 1
64 7 1244 1
11 63 488 1
63 11 488 1
15 29 295 1
29 15 295 1
25 71 434 1
71 25 434 1
47 99 231 1
99 47 231 1
93 112 343 1
112 93 343 1
3 64 1134 1
64 3 1134 1
6 12 248 1
12 6 248 1
11 83 383 1
83 11 383 1
32 41 693 1
41 32 693 1
37 95 241 1
95 37 241 1
62 78 287 1
78 62 287 1
97 108 170 1
108 97 170 1
3 9 596 1
9 3 596 1
21 24 413 1
24 21 413 1
52 90 240 1
90 52 240 1
63 79 303 1
79 63 303 1
3 19 382 1
19 3 382 1
6 70 405 1
70 6 405 1
37 55 221 1
55 37 221 1
62 77 741 1
77 62 741 1
84 88 224 1
88 84 224 1
5 13 461 1
13 5 461 1
32 71 466 1
71 32 466 1
43 111 293 1
111 43 293 1
87 111 938 1
111 87 938 1
94 113 328 1
113 94 328 1
2 14 572 1
14 2 572 1
6 33 588 1
33 6 588 1
64 88 675 1
88 64 675 1
39 110 466 1
110 39 466 1
11 73 310 1
73 11 310 1
35 110 305 1
110 35 305 1
63 73 569 1
73 63 569 1
91 101 197 1
101 91 197 1
96 112 337 1
112 96 337 1
32 79 600 1
79 32 600 1
52 58 705 1
58 52 705 1
62 72 566 1
72 62 566 1
7 23 337 1
23 7 337 1
48 51 548 1
51 48 548 1
91 98 616 1
98 91 616 1
4 22 457 1
22 4 457 1
14 28 286 1
28 14 286 1
28 71 506 1
71 28 506 1
54 113 426 1
113 54 426 1
0 58 565 1
58 0 565 1
14 82 179 1
82 14 179 1
36 88 289 1
88 36 289 1
41 78 770 1
78 41 770 1
43 55 485 1
55 43 485 1
59 103 1115 1
103 59 1115 1
71 82 622 1
82 71 622 1
14 21 487 1
21 14 487 1
22 25 402 1
25 22 402 1
21 28 487 1
28 21 487 1
75 79 318 1
79 75 318 1
101 106 633 1
106 101 633 1
104 107 401 1
107 104 401 1
19 35 579 1
35 19 579 1
0 1 800 1
1 0 800 1
0 83 1120 1
83 0 1120 1
16 72 287 1
72 16 287 1
1 61 385 1
61 1 385 1
11 28 875 1
28 11 875 1
93 99 208 1
99 93 208 1
38 81 841 1
81 38 841 1
34 93 788 1
93 34 788 1
63 75 591 1
75 63 591 1
66 104 942 1
104 66 942 1
92 105 456 1
105 92 456 1
96 100 371 1
100 96 371 1
12 13 959 1
13 12 959 1
18 83 953 1
83 18 953 1
21 70 303 1
70 21 303 1
64 84 478 1
84 64 478 1
66 108 706 1
108 66 706 1
67 103 944 1
103 67 944 1
71 83 425 1
83 71 425 1
84 85 1130 1
85 84 1130 1
4 14 255 1
14 4 255 1
6 25 624 1
25 6 624 1
10 11 986 1
11 10 986 1
16 76 379 1
76 16 379 1
46 48 368 1
48 46 368 1
90 105 516 1
105 90 516 1
24 31 318 1
31 24 318 1
40 75 477 1
75 40 477 1
13 25 519 1
25 13 519 1
11 15 385 1
15 11 385 1
46 111 189 1
111 46 189 1
37 87 433 1
87 37 433 1
62 74 590 1
74 62 590 1
70 82 411 1
82 70 411 1
5 22 506 1
22 5 506 1
18 70 528 1
70 18 528 1
63 85 364 1
85 63 364 1
66 105 960 1
105 66 960 1
0 70 525 1
70 0 525 1
10 31 619 1
31 10 619 1
29 78 851 1
78 29 851 1
52 61 1057 1
61 52 1057 1
55 97 173 1
97 55 173 1
15 26 469 1
26 15 469 1
16 17 998 1
17 16 998 1
46 97 424 1
97 46 424 1
91 111 390 1
111 91 390 1
2 4 569 1
4 2 569 1
34 89 759 1
89 34 759 1
35 44 409 1
44 35 409 1
55 74 679 1
74 55 679 1
75 80 775 1
80 75 775 1
3 13 410 1
13 3 410 1
33 82 804 1
82 33 804 1
43 112 376 1
112 43 376 1
46 94 338 1
94 46 338 1
62 82 720 1
82 62 720 1
81 96 799 1
96 81 799 1
9 13 376 1
13 9 376 1
40 55 690 1
55 40 690 1
41 70 482 1
70 41 482 1
54 95 438 1
95 54 438 1
60 89 1195 1
89 60 1195 1
39 88 762 1
88 39 762 1
68 77 657 1
77 68 657 1
16 78 122 1
78 16 122 1
41 109 485 1
109 41 485 1
70 83 652 1
83 70 652 1
77 79 329 1
79 77 329 1
110 115 264 1
115 110 264 1
1 57 172 1
57 1 172 1
37 63 543 1
63 37 543 1
53 91 265 1
91 53 265 1
54 101 738 1
101 54 738 1
92 112 325 1
112 92 325 1
7 26 675 1
26 7 675 1
11 20 668 1
20 11 668 1
16 79 934 1
79 16 934 1
20 23 575 1
23 20 575 1
29 76 555 1
76 29 555 1
38 89 763 1
89 38 763 1
56 62 252 1
62 56 252 1
60 64 187 1
64 60 187 1
0 87 1191 1
87 0 1191 1
25 70 480 1
70 25 480 1
39 95 233 1
95 39 233 1
55 99 216 1
99 55 216 1
59 108 883 1
108 59 883 1
103 114 282 1
114 103 282 1
1 19 351 1
19 1 351 1
40 87 708 1
87 40 708 1
37 73 278 1
73 37 278 1
60 88 724 1
88 60 724 1
1 83 729 1
83 1 729 1
43 110 298 1
110 43 298 1
67 110 507 1
110 67 507 1
72 80 384 1
80 72 384 1
21 82 511 1
82 21 511 1
29 70 512 1
70 29 512 1
8 14 205 1
14 8 205 1
22 64 1169 1
64 22 1169 1
38 77 447 1
77 38 447 1
25 27 193 1
27 25 193 1
41 62 1018 1
62 41 1018 1
19 60 706 1
60 19 706 1
19 67 590 1
67 19 590 1
25 33 765 1
33 25 765 1
46 102 463 1
102 46 463 1
56 77 690 1
77 56 690 1
23 35 930 1
35 23 930 1
29 46 914 1
46 29 914 1
33 80 703 1
80 33 703 1
55 76 571 1
76 55 571 1
67 90 867 1
90 67 867 1
67 108 667 1
108 67 667 1
69 89 1015 1
89 69 1015 1
103 112 375 1
112 103 375 1
36 80 330 1
80 36 330 1
87 99 759 1
99 87 759 1
28 80 329 1
80 28 329 1
33 41 611 1
41 33 611 1
5 50 1417 1
50 5 1417 1
37 75 239 1
75 37 239 1
42 114 483 1
114 42 483 1
42 115 508 1
115 42 508 1
59 104 1146 1
104 59 1146 1
66 103 1026 1
103 66 1026 1
96 101 608 1
101 96 608 1
99 102 560 1
102 99 560 1
3 10 768 1
10 3 768 1
6 30 365 1
30 6 365 1
14 70 380 1
70 14 380 1
17 57 439 1
57 17 439 1
108 114 218 1
114 108 218 1
2 3 405 1
3 2 405 1
40 62 664 1
62 40 664 1
74 81 792 1
81 74 792 1
75 81 434 1
81 75 434 1
2 19 481 1
19 2 481 1
12 30 419 1
30 12 419 1
14 25 491 1
25 14 491 1
23 50 1386 1
50 23 1386 1
47 115 383 1
115 47 383 1
14 85 1160 1
85 14 1160 1
44 105 811 1
105 44 811 1
72 83 754 1
83 72 754 1
0 85 1139 1
85 0 1139 1
13 61 843 1
61 13 843 1
36 62 525 1
62 36 525 1
47 112 265 1
112 47 265 1
49 59 382 1
59 49 382 1
15 24 514 1
24 15 514 1
36 78 263 1
78 36 263 1
63 77 536 1
77 63 536 1
67 89 830 1
89 67 830 1
67 91 790 1
91 67 790 1
92 99 572 1
99 92 572 1
101 112 405 1
112 101 405 1
105 112 319 1
112 105 319 1
38 43 745 1
43 38 745 1
52 53 746 1
53 52 746 1
0 60 405 1
60 0 405 1
10 25 735 1
25 10 735 1
36 74 242 1
74 36 242 1
41 55 403 1
55 41 403 1
55 79 394 1
79 55 394 1
96 103 531 1
103 96 531 1
23 52 1420 1
52 23 1420 1
71 72 402 1
72 71 402 1
0 68 414 1
68 0 414 1
20 29 497 1
29 20 497 1
35 47 370 1
47 35 370 1
37 80 842 1
80 37 842 1
44 46 353 1
46 44 353 1
17 38 824 1
38 17 824 1
29 40 655 1
40 29 655 1
47 91 332 1
91 47 332 1
54 112 454 1
112 54 454 1
11 12 972 1
12 11 972 1
15 31 431 1
31 15 431 1
34 38 552 1
38 34 552 1
37 74 520 1
74 37 520 1
63 84 1189 1
84 63 1189 1
65 105 928 1
105 65 928 1
85 89 220 1
89 85 220 1
95 98 433 1
98 95 433 1
5 23 453 1
23 5 453 1
7 22 454 1
22 7 454 1
10 15 968 1
15 10 968 1
10 53 1310 1
53 10 1310 1
65 106 1085 1
106 65 1085 1
102 108 413 1
108 102 413 1
0 51 1107 1
51 0 1107 1
2 35 833 1
35 2 833 1
35 90 713 1
90 35 713 1
60 106 915 1
106 60 915 1
67 105 903 1
105 67 903 1
77 81 453 1
81 77 453 1
81 83 446 1
83 81 446 1
103 108 420 1
108 103 420 1
17 46 930 1
46 17 930 1
34 66 268 1
66 34 268 1
44 66 318 1
66 44 318 1
7 27 597 1
27 7 597 1
56 71 777 1
71 56 777 1
2 64 992 1
64 2 992 1
4 23 506 1
23 4 506 1
16 81 1063 1
81 16 1063 1
41 43 793 1
43 41 793 1
46 72 723 1
72 46 723 1
56 70 605 1
70 56 605 1
6 24 555 1
24 6 555 1
16 111 812 1
111 16 812 1
34 91 729 1
91 34 729 1
42 112 333 1
112 42 333 1
51 61 458 1
61 51 458 1
67 104 923 1
104 67 923 1
97 105 299 1
105 97 299 1
14 71 582 1
71 14 582 1
28 81 975 1
81 28 975 1
44 115 684 1
115 44 684 1
45 46 448 1
46 45 448 1
55 112 466 1
112 55 466 1
58 69 426 1
69 58 426 1
36 63 945 1
63 36 945 1
12 26 521 1
26 12 521 1
12 52 1107 1
52 12 1107 1
20 28 320 1
28 20 320 1
57 76 691 1
76 57 691 1
11 75 388 1
75 11 388 1
36 87 808 1
87 36 808 1
41 63 682 1
63 41 682 1
53 111 406 1
111 53 406 1
56 68 408 1
68 56 408 1
61 89 738 1
89 61 738 1
91 112 368 1
112 91 368 1
93 113 317 1
113 93 317 1
16 21 674 1
21 16 674 1
31 82 641 1
82 31 641 1
14 33 786 1
33 14 786 1
58 65 718 1
65 58 718 1
29 63 531 1
63 29 531 1
35 45 385 1
45 35 385 1
56 74 591 1
74 56 591 1
60 66 370 1
66 60 370 1
63 76 747 1
76 63 747 1
99 100 610 1
100 99 610 1
22 50 1336 1
50 22 1336 1
23 53 1411 1
53 23 1411 1
36 95 408 1
95 36 408 1
44 67 332 1
67 44 332 1
52 91 777 1
91 52 777 1
92 114 349 1
114 92 349 1
2 27 659 1
27 2 659 1
10 52 956 1
52 10 956 1
13 52 1405 1
52 13 1405 1
43 51 245 1
51 43 245 1
78 84 235 1
84 78 235 1
91 100 719 1
100 91 719 1
99 113 264 1
113 99 264 1
39 79 371 1
79 39 371 1
39 83 378 1
83 39 378 1
40 88 385 1
88 40 385 1
112 114 196 1
114 112 196 1
3 52 1342 1
52 3 1342 1
23 27 506 1
27 23 506 1
33 74 480 1
74 33 480 1
39 43 659 1
43 39 659 1
55 113 437 1
113 55 437 1
63 83 697 1
83 63 697 1
77 83 539 1
83 77 539 1
82 84 544 1
84 82 544 1
95 108 123 1
108 95 123 1
1 3 446 1
3 1 446 1
10 24 654 1
24 10 654 1
11 22 654 1
22 11 654 1
14 30 414 1
30 14 414 1
36 73 600 1
73 36 600 1
38 79 739 1
79 38 739 1
44 104 796 1
104 44 796 1
48 111 498 1
111 48 498 1
70 77 376 1
77 70 376 1
43 99 372 1
99 43 372 1
54 81 951 1
81 54 951 1
58 105 1107 1
105 58 1107 1
99 104 430 1
104 99 430 1
105 114 152 1
114 105 152 1
3 24 623 1
24 3 623 1
34 36 459 1
36 34 459 1
37 78 740 1
78 37 740 1
38 98 432 1
98 38 432 1
56 99 1051 1
99 56 1051 1
76 97 459 1
97 76 459 1
83 84 1154 1
84 83 1154 1
103 107 239 1
107 103 239 1
28 85 1025 1
85 28 1025 1
51 90 888 1
90 51 888 1
63 78 1033 1
78 63 1033 1
71 74 359 1
74 71 359 1
97 102 534 1
102 97 534 1
9 22 564 1
22 9 564 1
31 41 528 1
41 31 528 1
36 110 412 1
110 36 412 1
56 73 886 1
73 56 886 1
34 110 327 1
110 34 327 1
36 84 341 1
84 36 341 1
21 33 567 1
33 21 567 1
37 110 431 1
110 37 431 1
60 67 538 1
67 60 538 1
62 79 1049 1
79 62 1049 1
74 95 497 1
95 74 497 1
98 105 417 1
105 98 417 1
1 60 923 1
60 1 923 1
17 77 417 1
77 17 417 1
18 82 891 1
82 18 891 1
23 25 373 1
25 23 373 1
100 108 467 1
108 100 467 1
46 95 451 1
95 46 451 1
58 108 852 1
108 58 852 1
99 101 266 1
101 99 266 1
14 29 801 1
29 14 801 1
31 78 755 1
78 31 755 1
54 90 282 1
90 54 282 1
91 102 669 1
102 91 669 1
28 77 540 1
77 28 540 1
32 81 728 1
81 32 728 1
34 69 465 1
69 34 465 1
0 19 488 1
19 0 488 1
9 61 1165 1
61 9 1165 1
10 26 620 1
26 10 620 1
51 111 516 1
111 51 516 1
57 61 216 1
61 57 216 1
72 95 570 1
95 72 570 1
2 10 438 1
10 2 438 1
11 17 224 1
17 11 224 1
15 70 606 1
70 15 606 1
28 40 248 1
40 28 248 1
34 100 771 1
100 34 771 1
65 89 679 1
89 65 679 1
19 93 1252 1
93 19 1252 1
60 68 469 1
68 60 469 1
17 83 381 1
83 17 381 1
17 84 1128 1
84 17 1128 1
28 55 861 1
55 28 861 1
49 99 587 1
99 49 587 1
55 89 213 1
89 55 213 1
17 28 894 1
28 17 894 1
39 47 551 1
47 39 551 1
40 63 1007 1
63 40 1007 1
46 104 454 1
104 46 454 1
57 106 1143 1
106 57 1143 1
87 112 968 1
112 87 968 1
3 18 417 1
18 3 417 1
6 26 607 1
26 6 607 1
11 71 374 1
71 11 374 1
18 23 573 1
23 18 573 1
19 52 1141 1
52 19 1141 1
37 57 643 1
57 37 643 1
48 59 599 1
59 48 599 1
10 65 1203 1
65 10 1203 1
97 113 312 1
113 97 312 1
46 47 309 1
47 46 309 1
48 99 711 1
99 48 711 1
69 110 773 1
110 69 773 1
97 104 399 1
104 97 399 1
14 31 528 1
31 14 528 1
40 54 405 1
54 40 405 1
107 114 333 1
114 107 333 1
20 33 587 1
33 20 587 1
95 113 351 1
113 95 351 1
6 28 413 1
28 6 413 1
9 25 252 1
25 9 252 1
13 29 290 1
29 13 290 1
36 72 276 1
72 36 276 1
6 21 662 1
21 6 662 1
19 47 942 1
47 19 942 1
44 110 439 1
110 44 439 1
46 115 378 1
115 46 378 1
59 107 1064 1
107 59 1064 1
90 111 396 1
111 90 396 1
93 106 650 1
106 93 650 1
114 115 96 1
115 114 96 1
9 14 725 1
14 9 725 1
18 33 288 1
33 18 288 1
21 114 752 1
114 21 752 1
42 102 621 1
102 42 621 1
51 91 505 1
91 51 505 1
13 30 546 1
30 13 546 1
15 75 396 1
75 15 396 1
45 115 699 1
115 45 699 1
87 98 1003 1
98 87 1003 1
41 71 317 1
71 41 317 1
14 18 837 1
18 14 837 1
26 30 321 1
30 26 321 1
32 39 692 1
39 32 692 1
44 106 847 1
106 44 847 1
48 106 864 1
106 48 864 1
93 96 582 1
96 93 582 1
99 114 265 1
114 99 265 1
2 108 982 1
108 2 982 1
32 62 548 1
62 32 548 1
34 96 428 1
96 34 428 1
99 105 287 1
105 99 287 1
42 49 396 1
49 42 396 1
57 105 1066 1
105 57 1066 1
93 110 487 1
110 93 487 1
3 61 814 1
61 3 814 1
6 15 884 1
15 6 884 1
37 43 584 1
43 37 584 1
40 96 436 1
96 40 436 1
51 52 786 1
52 51 786 1
63 74 885 1
74 63 885 1
71 86 672 1
86 71 672 1
76 95 396 1
95 76 396 1
96 105 387 1
105 96 387 1
109 115 211 1
115 109 211 1
2 9 760 1
9 2 760 1
29 82 824 1
82 29 824 1
49 106 982 1
106 49 982 1
61 105 1028 1
105 61 1028 1
85 87 616 1
87 85 616 1
2 58 959 1
58 2 959 1
6 7 710 1
7 6 710 1
46 51 585 1
51 46 585 1
56 86 911 1
86 56 911 1
2 52 1249 1
52 2 1249 1
31 46 1090 1
46 31 1090 1
58 91 1077 1
91 58 1077 1
90 112 377 1
112 90 377 1
96 110 214 1
110 96 214 1
11 82 992 1
82 11 992 1
12 23 607 1
23 12 607 1
12 24 517 1
24 12 517 1
16 74 335 1
74 16 335 1
18 88 1010 1
88 18 1010 1
0 59 847 1
59 0 847 1
8 23 562 1
23 8 562 1
10 71 639 1
71 10 639 1
37 83 399 1
83 37 399 1
39 63 657 1
63 39 657 1
41 56 991 1
56 41 991 1
67 93 875 1
93 67 875 1
97 98 437 1
98 97 437 1
9 10 955 1
10 9 955 1
15 28 819 1
28 15 819 1
16 75 702 1
75 16 702 1
37 72 595 1
72 37 595 1
46 49 541 1
49 46 541 1
70 76 285 1
76 70 285 1
85 88 1097 1
88 85 1097 1
96 99 428 1
99 96 428 1
3 4 707 1
4 3 707 1
5 10 825 1
10 5 825 1
17 32 646 1
32 17 646 1
31 80 848 1
80 31 848 1
54 99 587 1
99 54 587 1
73 82 720 1
82 73 720 1
106 107 486 1
107 106 486 1
31 79 660 1
79 31 660 1
35 64 566 1
64 35 566 1
42 96 429 1
96 42 429 1
43 78 794 1
78 43 794 1
44 100 799 1
100 44 799 1
47 90 580 1
90 47 580 1
61 90 1156 1
90 61 1156 1
6 20 561 1
20 6 561 1
15 83 194 1
83 15 194 1
32 83 847 1
83 32 847 1
38 83 760 1
83 38 760 1
46 100 451 1
100 46 451 1
94 95 213 1
95 94 213 1
6 27 679 1
27 6 679 1
14 16 483 1
16 14 483 1
20 114 742 1
114 20 742 1
72 97 655 1
97 72 655 1
29 55 507 1
55 29 507 1
40 95 491 1
95 40 491 1
43 98 522 1
98 43 522 1
44 111 448 1
111 44 448 1
77 80 662 1
80 77 662 1
91 110 456 1
110 91 456 1
94 102 378 1
102 94 378 1
1 17 391 1
17 1 391 1
12 31 545 1
31 12 545 1
14 26 321 1
26 14 321 1
16 71 654 1
71 16 654 1
4 6 536 1
6 4 536 1
13 24 641 1
24 13 641 1
16 31 718 1
31 16 718 1
45 110 453 1
110 45 453 1
47 55 367 1
55 47 367 1
47 69 806 1
69 47 806 1
57 77 533 1
77 57 533 1
109 114 278 1
114 109 278 1
6 85 1205 1
85 6 1205 1
12 60 825 1
60 12 825 1
30 78 663 1
78 30 663 1
33 76 380 1
76 33 380 1
38 97 469 1
97 38 469 1
49 111 530 1
111 49 530 1
59 60 718 1
60 59 718 1
95 107 258 1
107 95 258 1
105 108 296 1
108 105 296 1
3 27 634 1
27 3 634 1
6 83 986 1
83 6 986 1
17 96 834 1
96 17 834 1
21 73 247 1
73 21 247 1
30 41 563 1
41 30 563 1
34 37 540 1
37 34 540 1
94 105 354 1
105 94 354 1
97 109 174 1
109 97 174 1
4 64 1218 1
64 4 1218 1
5 12 722 1
12 5 722 1
45 67 282 1
67 45 282 1
55 81 401 1
81 55 401 1
66 91 902 1
91 66 902 1
77 78 550 1
78 77 550 1
92 113 313 1
113 92 313 1
20 72 238 1
72 20 238 1
21 56 889 1
56 21 889 1
43 102 731 1
102 43 731 1
51 59 486 1
59 51 486 1
57 78 938 1
78 57 938 1
92 106 400 1
106 92 400 1
102 111 440 1
111 102 440 1
15 52 1350 1
52 15 1350 1
79 83 420 1
83 79 420 1
102 107 560 1
107 102 560 1
2 8 554 1
8 2 554 1
41 95 382 1
95 41 382 1
43 76 617 1
76 43 617 1
48 66 357 1
66 48 357 1
81 95 542 1
95 81 542 1
87 95 598 1
95 87 598 1
44 114 674 1
114 44 674 1
58 104 1061 1
104 58 1061 1
76 99 626 1
99 76 626 1
0 61 943 1
61 0 943 1
1 7 452 1
7 1 452 1
2 26 618 1
26 2 618 1
22 52 1369 1
52 22 1369 1
45 102 889 1
102 45 889 1
13 73 358 1
73 13 358 1
97 99 180 1
99 97 180 1
10 16 218 1
16 10 218 1
56 75 833 1
75 56 833 1
62 86 828 1
86 62 828 1
39 75 260 1
75 39 260 1
82 88 444 1
88 82 444 1
94 99 399 1
99 94 399 1
15 27 336 1
27 15 336 1
51 115 716 1
115 51 716 1
54 84 309 1
84 54 309 1
94 101 576 1
101 94 576 1
6 9 834 1
9 6 834 1
28 56 545 1
56 28 545 1
34 102 761 1
102 34 761 1
6 31 464 1
31 6 464 1
11 16 1004 1
16 11 1004 1
11 84 1188 1
84 11 1188 1
17 55 513 1
55 17 513 1
41 80 868 1
80 41 868 1
87 113 899 1
113 87 899 1
95 109 146 1
109 95 146 1
10 13 1004 1
13 10 1004 1
14 22 562 1
22 14 562 1
17 39 453 1
39 17 453 1
38 63 974 1
63 38 974 1
74 80 415 1
80 74 415 1
78 110 569 1
110 78 569 1
92 96 390 1
96 92 390 1
0 12 517 1
12 0 517 1
21 80 756 1
80 21 756 1
21 86 520 1
86 21 520 1
36 83 816 1
83 36 816 1
40 110 582 1
110 40 582 1
45 106 909 1
106 45 909 1
47 67 492 1
67 47 492 1
91 103 258 1
103 91 258 1
97 103 349 1
103 97 349 1
2 7 566 1
7 2 566 1
33 77 332 1
77 33 332 1
42 100 606 1
100 42 606 1
49 115 753 1
115 49 753 1
56 111 893 1
111 56 893 1
16 30 615 1
30 16 615 1
17 56 1024 1
56 17 1024 1
34 88 672 1
88 34 672 1
45 111 467 1
111 45 467 1
52 59 956 1
59 52 956 1
55 114 395 1
114 55 395 1
14 24 389 1
24 14 389 1
18 28 651 1
28 18 651 1
21 72 388 1
72 21 388 1
35 93 718 1
93 35 718 1
57 104 1139 1
104 57 1139 1
61 63 238 1
63 61 238 1
66 90 828 1
90 66 828 1
28 95 668 1
95 28 668 1
38 113 550 1
113 38 550 1
40 85 900 1
85 40 900 1
79 95 480 1
95 79 480 1
10 56 466 1
56 10 466 1
28 78 272 1
78 28 272 1
53 115 576 1
115 53 576 1
69 90 1119 1
90 69 1119 1
80 86 567 1
86 80 567 1
20 82 329 1
82 20 329 1
40 84 485 1
84 40 485 1
42 113 437 1
113 42 437 1
54 63 1046 1
63 54 1046 1
54 66 740 1
66 54 740 1
2 25 585 1
25 2 585 1
5 108 888 1
108 5 888 1
10 58 862 1
58 10 862 1
15 22 650 1
22 15 650 1
16 41 813 1
41 16 813 1
41 94 523 1
94 41 523 1
43 113 467 1
113 43 467 1
53 90 787 1
90 53 787 1
58 107 1147 1
107 58 1147 1
68 91 1170 1
91 68 1170 1
76 83 717 1
83 76 717 1
81 88 1121 1
88 81 1121 1
0 55 1069 1
55 0 1069 1
23 26 522 1
26 23 522 1
25 65 1263 1
65 25 1263 1
36 43 693 1
43 36 693 1
48 58 400 1
58 48 400 1
79 87 531 1
87 79 531 1
1 52 1206 1
52 1 1206 1
3 20 648 1
20 3 648 1
8 106 905 1
106 8 905 1
10 115 915 1
115 10 915 1
31 62 966 1
62 31 966 1
32 77 383 1
77 32 383 1
39 74 501 1
74 39 501 1
41 87 263 1
87 41 263 1
49 61 452 1
61 49 452 1
0 53 1230 1
53 0 1230 1
2 20 581 1
20 2 581 1
3 84 1110 1
84 3 1110 1
40 80 433 1
80 40 433 1
58 90 890 1
90 58 890 1
99 103 258 1
103 99 258 1
18 64 805 1
64 18 805 1
45 66 369 1
66 45 369 1
60 63 1021 1
63 60 1021 1
91 105 371 1
105 91 371 1
5 61 1171 1
61 5 1171 1
14 20 320 1
20 14 320 1
15 16 1006 1
16 15 1006 1
19 90 1212 1
90 19 1212 1
23 67 1077 1
67 23 1077 1
33 40 654 1
40 33 654 1
35 68 531 1
68 35 531 1
46 79 801 1
79 46 801 1
82 87 849 1
87 82 849 1
93 94 560 1
94 93 560 1
39 72 575 1
72 39 575 1
51 55 568 1
55 51 568 1
56 72 566 1
72 56 566 1
11 79 342 1
79 11 342 1
32 36 555 1
36 32 555 1
34 39 610 1
39 34 610 1
38 110 451 1
110 38 451 1
43 95 483 1
95 43 483 1
60 93 1168 1
93 60 1168 1
61 67 382 1
67 61 382 1
69 93 1169 1
93 69 1169 1
23 91 1352 1
91 23 1352 1
33 79 486 1
79 33 486 1
48 115 731 1
115 48 731 1
50 84 554 1
84 50 554 1
52 98 272 1
98 52 272 1
56 109 765 1
109 56 765 1
59 105 1100 1
105 59 1100 1
74 82 336 1
82 74 336 1
81 97 523 1
97 81 523 1
1 85 630 1
85 1 630 1
7 14 868 1
14 7 868 1
11 14 937 1
14 11 937 1
13 21 494 1
21 13 494 1
26 31 365 1
31 26 365 1
36 57 914 1
57 36 914 1
46 101 649 1
101 46 649 1
54 105 491 1
105 54 491 1
90 114 392 1
114 90 392 1
12 27 629 1
27 12 629 1
12 53 1414 1
53 12 1414 1
16 86 543 1
86 16 543 1
23 68 876 1
68 23 876 1
34 98 528 1
98 34 528 1
46 81 867 1
81 46 867 1
50 60 475 1
60 50 475 1
57 102 1241 1
102 57 1241 1
61 91 822 1
91 61 822 1
111 113 191 1
113 111 191 1
8 13 868 1
13 8 868 1
32 95 664 1
95 32 664 1
35 89 648 1
89 35 648 1
42 51 463 1
51 42 463 1
57 68 520 1
68 57 520 1
3 12 737 1
12 3 737 1
10 108 812 1
108 10 812 1
43 72 870 1
72 43 870 1
50 90 473 1
90 50 473 1
90 110 460 1
110 90 460 1
100 111 457 1
111 100 457 1
104 111 377 1
111 104 377 1
2 91 1366 1
91 2 1366 1
10 27 715 1
27 10 715 1
13 65 935 1
65 13 935 1
14 73 703 1
73 14 703 1
20 74 213 1
74 20 213 1
21 75 222 1
75 21 222 1
45 114 688 1
114 45 688 1
58 103 1188 1
103 58 1188 1
61 101 1003 1
101 61 1003 1
92 111 381 1
111 92 381 1
27 52 1228 1
52 27 1228 1
35 58 514 1
58 35 514 1
37 94 426 1
94 37 426 1
40 43 865 1
43 40 865 1
71 80 755 1
80 71 755 1
87 96 843 1
96 87 843 1
0 32 356 1
32 0 356 1
4 50 1323 1
50 4 1323 1
20 75 348 1
75 20 348 1
27 42 1179 1
42 27 1179 1
34 105 727 1
105 34 727 1
42 98 381 1
98 42 381 1
76 87 753 1
87 76 753 1
79 97 479 1
97 79 479 1
10 86 544 1
86 10 544 1
14 32 767 1
32 14 767 1
27 50 1279 1
50 27 1279 1
43 114 502 1
114 43 502 1
51 98 763 1
98 51 763 1
66 107 978 1
107 66 978 1
16 99 951 1
99 16 951 1
54 85 906 1
85 54 906 1
6 32 555 1
32 6 555 1
8 67 1258 1
67 8 1258 1
25 32 836 1
32 25 836 1
30 46 1051 1
46 30 1051 1
30 79 725 1
79 30 725 1
43 79 634 1
79 43 634 1
60 65 898 1
65 60 898 1
83 89 464 1
89 83 464 1
