116 2668
42 43 239 1
43 42 239 1
44 45 194 1
45 44 194 1
43 47 146 1
47 43 146 1
43 45 199 1
45 43 199 1
42 45 300 1
45 42 300 1
43 49 240 1
49 43 240 1
42 46 173 1
46 42 173 1
43 44 290 1
44 43 290 1
44 49 304 1
49 44 304 1
23 27 506 1
27 23 506 1
43 46 341 1
46 43 341 1
4 8 148 1
8 4 148 1
17 80 1070 1
80 17 1070 1
47 49 380 1
49 47 380 1
26 27 135 1
27 26 135 1
42 49 396 1
49 42 396 1
45 47 345 1
47 45 345 1
36 72 276 1
72 36 276 1
45 49 111 1
49 45 111 1
14 15 772 1
15 14 772 1
16 17 998 1
17 16 998 1
12 14 278 1
14 12 278 1
38 54 263 1
54 38 263 1
36 38 122 1
38 36 122 1
80 81 1113 1
81 80 1113 1
2 6 165 1
6 2 165 1
57 68 520 1
68 57 520 1
36 37 542 1
37 36 542 1
5 9 157 1
9 5 157 1
42 47 281 1
47 42 281 1
49 98 742 1
98 49 742 1
44 47 404 1
47 44 404 1
42 44 208 1
44 42 208 1
61 63 238 1
63 61 238 1
29 37 304 1
37 29 304 1
66 67 177 1
67 66 177 1
25 31 272 1
31 25 272 1
47 98 442 1
98 47 442 1
20 21 185 1
21 20 185 1
30 31 127 1
31 30 127 1
91 93 118 1
93 91 118 1
36 54 228 1
54 36 228 1
48 49 410 1
49 48 410 1
29 36 705 1
36 29 705 1
8 24 258 1
24 8 258 1
17 81 182 1
81 17 182 1
36 40 213 1
40 36 213 1
2 22 228 1
22 2 228 1
28 72 116 1
72 28 116 1
46 49 541 1
49 46 541 1
49 51 172 1
51 49 172 1
8 25 389 1
25 8 389 1
8 31 485 1
31 8 485 1
42 48 243 1
48 42 243 1
44 46 353 1
46 44 353 1
16 80 152 1
80 16 152 1
42 98 381 1
98 42 381 1
46 55 584 1
55 46 584 1
43 48 391 1
48 43 391 1
23 85 1053 1
85 23 1053 1
68 69 164 1
69 68 164 1
29 72 629 1
72 29 629 1
64 84 478 1
84 64 478 1
28 36 321 1
36 28 321 1
31 34 815 1
34 31 815 1
3 23 271 1
23 3 271 1
20 71 311 1
71 20 311 1
27 85 894 1
85 27 894 1
37 72 595 1
72 37 595 1
45 46 448 1
46 45 448 1
38 40 158 1
40 38 158 1
20 26 232 1
26 20 232 1
34 35 126 1
35 34 126 1
21 26 271 1
26 21 271 1
10 12 181 1
12 10 181 1
36 80 330 1
80 36 330 1
43 98 522 1
98 43 522 1
11 13 168 1
13 11 168 1
28 29 741 1
29 28 741 1
96 98 184 1
98 96 184 1
2 64 992 1
64 2 992 1
34 110 327 1
110 34 327 1
23 26 522 1
26 23 522 1
52 54 402 1
54 52 402 1
12 13 959 1
13 12 959 1
1 59 541 1
59 1 541 1
8 34 1027 1
34 8 1027 1
62 74 590 1
74 62 590 1
25 34 1006 1
34 25 1006 1
98 99 479 1
99 98 479 1
22 64 1169 1
64 22 1169 1
46 47 309 1
47 46 309 1
4 25 258 1
25 4 258 1
94 96 89 1
96 94 89 1
37 40 562 1
40 37 562 1
5 25 129 1
25 5 129 1
12 15 906 1
15 12 906 1
4 24 144 1
24 4 144 1
15 20 521 1
20 15 521 1
6 22 333 1
22 6 333 1
51 99 497 1
99 51 497 1
43 96 503 1
96 43 503 1
45 48 304 1
48 45 304 1
46 96 270 1
96 46 270 1
48 98 566 1
98 48 566 1
46 98 212 1
98 46 212 1
3 7 185 1
7 3 185 1
78 80 116 1
80 78 116 1
48 51 548 1
51 48 548 1
24 31 318 1
31 24 318 1
28 62 527 1
62 28 527 1
96 99 428 1
99 96 428 1
4 5 350 1
5 4 350 1
23 25 373 1
25 23 373 1
51 98 763 1
98 51 763 1
20 106 592 1
106 20 592 1
72 80 384 1
80 72 384 1
55 96 492 1
96 55 492 1
13 15 277 1
15 13 277 1
72 99 831 1
99 72 831 1
11 14 937 1
14 11 937 1
42 96 429 1
96 42 429 1
84 88 224 1
88 84 224 1
48 99 711 1
99 48 711 1
10 51 1261 1
51 10 1261 1
16 81 1063 1
81 16 1063 1
44 96 580 1
96 44 580 1
57 69 378 1
69 57 378 1
56 78 391 1
78 56 391 1
44 48 114 1
48 44 114 1
49 55 664 1
55 49 664 1
55 99 216 1
99 55 216 1
1 19 351 1
19 1 351 1
95 108 123 1
108 95 123 1
24 34 1021 1
34 24 1021 1
41 100 894 1
100 41 894 1
42 55 629 1
55 42 629 1
44 55 743 1
55 44 743 1
55 97 173 1
97 55 173 1
91 114 389 1
114 91 389 1
1 57 172 1
57 1 172 1
25 67 1191 1
67 25 1191 1
14 20 320 1
20 14 320 1
36 76 232 1
76 36 232 1
38 74 265 1
74 38 265 1
45 98 655 1
98 45 655 1
7 25 539 1
25 7 539 1
11 15 385 1
15 11 385 1
28 40 248 1
40 28 248 1
28 74 188 1
74 28 188 1
14 21 487 1
21 14 487 1
45 96 643 1
96 45 643 1
47 48 490 1
48 47 490 1
33 35 375 1
35 33 375 1
59 61 271 1
61 59 271 1
9 25 252 1
25 9 252 1
20 92 945 1
92 20 945 1
40 72 200 1
72 40 200 1
30 34 790 1
34 30 790 1
46 48 368 1
48 46 368 1
93 101 103 1
101 93 103 1
72 76 257 1
76 72 257 1
47 96 412 1
96 47 412 1
3 85 893 1
85 3 893 1
25 27 193 1
27 25 193 1
49 58 594 1
58 49 594 1
42 51 463 1
51 42 463 1
5 8 493 1
8 5 493 1
15 21 348 1
21 15 348 1
29 76 555 1
76 29 555 1
81 111 760 1
111 81 760 1
33 67 474 1
67 33 474 1
43 55 485 1
55 43 485 1
54 99 587 1
99 54 587 1
1 61 385 1
61 1 385 1
4 31 397 1
31 4 397 1
20 70 213 1
70 20 213 1
21 71 214 1
71 21 214 1
37 80 842 1
80 37 842 1
40 80 433 1
80 40 433 1
13 14 902 1
14 13 902 1
5 31 333 1
31 5 333 1
89 92 938 1
92 89 938 1
58 59 496 1
59 58 496 1
19 58 678 1
58 19 678 1
29 40 655 1
40 29 655 1
33 34 394 1
34 33 394 1
48 96 608 1
96 48 608 1
80 111 747 1
111 80 747 1
42 99 482 1
99 42 482 1
99 112 272 1
112 99 272 1
13 58 1244 1
58 13 1244 1
44 98 563 1
98 44 563 1
34 67 275 1
67 34 275 1
24 25 135 1
25 24 135 1
40 41 506 1
41 40 506 1
4 34 986 1
34 4 986 1
74 76 203 1
76 74 203 1
4 26 161 1
26 4 161 1
36 99 637 1
99 36 637 1
8 22 480 1
22 8 480 1
91 101 197 1
101 91 197 1
37 76 441 1
76 37 441 1
49 99 587 1
99 49 587 1
1 58 829 1
58 1 829 1
5 26 263 1
26 5 263 1
28 37 709 1
37 28 709 1
16 78 122 1
78 16 122 1
51 53 271 1
53 51 271 1
7 9 490 1
9 7 490 1
56 57 840 1
57 56 840 1
93 113 317 1
113 93 317 1
11 12 972 1
12 11 972 1
30 35 784 1
35 30 784 1
28 111 842 1
111 28 842 1
36 41 570 1
41 36 570 1
21 27 209 1
27 21 209 1
28 80 329 1
80 28 329 1
49 96 720 1
96 49 720 1
70 71 263 1
71 70 263 1
55 98 606 1
98 55 606 1
29 75 189 1
75 29 189 1
13 51 1107 1
51 13 1107 1
25 88 998 1
88 25 998 1
29 73 113 1
73 29 113 1
29 80 961 1
80 29 961 1
73 76 450 1
76 73 450 1
31 35 790 1
35 31 790 1
72 111 772 1
111 72 772 1
8 110 1076 1
110 8 1076 1
6 64 941 1
64 6 941 1
96 97 322 1
97 96 322 1
73 75 84 1
75 73 84 1
24 30 283 1
30 24 283 1
7 88 1209 1
88 7 1209 1
29 41 234 1
41 29 234 1
36 112 594 1
112 36 594 1
4 27 279 1
27 4 279 1
52 89 1027 1
89 52 1027 1
102 107 560 1
107 102 560 1
10 101 1302 1
101 10 1302 1
94 97 266 1
97 94 266 1
5 20 424 1
20 5 424 1
70 92 982 1
92 70 982 1
28 38 358 1
38 28 358 1
58 69 426 1
69 58 426 1
5 27 165 1
27 5 165 1
7 64 1244 1
64 7 1244 1
101 113 350 1
113 101 350 1
8 64 1208 1
64 8 1208 1
16 74 335 1
74 16 335 1
13 61 843 1
61 13 843 1
86 87 805 1
87 86 805 1
47 55 367 1
55 47 367 1
28 99 923 1
99 28 923 1
36 111 534 1
111 36 534 1
83 85 549 1
85 83 549 1
10 13 1004 1
13 10 1004 1
16 28 220 1
28 16 220 1
30 33 526 1
33 30 526 1
38 72 305 1
72 38 305 1
31 33 517 1
33 31 517 1
35 110 305 1
110 35 305 1
22 84 1027 1
84 22 1027 1
31 71 265 1
71 31 265 1
7 84 1202 1
84 7 1202 1
41 80 868 1
80 41 868 1
73 74 458 1
74 73 458 1
66 68 378 1
68 66 378 1
45 55 662 1
55 45 662 1
12 73 783 1
73 12 783 1
19 69 323 1
69 19 323 1
31 88 956 1
88 31 956 1
17 28 894 1
28 17 894 1
66 69 349 1
69 66 349 1
10 53 1310 1
53 10 1310 1
38 41 513 1
41 38 513 1
40 111 707 1
111 40 707 1
43 51 245 1
51 43 245 1
54 72 501 1
72 54 501 1
32 96 657 1
96 32 657 1
26 92 1145 1
92 26 1145 1
29 81 342 1
81 29 342 1
36 74 242 1
74 36 242 1
22 110 1082 1
110 22 1082 1
15 92 1292 1
92 15 1292 1
22 88 1044 1
88 22 1044 1
26 85 985 1
85 26 985 1
36 81 848 1
81 36 848 1
41 73 204 1
73 41 204 1
51 58 753 1
58 51 753 1
63 89 569 1
89 63 569 1
2 84 897 1
84 2 897 1
17 36 828 1
36 17 828 1
32 39 692 1
39 32 692 1
62 72 566 1
72 62 566 1
11 48 1197 1
48 11 1197 1
28 79 847 1
79 28 847 1
15 26 469 1
26 15 469 1
26 70 383 1
70 26 383 1
78 97 697 1
97 78 697 1
8 35 1046 1
35 8 1046 1
28 81 975 1
81 28 975 1
80 97 779 1
97 80 779 1
71 106 782 1
106 71 782 1
3 25 566 1
25 3 566 1
51 101 699 1
101 51 699 1
24 110 1066 1
110 24 1066 1
28 76 345 1
76 28 345 1
83 90 1178 1
90 83 1178 1
13 53 1148 1
53 13 1148 1
1 69 441 1
69 1 441 1
37 81 336 1
81 37 336 1
48 58 400 1
58 48 400 1
108 109 87 1
109 108 87 1
6 7 710 1
7 6 710 1
25 64 1312 1
64 25 1312 1
67 110 507 1
110 67 507 1
4 64 1218 1
64 4 1218 1
44 58 416 1
58 44 416 1
46 51 585 1
51 46 585 1
28 54 527 1
54 28 527 1
72 81 860 1
81 72 860 1
65 84 1120 1
84 65 1120 1
37 38 515 1
38 37 515 1
17 79 135 1
79 17 135 1
29 38 680 1
38 29 680 1
29 62 1067 1
62 29 1067 1
47 94 415 1
94 47 415 1
104 105 204 1
105 104 204 1
54 80 402 1
80 54 402 1
97 99 180 1
99 97 180 1
2 88 959 1
88 2 959 1
33 66 503 1
66 33 503 1
38 80 426 1
80 38 426 1
40 81 874 1
81 40 874 1
33 110 636 1
110 33 636 1
37 54 645 1
54 37 645 1
5 23 453 1
23 5 453 1
18 64 805 1
64 18 805 1
1 68 549 1
68 1 549 1
10 61 1158 1
61 10 1158 1
37 100 814 1
100 37 814 1
25 110 1042 1
110 25 1042 1
26 71 422 1
71 26 422 1
31 64 1128 1
64 31 1128 1
38 52 654 1
52 38 654 1
46 99 446 1
99 46 446 1
65 86 1324 1
86 65 1324 1
78 81 1002 1
81 78 1002 1
4 9 500 1
9 4 500 1
24 35 1010 1
35 24 1010 1
37 41 217 1
41 37 217 1
29 99 709 1
99 29 709 1
29 100 1082 1
100 29 1082 1
5 71 431 1
71 5 431 1
20 27 271 1
27 20 271 1
35 71 557 1
71 35 557 1
53 111 406 1
111 53 406 1
64 67 549 1
67 64 549 1
101 112 405 1
112 101 405 1
14 26 321 1
26 14 321 1
38 76 305 1
76 38 305 1
40 54 405 1
54 40 405 1
54 55 651 1
55 54 651 1
72 74 76 1
74 72 76 1
5 15 278 1
15 5 278 1
59 68 484 1
68 59 484 1
60 63 1021 1
63 60 1021 1
57 61 216 1
61 57 216 1
18 103 1302 1
103 18 1302 1
34 64 445 1
64 34 445 1
34 66 268 1
66 34 268 1
65 87 1028 1
87 65 1028 1
16 36 349 1
36 16 349 1
17 29 223 1
29 17 223 1
9 56 1222 1
56 9 1222 1
17 40 824 1
40 17 824 1
53 73 880 1
73 53 880 1
79 81 136 1
81 79 136 1
22 30 218 1
30 22 218 1
47 51 339 1
51 47 339 1
76 77 238 1
77 76 238 1
29 74 571 1
74 29 571 1
77 109 318 1
109 77 318 1
93 114 346 1
114 93 346 1
94 115 181 1
115 94 181 1
100 106 280 1
106 100 280 1
14 92 1074 1
92 14 1074 1
46 97 424 1
97 46 424 1
47 97 280 1
97 47 280 1
37 78 740 1
78 37 740 1
71 75 163 1
75 71 163 1
25 85 1018 1
85 25 1018 1
100 113 356 1
113 100 356 1
108 113 292 1
113 108 292 1
22 24 386 1
24 22 386 1
48 112 575 1
112 48 575 1
89 100 936 1
100 89 936 1
8 9 638 1
9 8 638 1
41 53 839 1
53 41 839 1
51 55 568 1
55 51 568 1
79 84 1035 1
84 79 1035 1
39 94 407 1
94 39 407 1
13 48 1332 1
48 13 1332 1
17 37 368 1
37 17 368 1
76 112 647 1
112 76 647 1
70 77 376 1
77 70 376 1
3 27 634 1
27 3 634 1
8 26 300 1
26 8 300 1
37 99 410 1
99 37 410 1
94 108 97 1
108 94 97 1
9 31 394 1
31 9 394 1
17 111 850 1
111 17 850 1
71 92 1069 1
92 71 1069 1
80 99 917 1
99 80 917 1
5 24 252 1
24 5 252 1
2 7 566 1
7 2 566 1
6 88 860 1
88 6 860 1
16 79 934 1
79 16 934 1
19 59 618 1
59 19 618 1
31 67 971 1
67 31 971 1
44 99 632 1
99 44 632 1
79 80 991 1
80 79 991 1
15 73 336 1
73 15 336 1
59 69 338 1
69 59 338 1
104 107 401 1
107 104 401 1
70 100 918 1
100 70 918 1
10 11 986 1
11 10 986 1
19 62 792 1
62 19 792 1
24 71 494 1
71 24 494 1
102 103 508 1
103 102 508 1
53 98 671 1
98 53 671 1
90 107 713 1
107 90 713 1
22 34 922 1
34 22 922 1
17 41 414 1
41 17 414 1
32 67 439 1
67 32 439 1
57 59 382 1
59 57 382 1
94 111 316 1
111 94 316 1
100 112 410 1
112 100 410 1
2 8 554 1
8 2 554 1
7 31 345 1
31 7 345 1
56 68 408 1
68 56 408 1
50 114 661 1
114 50 661 1
72 95 570 1
95 72 570 1
2 34 808 1
34 2 808 1
19 103 1259 1
103 19 1259 1
24 113 1216 1
113 24 1216 1
72 112 844 1
112 72 844 1
7 23 337 1
23 7 337 1
22 31 234 1
31 22 234 1
30 71 303 1
71 30 303 1
41 72 550 1
72 41 550 1
97 109 174 1
109 97 174 1
31 110 923 1
110 31 923 1
92 100 157 1
100 92 157 1
101 114 359 1
114 101 359 1
16 62 313 1
62 16 313 1
76 100 714 1
100 76 714 1
77 100 819 1
100 77 819 1
4 22 457 1
22 4 457 1
36 62 525 1
62 36 525 1
5 85 946 1
85 5 946 1
8 27 425 1
27 8 425 1
8 88 819 1
88 8 819 1
13 49 1151 1
49 13 1151 1
44 51 440 1
51 44 440 1
47 58 747 1
58 47 747 1
0 4 861 1
4 0 861 1
8 71 624 1
71 8 624 1
25 26 225 1
26 25 225 1
36 100 531 1
100 36 531 1
43 99 372 1
99 43 372 1
75 77 210 1
77 75 210 1
4 21 414 1
21 4 414 1
6 18 473 1
18 6 473 1
72 97 655 1
97 72 655 1
10 60 650 1
60 10 650 1
17 78 955 1
78 17 955 1
37 73 278 1
73 37 278 1
97 98 437 1
98 97 437 1
33 71 374 1
71 33 374 1
62 111 802 1
111 62 802 1
10 73 783 1
73 10 783 1
25 84 1066 1
84 25 1066 1
36 73 600 1
73 36 600 1
3 88 1145 1
88 3 1145 1
9 65 1235 1
65 9 1235 1
37 77 246 1
77 37 246 1
67 68 440 1
68 67 440 1
9 85 935 1
85 9 935 1
12 60 825 1
60 12 825 1
46 54 354 1
54 46 354 1
100 101 656 1
101 100 656 1
8 30 385 1
30 8 385 1
37 112 610 1
112 37 610 1
54 112 454 1
112 54 454 1
94 98 264 1
98 94 264 1
101 115 407 1
115 101 407 1
2 18 379 1
18 2 379 1
8 65 1425 1
65 8 1425 1
45 51 254 1
51 45 254 1
91 112 368 1
112 91 368 1
11 21 514 1
21 11 514 1
12 17 1046 1
17 12 1046 1
12 101 1369 1
101 12 1369 1
29 54 871 1
54 29 871 1
82 106 562 1
106 82 562 1
94 109 127 1
109 94 127 1
95 99 272 1
99 95 272 1
2 24 548 1
24 2 548 1
4 110 1015 1
110 4 1015 1
98 115 287 1
115 98 287 1
10 63 1159 1
63 10 1159 1
12 61 1246 1
61 12 1246 1
21 106 670 1
106 21 670 1
26 91 1131 1
91 26 1131 1
38 112 604 1
112 38 604 1
54 74 471 1
74 54 471 1
70 91 1000 1
91 70 1000 1
8 84 881 1
84 8 881 1
12 63 1218 1
63 12 1218 1
61 82 1268 1
82 61 1268 1
10 50 948 1
50 10 948 1
4 23 506 1
23 4 506 1
2 30 317 1
30 2 317 1
36 97 483 1
97 36 483 1
72 73 517 1
73 72 517 1
102 104 159 1
104 102 159 1
112 115 269 1
115 112 269 1
6 24 555 1
24 6 555 1
17 54 969 1
54 17 969 1
18 22 537 1
22 18 537 1
18 66 623 1
66 18 623 1
25 33 765 1
33 25 765 1
27 65 1171 1
65 27 1171 1
15 27 336 1
27 15 336 1
17 72 781 1
72 17 781 1
19 98 1076 1
98 19 1076 1
41 54 714 1
54 41 714 1
103 104 369 1
104 103 369 1
6 113 1243 1
113 6 1243 1
52 63 1131 1
63 52 1131 1
99 111 265 1
111 99 265 1
16 111 812 1
111 16 812 1
20 100 857 1
100 20 857 1
22 35 922 1
35 22 922 1
90 92 135 1
92 90 135 1
35 66 331 1
66 35 331 1
76 101 848 1
101 76 848 1
12 112 1186 1
112 12 1186 1
13 106 1119 1
106 13 1119 1
16 38 439 1
38 16 439 1
20 68 909 1
68 20 909 1
23 65 1169 1
65 23 1169 1
26 90 1088 1
90 26 1088 1
62 75 893 1
75 62 893 1
22 25 402 1
25 22 402 1
30 64 1064 1
64 30 1064 1
10 14 380 1
14 10 380 1
80 112 813 1
112 80 813 1
84 85 1130 1
85 84 1130 1
90 91 735 1
91 90 735 1
12 21 630 1
21 12 630 1
30 77 559 1
77 30 559 1
36 95 408 1
95 36 408 1
43 94 518 1
94 43 518 1
82 107 847 1
107 82 847 1
2 66 917 1
66 2 917 1
37 62 953 1
62 37 953 1
105 114 152 1
114 105 152 1
12 51 1375 1
51 12 1375 1
15 106 965 1
106 15 965 1
32 94 642 1
94 32 642 1
76 91 787 1
91 76 787 1
2 4 569 1
4 2 569 1
12 20 477 1
20 12 477 1
16 73 769 1
73 16 769 1
42 97 497 1
97 42 497 1
6 84 795 1
84 6 795 1
1 13 546 1
13 1 546 1
1 51 787 1
51 1 787 1
5 88 1026 1
88 5 1026 1
38 111 560 1
111 38 560 1
40 76 327 1
76 40 327 1
70 88 635 1
88 70 635 1
71 77 297 1
77 71 297 1
13 57 681 1
57 13 681 1
16 54 493 1
54 16 493 1
59 106 1174 1
106 59 1174 1
47 99 231 1
99 47 231 1
9 23 475 1
23 9 475 1
84 86 610 1
86 84 610 1
30 59 1103 1
59 30 1103 1
56 80 431 1
80 56 431 1
31 65 1062 1
65 31 1062 1
38 99 625 1
99 38 625 1
41 111 726 1
111 41 726 1
53 112 421 1
112 53 421 1
73 81 406 1
81 73 406 1
44 97 631 1
97 44 631 1
54 97 484 1
97 54 484 1
72 96 519 1
96 72 519 1
74 85 839 1
85 74 839 1
80 95 719 1
95 80 719 1
93 110 487 1
110 93 487 1
3 89 961 1
89 3 961 1
10 54 681 1
54 10 681 1
23 88 1119 1
88 23 1119 1
25 65 1263 1
65 25 1263 1
62 63 1134 1
63 62 1134 1
91 95 424 1
95 91 424 1
104 113 229 1
113 104 229 1
14 73 703 1
73 14 703 1
48 90 628 1
90 48 628 1
58 98 810 1
98 58 810 1
2 31 377 1
31 2 377 1
43 97 409 1
97 43 409 1
86 97 801 1
97 86 801 1
33 109 602 1
109 33 602 1
76 99 626 1
99 76 626 1
24 109 943 1
109 24 943 1
41 62 1018 1
62 41 1018 1
51 96 733 1
96 51 733 1
57 89 760 1
89 57 760 1
65 85 476 1
85 65 476 1
91 113 366 1
113 91 366 1
34 109 367 1
109 34 367 1
52 53 746 1
53 52 746 1
17 73 298 1
73 17 298 1
38 62 642 1
62 38 642 1
61 106 1151 1
106 61 1151 1
8 21 536 1
21 8 536 1
18 105 1215 1
105 18 1215 1
45 94 668 1
94 45 668 1
54 89 853 1
89 54 853 1
63 75 591 1
75 63 591 1
72 100 801 1
100 72 801 1
95 114 280 1
114 95 280 1
12 53 1414 1
53 12 1414 1
23 67 1077 1
67 23 1077 1
41 81 452 1
81 41 452 1
41 89 415 1
89 41 415 1
41 93 733 1
93 41 733 1
75 76 374 1
76 75 374 1
98 112 277 1
112 98 277 1
107 110 468 1
110 107 468 1
12 92 1168 1
92 12 1168 1
62 89 1215 1
89 62 1215 1
70 89 837 1
89 70 837 1
36 79 738 1
79 36 738 1
68 106 1131 1
106 68 1131 1
18 83 953 1
83 18 953 1
35 44 409 1
44 35 409 1
62 105 1020 1
105 62 1020 1
87 107 525 1
107 87 525 1
37 111 552 1
111 37 552 1
59 63 501 1
63 59 501 1
74 87 714 1
87 74 714 1
41 112 775 1
112 41 775 1
48 55 832 1
55 48 832 1
61 100 1241 1
100 61 1241 1
81 95 542 1
95 81 542 1
111 115 269 1
115 111 269 1
35 67 262 1
67 35 262 1
45 99 570 1
99 45 570 1
64 87 1344 1
87 64 1344 1
19 77 567 1
77 19 567 1
40 97 584 1
97 40 584 1
52 100 420 1
100 52 420 1
57 58 735 1
58 57 735 1
21 92 1010 1
92 21 1010 1
25 30 292 1
30 25 292 1
62 73 961 1
73 62 961 1
70 76 285 1
76 70 285 1
99 115 285 1
115 99 285 1
100 115 381 1
115 100 381 1
41 75 187 1
75 41 187 1
63 101 920 1
101 63 920 1
7 24 631 1
24 7 631 1
13 20 655 1
20 13 655 1
43 58 647 1
58 43 647 1
45 58 519 1
58 45 519 1
8 86 437 1
86 8 437 1
46 53 547 1
53 46 547 1
50 52 243 1
52 50 243 1
63 106 1106 1
106 63 1106 1
70 106 687 1
106 70 687 1
4 65 1344 1
65 4 1344 1
18 33 288 1
33 18 288 1
30 110 901 1
110 30 901 1
50 87 1314 1
87 50 1314 1
51 54 884 1
54 51 884 1
72 78 300 1
78 72 300 1
23 31 199 1
31 23 199 1
74 75 389 1
75 74 389 1
2 110 1015 1
110 2 1015 1
7 8 828 1
8 7 828 1
8 67 1258 1
67 8 1258 1
11 51 955 1
51 11 955 1
13 69 925 1
69 13 925 1
15 56 1170 1
56 15 1170 1
29 101 860 1
101 29 860 1
37 95 241 1
95 37 241 1
86 113 874 1
113 86 874 1
70 73 402 1
73 70 402 1
26 83 578 1
83 26 578 1
32 33 149 1
33 32 149 1
41 52 1018 1
52 41 1018 1
41 101 711 1
101 41 711 1
47 109 317 1
109 47 317 1
73 100 1005 1
100 73 1005 1
85 90 1018 1
90 85 1018 1
88 89 1035 1
89 88 1035 1
112 114 196 1
114 112 196 1
4 71 523 1
71 4 523 1
24 64 1287 1
64 24 1287 1
38 89 763 1
89 38 763 1
40 78 376 1
78 40 376 1
66 110 549 1
110 66 549 1
109 110 135 1
110 109 135 1
11 50 1265 1
50 11 1265 1
62 76 527 1
76 62 527 1
64 110 621 1
110 64 621 1
6 30 365 1
30 6 365 1
8 23 562 1
23 8 562 1
10 99 1105 1
99 10 1105 1
12 26 521 1
26 12 521 1
59 82 1290 1
82 59 1290 1
1 63 334 1
63 1 334 1
5 7 538 1
7 5 538 1
5 21 332 1
21 5 332 1
16 41 813 1
41 16 813 1
99 101 266 1
101 99 266 1
112 113 116 1
113 112 116 1
16 37 809 1
37 16 809 1
23 92 1466 1
92 23 1466 1
71 93 964 1
93 71 964 1
73 92 1046 1
92 73 1046 1
14 106 722 1
106 14 722 1
16 56 380 1
56 16 380 1
18 67 652 1
67 18 652 1
25 35 978 1
35 25 978 1
48 50 202 1
50 48 202 1
54 96 167 1
96 54 167 1
73 112 858 1
112 73 858 1
54 113 426 1
113 54 426 1
1 98 1107 1
98 1 1107 1
14 70 380 1
70 14 380 1
29 63 531 1
63 29 531 1
37 97 271 1
97 37 271 1
60 61 893 1
61 60 893 1
24 93 1326 1
93 24 1326 1
36 101 815 1
101 36 815 1
4 93 1288 1
93 4 1288 1
16 29 882 1
29 16 882 1
19 32 289 1
32 19 289 1
27 31 339 1
31 27 339 1
39 81 431 1
81 39 431 1
5 81 830 1
81 5 830 1
13 73 358 1
73 13 358 1
4 88 829 1
88 4 829 1
5 56 1126 1
56 5 1126 1
6 114 1174 1
114 6 1174 1
14 71 582 1
71 14 582 1
25 109 919 1
109 25 919 1
32 97 697 1
97 32 697 1
4 20 334 1
20 4 334 1
9 88 1163 1
88 9 1163 1
92 106 400 1
106 92 400 1
10 112 1075 1
112 10 1075 1
24 108 938 1
108 24 938 1
36 78 263 1
78 36 263 1
38 113 550 1
113 38 550 1
16 72 287 1
72 16 287 1
17 97 605 1
97 17 605 1
34 65 549 1
65 34 549 1
50 112 538 1
112 50 538 1
52 112 417 1
112 52 417 1
73 80 850 1
80 73 850 1
1 89 788 1
89 1 788 1
2 113 1266 1
113 2 1266 1
3 83 681 1
83 3 681 1
5 34 1016 1
34 5 1016 1
11 58 1113 1
58 11 1113 1
36 52 586 1
52 36 586 1
37 75 239 1
75 37 239 1
51 112 579 1
112 51 579 1
57 92 1242 1
92 57 1242 1
81 114 782 1
114 81 782 1
95 115 205 1
115 95 205 1
107 114 333 1
114 107 333 1
1 82 1112 1
82 1 1112 1
26 88 791 1
88 26 791 1
33 69 363 1
69 33 363 1
64 88 675 1
88 64 675 1
75 100 924 1
100 75 924 1
109 113 333 1
113 109 333 1
8 33 863 1
33 8 863 1
9 27 309 1
27 9 309 1
10 28 213 1
28 10 213 1
15 71 394 1
71 15 394 1
21 24 413 1
24 21 413 1
28 41 661 1
41 28 661 1
45 102 889 1
102 45 889 1
52 61 1057 1
61 52 1057 1
104 114 171 1
114 104 171 1
6 101 1437 1
101 6 1437 1
7 67 937 1
67 7 937 1
13 63 653 1
63 13 653 1
18 19 147 1
19 18 147 1
59 66 363 1
66 59 363 1
36 75 517 1
75 36 517 1
49 59 382 1
59 49 382 1
68 88 1023 1
88 68 1023 1
26 31 365 1
31 26 365 1
42 94 484 1
94 42 484 1
14 112 1099 1
112 14 1099 1
16 105 923 1
105 16 923 1
30 67 972 1
67 30 972 1
64 66 392 1
66 64 392 1
94 103 496 1
103 94 496 1
1 100 1327 1
100 1 1327 1
10 52 956 1
52 10 956 1
72 113 813 1
113 72 813 1
80 94 538 1
94 80 538 1
111 112 111 1
112 111 111 1
113 114 95 1
114 113 95 1
29 79 257 1
79 29 257 1
37 108 355 1
108 37 355 1
39 97 289 1
97 39 289 1
54 111 422 1
111 54 422 1
97 111 292 1
111 97 292 1
9 84 1241 1
84 9 1241 1
18 77 606 1
77 18 606 1
44 59 517 1
59 44 517 1
63 100 1236 1
100 63 1236 1
95 96 288 1
96 95 288 1
51 52 786 1
52 51 786 1
74 81 792 1
81 74 792 1
26 89 900 1
89 26 900 1
48 95 746 1
95 48 746 1
73 91 794 1
91 73 794 1
73 111 787 1
111 73 787 1
97 108 170 1
108 97 170 1
12 91 1349 1
91 12 1349 1
13 60 1245 1
60 13 1245 1
14 57 1154 1
57 14 1154 1
30 88 865 1
88 30 865 1
74 84 507 1
84 74 507 1
21 93 922 1
93 21 922 1
54 98 204 1
98 54 204 1
57 79 431 1
79 57 431 1
73 101 851 1
101 73 851 1
27 67 1105 1
67 27 1105 1
64 65 897 1
65 64 897 1
2 25 585 1
25 2 585 1
26 114 936 1
114 26 936 1
27 92 1167 1
92 27 1167 1
54 101 738 1
101 54 738 1
94 110 220 1
110 94 220 1
103 107 239 1
107 103 239 1
10 74 381 1
74 10 381 1
50 104 729 1
104 50 729 1
66 102 974 1
102 66 974 1
67 102 981 1
102 67 981 1
78 111 693 1
111 78 693 1
85 88 1097 1
88 85 1097 1
2 67 952 1
67 2 952 1
2 86 809 1
86 2 809 1
17 38 824 1
38 17 824 1
102 110 495 1
110 102 495 1
30 66 976 1
66 30 976 1
38 97 469 1
97 38 469 1
10 16 218 1
16 10 218 1
10 76 495 1
76 10 495 1
20 57 904 1
57 20 904 1
23 89 1070 1
89 23 1070 1
26 106 767 1
106 26 767 1
40 62 664 1
62 40 664 1
54 79 860 1
79 54 860 1
1 52 1206 1
52 1 1206 1
2 87 993 1
87 2 993 1
29 78 851 1
78 29 851 1
2 3 405 1
3 2 405 1
20 31 387 1
31 20 387 1
32 78 484 1
78 32 484 1
42 53 475 1
53 42 475 1
60 75 915 1
75 60 915 1
61 89 738 1
89 61 738 1
79 88 1019 1
88 79 1019 1
86 110 816 1
110 86 816 1
91 107 371 1
107 91 371 1
5 92 1324 1
92 5 1324 1
28 73 629 1
73 28 629 1
28 101 1105 1
101 28 1105 1
31 85 906 1
85 31 906 1
37 89 294 1
89 37 294 1
40 112 757 1
112 40 757 1
45 59 413 1
59 45 413 1
46 94 338 1
94 46 338 1
49 97 622 1
97 49 622 1
13 21 494 1
21 13 494 1
13 82 976 1
82 13 976 1
29 77 357 1
77 29 357 1
72 94 485 1
94 72 485 1
75 83 351 1
83 75 351 1
93 107 357 1
107 93 357 1
96 111 286 1
111 96 286 1
3 92 1420 1
92 3 1420 1
16 40 399 1
40 16 399 1
72 75 453 1
75 72 453 1
76 80 424 1
80 76 424 1
85 92 1003 1
92 85 1003 1
111 114 232 1
114 111 232 1
40 99 752 1
99 40 752 1
72 114 738 1
114 72 738 1
97 115 218 1
115 97 218 1
4 67 1210 1
67 4 1210 1
22 33 600 1
33 22 600 1
35 109 338 1
109 35 338 1
36 89 803 1
89 36 803 1
38 39 465 1
39 38 465 1
49 53 406 1
53 49 406 1
13 56 1122 1
56 13 1122 1
39 96 494 1
96 39 494 1
41 76 493 1
76 41 493 1
59 102 1214 1
102 59 1214 1
13 100 1359 1
100 13 1359 1
12 52 1107 1
52 12 1107 1
15 85 720 1
85 15 720 1
33 103 1025 1
103 33 1025 1
52 113 478 1
113 52 478 1
63 92 1202 1
92 63 1202 1
64 105 985 1
105 64 985 1
6 31 464 1
31 6 464 1
16 97 797 1
97 16 797 1
24 33 797 1
33 24 797 1
84 87 1148 1
87 84 1148 1
4 84 906 1
84 4 906 1
27 83 450 1
83 27 450 1
50 65 837 1
65 50 837 1
60 101 1230 1
101 60 1230 1
64 86 1029 1
86 64 1029 1
72 115 649 1
115 72 649 1
78 94 474 1
94 78 474 1
10 49 1190 1
49 10 1190 1
27 114 923 1
114 27 923 1
29 112 910 1
112 29 910 1
54 76 415 1
76 54 415 1
59 71 893 1
71 59 893 1
96 108 167 1
108 96 167 1
1 53 949 1
53 1 949 1
1 106 1164 1
106 1 1164 1
6 93 1425 1
93 6 1425 1
9 24 385 1
24 9 385 1
36 55 626 1
55 36 626 1
41 113 720 1
113 41 720 1
50 86 1077 1
86 50 1077 1
9 78 1057 1
78 9 1057 1
10 48 1025 1
48 10 1025 1
35 45 385 1
45 35 385 1
38 55 598 1
55 38 598 1
42 112 333 1
112 42 333 1
68 92 1202 1
92 68 1202 1
72 104 727 1
104 72 727 1
74 111 713 1
111 74 713 1
107 113 400 1
113 107 400 1
4 86 435 1
86 4 435 1
68 82 1040 1
82 68 1040 1
18 102 1258 1
102 18 1258 1
19 106 1134 1
106 19 1134 1
81 85 175 1
85 81 175 1
8 20 420 1
20 8 420 1
15 90 1267 1
90 15 1267 1
36 114 494 1
114 36 494 1
62 100 836 1
100 62 836 1
3 26 678 1
26 3 678 1
3 84 1110 1
84 3 1110 1
4 91 1276 1
91 4 1276 1
24 70 465 1
70 24 465 1
47 115 383 1
115 47 383 1
53 101 452 1
101 53 452 1
104 112 332 1
112 104 332 1
53 75 842 1
75 53 842 1
0 34 567 1
34 0 567 1
10 55 1049 1
55 10 1049 1
17 60 1082 1
60 17 1082 1
21 91 892 1
91 21 892 1
34 86 880 1
86 34 880 1
34 88 672 1
88 34 672 1
102 113 317 1
113 102 317 1
105 111 367 1
111 105 367 1
20 24 393 1
24 20 393 1
28 104 781 1
104 28 781 1
58 103 1188 1
103 58 1188 1
81 110 659 1
110 81 659 1
8 93 1382 1
93 8 1382 1
12 48 1186 1
48 12 1186 1
36 113 562 1
113 36 562 1
38 75 499 1
75 38 499 1
69 106 1139 1
106 69 1139 1
12 95 927 1
95 12 927 1
12 114 1083 1
114 12 1083 1
14 17 996 1
17 14 996 1
18 62 706 1
62 18 706 1
18 70 528 1
70 18 528 1
19 49 882 1
49 19 882 1
37 56 930 1
56 37 930 1
53 60 1040 1
60 53 1040 1
76 95 396 1
95 76 396 1
31 83 561 1
83 31 561 1
58 61 717 1
61 58 717 1
6 8 485 1
8 6 485 1
20 56 790 1
56 20 790 1
38 81 841 1
81 38 841 1
47 59 671 1
59 47 671 1
102 108 413 1
108 102 413 1
12 80 516 1
80 12 516 1
28 63 1049 1
63 28 1049 1
32 66 416 1
66 32 416 1
44 86 1168 1
86 44 1168 1
68 77 657 1
77 68 657 1
73 99 684 1
99 73 684 1
27 90 1121 1
90 27 1121 1
31 84 971 1
84 31 971 1
44 102 816 1
102 44 816 1
96 115 214 1
115 96 214 1
13 43 1089 1
43 13 1089 1
16 60 498 1
60 16 498 1
28 114 809 1
114 28 809 1
52 101 819 1
101 52 819 1
54 104 337 1
104 54 337 1
56 69 542 1
69 56 542 1
56 97 920 1
97 56 920 1
58 106 1039 1
106 58 1039 1
77 106 633 1
106 77 633 1
3 6 559 1
6 3 559 1
10 46 902 1
46 10 902 1
11 92 1324 1
92 11 1324 1
23 84 1113 1
84 23 1113 1
85 87 616 1
87 85 616 1
10 15 968 1
15 10 968 1
14 91 1235 1
91 14 1235 1
40 79 762 1
79 40 762 1
41 74 484 1
74 41 484 1
46 52 244 1
52 46 244 1
46 111 189 1
111 46 189 1
82 103 1009 1
103 82 1009 1
103 110 496 1
110 103 496 1
10 42 1010 1
42 10 1010 1
14 27 449 1
27 14 449 1
17 99 704 1
99 17 704 1
11 43 952 1
43 11 952 1
50 51 698 1
51 50 698 1
58 82 1100 1
82 58 1100 1
15 53 1143 1
53 15 1143 1
62 80 268 1
80 62 268 1
67 103 944 1
103 67 944 1
86 104 694 1
104 86 694 1
94 95 213 1
95 94 213 1
9 20 557 1
20 9 557 1
18 40 807 1
40 18 807 1
29 111 842 1
111 29 842 1
47 108 359 1
108 47 359 1
66 107 978 1
107 66 978 1
74 80 415 1
80 74 415 1
74 99 759 1
99 74 759 1
7 65 934 1
65 7 934 1
18 30 564 1
30 18 564 1
27 50 1279 1
50 27 1279 1
76 114 580 1
114 76 580 1
91 92 669 1
92 91 669 1
98 108 315 1
108 98 315 1
17 39 453 1
39 17 453 1
40 74 182 1
74 40 182 1
50 85 1013 1
85 50 1013 1
61 68 615 1
68 61 615 1
68 89 1110 1
89 68 1110 1
97 113 312 1
113 97 312 1
0 30 652 1
30 0 652 1
12 29 886 1
29 12 886 1
18 104 1201 1
104 18 1201 1
28 112 911 1
112 28 911 1
39 40 508 1
40 39 508 1
48 94 667 1
94 48 667 1
65 88 1179 1
88 65 1179 1
71 91 911 1
91 71 911 1
75 89 504 1
89 75 504 1
95 112 395 1
112 95 395 1
108 115 135 1
115 108 135 1
3 67 879 1
67 3 879 1
20 25 402 1
25 20 402 1
21 23 542 1
23 21 542 1
28 87 873 1
87 28 873 1
33 83 733 1
83 33 733 1
40 109 467 1
109 40 467 1
61 101 1003 1
101 61 1003 1
101 104 464 1
104 101 464 1
16 84 311 1
84 16 311 1
21 70 303 1
70 21 303 1
67 107 894 1
107 67 894 1
70 101 1040 1
101 70 1040 1
86 107 792 1
107 86 792 1
12 71 631 1
71 12 631 1
13 47 1044 1
47 13 1044 1
19 44 886 1
44 19 886 1
23 114 1244 1
114 23 1244 1
28 78 272 1
78 28 272 1
30 109 796 1
109 30 796 1
66 104 942 1
104 66 942 1
67 88 939 1
88 67 939 1
97 104 399 1
104 97 399 1
44 94 628 1
94 44 628 1
45 107 840 1
107 45 840 1
4 30 322 1
30 4 322 1
5 75 500 1
75 5 500 1
15 75 396 1
75 15 396 1
15 100 1225 1
100 15 1225 1
20 89 778 1
89 20 778 1
41 114 639 1
114 41 639 1
53 99 316 1
99 53 316 1
27 34 903 1
34 27 903 1
40 100 662 1
100 40 662 1
52 99 661 1
99 52 661 1
75 92 967 1
92 75 967 1
95 101 458 1
101 95 458 1
1 49 776 1
49 1 776 1
19 47 942 1
47 19 942 1
34 84 580 1
84 34 580 1
62 78 287 1
78 62 287 1
82 87 849 1
87 82 849 1
4 7 733 1
7 4 733 1
7 70 592 1
70 7 592 1
21 90 964 1
90 21 964 1
81 94 732 1
94 81 732 1
3 114 1184 1
114 3 1184 1
9 15 219 1
15 9 219 1
11 115 948 1
115 11 948 1
31 75 419 1
75 31 419 1
37 74 520 1
74 37 520 1
51 73 868 1
73 51 868 1
76 81 691 1
81 76 691 1
77 89 525 1
89 77 525 1
82 90 824 1
90 82 824 1
15 48 1360 1
48 15 1360 1
19 66 600 1
66 19 600 1
27 88 863 1
88 27 863 1
39 83 378 1
83 39 378 1
45 97 591 1
97 45 591 1
69 82 1105 1
82 69 1105 1
72 108 541 1
108 72 541 1
4 85 1130 1
85 4 1130 1
51 61 458 1
61 51 458 1
60 71 898 1
71 60 898 1
67 83 1007 1
83 67 1007 1
93 95 447 1
95 93 447 1
99 104 430 1
104 99 430 1
4 70 430 1
70 4 430 1
16 85 1095 1
85 16 1095 1
18 109 857 1
109 18 857 1
19 33 238 1
33 19 238 1
61 71 775 1
71 61 775 1
3 38 907 1
38 3 907 1
4 35 987 1
35 4 987 1
31 109 819 1
109 31 819 1
39 75 260 1
75 39 260 1
53 63 685 1
63 53 685 1
54 63 1046 1
63 54 1046 1
8 70 477 1
70 8 477 1
13 52 1405 1
52 13 1405 1
13 92 1402 1
92 13 1402 1
19 53 1115 1
53 19 1115 1
41 78 770 1
78 41 770 1
42 115 508 1
115 42 508 1
76 113 641 1
113 76 641 1
11 20 668 1
20 11 668 1
12 70 392 1
70 12 392 1
29 60 1067 1
60 29 1067 1
58 68 392 1
68 58 392 1
65 67 361 1
67 65 361 1
7 92 1445 1
92 7 1445 1
10 36 501 1
36 10 501 1
11 95 744 1
95 11 744 1
20 23 575 1
23 20 575 1
21 31 344 1
31 21 344 1
31 70 334 1
70 31 334 1
55 78 841 1
78 55 841 1
68 70 709 1
70 68 709 1
93 102 600 1
102 93 600 1
0 76 525 1
76 0 525 1
14 48 1233 1
48 14 1233 1
14 95 814 1
95 14 814 1
36 63 945 1
63 36 945 1
54 73 776 1
73 54 776 1
60 82 905 1
82 60 905 1
92 114 349 1
114 92 349 1
93 100 653 1
100 93 653 1
95 104 381 1
104 95 381 1
105 107 233 1
107 105 233 1
14 50 1150 1
50 14 1150 1
17 112 924 1
112 17 924 1
18 113 1181 1
113 18 1181 1
28 75 567 1
75 28 567 1
32 55 771 1
55 32 771 1
38 100 515 1
100 38 515 1
79 86 986 1
86 79 986 1
83 87 158 1
87 83 158 1
3 81 740 1
81 3 740 1
3 111 1163 1
111 3 1163 1
5 70 530 1
70 5 530 1
9 92 1428 1
92 9 1428 1
13 59 1042 1
59 13 1042 1
15 17 481 1
17 15 481 1
15 80 1098 1
80 15 1098 1
17 95 598 1
95 17 598 1
19 45 864 1
45 19 864 1
22 70 443 1
70 22 443 1
31 87 639 1
87 31 639 1
36 115 416 1
115 36 416 1
41 63 682 1
63 41 682 1
56 58 427 1
58 56 427 1
7 22 454 1
22 7 454 1
9 26 419 1
26 9 419 1
12 100 1084 1
100 12 1084 1
30 75 454 1
75 30 454 1
99 113 264 1
113 99 264 1
103 105 173 1
105 103 173 1
6 38 753 1
38 6 753 1
7 85 812 1
85 7 812 1
22 67 1070 1
67 22 1070 1
36 108 330 1
108 36 330 1
54 95 438 1
95 54 438 1
63 82 1211 1
82 63 1211 1
0 2 460 1
2 0 460 1
19 82 964 1
82 19 964 1
24 88 947 1
88 24 947 1
0 90 1005 1
90 0 1005 1
14 100 965 1
100 14 965 1
21 35 666 1
35 21 666 1
29 95 532 1
95 29 532 1
62 77 741 1
77 62 741 1
3 64 1134 1
64 3 1134 1
10 17 1029 1
17 10 1029 1
40 53 1023 1
53 40 1023 1
53 100 830 1
100 53 830 1
55 58 998 1
58 55 998 1
103 113 295 1
113 103 295 1
3 39 792 1
39 3 792 1
32 102 997 1
102 32 997 1
33 77 332 1
77 33 332 1
53 62 1123 1
62 53 1123 1
55 111 434 1
111 55 434 1
60 73 975 1
73 60 975 1
85 114 680 1
114 85 680 1
55 94 428 1
94 55 428 1
3 5 603 1
5 3 603 1
25 71 434 1
71 25 434 1
28 89 998 1
89 28 998 1
47 53 268 1
53 47 268 1
94 99 399 1
99 94 399 1
104 108 301 1
108 104 301 1
11 42 1108 1
42 11 1108 1
26 65 1232 1
65 26 1232 1
29 55 507 1
55 29 507 1
53 54 818 1
54 53 818 1
59 77 694 1
77 59 694 1
81 91 617 1
91 81 617 1
6 70 405 1
70 6 405 1
12 54 794 1
54 12 794 1
27 81 799 1
81 27 799 1
35 68 531 1
68 35 531 1
37 104 610 1
104 37 610 1
68 71 747 1
71 68 747 1
91 108 473 1
108 91 473 1
0 87 1191 1
87 0 1191 1
8 109 958 1
109 8 958 1
9 34 1087 1
34 9 1087 1
10 38 560 1
38 10 560 1
12 50 1114 1
50 12 1114 1
62 104 898 1
104 62 898 1
94 113 328 1
113 94 328 1
19 90 1212 1
90 19 1212 1
20 61 1022 1
61 20 1022 1
50 99 730 1
99 50 730 1
62 103 1159 1
103 62 1159 1
72 101 1016 1
101 72 1016 1
5 76 752 1
76 5 752 1
17 63 324 1
63 17 324 1
23 105 1262 1
105 23 1262 1
48 53 654 1
53 48 654 1
52 98 272 1
98 52 272 1
67 85 682 1
85 67 682 1
36 104 476 1
104 36 476 1
3 108 970 1
108 3 970 1
5 73 471 1
73 5 471 1
14 82 179 1
82 14 179 1
19 102 1271 1
102 19 1271 1
79 95 480 1
95 79 480 1
91 115 428 1
115 91 428 1
0 19 488 1
19 0 488 1
11 49 996 1
49 11 996 1
12 89 1220 1
89 12 1220 1
55 72 755 1
72 55 755 1
96 113 315 1
113 96 315 1
3 9 596 1
9 3 596 1
23 70 494 1
70 23 494 1
26 93 1144 1
93 26 1144 1
29 93 864 1
93 29 864 1
93 115 401 1
115 93 401 1
6 87 1046 1
87 6 1046 1
6 102 1207 1
102 6 1207 1
12 82 376 1
82 12 376 1
13 98 1212 1
98 13 1212 1
13 99 995 1
99 13 995 1
49 101 814 1
101 49 814 1
56 89 1199 1
89 56 1199 1
1 104 1183 1
104 1 1183 1
12 36 597 1
36 12 597 1
14 61 1285 1
61 14 1285 1
49 112 609 1
112 49 609 1
110 113 304 1
113 110 304 1
4 108 880 1
108 4 880 1
11 73 310 1
73 11 310 1
14 58 1155 1
58 14 1155 1
20 88 611 1
88 20 611 1
21 82 511 1
82 21 511 1
23 81 907 1
81 23 907 1
25 66 1220 1
66 25 1220 1
29 97 574 1
97 29 574 1
38 79 739 1
79 38 739 1
39 62 975 1
62 39 975 1
39 109 356 1
109 39 356 1
40 75 477 1
75 40 477 1
