116 2668
26 27 135 1
27 26 135 1
28 72 116 1
72 28 116 1
38 96 284 1
96 38 284 1
43 47 146 1
47 43 146 1
62 63 1134 1
63 62 1134 1
44 45 194 1
45 44 194 1
28 81 975 1
81 28 975 1
11 13 168 1
13 11 168 1
66 67 177 1
67 66 177 1
5 27 165 1
27 5 165 1
96 110 214 1
110 96 214 1
42 46 173 1
46 42 173 1
10 28 213 1
28 10 213 1
28 29 741 1
29 28 741 1
17 81 182 1
81 17 182 1
48 50 202 1
50 48 202 1
54 88 224 1
88 54 224 1
9 65 1235 1
65 9 1235 1
17 29 223 1
29 17 223 1
54 96 167 1
96 54 167 1
24 25 135 1
25 24 135 1
23 64 1238 1
64 23 1238 1
61 63 238 1
63 61 238 1
26 96 811 1
96 26 811 1
54 110 373 1
110 54 373 1
44 48 114 1
48 44 114 1
9 23 475 1
23 9 475 1
17 80 1070 1
80 17 1070 1
43 46 341 1
46 43 341 1
49 51 172 1
51 49 172 1
43 45 199 1
45 43 199 1
18 19 147 1
19 18 147 1
75 77 210 1
77 75 210 1
42 47 281 1
47 42 281 1
46 47 309 1
47 46 309 1
29 72 629 1
72 29 629 1
38 54 263 1
54 38 263 1
60 61 893 1
61 60 893 1
29 81 342 1
81 29 342 1
45 49 111 1
49 45 111 1
17 63 324 1
63 17 324 1
17 79 135 1
79 17 135 1
85 89 220 1
89 85 220 1
73 75 84 1
75 73 84 1
23 65 1169 1
65 23 1169 1
38 110 451 1
110 38 451 1
80 81 1113 1
81 80 1113 1
64 65 897 1
65 64 897 1
78 80 116 1
80 78 116 1
64 85 1107 1
85 64 1107 1
20 26 232 1
26 20 232 1
26 38 554 1
38 26 554 1
28 76 345 1
76 28 345 1
16 62 313 1
62 16 313 1
48 49 410 1
49 48 410 1
0 19 488 1
19 0 488 1
29 73 113 1
73 29 113 1
45 48 304 1
48 45 304 1
42 44 208 1
44 42 208 1
16 56 380 1
56 16 380 1
57 79 431 1
79 57 431 1
10 76 495 1
76 10 495 1
17 28 894 1
28 17 894 1
21 87 397 1
87 21 397 1
28 73 629 1
73 28 629 1
47 55 367 1
55 47 367 1
17 62 1129 1
62 17 1129 1
27 87 439 1
87 27 439 1
73 74 458 1
74 73 458 1
20 110 682 1
110 20 682 1
72 73 517 1
73 72 517 1
30 31 127 1
31 30 127 1
42 43 239 1
43 42 239 1
27 96 825 1
96 27 825 1
72 81 860 1
81 72 860 1
28 74 188 1
74 28 188 1
20 38 349 1
38 20 349 1
28 40 248 1
40 28 248 1
16 80 152 1
80 16 152 1
26 110 904 1
110 26 904 1
0 56 174 1
56 0 174 1
47 96 412 1
96 47 412 1
79 81 136 1
81 79 136 1
72 76 257 1
76 72 257 1
28 62 527 1
62 28 527 1
29 79 257 1
79 29 257 1
39 94 407 1
94 39 407 1
44 46 353 1
46 44 353 1
27 38 594 1
38 27 594 1
47 54 568 1
54 47 568 1
3 7 185 1
7 3 185 1
42 48 243 1
48 42 243 1
49 53 406 1
53 49 406 1
0 10 381 1
10 0 381 1
33 63 547 1
63 33 547 1
9 64 1448 1
64 9 1448 1
40 79 762 1
79 40 762 1
72 74 76 1
74 72 76 1
37 39 117 1
39 37 117 1
45 46 448 1
46 45 448 1
96 98 184 1
98 96 184 1
16 17 998 1
17 16 998 1
20 27 271 1
27 20 271 1
64 92 764 1
92 64 764 1
5 26 263 1
26 5 263 1
16 57 981 1
57 16 981 1
21 38 458 1
38 21 458 1
47 48 490 1
48 47 490 1
94 110 220 1
110 94 220 1
10 62 483 1
62 10 483 1
21 27 209 1
27 21 209 1
40 81 874 1
81 40 874 1
20 108 552 1
108 20 552 1
103 105 173 1
105 103 173 1
38 108 316 1
108 38 316 1
1 33 355 1
33 1 355 1
48 51 548 1
51 48 548 1
85 87 616 1
87 85 616 1
1 79 428 1
79 1 428 1
16 79 934 1
79 16 934 1
47 110 210 1
110 47 210 1
27 88 863 1
88 27 863 1
33 62 690 1
62 33 690 1
29 33 510 1
33 29 510 1
56 57 840 1
57 56 840 1
52 58 705 1
58 52 705 1
5 67 1194 1
67 5 1194 1
73 76 450 1
76 73 450 1
39 54 618 1
54 39 618 1
4 48 1379 1
48 4 1379 1
29 62 1067 1
62 29 1067 1
30 72 390 1
72 30 390 1
32 33 149 1
33 32 149 1
13 29 290 1
29 13 290 1
10 81 1126 1
81 10 1126 1
74 76 203 1
76 74 203 1
46 55 584 1
55 46 584 1
16 29 882 1
29 16 882 1
98 104 286 1
104 98 286 1
85 92 1003 1
92 85 1003 1
42 55 629 1
55 42 629 1
65 85 476 1
85 65 476 1
20 21 185 1
21 20 185 1
20 96 592 1
96 20 592 1
27 54 856 1
54 27 856 1
1 17 391 1
17 1 391 1
46 53 547 1
53 46 547 1
38 39 465 1
39 38 465 1
47 50 544 1
50 47 544 1
51 52 786 1
52 51 786 1
33 79 486 1
79 33 486 1
10 72 309 1
72 10 309 1
50 52 243 1
52 50 243 1
5 9 157 1
9 5 157 1
91 93 118 1
93 91 118 1
17 72 781 1
72 17 781 1
46 50 303 1
50 46 303 1
46 48 368 1
48 46 368 1
51 58 753 1
58 51 753 1
26 47 1071 1
47 26 1071 1
26 50 1256 1
50 26 1256 1
32 62 548 1
62 32 548 1
96 108 167 1
108 96 167 1
29 75 189 1
75 29 189 1
45 47 345 1
47 45 345 1
94 96 89 1
96 94 89 1
28 32 528 1
32 28 528 1
48 55 832 1
55 48 832 1
104 106 195 1
106 104 195 1
5 65 1232 1
65 5 1232 1
16 101 1154 1
101 16 1154 1
29 63 531 1
63 29 531 1
96 97 322 1
97 96 322 1
4 8 148 1
8 4 148 1
23 92 1466 1
92 23 1466 1
43 55 485 1
55 43 485 1
21 39 356 1
39 21 356 1
13 41 490 1
41 13 490 1
38 47 654 1
47 38 654 1
9 15 219 1
15 9 219 1
4 51 1418 1
51 4 1418 1
23 85 1053 1
85 23 1053 1
65 92 1075 1
92 65 1075 1
28 79 847 1
79 28 847 1
95 108 123 1
108 95 123 1
29 76 555 1
76 29 555 1
43 44 290 1
44 43 290 1
63 79 303 1
79 63 303 1
5 23 453 1
23 5 453 1
11 29 239 1
29 11 239 1
21 54 704 1
54 21 704 1
21 96 648 1
96 21 648 1
29 80 961 1
80 29 961 1
28 75 567 1
75 28 567 1
42 45 300 1
45 42 300 1
6 8 485 1
8 6 485 1
16 76 379 1
76 16 379 1
62 72 566 1
72 62 566 1
109 111 273 1
111 109 273 1
10 74 381 1
74 10 381 1
28 33 585 1
33 28 585 1
39 96 494 1
96 39 494 1
1 61 385 1
61 1 385 1
27 110 890 1
110 27 890 1
1 63 334 1
63 1 334 1
42 53 475 1
53 42 475 1
20 97 635 1
97 20 635 1
18 72 618 1
72 18 618 1
27 97 789 1
97 27 789 1
40 76 327 1
76 40 327 1
16 72 287 1
72 16 287 1
51 53 271 1
53 51 271 1
57 101 1081 1
101 57 1081 1
60 63 1021 1
63 60 1021 1
4 24 144 1
24 4 144 1
10 12 181 1
12 10 181 1
26 87 560 1
87 26 560 1
38 97 469 1
97 38 469 1
37 97 271 1
97 37 271 1
50 51 698 1
51 50 698 1
78 79 878 1
79 78 878 1
62 80 268 1
80 62 268 1
29 40 655 1
40 29 655 1
72 75 453 1
75 72 453 1
79 80 991 1
80 79 991 1
14 82 179 1
82 14 179 1
76 79 567 1
79 76 567 1
86 87 805 1
87 86 805 1
18 28 651 1
28 18 651 1
27 39 536 1
39 27 536 1
36 38 122 1
38 36 122 1
44 47 404 1
47 44 404 1
3 65 942 1
65 3 942 1
17 33 512 1
33 17 512 1
36 76 232 1
76 36 232 1
5 37 688 1
37 5 688 1
10 18 609 1
18 10 609 1
18 32 279 1
32 18 279 1
57 102 1241 1
102 57 1241 1
35 65 453 1
65 35 453 1
36 47 622 1
47 36 622 1
62 81 1169 1
81 62 1169 1
34 38 552 1
38 34 552 1
24 48 1432 1
48 24 1432 1
26 54 816 1
54 26 816 1
75 76 374 1
76 75 374 1
31 71 265 1
71 31 265 1
43 96 503 1
96 43 503 1
1 57 172 1
57 1 172 1
22 25 402 1
25 22 402 1
98 99 479 1
99 98 479 1
20 54 606 1
54 20 606 1
33 40 654 1
40 33 654 1
52 53 746 1
53 52 746 1
16 28 220 1
28 16 220 1
21 34 706 1
34 21 706 1
74 81 792 1
81 74 792 1
17 78 955 1
78 17 955 1
21 94 569 1
94 21 569 1
33 75 426 1
75 33 426 1
58 59 496 1
59 58 496 1
3 92 1420 1
92 3 1420 1
2 69 758 1
69 2 758 1
53 55 448 1
55 53 448 1
101 103 106 1
103 101 106 1
24 55 1018 1
55 24 1018 1
0 99 1111 1
99 0 1111 1
42 50 271 1
50 42 271 1
54 94 226 1
94 54 226 1
33 76 380 1
76 33 380 1
97 110 221 1
110 97 221 1
2 91 1366 1
91 2 1366 1
3 23 271 1
23 3 271 1
26 97 829 1
97 26 829 1
27 34 903 1
34 27 903 1
16 63 1092 1
63 16 1092 1
21 88 754 1
88 21 754 1
33 72 507 1
72 33 507 1
43 110 298 1
110 43 298 1
8 23 562 1
23 8 562 1
9 85 935 1
85 9 935 1
17 40 824 1
40 17 824 1
73 77 274 1
77 73 274 1
47 52 540 1
52 47 540 1
20 87 562 1
87 20 562 1
13 65 935 1
65 13 935 1
62 79 1049 1
79 62 1049 1
39 77 312 1
77 39 312 1
4 14 255 1
14 4 255 1
22 89 1126 1
89 22 1126 1
26 84 884 1
84 26 884 1
35 67 262 1
67 35 262 1
38 94 246 1
94 38 246 1
77 108 373 1
108 77 373 1
93 101 103 1
101 93 103 1
0 53 1230 1
53 0 1230 1
13 15 277 1
15 13 277 1
16 33 609 1
33 16 609 1
48 52 415 1
52 48 415 1
10 17 1029 1
17 10 1029 1
39 108 341 1
108 39 341 1
26 88 791 1
88 26 791 1
10 19 724 1
19 10 724 1
38 88 311 1
88 38 311 1
43 52 553 1
52 43 553 1
44 50 287 1
50 44 287 1
43 98 522 1
98 43 522 1
44 49 304 1
49 44 304 1
42 49 396 1
49 42 396 1
22 23 140 1
23 22 140 1
24 58 1328 1
58 24 1328 1
30 70 259 1
70 30 259 1
88 96 385 1
96 88 385 1
43 48 391 1
48 43 391 1
76 81 691 1
81 76 691 1
20 46 831 1
46 20 831 1
48 53 654 1
53 48 654 1
54 55 651 1
55 54 651 1
20 47 858 1
47 20 858 1
36 96 257 1
96 36 257 1
27 67 1105 1
67 27 1105 1
28 111 842 1
111 28 842 1
93 103 173 1
103 93 173 1
22 24 386 1
24 22 386 1
2 6 165 1
6 2 165 1
10 16 218 1
16 10 218 1
82 84 544 1
84 82 544 1
21 97 595 1
97 21 595 1
24 52 1359 1
52 24 1359 1
38 98 432 1
98 38 432 1
53 99 316 1
99 53 316 1
65 67 361 1
67 65 361 1
20 44 1027 1
44 20 1027 1
21 26 271 1
26 21 271 1
21 110 690 1
110 21 690 1
5 64 1350 1
64 5 1350 1
7 61 813 1
61 7 813 1
10 111 999 1
111 10 999 1
28 30 436 1
30 28 436 1
39 87 370 1
87 39 370 1
59 61 271 1
61 59 271 1
0 18 364 1
18 0 364 1
10 79 992 1
79 10 992 1
57 81 488 1
81 57 488 1
13 61 843 1
61 13 843 1
28 80 329 1
80 28 329 1
32 72 471 1
72 32 471 1
44 55 743 1
55 44 743 1
24 51 1429 1
51 24 1429 1
10 40 460 1
40 10 460 1
22 64 1169 1
64 22 1169 1
5 39 639 1
39 5 639 1
47 94 415 1
94 47 415 1
7 13 237 1
13 7 237 1
43 54 646 1
54 43 646 1
63 80 1146 1
80 63 1146 1
10 36 501 1
36 10 501 1
64 89 1175 1
89 64 1175 1
20 50 1025 1
50 20 1025 1
27 50 1279 1
50 27 1279 1
40 74 182 1
74 40 182 1
34 54 521 1
54 34 521 1
16 78 122 1
78 16 122 1
27 94 748 1
94 27 748 1
25 27 193 1
27 25 193 1
34 35 126 1
35 34 126 1
84 88 224 1
88 84 224 1
7 63 675 1
63 7 675 1
25 110 1042 1
110 25 1042 1
52 54 402 1
54 52 402 1
12 17 1046 1
17 12 1046 1
19 82 964 1
82 19 964 1
33 61 545 1
61 33 545 1
101 102 595 1
102 101 595 1
55 86 895 1
86 55 895 1
62 102 862 1
102 62 862 1
84 86 610 1
86 84 610 1
29 74 571 1
74 29 571 1
29 115 730 1
115 29 730 1
96 104 297 1
104 96 297 1
50 54 543 1
54 50 543 1
50 96 527 1
96 50 527 1
72 115 649 1
115 72 649 1
5 25 129 1
25 5 129 1
18 91 1236 1
91 18 1236 1
45 55 662 1
55 45 662 1
55 110 380 1
110 55 380 1
4 49 1415 1
49 4 1415 1
4 50 1323 1
50 4 1323 1
5 21 332 1
21 5 332 1
26 52 1199 1
52 26 1199 1
27 84 956 1
84 27 956 1
3 67 879 1
67 3 879 1
17 57 439 1
57 17 439 1
34 64 445 1
64 34 445 1
41 65 845 1
65 41 845 1
54 97 484 1
97 54 484 1
98 110 300 1
110 98 300 1
60 89 1195 1
89 60 1195 1
73 81 406 1
81 73 406 1
87 89 476 1
89 87 476 1
9 92 1428 1
92 9 1428 1
50 84 554 1
84 50 554 1
1 62 1027 1
62 1 1027 1
16 81 1063 1
81 16 1063 1
25 94 912 1
94 25 912 1
36 43 693 1
43 36 693 1
59 66 363 1
66 59 363 1
105 114 152 1
114 105 152 1
113 114 95 1
114 113 95 1
37 94 426 1
94 37 426 1
47 51 339 1
51 47 339 1
49 52 718 1
52 49 718 1
45 51 254 1
51 45 254 1
62 78 287 1
78 62 287 1
81 111 760 1
111 81 760 1
98 106 320 1
106 98 320 1
99 101 266 1
101 99 266 1
16 60 498 1
60 16 498 1
61 62 1047 1
62 61 1047 1
87 97 649 1
97 87 649 1
0 101 1354 1
101 0 1354 1
26 98 979 1
98 26 979 1
38 43 745 1
43 38 745 1
7 31 345 1
31 7 345 1
19 76 599 1
76 19 599 1
19 83 893 1
83 19 893 1
26 43 1155 1
43 26 1155 1
35 37 446 1
37 35 446 1
49 105 843 1
105 49 843 1
94 108 97 1
108 94 97 1
2 4 569 1
4 2 569 1
5 35 974 1
35 5 974 1
29 77 357 1
77 29 357 1
39 97 289 1
97 39 289 1
48 58 400 1
58 48 400 1
56 101 1297 1
101 56 1297 1
94 95 213 1
95 94 213 1
4 22 457 1
22 4 457 1
8 15 741 1
15 8 741 1
18 76 581 1
76 18 581 1
26 104 905 1
104 26 905 1
45 50 474 1
50 45 474 1
24 42 1334 1
42 24 1334 1
27 47 1038 1
47 27 1038 1
47 98 442 1
98 47 442 1
64 67 549 1
67 64 549 1
32 76 341 1
76 32 341 1
40 73 549 1
73 40 549 1
15 65 1052 1
65 15 1052 1
19 28 732 1
28 19 732 1
24 110 1066 1
110 24 1066 1
0 42 911 1
42 0 911 1
12 28 275 1
28 12 275 1
22 85 1113 1
85 22 1113 1
26 94 743 1
94 26 743 1
38 50 753 1
50 38 753 1
40 72 200 1
72 40 200 1
56 69 542 1
69 56 542 1
76 115 499 1
115 76 499 1
8 9 638 1
9 8 638 1
10 29 893 1
29 10 893 1
14 24 389 1
24 14 389 1
36 78 263 1
78 36 263 1
72 111 772 1
111 72 772 1
73 115 669 1
115 73 669 1
12 13 959 1
13 12 959 1
108 110 194 1
110 108 194 1
28 70 247 1
70 28 247 1
33 60 632 1
60 33 632 1
49 50 585 1
50 49 585 1
71 73 163 1
73 71 163 1
20 42 954 1
42 20 954 1
29 83 227 1
83 29 227 1
30 32 574 1
32 30 574 1
33 57 394 1
57 33 394 1
38 41 513 1
41 38 513 1
56 79 965 1
79 56 965 1
78 81 1002 1
81 78 1002 1
18 102 1258 1
102 18 1258 1
87 88 1035 1
88 87 1035 1
89 92 938 1
92 89 938 1
5 88 1026 1
88 5 1026 1
54 98 204 1
98 54 204 1
62 74 590 1
74 62 590 1
67 94 677 1
94 67 677 1
12 40 490 1
40 12 490 1
21 85 716 1
85 21 716 1
31 72 482 1
72 31 482 1
47 53 268 1
53 47 268 1
13 17 364 1
17 13 364 1
25 67 1191 1
67 25 1191 1
26 34 907 1
34 26 907 1
35 77 284 1
77 35 284 1
46 52 244 1
52 46 244 1
2 51 1294 1
51 2 1294 1
14 15 772 1
15 14 772 1
19 32 289 1
32 19 289 1
21 47 833 1
47 21 833 1
75 81 434 1
81 75 434 1
31 75 419 1
75 31 419 1
34 36 459 1
36 34 459 1
46 98 212 1
98 46 212 1
93 112 343 1
112 93 343 1
7 90 1390 1
90 7 1390 1
17 101 871 1
101 17 871 1
88 110 590 1
110 88 590 1
2 82 688 1
82 2 688 1
28 115 724 1
115 28 724 1
48 54 669 1
54 48 669 1
73 111 787 1
111 73 787 1
76 78 312 1
78 76 312 1
40 80 433 1
80 40 433 1
97 108 170 1
108 97 170 1
0 76 525 1
76 0 525 1
2 8 554 1
8 2 554 1
2 66 917 1
66 2 917 1
4 25 258 1
25 4 258 1
33 73 444 1
73 33 444 1
68 69 164 1
69 68 164 1
55 87 559 1
87 55 559 1
61 65 175 1
65 61 175 1
7 59 970 1
59 7 970 1
20 94 527 1
94 20 527 1
28 57 964 1
57 28 964 1
34 96 428 1
96 34 428 1
7 100 1408 1
100 7 1408 1
20 84 687 1
84 20 687 1
65 89 679 1
89 65 679 1
82 112 963 1
112 82 963 1
12 81 1161 1
81 12 1161 1
19 101 1295 1
101 19 1295 1
32 70 418 1
70 32 418 1
32 75 514 1
75 32 514 1
42 110 303 1
110 42 303 1
5 20 424 1
20 5 424 1
11 60 1139 1
60 11 1139 1
12 111 1115 1
111 12 1115 1
88 89 1035 1
89 88 1035 1
10 78 335 1
78 10 335 1
39 88 762 1
88 39 762 1
97 109 174 1
109 97 174 1
15 60 1288 1
60 15 1288 1
28 113 881 1
113 28 881 1
58 69 426 1
69 58 426 1
59 63 501 1
63 59 501 1
97 98 437 1
98 97 437 1
4 9 500 1
9 4 500 1
13 60 1245 1
60 13 1245 1
18 101 1348 1
101 18 1348 1
46 54 354 1
54 46 354 1
50 88 679 1
88 50 679 1
57 76 691 1
76 57 691 1
63 81 293 1
81 63 293 1
31 83 561 1
83 31 561 1
52 87 1253 1
87 52 1253 1
70 72 158 1
72 70 158 1
76 77 238 1
77 76 238 1
6 64 941 1
64 6 941 1
12 14 278 1
14 12 278 1
25 30 292 1
30 25 292 1
38 87 730 1
87 38 730 1
40 41 506 1
41 40 506 1
93 99 208 1
99 93 208 1
8 14 205 1
14 8 205 1
23 67 1077 1
67 23 1077 1
43 50 494 1
50 43 494 1
73 79 296 1
79 73 296 1
87 108 698 1
108 87 698 1
6 9 834 1
9 6 834 1
13 63 653 1
63 13 653 1
13 114 1099 1
114 13 1099 1
60 62 241 1
62 60 241 1
72 79 733 1
79 72 733 1
4 5 350 1
5 4 350 1
27 108 748 1
108 27 748 1
40 75 477 1
75 40 477 1
71 92 1069 1
92 71 1069 1
16 102 798 1
102 16 798 1
36 54 228 1
54 36 228 1
55 95 221 1
95 55 221 1
60 65 898 1
65 60 898 1
4 23 506 1
23 4 506 1
6 91 1386 1
91 6 1386 1
34 110 327 1
110 34 327 1
43 49 240 1
49 43 240 1
72 113 813 1
113 72 813 1
111 112 111 1
112 111 111 1
111 113 191 1
113 111 191 1
0 16 380 1
16 0 380 1
19 57 426 1
57 19 426 1
19 93 1252 1
93 19 1252 1
37 77 246 1
77 37 246 1
42 52 325 1
52 42 325 1
82 86 143 1
86 82 143 1
86 89 1016 1
89 86 1016 1
3 5 603 1
5 3 603 1
17 74 721 1
74 17 721 1
26 51 1298 1
51 26 1298 1
0 28 492 1
28 0 492 1
25 39 702 1
39 25 702 1
40 62 664 1
62 40 664 1
40 109 467 1
109 40 467 1
43 99 372 1
99 43 372 1
60 80 480 1
80 60 480 1
103 107 239 1
107 103 239 1
6 12 248 1
12 6 248 1
18 70 528 1
70 18 528 1
64 84 478 1
84 64 478 1
0 49 1001 1
49 0 1001 1
4 66 1205 1
66 4 1205 1
13 71 401 1
71 13 401 1
23 89 1070 1
89 23 1070 1
69 103 1214 1
103 69 1214 1
77 94 396 1
94 77 396 1
86 88 460 1
88 86 460 1
11 63 488 1
63 11 488 1
15 114 987 1
114 15 987 1
32 63 656 1
63 32 656 1
50 55 863 1
55 50 863 1
51 59 486 1
59 51 486 1
1 40 950 1
40 1 950 1
10 57 1032 1
57 10 1032 1
37 109 343 1
109 37 343 1
42 51 463 1
51 42 463 1
29 57 596 1
57 29 596 1
53 82 1252 1
82 53 1252 1
1 29 521 1
29 1 521 1
9 13 376 1
13 9 376 1
28 63 1049 1
63 28 1049 1
33 81 613 1
81 33 613 1
34 45 409 1
45 34 409 1
71 77 297 1
77 71 297 1
19 102 1271 1
102 19 1271 1
42 96 429 1
96 42 429 1
101 107 310 1
107 101 310 1
26 108 761 1
108 26 761 1
28 31 545 1
31 28 545 1
29 71 259 1
71 29 259 1
49 69 641 1
69 49 641 1
99 103 258 1
103 99 258 1
11 114 1023 1
114 11 1023 1
35 88 741 1
88 35 741 1
52 55 814 1
55 52 814 1
66 90 828 1
90 66 828 1
97 104 399 1
104 97 399 1
10 32 558 1
32 10 558 1
16 74 335 1
74 16 335 1
34 88 672 1
88 34 672 1
50 64 302 1
64 50 302 1
9 11 523 1
11 9 523 1
27 64 1222 1
64 27 1222 1
36 77 422 1
77 36 422 1
39 110 466 1
110 39 466 1
15 23 561 1
23 15 561 1
57 72 874 1
72 57 874 1
18 62 706 1
62 18 706 1
26 106 767 1
106 26 767 1
56 99 1051 1
99 56 1051 1
1 60 923 1
60 1 923 1
5 97 910 1
97 5 910 1
36 40 213 1
40 36 213 1
2 24 548 1
24 2 548 1
4 45 1366 1
45 4 1366 1
43 53 293 1
53 43 293 1
50 87 1314 1
87 50 1314 1
6 89 1224 1
89 6 1224 1
19 33 238 1
33 19 238 1
67 90 867 1
90 67 867 1
111 115 269 1
115 111 269 1
0 83 1120 1
83 0 1120 1
18 75 668 1
75 18 668 1
20 88 611 1
88 20 611 1
71 75 163 1
75 71 163 1
73 113 827 1
113 73 827 1
21 55 604 1
55 21 604 1
68 84 871 1
84 68 871 1
1 58 829 1
58 1 829 1
4 15 597 1
15 4 597 1
11 81 403 1
81 11 403 1
31 115 958 1
115 31 958 1
50 110 492 1
110 50 492 1
11 62 1169 1
62 11 1169 1
12 72 358 1
72 12 358 1
20 43 937 1
43 20 937 1
31 73 397 1
73 31 397 1
87 96 843 1
96 87 843 1
20 64 962 1
64 20 962 1
26 45 1266 1
45 26 1266 1
75 115 597 1
115 75 597 1
3 64 1134 1
64 3 1134 1
18 82 891 1
82 18 891 1
22 48 1339 1
48 22 1339 1
46 84 530 1
84 46 530 1
87 95 598 1
95 87 598 1
1 98 1107 1
98 1 1107 1
6 23 465 1
23 6 465 1
11 17 224 1
17 11 224 1
18 30 564 1
30 18 564 1
42 98 381 1
98 42 381 1
73 102 944 1
102 73 944 1
3 59 922 1
59 3 922 1
18 103 1302 1
103 18 1302 1
11 12 972 1
12 11 972 1
11 61 675 1
61 11 675 1
42 99 482 1
99 42 482 1
45 53 435 1
53 45 435 1
53 86 1248 1
86 53 1248 1
0 91 1266 1
91 0 1266 1
1 16 963 1
16 1 963 1
52 88 542 1
88 52 542 1
1 59 541 1
59 1 541 1
1 101 1148 1
101 1 1148 1
9 60 1369 1
60 9 1369 1
13 92 1402 1
92 13 1402 1
36 110 412 1
110 36 412 1
39 67 776 1
67 39 776 1
56 80 431 1
80 56 431 1
68 86 1151 1
86 68 1151 1
24 49 1432 1
49 24 1432 1
35 60 562 1
60 35 562 1
35 97 412 1
97 35 412 1
41 75 187 1
75 41 187 1
46 49 541 1
49 46 541 1
3 100 1385 1
100 3 1385 1
17 76 648 1
76 17 648 1
32 102 997 1
102 32 997 1
45 105 804 1
105 45 804 1
54 84 309 1
84 54 309 1
70 82 411 1
82 70 411 1
3 61 814 1
61 3 814 1
10 113 1059 1
113 10 1059 1
11 71 374 1
71 11 374 1
25 55 952 1
55 25 952 1
27 52 1228 1
52 27 1228 1
28 83 861 1
83 28 861 1
33 102 1043 1
102 33 1043 1
35 39 531 1
39 35 531 1
72 80 384 1
80 72 384 1
82 91 1133 1
91 82 1133 1
2 25 585 1
25 2 585 1
16 40 399 1
40 16 399 1
19 115 1045 1
115 19 1045 1
26 48 1303 1
48 26 1303 1
76 111 559 1
111 76 559 1
10 101 1302 1
101 10 1302 1
12 74 431 1
74 12 431 1
12 113 1157 1
113 12 1157 1
26 67 1128 1
67 26 1128 1
50 90 473 1
90 50 473 1
64 87 1344 1
87 64 1344 1
2 86 809 1
86 2 809 1
84 87 1148 1
87 84 1148 1
106 109 391 1
109 106 391 1
7 65 934 1
65 7 934 1
12 80 516 1
80 12 516 1
21 25 360 1
25 21 360 1
21 44 1047 1
44 21 1047 1
21 108 562 1
108 21 562 1
29 41 234 1
41 29 234 1
70 74 155 1
74 70 155 1
90 105 516 1
105 90 516 1
7 29 417 1
29 7 417 1
29 31 454 1
31 29 454 1
0 62 386 1
62 0 386 1
5 34 1016 1
34 5 1016 1
9 35 1031 1
35 9 1031 1
57 80 1050 1
80 57 1050 1
94 97 266 1
97 94 266 1
6 60 799 1
60 6 799 1
10 115 915 1
115 10 915 1
27 85 894 1
85 27 894 1
34 84 580 1
84 34 580 1
38 52 654 1
52 38 654 1
46 96 270 1
96 46 270 1
69 105 1158 1
105 69 1158 1
72 101 1016 1
101 72 1016 1
6 103 1362 1
103 6 1362 1
10 80 357 1
80 10 357 1
18 33 288 1
33 18 288 1
24 54 987 1
54 24 987 1
34 44 373 1
44 34 373 1
47 49 380 1
49 47 380 1
66 94 692 1
94 66 692 1
8 22 480 1
22 8 480 1
17 73 298 1
73 17 298 1
41 73 204 1
73 41 204 1
62 83 1241 1
83 62 1241 1
70 75 355 1
75 70 355 1
99 111 265 1
111 99 265 1
7 71 395 1
71 7 395 1
20 34 683 1
34 20 683 1
24 47 1229 1
47 24 1229 1
62 76 527 1
76 62 527 1
84 85 1130 1
85 84 1130 1
105 107 233 1
107 105 233 1
25 54 1008 1
54 25 1008 1
49 93 719 1
93 49 719 1
10 73 783 1
73 10 783 1
22 84 1027 1
84 22 1027 1
35 64 566 1
64 35 566 1
47 87 906 1
87 47 906 1
2 48 1199 1
48 2 1199 1
5 87 460 1
87 5 460 1
37 40 562 1
40 37 562 1
93 113 317 1
113 93 317 1
1 102 1288 1
102 1 1288 1
5 94 896 1
94 5 896 1
11 28 875 1
28 11 875 1
19 91 1171 1
91 19 1171 1
40 63 1007 1
63 40 1007 1
48 96 608 1
96 48 608 1
52 96 418 1
96 52 418 1
109 113 333 1
113 109 333 1
5 96 975 1
96 5 975 1
87 94 753 1
94 87 753 1
92 97 585 1
97 92 585 1
2 103 1363 1
103 2 1363 1
10 82 401 1
82 10 401 1
22 51 1360 1
51 22 1360 1
58 60 266 1
60 58 266 1
7 67 937 1
67 7 937 1
15 61 998 1
61 15 998 1
24 50 1395 1
50 24 1395 1
7 33 515 1
33 7 515 1
7 73 434 1
73 7 434 1
8 70 477 1
70 8 477 1
11 65 770 1
65 11 770 1
25 66 1220 1
66 25 1220 1
29 111 842 1
111 29 842 1
1 106 1164 1
106 1 1164 1
22 50 1336 1
50 22 1336 1
28 112 911 1
112 28 911 1
64 88 675 1
88 64 675 1
10 93 1289 1
93 10 1289 1
20 55 690 1
55 20 690 1
24 53 1427 1
53 24 1427 1
33 80 703 1
80 33 703 1
96 106 277 1
106 96 277 1
3 31 315 1
31 3 315 1
11 80 1102 1
80 11 1102 1
44 85 817 1
85 44 817 1
85 97 439 1
97 85 439 1
32 81 728 1
81 32 728 1
38 84 429 1
84 38 429 1
54 67 776 1
67 54 776 1
56 83 1181 1
83 56 1181 1
1 19 351 1
19 1 351 1
8 91 1373 1
91 8 1373 1
11 15 385 1
15 11 385 1
49 91 630 1
91 49 630 1
55 99 216 1
99 55 216 1
63 78 1033 1
78 63 1033 1
72 102 769 1
102 72 769 1
0 82 741 1
82 0 741 1
2 70 412 1
70 2 412 1
28 82 255 1
82 28 255 1
35 85 553 1
85 35 553 1
44 110 439 1
110 44 439 1
52 99 661 1
99 52 661 1
65 71 835 1
71 65 835 1
0 103 1292 1
103 0 1292 1
8 64 1208 1
64 8 1208 1
54 87 939 1
87 54 939 1
2 18 379 1
18 2 379 1
2 22 228 1
22 2 228 1
3 9 596 1
9 3 596 1
18 83 953 1
83 18 953 1
28 102 802 1
102 28 802 1
63 102 1192 1
102 63 1192 1
0 58 565 1
58 0 565 1
13 80 1155 1
80 13 1155 1
24 26 201 1
26 24 201 1
25 51 1371 1
51 25 1371 1
26 64 1183 1
64 26 1183 1
33 74 480 1
74 33 480 1
33 115 808 1
115 33 808 1
44 96 580 1
96 44 580 1
45 52 615 1
52 45 615 1
52 98 272 1
98 52 272 1
67 92 922 1
92 67 922 1
21 67 905 1
67 21 905 1
29 114 809 1
114 29 809 1
30 75 454 1
75 30 454 1
40 111 707 1
111 40 707 1
44 97 631 1
97 44 631 1
107 114 333 1
114 107 333 1
20 48 1072 1
48 20 1072 1
37 65 654 1
65 37 654 1
60 79 1000 1
79 60 1000 1
65 87 1028 1
87 65 1028 1
68 82 1040 1
82 68 1040 1
86 102 712 1
102 86 712 1
0 81 1076 1
81 0 1076 1
5 54 1015 1
54 5 1015 1
13 72 796 1
72 13 796 1
36 39 517 1
39 36 517 1
39 95 233 1
95 39 233 1
41 71 317 1
71 41 317 1
46 110 220 1
110 46 220 1
53 84 1054 1
84 53 1054 1
56 60 232 1
60 56 232 1
62 113 914 1
113 62 914 1
0 111 985 1
111 0 985 1
2 59 1058 1
59 2 1058 1
10 33 638 1
33 10 638 1
18 31 574 1
31 18 574 1
26 44 1256 1
44 26 1256 1
49 55 664 1
55 49 664 1
74 79 666 1
79 74 666 1
91 112 368 1
112 91 368 1
27 35 871 1
35 27 871 1
31 32 596 1
32 31 596 1
41 114 639 1
114 41 639 1
48 95 746 1
95 48 746 1
68 88 1023 1
88 68 1023 1
68 102 1226 1
102 68 1226 1
8 13 868 1
13 8 868 1
8 30 385 1
30 8 385 1
20 39 459 1
39 20 459 1
20 53 1075 1
53 20 1075 1
25 26 225 1
26 25 225 1
30 83 641 1
83 30 641 1
51 66 580 1
66 51 580 1
5 66 1239 1
66 5 1239 1
29 56 983 1
56 29 983 1
53 95 553 1
95 53 553 1
71 72 402 1
72 71 402 1
72 112 844 1
112 72 844 1
103 113 295 1
113 103 295 1
12 41 846 1
41 12 846 1
44 104 796 1
104 44 796 1
48 110 500 1
110 48 500 1
82 83 881 1
83 82 881 1
10 70 382 1
70 10 382 1
13 16 1048 1
16 13 1048 1
16 32 504 1
32 16 504 1
44 84 739 1
84 44 739 1
55 108 332 1
108 55 332 1
63 72 944 1
72 63 944 1
75 100 924 1
100 75 924 1
83 102 1059 1
102 83 1059 1
93 111 397 1
111 93 397 1
12 60 825 1
60 12 825 1
18 93 1308 1
93 18 1308 1
22 86 800 1
86 22 800 1
27 37 597 1
37 27 597 1
46 104 454 1
104 46 454 1
47 88 790 1
88 47 790 1
49 113 706 1
113 49 706 1
50 58 486 1
58 50 486 1
67 88 939 1
88 67 939 1
11 31 475 1
31 11 475 1
13 73 358 1
73 13 358 1
24 30 283 1
30 24 283 1
24 96 985 1
96 24 985 1
67 110 507 1
110 67 507 1
2 30 317 1
30 2 317 1
2 58 959 1
58 2 959 1
22 27 524 1
27 22 524 1
55 97 173 1
97 55 173 1
61 79 487 1
79 61 487 1
95 99 272 1
99 95 272 1
107 113 400 1
113 107 400 1
18 73 675 1
73 18 675 1
38 55 598 1
55 38 598 1
50 53 744 1
53 50 744 1
57 73 601 1
73 57 601 1
67 85 682 1
85 67 682 1
15 73 336 1
73 15 336 1
36 81 848 1
81 36 848 1
47 90 580 1
90 47 580 1
48 104 822 1
104 48 822 1
1 10 979 1
10 1 979 1
17 32 646 1
32 17 646 1
19 103 1259 1
103 19 1259 1
22 88 1044 1
88 22 1044 1
28 71 506 1
71 28 506 1
74 111 713 1
111 74 713 1
97 99 180 1
99 97 180 1
1 80 1054 1
80 1 1054 1
14 51 1362 1
51 14 1362 1
29 60 1067 1
60 29 1067 1
49 58 594 1
58 49 594 1
9 67 1237 1
67 9 1237 1
10 112 1075 1
112 10 1075 1
13 74 757 1
74 13 757 1
26 46 1059 1
46 26 1059 1
7 9 490 1
9 7 490 1
7 62 1148 1
62 7 1148 1
17 75 351 1
75 17 351 1
54 86 568 1
86 54 568 1
99 109 321 1
109 99 321 1
6 92 1291 1
92 6 1291 1
7 75 499 1
75 7 499 1
11 37 515 1
37 11 515 1
14 58 1155 1
58 14 1155 1
27 65 1171 1
65 27 1171 1
80 101 1111 1
101 80 1111 1
91 103 258 1
103 91 258 1
94 98 264 1
98 94 264 1
17 18 752 1
18 17 752 1
48 69 703 1
69 48 703 1
49 99 587 1
99 49 587 1
15 71 394 1
71 15 394 1
21 37 403 1
37 21 403 1
21 50 1091 1
50 21 1091 1
4 44 1341 1
44 4 1341 1
4 64 1218 1
64 4 1218 1
10 75 732 1
75 10 732 1
11 92 1324 1
92 11 1324 1
13 40 857 1
40 13 857 1
36 79 738 1
79 36 738 1
38 95 382 1
95 38 382 1
51 82 1285 1
82 51 1285 1
54 108 319 1
108 54 319 1
88 97 687 1
97 88 687 1
25 87 575 1
87 25 575 1
36 44 727 1
44 36 727 1
46 112 262 1
112 46 262 1
56 58 427 1
58 56 427 1
62 73 961 1
73 62 961 1
62 103 1159 1
103 62 1159 1
99 112 272 1
112 99 272 1
0 79 944 1
79 0 944 1
5 15 278 1
15 5 278 1
5 38 756 1
38 5 756 1
6 65 1218 1
65 6 1218 1
46 99 446 1
99 46 446 1
21 64 1051 1
64 21 1051 1
36 112 594 1
112 36 594 1
112 115 269 1
115 112 269 1
17 60 1082 1
60 17 1082 1
38 48 841 1
48 38 841 1
91 102 669 1
102 91 669 1
91 105 371 1
105 91 371 1
108 111 286 1
111 108 286 1
14 22 562 1
22 14 562 1
14 84 681 1
84 14 681 1
33 77 332 1
77 33 332 1
34 48 431 1
48 34 431 1
55 91 297 1
91 55 297 1
55 94 428 1
94 55 428 1
0 93 1314 1
93 0 1314 1
11 16 1004 1
16 11 1004 1
14 93 1238 1
93 14 1238 1
27 69 1092 1
69 27 1092 1
53 58 934 1
58 53 934 1
1 76 689 1
76 1 689 1
4 26 161 1
26 4 161 1
8 65 1425 1
65 8 1425 1
25 37 745 1
37 25 745 1
38 104 427 1
104 38 427 1
55 89 213 1
89 55 213 1
69 93 1169 1
93 69 1169 1
70 91 1000 1
91 70 1000 1
4 53 1405 1
53 4 1405 1
14 48 1233 1
48 14 1233 1
23 25 373 1
25 23 373 1
41 74 484 1
74 41 484 1
74 109 457 1
109 74 457 1
2 55 1100 1
55 2 1100 1
10 56 466 1
56 10 466 1
19 56 574 1
56 19 574 1
21 89 648 1
89 21 648 1
32 100 1015 1
100 32 1015 1
35 61 480 1
61 35 480 1
41 79 379 1
79 41 379 1
56 76 519 1
76 56 519 1
71 83 425 1
83 71 425 1
0 57 825 1
57 0 825 1
33 59 579 1
59 33 579 1
57 86 1231 1
86 57 1231 1
58 101 1214 1
101 58 1214 1
14 50 1150 1
50 14 1150 1
30 82 534 1
82 30 534 1
46 90 324 1
90 46 324 1
57 62 1000 1
62 57 1000 1
5 85 946 1
85 5 946 1
10 11 986 1
11 10 986 1
20 45 1046 1
45 20 1046 1
29 32 631 1
32 29 631 1
71 115 724 1
115 71 724 1
8 31 485 1
31 8 485 1
53 105 581 1
105 53 581 1
98 112 277 1
112 98 277 1
99 107 302 1
107 99 302 1
2 105 1253 1
105 2 1253 1
16 103 1073 1
103 16 1073 1
27 48 1308 1
48 27 1308 1
34 108 452 1
108 34 452 1
39 55 254 1
55 39 254 1
46 51 585 1
51 46 585 1
69 88 1077 1
88 69 1077 1
74 75 389 1
75 74 389 1
4 67 1210 1
67 4 1210 1
19 72 678 1
72 19 678 1
42 112 333 1
112 42 333 1
99 104 430 1
104 99 430 1
0 32 356 1
32 0 356 1
7 15 461 1
15 7 461 1
13 62 1248 1
62 13 1248 1
19 62 792 1
62 19 792 1
24 95 910 1
95 24 910 1
25 71 434 1
71 25 434 1
35 41 612 1
41 35 612 1
43 104 661 1
104 43 661 1
51 69 746 1
69 51 746 1
3 71 399 1
71 3 399 1
3 85 893 1
85 3 893 1
17 61 534 1
61 17 534 1
19 58 678 1
58 19 678 1
36 37 542 1
37 36 542 1
55 96 492 1
96 55 492 1
73 109 538 1
109 73 538 1
82 102 762 1
102 82 762 1
34 52 574 1
52 34 574 1
38 44 815 1
44 38 815 1
49 114 742 1
114 49 742 1
77 96 456 1
96 77 456 1
98 109 329 1
109 98 329 1
21 42 978 1
42 21 978 1
22 87 870 1
87 22 870 1
27 43 1124 1
43 27 1124 1
27 45 1240 1
45 27 1240 1
33 78 590 1
78 33 590 1
41 113 720 1
113 41 720 1
68 107 1166 1
107 68 1166 1
108 109 87 1
109 108 87 1
52 86 965 1
86 52 965 1
56 86 911 1
86 56 911 1
13 81 530 1
81 13 530 1
25 48 1425 1
48 25 1425 1
26 39 604 1
39 26 604 1
68 103 1277 1
103 68 1277 1
78 98 547 1
98 78 547 1
111 114 232 1
114 111 232 1
7 8 828 1
8 7 828 1
14 25 491 1
25 14 491 1
18 57 564 1
57 18 564 1
18 81 878 1
81 18 878 1
19 70 573 1
70 19 573 1
22 55 1091 1
55 22 1091 1
37 41 217 1
41 37 217 1
39 47 551 1
47 39 551 1
44 64 436 1
64 44 436 1
48 88 830 1
88 48 830 1
75 79 318 1
79 75 318 1
76 102 684 1
102 76 684 1
79 101 758 1
101 79 758 1
114 115 96 1
115 114 96 1
2 90 1252 1
90 2 1252 1
3 90 1350 1
90 3 1350 1
47 84 791 1
84 47 791 1
79 102 994 1
102 79 994 1
95 115 205 1
115 95 205 1
15 41 349 1
41 15 349 1
30 73 455 1
73 30 455 1
84 110 598 1
110 84 598 1
89 105 535 1
105 89 535 1
1 81 501 1
81 1 501 1
14 88 613 1
88 14 613 1
25 70 480 1
70 25 480 1
51 95 646 1
95 51 646 1
67 87 1092 1
87 67 1092 1
9 37 724 1
37 9 724 1
12 79 1029 1
79 12 1029 1
12 109 879 1
109 12 879 1
42 54 525 1
54 42 525 1
42 104 603 1
104 42 603 1
48 84 706 1
84 48 706 1
64 97 835 1
97 64 835 1
93 102 600 1
102 93 600 1
10 63 1159 1
63 10 1159 1
13 79 476 1
79 13 476 1
31 77 552 1
77 31 552 1
33 68 378 1
68 33 378 1
34 39 610 1
39 34 610 1
51 55 568 1
55 51 568 1
75 111 718 1
111 75 718 1
98 108 315 1
108 98 315 1
9 89 869 1
89 9 869 1
21 43 915 1
43 21 915 1
24 27 252 1
27 24 252 1
32 73 550 1
73 32 550 1
36 84 341 1
84 36 341 1
4 52 1272 1
52 4 1272 1
12 93 1368 1
93 12 1368 1
24 94 920 1
94 24 920 1
28 78 272 1
78 28 272 1
75 108 484 1
108 75 484 1
0 70 525 1
70 0 525 1
5 50 1417 1
50 5 1417 1
12 57 1101 1
57 12 1101 1
18 115 1061 1
115 18 1061 1
25 34 1006 1
34 25 1006 1
30 55 903 1
55 30 903 1
102 112 391 1
112 102 391 1
6 107 1177 1
107 6 1177 1
13 28 892 1
28 13 892 1
29 113 879 1
113 29 879 1
31 70 334 1
70 31 334 1
32 40 629 1
40 32 629 1
53 91 265 1
91 53 265 1
69 101 1234 1
101 69 1234 1
77 115 503 1
115 77 503 1
104 110 417 1
110 104 417 1
32 74 456 1
74 32 456 1
35 94 438 1
94 35 438 1
53 93 353 1
93 53 353 1
3 35 775 1
35 3 775 1
5 90 1279 1
90 5 1279 1
11 79 342 1
79 11 342 1
15 74 683 1
74 15 683 1
23 27 506 1
27 23 506 1
25 108 916 1
108 25 916 1
30 71 303 1
71 30 303 1
36 111 534 1
111 36 534 1
66 105 960 1
105 66 960 1
15 29 295 1
29 15 295 1
36 75 517 1
75 36 517 1
44 112 534 1
112 44 534 1
46 97 424 1
97 46 424 1
3 87 809 1
87 3 809 1
7 23 337 1
23 7 337 1
11 111 1023 1
111 11 1023 1
16 83 1029 1
83 16 1029 1
17 100 1170 1
100 17 1170 1
41 81 452 1
81 41 452 1
70 93 1035 1
93 70 1035 1
81 101 734 1
101 81 734 1
92 100 157 1
100 92 157 1
100 103 576 1
103 100 576 1
0 48 847 1
48 0 847 1
2 93 1417 1
93 2 1417 1
6 68 723 1
68 6 723 1
17 107 678 1
107 17 678 1
18 68 315 1
68 18 315 1
19 111 1024 1
111 19 1024 1
21 45 1031 1
45 21 1031 1
27 98 999 1
98 27 999 1
69 86 1203 1
86 69 1203 1
70 76 285 1
76 70 285 1
0 44 847 1
44 0 847 1
57 78 938 1
78 57 938 1
1 56 851 1
56 1 851 1
3 27 634 1
27 3 634 1
13 33 629 1
33 13 629 1
17 113 917 1
113 17 917 1
20 98 764 1
98 20 764 1
22 30 218 1
30 22 218 1
48 93 850 1
93 48 850 1
57 69 378 1
69 57 378 1
104 112 332 1
112 104 332 1
113 115 188 1
115 113 188 1
3 106 1162 1
106 3 1162 1
4 42 1278 1
42 4 1278 1
5 22 506 1
22 5 506 1
10 53 1310 1
53 10 1310 1
29 109 610 1
109 29 610 1
34 67 275 1
67 34 275 1
38 42 697 1
42 38 697 1
40 57 982 1
57 40 982 1
43 51 245 1
51 43 245 1
48 105 862 1
105 48 862 1
49 112 609 1
112 49 609 1
58 88 918 1
88 58 918 1
76 101 848 1
101 76 848 1
80 103 1029 1
103 80 1029 1
11 41 473 1
41 11 473 1
37 67 679 1
67 37 679 1
22 26 505 1
26 22 505 1
22 93 1426 1
93 22 1426 1
29 61 711 1
61 29 711 1
40 61 1067 1
61 40 1067 1
43 112 376 1
112 43 376 1
69 89 1015 1
89 69 1015 1
90 92 135 1
92 90 135 1
2 89 1170 1
89 2 1170 1
11 109 804 1
109 11 804 1
21 35 666 1
35 21 666 1
2 68 671 1
68 2 671 1
20 95 541 1
95 20 541 1
47 104 532 1
104 47 532 1
52 84 487 1
84 52 487 1
57 58 735 1
58 57 735 1
99 113 264 1
113 99 264 1
1 78 939 1
78 1 939 1
8 12 346 1
12 8 346 1
16 73 769 1
73 16 769 1
50 97 711 1
97 50 711 1
53 113 487 1
113 53 487 1
57 75 616 1
75 57 616 1
61 80 1112 1
80 61 1112 1
72 78 300 1
78 72 300 1
4 58 1292 1
58 4 1292 1
12 36 597 1
36 12 597 1
17 56 1024 1
56 17 1024 1
20 82 329 1
82 20 329 1
23 31 199 1
31 23 199 1
24 44 1385 1
44 24 1385 1
27 86 519 1
86 27 519 1
76 112 647 1
112 76 647 1
5 92 1324 1
92 5 1324 1
8 72 485 1
72 8 485 1
18 74 626 1
74 18 626 1
19 81 772 1
81 19 772 1
19 99 1048 1
99 19 1048 1
74 102 729 1
102 74 729 1
84 96 441 1
96 84 441 1
7 77 619 1
77 7 619 1
12 62 664 1
62 12 664 1
24 105 1115 1
105 24 1115 1
40 113 703 1
113 40 703 1
71 100 1020 1
100 71 1020 1
76 113 641 1
113 76 641 1
4 82 403 1
82 4 403 1
5 110 1022 1
110 5 1022 1
20 86 362 1
86 20 362 1
35 89 648 1
89 35 648 1
36 94 246 1
94 36 246 1
37 114 513 1
114 37 513 1
45 110 453 1
110 45 453 1
49 95 692 1
95 49 692 1
50 85 1013 1
85 50 1013 1
52 110 456 1
110 52 456 1
82 93 1124 1
93 82 1124 1
85 88 1097 1
88 85 1097 1
4 46 1152 1
46 4 1152 1
9 61 1165 1
61 9 1165 1
24 45 1393 1
45 24 1393 1
29 78 851 1
78 29 851 1
37 71 401 1
71 37 401 1
38 46 544 1
46 38 544 1
