116 2668
48 49 410 1
49 48 410 1
42 43 239 1
43 42 239 1
49 51 172 1
51 49 172 1
91 93 118 1
93 91 118 1
103 105 173 1
105 103 173 1
30 31 127 1
31 30 127 1
35 67 262 1
67 35 262 1
4 8 148 1
8 4 148 1
29 81 342 1
81 29 342 1
80 81 1113 1
81 80 1113 1
84 85 1130 1
85 84 1130 1
43 47 146 1
47 43 146 1
26 27 135 1
27 26 135 1
8 9 638 1
9 8 638 1
22 23 140 1
23 22 140 1
5 9 157 1
9 5 157 1
44 45 194 1
45 44 194 1
29 72 629 1
72 29 629 1
48 51 548 1
51 48 548 1
4 9 500 1
9 4 500 1
44 49 304 1
49 44 304 1
42 47 281 1
47 42 281 1
62 80 268 1
80 62 268 1
5 27 165 1
27 5 165 1
62 63 1134 1
63 62 1134 1
28 83 861 1
83 28 861 1
44 48 114 1
48 44 114 1
32 72 471 1
72 32 471 1
41 79 379 1
79 41 379 1
5 8 493 1
8 5 493 1
73 74 458 1
74 73 458 1
2 6 165 1
6 2 165 1
46 47 309 1
47 46 309 1
74 76 203 1
76 74 203 1
11 13 168 1
13 11 168 1
45 67 282 1
67 45 282 1
105 107 233 1
107 105 233 1
17 81 182 1
81 17 182 1
28 72 116 1
72 28 116 1
12 13 959 1
13 12 959 1
4 5 350 1
5 4 350 1
42 49 396 1
49 42 396 1
16 80 152 1
80 16 152 1
80 83 1100 1
83 80 1100 1
24 25 135 1
25 24 135 1
4 27 279 1
27 4 279 1
29 83 227 1
83 29 227 1
17 29 223 1
29 17 223 1
28 29 741 1
29 28 741 1
15 28 819 1
28 15 819 1
70 71 263 1
71 70 263 1
104 105 204 1
105 104 204 1
38 41 513 1
41 38 513 1
42 46 173 1
46 42 173 1
29 32 631 1
32 29 631 1
22 50 1336 1
50 22 1336 1
29 80 961 1
80 29 961 1
56 57 840 1
57 56 840 1
43 44 290 1
44 43 290 1
73 81 406 1
81 73 406 1
22 24 386 1
24 22 386 1
72 80 384 1
80 72 384 1
36 74 242 1
74 36 242 1
42 48 243 1
48 42 243 1
23 85 1053 1
85 23 1053 1
76 77 238 1
77 76 238 1
41 73 204 1
73 41 204 1
2 27 659 1
27 2 659 1
15 83 194 1
83 15 194 1
17 63 324 1
63 17 324 1
85 89 220 1
89 85 220 1
17 73 298 1
73 17 298 1
3 23 271 1
23 3 271 1
63 75 591 1
75 63 591 1
41 97 446 1
97 41 446 1
41 80 868 1
80 41 868 1
43 46 341 1
46 43 341 1
28 80 329 1
80 28 329 1
29 62 1067 1
62 29 1067 1
81 83 446 1
83 81 446 1
103 104 369 1
104 103 369 1
72 81 860 1
81 72 860 1
41 81 452 1
81 41 452 1
10 12 181 1
12 10 181 1
43 48 391 1
48 43 391 1
46 55 584 1
55 46 584 1
23 31 199 1
31 23 199 1
72 74 76 1
74 72 76 1
79 81 136 1
81 79 136 1
19 68 313 1
68 19 313 1
47 55 367 1
55 47 367 1
73 75 84 1
75 73 84 1
0 56 174 1
56 0 174 1
41 83 252 1
83 41 252 1
14 15 772 1
15 14 772 1
73 76 450 1
76 73 450 1
94 96 89 1
96 94 89 1
63 81 293 1
81 63 293 1
99 111 265 1
111 99 265 1
13 15 277 1
15 13 277 1
42 44 208 1
44 42 208 1
41 95 382 1
95 41 382 1
34 35 126 1
35 34 126 1
43 49 240 1
49 43 240 1
84 87 1148 1
87 84 1148 1
16 62 313 1
62 16 313 1
32 80 590 1
80 32 590 1
75 77 210 1
77 75 210 1
14 28 286 1
28 14 286 1
64 65 897 1
65 64 897 1
72 83 754 1
83 72 754 1
24 50 1395 1
50 24 1395 1
51 53 271 1
53 51 271 1
2 26 618 1
26 2 618 1
52 53 746 1
53 52 746 1
12 16 384 1
16 12 384 1
24 26 201 1
26 24 201 1
17 80 1070 1
80 17 1070 1
36 76 232 1
76 36 232 1
63 77 536 1
77 63 536 1
20 21 185 1
21 20 185 1
63 80 1146 1
80 63 1146 1
2 4 569 1
4 2 569 1
41 74 484 1
74 41 484 1
16 72 287 1
72 16 287 1
36 81 848 1
81 36 848 1
63 83 697 1
83 63 697 1
82 96 637 1
96 82 637 1
105 114 152 1
114 105 152 1
95 97 97 1
97 95 97 1
38 95 382 1
95 38 382 1
11 15 385 1
15 11 385 1
66 67 177 1
67 66 177 1
34 67 275 1
67 34 275 1
29 73 113 1
73 29 113 1
51 52 786 1
52 51 786 1
23 25 373 1
25 23 373 1
33 35 375 1
35 33 375 1
94 107 417 1
107 94 417 1
104 114 171 1
114 104 171 1
2 5 685 1
5 2 685 1
72 73 517 1
73 72 517 1
32 81 728 1
81 32 728 1
17 41 414 1
41 17 414 1
16 17 998 1
17 16 998 1
73 80 850 1
80 73 850 1
49 50 585 1
50 49 585 1
74 81 792 1
81 74 792 1
63 73 569 1
73 63 569 1
94 105 354 1
105 94 354 1
85 87 616 1
87 85 616 1
21 107 601 1
107 21 601 1
63 69 603 1
69 63 603 1
92 98 220 1
98 92 220 1
41 72 550 1
72 41 550 1
82 84 544 1
84 82 544 1
98 99 479 1
99 98 479 1
45 49 111 1
49 45 111 1
17 62 1129 1
62 17 1129 1
82 86 143 1
86 82 143 1
18 19 147 1
19 18 147 1
41 63 682 1
63 41 682 1
8 27 425 1
27 8 425 1
28 81 975 1
81 28 975 1
43 45 199 1
45 43 199 1
22 85 1113 1
85 22 1113 1
29 63 531 1
63 29 531 1
73 79 296 1
79 73 296 1
17 79 135 1
79 17 135 1
47 110 210 1
110 47 210 1
32 73 550 1
73 32 550 1
108 114 218 1
114 108 218 1
4 26 161 1
26 4 161 1
11 39 572 1
39 11 572 1
25 31 272 1
31 25 272 1
29 36 705 1
36 29 705 1
5 26 263 1
26 5 263 1
32 83 847 1
83 32 847 1
45 48 304 1
48 45 304 1
55 98 606 1
98 55 606 1
3 7 185 1
7 3 185 1
55 110 380 1
110 55 380 1
19 61 611 1
61 19 611 1
50 86 1077 1
86 50 1077 1
9 58 1436 1
58 9 1436 1
44 51 440 1
51 44 440 1
78 81 1002 1
81 78 1002 1
7 19 519 1
19 7 519 1
29 78 851 1
78 29 851 1
4 66 1205 1
66 4 1205 1
74 75 389 1
75 74 389 1
41 62 1018 1
62 41 1018 1
59 61 271 1
61 59 271 1
54 86 568 1
86 54 568 1
91 101 197 1
101 91 197 1
17 32 646 1
32 17 646 1
17 57 439 1
57 17 439 1
17 74 721 1
74 17 721 1
29 79 257 1
79 29 257 1
36 37 542 1
37 36 542 1
48 50 202 1
50 48 202 1
12 62 664 1
62 12 664 1
46 49 541 1
49 46 541 1
46 110 220 1
110 46 220 1
86 112 947 1
112 86 947 1
15 29 295 1
29 15 295 1
21 94 569 1
94 21 569 1
36 41 570 1
41 36 570 1
62 81 1169 1
81 62 1169 1
62 83 1241 1
83 62 1241 1
35 45 385 1
45 35 385 1
68 97 933 1
97 68 933 1
99 112 272 1
112 99 272 1
9 27 309 1
27 9 309 1
34 66 268 1
66 34 268 1
45 66 369 1
66 45 369 1
36 63 945 1
63 36 945 1
41 75 187 1
75 41 187 1
73 77 274 1
77 73 274 1
35 108 425 1
108 35 425 1
60 61 893 1
61 60 893 1
60 62 241 1
62 60 241 1
10 14 380 1
14 10 380 1
59 103 1115 1
103 59 1115 1
19 69 323 1
69 19 323 1
36 73 600 1
73 36 600 1
61 65 175 1
65 61 175 1
11 83 383 1
83 11 383 1
42 112 333 1
112 42 333 1
29 41 234 1
41 29 234 1
42 111 258 1
111 42 258 1
17 72 781 1
72 17 781 1
36 72 276 1
72 36 276 1
46 98 212 1
98 46 212 1
65 67 361 1
67 65 361 1
13 62 1248 1
62 13 1248 1
68 69 164 1
69 68 164 1
93 101 103 1
101 93 103 1
26 50 1256 1
50 26 1256 1
90 92 135 1
92 90 135 1
99 102 560 1
102 99 560 1
2 34 808 1
34 2 808 1
22 30 218 1
30 22 218 1
61 63 238 1
63 61 238 1
61 103 1017 1
103 61 1017 1
16 29 882 1
29 16 882 1
28 32 528 1
32 28 528 1
14 84 681 1
84 14 681 1
32 74 456 1
74 32 456 1
46 86 899 1
86 46 899 1
13 75 440 1
75 13 440 1
32 79 600 1
79 32 600 1
33 110 636 1
110 33 636 1
38 79 739 1
79 38 739 1
43 55 485 1
55 43 485 1
75 81 434 1
81 75 434 1
36 80 330 1
80 36 330 1
73 83 298 1
83 73 298 1
16 41 813 1
41 16 813 1
60 65 898 1
65 60 898 1
22 31 234 1
31 22 234 1
9 48 1507 1
48 9 1507 1
82 83 881 1
83 82 881 1
111 112 111 1
112 111 111 1
21 105 742 1
105 21 742 1
29 74 571 1
74 29 571 1
44 66 318 1
66 44 318 1
29 75 189 1
75 29 189 1
26 34 907 1
34 26 907 1
42 55 629 1
55 42 629 1
79 95 480 1
95 79 480 1
96 97 322 1
97 96 322 1
11 63 488 1
63 11 488 1
46 51 585 1
51 46 585 1
75 76 374 1
76 75 374 1
16 28 220 1
28 16 220 1
22 86 800 1
86 22 800 1
24 30 283 1
30 24 283 1
74 79 666 1
79 74 666 1
94 97 266 1
97 94 266 1
103 107 239 1
107 103 239 1
34 64 445 1
64 34 445 1
76 78 312 1
78 76 312 1
16 37 809 1
37 16 809 1
48 112 575 1
112 48 575 1
37 72 595 1
72 37 595 1
58 59 496 1
59 58 496 1
3 85 893 1
85 3 893 1
13 41 490 1
41 13 490 1
72 79 733 1
79 72 733 1
79 80 991 1
80 79 991 1
80 97 779 1
97 80 779 1
10 11 986 1
11 10 986 1
105 110 411 1
110 105 411 1
110 115 264 1
115 110 264 1
50 51 698 1
51 50 698 1
19 33 238 1
33 19 238 1
24 48 1432 1
48 24 1432 1
28 36 321 1
36 28 321 1
32 41 693 1
41 32 693 1
98 102 260 1
102 98 260 1
10 13 1004 1
13 10 1004 1
82 87 849 1
87 82 849 1
75 79 318 1
79 75 318 1
77 83 539 1
83 77 539 1
113 114 95 1
114 113 95 1
92 93 608 1
93 92 608 1
4 35 987 1
35 4 987 1
43 51 245 1
51 43 245 1
72 76 257 1
76 72 257 1
10 15 968 1
15 10 968 1
39 84 850 1
84 39 850 1
42 51 463 1
51 42 463 1
58 60 266 1
60 58 266 1
84 86 610 1
86 84 610 1
18 63 774 1
63 18 774 1
37 74 520 1
74 37 520 1
104 108 301 1
108 104 301 1
17 75 351 1
75 17 351 1
36 75 517 1
75 36 517 1
83 97 654 1
97 83 654 1
98 111 265 1
111 98 265 1
22 89 1126 1
89 22 1126 1
46 112 262 1
112 46 262 1
47 49 380 1
49 47 380 1
49 55 664 1
55 49 664 1
59 105 1100 1
105 59 1100 1
47 48 490 1
48 47 490 1
49 112 609 1
112 49 609 1
9 66 1299 1
66 9 1299 1
16 81 1063 1
81 16 1063 1
47 53 268 1
53 47 268 1
104 107 401 1
107 104 401 1
36 79 738 1
79 36 738 1
74 77 362 1
77 74 362 1
5 66 1239 1
66 5 1239 1
5 45 1343 1
45 5 1343 1
9 49 1399 1
49 9 1399 1
43 112 376 1
112 43 376 1
18 73 675 1
73 18 675 1
28 41 661 1
41 28 661 1
36 62 525 1
62 36 525 1
55 96 492 1
96 55 492 1
100 102 87 1
102 100 87 1
12 15 906 1
15 12 906 1
99 100 610 1
100 99 610 1
13 63 653 1
63 13 653 1
15 19 867 1
19 15 867 1
23 24 403 1
24 23 403 1
92 102 211 1
102 92 211 1
17 56 1024 1
56 17 1024 1
18 29 740 1
29 18 740 1
22 25 402 1
25 22 402 1
9 59 1335 1
59 9 1335 1
16 79 934 1
79 16 934 1
41 77 345 1
77 41 345 1
32 76 341 1
76 32 341 1
62 79 1049 1
79 62 1049 1
77 106 633 1
106 77 633 1
12 28 275 1
28 12 275 1
41 68 978 1
68 41 978 1
11 62 1169 1
62 11 1169 1
64 108 748 1
108 64 748 1
43 66 481 1
66 43 481 1
25 97 955 1
97 25 955 1
78 110 569 1
110 78 569 1
82 85 1121 1
85 82 1121 1
62 71 867 1
71 62 867 1
13 17 364 1
17 13 364 1
46 48 368 1
48 46 368 1
50 85 1013 1
85 50 1013 1
62 73 961 1
73 62 961 1
36 78 263 1
78 36 263 1
13 71 401 1
71 13 401 1
35 114 586 1
114 35 586 1
42 99 482 1
99 42 482 1
7 69 790 1
69 7 790 1
27 34 903 1
34 27 903 1
93 102 600 1
102 93 600 1
103 114 282 1
114 103 282 1
5 24 252 1
24 5 252 1
15 72 724 1
72 15 724 1
7 13 237 1
13 7 237 1
19 29 673 1
29 19 673 1
28 62 527 1
62 28 527 1
47 51 339 1
51 47 339 1
51 112 579 1
112 51 579 1
63 74 885 1
74 63 885 1
17 36 828 1
36 17 828 1
32 62 548 1
62 32 548 1
3 92 1420 1
92 3 1420 1
6 33 588 1
33 6 588 1
15 36 848 1
36 15 848 1
15 63 805 1
63 15 805 1
35 66 331 1
66 35 331 1
69 106 1139 1
106 69 1139 1
86 87 805 1
87 86 805 1
2 9 760 1
9 2 760 1
14 83 858 1
83 14 858 1
20 79 665 1
79 20 665 1
22 26 505 1
26 22 505 1
25 30 292 1
30 25 292 1
25 41 554 1
41 25 554 1
32 63 656 1
63 32 656 1
48 55 832 1
55 48 832 1
62 72 566 1
72 62 566 1
90 98 163 1
98 90 163 1
8 58 1298 1
58 8 1298 1
11 36 890 1
36 11 890 1
42 50 271 1
50 42 271 1
32 68 304 1
68 32 304 1
35 104 705 1
104 35 705 1
51 55 568 1
55 51 568 1
83 85 549 1
85 83 549 1
11 23 552 1
23 11 552 1
14 23 650 1
23 14 650 1
17 37 368 1
37 17 368 1
42 45 300 1
45 42 300 1
114 115 96 1
115 114 96 1
76 81 691 1
81 76 691 1
83 84 1154 1
84 83 1154 1
85 88 1097 1
88 85 1097 1
37 40 562 1
40 37 562 1
93 99 208 1
99 93 208 1
109 110 135 1
110 109 135 1
13 38 919 1
38 13 919 1
23 89 1070 1
89 23 1070 1
24 86 569 1
86 24 569 1
33 105 952 1
105 33 952 1
38 97 469 1
97 38 469 1
61 69 456 1
69 61 456 1
87 96 843 1
96 87 843 1
93 112 343 1
112 93 343 1
52 98 272 1
98 52 272 1
33 59 579 1
59 33 579 1
93 111 397 1
111 93 397 1
1 57 172 1
57 1 172 1
43 110 298 1
110 43 298 1
32 97 697 1
97 32 697 1
98 100 250 1
100 98 250 1
23 88 1119 1
88 23 1119 1
54 64 608 1
64 54 608 1
54 112 454 1
112 54 454 1
4 45 1366 1
45 4 1366 1
12 14 278 1
14 12 278 1
12 29 886 1
29 12 886 1
62 75 893 1
75 62 893 1
71 75 163 1
75 71 163 1
102 111 440 1
111 102 440 1
105 108 296 1
108 105 296 1
19 80 851 1
80 19 851 1
59 60 718 1
60 59 718 1
62 97 881 1
97 62 881 1
34 108 452 1
108 34 452 1
51 104 868 1
104 51 868 1
74 80 415 1
80 74 415 1
17 68 840 1
68 17 840 1
17 83 381 1
83 17 381 1
23 30 259 1
30 23 259 1
35 44 409 1
44 35 409 1
58 61 717 1
61 58 717 1
88 89 1035 1
89 88 1035 1
11 41 473 1
41 11 473 1
22 88 1044 1
88 22 1044 1
90 110 460 1
110 90 460 1
94 114 259 1
114 94 259 1
0 29 925 1
29 0 925 1
3 22 347 1
22 3 347 1
3 26 678 1
26 3 678 1
34 43 397 1
43 34 397 1
63 76 747 1
76 63 747 1
33 103 1025 1
103 33 1025 1
54 93 721 1
93 54 721 1
82 97 814 1
97 82 814 1
3 89 961 1
89 3 961 1
4 48 1379 1
48 4 1379 1
15 80 1098 1
80 15 1098 1
25 38 749 1
38 25 749 1
42 86 1057 1
86 42 1057 1
50 89 1065 1
89 50 1065 1
24 31 318 1
31 24 318 1
31 71 265 1
71 31 265 1
68 80 778 1
80 68 778 1
27 66 1140 1
66 27 1140 1
98 112 277 1
112 98 277 1
11 75 388 1
75 11 388 1
15 62 1246 1
62 15 1246 1
26 86 416 1
86 26 416 1
29 76 555 1
76 29 555 1
55 112 466 1
112 55 466 1
64 91 1046 1
91 64 1046 1
2 67 952 1
67 2 952 1
18 83 953 1
83 18 953 1
44 67 332 1
67 44 332 1
68 73 821 1
73 68 821 1
107 114 333 1
114 107 333 1
9 44 1434 1
44 9 1434 1
26 48 1303 1
48 26 1303 1
34 54 521 1
54 34 521 1
37 76 441 1
76 37 441 1
70 106 687 1
106 70 687 1
33 67 474 1
67 33 474 1
34 45 409 1
45 34 409 1
69 95 876 1
95 69 876 1
15 41 349 1
41 15 349 1
23 84 1113 1
84 23 1113 1
44 46 353 1
46 44 353 1
61 90 1156 1
90 61 1156 1
65 108 767 1
108 65 767 1
71 106 782 1
106 71 782 1
12 38 624 1
38 12 624 1
28 84 456 1
84 28 456 1
36 77 422 1
77 36 422 1
37 77 246 1
77 37 246 1
57 63 249 1
63 57 249 1
85 86 1120 1
86 85 1120 1
18 80 767 1
80 18 767 1
69 75 761 1
75 69 761 1
76 110 394 1
110 76 394 1
4 107 958 1
107 4 958 1
61 68 615 1
68 61 615 1
9 51 1357 1
51 9 1357 1
12 72 358 1
72 12 358 1
45 47 345 1
47 45 345 1
4 67 1210 1
67 4 1210 1
12 60 825 1
60 12 825 1
52 58 705 1
58 52 705 1
74 83 697 1
83 74 697 1
63 79 303 1
79 63 303 1
77 95 322 1
95 77 322 1
11 81 403 1
81 11 403 1
19 102 1271 1
102 19 1271 1
35 65 453 1
65 35 453 1
36 40 213 1
40 36 213 1
64 88 675 1
88 64 675 1
19 63 644 1
63 19 644 1
33 114 880 1
114 33 880 1
84 96 441 1
96 84 441 1
41 76 493 1
76 41 493 1
79 97 479 1
97 79 479 1
88 95 625 1
95 88 625 1
35 110 305 1
110 35 305 1
37 39 117 1
39 37 117 1
16 57 981 1
57 16 981 1
17 19 648 1
19 17 648 1
18 77 606 1
77 18 606 1
26 43 1155 1
43 26 1155 1
59 104 1146 1
104 59 1146 1
91 112 368 1
112 91 368 1
78 115 652 1
115 78 652 1
76 100 714 1
100 76 714 1
12 17 1046 1
17 12 1046 1
49 111 530 1
111 49 530 1
50 54 543 1
54 50 543 1
62 77 741 1
77 62 741 1
70 74 155 1
74 70 155 1
3 27 634 1
27 3 634 1
4 24 144 1
24 4 144 1
11 14 937 1
14 11 937 1
17 18 752 1
18 17 752 1
33 115 808 1
115 33 808 1
36 83 816 1
83 36 816 1
84 89 1110 1
89 84 1110 1
53 99 316 1
99 53 316 1
65 101 880 1
101 65 880 1
8 24 258 1
24 8 258 1
45 107 840 1
107 45 840 1
6 65 1218 1
65 6 1218 1
16 73 769 1
73 16 769 1
17 78 955 1
78 17 955 1
35 105 686 1
105 35 686 1
43 67 388 1
67 43 388 1
39 89 325 1
89 39 325 1
44 47 404 1
47 44 404 1
70 93 1035 1
93 70 1035 1
85 92 1003 1
92 85 1003 1
2 66 917 1
66 2 917 1
16 56 380 1
56 16 380 1
18 32 279 1
32 18 279 1
41 69 935 1
69 41 935 1
44 105 811 1
105 44 811 1
0 58 565 1
58 0 565 1
25 85 1018 1
85 25 1018 1
25 86 638 1
86 25 638 1
29 56 983 1
56 29 983 1
48 111 498 1
111 48 498 1
8 66 1233 1
66 8 1233 1
9 103 1158 1
103 9 1158 1
42 98 381 1
98 42 381 1
5 49 1365 1
49 5 1365 1
92 99 572 1
99 92 572 1
11 85 574 1
85 11 574 1
12 80 516 1
80 12 516 1
34 88 672 1
88 34 672 1
47 98 442 1
98 47 442 1
91 92 669 1
92 91 669 1
108 109 87 1
109 108 87 1
14 30 414 1
30 14 414 1
45 46 448 1
46 45 448 1
92 100 157 1
100 92 157 1
5 48 1432 1
48 5 1432 1
12 71 631 1
71 12 631 1
13 28 892 1
28 13 892 1
19 73 625 1
73 19 625 1
47 99 231 1
99 47 231 1
72 78 300 1
78 72 300 1
14 85 1160 1
85 14 1160 1
36 84 341 1
84 36 341 1
78 80 116 1
80 78 116 1
104 111 377 1
111 104 377 1
6 9 834 1
9 6 834 1
11 28 875 1
28 11 875 1
51 99 497 1
99 51 497 1
59 66 363 1
66 59 363 1
59 107 1064 1
107 59 1064 1
77 81 453 1
81 77 453 1
99 113 264 1
113 99 264 1
49 52 718 1
52 49 718 1
54 96 167 1
96 54 167 1
82 94 609 1
94 82 609 1
3 88 1145 1
88 3 1145 1
7 61 813 1
61 7 813 1
44 50 287 1
50 44 287 1
66 105 960 1
105 66 960 1
69 73 777 1
73 69 777 1
2 8 554 1
8 2 554 1
22 48 1339 1
48 22 1339 1
33 68 378 1
68 33 378 1
46 53 547 1
53 46 547 1
82 106 562 1
106 82 562 1
1 56 851 1
56 1 851 1
4 59 1372 1
59 4 1372 1
55 115 361 1
115 55 361 1
56 81 1090 1
81 56 1090 1
0 57 825 1
57 0 825 1
10 65 1203 1
65 10 1203 1
34 112 579 1
112 34 579 1
44 107 886 1
107 44 886 1
64 93 1076 1
93 64 1076 1
74 78 322 1
78 74 322 1
2 24 548 1
24 2 548 1
2 35 833 1
35 2 833 1
11 69 785 1
69 11 785 1
26 66 1142 1
66 26 1142 1
33 108 673 1
108 33 673 1
16 36 349 1
36 16 349 1
34 48 431 1
48 34 431 1
68 72 754 1
72 68 754 1
11 80 1102 1
80 11 1102 1
23 50 1386 1
50 23 1386 1
54 99 587 1
99 54 587 1
7 90 1390 1
90 7 1390 1
29 68 883 1
68 29 883 1
108 112 335 1
112 108 335 1
3 24 623 1
24 3 623 1
65 94 821 1
94 65 821 1
73 106 774 1
106 73 774 1
84 88 224 1
88 84 224 1
0 10 381 1
10 0 381 1
13 14 902 1
14 13 902 1
18 81 878 1
81 18 878 1
35 43 347 1
43 35 347 1
36 39 517 1
39 36 517 1
44 59 517 1
59 44 517 1
47 90 580 1
90 47 580 1
49 53 406 1
53 49 406 1
60 63 1021 1
63 60 1021 1
1 18 493 1
18 1 493 1
4 6 536 1
6 4 536 1
5 107 867 1
107 5 867 1
13 83 347 1
83 13 347 1
24 49 1432 1
49 24 1432 1
59 67 245 1
67 59 245 1
75 100 924 1
100 75 924 1
14 38 497 1
38 14 497 1
28 79 847 1
79 28 847 1
13 79 476 1
79 13 476 1
15 84 1175 1
84 15 1175 1
20 25 402 1
25 20 402 1
54 91 742 1
91 54 742 1
16 71 654 1
71 16 654 1
70 75 355 1
75 70 355 1
82 95 720 1
95 82 720 1
4 44 1341 1
44 4 1341 1
5 6 733 1
6 5 733 1
15 90 1267 1
90 15 1267 1
25 95 871 1
95 25 871 1
46 54 354 1
54 46 354 1
0 1 800 1
1 0 800 1
10 28 213 1
28 10 213 1
29 37 304 1
37 29 304 1
34 113 628 1
113 34 628 1
12 81 1161 1
81 12 1161 1
32 36 555 1
36 32 555 1
35 59 475 1
59 35 475 1
73 95 476 1
95 73 476 1
7 92 1445 1
92 7 1445 1
71 77 297 1
77 71 297 1
86 106 508 1
106 86 508 1
103 111 432 1
111 103 432 1
16 32 504 1
32 16 504 1
19 59 618 1
59 19 618 1
35 47 370 1
47 35 370 1
86 99 956 1
99 86 956 1
100 111 457 1
111 100 457 1
12 79 1029 1
79 12 1029 1
25 79 804 1
79 25 804 1
33 101 1066 1
101 33 1066 1
44 112 534 1
112 44 534 1
50 84 554 1
84 50 554 1
61 104 1114 1
104 61 1114 1
46 111 189 1
111 46 189 1
63 68 745 1
68 63 745 1
65 104 1022 1
104 65 1022 1
87 92 1142 1
92 87 1142 1
30 45 1169 1
45 30 1169 1
43 54 646 1
54 43 646 1
51 58 753 1
58 51 753 1
52 112 417 1
112 52 417 1
107 110 468 1
110 107 468 1
0 18 364 1
18 0 364 1
28 82 255 1
82 28 255 1
43 99 372 1
99 43 372 1
57 81 488 1
81 57 488 1
77 80 662 1
80 77 662 1
92 101 634 1
101 92 634 1
0 63 1010 1
63 0 1010 1
3 25 566 1
25 3 566 1
6 7 710 1
7 6 710 1
10 16 218 1
16 10 218 1
11 12 972 1
12 11 972 1
23 82 788 1
82 23 788 1
39 87 370 1
87 39 370 1
48 114 717 1
114 48 717 1
70 73 402 1
73 70 402 1
17 28 894 1
28 17 894 1
46 99 446 1
99 46 446 1
79 83 420 1
83 79 420 1
103 108 420 1
108 103 420 1
105 115 176 1
115 105 176 1
11 29 239 1
29 11 239 1
26 45 1266 1
45 26 1266 1
54 98 204 1
98 54 204 1
77 92 835 1
92 77 835 1
1 102 1288 1
102 1 1288 1
8 26 300 1
26 8 300 1
14 25 491 1
25 14 491 1
15 23 561 1
23 15 561 1
55 87 559 1
87 55 559 1
103 110 496 1
110 103 496 1
16 97 797 1
97 16 797 1
27 67 1105 1
67 27 1105 1
32 33 149 1
33 32 149 1
39 85 433 1
85 39 433 1
43 86 1110 1
86 43 1110 1
63 72 944 1
72 63 944 1
1 11 394 1
11 1 394 1
5 59 1317 1
59 5 1317 1
14 36 526 1
36 14 526 1
16 38 439 1
38 16 439 1
25 82 617 1
82 25 617 1
70 77 376 1
77 70 376 1
6 35 860 1
35 6 860 1
8 108 951 1
108 8 951 1
12 41 846 1
41 12 846 1
24 27 252 1
27 24 252 1
35 101 778 1
101 35 778 1
89 92 938 1
92 89 938 1
0 15 1084 1
15 0 1084 1
15 38 793 1
38 15 793 1
18 76 581 1
76 18 581 1
20 82 329 1
82 20 329 1
37 81 336 1
81 37 336 1
57 69 378 1
69 57 378 1
75 92 967 1
92 75 967 1
91 114 389 1
114 91 389 1
42 110 303 1
110 42 303 1
8 103 1268 1
103 8 1268 1
13 16 1048 1
16 13 1048 1
94 110 220 1
110 94 220 1
99 104 430 1
104 99 430 1
13 23 488 1
23 13 488 1
19 72 678 1
72 19 678 1
32 78 484 1
78 32 484 1
47 111 188 1
111 47 188 1
51 59 486 1
59 51 486 1
57 80 1050 1
80 57 1050 1
38 74 265 1
74 38 265 1
59 68 484 1
68 59 484 1
96 109 176 1
109 96 176 1
102 106 217 1
106 102 217 1
35 64 566 1
64 35 566 1
51 98 763 1
98 51 763 1
56 74 591 1
74 56 591 1
68 102 1226 1
102 68 1226 1
26 54 816 1
54 26 816 1
36 56 615 1
56 36 615 1
15 81 596 1
81 15 596 1
25 83 553 1
83 25 553 1
34 104 710 1
104 34 710 1
48 53 654 1
53 48 654 1
56 62 252 1
62 56 252 1
61 100 1241 1
100 61 1241 1
64 67 549 1
67 64 549 1
86 111 918 1
111 86 918 1
6 27 679 1
27 6 679 1
19 90 1212 1
90 19 1212 1
100 103 576 1
103 100 576 1
0 60 405 1
60 0 405 1
1 36 918 1
36 1 918 1
40 108 451 1
108 40 451 1
54 84 309 1
84 54 309 1
3 95 915 1
95 3 915 1
19 62 792 1
62 19 792 1
26 49 1309 1
49 26 1309 1
33 91 952 1
91 33 952 1
36 38 122 1
38 36 122 1
64 66 392 1
66 64 392 1
67 110 507 1
110 67 507 1
72 75 453 1
75 72 453 1
0 17 982 1
17 0 982 1
0 81 1076 1
81 0 1076 1
18 56 478 1
56 18 478 1
30 48 1211 1
48 30 1211 1
53 55 448 1
55 53 448 1
57 60 868 1
60 57 868 1
69 97 875 1
97 69 875 1
11 82 992 1
82 11 992 1
34 42 401 1
42 34 401 1
38 72 305 1
72 38 305 1
41 106 653 1
106 41 653 1
48 86 1184 1
86 48 1184 1
56 80 431 1
80 56 431 1
3 106 1162 1
106 3 1162 1
13 80 1155 1
80 13 1155 1
23 39 847 1
39 23 847 1
4 105 1055 1
105 4 1055 1
17 71 423 1
71 17 423 1
50 88 679 1
88 50 679 1
55 105 373 1
105 55 373 1
68 83 1108 1
83 68 1108 1
1 98 1107 1
98 1 1107 1
11 17 224 1
17 11 224 1
48 99 711 1
99 48 711 1
73 78 740 1
78 73 740 1
87 89 476 1
89 87 476 1
34 86 880 1
86 34 880 1
34 107 734 1
107 34 734 1
54 88 224 1
88 54 224 1
55 90 757 1
90 55 757 1
65 91 690 1
91 65 690 1
69 77 618 1
77 69 618 1
69 81 801 1
81 69 801 1
9 93 1250 1
93 9 1250 1
64 94 688 1
94 64 688 1
68 81 913 1
81 68 913 1
76 79 567 1
79 76 567 1
2 65 1144 1
65 2 1144 1
9 35 1031 1
35 9 1031 1
14 31 528 1
31 14 528 1
24 51 1429 1
51 24 1429 1
69 80 866 1
80 69 866 1
11 84 1188 1
84 11 1188 1
14 88 613 1
88 14 613 1
19 83 893 1
83 19 893 1
38 62 642 1
62 38 642 1
42 53 475 1
53 42 475 1
45 50 474 1
50 45 474 1
9 104 1161 1
104 9 1161 1
28 63 1049 1
63 28 1049 1
44 55 743 1
55 44 743 1
67 101 953 1
101 67 953 1
27 107 753 1
107 27 753 1
38 83 760 1
83 38 760 1
52 99 661 1
99 52 661 1
17 77 417 1
77 17 417 1
30 70 259 1
70 30 259 1
38 88 311 1
88 38 311 1
71 95 547 1
95 71 547 1
91 103 258 1
103 91 258 1
97 115 218 1
115 97 218 1
13 69 925 1
69 13 925 1
20 97 635 1
97 20 635 1
40 93 908 1
93 40 908 1
66 108 706 1
108 66 706 1
80 106 591 1
106 80 591 1
6 60 799 1
60 6 799 1
12 30 419 1
30 12 419 1
59 102 1214 1
102 59 1214 1
78 79 878 1
79 78 878 1
19 32 289 1
32 19 289 1
34 114 610 1
114 34 610 1
48 52 415 1
52 48 415 1
54 66 740 1
66 54 740 1
55 114 395 1
114 55 395 1
65 103 905 1
103 65 905 1
34 105 727 1
105 34 727 1
70 72 158 1
72 70 158 1
75 83 351 1
83 75 351 1
0 74 551 1
74 0 551 1
4 34 986 1
34 4 986 1
21 97 595 1
97 21 595 1
22 84 1027 1
84 22 1027 1
46 52 244 1
52 46 244 1
50 66 475 1
66 50 475 1
51 111 516 1
111 51 516 1
57 74 830 1
74 57 830 1
59 101 1108 1
101 59 1108 1
109 111 273 1
111 109 273 1
64 101 1142 1
101 64 1142 1
87 109 723 1
109 87 723 1
21 103 830 1
103 21 830 1
26 88 791 1
88 26 791 1
42 54 525 1
54 42 525 1
49 104 900 1
104 49 900 1
2 107 1169 1
107 2 1169 1
35 93 718 1
93 35 718 1
37 53 629 1
53 37 629 1
48 104 822 1
104 48 822 1
76 98 527 1
98 76 527 1
112 113 116 1
113 112 116 1
20 107 666 1
107 20 666 1
37 52 879 1
52 37 879 1
43 104 661 1
104 43 661 1
61 102 1213 1
102 61 1213 1
63 95 704 1
95 63 704 1
71 79 426 1
79 71 426 1
72 77 430 1
77 72 430 1
6 91 1386 1
91 6 1386 1
39 40 508 1
40 39 508 1
57 73 601 1
73 57 601 1
65 105 928 1
105 65 928 1
4 51 1418 1
51 4 1418 1
5 44 1368 1
44 5 1368 1
26 47 1071 1
47 26 1071 1
35 112 561 1
112 35 561 1
41 82 687 1
82 41 687 1
48 107 958 1
107 48 958 1
63 71 659 1
71 63 659 1
83 95 609 1
95 83 609 1
13 29 290 1
29 13 290 1
33 104 965 1
104 33 965 1
50 52 243 1
52 50 243 1
2 59 1058 1
59 2 1058 1
5 58 1366 1
58 5 1366 1
13 81 530 1
81 13 530 1
93 98 589 1
98 93 589 1
9 107 919 1
107 9 919 1
16 25 843 1
25 16 843 1
20 94 527 1
94 20 527 1
27 35 871 1
35 27 871 1
33 102 1043 1
102 33 1043 1
34 46 395 1
46 34 395 1
45 51 254 1
51 45 254 1
63 97 673 1
97 63 673 1
101 102 595 1
102 101 595 1
4 49 1415 1
49 4 1415 1
9 60 1369 1
60 9 1369 1
19 114 1115 1
114 19 1115 1
26 107 808 1
107 26 808 1
43 50 494 1
50 43 494 1
49 86 1302 1
86 49 1302 1
50 112 538 1
112 50 538 1
67 105 903 1
105 67 903 1
70 79 638 1
79 70 638 1
76 80 424 1
80 76 424 1
82 88 444 1
88 82 444 1
91 102 669 1
102 91 669 1
0 83 1120 1
83 0 1120 1
1 39 746 1
39 1 746 1
3 50 1273 1
50 3 1273 1
15 75 396 1
75 15 396 1
17 76 648 1
76 17 648 1
19 100 1295 1
100 19 1295 1
26 42 1183 1
42 26 1183 1
30 50 1195 1
50 30 1195 1
32 115 797 1
115 32 797 1
36 57 914 1
57 36 914 1
54 89 853 1
89 54 853 1
91 108 473 1
108 91 473 1
1 63 334 1
63 1 334 1
4 103 1174 1
103 4 1174 1
28 85 1025 1
85 28 1025 1
28 97 752 1
97 28 752 1
29 115 730 1
115 29 730 1
38 81 841 1
81 38 841 1
64 92 764 1
92 64 764 1
71 73 163 1
73 71 163 1
72 97 655 1
97 72 655 1
15 61 998 1
61 15 998 1
18 75 668 1
75 18 668 1
23 95 987 1
95 23 987 1
30 67 972 1
67 30 972 1
40 91 908 1
91 40 908 1
46 109 326 1
109 46 326 1
62 69 736 1
69 62 736 1
63 100 1236 1
100 63 1236 1
63 106 1106 1
106 63 1106 1
92 106 400 1
106 92 400 1
9 108 974 1
108 9 974 1
21 24 413 1
24 21 413 1
34 65 549 1
65 34 549 1
55 99 216 1
99 55 216 1
73 97 530 1
97 73 530 1
74 85 839 1
85 74 839 1
1 19 351 1
19 1 351 1
2 105 1253 1
105 2 1253 1
25 50 1404 1
50 25 1404 1
30 72 390 1
72 30 390 1
37 80 842 1
80 37 842 1
44 104 796 1
104 44 796 1
60 69 564 1
69 60 564 1
64 96 625 1
96 64 625 1
75 95 407 1
95 75 407 1
93 108 478 1
108 93 478 1
6 105 1236 1
105 6 1236 1
7 15 461 1
15 7 461 1
8 48 1406 1
48 8 1406 1
15 85 720 1
85 15 720 1
19 81 772 1
81 19 772 1
25 80 959 1
80 25 959 1
54 109 337 1
109 54 337 1
63 102 1192 1
102 63 1192 1
75 106 695 1
106 75 695 1
82 113 905 1
113 82 905 1
86 88 460 1
88 86 460 1
93 100 653 1
100 93 653 1
112 114 196 1
114 112 196 1
1 61 385 1
61 1 385 1
19 57 426 1
57 19 426 1
21 66 949 1
66 21 949 1
35 103 749 1
103 35 749 1
35 107 663 1
107 35 663 1
54 85 906 1
85 54 906 1
57 75 616 1
75 57 616 1
85 113 705 1
113 85 705 1
92 111 381 1
111 92 381 1
24 66 1233 1
66 24 1233 1
45 105 804 1
105 45 804 1
5 34 1016 1
34 5 1016 1
7 27 597 1
27 7 597 1
33 72 507 1
72 33 507 1
47 86 1016 1
86 47 1016 1
10 23 699 1
23 10 699 1
37 78 740 1
78 37 740 1
59 114 1002 1
114 59 1002 1
61 105 1028 1
105 61 1028 1
66 107 978 1
107 66 978 1
90 94 414 1
94 90 414 1
98 110 300 1
110 98 300 1
15 82 832 1
82 15 832 1
23 83 710 1
83 23 710 1
31 85 906 1
85 31 906 1
33 61 545 1
61 33 545 1
54 101 738 1
101 54 738 1
75 78 667 1
78 75 667 1
34 40 622 1
40 34 622 1
34 50 475 1
50 34 475 1
38 54 263 1
54 38 263 1
47 52 540 1
52 47 540 1
53 112 421 1
112 53 421 1
7 104 1243 1
104 7 1243 1
22 42 1301 1
42 22 1301 1
22 70 443 1
70 22 443 1
35 91 647 1
91 35 647 1
99 114 265 1
114 99 265 1
3 53 1253 1
53 3 1253 1
9 24 385 1
24 9 385 1
9 26 419 1
26 9 419 1
20 96 592 1
96 20 592 1
52 54 402 1
54 52 402 1
87 94 753 1
94 87 753 1
108 111 286 1
111 108 286 1
13 95 821 1
95 13 821 1
18 78 674 1
78 18 674 1
37 41 217 1
41 37 217 1
40 53 1023 1
53 40 1023 1
41 57 760 1
57 41 760 1
111 113 191 1
113 111 191 1
9 45 1389 1
45 9 1389 1
16 19 740 1
19 16 740 1
38 80 426 1
80 38 426 1
53 106 847 1
106 53 847 1
74 89 810 1
89 74 810 1
84 109 579 1
109 84 579 1
86 96 642 1
96 86 642 1
91 99 166 1
99 91 166 1
94 103 496 1
103 94 496 1
100 104 240 1
104 100 240 1
103 115 322 1
115 103 322 1
12 75 743 1
75 12 743 1
18 74 626 1
74 18 626 1
29 33 510 1
33 29 510 1
29 77 357 1
77 29 357 1
33 100 1072 1
100 33 1072 1
44 111 448 1
111 44 448 1
53 111 406 1
111 53 406 1
55 109 337 1
109 55 337 1
67 104 923 1
104 67 923 1
73 92 1046 1
92 73 1046 1
87 115 746 1
115 87 746 1
108 110 194 1
110 108 194 1
6 64 941 1
64 6 941 1
15 18 910 1
18 15 910 1
19 103 1259 1
103 19 1259 1
38 76 305 1
76 38 305 1
42 66 473 1
66 42 473 1
54 87 939 1
87 54 939 1
60 108 800 1
108 60 800 1
62 95 844 1
95 62 844 1
3 39 792 1
39 3 792 1
4 58 1292 1
58 4 1292 1
7 101 1268 1
101 7 1268 1
8 60 1121 1
60 8 1121 1
13 57 681 1
57 13 681 1
15 69 1077 1
69 15 1077 1
35 102 781 1
102 35 781 1
41 71 317 1
71 41 317 1
43 111 293 1
111 43 293 1
59 115 981 1
115 59 981 1
105 111 367 1
111 105 367 1
0 11 958 1
11 0 958 1
6 34 815 1
34 6 815 1
22 54 1063 1
54 22 1063 1
39 109 356 1
109 39 356 1
53 98 671 1
98 53 671 1
60 64 187 1
64 60 187 1
5 67 1194 1
67 5 1194 1
18 36 784 1
36 18 784 1
31 45 1171 1
45 31 1171 1
34 99 586 1
99 34 586 1
15 68 1114 1
68 15 1114 1
32 77 383 1
77 32 383 1
40 112 757 1
112 40 757 1
54 55 651 1
55 54 651 1
59 65 304 1
65 59 304 1
100 105 430 1
105 100 430 1
0 32 356 1
32 0 356 1
14 22 562 1
22 14 562 1
38 75 499 1
75 38 499 1
40 109 467 1
109 40 467 1
43 115 517 1
115 43 517 1
49 107 859 1
107 49 859 1
51 114 700 1
114 51 700 1
52 92 317 1
92 52 317 1
87 112 968 1
112 87 968 1
28 74 188 1
74 28 188 1
38 73 580 1
73 38 580 1
56 58 427 1
58 56 427 1
83 87 158 1
87 83 158 1
6 67 991 1
67 6 991 1
22 49 1332 1
49 22 1332 1
34 44 373 1
44 34 373 1
47 67 492 1
67 47 492 1
48 66 357 1
66 48 357 1
49 105 843 1
105 49 843 1
18 69 392 1
69 18 392 1
31 83 561 1
83 31 561 1
65 114 861 1
114 65 861 1
70 76 285 1
76 70 285 1
75 80 775 1
80 75 775 1
2 3 405 1
3 2 405 1
2 45 1193 1
45 2 1193 1
6 101 1437 1
101 6 1437 1
10 60 650 1
60 10 650 1
16 74 335 1
74 16 335 1
19 53 1115 1
53 19 1115 1
24 45 1393 1
45 24 1393 1
33 78 590 1
78 33 590 1
43 98 522 1
98 43 522 1
55 86 895 1
86 55 895 1
62 68 629 1
68 62 629 1
9 105 1106 1
105 9 1106 1
29 100 1082 1
100 29 1082 1
33 64 737 1
64 33 737 1
35 48 491 1
48 35 491 1
35 111 452 1
111 35 452 1
41 56 991 1
56 41 991 1
42 88 725 1
88 42 725 1
42 93 614 1
93 42 614 1
52 90 240 1
90 52 240 1
104 113 229 1
113 104 229 1
108 115 135 1
115 108 135 1
25 71 434 1
71 25 434 1
57 62 1000 1
62 57 1000 1
71 80 755 1
80 71 755 1
77 79 329 1
79 77 329 1
96 98 184 1
98 96 184 1
6 21 662 1
21 6 662 1
6 59 1126 1
59 6 1126 1
14 72 328 1
72 14 328 1
26 51 1298 1
51 26 1298 1
38 63 974 1
63 38 974 1
54 102 313 1
102 54 313 1
67 107 894 1
107 67 894 1
76 83 717 1
83 76 717 1
90 100 182 1
100 90 182 1
1 82 1112 1
82 1 1112 1
15 17 481 1
17 15 481 1
33 65 634 1
65 33 634 1
47 104 532 1
104 47 532 1
63 92 1202 1
92 63 1202 1
69 83 1050 1
83 69 1050 1
9 111 1239 1
111 9 1239 1
13 22 606 1
22 13 606 1
14 82 179 1
82 14 179 1
86 98 757 1
98 86 757 1
91 98 616 1
98 91 616 1
93 103 173 1
103 93 173 1
110 111 172 1
111 110 172 1
3 113 1250 1
113 3 1250 1
9 46 1294 1
46 9 1294 1
13 60 1245 1
60 13 1245 1
18 33 288 1
33 18 288 1
35 99 514 1
99 35 514 1
37 75 239 1
75 37 239 1
49 114 742 1
114 49 742 1
86 92 882 1
92 86 882 1
2 60 843 1
60 2 843 1
23 71 443 1
71 23 443 1
49 99 587 1
99 49 587 1
74 100 766 1
100 74 766 1
19 28 732 1
28 19 732 1
87 107 525 1
107 87 525 1
95 96 288 1
96 95 288 1
1 109 814 1
109 1 814 1
7 65 934 1
65 7 934 1
7 106 1176 1
106 7 1176 1
17 95 598 1
95 17 598 1
24 42 1334 1
42 24 1334 1
34 111 469 1
111 34 469 1
37 73 278 1
73 37 278 1
49 66 437 1
66 49 437 1
76 115 499 1
115 76 499 1
110 114 289 1
114 110 289 1
2 91 1366 1
91 2 1366 1
4 43 1268 1
43 4 1268 1
5 21 332 1
21 5 332 1
11 89 636 1
89 11 636 1
16 63 1092 1
63 16 1092 1
33 76 380 1
76 33 380 1
33 93 1027 1
93 33 1027 1
53 86 1248 1
86 53 1248 1
1 69 441 1
69 1 441 1
11 16 1004 1
16 11 1004 1
28 78 272 1
78 28 272 1
38 69 945 1
69 38 945 1
42 52 325 1
52 42 325 1
46 50 303 1
50 46 303 1
48 54 669 1
54 48 669 1
50 87 1314 1
87 50 1314 1
58 103 1188 1
103 58 1188 1
0 62 386 1
62 0 386 1
12 32 661 1
32 12 661 1
14 41 702 1
41 14 702 1
23 70 494 1
70 23 494 1
24 34 1021 1
34 24 1021 1
24 53 1427 1
53 24 1427 1
57 99 846 1
99 57 846 1
66 112 753 1
112 66 753 1
74 106 540 1
106 74 540 1
84 113 718 1
113 84 718 1
88 96 385 1
96 88 385 1
94 108 97 1
108 94 97 1
6 94 917 1
94 6 917 1
16 83 1029 1
83 16 1029 1
22 39 876 1
39 22 876 1
76 109 320 1
109 76 320 1
1 58 829 1
58 1 829 1
6 12 248 1
12 6 248 1
29 40 655 1
40 29 655 1
31 70 334 1
70 31 334 1
6 93 1425 1
93 6 1425 1
7 102 1355 1
102 7 1355 1
18 62 706 1
62 18 706 1
22 82 706 1
82 22 706 1
26 67 1128 1
67 26 1128 1
27 39 536 1
39 27 536 1
29 97 574 1
97 29 574 1
34 109 367 1
109 34 367 1
67 108 667 1
108 67 667 1
68 115 1040 1
115 68 1040 1
1 40 950 1
40 1 950 1
5 65 1232 1
65 5 1232 1
18 61 737 1
61 18 737 1
82 92 909 1
92 82 909 1
83 96 859 1
96 83 859 1
100 110 522 1
110 100 522 1
104 110 417 1
110 104 417 1
1 73 531 1
73 1 531 1
2 22 228 1
22 2 228 1
20 41 386 1
41 20 386 1
25 106 972 1
106 25 972 1
31 79 660 1
79 31 660 1
74 95 497 1
95 74 497 1
8 59 1427 1
59 8 1427 1
9 61 1165 1
61 9 1165 1
26 39 604 1
39 26 604 1
35 46 430 1
46 35 430 1
37 70 546 1
70 37 546 1
51 105 775 1
105 51 775 1
8 35 1046 1
35 8 1046 1
12 31 545 1
31 12 545 1
12 63 1218 1
63 12 1218 1
40 72 200 1
72 40 200 1
58 68 392 1
68 58 392 1
74 84 507 1
84 74 507 1
21 31 344 1
31 21 344 1
46 104 454 1
104 46 454 1
61 94 881 1
94 61 881 1
61 114 963 1
114 61 963 1
70 89 837 1
89 70 837 1
104 112 332 1
112 104 332 1
2 61 1041 1
61 2 1041 1
18 68 315 1
68 18 315 1
19 56 574 1
56 19 574 1
26 96 811 1
96 26 811 1
69 102 1226 1
102 69 1226 1
5 35 974 1
35 5 974 1
8 107 1063 1
107 8 1063 1
13 89 713 1
89 13 713 1
24 112 1273 1
112 24 1273 1
37 79 267 1
79 37 267 1
46 93 585 1
93 46 585 1
59 69 338 1
69 59 338 1
109 113 333 1
113 109 333 1
3 82 903 1
82 3 903 1
5 51 1334 1
51 5 1334 1
46 66 543 1
66 46 543 1
58 69 426 1
69 58 426 1
1 84 1139 1
84 1 1139 1
7 63 675 1
63 7 675 1
23 53 1411 1
53 23 1411 1
23 86 866 1
86 23 866 1
