116 2668
80 81 1113 1
81 80 1113 1
44 49 304 1
49 44 304 1
29 80 961 1
80 29 961 1
59 66 363 1
66 59 363 1
58 59 496 1
59 58 496 1
30 31 127 1
31 30 127 1
58 66 198 1
66 58 198 1
42 46 173 1
46 42 173 1
48 49 410 1
49 48 410 1
28 80 329 1
80 28 329 1
36 80 330 1
80 36 330 1
49 51 172 1
51 49 172 1
59 61 271 1
61 59 271 1
38 39 465 1
39 38 465 1
98 99 479 1
99 98 479 1
36 81 848 1
81 36 848 1
94 97 266 1
97 94 266 1
52 53 746 1
53 52 746 1
104 105 204 1
105 104 204 1
28 29 741 1
29 28 741 1
60 61 893 1
61 60 893 1
36 37 542 1
37 36 542 1
56 57 840 1
57 56 840 1
58 61 717 1
61 58 717 1
44 48 114 1
48 44 114 1
48 51 548 1
51 48 548 1
46 47 309 1
47 46 309 1
58 60 266 1
60 58 266 1
86 88 460 1
88 86 460 1
60 106 915 1
106 60 915 1
29 81 342 1
81 29 342 1
29 36 705 1
36 29 705 1
42 47 281 1
47 42 281 1
28 81 975 1
81 28 975 1
28 72 116 1
72 28 116 1
44 51 440 1
51 44 440 1
45 67 282 1
67 45 282 1
3 7 185 1
7 3 185 1
36 72 276 1
72 36 276 1
16 17 998 1
17 16 998 1
37 80 842 1
80 37 842 1
42 43 239 1
43 42 239 1
57 63 249 1
63 57 249 1
1 59 541 1
59 1 541 1
47 98 442 1
98 47 442 1
62 63 1134 1
63 62 1134 1
28 36 321 1
36 28 321 1
55 96 492 1
96 55 492 1
82 83 881 1
83 82 881 1
92 93 608 1
93 92 608 1
47 111 188 1
111 47 188 1
2 6 165 1
6 2 165 1
22 23 140 1
23 22 140 1
29 37 304 1
37 29 304 1
1 58 829 1
58 1 829 1
43 45 199 1
45 43 199 1
29 72 629 1
72 29 629 1
55 98 606 1
98 55 606 1
25 27 193 1
27 25 193 1
46 55 584 1
55 46 584 1
1 61 385 1
61 1 385 1
51 53 271 1
53 51 271 1
72 80 384 1
80 72 384 1
76 77 238 1
77 76 238 1
96 98 184 1
98 96 184 1
0 60 405 1
60 0 405 1
23 27 506 1
27 23 506 1
83 87 158 1
87 83 158 1
84 85 1130 1
85 84 1130 1
72 81 860 1
81 72 860 1
83 85 549 1
85 83 549 1
11 13 168 1
13 11 168 1
47 55 367 1
55 47 367 1
94 109 127 1
109 94 127 1
58 106 1039 1
106 58 1039 1
12 15 906 1
15 12 906 1
29 73 113 1
73 29 113 1
24 25 135 1
25 24 135 1
48 50 202 1
50 48 202 1
36 78 263 1
78 36 263 1
0 57 825 1
57 0 825 1
5 25 129 1
25 5 129 1
101 103 106 1
103 101 106 1
100 102 87 1
102 100 87 1
102 106 217 1
106 102 217 1
80 83 1100 1
83 80 1100 1
1 60 923 1
60 1 923 1
54 98 204 1
98 54 204 1
13 15 277 1
15 13 277 1
40 41 506 1
41 40 506 1
99 111 265 1
111 99 265 1
18 86 1008 1
86 18 1008 1
17 81 182 1
81 17 182 1
14 25 491 1
25 14 491 1
32 33 149 1
33 32 149 1
78 81 1002 1
81 78 1002 1
16 81 1063 1
81 16 1063 1
70 77 376 1
77 70 376 1
80 85 1121 1
85 80 1121 1
61 66 546 1
66 61 546 1
12 13 959 1
13 12 959 1
28 73 629 1
73 28 629 1
54 55 651 1
55 54 651 1
29 40 655 1
40 29 655 1
60 102 963 1
102 60 963 1
39 71 417 1
71 39 417 1
88 89 1035 1
89 88 1035 1
102 103 508 1
103 102 508 1
21 38 458 1
38 21 458 1
98 111 265 1
111 98 265 1
74 80 415 1
80 74 415 1
19 69 323 1
69 19 323 1
45 49 111 1
49 45 111 1
28 78 272 1
78 28 272 1
51 52 786 1
52 51 786 1
0 102 1108 1
102 0 1108 1
29 83 227 1
83 29 227 1
37 39 117 1
39 37 117 1
100 106 280 1
106 100 280 1
97 109 174 1
109 97 174 1
14 84 681 1
84 14 681 1
59 60 718 1
60 59 718 1
60 62 241 1
62 60 241 1
66 106 937 1
106 66 937 1
22 31 234 1
31 22 234 1
7 65 934 1
65 7 934 1
72 78 300 1
78 72 300 1
40 80 433 1
80 40 433 1
23 25 373 1
25 23 373 1
34 43 397 1
43 34 397 1
37 38 515 1
38 37 515 1
90 91 735 1
91 90 735 1
108 114 218 1
114 108 218 1
18 87 1063 1
87 18 1063 1
64 65 897 1
65 64 897 1
0 58 565 1
58 0 565 1
61 63 238 1
63 61 238 1
103 104 369 1
104 103 369 1
103 106 532 1
106 103 532 1
6 64 941 1
64 6 941 1
17 80 1070 1
80 17 1070 1
1 63 334 1
63 1 334 1
78 80 116 1
80 78 116 1
61 106 1151 1
106 61 1151 1
61 65 175 1
65 61 175 1
55 71 621 1
71 55 621 1
50 53 744 1
53 50 744 1
73 80 850 1
80 73 850 1
101 102 595 1
102 101 595 1
0 1 800 1
1 0 800 1
17 28 894 1
28 17 894 1
35 64 566 1
64 35 566 1
28 37 709 1
37 28 709 1
46 98 212 1
98 46 212 1
2 64 992 1
64 2 992 1
8 9 638 1
9 8 638 1
16 36 349 1
36 16 349 1
34 50 475 1
50 34 475 1
56 63 1014 1
63 56 1014 1
59 106 1174 1
106 59 1174 1
28 83 861 1
83 28 861 1
21 31 344 1
31 21 344 1
76 82 520 1
82 76 520 1
37 81 336 1
81 37 336 1
40 81 874 1
81 40 874 1
17 29 223 1
29 17 223 1
14 27 449 1
27 14 449 1
22 30 218 1
30 22 218 1
34 67 275 1
67 34 275 1
60 100 938 1
100 60 938 1
0 61 943 1
61 0 943 1
60 103 1182 1
103 60 1182 1
95 97 97 1
97 95 97 1
10 13 1004 1
13 10 1004 1
17 36 828 1
36 17 828 1
60 66 370 1
66 60 370 1
82 86 143 1
86 82 143 1
37 74 520 1
74 37 520 1
57 102 1241 1
102 57 1241 1
22 25 402 1
25 22 402 1
23 31 199 1
31 23 199 1
29 78 851 1
78 29 851 1
10 12 181 1
12 10 181 1
1 57 172 1
57 1 172 1
19 68 313 1
68 19 313 1
39 55 254 1
55 39 254 1
18 88 1010 1
88 18 1010 1
11 85 574 1
85 11 574 1
82 87 849 1
87 82 849 1
29 74 571 1
74 29 571 1
9 15 219 1
15 9 219 1
18 19 147 1
19 18 147 1
29 85 473 1
85 29 473 1
54 96 167 1
96 54 167 1
81 85 175 1
85 81 175 1
95 108 123 1
108 95 123 1
22 27 524 1
27 22 524 1
42 44 208 1
44 42 208 1
58 100 1047 1
100 58 1047 1
53 91 265 1
91 53 265 1
2 22 228 1
22 2 228 1
36 40 213 1
40 36 213 1
16 80 152 1
80 16 152 1
42 55 629 1
55 42 629 1
30 83 641 1
83 30 641 1
5 114 1065 1
114 5 1065 1
28 40 248 1
40 28 248 1
47 96 412 1
96 47 412 1
8 14 205 1
14 8 205 1
60 63 1021 1
63 60 1021 1
15 52 1350 1
52 15 1350 1
20 38 349 1
38 20 349 1
50 52 243 1
52 50 243 1
9 69 1181 1
69 9 1181 1
20 21 185 1
21 20 185 1
18 26 857 1
26 18 857 1
26 27 135 1
27 26 135 1
37 71 401 1
71 37 401 1
42 49 396 1
49 42 396 1
20 30 328 1
30 20 328 1
50 51 698 1
51 50 698 1
30 71 303 1
71 30 303 1
40 74 182 1
74 40 182 1
10 52 956 1
52 10 956 1
101 106 633 1
106 101 633 1
11 15 385 1
15 11 385 1
32 60 487 1
60 32 487 1
20 76 380 1
76 20 380 1
96 99 428 1
99 96 428 1
93 112 343 1
112 93 343 1
21 71 214 1
71 21 214 1
39 96 494 1
96 39 494 1
44 45 194 1
45 44 194 1
32 103 1045 1
103 32 1045 1
64 88 675 1
88 64 675 1
100 101 656 1
101 100 656 1
1 106 1164 1
106 1 1164 1
21 39 356 1
39 21 356 1
38 96 284 1
96 38 284 1
43 47 146 1
47 43 146 1
33 102 1043 1
102 33 1043 1
52 91 777 1
91 52 777 1
103 105 173 1
105 103 173 1
10 11 986 1
11 10 986 1
36 85 845 1
85 36 845 1
31 83 561 1
83 31 561 1
40 83 731 1
83 40 731 1
66 67 177 1
67 66 177 1
5 24 252 1
24 5 252 1
93 109 510 1
109 93 510 1
37 72 595 1
72 37 595 1
38 71 546 1
71 38 546 1
22 26 505 1
26 22 505 1
42 98 381 1
98 42 381 1
24 84 1013 1
84 24 1013 1
106 107 486 1
107 106 486 1
111 112 111 1
112 111 111 1
25 84 1066 1
84 25 1066 1
60 101 1230 1
101 60 1230 1
65 106 1085 1
106 65 1085 1
8 93 1382 1
93 8 1382 1
8 92 1269 1
92 8 1269 1
9 92 1428 1
92 9 1428 1
20 73 397 1
73 20 397 1
28 85 1025 1
85 28 1025 1
27 88 863 1
88 27 863 1
34 45 409 1
45 34 409 1
1 66 683 1
66 1 683 1
6 93 1425 1
93 6 1425 1
14 24 389 1
24 14 389 1
16 56 380 1
56 16 380 1
35 65 453 1
65 35 453 1
48 58 400 1
58 48 400 1
107 108 333 1
108 107 333 1
27 35 871 1
35 27 871 1
41 81 452 1
81 41 452 1
16 28 220 1
28 16 220 1
30 87 699 1
87 30 699 1
43 46 341 1
46 43 341 1
72 74 76 1
74 72 76 1
80 84 162 1
84 80 162 1
77 97 366 1
97 77 366 1
78 79 878 1
79 78 878 1
14 88 613 1
88 14 613 1
22 64 1169 1
64 22 1169 1
36 74 242 1
74 36 242 1
105 107 233 1
107 105 233 1
13 28 892 1
28 13 892 1
75 77 210 1
77 75 210 1
22 35 922 1
35 22 922 1
71 96 683 1
96 71 683 1
0 59 847 1
59 0 847 1
17 78 955 1
78 17 955 1
18 82 891 1
82 18 891 1
77 94 396 1
94 77 396 1
74 76 203 1
76 74 203 1
0 63 1010 1
63 0 1010 1
26 86 416 1
86 26 416 1
46 54 354 1
54 46 354 1
73 74 458 1
74 73 458 1
82 84 544 1
84 82 544 1
0 106 981 1
106 0 981 1
96 109 176 1
109 96 176 1
106 115 278 1
115 106 278 1
8 53 1492 1
53 8 1492 1
10 15 968 1
15 10 968 1
29 84 1027 1
84 29 1027 1
31 71 265 1
71 31 265 1
31 82 641 1
82 31 641 1
45 48 304 1
48 45 304 1
30 82 534 1
82 30 534 1
86 89 1016 1
89 86 1016 1
0 56 174 1
56 0 174 1
13 52 1405 1
52 13 1405 1
21 30 349 1
30 21 349 1
28 74 188 1
74 28 188 1
40 72 200 1
72 40 200 1
2 35 833 1
35 2 833 1
58 90 890 1
90 58 890 1
83 84 1154 1
84 83 1154 1
42 45 300 1
45 42 300 1
81 83 446 1
83 81 446 1
86 87 805 1
87 86 805 1
27 64 1222 1
64 27 1222 1
6 65 1218 1
65 6 1218 1
33 60 632 1
60 33 632 1
0 66 594 1
66 0 594 1
18 20 736 1
20 18 736 1
20 31 387 1
31 20 387 1
3 23 271 1
23 3 271 1
73 83 298 1
83 73 298 1
5 15 278 1
15 5 278 1
26 88 791 1
88 26 791 1
44 50 287 1
50 44 287 1
108 115 135 1
115 108 135 1
0 18 364 1
18 0 364 1
4 6 536 1
6 4 536 1
31 87 639 1
87 31 639 1
72 73 517 1
73 72 517 1
71 76 392 1
76 71 392 1
14 86 272 1
86 14 272 1
17 37 368 1
37 17 368 1
33 103 1025 1
103 33 1025 1
56 102 1030 1
102 56 1030 1
58 65 718 1
65 58 718 1
73 76 450 1
76 73 450 1
77 109 318 1
109 77 318 1
32 106 871 1
106 32 871 1
8 50 1336 1
50 8 1336 1
9 52 1482 1
52 9 1482 1
60 65 898 1
65 60 898 1
101 107 310 1
107 101 310 1
32 102 997 1
102 32 997 1
45 50 474 1
50 45 474 1
47 99 231 1
99 47 231 1
85 89 220 1
89 85 220 1
36 38 122 1
38 36 122 1
14 82 179 1
82 14 179 1
43 50 494 1
50 43 494 1
59 90 1104 1
90 59 1104 1
59 97 823 1
97 59 823 1
65 107 863 1
107 65 863 1
1 90 1264 1
90 1 1264 1
22 88 1044 1
88 22 1044 1
55 99 216 1
99 55 216 1
81 84 1146 1
84 81 1146 1
0 33 480 1
33 0 480 1
10 50 948 1
50 10 948 1
12 50 1114 1
50 12 1114 1
3 27 634 1
27 3 634 1
13 51 1107 1
51 13 1107 1
18 68 315 1
68 18 315 1
37 55 221 1
55 37 221 1
37 73 278 1
73 37 278 1
76 87 753 1
87 76 753 1
22 24 386 1
24 22 386 1
41 72 550 1
72 41 550 1
16 72 287 1
72 16 287 1
37 40 562 1
40 37 562 1
40 73 549 1
73 40 549 1
65 100 1146 1
100 65 1146 1
24 40 584 1
40 24 584 1
21 36 510 1
36 21 510 1
18 30 564 1
30 18 564 1
18 95 915 1
95 18 915 1
25 35 978 1
35 25 978 1
58 63 892 1
63 58 892 1
70 71 263 1
71 70 263 1
48 106 864 1
106 48 864 1
21 37 403 1
37 21 403 1
42 111 258 1
111 42 258 1
76 83 717 1
83 76 717 1
48 53 654 1
53 48 654 1
29 41 234 1
41 29 234 1
59 94 905 1
94 59 905 1
73 81 406 1
81 73 406 1
0 68 414 1
68 0 414 1
0 101 1354 1
101 0 1354 1
6 7 710 1
7 6 710 1
6 105 1236 1
105 6 1236 1
7 92 1445 1
92 7 1445 1
10 53 1310 1
53 10 1310 1
20 74 213 1
74 20 213 1
21 76 440 1
76 21 440 1
37 98 666 1
98 37 666 1
16 37 809 1
37 16 809 1
19 83 893 1
83 19 893 1
51 54 884 1
54 51 884 1
10 51 1261 1
51 10 1261 1
104 106 195 1
106 104 195 1
0 103 1292 1
103 0 1292 1
1 32 484 1
32 1 484 1
2 101 1431 1
101 2 1431 1
8 25 389 1
25 8 389 1
43 49 240 1
49 43 240 1
49 50 585 1
50 49 585 1
82 88 444 1
88 82 444 1
97 115 218 1
115 97 218 1
16 62 313 1
62 16 313 1
57 60 868 1
60 57 868 1
61 115 933 1
115 61 933 1
70 109 564 1
109 70 564 1
57 58 735 1
58 57 735 1
64 101 1142 1
101 64 1142 1
20 37 510 1
37 20 510 1
30 38 642 1
38 30 642 1
61 62 1047 1
62 61 1047 1
94 95 213 1
95 94 213 1
1 62 1027 1
62 1 1027 1
1 100 1327 1
100 1 1327 1
2 25 585 1
25 2 585 1
57 59 382 1
59 57 382 1
9 50 1509 1
50 9 1509 1
82 85 1121 1
85 82 1121 1
107 114 333 1
114 107 333 1
5 26 263 1
26 5 263 1
65 67 361 1
67 65 361 1
66 94 692 1
94 66 692 1
82 89 1043 1
89 82 1043 1
30 74 403 1
74 30 403 1
74 81 792 1
81 74 792 1
24 30 283 1
30 24 283 1
30 39 678 1
39 30 678 1
62 102 862 1
102 62 862 1
1 102 1288 1
102 1 1288 1
31 86 707 1
86 31 707 1
47 54 568 1
54 47 568 1
11 52 1305 1
52 11 1305 1
14 23 650 1
23 14 650 1
16 29 882 1
29 16 882 1
19 86 1069 1
86 19 1069 1
48 100 791 1
100 48 791 1
8 69 1192 1
69 8 1192 1
30 86 614 1
86 30 614 1
20 40 225 1
40 20 225 1
37 85 343 1
85 37 343 1
101 108 495 1
108 101 495 1
104 107 401 1
107 104 401 1
54 99 587 1
99 54 587 1
92 112 325 1
112 92 325 1
97 101 398 1
101 97 398 1
14 35 910 1
35 14 910 1
57 61 216 1
61 57 216 1
68 69 164 1
69 68 164 1
84 89 1110 1
89 84 1110 1
64 106 847 1
106 64 847 1
96 111 286 1
111 96 286 1
6 35 860 1
35 6 860 1
14 89 1093 1
89 14 1093 1
31 76 584 1
76 31 584 1
45 65 388 1
65 45 388 1
61 108 835 1
108 61 835 1
70 94 557 1
94 70 557 1
73 85 516 1
85 73 516 1
83 89 464 1
89 83 464 1
101 115 407 1
115 101 407 1
5 9 157 1
9 5 157 1
5 19 902 1
19 5 902 1
38 74 265 1
74 38 265 1
41 75 187 1
75 41 187 1
58 103 1188 1
103 58 1188 1
67 69 345 1
69 67 345 1
5 27 165 1
27 5 165 1
17 84 1128 1
84 17 1128 1
21 26 271 1
26 21 271 1
21 70 303 1
70 21 303 1
59 115 981 1
115 59 981 1
87 88 1035 1
88 87 1035 1
93 101 103 1
101 93 103 1
27 86 519 1
86 27 519 1
63 102 1192 1
102 63 1192 1
66 101 1048 1
101 66 1048 1
93 105 305 1
105 93 305 1
8 114 1127 1
114 8 1127 1
16 63 1092 1
63 16 1092 1
30 37 688 1
37 30 688 1
30 76 537 1
76 30 537 1
27 31 339 1
31 27 339 1
2 27 659 1
27 2 659 1
41 73 204 1
73 41 204 1
46 111 189 1
111 46 189 1
51 91 505 1
91 51 505 1
75 91 753 1
91 75 753 1
90 99 615 1
99 90 615 1
16 40 399 1
40 16 399 1
94 101 576 1
101 94 576 1
102 115 318 1
115 102 318 1
19 82 964 1
82 19 964 1
20 83 565 1
83 20 565 1
38 55 598 1
55 38 598 1
40 82 231 1
82 40 231 1
57 68 520 1
68 57 520 1
68 86 1151 1
86 68 1151 1
11 28 875 1
28 11 875 1
30 73 455 1
73 30 455 1
36 73 600 1
73 36 600 1
48 65 674 1
65 48 674 1
62 106 794 1
106 62 794 1
65 101 880 1
101 65 880 1
23 35 930 1
35 23 930 1
31 74 479 1
74 31 479 1
0 32 356 1
32 0 356 1
20 87 562 1
87 20 562 1
62 103 1159 1
103 62 1159 1
48 52 415 1
52 48 415 1
70 97 668 1
97 70 668 1
8 52 1288 1
52 8 1288 1
13 81 530 1
81 13 530 1
41 80 868 1
80 41 868 1
61 101 1003 1
101 61 1003 1
29 38 680 1
38 29 680 1
58 102 1067 1
102 58 1067 1
78 84 235 1
84 78 235 1
5 14 572 1
14 5 572 1
6 101 1437 1
101 6 1437 1
21 86 520 1
86 21 520 1
24 31 318 1
31 24 318 1
33 57 394 1
57 33 394 1
40 85 900 1
85 40 900 1
58 101 1214 1
101 58 1214 1
64 107 1075 1
107 64 1075 1
67 107 894 1
107 67 894 1
94 108 97 1
108 94 97 1
97 114 263 1
114 97 263 1
18 57 564 1
57 18 564 1
71 77 297 1
77 71 297 1
12 52 1107 1
52 12 1107 1
18 94 904 1
94 18 904 1
50 65 837 1
65 50 837 1
58 115 947 1
115 58 947 1
94 115 181 1
115 94 181 1
31 38 708 1
38 31 708 1
36 84 341 1
84 36 341 1
59 65 304 1
65 59 304 1
77 87 602 1
87 77 602 1
61 100 1241 1
100 61 1241 1
1 68 549 1
68 1 549 1
25 34 1006 1
34 25 1006 1
48 59 599 1
59 48 599 1
100 103 576 1
103 100 576 1
1 99 923 1
99 1 923 1
9 12 856 1
12 9 856 1
13 17 364 1
17 13 364 1
31 88 956 1
88 31 956 1
37 76 441 1
76 37 441 1
37 96 506 1
96 37 506 1
95 114 280 1
114 95 280 1
20 39 459 1
39 20 459 1
33 106 906 1
106 33 906 1
66 97 717 1
97 66 717 1
91 99 166 1
99 91 166 1
102 107 560 1
107 102 560 1
28 41 661 1
41 28 661 1
34 35 126 1
35 34 126 1
59 63 501 1
63 59 501 1
99 113 264 1
113 99 264 1
20 80 604 1
80 20 604 1
1 48 985 1
48 1 985 1
20 71 311 1
71 20 311 1
20 82 329 1
82 20 329 1
59 108 883 1
108 59 883 1
7 35 816 1
35 7 816 1
46 96 270 1
96 46 270 1
103 107 239 1
107 103 239 1
26 64 1183 1
64 26 1183 1
61 97 738 1
97 61 738 1
79 81 136 1
81 79 136 1
87 89 476 1
89 87 476 1
101 114 359 1
114 101 359 1
2 105 1253 1
105 2 1253 1
6 8 485 1
8 6 485 1
16 78 122 1
78 16 122 1
18 60 647 1
60 18 647 1
60 115 895 1
115 60 895 1
3 35 775 1
35 3 775 1
8 35 1046 1
35 8 1046 1
16 74 335 1
74 16 335 1
71 97 615 1
97 71 615 1
93 94 560 1
94 93 560 1
96 97 322 1
97 96 322 1
18 76 581 1
76 18 581 1
41 83 252 1
83 41 252 1
48 61 765 1
61 48 765 1
9 67 1237 1
67 9 1237 1
28 84 456 1
84 28 456 1
56 62 252 1
62 56 252 1
67 108 667 1
108 67 667 1
74 78 322 1
78 74 322 1
2 65 1144 1
65 2 1144 1
30 70 259 1
70 30 259 1
48 66 357 1
66 48 357 1
57 66 576 1
66 57 576 1
37 83 399 1
83 37 399 1
38 87 730 1
87 38 730 1
58 97 887 1
97 58 887 1
100 113 356 1
113 100 356 1
105 106 359 1
106 105 359 1
25 31 272 1
31 25 272 1
36 39 517 1
39 36 517 1
65 105 928 1
105 65 928 1
94 107 417 1
107 94 417 1
8 65 1425 1
65 8 1425 1
10 48 1025 1
48 10 1025 1
10 78 335 1
78 10 335 1
33 62 690 1
62 33 690 1
38 109 342 1
109 38 342 1
43 44 290 1
44 43 290 1
61 102 1213 1
102 61 1213 1
11 89 636 1
89 11 636 1
39 109 356 1
109 39 356 1
12 78 490 1
78 12 490 1
21 29 329 1
29 21 329 1
36 41 570 1
41 36 570 1
58 68 392 1
68 58 392 1
61 90 1156 1
90 61 1156 1
5 22 506 1
22 5 506 1
9 25 252 1
25 9 252 1
17 74 721 1
74 17 721 1
32 100 1015 1
100 32 1015 1
59 67 245 1
67 59 245 1
60 64 187 1
64 60 187 1
61 107 939 1
107 61 939 1
4 5 350 1
5 4 350 1
13 36 941 1
36 13 941 1
14 19 916 1
19 14 916 1
23 88 1119 1
88 23 1119 1
31 84 971 1
84 31 971 1
49 53 406 1
53 49 406 1
95 113 351 1
113 95 351 1
11 12 972 1
12 11 972 1
17 72 781 1
72 17 781 1
20 70 213 1
70 20 213 1
44 53 562 1
53 44 562 1
74 83 697 1
83 74 697 1
75 93 807 1
93 75 807 1
84 86 610 1
86 84 610 1
15 28 819 1
28 15 819 1
18 66 623 1
66 18 623 1
42 51 463 1
51 42 463 1
70 73 402 1
73 70 402 1
83 95 609 1
95 83 609 1
12 81 1161 1
81 12 1161 1
26 31 365 1
31 26 365 1
55 70 737 1
70 55 737 1
66 90 828 1
90 66 828 1
21 80 756 1
80 21 756 1
39 54 618 1
54 39 618 1
60 107 1124 1
107 60 1124 1
97 108 170 1
108 97 170 1
0 62 386 1
62 0 386 1
6 22 333 1
22 6 333 1
12 36 597 1
36 12 597 1
64 105 985 1
105 64 985 1
40 84 485 1
84 40 485 1
70 76 285 1
76 70 285 1
110 112 272 1
112 110 272 1
15 81 596 1
81 15 596 1
18 83 953 1
83 18 953 1
19 87 1016 1
87 19 1016 1
29 76 555 1
76 29 555 1
0 107 1161 1
107 0 1161 1
10 28 213 1
28 10 213 1
16 79 934 1
79 16 934 1
38 80 426 1
80 38 426 1
58 94 820 1
94 58 820 1
64 86 1029 1
86 64 1029 1
66 103 1026 1
103 66 1026 1
68 90 1109 1
90 68 1109 1
87 95 598 1
95 87 598 1
2 8 554 1
8 2 554 1
19 30 607 1
30 19 607 1
23 84 1113 1
84 23 1113 1
2 4 569 1
4 2 569 1
17 40 824 1
40 17 824 1
46 49 541 1
49 46 541 1
49 55 664 1
55 49 664 1
20 29 497 1
29 20 497 1
61 94 881 1
94 61 881 1
18 59 713 1
59 18 713 1
30 88 865 1
88 30 865 1
33 61 545 1
61 33 545 1
35 88 741 1
88 35 741 1
45 51 254 1
51 45 254 1
67 101 953 1
101 67 953 1
10 17 1029 1
17 10 1029 1
31 73 397 1
73 31 397 1
52 90 240 1
90 52 240 1
6 107 1177 1
107 6 1177 1
8 90 1188 1
90 8 1188 1
18 21 751 1
21 18 751 1
23 30 259 1
30 23 259 1
32 62 548 1
62 32 548 1
42 54 525 1
54 42 525 1
59 107 1064 1
107 59 1064 1
68 82 1040 1
82 68 1040 1
69 90 1119 1
90 69 1119 1
87 109 723 1
109 87 723 1
11 81 403 1
81 11 403 1
13 80 1155 1
80 13 1155 1
27 34 903 1
34 27 903 1
43 67 388 1
67 43 388 1
44 99 632 1
99 44 632 1
35 45 385 1
45 35 385 1
57 108 842 1
108 57 842 1
2 34 808 1
34 2 808 1
21 87 397 1
87 21 397 1
102 104 159 1
104 102 159 1
32 58 511 1
58 32 511 1
72 83 754 1
83 72 754 1
2 67 952 1
67 2 952 1
29 99 709 1
99 29 709 1
64 103 1097 1
103 64 1097 1
77 82 682 1
82 77 682 1
13 78 1046 1
78 13 1046 1
39 70 540 1
70 39 540 1
42 99 482 1
99 42 482 1
110 111 172 1
111 110 172 1
2 93 1417 1
93 2 1417 1
35 110 305 1
110 35 305 1
37 99 410 1
99 37 410 1
46 70 798 1
70 46 798 1
9 53 1347 1
53 9 1347 1
18 109 857 1
109 18 857 1
33 63 547 1
63 33 547 1
66 107 978 1
107 66 978 1
3 22 347 1
22 3 347 1
3 25 566 1
25 3 566 1
29 30 533 1
30 29 533 1
2 107 1169 1
107 2 1169 1
37 111 552 1
111 37 552 1
91 110 456 1
110 91 456 1
2 94 947 1
94 2 947 1
23 89 1070 1
89 23 1070 1
57 62 1000 1
62 57 1000 1
65 66 537 1
66 65 537 1
66 69 349 1
69 66 349 1
90 111 396 1
111 90 396 1
17 73 298 1
73 17 298 1
33 56 531 1
56 33 531 1
58 62 503 1
62 58 503 1
0 86 874 1
86 0 874 1
18 31 574 1
31 18 574 1
23 24 403 1
24 23 403 1
33 115 808 1
115 33 808 1
46 71 860 1
71 46 860 1
50 67 562 1
67 50 562 1
15 92 1292 1
92 15 1292 1
35 67 262 1
67 35 262 1
52 92 317 1
92 52 317 1
24 29 657 1
29 24 657 1
48 90 628 1
90 48 628 1
57 101 1081 1
101 57 1081 1
3 15 589 1
15 3 589 1
15 84 1175 1
84 15 1175 1
15 85 720 1
85 15 720 1
33 100 1072 1
100 33 1072 1
52 54 402 1
54 52 402 1
3 31 315 1
31 3 315 1
25 64 1312 1
64 25 1312 1
45 66 369 1
66 45 369 1
64 100 818 1
100 64 818 1
75 76 374 1
76 75 374 1
31 37 658 1
37 31 658 1
49 59 382 1
59 49 382 1
64 115 820 1
115 64 820 1
3 5 603 1
5 3 603 1
15 50 1377 1
50 15 1377 1
44 46 353 1
46 44 353 1
8 112 1273 1
112 8 1273 1
19 24 888 1
24 19 888 1
26 82 411 1
82 26 411 1
36 83 816 1
83 36 816 1
41 85 509 1
85 41 509 1
65 115 847 1
115 65 847 1
71 94 614 1
94 71 614 1
94 114 259 1
114 94 259 1
25 85 1018 1
85 25 1018 1
49 98 742 1
98 49 742 1
54 91 742 1
91 54 742 1
8 34 1027 1
34 8 1027 1
33 64 737 1
64 33 737 1
40 76 327 1
76 40 327 1
45 105 804 1
105 45 804 1
76 96 361 1
96 76 361 1
0 100 1107 1
100 0 1107 1
13 53 1148 1
53 13 1148 1
31 85 906 1
85 31 906 1
55 111 434 1
111 55 434 1
62 74 590 1
74 62 590 1
68 113 1115 1
113 68 1115 1
90 100 182 1
100 90 182 1
5 68 1146 1
68 5 1146 1
38 40 158 1
40 38 158 1
44 54 668 1
54 44 668 1
100 115 381 1
115 100 381 1
5 69 1149 1
69 5 1149 1
21 82 511 1
82 21 511 1
24 85 1108 1
85 24 1108 1
23 26 522 1
26 23 522 1
27 89 807 1
89 27 807 1
37 41 217 1
41 37 217 1
48 54 669 1
54 48 669 1
95 109 146 1
109 95 146 1
2 109 940 1
109 2 940 1
3 92 1420 1
92 3 1420 1
17 62 1129 1
62 17 1129 1
21 74 343 1
74 21 343 1
31 39 657 1
39 31 657 1
31 70 334 1
70 31 334 1
109 112 348 1
112 109 348 1
29 79 257 1
79 29 257 1
41 74 484 1
74 41 484 1
76 85 717 1
85 76 717 1
8 91 1373 1
91 8 1373 1
29 31 454 1
31 29 454 1
29 82 824 1
82 29 824 1
38 54 263 1
54 38 263 1
59 100 1223 1
100 59 1223 1
39 87 370 1
87 39 370 1
59 68 484 1
68 59 484 1
72 85 912 1
85 72 912 1
76 80 424 1
80 76 424 1
48 103 924 1
103 48 924 1
48 104 822 1
104 48 822 1
75 109 462 1
109 75 462 1
90 115 420 1
115 90 420 1
7 64 1244 1
64 7 1244 1
10 16 218 1
16 10 218 1
24 27 252 1
27 24 252 1
26 30 321 1
30 26 321 1
29 98 934 1
98 29 934 1
57 90 1197 1
90 57 1197 1
66 109 621 1
109 66 621 1
3 65 942 1
65 3 942 1
20 77 434 1
77 20 434 1
11 84 1188 1
84 11 1188 1
12 92 1168 1
92 12 1168 1
40 78 376 1
78 40 376 1
57 106 1143 1
106 57 1143 1
6 115 1087 1
115 6 1087 1
9 114 1147 1
114 9 1147 1
16 41 813 1
41 16 813 1
21 73 247 1
73 21 247 1
60 90 787 1
90 60 787 1
64 102 855 1
102 64 855 1
27 84 956 1
84 27 956 1
66 115 807 1
115 66 807 1
74 85 839 1
85 74 839 1
11 78 988 1
78 11 988 1
16 57 981 1
57 16 981 1
18 106 1114 1
106 18 1114 1
41 112 775 1
112 41 775 1
45 107 840 1
107 45 840 1
91 112 368 1
112 91 368 1
47 49 380 1
49 47 380 1
63 106 1106 1
106 63 1106 1
87 94 753 1
94 87 753 1
100 107 640 1
107 100 640 1
101 105 274 1
105 101 274 1
0 90 1005 1
90 0 1005 1
13 29 290 1
29 13 290 1
15 25 386 1
25 15 386 1
28 79 847 1
79 28 847 1
33 101 1066 1
101 33 1066 1
41 79 379 1
79 41 379 1
46 99 446 1
99 46 446 1
17 99 704 1
99 17 704 1
1 113 1104 1
113 1 1104 1
49 54 854 1
54 49 854 1
63 66 706 1
66 63 706 1
94 105 354 1
105 94 354 1
9 51 1357 1
51 9 1357 1
35 50 559 1
50 35 559 1
68 100 1230 1
100 68 1230 1
2 24 548 1
24 2 548 1
40 68 919 1
68 40 919 1
57 113 1031 1
113 57 1031 1
30 84 877 1
84 30 877 1
44 98 563 1
98 44 563 1
90 92 135 1
92 90 135 1
3 88 1145 1
88 3 1145 1
4 60 1138 1
60 4 1138 1
11 17 224 1
17 11 224 1
18 58 669 1
58 18 669 1
59 69 338 1
69 59 338 1
71 109 576 1
109 71 576 1
90 112 377 1
112 90 377 1
21 22 558 1
22 21 558 1
24 64 1287 1
64 24 1287 1
29 71 259 1
71 29 259 1
61 67 382 1
67 61 382 1
66 100 968 1
100 66 968 1
7 45 1151 1
45 7 1151 1
14 22 562 1
22 14 562 1
15 36 848 1
36 15 848 1
18 97 954 1
97 18 954 1
18 113 1181 1
113 18 1181 1
34 42 401 1
42 34 401 1
91 111 390 1
111 91 390 1
4 108 880 1
108 4 880 1
48 60 501 1
60 48 501 1
68 114 1093 1
114 68 1093 1
72 79 733 1
79 72 733 1
1 91 1007 1
91 1 1007 1
20 85 844 1
85 20 844 1
24 82 536 1
82 24 536 1
41 52 1018 1
52 41 1018 1
90 97 593 1
97 90 593 1
1 18 493 1
18 1 493 1
25 114 1103 1
114 25 1103 1
39 74 501 1
74 39 501 1
59 95 862 1
95 59 862 1
87 111 938 1
111 87 938 1
17 79 135 1
79 17 135 1
21 83 382 1
83 21 382 1
25 92 1338 1
92 25 1338 1
55 97 173 1
97 55 173 1
60 97 884 1
97 60 884 1
3 64 1134 1
64 3 1134 1
32 96 657 1
96 32 657 1
2 45 1193 1
45 2 1193 1
14 31 528 1
31 14 528 1
19 57 426 1
57 19 426 1
38 70 414 1
70 38 414 1
56 113 1026 1
113 56 1026 1
71 74 359 1
74 71 359 1
4 65 1344 1
65 4 1344 1
15 53 1143 1
53 15 1143 1
53 79 677 1
79 53 677 1
55 109 337 1
109 55 337 1
60 104 980 1
104 60 980 1
0 108 876 1
108 0 876 1
3 14 804 1
14 3 804 1
15 29 295 1
29 15 295 1
30 80 748 1
80 30 748 1
41 91 695 1
91 41 695 1
73 78 740 1
78 73 740 1
93 97 371 1
97 93 371 1
101 104 464 1
104 101 464 1
7 107 1014 1
107 7 1014 1
33 76 380 1
76 33 380 1
51 98 763 1
98 51 763 1
53 54 818 1
54 53 818 1
78 85 1017 1
85 78 1017 1
90 102 246 1
102 90 246 1
97 99 180 1
99 97 180 1
8 67 1258 1
67 8 1258 1
24 83 669 1
83 24 669 1
33 65 634 1
65 33 634 1
53 92 739 1
92 53 739 1
67 94 677 1
94 67 677 1
80 98 568 1
98 80 568 1
85 87 616 1
87 85 616 1
103 115 322 1
115 103 322 1
11 83 383 1
83 11 383 1
18 89 1085 1
89 18 1085 1
32 101 1092 1
101 32 1092 1
37 54 645 1
54 37 645 1
59 101 1108 1
101 59 1108 1
67 92 922 1
92 67 922 1
91 92 669 1
92 91 669 1
4 64 1218 1
64 4 1218 1
21 96 648 1
96 21 648 1
24 70 465 1
70 24 465 1
32 57 493 1
57 32 493 1
33 94 670 1
94 33 670 1
37 47 493 1
47 37 493 1
44 100 799 1
100 44 799 1
57 115 958 1
115 57 958 1
18 77 606 1
77 18 606 1
68 91 1170 1
91 68 1170 1
77 95 322 1
95 77 322 1
95 101 458 1
101 95 458 1
113 114 95 1
114 113 95 1
20 26 232 1
26 20 232 1
45 46 448 1
46 45 448 1
68 88 1023 1
88 68 1023 1
70 92 982 1
92 70 982 1
25 26 225 1
26 25 225 1
30 40 513 1
40 30 513 1
55 77 412 1
77 55 412 1
94 106 271 1
106 94 271 1
5 88 1026 1
88 5 1026 1
6 100 1229 1
100 6 1229 1
12 51 1375 1
51 12 1375 1
21 95 510 1
95 21 510 1
70 93 1035 1
93 70 1035 1
7 100 1408 1
100 7 1408 1
13 73 358 1
73 13 358 1
49 58 594 1
58 49 594 1
69 114 1057 1
114 69 1057 1
73 84 919 1
84 73 919 1
82 95 720 1
95 82 720 1
23 85 1053 1
85 23 1053 1
37 78 740 1
78 37 740 1
39 98 655 1
98 39 655 1
42 92 498 1
92 42 498 1
50 100 650 1
100 50 650 1
44 52 464 1
52 44 464 1
48 105 862 1
105 48 862 1
51 99 497 1
99 51 497 1
56 60 232 1
60 56 232 1
66 68 378 1
68 66 378 1
1 33 355 1
33 1 355 1
5 23 453 1
23 5 453 1
11 29 239 1
29 11 239 1
46 77 585 1
77 46 585 1
66 95 734 1
95 66 734 1
75 112 790 1
112 75 790 1
12 53 1414 1
53 12 1414 1
24 35 1010 1
35 24 1010 1
24 88 947 1
88 24 947 1
32 61 611 1
61 32 611 1
32 66 416 1
66 32 416 1
43 55 485 1
55 43 485 1
61 103 1017 1
103 61 1017 1
98 113 276 1
113 98 276 1
11 36 890 1
36 11 890 1
47 77 509 1
77 47 509 1
50 69 818 1
69 50 818 1
51 90 888 1
90 51 888 1
3 89 961 1
89 3 961 1
6 94 917 1
94 6 917 1
6 106 1024 1
106 6 1024 1
24 86 569 1
86 24 569 1
57 114 1007 1
114 57 1007 1
79 112 791 1
112 79 791 1
29 39 339 1
39 29 339 1
35 43 347 1
43 35 347 1
49 99 587 1
99 49 587 1
84 88 224 1
88 84 224 1
90 106 378 1
106 90 378 1
8 27 425 1
27 8 425 1
21 40 380 1
40 21 380 1
28 30 436 1
30 28 436 1
72 76 257 1
76 72 257 1
0 65 1009 1
65 0 1009 1
9 93 1250 1
93 9 1250 1
28 98 715 1
98 28 715 1
28 99 923 1
99 28 923 1
58 107 1147 1
107 58 1147 1
65 108 767 1
108 65 767 1
25 86 638 1
86 25 638 1
39 46 678 1
46 39 678 1
48 101 937 1
101 48 937 1
71 98 866 1
98 71 866 1
80 99 917 1
99 80 917 1
91 98 616 1
98 91 616 1
105 109 371 1
109 105 371 1
12 28 275 1
28 12 275 1
14 15 772 1
15 14 772 1
25 69 1122 1
69 25 1122 1
22 86 800 1
86 22 800 1
38 76 305 1
76 38 305 1
49 66 437 1
66 49 437 1
60 113 938 1
113 60 938 1
63 115 886 1
115 63 886 1
70 87 695 1
87 70 695 1
80 82 469 1
82 80 469 1
113 115 188 1
115 113 188 1
1 44 896 1
44 1 896 1
25 88 998 1
88 25 998 1
44 55 743 1
55 44 743 1
60 94 741 1
94 60 741 1
7 93 1261 1
93 7 1261 1
14 114 959 1
114 14 959 1
21 27 209 1
27 21 209 1
37 87 433 1
87 37 433 1
38 41 513 1
41 38 513 1
48 107 958 1
107 48 958 1
71 95 547 1
95 71 547 1
13 72 796 1
72 13 796 1
50 101 936 1
101 50 936 1
59 102 1214 1
102 59 1214 1
61 114 963 1
114 61 963 1
18 56 478 1
56 18 478 1
21 88 754 1
88 21 754 1
35 105 686 1
105 35 686 1
45 69 625 1
69 45 625 1
2 5 685 1
5 2 685 1
14 85 1160 1
85 14 1160 1
26 89 900 1
89 26 900 1
52 79 1040 1
79 52 1040 1
6 50 1151 1
50 6 1151 1
7 9 490 1
9 7 490 1
37 84 862 1
84 37 862 1
57 103 1078 1
103 57 1078 1
65 104 1022 1
104 65 1022 1
93 114 346 1
114 93 346 1
34 44 373 1
44 34 373 1
37 46 651 1
46 37 651 1
63 103 934 1
103 63 934 1
85 95 486 1
95 85 486 1
5 83 447 1
83 5 447 1
18 39 896 1
39 18 896 1
19 88 1069 1
88 19 1069 1
21 24 413 1
24 21 413 1
34 101 848 1
101 34 848 1
38 72 305 1
72 38 305 1
43 51 245 1
51 43 245 1
4 90 1167 1
90 4 1167 1
12 16 384 1
16 12 384 1
26 106 767 1
106 26 767 1
60 68 469 1
68 60 469 1
36 71 552 1
71 36 552 1
42 50 271 1
50 42 271 1
56 87 1244 1
87 56 1244 1
77 96 456 1
96 77 456 1
11 53 1019 1
53 11 1019 1
46 92 368 1
92 46 368 1
48 62 640 1
62 48 640 1
2 26 618 1
26 2 618 1
2 103 1363 1
103 2 1363 1
4 101 1261 1
101 4 1261 1
17 63 324 1
63 17 324 1
32 59 581 1
59 32 581 1
38 86 366 1
86 38 366 1
65 94 821 1
94 65 821 1
90 93 690 1
93 90 690 1
97 100 590 1
100 97 590 1
1 86 1182 1
86 1 1182 1
44 58 416 1
58 44 416 1
87 113 899 1
113 87 899 1
1 51 787 1
51 1 787 1
6 104 1174 1
104 6 1174 1
11 80 1102 1
80 11 1102 1
12 110 967 1
110 12 967 1
43 98 522 1
98 43 522 1
50 92 549 1
92 50 549 1
58 109 771 1
109 58 771 1
65 102 1120 1
102 65 1120 1
65 114 861 1
114 65 861 1
9 65 1235 1
65 9 1235 1
34 69 465 1
69 34 465 1
43 110 298 1
110 43 298 1
65 88 1179 1
88 65 1179 1
74 82 336 1
82 74 336 1
15 17 481 1
17 15 481 1
18 64 805 1
64 18 805 1
20 109 557 1
109 20 557 1
31 89 902 1
89 31 902 1
109 111 273 1
111 109 273 1
5 84 1110 1
84 5 1110 1
12 17 1046 1
17 12 1046 1
20 84 687 1
84 20 687 1
61 95 778 1
95 61 778 1
80 111 747 1
111 80 747 1
2 106 1085 1
106 2 1085 1
12 48 1186 1
48 12 1186 1
18 38 861 1
38 18 861 1
20 22 544 1
22 20 544 1
24 36 774 1
36 24 774 1
29 111 842 1
111 29 842 1
46 112 262 1
112 46 262 1
63 108 791 1
108 63 791 1
73 82 720 1
82 73 720 1
94 103 496 1
103 94 496 1
4 48 1379 1
48 4 1379 1
17 85 352 1
85 17 352 1
27 43 1124 1
43 27 1124 1
33 39 630 1
39 33 630 1
41 84 910 1
84 41 910 1
66 102 974 1
102 66 974 1
9 34 1087 1
34 9 1087 1
19 31 589 1
31 19 589 1
27 50 1279 1
50 27 1279 1
56 76 519 1
76 56 519 1
62 104 898 1
104 62 898 1
87 97 649 1
97 87 649 1
9 13 376 1
13 9 376 1
17 83 381 1
83 17 381 1
23 64 1238 1
64 23 1238 1
24 28 571 1
28 24 571 1
25 67 1191 1
67 25 1191 1
26 60 1118 1
60 26 1118 1
33 58 627 1
58 33 627 1
42 48 243 1
48 42 243 1
74 84 507 1
84 74 507 1
14 64 1035 1
64 14 1035 1
45 47 345 1
47 45 345 1
56 74 591 1
74 56 591 1
68 102 1226 1
102 68 1226 1
77 83 539 1
83 77 539 1
100 114 352 1
114 100 352 1
14 53 1349 1
53 14 1349 1
25 43 1261 1
43 25 1261 1
60 86 1011 1
86 60 1011 1
72 75 453 1
75 72 453 1
73 79 296 1
79 73 296 1
83 86 863 1
86 83 863 1
0 19 488 1
19 0 488 1
9 11 523 1
11 9 523 1
45 92 789 1
92 45 789 1
8 41 768 1
41 8 768 1
12 42 1154 1
42 12 1154 1
18 96 925 1
96 18 925 1
20 41 386 1
41 20 386 1
59 103 1115 1
103 59 1115 1
73 77 274 1
77 73 274 1
20 86 362 1
86 20 362 1
44 69 648 1
69 44 648 1
47 112 265 1
112 47 265 1
64 108 748 1
108 64 748 1
102 113 317 1
113 102 317 1
3 26 678 1
26 3 678 1
14 83 858 1
83 14 858 1
19 84 968 1
84 19 968 1
25 50 1404 1
50 25 1404 1
41 68 978 1
68 41 978 1
97 102 534 1
102 97 534 1
99 112 272 1
112 99 272 1
101 109 540 1
109 101 540 1
5 64 1350 1
64 5 1350 1
32 68 304 1
68 32 304 1
97 112 339 1
112 97 339 1
4 24 144 1
24 4 144 1
5 86 673 1
86 5 673 1
9 41 527 1
41 9 527 1
20 95 541 1
95 20 541 1
21 109 565 1
109 21 565 1
44 106 847 1
106 44 847 1
69 92 1197 1
92 69 1197 1
2 23 340 1
23 2 340 1
5 108 888 1
108 5 888 1
8 15 741 1
15 8 741 1
18 71 561 1
71 18 561 1
76 95 396 1
95 76 396 1
91 93 118 1
93 91 118 1
0 88 782 1
88 0 782 1
17 98 995 1
98 17 995 1
50 103 905 1
103 50 905 1
57 97 767 1
97 57 767 1
86 95 706 1
95 86 706 1
13 16 1048 1
16 13 1048 1
7 22 454 1
22 7 454 1
39 94 407 1
94 39 407 1
40 95 491 1
95 40 491 1
57 87 938 1
87 57 938 1
70 75 355 1
75 70 355 1
71 87 510 1
87 71 510 1
78 83 999 1
83 78 999 1
81 99 581 1
99 81 581 1
4 12 434 1
12 4 434 1
9 45 1389 1
45 9 1389 1
11 73 310 1
73 11 310 1
15 51 1162 1
51 15 1162 1
16 112 888 1
112 16 888 1
31 80 848 1
80 31 848 1
59 114 1002 1
114 59 1002 1
87 96 843 1
96 87 843 1
38 98 432 1
98 38 432 1
40 79 762 1
79 40 762 1
57 69 378 1
69 57 378 1
65 103 905 1
103 65 905 1
96 113 315 1
113 96 315 1
103 109 477 1
109 103 477 1
8 68 1123 1
68 8 1123 1
19 40 851 1
40 19 851 1
20 24 393 1
24 20 393 1
26 58 1249 1
58 26 1249 1
40 75 477 1
75 40 477 1
68 89 1110 1
89 68 1110 1
1 49 776 1
49 1 776 1
4 113 1150 1
113 4 1150 1
4 114 1058 1
114 4 1058 1
5 82 673 1
82 5 673 1
7 8 828 1
8 7 828 1
11 72 773 1
72 11 773 1
56 81 1090 1
81 56 1090 1
86 109 700 1
109 86 700 1
92 114 349 1
114 92 349 1
7 50 1347 1
50 7 1347 1
9 81 803 1
81 9 803 1
17 52 1166 1
52 17 1166 1
26 32 791 1
32 26 791 1
35 93 718 1
93 35 718 1
36 99 637 1
99 36 637 1
66 108 706 1
108 66 706 1
93 104 478 1
104 93 478 1
104 109 377 1
109 104 377 1
3 87 809 1
87 3 809 1
13 74 757 1
74 13 757 1
15 78 1000 1
78 15 1000 1
34 103 810 1
103 34 810 1
57 95 781 1
95 57 781 1
2 60 843 1
60 2 843 1
5 89 870 1
89 5 870 1
16 73 769 1
73 16 769 1
17 24 864 1
24 17 864 1
17 56 1024 1
56 17 1024 1
32 63 656 1
63 32 656 1
19 90 1212 1
90 19 1212 1
24 80 900 1
80 24 900 1
37 70 546 1
70 37 546 1
37 82 780 1
82 37 780 1
80 87 1107 1
87 80 1107 1
1 52 1206 1
52 1 1206 1
20 88 611 1
88 20 611 1
36 79 738 1
79 36 738 1
44 90 651 1
90 44 651 1
49 90 859 1
90 49 859 1
77 93 729 1
93 77 729 1
0 104 1096 1
104 0 1096 1
4 107 958 1
107 4 958 1
7 23 337 1
23 7 337 1
8 101 1359 1
101 8 1359 1
20 96 592 1
96 20 592 1
28 42 898 1
42 28 898 1
28 76 345 1
76 28 345 1
48 102 819 1
102 48 819 1
54 71 757 1
71 54 757 1
68 95 921 1
95 68 921 1
75 97 469 1
97 75 469 1
4 115 964 1
115 4 964 1
