116 2668
94 97 266 1
97 94 266 1
29 72 629 1
72 29 629 1
95 97 97 1
97 95 97 1
22 23 140 1
23 22 140 1
95 115 205 1
115 95 205 1
108 115 135 1
115 108 135 1
94 95 213 1
95 94 213 1
95 108 123 1
108 95 123 1
94 108 97 1
108 94 97 1
28 72 116 1
72 28 116 1
94 115 181 1
115 94 181 1
97 115 218 1
115 97 218 1
16 17 998 1
17 16 998 1
97 109 174 1
109 97 174 1
97 108 170 1
108 97 170 1
6 7 710 1
7 6 710 1
44 49 304 1
49 44 304 1
25 27 193 1
27 25 193 1
38 39 465 1
39 38 465 1
80 81 1113 1
81 80 1113 1
95 109 146 1
109 95 146 1
43 45 199 1
45 43 199 1
8 9 638 1
9 8 638 1
73 74 458 1
74 73 458 1
23 27 506 1
27 23 506 1
94 109 127 1
109 94 127 1
42 44 208 1
44 42 208 1
38 55 598 1
55 38 598 1
4 5 350 1
5 4 350 1
22 27 524 1
27 22 524 1
72 74 76 1
74 72 76 1
23 25 373 1
25 23 373 1
22 25 402 1
25 22 402 1
17 78 955 1
78 17 955 1
91 93 118 1
93 91 118 1
78 79 878 1
79 78 878 1
78 81 1002 1
81 78 1002 1
101 103 106 1
103 101 106 1
55 96 492 1
96 55 492 1
42 43 239 1
43 42 239 1
28 29 741 1
29 28 741 1
45 49 111 1
49 45 111 1
73 76 450 1
76 73 450 1
17 28 894 1
28 17 894 1
73 75 84 1
75 73 84 1
79 81 136 1
81 79 136 1
30 31 127 1
31 30 127 1
39 55 254 1
55 39 254 1
94 114 259 1
114 94 259 1
17 79 135 1
79 17 135 1
105 114 152 1
114 105 152 1
29 81 342 1
81 29 342 1
90 91 735 1
91 90 735 1
17 81 182 1
81 17 182 1
29 74 571 1
74 29 571 1
90 92 135 1
92 90 135 1
95 107 258 1
107 95 258 1
97 114 263 1
114 97 263 1
90 93 690 1
93 90 690 1
4 8 148 1
8 4 148 1
43 47 146 1
47 43 146 1
39 96 494 1
96 39 494 1
109 115 211 1
115 109 211 1
4 9 500 1
9 4 500 1
2 7 566 1
7 2 566 1
39 95 233 1
95 39 233 1
3 93 1309 1
93 3 1309 1
114 115 96 1
115 114 96 1
12 13 959 1
13 12 959 1
96 110 214 1
110 96 214 1
29 73 113 1
73 29 113 1
74 76 203 1
76 74 203 1
108 109 87 1
109 108 87 1
52 53 746 1
53 52 746 1
76 78 312 1
78 76 312 1
105 115 176 1
115 105 176 1
16 78 122 1
78 16 122 1
26 27 135 1
27 26 135 1
28 81 975 1
81 28 975 1
58 66 198 1
66 58 198 1
17 29 223 1
29 17 223 1
39 108 341 1
108 39 341 1
72 73 517 1
73 72 517 1
95 114 280 1
114 95 280 1
10 12 181 1
12 10 181 1
106 114 322 1
114 106 322 1
76 77 238 1
77 76 238 1
72 76 257 1
76 72 257 1
29 63 531 1
63 29 531 1
95 105 309 1
105 95 309 1
11 16 1004 1
16 11 1004 1
3 22 347 1
22 3 347 1
17 72 781 1
72 17 781 1
63 81 293 1
81 63 293 1
93 101 103 1
101 93 103 1
38 96 284 1
96 38 284 1
97 107 263 1
107 97 263 1
58 60 266 1
60 58 266 1
75 76 374 1
76 75 374 1
17 63 324 1
63 17 324 1
78 80 116 1
80 78 116 1
72 81 860 1
81 72 860 1
3 23 271 1
23 3 271 1
42 46 173 1
46 42 173 1
39 97 289 1
97 39 289 1
94 106 271 1
106 94 271 1
2 6 165 1
6 2 165 1
113 114 95 1
114 113 95 1
11 13 168 1
13 11 168 1
87 89 476 1
89 87 476 1
32 33 149 1
33 32 149 1
10 11 986 1
11 10 986 1
54 55 651 1
55 54 651 1
11 17 224 1
17 11 224 1
29 76 555 1
76 29 555 1
70 71 263 1
71 70 263 1
27 87 439 1
87 27 439 1
29 40 655 1
40 29 655 1
97 106 471 1
106 97 471 1
93 103 173 1
103 93 173 1
28 78 272 1
78 28 272 1
29 75 189 1
75 29 189 1
42 49 396 1
49 42 396 1
72 75 453 1
75 72 453 1
31 40 592 1
40 31 592 1
41 74 484 1
74 41 484 1
44 46 353 1
46 44 353 1
16 28 220 1
28 16 220 1
25 26 225 1
26 25 225 1
84 85 1130 1
85 84 1130 1
3 90 1350 1
90 3 1350 1
31 71 265 1
71 31 265 1
19 68 313 1
68 19 313 1
29 78 851 1
78 29 851 1
74 75 389 1
75 74 389 1
94 107 417 1
107 94 417 1
36 38 122 1
38 36 122 1
16 81 1063 1
81 16 1063 1
72 78 300 1
78 72 300 1
109 114 278 1
114 109 278 1
106 107 486 1
107 106 486 1
3 91 1236 1
91 3 1236 1
39 107 280 1
107 39 280 1
58 59 496 1
59 58 496 1
108 114 218 1
114 108 218 1
5 9 157 1
9 5 157 1
63 72 944 1
72 63 944 1
13 28 892 1
28 13 892 1
36 79 738 1
79 36 738 1
28 74 188 1
74 28 188 1
40 74 182 1
74 40 182 1
76 81 691 1
81 76 691 1
2 18 379 1
18 2 379 1
16 79 934 1
79 16 934 1
30 74 403 1
74 30 403 1
60 63 1021 1
63 60 1021 1
16 80 152 1
80 16 152 1
22 26 505 1
26 22 505 1
40 81 874 1
81 40 874 1
79 80 991 1
80 79 991 1
12 16 384 1
16 12 384 1
22 91 1377 1
91 22 1377 1
28 40 248 1
40 28 248 1
36 78 263 1
78 36 263 1
13 16 1048 1
16 13 1048 1
39 115 411 1
115 39 411 1
35 65 453 1
65 35 453 1
85 87 616 1
87 85 616 1
13 17 364 1
17 13 364 1
40 72 200 1
72 40 200 1
91 92 669 1
92 91 669 1
5 93 1207 1
93 5 1207 1
94 113 328 1
113 94 328 1
38 54 263 1
54 38 263 1
39 94 407 1
94 39 407 1
20 21 185 1
21 20 185 1
23 87 803 1
87 23 803 1
44 45 194 1
45 44 194 1
51 53 271 1
53 51 271 1
2 91 1366 1
91 2 1366 1
22 87 870 1
87 22 870 1
94 105 354 1
105 94 354 1
107 108 333 1
108 107 333 1
3 5 603 1
5 3 603 1
62 63 1134 1
63 62 1134 1
74 79 666 1
79 74 666 1
2 93 1417 1
93 2 1417 1
23 92 1466 1
92 23 1466 1
30 72 390 1
72 30 390 1
17 76 648 1
76 17 648 1
97 111 292 1
111 97 292 1
56 57 840 1
57 56 840 1
3 92 1420 1
92 3 1420 1
33 81 613 1
81 33 613 1
107 111 490 1
111 107 490 1
107 115 298 1
115 107 298 1
29 33 510 1
33 29 510 1
40 41 506 1
41 40 506 1
21 71 214 1
71 21 214 1
23 65 1169 1
65 23 1169 1
42 45 300 1
45 42 300 1
72 79 733 1
79 72 733 1
3 26 678 1
26 3 678 1
3 67 879 1
67 3 879 1
43 49 240 1
49 43 240 1
7 9 490 1
9 7 490 1
10 16 218 1
16 10 218 1
25 87 575 1
87 25 575 1
26 93 1144 1
93 26 1144 1
33 40 654 1
40 33 654 1
106 115 278 1
115 106 278 1
36 76 232 1
76 36 232 1
23 67 1077 1
67 23 1077 1
92 93 608 1
93 92 608 1
28 73 629 1
73 28 629 1
2 67 952 1
67 2 952 1
28 76 345 1
76 28 345 1
3 4 707 1
4 3 707 1
68 69 164 1
69 68 164 1
30 40 513 1
40 30 513 1
102 103 508 1
103 102 508 1
29 79 257 1
79 29 257 1
28 63 1049 1
63 28 1049 1
38 107 545 1
107 38 545 1
73 81 406 1
81 73 406 1
75 77 210 1
77 75 210 1
105 106 359 1
106 105 359 1
17 73 298 1
73 17 298 1
97 105 299 1
105 97 299 1
28 32 528 1
32 28 528 1
107 109 392 1
109 107 392 1
29 30 533 1
30 29 533 1
43 44 290 1
44 43 290 1
70 73 402 1
73 70 402 1
70 75 355 1
75 70 355 1
59 61 271 1
61 59 271 1
32 72 471 1
72 32 471 1
40 79 762 1
79 40 762 1
105 108 296 1
108 105 296 1
12 17 1046 1
17 12 1046 1
18 91 1236 1
91 18 1236 1
48 51 548 1
51 48 548 1
82 86 143 1
86 82 143 1
22 92 1425 1
92 22 1425 1
5 26 263 1
26 5 263 1
67 91 790 1
91 67 790 1
95 106 414 1
106 95 414 1
12 61 1246 1
61 12 1246 1
30 73 455 1
73 30 455 1
25 92 1338 1
92 25 1338 1
42 47 281 1
47 42 281 1
97 113 312 1
113 97 312 1
29 41 234 1
41 29 234 1
54 99 587 1
99 54 587 1
23 91 1352 1
91 23 1352 1
33 72 507 1
72 33 507 1
38 99 625 1
99 38 625 1
3 27 634 1
27 3 634 1
21 110 690 1
110 21 690 1
56 78 391 1
78 56 391 1
71 73 163 1
73 71 163 1
74 81 792 1
81 74 792 1
45 47 345 1
47 45 345 1
55 99 216 1
99 55 216 1
76 79 567 1
79 76 567 1
13 61 843 1
61 13 843 1
18 66 623 1
66 18 623 1
49 51 172 1
51 49 172 1
4 91 1276 1
91 4 1276 1
11 12 972 1
12 11 972 1
41 73 204 1
73 41 204 1
12 60 825 1
60 12 825 1
106 108 322 1
108 106 322 1
5 67 1194 1
67 5 1194 1
11 28 875 1
28 11 875 1
17 80 1070 1
80 17 1070 1
63 78 1033 1
78 63 1033 1
28 79 847 1
79 28 847 1
38 97 469 1
97 38 469 1
109 113 333 1
113 109 333 1
59 66 363 1
66 59 363 1
60 61 893 1
61 60 893 1
3 103 1279 1
103 3 1279 1
39 109 356 1
109 39 356 1
2 3 405 1
3 2 405 1
20 71 311 1
71 20 311 1
8 24 258 1
24 8 258 1
89 102 866 1
102 89 866 1
4 6 536 1
6 4 536 1
10 13 1004 1
13 10 1004 1
8 69 1192 1
69 8 1192 1
29 32 631 1
32 29 631 1
109 111 273 1
111 109 273 1
13 72 796 1
72 13 796 1
54 96 167 1
96 54 167 1
52 54 402 1
54 52 402 1
3 25 566 1
25 3 566 1
21 31 344 1
31 21 344 1
22 90 1341 1
90 22 1341 1
38 95 382 1
95 38 382 1
27 89 807 1
89 27 807 1
73 78 740 1
78 73 740 1
13 29 290 1
29 13 290 1
20 31 387 1
31 20 387 1
46 112 262 1
112 46 262 1
3 7 185 1
7 3 185 1
17 74 721 1
74 17 721 1
32 63 656 1
63 32 656 1
86 87 805 1
87 86 805 1
27 92 1167 1
92 27 1167 1
65 67 361 1
67 65 361 1
1 68 549 1
68 1 549 1
28 33 585 1
33 28 585 1
3 101 1324 1
101 3 1324 1
48 52 415 1
52 48 415 1
74 78 322 1
78 74 322 1
5 8 493 1
8 5 493 1
23 35 930 1
35 23 930 1
24 26 201 1
26 24 201 1
61 63 238 1
63 61 238 1
63 76 747 1
76 63 747 1
22 65 1204 1
65 22 1204 1
6 66 934 1
66 6 934 1
35 47 370 1
47 35 370 1
6 9 834 1
9 6 834 1
26 90 1088 1
90 26 1088 1
62 80 268 1
80 62 268 1
25 67 1191 1
67 25 1191 1
47 48 490 1
48 47 490 1
90 103 653 1
103 90 653 1
4 35 987 1
35 4 987 1
5 92 1324 1
92 5 1324 1
22 88 1044 1
88 22 1044 1
35 67 262 1
67 35 262 1
39 111 575 1
111 39 575 1
4 67 1210 1
67 4 1210 1
7 93 1261 1
93 7 1261 1
4 93 1288 1
93 4 1288 1
7 91 1186 1
91 7 1186 1
42 77 643 1
77 42 643 1
85 89 220 1
89 85 220 1
30 75 454 1
75 30 454 1
36 37 542 1
37 36 542 1
20 84 687 1
84 20 687 1
4 26 161 1
26 4 161 1
5 91 1178 1
91 5 1178 1
105 113 210 1
113 105 210 1
7 67 937 1
67 7 937 1
27 90 1121 1
90 27 1121 1
109 112 348 1
112 109 348 1
14 88 613 1
88 14 613 1
23 26 522 1
26 23 522 1
25 50 1404 1
50 25 1404 1
40 78 376 1
78 40 376 1
17 36 828 1
36 17 828 1
22 93 1426 1
93 22 1426 1
23 90 1391 1
90 23 1391 1
36 54 228 1
54 36 228 1
91 101 197 1
101 91 197 1
41 81 452 1
81 41 452 1
89 103 468 1
103 89 468 1
96 111 286 1
111 96 286 1
4 7 733 1
7 4 733 1
4 24 144 1
24 4 144 1
22 67 1070 1
67 22 1070 1
16 72 287 1
72 16 287 1
20 30 328 1
30 20 328 1
27 50 1279 1
50 27 1279 1
27 103 986 1
103 27 986 1
36 74 242 1
74 36 242 1
0 13 1027 1
13 0 1027 1
13 32 767 1
32 13 767 1
67 92 922 1
92 67 922 1
4 90 1167 1
90 4 1167 1
12 54 794 1
54 12 794 1
17 32 646 1
32 17 646 1
38 94 246 1
94 38 246 1
96 109 176 1
109 96 176 1
26 91 1131 1
91 26 1131 1
27 93 1095 1
93 27 1095 1
32 61 611 1
61 32 611 1
21 84 830 1
84 21 830 1
22 89 1126 1
89 22 1126 1
75 81 434 1
81 75 434 1
2 66 917 1
66 2 917 1
5 35 974 1
35 5 974 1
0 58 565 1
58 0 565 1
31 33 517 1
33 31 517 1
73 77 274 1
77 73 274 1
89 90 968 1
90 89 968 1
26 89 900 1
89 26 900 1
28 80 329 1
80 28 329 1
29 80 961 1
80 29 961 1
45 67 282 1
67 45 282 1
27 67 1105 1
67 27 1105 1
6 93 1425 1
93 6 1425 1
95 111 347 1
111 95 347 1
7 8 828 1
8 7 828 1
20 87 562 1
87 20 562 1
36 55 626 1
55 36 626 1
37 76 441 1
76 37 441 1
7 18 581 1
18 7 581 1
22 50 1336 1
50 22 1336 1
28 30 436 1
30 28 436 1
28 75 567 1
75 28 567 1
2 5 685 1
5 2 685 1
9 69 1181 1
69 9 1181 1
8 18 880 1
18 8 880 1
30 71 303 1
71 30 303 1
60 66 370 1
66 60 370 1
65 92 1075 1
92 65 1075 1
11 72 773 1
72 11 773 1
18 67 652 1
67 18 652 1
73 79 296 1
79 73 296 1
88 89 1035 1
89 88 1035 1
94 111 316 1
111 94 316 1
37 41 217 1
41 37 217 1
91 103 258 1
103 91 258 1
96 97 322 1
97 96 322 1
96 99 428 1
99 96 428 1
5 7 538 1
7 5 538 1
11 29 239 1
29 11 239 1
16 29 882 1
29 16 882 1
18 93 1308 1
93 18 1308 1
22 35 922 1
35 22 922 1
38 108 316 1
108 38 316 1
111 112 111 1
112 111 111 1
0 12 517 1
12 0 517 1
3 18 417 1
18 3 417 1
9 18 946 1
18 9 946 1
105 107 233 1
107 105 233 1
36 72 276 1
72 36 276 1
41 75 187 1
75 41 187 1
63 79 303 1
79 63 303 1
1 19 351 1
19 1 351 1
26 103 1030 1
103 26 1030 1
83 85 549 1
85 83 549 1
33 78 590 1
78 33 590 1
40 73 549 1
73 40 549 1
34 35 126 1
35 34 126 1
52 58 705 1
58 52 705 1
63 80 1146 1
80 63 1146 1
99 111 265 1
111 99 265 1
7 92 1445 1
92 7 1445 1
36 95 408 1
95 36 408 1
67 93 875 1
93 67 875 1
90 101 719 1
101 90 719 1
75 78 667 1
78 75 667 1
16 36 349 1
36 16 349 1
6 91 1386 1
91 6 1386 1
6 18 473 1
18 6 473 1
20 70 213 1
70 20 213 1
36 96 257 1
96 36 257 1
0 1 800 1
1 0 800 1
8 92 1269 1
92 8 1269 1
17 33 512 1
33 17 512 1
71 75 163 1
75 71 163 1
25 91 1244 1
91 25 1244 1
105 109 371 1
109 105 371 1
4 65 1344 1
65 4 1344 1
5 6 733 1
6 5 733 1
59 60 718 1
60 59 718 1
47 98 442 1
98 47 442 1
27 91 1074 1
91 27 1074 1
40 80 433 1
80 40 433 1
95 96 288 1
96 95 288 1
16 56 380 1
56 16 380 1
38 115 384 1
115 38 384 1
52 100 420 1
100 52 420 1
64 84 478 1
84 64 478 1
3 68 689 1
68 3 689 1
13 63 653 1
63 13 653 1
41 72 550 1
72 41 550 1
22 86 800 1
86 22 800 1
35 91 647 1
91 35 647 1
37 96 506 1
96 37 506 1
40 76 327 1
76 40 327 1
56 99 1051 1
99 56 1051 1
6 8 485 1
8 6 485 1
47 49 380 1
49 47 380 1
51 52 786 1
52 51 786 1
32 74 456 1
74 32 456 1
33 74 480 1
74 33 480 1
3 8 773 1
8 3 773 1
3 9 596 1
9 3 596 1
30 70 259 1
70 30 259 1
33 75 426 1
75 33 426 1
37 74 520 1
74 37 520 1
39 99 432 1
99 39 432 1
58 61 717 1
61 58 717 1
25 89 956 1
89 25 956 1
8 91 1373 1
91 8 1373 1
10 17 1029 1
17 10 1029 1
71 77 297 1
77 71 297 1
24 91 1303 1
91 24 1303 1
84 88 224 1
88 84 224 1
11 78 988 1
78 11 988 1
20 25 402 1
25 20 402 1
33 73 444 1
73 33 444 1
33 76 380 1
76 33 380 1
37 77 246 1
77 37 246 1
62 81 1169 1
81 62 1169 1
14 26 321 1
26 14 321 1
21 37 403 1
37 21 403 1
25 93 1273 1
93 25 1273 1
67 90 867 1
90 67 867 1
33 57 394 1
57 33 394 1
8 65 1425 1
65 8 1425 1
25 90 1282 1
90 25 1282 1
60 62 241 1
62 60 241 1
0 10 381 1
10 0 381 1
21 47 833 1
47 21 833 1
96 107 486 1
107 96 486 1
2 35 833 1
35 2 833 1
7 101 1268 1
101 7 1268 1
46 96 270 1
96 46 270 1
86 89 1016 1
89 86 1016 1
13 54 1130 1
54 13 1130 1
36 39 517 1
39 36 517 1
57 78 938 1
78 57 938 1
87 102 995 1
102 87 995 1
32 81 728 1
81 32 728 1
55 110 380 1
110 55 380 1
30 33 526 1
33 30 526 1
57 81 488 1
81 57 488 1
63 75 591 1
75 63 591 1
1 59 541 1
59 1 541 1
8 67 1258 1
67 8 1258 1
16 63 1092 1
63 16 1092 1
56 63 1014 1
63 56 1014 1
11 79 342 1
79 11 342 1
26 92 1145 1
92 26 1145 1
31 74 479 1
74 31 479 1
95 113 351 1
113 95 351 1
8 68 1123 1
68 8 1123 1
20 73 397 1
73 20 397 1
4 92 1237 1
92 4 1237 1
9 68 1194 1
68 9 1194 1
36 107 612 1
107 36 612 1
44 47 404 1
47 44 404 1
47 110 210 1
110 47 210 1
95 112 395 1
112 95 395 1
2 4 569 1
4 2 569 1
40 75 477 1
75 40 477 1
1 90 1264 1
90 1 1264 1
8 90 1188 1
90 8 1188 1
41 83 252 1
83 41 252 1
106 111 487 1
111 106 487 1
0 60 405 1
60 0 405 1
3 35 775 1
35 3 775 1
9 92 1428 1
92 9 1428 1
27 85 894 1
85 27 894 1
106 109 391 1
109 106 391 1
2 22 228 1
22 2 228 1
36 81 848 1
81 36 848 1
1 100 1327 1
100 1 1327 1
23 89 1070 1
89 23 1070 1
30 64 1064 1
64 30 1064 1
41 79 379 1
79 41 379 1
53 100 830 1
100 53 830 1
84 87 1148 1
87 84 1148 1
113 115 188 1
115 113 188 1
8 59 1427 1
59 8 1427 1
44 77 681 1
77 44 681 1
69 91 1081 1
91 69 1081 1
74 80 415 1
80 74 415 1
3 65 942 1
65 3 942 1
5 24 252 1
24 5 252 1
0 101 1354 1
101 0 1354 1
4 69 1158 1
69 4 1158 1
9 67 1237 1
67 9 1237 1
32 40 629 1
40 32 629 1
33 63 547 1
63 33 547 1
76 80 424 1
80 76 424 1
2 92 1350 1
92 2 1350 1
13 60 1245 1
60 13 1245 1
26 50 1256 1
50 26 1256 1
30 76 537 1
76 30 537 1
38 109 342 1
109 38 342 1
34 54 521 1
54 34 521 1
37 78 740 1
78 37 740 1
59 69 338 1
69 59 338 1
72 80 384 1
80 72 384 1
23 103 1345 1
103 23 1345 1
5 25 129 1
25 5 129 1
25 65 1263 1
65 25 1263 1
48 49 410 1
49 48 410 1
107 114 333 1
114 107 333 1
0 18 364 1
18 0 364 1
7 90 1390 1
90 7 1390 1
10 54 681 1
54 10 681 1
17 40 824 1
40 17 824 1
36 77 422 1
77 36 422 1
56 81 1090 1
81 56 1090 1
7 35 816 1
35 7 816 1
3 14 804 1
14 3 804 1
20 41 386 1
41 20 386 1
20 85 844 1
85 20 844 1
69 92 1197 1
92 69 1197 1
25 85 1018 1
85 25 1018 1
67 69 345 1
69 67 345 1
6 101 1437 1
101 6 1437 1
21 87 397 1
87 21 397 1
24 67 1223 1
67 24 1223 1
1 61 385 1
61 1 385 1
33 71 374 1
71 33 374 1
43 77 556 1
77 43 556 1
9 93 1250 1
93 9 1250 1
20 64 962 1
64 20 962 1
23 93 1407 1
93 23 1407 1
33 79 486 1
79 33 486 1
0 61 943 1
61 0 943 1
5 90 1279 1
90 5 1279 1
30 41 563 1
41 30 563 1
39 112 619 1
112 39 619 1
77 78 550 1
78 77 550 1
12 28 275 1
28 12 275 1
76 96 361 1
96 76 361 1
5 69 1149 1
69 5 1149 1
15 53 1143 1
53 15 1143 1
21 27 209 1
27 21 209 1
22 103 1359 1
103 22 1359 1
23 88 1119 1
88 23 1119 1
34 47 428 1
47 34 428 1
36 40 213 1
40 36 213 1
57 76 691 1
76 57 691 1
75 79 318 1
79 75 318 1
94 96 89 1
96 94 89 1
32 66 416 1
66 32 416 1
17 56 1024 1
56 17 1024 1
38 111 560 1
111 38 560 1
35 88 741 1
88 35 741 1
3 89 961 1
89 3 961 1
19 57 426 1
57 19 426 1
36 109 326 1
109 36 326 1
28 36 321 1
36 28 321 1
37 75 239 1
75 37 239 1
46 55 584 1
55 46 584 1
65 90 1061 1
90 65 1061 1
11 73 310 1
73 11 310 1
44 98 563 1
98 44 563 1
70 72 158 1
72 70 158 1
92 103 574 1
103 92 574 1
106 113 395 1
113 106 395 1
18 24 845 1
24 18 845 1
71 84 847 1
84 71 847 1
83 87 158 1
87 83 158 1
14 90 988 1
90 14 988 1
21 96 648 1
96 21 648 1
31 37 658 1
37 31 658 1
63 73 569 1
73 63 569 1
29 60 1067 1
60 29 1067 1
31 64 1128 1
64 31 1128 1
60 72 692 1
72 60 692 1
88 102 433 1
102 88 433 1
98 99 479 1
99 98 479 1
12 32 661 1
32 12 661 1
16 73 769 1
73 16 769 1
23 43 1259 1
43 23 1259 1
44 48 114 1
48 44 114 1
46 76 517 1
76 46 517 1
55 95 221 1
95 55 221 1
71 76 392 1
76 71 392 1
7 65 934 1
65 7 934 1
29 36 705 1
36 29 705 1
70 76 285 1
76 70 285 1
4 68 1109 1
68 4 1109 1
41 78 770 1
78 41 770 1
110 111 172 1
111 110 172 1
59 68 484 1
68 59 484 1
12 55 1107 1
55 12 1107 1
32 76 341 1
76 32 341 1
34 55 594 1
55 34 594 1
36 97 483 1
97 36 483 1
11 30 584 1
30 11 584 1
12 52 1107 1
52 12 1107 1
98 100 250 1
100 98 250 1
0 66 594 1
66 0 594 1
65 91 690 1
91 65 690 1
8 93 1382 1
93 8 1382 1
25 103 1172 1
103 25 1172 1
39 110 466 1
110 39 466 1
41 76 493 1
76 41 493 1
57 68 520 1
68 57 520 1
18 59 713 1
59 18 713 1
1 51 787 1
51 1 787 1
2 104 1217 1
104 2 1217 1
10 14 380 1
14 10 380 1
17 57 439 1
57 17 439 1
18 69 392 1
69 18 392 1
32 60 487 1
60 32 487 1
6 90 1185 1
90 6 1185 1
13 52 1405 1
52 13 1405 1
37 40 562 1
40 37 562 1
62 109 711 1
109 62 711 1
1 8 1115 1
8 1 1115 1
20 75 348 1
75 20 348 1
25 102 1186 1
102 25 1186 1
31 42 1171 1
42 31 1171 1
36 80 330 1
80 36 330 1
36 105 576 1
105 36 576 1
56 76 519 1
76 56 519 1
1 69 441 1
69 1 441 1
16 76 379 1
76 16 379 1
30 79 725 1
79 30 725 1
111 115 269 1
115 111 269 1
4 18 866 1
18 4 866 1
23 47 1228 1
47 23 1228 1
29 46 914 1
46 29 914 1
69 90 1119 1
90 69 1119 1
32 73 550 1
73 32 550 1
40 42 830 1
42 40 830 1
42 81 865 1
81 42 865 1
20 86 362 1
86 20 362 1
31 41 528 1
41 31 528 1
46 49 541 1
49 46 541 1
69 93 1169 1
93 69 1169 1
70 77 376 1
77 70 376 1
99 110 299 1
110 99 299 1
9 91 1212 1
91 9 1212 1
12 38 624 1
38 12 624 1
18 60 647 1
60 18 647 1
34 48 431 1
48 34 431 1
40 71 481 1
71 40 481 1
56 80 431 1
80 56 431 1
21 23 542 1
23 21 542 1
21 34 706 1
34 21 706 1
5 23 453 1
23 5 453 1
39 54 618 1
54 39 618 1
1 4 1035 1
4 1 1035 1
37 71 401 1
71 37 401 1
51 100 973 1
100 51 973 1
9 61 1165 1
61 9 1165 1
21 22 558 1
22 21 558 1
29 70 512 1
70 29 512 1
47 71 801 1
71 47 801 1
29 61 711 1
61 29 711 1
90 102 246 1
102 90 246 1
54 110 373 1
110 54 373 1
58 63 892 1
63 58 892 1
7 66 1007 1
66 7 1007 1
27 102 1008 1
102 27 1008 1
108 111 286 1
111 108 286 1
5 65 1232 1
65 5 1232 1
7 103 1229 1
103 7 1229 1
9 59 1335 1
59 9 1335 1
36 75 517 1
75 36 517 1
37 55 221 1
55 37 221 1
8 14 205 1
14 8 205 1
11 81 403 1
81 11 403 1
15 61 998 1
61 15 998 1
28 56 545 1
56 28 545 1
15 65 1052 1
65 15 1052 1
20 89 778 1
89 20 778 1
24 69 1148 1
69 24 1148 1
36 73 600 1
73 36 600 1
65 88 1179 1
88 65 1179 1
78 96 453 1
96 78 453 1
31 73 397 1
73 31 397 1
40 44 926 1
44 40 926 1
46 81 867 1
81 46 867 1
17 75 351 1
75 17 351 1
29 44 1005 1
44 29 1005 1
57 80 1050 1
80 57 1050 1
62 83 1241 1
83 62 1241 1
10 53 1310 1
53 10 1310 1
13 98 1212 1
98 13 1212 1
31 75 419 1
75 31 419 1
37 73 278 1
73 37 278 1
14 22 562 1
22 14 562 1
46 52 244 1
52 46 244 1
79 96 717 1
96 79 717 1
87 88 1035 1
88 87 1035 1
2 65 1144 1
65 2 1144 1
36 99 637 1
99 36 637 1
62 97 881 1
97 62 881 1
31 77 552 1
77 31 552 1
76 112 647 1
112 76 647 1
97 112 339 1
112 97 339 1
14 24 389 1
24 14 389 1
30 78 663 1
78 30 663 1
96 108 167 1
108 96 167 1
3 6 559 1
6 3 559 1
43 46 341 1
46 43 341 1
55 108 332 1
108 55 332 1
57 79 431 1
79 57 431 1
23 50 1386 1
50 23 1386 1
46 53 547 1
53 46 547 1
74 77 362 1
77 74 362 1
96 112 337 1
112 96 337 1
9 90 1391 1
90 9 1391 1
13 58 1244 1
58 13 1244 1
35 53 585 1
53 35 585 1
35 110 305 1
110 35 305 1
10 28 213 1
28 10 213 1
12 63 1218 1
63 12 1218 1
17 61 534 1
61 17 534 1
34 110 327 1
110 34 327 1
48 53 654 1
53 48 654 1
55 107 232 1
107 55 232 1
19 69 323 1
69 19 323 1
21 50 1091 1
50 21 1091 1
63 74 885 1
74 63 885 1
72 77 430 1
77 72 430 1
107 112 482 1
112 107 482 1
11 74 727 1
74 11 727 1
14 15 772 1
15 14 772 1
73 84 919 1
84 73 919 1
88 91 958 1
91 88 958 1
21 98 829 1
98 21 829 1
28 71 506 1
71 28 506 1
41 80 868 1
80 41 868 1
73 80 850 1
80 73 850 1
97 99 180 1
99 97 180 1
35 93 718 1
93 35 718 1
23 45 1302 1
45 23 1302 1
25 88 998 1
88 25 998 1
68 90 1109 1
90 68 1109 1
9 24 385 1
24 9 385 1
39 105 458 1
105 39 458 1
78 111 693 1
111 78 693 1
82 83 881 1
83 82 881 1
11 40 844 1
40 11 844 1
78 112 768 1
112 78 768 1
2 23 340 1
23 2 340 1
28 70 247 1
70 28 247 1
61 72 984 1
72 61 984 1
88 90 414 1
90 88 414 1
88 103 842 1
103 88 842 1
104 105 204 1
105 104 204 1
6 59 1126 1
59 6 1126 1
14 91 1235 1
91 14 1235 1
42 84 665 1
84 42 665 1
50 87 1314 1
87 50 1314 1
77 109 318 1
109 77 318 1
6 35 860 1
35 6 860 1
14 89 1093 1
89 14 1093 1
27 101 1063 1
101 27 1063 1
46 63 897 1
63 46 897 1
55 97 173 1
97 55 173 1
77 113 641 1
113 77 641 1
59 100 1223 1
100 59 1223 1
77 81 453 1
81 77 453 1
101 102 595 1
102 101 595 1
0 6 417 1
6 0 417 1
12 36 597 1
36 12 597 1
14 64 1035 1
64 14 1035 1
18 68 315 1
68 18 315 1
29 62 1067 1
62 29 1067 1
81 84 1146 1
84 81 1146 1
0 48 847 1
48 0 847 1
12 72 358 1
72 12 358 1
21 25 360 1
25 21 360 1
21 88 754 1
88 21 754 1
33 80 703 1
80 33 703 1
37 87 433 1
87 37 433 1
63 111 831 1
111 63 831 1
20 74 213 1
74 20 213 1
36 94 246 1
94 36 246 1
2 101 1431 1
101 2 1431 1
9 19 928 1
19 9 928 1
13 78 1046 1
78 13 1046 1
16 74 335 1
74 16 335 1
90 100 182 1
100 90 182 1
1 98 1107 1
98 1 1107 1
8 61 1371 1
61 8 1371 1
28 31 545 1
31 28 545 1
48 66 357 1
66 48 357 1
56 62 252 1
62 56 252 1
18 115 1061 1
115 18 1061 1
46 72 723 1
72 46 723 1
2 90 1252 1
90 2 1252 1
6 67 991 1
67 6 991 1
10 55 1049 1
55 10 1049 1
13 81 530 1
81 13 530 1
27 65 1171 1
65 27 1171 1
63 100 1236 1
100 63 1236 1
78 99 844 1
99 78 844 1
6 13 864 1
13 6 864 1
9 65 1235 1
65 9 1235 1
15 88 1097 1
88 15 1097 1
20 27 271 1
27 20 271 1
20 50 1025 1
50 20 1025 1
36 41 570 1
41 36 570 1
46 77 585 1
77 46 585 1
46 79 801 1
79 46 801 1
63 112 915 1
112 63 915 1
5 18 901 1
18 5 901 1
49 98 742 1
98 49 742 1
87 103 754 1
103 87 754 1
5 27 165 1
27 5 165 1
11 86 1027 1
86 11 1027 1
17 46 930 1
46 17 930 1
17 60 1082 1
60 17 1082 1
21 42 978 1
42 21 978 1
30 77 559 1
77 30 559 1
61 100 1241 1
100 61 1241 1
0 52 934 1
52 0 934 1
27 35 871 1
35 27 871 1
37 39 117 1
39 37 117 1
70 113 878 1
113 70 878 1
76 109 320 1
109 76 320 1
87 90 1142 1
90 87 1142 1
39 114 488 1
114 39 488 1
50 86 1077 1
86 50 1077 1
64 85 1107 1
85 64 1107 1
68 102 1226 1
102 68 1226 1
70 74 155 1
74 70 155 1
36 113 562 1
113 36 562 1
89 92 938 1
92 89 938 1
2 8 554 1
8 2 554 1
14 93 1238 1
93 14 1238 1
18 58 669 1
58 18 669 1
23 101 1406 1
101 23 1406 1
41 71 317 1
71 41 317 1
46 54 354 1
54 46 354 1
7 104 1243 1
104 7 1243 1
19 23 597 1
23 19 597 1
31 72 482 1
72 31 482 1
37 111 552 1
111 37 552 1
75 80 775 1
80 75 775 1
102 104 159 1
104 102 159 1
20 40 225 1
40 20 225 1
21 85 716 1
85 21 716 1
28 61 1076 1
61 28 1076 1
30 81 847 1
81 30 847 1
46 73 842 1
73 46 842 1
93 104 478 1
104 93 478 1
11 36 890 1
36 11 890 1
22 110 1082 1
110 22 1082 1
52 60 638 1
60 52 638 1
62 72 566 1
72 62 566 1
92 104 310 1
104 92 310 1
2 9 760 1
9 2 760 1
12 58 1025 1
58 12 1025 1
28 41 661 1
41 28 661 1
28 42 898 1
42 28 898 1
28 60 684 1
60 28 684 1
32 98 795 1
98 32 795 1
33 41 611 1
41 33 611 1
63 99 719 1
99 63 719 1
112 115 269 1
115 112 269 1
16 54 493 1
54 16 493 1
26 35 893 1
35 26 893 1
32 78 484 1
78 32 484 1
80 84 162 1
84 80 162 1
4 23 506 1
23 4 506 1
12 99 1189 1
99 12 1189 1
29 31 454 1
31 29 454 1
30 36 645 1
36 30 645 1
42 71 934 1
71 42 934 1
46 74 677 1
74 46 677 1
89 91 402 1
91 89 402 1
16 40 399 1
40 16 399 1
45 51 254 1
51 45 254 1
80 96 505 1
96 80 505 1
3 19 382 1
19 3 382 1
22 85 1113 1
85 22 1113 1
35 90 713 1
90 35 713 1
100 111 457 1
111 100 457 1
26 101 1114 1
101 26 1114 1
79 107 579 1
107 79 579 1
89 93 471 1
93 89 471 1
35 45 385 1
45 35 385 1
44 112 534 1
112 44 534 1
77 94 396 1
94 77 396 1
87 92 1142 1
92 87 1142 1
48 58 400 1
58 48 400 1
55 109 337 1
109 55 337 1
14 92 1074 1
92 14 1074 1
44 76 656 1
76 44 656 1
84 86 610 1
86 84 610 1
100 103 576 1
103 100 576 1
26 67 1128 1
67 26 1128 1
46 48 368 1
48 46 368 1
54 60 681 1
60 54 681 1
57 63 249 1
63 57 249 1
71 86 672 1
86 71 672 1
99 100 610 1
100 99 610 1
0 59 847 1
59 0 847 1
74 83 697 1
83 74 697 1
45 65 388 1
65 45 388 1
69 102 1226 1
102 69 1226 1
3 82 903 1
82 3 903 1
10 52 956 1
52 10 956 1
17 54 969 1
54 17 969 1
21 86 520 1
86 21 520 1
24 25 135 1
25 24 135 1
26 87 560 1
87 26 560 1
28 44 945 1
44 28 945 1
3 69 687 1
69 3 687 1
40 77 472 1
77 40 472 1
0 11 958 1
11 0 958 1
19 90 1212 1
90 19 1212 1
47 65 520 1
65 47 520 1
55 98 606 1
98 55 606 1
82 87 849 1
87 82 849 1
99 109 321 1
109 99 321 1
100 101 656 1
101 100 656 1
10 15 968 1
15 10 968 1
21 89 648 1
89 21 648 1
38 110 451 1
110 38 451 1
52 89 1027 1
89 52 1027 1
10 36 501 1
36 10 501 1
29 71 259 1
71 29 259 1
60 99 983 1
99 60 983 1
5 104 1063 1
104 5 1063 1
27 86 519 1
86 27 519 1
29 77 357 1
77 29 357 1
59 115 981 1
115 59 981 1
108 112 335 1
112 108 335 1
111 114 232 1
114 111 232 1
1 9 878 1
9 1 878 1
13 46 1188 1
46 13 1188 1
37 81 336 1
81 37 336 1
50 85 1013 1
85 50 1013 1
52 70 942 1
70 52 942 1
3 87 809 1
87 3 809 1
17 30 703 1
30 17 703 1
20 88 611 1
88 20 611 1
38 79 739 1
79 38 739 1
42 79 812 1
79 42 812 1
33 61 545 1
61 33 545 1
56 77 690 1
77 56 690 1
81 96 799 1
96 81 799 1
6 92 1291 1
92 6 1291 1
15 71 394 1
71 15 394 1
25 35 978 1
35 25 978 1
52 99 661 1
99 52 661 1
6 61 1132 1
61 6 1132 1
32 79 600 1
79 32 600 1
5 22 506 1
22 5 506 1
13 33 629 1
33 13 629 1
26 88 791 1
88 26 791 1
4 22 457 1
22 4 457 1
25 84 1066 1
84 25 1066 1
54 86 568 1
86 54 568 1
67 104 923 1
104 67 923 1
71 81 550 1
81 71 550 1
4 51 1418 1
51 4 1418 1
10 88 586 1
88 10 586 1
11 61 675 1
61 11 675 1
20 102 804 1
102 20 804 1
21 43 915 1
43 21 915 1
31 70 334 1
70 31 334 1
50 92 549 1
92 50 549 1
0 7 871 1
7 0 871 1
11 46 1081 1
46 11 1081 1
37 110 431 1
110 37 431 1
56 96 743 1
96 56 743 1
85 86 1120 1
86 85 1120 1
12 29 886 1
29 12 886 1
12 59 1240 1
59 12 1240 1
18 101 1348 1
101 18 1348 1
29 112 910 1
112 29 910 1
37 79 267 1
79 37 267 1
38 60 768 1
60 38 768 1
59 63 501 1
63 59 501 1
71 87 510 1
87 71 510 1
92 101 634 1
101 92 634 1
13 66 1090 1
66 13 1090 1
65 104 1022 1
104 65 1022 1
0 91 1266 1
91 0 1266 1
11 63 488 1
63 11 488 1
18 108 925 1
108 18 925 1
24 51 1429 1
51 24 1429 1
27 45 1240 1
45 27 1240 1
55 111 434 1
111 55 434 1
8 19 957 1
19 8 957 1
19 47 942 1
47 19 942 1
20 22 544 1
22 20 544 1
31 44 1185 1
44 31 1185 1
50 110 492 1
110 50 492 1
108 113 292 1
113 108 292 1
27 88 863 1
88 27 863 1
47 51 339 1
51 47 339 1
71 88 827 1
88 71 827 1
6 12 248 1
12 6 248 1
11 76 704 1
76 11 704 1
12 79 1029 1
79 12 1029 1
23 102 1355 1
102 23 1355 1
14 65 1320 1
65 14 1320 1
31 43 1106 1
43 31 1106 1
70 86 500 1
86 70 500 1
70 101 1040 1
101 70 1040 1
71 74 359 1
74 71 359 1
32 83 847 1
83 32 847 1
46 47 309 1
47 46 309 1
0 51 1107 1
51 0 1107 1
11 33 518 1
33 11 518 1
21 41 236 1
41 21 236 1
28 46 774 1
46 28 774 1
34 44 373 1
44 34 373 1
44 81 890 1
81 44 890 1
46 51 585 1
51 46 585 1
60 75 915 1
75 60 915 1
70 87 695 1
87 70 695 1
0 24 899 1
24 0 899 1
81 112 823 1
112 81 823 1
22 102 1317 1
102 22 1317 1
16 32 504 1
32 16 504 1
17 112 924 1
112 17 924 1
23 71 443 1
71 23 443 1
80 82 469 1
82 80 469 1
19 91 1171 1
91 19 1171 1
21 26 271 1
26 21 271 1
86 91 1101 1
91 86 1101 1
94 112 366 1
112 94 366 1
11 75 388 1
75 11 388 1
11 80 1102 1
80 11 1102 1
13 70 648 1
70 13 648 1
50 67 562 1
67 50 562 1
1 3 446 1
3 1 446 1
11 32 663 1
32 11 663 1
16 57 981 1
57 16 981 1
24 90 1265 1
90 24 1265 1
64 88 675 1
88 64 675 1
78 113 766 1
113 78 766 1
87 110 837 1
110 87 837 1
23 86 866 1
86 23 866 1
43 65 435 1
65 43 435 1
44 74 853 1
74 44 853 1
76 111 559 1
111 76 559 1
89 101 462 1
101 89 462 1
7 24 631 1
24 7 631 1
21 44 1047 1
44 21 1047 1
21 46 873 1
46 21 873 1
48 54 669 1
54 48 669 1
65 89 679 1
89 65 679 1
91 102 669 1
102 91 669 1
92 102 211 1
102 92 211 1
5 68 1146 1
68 5 1146 1
23 31 199 1
31 23 199 1
53 89 552 1
89 53 552 1
27 110 890 1
110 27 890 1
30 37 688 1
37 30 688 1
31 65 1062 1
65 31 1062 1
32 57 493 1
57 32 493 1
37 54 645 1
54 37 645 1
1 24 978 1
24 1 978 1
4 59 1372 1
59 4 1372 1
20 29 497 1
29 20 497 1
33 77 332 1
77 33 332 1
37 38 515 1
38 37 515 1
62 75 893 1
75 62 893 1
91 104 542 1
104 91 542 1
0 93 1314 1
93 0 1314 1
2 50 1192 1
50 2 1192 1
3 24 623 1
24 3 623 1
16 33 609 1
33 16 609 1
31 84 971 1
84 31 971 1
33 98 856 1
98 33 856 1
43 71 852 1
71 43 852 1
56 111 893 1
111 56 893 1
3 88 1145 1
88 3 1145 1
13 30 546 1
30 13 546 1
21 35 666 1
35 21 666 1
22 84 1027 1
84 22 1027 1
54 109 337 1
109 54 337 1
58 101 1214 1
101 58 1214 1
90 98 163 1
98 90 163 1
42 76 612 1
76 42 612 1
70 103 965 1
103 70 965 1
4 15 597 1
15 4 597 1
68 91 1170 1
91 68 1170 1
88 110 590 1
110 88 590 1
96 113 315 1
113 96 315 1
2 27 659 1
27 2 659 1
32 62 548 1
62 32 548 1
42 112 333 1
112 42 333 1
43 48 391 1
48 43 391 1
51 59 486 1
59 51 486 1
22 101 1426 1
101 22 1426 1
31 85 906 1
85 31 906 1
36 112 594 1
112 36 594 1
46 98 212 1
98 46 212 1
67 68 440 1
68 67 440 1
103 104 369 1
104 103 369 1
9 35 1031 1
35 9 1031 1
19 33 238 1
33 19 238 1
23 110 1096 1
110 23 1096 1
50 93 862 1
93 50 862 1
64 75 961 1
75 64 961 1
70 102 879 1
102 70 879 1
82 84 544 1
84 82 544 1
1 102 1288 1
102 1 1288 1
5 103 1104 1
103 5 1104 1
24 93 1326 1
93 24 1326 1
36 56 615 1
56 36 615 1
1 14 1077 1
14 1 1077 1
4 25 258 1
25 4 258 1
13 80 1155 1
80 13 1155 1
24 50 1395 1
50 24 1395 1
29 37 304 1
37 29 304 1
68 101 1309 1
101 68 1309 1
77 95 322 1
95 77 322 1
79 112 791 1
112 79 791 1
112 114 196 1
114 112 196 1
4 14 255 1
14 4 255 1
21 33 567 1
33 21 567 1
66 67 177 1
67 66 177 1
83 98 1029 1
98 83 1029 1
15 33 738 1
33 15 738 1
21 64 1051 1
64 21 1051 1
35 48 491 1
48 35 491 1
40 84 485 1
84 40 485 1
51 93 605 1
93 51 605 1
2 105 1253 1
105 2 1253 1
19 22 594 1
22 19 594 1
39 106 557 1
106 39 557 1
74 84 507 1
84 74 507 1
77 96 456 1
96 77 456 1
79 84 1035 1
84 79 1035 1
100 102 87 1
102 100 87 1
6 103 1362 1
103 6 1362 1
20 79 665 1
79 20 665 1
24 59 1364 1
59 24 1364 1
25 69 1122 1
69 25 1122 1
93 100 653 1
100 93 653 1
18 90 1192 1
90 18 1192 1
22 82 706 1
82 22 706 1
25 45 1358 1
45 25 1358 1
34 71 603 1
71 34 603 1
1 47 849 1
47 1 849 1
17 99 704 1
99 17 704 1
26 51 1298 1
51 26 1298 1
31 79 660 1
79 31 660 1
38 76 305 1
76 38 305 1
62 74 590 1
74 62 590 1
36 63 945 1
63 36 945 1
55 115 361 1
115 55 361 1
1 89 788 1
89 1 788 1
13 73 358 1
73 13 358 1
19 83 893 1
83 19 893 1
23 85 1053 1
85 23 1053 1
27 43 1124 1
43 27 1124 1
46 100 451 1
100 46 451 1
50 91 845 1
91 50 845 1
71 72 402 1
72 71 402 1
81 111 760 1
111 81 760 1
84 110 598 1
110 84 598 1
2 86 809 1
86 2 809 1
26 110 904 1
110 26 904 1
32 58 511 1
58 32 511 1
37 99 410 1
99 37 410 1
42 48 243 1
48 42 243 1
70 89 837 1
89 70 837 1
75 84 839 1
84 75 839 1
15 19 867 1
19 15 867 1
28 83 861 1
83 28 861 1
36 115 416 1
115 36 416 1
57 96 913 1
96 57 913 1
62 94 680 1
94 62 680 1
63 109 730 1
109 63 730 1
0 100 1107 1
100 0 1107 1
6 104 1174 1
104 6 1174 1
12 78 490 1
78 12 490 1
17 41 414 1
41 17 414 1
26 82 411 1
82 26 411 1
32 75 514 1
75 32 514 1
39 46 678 1
46 39 678 1
40 46 685 1
46 40 685 1
55 94 428 1
94 55 428 1
66 68 378 1
68 66 378 1
77 114 582 1
114 77 582 1
13 53 1148 1
53 13 1148 1
18 19 147 1
19 18 147 1
21 82 511 1
82 21 511 1
24 92 1330 1
92 24 1330 1
31 81 775 1
81 31 775 1
62 95 844 1
95 62 844 1
89 100 936 1
100 89 936 1
1 91 1007 1
91 1 1007 1
6 100 1229 1
100 6 1229 1
13 100 1359 1
100 13 1359 1
21 40 380 1
40 21 380 1
26 102 984 1
102 26 984 1
32 36 555 1
36 32 555 1
54 56 722 1
56 54 722 1
73 112 858 1
112 73 858 1
77 79 329 1
79 77 329 1
10 38 560 1
38 10 560 1
14 59 1320 1
59 14 1320 1
25 106 972 1
106 25 972 1
37 72 595 1
72 37 595 1
54 98 204 1
98 54 204 1
79 111 717 1
111 79 717 1
14 103 1126 1
103 14 1126 1
15 40 725 1
40 15 725 1
20 23 575 1
23 20 575 1
62 99 1000 1
99 62 1000 1
81 83 446 1
83 81 446 1
17 98 995 1
98 17 995 1
26 100 1042 1
100 26 1042 1
44 72 894 1
72 44 894 1
46 109 326 1
109 46 326 1
64 65 897 1
65 64 897 1
86 88 460 1
88 86 460 1
1 6 868 1
6 1 868 1
26 53 1271 1
53 26 1271 1
29 58 1070 1
58 29 1070 1
30 104 1036 1
104 30 1036 1
43 51 245 1
51 43 245 1
44 63 803 1
63 44 803 1
53 61 678 1
61 53 678 1
78 107 864 1
107 78 864 1
5 101 1174 1
101 5 1174 1
15 68 1114 1
68 15 1114 1
31 34 815 1
34 31 815 1
35 89 648 1
89 35 648 1
50 104 729 1
104 50 729 1
88 93 930 1
93 88 930 1
5 105 1032 1
105 5 1032 1
11 71 374 1
71 11 374 1
24 27 252 1
27 24 252 1
27 83 450 1
83 27 450 1
37 113 578 1
113 37 578 1
62 78 287 1
78 62 287 1
64 71 973 1
71 64 973 1
75 113 758 1
113 75 758 1
80 111 747 1
111 80 747 1
31 86 707 1
86 31 707 1
37 80 842 1
80 37 842 1
44 51 440 1
51 44 440 1
46 110 220 1
110 46 220 1
98 102 260 1
102 98 260 1
5 106 957 1
106 5 957 1
14 19 916 1
19 14 916 1
16 99 951 1
99 16 951 1
48 98 566 1
98 48 566 1
12 66 1000 1
66 12 1000 1
34 98 528 1
98 34 528 1
37 112 610 1
112 37 610 1
86 90 814 1
90 86 814 1
