116 2668
4 8 148 1
8 4 148 1
5 9 157 1
9 5 157 1
42 43 239 1
43 42 239 1
90 91 735 1
91 90 735 1
29 72 629 1
72 29 629 1
28 72 116 1
72 28 116 1
2 6 165 1
6 2 165 1
17 81 182 1
81 17 182 1
42 46 173 1
46 42 173 1
73 76 450 1
76 73 450 1
58 59 496 1
59 58 496 1
73 74 458 1
74 73 458 1
72 73 517 1
73 72 517 1
11 13 168 1
13 11 168 1
90 103 653 1
103 90 653 1
30 31 127 1
31 30 127 1
74 76 203 1
76 74 203 1
17 29 223 1
29 17 223 1
73 75 84 1
75 73 84 1
91 103 258 1
103 91 258 1
72 75 453 1
75 72 453 1
29 73 113 1
73 29 113 1
72 81 860 1
81 72 860 1
75 77 210 1
77 75 210 1
72 74 76 1
74 72 76 1
102 103 508 1
103 102 508 1
75 76 374 1
76 75 374 1
1 57 172 1
57 1 172 1
41 73 204 1
73 41 204 1
91 93 118 1
93 91 118 1
90 92 135 1
92 90 135 1
17 72 781 1
72 17 781 1
29 81 342 1
81 29 342 1
95 109 146 1
109 95 146 1
20 21 185 1
21 20 185 1
37 76 441 1
76 37 441 1
76 77 238 1
77 76 238 1
28 29 741 1
29 28 741 1
72 76 257 1
76 72 257 1
79 81 136 1
81 79 136 1
40 41 506 1
41 40 506 1
80 81 1113 1
81 80 1113 1
13 15 277 1
15 13 277 1
36 72 276 1
72 36 276 1
70 71 263 1
71 70 263 1
47 110 210 1
110 47 210 1
103 104 369 1
104 103 369 1
4 9 500 1
9 4 500 1
17 73 298 1
73 17 298 1
41 72 550 1
72 41 550 1
43 46 341 1
46 43 341 1
24 25 135 1
25 24 135 1
74 75 389 1
75 74 389 1
56 57 840 1
57 56 840 1
73 81 406 1
81 73 406 1
16 28 220 1
28 16 220 1
16 62 313 1
62 16 313 1
5 27 165 1
27 5 165 1
36 41 570 1
41 36 570 1
28 75 567 1
75 28 567 1
28 73 629 1
73 28 629 1
29 75 189 1
75 29 189 1
17 76 648 1
76 17 648 1
91 92 669 1
92 91 669 1
28 62 527 1
62 28 527 1
90 102 246 1
102 90 246 1
17 57 439 1
57 17 439 1
73 77 274 1
77 73 274 1
72 77 430 1
77 72 430 1
74 77 362 1
77 74 362 1
16 29 882 1
29 16 882 1
59 90 1104 1
90 59 1104 1
11 15 385 1
15 11 385 1
35 67 262 1
67 35 262 1
20 38 349 1
38 20 349 1
67 92 922 1
92 67 922 1
72 79 733 1
79 72 733 1
100 102 87 1
102 100 87 1
3 23 271 1
23 3 271 1
28 32 528 1
32 28 528 1
17 79 135 1
79 17 135 1
41 74 484 1
74 41 484 1
36 81 848 1
81 36 848 1
36 37 542 1
37 36 542 1
36 40 213 1
40 36 213 1
36 73 600 1
73 36 600 1
65 67 361 1
67 65 361 1
45 67 282 1
67 45 282 1
76 81 691 1
81 76 691 1
28 81 975 1
81 28 975 1
67 90 867 1
90 67 867 1
22 23 140 1
23 22 140 1
93 101 103 1
101 93 103 1
17 80 1070 1
80 17 1070 1
92 102 211 1
102 92 211 1
37 39 117 1
39 37 117 1
28 41 661 1
41 28 661 1
17 28 894 1
28 17 894 1
6 7 710 1
7 6 710 1
28 76 345 1
76 28 345 1
19 90 1212 1
90 19 1212 1
59 103 1115 1
103 59 1115 1
62 80 268 1
80 62 268 1
28 74 188 1
74 28 188 1
20 31 387 1
31 20 387 1
31 83 561 1
83 31 561 1
90 93 690 1
93 90 690 1
28 83 861 1
83 28 861 1
65 92 1075 1
92 65 1075 1
90 104 351 1
104 90 351 1
4 5 350 1
5 4 350 1
78 79 878 1
79 78 878 1
98 99 479 1
99 98 479 1
30 32 574 1
32 30 574 1
92 103 574 1
103 92 574 1
16 17 998 1
17 16 998 1
22 88 1044 1
88 22 1044 1
19 103 1259 1
103 19 1259 1
29 36 705 1
36 29 705 1
84 85 1130 1
85 84 1130 1
16 72 287 1
72 16 287 1
48 51 548 1
51 48 548 1
62 81 1169 1
81 62 1169 1
29 79 257 1
79 29 257 1
28 31 545 1
31 28 545 1
29 76 555 1
76 29 555 1
17 77 417 1
77 17 417 1
92 93 608 1
93 92 608 1
36 76 232 1
76 36 232 1
57 81 488 1
81 57 488 1
9 49 1399 1
49 9 1399 1
49 51 172 1
51 49 172 1
41 75 187 1
75 41 187 1
78 81 1002 1
81 78 1002 1
46 55 584 1
55 46 584 1
108 109 87 1
109 108 87 1
20 30 328 1
30 20 328 1
37 73 278 1
73 37 278 1
37 38 515 1
38 37 515 1
37 75 239 1
75 37 239 1
44 66 318 1
66 44 318 1
32 72 471 1
72 32 471 1
37 72 595 1
72 37 595 1
73 79 296 1
79 73 296 1
72 78 300 1
78 72 300 1
102 104 159 1
104 102 159 1
41 76 493 1
76 41 493 1
79 80 991 1
80 79 991 1
44 45 194 1
45 44 194 1
44 49 304 1
49 44 304 1
92 104 310 1
104 92 310 1
17 37 368 1
37 17 368 1
103 105 173 1
105 103 173 1
18 19 147 1
19 18 147 1
41 81 452 1
81 41 452 1
62 72 566 1
72 62 566 1
75 81 434 1
81 75 434 1
12 14 278 1
14 12 278 1
28 79 847 1
79 28 847 1
64 84 478 1
84 64 478 1
67 103 944 1
103 67 944 1
28 36 321 1
36 28 321 1
74 81 792 1
81 74 792 1
8 14 205 1
14 8 205 1
17 36 828 1
36 17 828 1
8 9 638 1
9 8 638 1
29 74 571 1
74 29 571 1
12 15 906 1
15 12 906 1
16 80 152 1
80 16 152 1
17 75 351 1
75 17 351 1
31 71 265 1
71 31 265 1
37 77 246 1
77 37 246 1
20 115 646 1
115 20 646 1
91 104 542 1
104 91 542 1
5 49 1365 1
49 5 1365 1
20 25 402 1
25 20 402 1
29 41 234 1
41 29 234 1
45 49 111 1
49 45 111 1
1 56 851 1
56 1 851 1
99 111 265 1
111 99 265 1
91 102 669 1
102 91 669 1
70 74 155 1
74 70 155 1
36 75 517 1
75 36 517 1
78 115 652 1
115 78 652 1
7 65 934 1
65 7 934 1
26 27 135 1
27 26 135 1
48 49 410 1
49 48 410 1
42 55 629 1
55 42 629 1
37 74 520 1
74 37 520 1
43 55 485 1
55 43 485 1
7 92 1445 1
92 7 1445 1
77 81 453 1
81 77 453 1
0 1 800 1
1 0 800 1
8 51 1496 1
51 8 1496 1
76 79 567 1
79 76 567 1
20 74 213 1
74 20 213 1
38 39 465 1
39 38 465 1
0 56 174 1
56 0 174 1
5 58 1366 1
58 5 1366 1
38 54 263 1
54 38 263 1
38 115 384 1
115 38 384 1
110 111 172 1
111 110 172 1
32 41 693 1
41 32 693 1
58 90 890 1
90 58 890 1
16 81 1063 1
81 16 1063 1
31 32 596 1
32 31 596 1
72 80 384 1
80 72 384 1
91 101 197 1
101 91 197 1
16 79 934 1
79 16 934 1
17 62 1129 1
62 17 1129 1
29 77 357 1
77 29 357 1
74 79 666 1
79 74 666 1
40 72 200 1
72 40 200 1
105 106 359 1
106 105 359 1
9 27 309 1
27 9 309 1
21 31 344 1
31 21 344 1
20 37 510 1
37 20 510 1
37 41 217 1
41 37 217 1
20 76 380 1
76 20 380 1
28 30 436 1
30 28 436 1
36 74 242 1
74 36 242 1
57 80 1050 1
80 57 1050 1
7 67 937 1
67 7 937 1
17 63 324 1
63 17 324 1
46 76 517 1
76 46 517 1
71 75 163 1
75 71 163 1
28 80 329 1
80 28 329 1
36 54 228 1
54 36 228 1
67 91 790 1
91 67 790 1
31 72 482 1
72 31 482 1
29 62 1067 1
62 29 1067 1
93 102 600 1
102 93 600 1
93 103 173 1
103 93 173 1
4 49 1415 1
49 4 1415 1
30 74 403 1
74 30 403 1
54 74 471 1
74 54 471 1
100 101 656 1
101 100 656 1
5 59 1317 1
59 5 1317 1
30 83 641 1
83 30 641 1
59 61 271 1
61 59 271 1
52 58 705 1
58 52 705 1
60 83 1265 1
83 60 1265 1
40 74 182 1
74 40 182 1
9 92 1428 1
92 9 1428 1
38 76 305 1
76 38 305 1
59 91 926 1
91 59 926 1
28 77 540 1
77 28 540 1
70 75 355 1
75 70 355 1
9 59 1335 1
59 9 1335 1
17 74 721 1
74 17 721 1
98 111 265 1
111 98 265 1
19 91 1171 1
91 19 1171 1
36 38 122 1
38 36 122 1
37 81 336 1
81 37 336 1
75 79 318 1
79 75 318 1
37 40 562 1
40 37 562 1
45 65 388 1
65 45 388 1
30 72 390 1
72 30 390 1
32 73 550 1
73 32 550 1
77 79 329 1
79 77 329 1
12 13 959 1
13 12 959 1
3 92 1420 1
92 3 1420 1
92 100 157 1
100 92 157 1
46 74 677 1
74 46 677 1
29 37 304 1
37 29 304 1
82 87 849 1
87 82 849 1
41 54 714 1
54 41 714 1
63 80 1146 1
80 63 1146 1
67 102 981 1
102 67 981 1
71 73 163 1
73 71 163 1
2 3 405 1
3 2 405 1
40 73 549 1
73 40 549 1
101 103 106 1
103 101 106 1
36 78 263 1
78 36 263 1
39 55 254 1
55 39 254 1
62 73 961 1
73 62 961 1
63 81 293 1
81 63 293 1
70 76 285 1
76 70 285 1
58 103 1188 1
103 58 1188 1
101 102 595 1
102 101 595 1
45 51 254 1
51 45 254 1
82 84 544 1
84 82 544 1
20 75 348 1
75 20 348 1
70 73 402 1
73 70 402 1
98 112 277 1
112 98 277 1
4 51 1418 1
51 4 1418 1
30 76 537 1
76 30 537 1
27 58 1265 1
58 27 1265 1
37 55 221 1
55 37 221 1
46 73 842 1
73 46 842 1
6 35 860 1
35 6 860 1
16 73 769 1
73 16 769 1
54 73 776 1
73 54 776 1
7 9 490 1
9 7 490 1
7 45 1151 1
45 7 1151 1
42 96 429 1
96 42 429 1
32 75 514 1
75 32 514 1
42 76 612 1
76 42 612 1
94 97 266 1
97 94 266 1
26 58 1249 1
58 26 1249 1
4 27 279 1
27 4 279 1
20 72 238 1
72 20 238 1
88 89 1035 1
89 88 1035 1
52 89 1027 1
89 52 1027 1
82 88 444 1
88 82 444 1
40 76 327 1
76 40 327 1
43 47 146 1
47 43 146 1
17 41 414 1
41 17 414 1
36 39 517 1
39 36 517 1
55 96 492 1
96 55 492 1
29 80 961 1
80 29 961 1
0 60 405 1
60 0 405 1
45 92 789 1
92 45 789 1
19 23 597 1
23 19 597 1
32 74 456 1
74 32 456 1
74 78 322 1
78 74 322 1
30 73 455 1
73 30 455 1
29 32 631 1
32 29 631 1
85 87 616 1
87 85 616 1
55 76 571 1
76 55 571 1
59 67 245 1
67 59 245 1
9 102 1277 1
102 9 1277 1
32 62 548 1
62 32 548 1
32 83 847 1
83 32 847 1
90 101 719 1
101 90 719 1
94 107 417 1
107 94 417 1
9 58 1436 1
58 9 1436 1
30 41 563 1
41 30 563 1
44 46 353 1
46 44 353 1
95 108 123 1
108 95 123 1
20 77 434 1
77 20 434 1
31 41 528 1
41 31 528 1
35 102 781 1
102 35 781 1
31 74 479 1
74 31 479 1
42 44 208 1
44 42 208 1
71 74 359 1
74 71 359 1
2 23 340 1
23 2 340 1
37 46 651 1
46 37 651 1
97 110 221 1
110 97 221 1
2 7 566 1
7 2 566 1
9 90 1391 1
90 9 1391 1
59 104 1146 1
104 59 1146 1
31 75 419 1
75 31 419 1
92 101 634 1
101 92 634 1
9 67 1237 1
67 9 1237 1
82 83 881 1
83 82 881 1
38 74 265 1
74 38 265 1
40 75 477 1
75 40 477 1
87 89 476 1
89 87 476 1
31 73 397 1
73 31 397 1
48 58 400 1
58 48 400 1
10 54 681 1
54 10 681 1
54 55 651 1
55 54 651 1
59 102 1214 1
102 59 1214 1
70 77 376 1
77 70 376 1
75 78 667 1
78 75 667 1
67 93 875 1
93 67 875 1
4 14 255 1
14 4 255 1
30 38 642 1
38 30 642 1
58 91 1077 1
91 58 1077 1
5 91 1178 1
91 5 1178 1
31 40 592 1
40 31 592 1
57 72 874 1
72 57 874 1
2 67 952 1
67 2 952 1
23 90 1391 1
90 23 1391 1
60 63 1021 1
63 60 1021 1
38 78 371 1
78 38 371 1
42 53 475 1
53 42 475 1
5 8 493 1
8 5 493 1
17 30 703 1
30 17 703 1
29 63 531 1
63 29 531 1
30 81 847 1
81 30 847 1
38 86 366 1
86 38 366 1
39 76 461 1
76 39 461 1
71 76 392 1
76 71 392 1
90 105 516 1
105 90 516 1
23 26 522 1
26 23 522 1
36 62 525 1
62 36 525 1
37 42 712 1
42 37 712 1
17 78 955 1
78 17 955 1
17 56 1024 1
56 17 1024 1
71 72 402 1
72 71 402 1
100 103 576 1
103 100 576 1
9 61 1165 1
61 9 1165 1
23 58 1186 1
58 23 1186 1
38 87 730 1
87 38 730 1
9 91 1212 1
91 9 1212 1
82 86 143 1
86 82 143 1
29 78 851 1
78 29 851 1
46 53 547 1
53 46 547 1
7 35 816 1
35 7 816 1
19 59 618 1
59 19 618 1
25 31 272 1
31 25 272 1
28 71 506 1
71 28 506 1
42 73 906 1
73 42 906 1
111 112 111 1
112 111 111 1
20 73 397 1
73 20 397 1
35 45 385 1
45 35 385 1
47 111 188 1
111 47 188 1
28 37 709 1
37 28 709 1
38 55 598 1
55 38 598 1
78 80 116 1
80 78 116 1
31 115 958 1
115 31 958 1
38 72 305 1
72 38 305 1
36 77 422 1
77 36 422 1
16 36 349 1
36 16 349 1
48 50 202 1
50 48 202 1
51 53 271 1
53 51 271 1
20 28 320 1
28 20 320 1
32 76 341 1
76 32 341 1
35 90 713 1
90 35 713 1
38 85 837 1
85 38 837 1
6 9 834 1
9 6 834 1
9 65 1235 1
65 9 1235 1
21 25 360 1
25 21 360 1
43 53 293 1
53 43 293 1
51 67 436 1
67 51 436 1
32 54 715 1
54 32 715 1
38 40 158 1
40 38 158 1
10 82 401 1
82 10 401 1
32 81 728 1
81 32 728 1
6 48 1184 1
48 6 1184 1
9 103 1158 1
103 9 1158 1
45 66 369 1
66 45 369 1
6 67 991 1
67 6 991 1
59 92 1150 1
92 59 1150 1
2 35 833 1
35 2 833 1
40 78 376 1
78 40 376 1
91 105 371 1
105 91 371 1
5 90 1279 1
90 5 1279 1
20 79 665 1
79 20 665 1
23 59 1157 1
59 23 1157 1
41 57 760 1
57 41 760 1
41 62 1018 1
62 41 1018 1
83 87 158 1
87 83 158 1
3 22 347 1
22 3 347 1
42 74 795 1
74 42 795 1
44 48 114 1
48 44 114 1
49 59 382 1
59 49 382 1
62 74 590 1
74 62 590 1
2 18 379 1
18 2 379 1
10 83 1031 1
83 10 1031 1
23 88 1119 1
88 23 1119 1
29 31 454 1
31 29 454 1
50 51 698 1
51 50 698 1
62 79 1049 1
79 62 1049 1
27 59 1253 1
59 27 1253 1
44 53 562 1
53 44 562 1
86 87 805 1
87 86 805 1
54 72 501 1
72 54 501 1
3 90 1350 1
90 3 1350 1
9 48 1507 1
48 9 1507 1
28 40 248 1
40 28 248 1
37 57 643 1
57 37 643 1
57 73 601 1
73 57 601 1
44 51 440 1
51 44 440 1
96 113 315 1
113 96 315 1
103 107 239 1
107 103 239 1
6 12 248 1
12 6 248 1
73 78 740 1
78 73 740 1
28 78 272 1
78 28 272 1
49 90 859 1
90 49 859 1
19 104 1200 1
104 19 1200 1
9 93 1250 1
93 9 1250 1
35 103 749 1
103 35 749 1
79 115 682 1
115 79 682 1
104 105 204 1
105 104 204 1
4 101 1261 1
101 4 1261 1
30 75 454 1
75 30 454 1
46 96 270 1
96 46 270 1
54 81 951 1
81 54 951 1
17 32 646 1
32 17 646 1
96 98 184 1
98 96 184 1
24 34 1021 1
34 24 1021 1
46 75 767 1
75 46 767 1
3 7 185 1
7 3 185 1
16 41 813 1
41 16 813 1
21 115 657 1
115 21 657 1
27 91 1074 1
91 27 1074 1
31 70 334 1
70 31 334 1
48 52 415 1
52 48 415 1
36 46 482 1
46 36 482 1
61 90 1156 1
90 61 1156 1
1 17 391 1
17 1 391 1
7 13 237 1
13 7 237 1
38 75 499 1
75 38 499 1
67 104 923 1
104 67 923 1
103 106 532 1
106 103 532 1
32 36 555 1
36 32 555 1
39 40 508 1
40 39 508 1
43 96 503 1
96 43 503 1
62 83 1241 1
83 62 1241 1
61 63 238 1
63 61 238 1
32 79 600 1
79 32 600 1
54 87 939 1
87 54 939 1
16 57 981 1
57 16 981 1
22 82 706 1
82 22 706 1
36 55 626 1
55 36 626 1
9 101 1217 1
101 9 1217 1
21 40 380 1
40 21 380 1
34 67 275 1
67 34 275 1
39 42 762 1
42 39 762 1
57 60 868 1
60 57 868 1
12 48 1186 1
48 12 1186 1
22 30 218 1
30 22 218 1
28 57 964 1
57 28 964 1
30 37 688 1
37 30 688 1
57 76 691 1
76 57 691 1
66 67 177 1
67 66 177 1
0 57 825 1
57 0 825 1
5 51 1334 1
51 5 1334 1
16 32 504 1
32 16 504 1
36 80 330 1
80 36 330 1
54 78 385 1
78 54 385 1
4 48 1379 1
48 4 1379 1
39 46 678 1
46 39 678 1
3 19 382 1
19 3 382 1
8 49 1478 1
49 8 1478 1
36 42 628 1
42 36 628 1
43 76 617 1
76 43 617 1
16 83 1029 1
83 16 1029 1
36 79 738 1
79 36 738 1
41 79 379 1
79 41 379 1
5 103 1104 1
103 5 1104 1
54 76 415 1
76 54 415 1
60 62 241 1
62 60 241 1
9 51 1357 1
51 9 1357 1
58 61 717 1
61 58 717 1
62 63 1134 1
63 62 1134 1
5 67 1194 1
67 5 1194 1
5 92 1324 1
92 5 1324 1
8 48 1406 1
48 8 1406 1
19 67 590 1
67 19 590 1
28 54 527 1
54 28 527 1
39 87 370 1
87 39 370 1
57 79 431 1
79 57 431 1
1 60 923 1
60 1 923 1
2 103 1363 1
103 2 1363 1
21 41 236 1
41 21 236 1
29 71 259 1
71 29 259 1
46 72 723 1
72 46 723 1
64 85 1107 1
85 64 1107 1
96 110 214 1
110 96 214 1
9 35 1031 1
35 9 1031 1
17 38 824 1
38 17 824 1
31 76 584 1
76 31 584 1
35 65 453 1
65 35 453 1
38 81 841 1
81 38 841 1
29 57 596 1
57 29 596 1
48 59 599 1
59 48 599 1
35 59 475 1
59 35 475 1
38 79 739 1
79 38 739 1
4 93 1288 1
93 4 1288 1
26 105 921 1
105 26 921 1
30 79 725 1
79 30 725 1
41 71 317 1
71 41 317 1
71 77 297 1
77 71 297 1
72 83 754 1
83 72 754 1
37 79 267 1
79 37 267 1
20 71 311 1
71 20 311 1
27 90 1121 1
90 27 1121 1
30 40 513 1
40 30 513 1
41 78 770 1
78 41 770 1
0 10 381 1
10 0 381 1
5 48 1432 1
48 5 1432 1
32 40 629 1
40 32 629 1
96 111 286 1
111 96 286 1
21 38 458 1
38 21 458 1
34 65 549 1
65 34 549 1
40 71 481 1
71 40 481 1
41 77 345 1
77 41 345 1
62 76 527 1
76 62 527 1
1 98 1107 1
98 1 1107 1
20 36 396 1
36 20 396 1
21 71 214 1
71 21 214 1
22 33 600 1
33 22 600 1
31 79 660 1
79 31 660 1
40 46 685 1
46 40 685 1
75 115 597 1
115 75 597 1
2 22 228 1
22 2 228 1
8 101 1359 1
101 8 1359 1
57 63 249 1
63 57 249 1
59 105 1100 1
105 59 1100 1
8 12 346 1
12 8 346 1
35 92 768 1
92 35 768 1
39 95 233 1
95 39 233 1
8 47 1265 1
47 8 1265 1
16 75 702 1
75 16 702 1
40 81 874 1
81 40 874 1
84 89 1110 1
89 84 1110 1
17 20 694 1
20 17 694 1
24 30 283 1
30 24 283 1
73 80 850 1
80 73 850 1
4 91 1276 1
91 4 1276 1
72 115 649 1
115 72 649 1
3 6 559 1
6 3 559 1
18 103 1302 1
103 18 1302 1
28 38 358 1
38 28 358 1
54 79 860 1
79 54 860 1
67 105 903 1
105 67 903 1
77 80 662 1
80 77 662 1
21 37 403 1
37 21 403 1
23 103 1345 1
103 23 1345 1
29 30 533 1
30 29 533 1
29 46 914 1
46 29 914 1
76 85 717 1
85 76 717 1
6 8 485 1
8 6 485 1
13 33 629 1
33 13 629 1
20 83 565 1
83 20 565 1
57 77 533 1
77 57 533 1
30 77 559 1
77 30 559 1
54 85 906 1
85 54 906 1
3 18 417 1
18 3 417 1
16 78 122 1
78 16 122 1
23 33 604 1
33 23 604 1
30 70 259 1
70 30 259 1
31 38 708 1
38 31 708 1
84 87 1148 1
87 84 1148 1
20 54 606 1
54 20 606 1
22 24 386 1
24 22 386 1
35 91 647 1
91 35 647 1
54 62 567 1
62 54 567 1
70 72 158 1
72 70 158 1
77 85 495 1
85 77 495 1
7 114 1176 1
114 7 1176 1
18 91 1236 1
91 18 1236 1
19 105 1190 1
105 19 1190 1
20 70 213 1
70 20 213 1
24 35 1010 1
35 24 1010 1
27 93 1095 1
93 27 1095 1
54 75 692 1
75 54 692 1
54 83 966 1
83 54 966 1
81 83 446 1
83 81 446 1
95 107 258 1
107 95 258 1
1 81 501 1
81 1 501 1
84 86 610 1
86 84 610 1
30 71 303 1
71 30 303 1
34 35 126 1
35 34 126 1
38 83 760 1
83 38 760 1
39 96 494 1
96 39 494 1
32 77 383 1
77 32 383 1
42 47 281 1
47 42 281 1
56 80 431 1
80 56 431 1
67 110 507 1
110 67 507 1
82 89 1043 1
89 82 1043 1
28 63 1049 1
63 28 1049 1
29 40 655 1
40 29 655 1
32 38 642 1
38 32 642 1
58 104 1061 1
104 58 1061 1
9 45 1389 1
45 9 1389 1
20 86 362 1
86 20 362 1
32 46 706 1
46 32 706 1
56 99 1051 1
99 56 1051 1
3 103 1279 1
103 3 1279 1
57 98 1043 1
98 57 1043 1
3 67 879 1
67 3 879 1
17 54 969 1
54 17 969 1
23 82 788 1
82 23 788 1
41 83 252 1
83 41 252 1
21 75 222 1
75 21 222 1
54 89 853 1
89 54 853 1
61 102 1213 1
102 61 1213 1
69 84 944 1
84 69 944 1
2 19 481 1
19 2 481 1
20 40 225 1
40 20 225 1
26 59 1291 1
59 26 1291 1
30 57 852 1
57 30 852 1
81 85 175 1
85 81 175 1
8 65 1425 1
65 8 1425 1
38 77 447 1
77 38 447 1
49 103 837 1
103 49 837 1
10 87 1058 1
87 10 1058 1
16 63 1092 1
63 16 1092 1
16 74 335 1
74 16 335 1
23 67 1077 1
67 23 1077 1
56 111 893 1
111 56 893 1
91 110 456 1
110 91 456 1
101 109 540 1
109 101 540 1
6 103 1362 1
103 6 1362 1
16 54 493 1
54 16 493 1
37 71 401 1
71 37 401 1
85 113 705 1
113 85 705 1
19 58 678 1
58 19 678 1
30 54 873 1
54 30 873 1
42 85 771 1
85 42 771 1
43 73 792 1
73 43 792 1
20 24 393 1
24 20 393 1
30 115 932 1
115 30 932 1
40 54 405 1
54 40 405 1
55 74 679 1
74 55 679 1
57 74 830 1
74 57 830 1
16 60 498 1
60 16 498 1
23 92 1466 1
92 23 1466 1
18 82 891 1
82 18 891 1
59 93 1026 1
93 59 1026 1
63 72 944 1
72 63 944 1
76 80 424 1
80 76 424 1
94 96 89 1
96 94 89 1
14 15 772 1
15 14 772 1
20 41 386 1
41 20 386 1
21 72 388 1
72 21 388 1
55 113 437 1
113 55 437 1
96 99 428 1
99 96 428 1
5 93 1207 1
93 5 1207 1
51 66 580 1
66 51 580 1
93 104 478 1
104 93 478 1
30 82 534 1
82 30 534 1
37 96 506 1
96 37 506 1
46 77 585 1
77 46 585 1
21 54 704 1
54 21 704 1
37 85 343 1
85 37 343 1
43 44 290 1
44 43 290 1
54 86 568 1
86 54 568 1
85 89 220 1
89 85 220 1
4 47 1192 1
47 4 1192 1
49 53 406 1
53 49 406 1
46 81 867 1
81 46 867 1
55 75 460 1
75 55 460 1
64 113 831 1
113 64 831 1
103 110 496 1
110 103 496 1
30 62 878 1
62 30 878 1
36 63 945 1
63 36 945 1
37 43 584 1
43 37 584 1
46 54 354 1
54 46 354 1
7 66 1007 1
66 7 1007 1
25 30 292 1
30 25 292 1
31 36 716 1
36 31 716 1
38 57 968 1
57 38 968 1
51 65 287 1
65 51 287 1
46 79 801 1
79 46 801 1
57 62 1000 1
62 57 1000 1
76 78 312 1
78 76 312 1
17 83 381 1
83 17 381 1
41 46 810 1
46 41 810 1
45 100 889 1
100 45 889 1
7 102 1355 1
102 7 1355 1
37 54 645 1
54 37 645 1
49 58 594 1
58 49 594 1
65 90 1061 1
90 65 1061 1
75 83 351 1
83 75 351 1
84 88 224 1
88 84 224 1
90 100 182 1
100 90 182 1
94 110 220 1
110 94 220 1
0 52 934 1
52 0 934 1
20 29 497 1
29 20 497 1
20 78 525 1
78 20 525 1
33 83 733 1
83 33 733 1
38 73 580 1
73 38 580 1
45 90 767 1
90 45 767 1
65 104 1022 1
104 65 1022 1
31 33 517 1
33 31 517 1
54 57 1038 1
57 54 1038 1
60 61 893 1
61 60 893 1
23 91 1352 1
91 23 1352 1
45 110 453 1
110 45 453 1
79 83 420 1
83 79 420 1
9 107 919 1
107 9 919 1
11 12 972 1
12 11 972 1
18 23 573 1
23 18 573 1
32 39 692 1
39 32 692 1
42 81 865 1
81 42 865 1
4 92 1237 1
92 4 1237 1
43 74 810 1
74 43 810 1
43 85 559 1
85 43 559 1
2 48 1199 1
48 2 1199 1
27 92 1167 1
92 27 1167 1
30 87 699 1
87 30 699 1
31 54 940 1
54 31 940 1
32 33 149 1
33 32 149 1
38 41 513 1
41 38 513 1
39 75 260 1
75 39 260 1
55 73 498 1
73 55 498 1
3 91 1236 1
91 3 1236 1
28 60 684 1
60 28 684 1
30 36 645 1
36 30 645 1
20 32 609 1
32 20 609 1
25 71 434 1
71 25 434 1
42 77 643 1
77 42 643 1
65 102 1120 1
102 65 1120 1
93 100 653 1
100 93 653 1
8 53 1492 1
53 8 1492 1
21 83 382 1
83 21 382 1
38 82 362 1
82 38 362 1
58 102 1067 1
102 58 1067 1
5 6 733 1
6 5 733 1
5 7 538 1
7 5 538 1
19 69 323 1
69 19 323 1
23 104 1270 1
104 23 1270 1
49 107 859 1
107 49 859 1
54 115 339 1
115 54 339 1
64 82 943 1
82 64 943 1
99 112 272 1
112 99 272 1
102 105 355 1
105 102 355 1
0 18 364 1
18 0 364 1
1 80 1054 1
80 1 1054 1
5 101 1174 1
101 5 1174 1
17 31 618 1
31 17 618 1
85 86 1120 1
86 85 1120 1
8 93 1382 1
93 8 1382 1
21 28 487 1
28 21 487 1
60 80 480 1
80 60 480 1
63 77 536 1
77 63 536 1
76 96 361 1
96 76 361 1
2 93 1417 1
93 2 1417 1
14 51 1362 1
51 14 1362 1
21 30 349 1
30 21 349 1
28 46 774 1
46 28 774 1
29 54 871 1
54 29 871 1
58 92 982 1
92 58 982 1
1 68 549 1
68 1 549 1
5 61 1171 1
61 5 1171 1
5 102 1167 1
102 5 1167 1
23 105 1262 1
105 23 1262 1
30 33 526 1
33 30 526 1
39 85 433 1
85 39 433 1
28 115 724 1
115 28 724 1
1 54 1073 1
54 1 1073 1
4 58 1292 1
58 4 1292 1
21 29 329 1
29 21 329 1
47 96 412 1
96 47 412 1
96 112 337 1
112 96 337 1
100 109 518 1
109 100 518 1
16 56 380 1
56 16 380 1
40 55 690 1
55 40 690 1
95 111 347 1
111 95 347 1
4 90 1167 1
90 4 1167 1
9 15 219 1
15 9 219 1
18 90 1192 1
90 18 1192 1
49 67 315 1
67 49 315 1
99 113 264 1
113 99 264 1
2 24 548 1
24 2 548 1
4 65 1344 1
65 4 1344 1
36 96 257 1
96 36 257 1
16 76 379 1
76 16 379 1
21 36 510 1
36 21 510 1
31 77 552 1
77 31 552 1
4 6 536 1
6 4 536 1
27 103 986 1
103 27 986 1
58 105 1107 1
105 58 1107 1
16 31 718 1
31 16 718 1
21 74 343 1
74 21 343 1
30 39 678 1
39 30 678 1
1 99 923 1
99 1 923 1
4 45 1366 1
45 4 1366 1
13 21 494 1
21 13 494 1
97 105 299 1
105 97 299 1
107 109 392 1
109 107 392 1
18 69 392 1
69 18 392 1
31 81 775 1
81 31 775 1
61 91 822 1
91 61 822 1
10 30 501 1
30 10 501 1
18 105 1215 1
105 18 1215 1
32 80 590 1
80 32 590 1
61 65 175 1
65 61 175 1
2 105 1253 1
105 2 1253 1
38 89 763 1
89 38 763 1
42 75 840 1
75 42 840 1
64 88 675 1
88 64 675 1
10 62 483 1
62 10 483 1
31 87 639 1
87 31 639 1
45 103 818 1
103 45 818 1
57 83 805 1
83 57 805 1
58 93 1138 1
93 58 1138 1
101 110 541 1
110 101 541 1
7 11 254 1
11 7 254 1
91 99 166 1
99 91 166 1
9 104 1161 1
104 9 1161 1
77 78 550 1
78 77 550 1
13 29 290 1
29 13 290 1
19 107 1100 1
107 19 1100 1
102 107 560 1
107 102 560 1
10 69 865 1
69 10 865 1
31 37 658 1
37 31 658 1
7 104 1243 1
104 7 1243 1
18 93 1308 1
93 18 1308 1
20 81 779 1
81 20 779 1
65 93 802 1
93 65 802 1
102 106 217 1
106 102 217 1
6 49 1274 1
49 6 1274 1
40 83 731 1
83 40 731 1
61 92 1185 1
92 61 1185 1
74 80 415 1
80 74 415 1
93 111 397 1
111 93 397 1
93 112 343 1
112 93 343 1
1 63 334 1
63 1 334 1
2 90 1252 1
90 2 1252 1
18 88 1010 1
88 18 1010 1
45 102 889 1
102 45 889 1
38 84 429 1
84 38 429 1
45 47 345 1
47 45 345 1
55 95 221 1
95 55 221 1
4 59 1372 1
59 4 1372 1
43 75 740 1
75 43 740 1
49 91 630 1
91 49 630 1
87 88 1035 1
88 87 1035 1
22 64 1169 1
64 22 1169 1
27 105 897 1
105 27 897 1
35 49 434 1
49 35 434 1
36 57 914 1
57 36 914 1
9 100 1346 1
100 9 1346 1
10 89 1185 1
89 10 1185 1
19 49 882 1
49 19 882 1
55 85 300 1
85 55 300 1
57 75 616 1
75 57 616 1
74 85 839 1
85 74 839 1
77 83 539 1
83 77 539 1
90 107 713 1
107 90 713 1
111 113 191 1
113 111 191 1
8 45 1422 1
45 8 1422 1
21 32 632 1
32 21 632 1
21 73 247 1
73 21 247 1
5 104 1063 1
104 5 1063 1
10 28 213 1
28 10 213 1
28 70 247 1
70 28 247 1
42 72 843 1
72 42 843 1
75 80 775 1
80 75 775 1
2 88 959 1
88 2 959 1
25 26 225 1
26 25 225 1
32 37 626 1
37 32 626 1
35 66 331 1
66 35 331 1
74 83 697 1
83 74 697 1
26 48 1303 1
48 26 1303 1
42 95 547 1
95 42 547 1
50 67 562 1
67 50 562 1
62 75 893 1
75 62 893 1
83 115 786 1
115 83 786 1
106 110 467 1
110 106 467 1
0 58 565 1
58 0 565 1
57 78 938 1
78 57 938 1
101 107 310 1
107 101 310 1
40 77 472 1
77 40 472 1
41 42 897 1
42 41 897 1
67 106 941 1
106 67 941 1
5 107 867 1
107 5 867 1
43 77 556 1
77 43 556 1
46 85 782 1
85 46 782 1
54 77 571 1
77 54 571 1
65 91 690 1
91 65 690 1
67 100 988 1
100 67 988 1
11 29 239 1
29 11 239 1
51 90 888 1
90 51 888 1
80 83 1100 1
83 80 1100 1
94 101 576 1
101 94 576 1
13 61 843 1
61 13 843 1
19 102 1271 1
102 19 1271 1
24 26 201 1
26 24 201 1
26 34 907 1
34 26 907 1
32 78 484 1
78 32 484 1
40 42 830 1
42 40 830 1
41 55 403 1
55 41 403 1
35 51 483 1
51 35 483 1
35 105 686 1
105 35 686 1
78 85 1017 1
85 78 1017 1
4 102 1078 1
102 4 1078 1
6 58 957 1
58 6 957 1
10 41 849 1
41 10 849 1
12 60 825 1
60 12 825 1
22 26 505 1
26 22 505 1
27 67 1105 1
67 27 1105 1
4 53 1405 1
53 4 1405 1
27 102 1008 1
102 27 1008 1
35 93 718 1
93 35 718 1
45 48 304 1
48 45 304 1
7 90 1390 1
90 7 1390 1
10 57 1032 1
57 10 1032 1
26 104 905 1
104 26 905 1
42 108 485 1
108 42 485 1
43 45 199 1
45 43 199 1
63 73 569 1
73 63 569 1
76 87 753 1
87 76 753 1
0 98 918 1
98 0 918 1
5 35 974 1
35 5 974 1
6 59 1126 1
59 6 1126 1
8 15 741 1
15 8 741 1
17 39 453 1
39 17 453 1
21 78 664 1
78 21 664 1
25 34 1006 1
34 25 1006 1
49 114 742 1
114 49 742 1
52 54 402 1
54 52 402 1
95 114 280 1
114 95 280 1
97 103 349 1
103 97 349 1
49 66 437 1
66 49 437 1
55 72 755 1
72 55 755 1
97 99 180 1
99 97 180 1
6 45 1217 1
45 6 1217 1
36 83 816 1
83 36 816 1
51 59 486 1
59 51 486 1
77 86 724 1
86 77 724 1
83 88 1071 1
88 83 1071 1
5 19 902 1
19 5 902 1
6 107 1177 1
107 6 1177 1
60 88 724 1
88 60 724 1
91 100 719 1
100 91 719 1
93 99 208 1
99 93 208 1
32 68 304 1
68 32 304 1
36 85 845 1
85 36 845 1
45 107 840 1
107 45 840 1
112 113 116 1
113 112 116 1
4 44 1341 1
44 4 1341 1
6 23 465 1
23 6 465 1
37 56 930 1
56 37 930 1
37 70 546 1
70 37 546 1
46 78 577 1
78 46 577 1
57 115 958 1
115 57 958 1
61 103 1017 1
103 61 1017 1
11 68 856 1
68 11 856 1
24 45 1393 1
45 24 1393 1
31 82 641 1
82 31 641 1
35 58 514 1
58 35 514 1
45 104 837 1
104 45 837 1
63 83 697 1
83 63 697 1
97 106 471 1
106 97 471 1
5 26 263 1
26 5 263 1
47 97 280 1
97 47 280 1
52 60 638 1
60 52 638 1
101 111 463 1
111 101 463 1
6 51 1338 1
51 6 1338 1
9 44 1434 1
44 9 1434 1
29 38 680 1
38 29 680 1
39 72 575 1
72 39 575 1
51 92 878 1
92 51 878 1
73 83 298 1
83 73 298 1
92 114 349 1
114 92 349 1
97 111 292 1
111 97 292 1
4 103 1174 1
103 4 1174 1
10 64 755 1
64 10 755 1
16 77 611 1
77 16 611 1
21 77 387 1
77 21 387 1
44 100 799 1
100 44 799 1
56 98 821 1
98 56 821 1
109 114 278 1
114 109 278 1
7 8 828 1
8 7 828 1
10 22 580 1
22 10 580 1
27 48 1308 1
48 27 1308 1
30 80 748 1
80 30 748 1
31 62 966 1
62 31 966 1
32 115 797 1
115 32 797 1
36 115 416 1
115 36 416 1
37 80 842 1
80 37 842 1
42 79 812 1
79 42 812 1
68 69 164 1
69 68 164 1
94 100 422 1
100 94 422 1
95 96 288 1
96 95 288 1
107 110 468 1
110 107 468 1
2 45 1193 1
45 2 1193 1
18 22 537 1
22 18 537 1
19 97 912 1
97 19 912 1
22 89 1126 1
89 22 1126 1
37 113 578 1
113 37 578 1
38 46 544 1
46 38 544 1
56 81 1090 1
81 56 1090 1
61 104 1114 1
104 61 1114 1
80 115 707 1
115 80 707 1
10 12 181 1
12 10 181 1
16 115 757 1
115 16 757 1
20 39 459 1
39 20 459 1
37 87 433 1
87 37 433 1
91 97 336 1
97 91 336 1
94 102 378 1
102 94 378 1
102 110 495 1
110 102 495 1
20 57 904 1
57 20 904 1
29 42 967 1
42 29 967 1
35 110 305 1
110 35 305 1
37 115 443 1
115 37 443 1
69 91 1081 1
91 69 1081 1
96 108 167 1
108 96 167 1
16 30 615 1
30 16 615 1
24 110 1066 1
110 24 1066 1
29 83 227 1
83 29 227 1
62 78 287 1
78 62 287 1
75 85 521 1
85 75 521 1
2 91 1366 1
91 2 1366 1
36 71 552 1
71 36 552 1
51 91 505 1
91 51 505 1
91 107 371 1
107 91 371 1
3 59 922 1
59 3 922 1
10 16 218 1
16 10 218 1
10 32 558 1
32 10 558 1
34 93 788 1
93 34 788 1
39 73 305 1
73 39 305 1
40 96 436 1
96 40 436 1
48 66 357 1
66 48 357 1
79 85 260 1
85 79 260 1
81 115 734 1
115 81 734 1
93 94 560 1
94 93 560 1
4 26 161 1
26 4 161 1
8 44 1378 1
44 8 1378 1
45 91 637 1
91 45 637 1
93 110 487 1
110 93 487 1
1 113 1104 1
113 1 1104 1
3 104 1246 1
104 3 1246 1
17 40 824 1
40 17 824 1
58 67 368 1
67 58 368 1
5 65 1232 1
65 5 1232 1
19 101 1295 1
101 19 1295 1
29 55 507 1
55 29 507 1
29 115 730 1
115 29 730 1
62 77 741 1
77 62 741 1
82 115 739 1
115 82 739 1
3 58 1025 1
58 3 1025 1
4 67 1210 1
67 4 1210 1
6 90 1185 1
90 6 1185 1
17 46 930 1
46 17 930 1
18 94 904 1
94 18 904 1
20 46 831 1
46 20 831 1
38 80 426 1
80 38 426 1
41 80 868 1
80 41 868 1
58 60 266 1
60 58 266 1
100 104 240 1
104 100 240 1
2 59 1058 1
59 2 1058 1
2 92 1350 1
92 2 1350 1
6 102 1207 1
102 6 1207 1
8 110 1076 1
110 8 1076 1
19 92 1295 1
92 19 1295 1
30 86 614 1
86 30 614 1
99 104 430 1
104 99 430 1
8 92 1269 1
92 8 1269 1
15 21 348 1
21 15 348 1
42 54 525 1
54 42 525 1
93 98 589 1
98 93 589 1
37 86 777 1
86 37 777 1
39 77 312 1
77 39 312 1
39 81 431 1
81 39 431 1
50 65 837 1
65 50 837 1
85 96 743 1
96 85 743 1
95 101 458 1
101 95 458 1
98 110 300 1
110 98 300 1
14 48 1233 1
48 14 1233 1
19 35 579 1
35 19 579 1
32 71 466 1
71 32 466 1
105 107 233 1
107 105 233 1
3 88 1145 1
88 3 1145 1
8 27 425 1
27 8 425 1
39 41 161 1
41 39 161 1
43 51 245 1
51 43 245 1
32 55 771 1
55 32 771 1
39 109 356 1
109 39 356 1
67 97 637 1
97 67 637 1
90 97 593 1
97 90 593 1
102 111 440 1
111 102 440 1
30 46 1051 1
46 30 1051 1
33 60 632 1
60 33 632 1
108 114 218 1
114 108 218 1
1 36 918 1
36 1 918 1
6 92 1291 1
92 6 1291 1
49 100 971 1
100 49 971 1
49 101 814 1
101 49 814 1
0 99 1111 1
99 0 1111 1
1 10 979 1
10 1 979 1
2 50 1192 1
50 2 1192 1
39 74 501 1
74 39 501 1
17 21 542 1
21 17 542 1
26 91 1131 1
91 26 1131 1
69 82 1105 1
82 69 1105 1
2 8 554 1
8 2 554 1
2 58 959 1
58 2 959 1
6 19 593 1
19 6 593 1
13 32 767 1
32 13 767 1
15 33 738 1
33 15 738 1
25 70 480 1
70 25 480 1
27 104 911 1
104 27 911 1
29 39 339 1
39 29 339 1
32 87 937 1
87 32 937 1
40 79 762 1
79 40 762 1
59 101 1108 1
101 59 1108 1
78 83 999 1
83 78 999 1
81 98 940 1
98 81 940 1
92 94 455 1
94 92 455 1
7 103 1229 1
103 7 1229 1
14 53 1349 1
53 14 1349 1
52 88 542 1
88 52 542 1
63 78 1033 1
78 63 1033 1
2 26 618 1
26 2 618 1
7 49 1147 1
49 7 1147 1
8 108 951 1
108 8 951 1
26 90 1088 1
90 26 1088 1
56 60 232 1
60 56 232 1
74 86 416 1
86 74 416 1
86 89 1016 1
89 86 1016 1
86 115 706 1
115 86 706 1
13 16 1048 1
16 13 1048 1
17 115 802 1
115 17 802 1
34 115 566 1
115 34 566 1
37 98 666 1
98 37 666 1
39 54 618 1
54 39 618 1
99 102 560 1
102 99 560 1
10 31 619 1
31 10 619 1
23 27 506 1
27 23 506 1
29 70 512 1
70 29 512 1
49 102 965 1
102 49 965 1
50 85 1013 1
85 50 1013 1
5 15 278 1
15 5 278 1
19 93 1252 1
93 19 1252 1
21 76 440 1
76 21 440 1
54 84 309 1
84 54 309 1
64 87 1344 1
87 64 1344 1
98 102 260 1
102 98 260 1
1 41 715 1
41 1 715 1
35 104 705 1
104 35 705 1
23 24 403 1
24 23 403 1
47 53 268 1
53 47 268 1
22 31 234 1
31 22 234 1
26 67 1128 1
67 26 1128 1
48 67 417 1
67 48 417 1
4 35 987 1
35 4 987 1
10 79 992 1
79 10 992 1
13 114 1099 1
114 13 1099 1
31 78 755 1
78 31 755 1
37 78 740 1
78 37 740 1
46 71 860 1
71 46 860 1
76 86 587 1
86 76 587 1
99 110 299 1
110 99 299 1
10 60 650 1
60 10 650 1
40 87 708 1
87 40 708 1
55 77 412 1
77 55 412 1
81 84 1146 1
84 81 1146 1
97 104 399 1
104 97 399 1
4 12 434 1
12 4 434 1
34 64 445 1
64 34 445 1
36 87 808 1
87 36 808 1
43 79 634 1
79 43 634 1
61 114 963 1
114 61 963 1
92 110 485 1
110 92 485 1
4 15 597 1
15 4 597 1
51 100 973 1
100 51 973 1
67 101 953 1
101 67 953 1
0 88 782 1
88 0 782 1
1 38 962 1
38 1 962 1
36 43 693 1
43 36 693 1
44 108 631 1
108 44 631 1
47 93 394 1
93 47 394 1
73 85 516 1
85 73 516 1
78 84 235 1
84 78 235 1
101 104 464 1
104 101 464 1
1 62 1027 1
62 1 1027 1
11 75 388 1
75 11 388 1
50 88 679 1
88 50 679 1
74 87 714 1
87 74 714 1
94 103 496 1
103 94 496 1
6 66 934 1
66 6 934 1
10 52 956 1
52 10 956 1
13 52 1405 1
52 13 1405 1
15 29 295 1
29 15 295 1
34 50 475 1
50 34 475 1
85 115 651 1
115 85 651 1
4 108 880 1
108 4 880 1
8 91 1373 1
91 8 1373 1
8 114 1127 1
114 8 1127 1
14 34 879 1
34 14 879 1
24 31 318 1
31 24 318 1
35 61 480 1
61 35 480 1
39 113 565 1
113 39 565 1
55 79 394 1
79 55 394 1
59 65 304 1
65 59 304 1
5 45 1343 1
45 5 1343 1
7 100 1408 1
100 7 1408 1
11 65 770 1
65 11 770 1
12 114 1083 1
114 12 1083 1
40 108 451 1
108 40 451 1
57 111 890 1
111 57 890 1
64 69 676 1
69 64 676 1
1 37 646 1
37 1 646 1
18 59 713 1
59 18 713 1
26 52 1199 1
52 26 1199 1
27 49 1272 1
49 27 1272 1
56 68 408 1
68 56 408 1
65 103 905 1
103 65 905 1
83 89 464 1
89 83 464 1
48 53 654 1
53 48 654 1
49 92 871 1
92 49 871 1
2 94 947 1
94 2 947 1
2 104 1217 1
104 2 1217 1
10 84 516 1
84 10 516 1
13 28 892 1
28 13 892 1
63 79 303 1
79 63 303 1
71 87 510 1
87 71 510 1
76 83 717 1
83 76 717 1
87 109 723 1
109 87 723 1
3 105 1215 1
105 3 1215 1
21 79 530 1
79 21 530 1
42 111 258 1
111 42 258 1
46 70 798 1
70 46 798 1
49 61 452 1
61 49 452 1
66 100 968 1
100 66 968 1
90 106 378 1
106 90 378 1
4 104 1017 1
104 4 1017 1
18 64 805 1
64 18 805 1
32 57 493 1
57 32 493 1
43 110 298 1
110 43 298 1
55 108 332 1
108 55 332 1
20 82 329 1
82 20 329 1
41 87 263 1
87 41 263 1
48 90 628 1
90 48 628 1
50 66 475 1
66 50 475 1
6 105 1236 1
105 6 1236 1
8 95 956 1
95 8 956 1
57 82 1164 1
82 57 1164 1
72 85 912 1
85 72 912 1
104 107 401 1
107 104 401 1
106 107 486 1
107 106 486 1
1 69 441 1
69 1 441 1
3 94 975 1
94 3 975 1
6 26 607 1
26 6 607 1
21 26 271 1
26 21 271 1
28 39 686 1
39 28 686 1
34 82 812 1
82 34 812 1
47 51 339 1
51 47 339 1
94 99 399 1
99 94 399 1
45 114 688 1
114 45 688 1
52 59 956 1
59 52 956 1
13 75 440 1
75 13 440 1
24 96 985 1
96 24 985 1
46 108 360 1
108 46 360 1
49 104 900 1
104 49 900 1
63 75 591 1
75 63 591 1
71 83 425 1
83 71 425 1
91 111 390 1
111 91 390 1
1 86 1182 1
86 1 1182 1
3 93 1309 1
93 3 1309 1
4 7 733 1
7 4 733 1
12 71 631 1
71 12 631 1
13 31 424 1
31 13 424 1
56 79 965 1
79 56 965 1
63 76 747 1
76 63 747 1
6 93 1425 1
93 6 1425 1
7 51 1137 1
51 7 1137 1
8 43 1334 1
43 8 1334 1
10 88 586 1
88 10 586 1
28 87 873 1
87 28 873 1
47 98 442 1
98 47 442 1
55 78 841 1
78 55 841 1
69 90 1119 1
90 69 1119 1
77 115 503 1
115 77 503 1
92 107 674 1
107 92 674 1
