116 2668
103 104 369 1
104 103 369 1
94 109 127 1
109 94 127 1
30 31 127 1
31 30 127 1
38 39 465 1
39 38 465 1
106 107 486 1
107 106 486 1
100 102 87 1
102 100 87 1
94 97 266 1
97 94 266 1
58 59 496 1
59 58 496 1
42 43 239 1
43 42 239 1
104 105 204 1
105 104 204 1
42 46 173 1
46 42 173 1
39 94 407 1
94 39 407 1
102 104 159 1
104 102 159 1
84 85 1130 1
85 84 1130 1
78 81 1002 1
81 78 1002 1
59 61 271 1
61 59 271 1
88 89 1035 1
89 88 1035 1
100 101 656 1
101 100 656 1
113 114 95 1
114 113 95 1
20 70 213 1
70 20 213 1
80 81 1113 1
81 80 1113 1
97 109 174 1
109 97 174 1
39 97 289 1
97 39 289 1
39 109 356 1
109 39 356 1
55 96 492 1
96 55 492 1
44 45 194 1
45 44 194 1
1 59 541 1
59 1 541 1
42 47 281 1
47 42 281 1
59 66 363 1
66 59 363 1
76 77 238 1
77 76 238 1
48 49 410 1
49 48 410 1
102 103 508 1
103 102 508 1
0 1 800 1
1 0 800 1
48 51 548 1
51 48 548 1
56 57 840 1
57 56 840 1
58 61 717 1
61 58 717 1
5 9 157 1
9 5 157 1
96 97 322 1
97 96 322 1
107 113 400 1
113 107 400 1
101 102 595 1
102 101 595 1
95 108 123 1
108 95 123 1
72 74 76 1
74 72 76 1
58 60 266 1
60 58 266 1
46 55 584 1
55 46 584 1
57 68 520 1
68 57 520 1
60 61 893 1
61 60 893 1
38 94 246 1
94 38 246 1
52 53 746 1
53 52 746 1
101 104 464 1
104 101 464 1
100 103 576 1
103 100 576 1
39 96 494 1
96 39 494 1
101 105 274 1
105 101 274 1
0 58 565 1
58 0 565 1
107 114 333 1
114 107 333 1
114 115 96 1
115 114 96 1
35 45 385 1
45 35 385 1
36 40 213 1
40 36 213 1
43 47 146 1
47 43 146 1
92 107 674 1
107 92 674 1
48 90 628 1
90 48 628 1
75 76 374 1
76 75 374 1
75 77 210 1
77 75 210 1
19 68 313 1
68 19 313 1
101 103 106 1
103 101 106 1
5 27 165 1
27 5 165 1
8 9 638 1
9 8 638 1
99 112 272 1
112 99 272 1
38 96 284 1
96 38 284 1
1 58 829 1
58 1 829 1
24 35 1010 1
35 24 1010 1
2 6 165 1
6 2 165 1
22 23 140 1
23 22 140 1
100 104 240 1
104 100 240 1
56 68 408 1
68 56 408 1
82 88 444 1
88 82 444 1
44 111 448 1
111 44 448 1
44 98 563 1
98 44 563 1
94 96 89 1
96 94 89 1
94 105 354 1
105 94 354 1
55 98 606 1
98 55 606 1
92 93 608 1
93 92 608 1
97 105 299 1
105 97 299 1
111 112 111 1
112 111 111 1
18 68 315 1
68 18 315 1
61 63 238 1
63 61 238 1
36 37 542 1
37 36 542 1
26 27 135 1
27 26 135 1
41 74 484 1
74 41 484 1
103 105 173 1
105 103 173 1
10 12 181 1
12 10 181 1
90 91 735 1
91 90 735 1
42 55 629 1
55 42 629 1
102 105 355 1
105 102 355 1
32 33 149 1
33 32 149 1
38 109 342 1
109 38 342 1
1 61 385 1
61 1 385 1
25 27 193 1
27 25 193 1
77 114 582 1
114 77 582 1
44 55 743 1
55 44 743 1
43 46 341 1
46 43 341 1
42 44 208 1
44 42 208 1
18 19 147 1
19 18 147 1
58 66 198 1
66 58 198 1
58 91 1077 1
91 58 1077 1
16 81 1063 1
81 16 1063 1
44 46 353 1
46 44 353 1
74 76 203 1
76 74 203 1
0 59 847 1
59 0 847 1
73 74 458 1
74 73 458 1
5 25 129 1
25 5 129 1
22 82 706 1
82 22 706 1
41 73 204 1
73 41 204 1
57 59 382 1
59 57 382 1
37 55 221 1
55 37 221 1
113 115 188 1
115 113 188 1
47 110 210 1
110 47 210 1
5 20 424 1
20 5 424 1
16 56 380 1
56 16 380 1
42 45 300 1
45 42 300 1
38 97 469 1
97 38 469 1
105 109 371 1
109 105 371 1
82 89 1043 1
89 82 1043 1
36 76 232 1
76 36 232 1
9 20 557 1
20 9 557 1
46 99 446 1
99 46 446 1
42 99 482 1
99 42 482 1
96 109 176 1
109 96 176 1
99 111 265 1
111 99 265 1
75 114 683 1
114 75 683 1
100 105 430 1
105 100 430 1
9 70 641 1
70 9 641 1
21 27 209 1
27 21 209 1
44 49 304 1
49 44 304 1
58 90 890 1
90 58 890 1
49 51 172 1
51 49 172 1
92 114 349 1
114 92 349 1
98 112 277 1
112 98 277 1
26 39 604 1
39 26 604 1
1 57 172 1
57 1 172 1
34 35 126 1
35 34 126 1
60 90 787 1
90 60 787 1
42 111 258 1
111 42 258 1
52 90 240 1
90 52 240 1
3 88 1145 1
88 3 1145 1
20 27 271 1
27 20 271 1
55 97 173 1
97 55 173 1
78 80 116 1
80 78 116 1
28 77 540 1
77 28 540 1
51 53 271 1
53 51 271 1
51 90 888 1
90 51 888 1
92 113 313 1
113 92 313 1
46 47 309 1
47 46 309 1
49 98 742 1
98 49 742 1
98 99 479 1
99 98 479 1
51 111 516 1
111 51 516 1
59 91 926 1
91 59 926 1
61 91 822 1
91 61 822 1
14 82 179 1
82 14 179 1
37 97 271 1
97 37 271 1
19 69 323 1
69 19 323 1
4 8 148 1
8 4 148 1
29 81 342 1
81 29 342 1
38 55 598 1
55 38 598 1
39 55 254 1
55 39 254 1
44 112 534 1
112 44 534 1
76 114 580 1
114 76 580 1
21 97 595 1
97 21 595 1
98 111 265 1
111 98 265 1
12 60 825 1
60 12 825 1
60 91 1127 1
91 60 1127 1
46 98 212 1
98 46 212 1
50 51 698 1
51 50 698 1
37 46 651 1
46 37 651 1
36 80 330 1
80 36 330 1
43 55 485 1
55 43 485 1
37 40 562 1
40 37 562 1
31 64 1128 1
64 31 1128 1
50 53 744 1
53 50 744 1
0 56 174 1
56 0 174 1
16 78 122 1
78 16 122 1
16 80 152 1
80 16 152 1
31 33 517 1
33 31 517 1
60 63 1021 1
63 60 1021 1
47 55 367 1
55 47 367 1
3 23 271 1
23 3 271 1
52 58 705 1
58 52 705 1
106 113 395 1
113 106 395 1
93 106 650 1
106 93 650 1
9 15 219 1
15 9 219 1
23 88 1119 1
88 23 1119 1
57 58 735 1
58 57 735 1
21 24 413 1
24 21 413 1
100 106 280 1
106 100 280 1
0 57 825 1
57 0 825 1
55 99 216 1
99 55 216 1
100 107 640 1
107 100 640 1
25 43 1261 1
43 25 1261 1
11 85 574 1
85 11 574 1
15 65 1052 1
65 15 1052 1
21 26 271 1
26 21 271 1
56 81 1090 1
81 56 1090 1
24 25 135 1
25 24 135 1
2 4 569 1
4 2 569 1
5 70 530 1
70 5 530 1
24 34 1021 1
34 24 1021 1
35 44 409 1
44 35 409 1
37 39 117 1
39 37 117 1
0 6 417 1
6 0 417 1
20 41 386 1
41 20 386 1
33 64 737 1
64 33 737 1
35 42 425 1
42 35 425 1
25 47 1189 1
47 25 1189 1
29 78 851 1
78 29 851 1
81 95 542 1
95 81 542 1
59 88 1182 1
88 59 1182 1
1 88 1198 1
88 1 1198 1
97 104 399 1
104 97 399 1
92 100 157 1
100 92 157 1
11 84 1188 1
84 11 1188 1
55 94 428 1
94 55 428 1
92 106 400 1
106 92 400 1
73 75 84 1
75 73 84 1
1 60 923 1
60 1 923 1
37 109 343 1
109 37 343 1
38 54 263 1
54 38 263 1
94 104 298 1
104 94 298 1
30 33 526 1
33 30 526 1
52 61 1057 1
61 52 1057 1
3 22 347 1
22 3 347 1
49 111 530 1
111 49 530 1
16 79 934 1
79 16 934 1
24 67 1223 1
67 24 1223 1
35 50 559 1
50 35 559 1
8 15 741 1
15 8 741 1
39 54 618 1
54 39 618 1
1 91 1007 1
91 1 1007 1
93 101 103 1
101 93 103 1
36 81 848 1
81 36 848 1
14 84 681 1
84 14 681 1
31 77 552 1
77 31 552 1
37 105 506 1
105 37 506 1
10 13 1004 1
13 10 1004 1
14 22 562 1
22 14 562 1
43 45 199 1
45 43 199 1
44 51 440 1
51 44 440 1
42 49 396 1
49 42 396 1
0 60 405 1
60 0 405 1
1 90 1264 1
90 1 1264 1
61 90 1156 1
90 61 1156 1
14 28 286 1
28 14 286 1
37 38 515 1
38 37 515 1
0 68 414 1
68 0 414 1
22 93 1426 1
93 22 1426 1
56 78 391 1
78 56 391 1
82 86 143 1
86 82 143 1
0 88 782 1
88 0 782 1
29 102 1018 1
102 29 1018 1
101 109 540 1
109 101 540 1
52 91 777 1
91 52 777 1
57 61 216 1
61 57 216 1
61 66 546 1
66 61 546 1
101 106 633 1
106 101 633 1
17 79 135 1
79 17 135 1
32 102 997 1
102 32 997 1
96 98 184 1
98 96 184 1
11 93 1055 1
93 11 1055 1
59 68 484 1
68 59 484 1
57 66 576 1
66 57 576 1
23 85 1053 1
85 23 1053 1
22 88 1044 1
88 22 1044 1
45 50 474 1
50 45 474 1
59 60 718 1
60 59 718 1
28 76 345 1
76 28 345 1
95 96 288 1
96 95 288 1
71 77 297 1
77 71 297 1
93 107 357 1
107 93 357 1
94 101 576 1
101 94 576 1
16 17 998 1
17 16 998 1
105 106 359 1
106 105 359 1
62 90 707 1
90 62 707 1
59 90 1104 1
90 59 1104 1
77 115 503 1
115 77 503 1
30 64 1064 1
64 30 1064 1
45 47 345 1
47 45 345 1
61 88 1219 1
88 61 1219 1
62 63 1134 1
63 62 1134 1
83 87 158 1
87 83 158 1
23 89 1070 1
89 23 1070 1
28 29 741 1
29 28 741 1
70 85 848 1
85 70 848 1
0 66 594 1
66 0 594 1
6 12 248 1
12 6 248 1
31 34 815 1
34 31 815 1
71 107 693 1
107 71 693 1
81 111 760 1
111 81 760 1
29 44 1005 1
44 29 1005 1
45 111 467 1
111 45 467 1
1 63 334 1
63 1 334 1
43 44 290 1
44 43 290 1
11 92 1324 1
92 11 1324 1
24 45 1393 1
45 24 1393 1
72 73 517 1
73 72 517 1
1 66 683 1
66 1 683 1
39 105 458 1
105 39 458 1
82 93 1124 1
93 82 1124 1
3 7 185 1
7 3 185 1
35 47 370 1
47 35 370 1
37 79 267 1
79 37 267 1
41 70 482 1
70 41 482 1
74 75 389 1
75 74 389 1
51 98 763 1
98 51 763 1
11 13 168 1
13 11 168 1
47 99 231 1
99 47 231 1
72 76 257 1
76 72 257 1
39 95 233 1
95 39 233 1
97 101 398 1
101 97 398 1
14 18 837 1
18 14 837 1
68 91 1170 1
91 68 1170 1
71 76 392 1
76 71 392 1
75 113 758 1
113 75 758 1
76 107 636 1
107 76 636 1
21 37 403 1
37 21 403 1
25 67 1191 1
67 25 1191 1
44 99 632 1
99 44 632 1
70 84 638 1
84 70 638 1
104 109 377 1
109 104 377 1
106 110 467 1
110 106 467 1
51 52 786 1
52 51 786 1
11 22 654 1
22 11 654 1
37 94 426 1
94 37 426 1
46 96 270 1
96 46 270 1
35 55 497 1
55 35 497 1
45 110 453 1
110 45 453 1
1 68 549 1
68 1 549 1
66 68 378 1
68 66 378 1
86 87 805 1
87 86 805 1
106 109 391 1
109 106 391 1
24 50 1395 1
50 24 1395 1
26 96 811 1
96 26 811 1
39 59 935 1
59 39 935 1
31 85 906 1
85 31 906 1
57 63 249 1
63 57 249 1
41 72 550 1
72 41 550 1
52 57 1117 1
57 52 1117 1
29 42 967 1
42 29 967 1
35 67 262 1
67 35 262 1
45 55 662 1
55 45 662 1
25 34 1006 1
34 25 1006 1
47 96 412 1
96 47 412 1
58 98 810 1
98 58 810 1
61 82 1268 1
82 61 1268 1
56 80 431 1
80 56 431 1
29 79 257 1
79 29 257 1
49 102 965 1
102 49 965 1
0 61 943 1
61 0 943 1
2 64 992 1
64 2 992 1
37 96 506 1
96 37 506 1
71 75 163 1
75 71 163 1
75 115 597 1
115 75 597 1
20 21 185 1
21 20 185 1
29 46 914 1
46 29 914 1
44 96 580 1
96 44 580 1
2 22 228 1
22 2 228 1
23 82 788 1
82 23 788 1
50 110 492 1
110 50 492 1
79 105 747 1
105 79 747 1
6 60 799 1
60 6 799 1
43 96 503 1
96 43 503 1
27 70 417 1
70 27 417 1
3 89 961 1
89 3 961 1
10 14 380 1
14 10 380 1
24 96 985 1
96 24 985 1
34 81 688 1
81 34 688 1
70 73 402 1
73 70 402 1
82 83 881 1
83 82 881 1
29 30 533 1
30 29 533 1
73 76 450 1
76 73 450 1
15 83 194 1
83 15 194 1
17 73 298 1
73 17 298 1
32 64 603 1
64 32 603 1
84 88 224 1
88 84 224 1
107 110 468 1
110 107 468 1
81 108 656 1
108 81 656 1
36 99 637 1
99 36 637 1
40 79 762 1
79 40 762 1
71 114 814 1
114 71 814 1
74 107 691 1
107 74 691 1
78 95 636 1
95 78 636 1
85 92 1003 1
92 85 1003 1
24 43 1300 1
43 24 1300 1
59 82 1290 1
82 59 1290 1
75 107 539 1
107 75 539 1
1 56 851 1
56 1 851 1
41 79 379 1
79 41 379 1
20 73 397 1
73 20 397 1
26 38 554 1
38 26 554 1
55 109 337 1
109 55 337 1
70 75 355 1
75 70 355 1
1 3 446 1
3 1 446 1
40 76 327 1
76 40 327 1
42 98 381 1
98 42 381 1
74 113 753 1
113 74 753 1
12 14 278 1
14 12 278 1
26 86 416 1
86 26 416 1
48 58 400 1
58 48 400 1
57 91 921 1
91 57 921 1
96 99 428 1
99 96 428 1
102 107 560 1
107 102 560 1
4 6 536 1
6 4 536 1
13 14 902 1
14 13 902 1
24 55 1018 1
55 24 1018 1
12 28 275 1
28 12 275 1
81 99 581 1
99 81 581 1
54 58 818 1
58 54 818 1
82 84 544 1
84 82 544 1
2 83 913 1
83 2 913 1
17 78 955 1
78 17 955 1
26 97 829 1
97 26 829 1
54 109 337 1
109 54 337 1
73 102 944 1
102 73 944 1
107 115 298 1
115 107 298 1
40 74 182 1
74 40 182 1
45 67 282 1
67 45 282 1
54 94 226 1
94 54 226 1
57 90 1197 1
90 57 1197 1
62 74 590 1
74 62 590 1
72 111 772 1
111 72 772 1
102 106 217 1
106 102 217 1
18 59 713 1
59 18 713 1
24 44 1385 1
44 24 1385 1
0 91 1266 1
91 0 1266 1
0 95 915 1
95 0 915 1
17 76 648 1
76 17 648 1
76 79 567 1
79 76 567 1
76 113 641 1
113 76 641 1
21 39 356 1
39 21 356 1
28 31 545 1
31 28 545 1
11 113 1085 1
113 11 1085 1
32 100 1015 1
100 32 1015 1
45 46 448 1
46 45 448 1
9 84 1241 1
84 9 1241 1
22 89 1126 1
89 22 1126 1
53 110 473 1
110 53 473 1
73 106 774 1
106 73 774 1
49 90 859 1
90 49 859 1
65 90 1061 1
90 65 1061 1
93 100 653 1
100 93 653 1
24 26 201 1
26 24 201 1
29 40 655 1
40 29 655 1
37 99 410 1
99 37 410 1
48 65 674 1
65 48 674 1
80 111 747 1
111 80 747 1
85 89 220 1
89 85 220 1
85 114 680 1
114 85 680 1
79 102 994 1
102 79 994 1
13 65 935 1
65 13 935 1
43 99 372 1
99 43 372 1
53 69 959 1
69 53 959 1
29 36 705 1
36 29 705 1
37 42 712 1
42 37 712 1
11 31 475 1
31 11 475 1
17 41 414 1
41 17 414 1
21 38 458 1
38 21 458 1
34 78 466 1
78 34 466 1
43 111 293 1
111 43 293 1
1 7 452 1
7 1 452 1
17 81 182 1
81 17 182 1
21 94 569 1
94 21 569 1
44 81 890 1
81 44 890 1
48 60 501 1
60 48 501 1
49 72 1014 1
72 49 1014 1
4 29 708 1
29 4 708 1
14 15 772 1
15 14 772 1
21 43 915 1
43 21 915 1
46 112 262 1
112 46 262 1
78 108 559 1
108 78 559 1
46 111 189 1
111 46 189 1
74 106 540 1
106 74 540 1
11 106 1080 1
106 11 1080 1
18 66 623 1
66 18 623 1
26 108 761 1
108 26 761 1
80 99 917 1
99 80 917 1
63 91 760 1
91 63 760 1
75 92 967 1
92 75 967 1
9 50 1509 1
50 9 1509 1
9 72 761 1
72 9 761 1
30 100 1157 1
100 30 1157 1
7 88 1209 1
88 7 1209 1
76 115 499 1
115 76 499 1
19 57 426 1
57 19 426 1
34 99 586 1
99 34 586 1
58 88 918 1
88 58 918 1
69 107 1110 1
107 69 1110 1
48 50 202 1
50 48 202 1
18 36 784 1
36 18 784 1
24 42 1334 1
42 24 1334 1
28 83 861 1
83 28 861 1
44 50 287 1
50 44 287 1
46 49 541 1
49 46 541 1
54 55 651 1
55 54 651 1
81 98 940 1
98 81 940 1
72 112 844 1
112 72 844 1
84 89 1110 1
89 84 1110 1
17 46 930 1
46 17 930 1
39 58 1032 1
58 39 1032 1
79 81 136 1
81 79 136 1
48 53 654 1
53 48 654 1
53 90 787 1
90 53 787 1
21 25 360 1
25 21 360 1
33 81 613 1
81 33 613 1
35 110 305 1
110 35 305 1
42 96 429 1
96 42 429 1
44 47 404 1
47 44 404 1
48 52 415 1
52 48 415 1
49 62 929 1
62 49 929 1
25 35 978 1
35 25 978 1
36 74 242 1
74 36 242 1
49 104 900 1
104 49 900 1
77 85 495 1
85 77 495 1
78 79 878 1
79 78 878 1
22 54 1063 1
54 22 1063 1
29 37 304 1
37 29 304 1
29 73 113 1
73 29 113 1
39 61 794 1
61 39 794 1
68 69 164 1
69 68 164 1
18 57 564 1
57 18 564 1
73 107 585 1
107 73 585 1
31 75 419 1
75 31 419 1
60 62 241 1
62 60 241 1
69 114 1057 1
114 69 1057 1
73 113 827 1
113 73 827 1
83 86 863 1
86 83 863 1
19 110 862 1
110 19 862 1
49 103 837 1
103 49 837 1
77 113 641 1
113 77 641 1
93 113 317 1
113 93 317 1
21 55 604 1
55 21 604 1
29 34 696 1
34 29 696 1
29 111 842 1
111 29 842 1
57 69 378 1
69 57 378 1
89 92 938 1
92 89 938 1
34 80 560 1
80 34 560 1
47 111 188 1
111 47 188 1
95 97 97 1
97 95 97 1
13 84 1247 1
84 13 1247 1
95 111 347 1
111 95 347 1
36 46 482 1
46 36 482 1
37 81 336 1
81 37 336 1
45 51 254 1
51 45 254 1
56 63 1014 1
63 56 1014 1
66 69 349 1
69 66 349 1
82 107 847 1
107 82 847 1
5 50 1417 1
50 5 1417 1
33 77 332 1
77 33 332 1
40 81 874 1
81 40 874 1
52 59 956 1
59 52 956 1
82 106 562 1
106 82 562 1
11 41 473 1
41 11 473 1
22 31 234 1
31 22 234 1
31 76 584 1
76 31 584 1
55 112 466 1
112 55 466 1
52 60 638 1
60 52 638 1
108 112 335 1
112 108 335 1
22 106 1117 1
106 22 1117 1
35 46 430 1
46 35 430 1
51 112 579 1
112 51 579 1
39 66 861 1
66 39 861 1
39 101 561 1
101 39 561 1
48 62 640 1
62 48 640 1
49 112 609 1
112 49 609 1
2 31 377 1
31 2 377 1
11 74 727 1
74 11 727 1
23 31 199 1
31 23 199 1
37 78 740 1
78 37 740 1
64 93 1076 1
93 64 1076 1
94 95 213 1
95 94 213 1
30 76 537 1
76 30 537 1
100 113 356 1
113 100 356 1
35 111 452 1
111 35 452 1
55 111 434 1
111 55 434 1
82 92 909 1
92 82 909 1
85 113 705 1
113 85 705 1
103 108 420 1
108 103 420 1
28 30 436 1
30 28 436 1
30 40 513 1
40 30 513 1
32 40 629 1
40 32 629 1
44 104 796 1
104 44 796 1
48 72 921 1
72 48 921 1
54 96 167 1
96 54 167 1
33 72 507 1
72 33 507 1
69 110 773 1
110 69 773 1
84 114 684 1
114 84 684 1
90 98 163 1
98 90 163 1
0 23 768 1
23 0 768 1
27 43 1124 1
43 27 1124 1
38 86 366 1
86 38 366 1
62 79 1049 1
79 62 1049 1
92 115 404 1
115 92 404 1
1 52 1206 1
52 1 1206 1
2 12 394 1
12 2 394 1
17 29 223 1
29 17 223 1
45 49 111 1
49 45 111 1
58 68 392 1
68 58 392 1
60 88 724 1
88 60 724 1
95 98 433 1
98 95 433 1
0 98 918 1
98 0 918 1
21 96 648 1
96 21 648 1
28 80 329 1
80 28 329 1
53 111 406 1
111 53 406 1
79 100 1051 1
100 79 1051 1
6 65 1218 1
65 6 1218 1
38 105 521 1
105 38 521 1
48 98 566 1
98 48 566 1
0 54 794 1
54 0 794 1
1 14 1077 1
14 1 1077 1
11 82 992 1
82 11 992 1
20 113 831 1
113 20 831 1
26 95 736 1
95 26 736 1
95 103 393 1
103 95 393 1
0 39 963 1
39 0 963 1
29 55 507 1
55 29 507 1
58 63 892 1
63 58 892 1
74 77 362 1
77 74 362 1
10 28 213 1
28 10 213 1
69 92 1197 1
92 69 1197 1
73 100 1005 1
100 73 1005 1
40 115 529 1
115 40 529 1
77 107 536 1
107 77 536 1
99 108 310 1
108 99 310 1
10 11 986 1
11 10 986 1
10 22 580 1
22 10 580 1
18 82 891 1
82 18 891 1
23 84 1113 1
84 23 1113 1
24 94 920 1
94 24 920 1
39 86 698 1
86 39 698 1
75 106 695 1
106 75 695 1
2 24 548 1
24 2 548 1
15 87 271 1
87 15 271 1
35 43 347 1
43 35 347 1
37 76 441 1
76 37 441 1
72 77 430 1
77 72 430 1
30 34 790 1
34 30 790 1
54 101 738 1
101 54 738 1
63 88 1219 1
88 63 1219 1
71 106 782 1
106 71 782 1
34 67 275 1
67 34 275 1
86 96 642 1
96 86 642 1
10 60 650 1
60 10 650 1
4 7 733 1
7 4 733 1
8 13 868 1
13 8 868 1
11 107 831 1
107 11 831 1
18 56 478 1
56 18 478 1
24 47 1229 1
47 24 1229 1
74 79 666 1
79 74 666 1
17 56 1024 1
56 17 1024 1
42 112 333 1
112 42 333 1
3 92 1420 1
92 3 1420 1
62 72 566 1
72 62 566 1
108 111 286 1
111 108 286 1
0 63 1010 1
63 0 1010 1
18 83 953 1
83 18 953 1
29 76 555 1
76 29 555 1
35 96 448 1
96 35 448 1
41 75 187 1
75 41 187 1
52 62 619 1
62 52 619 1
95 112 395 1
112 95 395 1
14 59 1320 1
59 14 1320 1
25 26 225 1
26 25 225 1
56 59 788 1
59 56 788 1
59 89 931 1
89 59 931 1
62 101 1225 1
101 62 1225 1
84 92 597 1
92 84 597 1
85 88 1097 1
88 85 1097 1
4 64 1218 1
64 4 1218 1
20 84 687 1
84 20 687 1
26 94 743 1
94 26 743 1
41 100 894 1
100 41 894 1
41 105 605 1
105 41 605 1
72 80 384 1
80 72 384 1
22 92 1425 1
92 22 1425 1
51 91 505 1
91 51 505 1
77 84 711 1
84 77 711 1
13 15 277 1
15 13 277 1
14 23 650 1
23 14 650 1
21 71 214 1
71 21 214 1
28 34 618 1
34 28 618 1
44 105 811 1
105 44 811 1
45 64 610 1
64 45 610 1
16 29 882 1
29 16 882 1
61 89 738 1
89 61 738 1
79 106 876 1
106 79 876 1
29 64 1119 1
64 29 1119 1
41 76 493 1
76 41 493 1
41 113 720 1
113 41 720 1
59 65 304 1
65 59 304 1
59 86 1363 1
86 59 1363 1
12 61 1246 1
61 12 1246 1
31 83 561 1
83 31 561 1
94 103 496 1
103 94 496 1
2 8 554 1
8 2 554 1
54 61 1045 1
61 54 1045 1
70 77 376 1
77 70 376 1
1 98 1107 1
98 1 1107 1
71 79 426 1
79 71 426 1
106 114 322 1
114 106 322 1
110 113 304 1
113 110 304 1
11 27 611 1
27 11 611 1
17 80 1070 1
80 17 1070 1
19 56 574 1
56 19 574 1
23 63 956 1
63 23 956 1
31 71 265 1
71 31 265 1
55 105 373 1
105 55 373 1
77 83 539 1
83 77 539 1
101 107 310 1
107 101 310 1
30 79 725 1
79 30 725 1
44 48 114 1
48 44 114 1
36 75 517 1
75 36 517 1
69 90 1119 1
90 69 1119 1
88 92 521 1
92 88 521 1
10 93 1289 1
93 10 1289 1
28 75 567 1
75 28 567 1
33 102 1043 1
102 33 1043 1
35 53 585 1
53 35 585 1
36 78 263 1
78 36 263 1
45 96 643 1
96 45 643 1
66 91 902 1
91 66 902 1
73 77 274 1
77 73 274 1
79 97 479 1
97 79 479 1
8 14 205 1
14 8 205 1
10 107 1065 1
107 10 1065 1
29 43 829 1
43 29 829 1
29 49 928 1
49 29 928 1
30 83 641 1
83 30 641 1
39 104 557 1
104 39 557 1
60 66 370 1
66 60 370 1
70 113 878 1
113 70 878 1
76 80 424 1
80 76 424 1
12 22 481 1
22 12 481 1
30 77 559 1
77 30 559 1
34 111 469 1
111 34 469 1
37 44 792 1
44 37 792 1
39 78 740 1
78 39 740 1
68 80 778 1
80 68 778 1
70 92 982 1
92 70 982 1
71 100 1020 1
100 71 1020 1
74 115 586 1
115 74 586 1
0 18 364 1
18 0 364 1
3 82 903 1
82 3 903 1
10 106 807 1
106 10 807 1
40 55 690 1
55 40 690 1
104 111 377 1
111 104 377 1
10 92 1051 1
92 10 1051 1
16 57 981 1
57 16 981 1
19 36 821 1
36 19 821 1
24 27 252 1
27 24 252 1
39 82 719 1
82 39 719 1
50 111 478 1
111 50 478 1
71 92 1069 1
92 71 1069 1
6 22 333 1
22 6 333 1
12 48 1186 1
48 12 1186 1
14 88 613 1
88 14 613 1
25 50 1404 1
50 25 1404 1
39 57 754 1
57 39 754 1
102 113 317 1
113 102 317 1
38 95 382 1
95 38 382 1
43 81 665 1
81 43 665 1
49 99 587 1
99 49 587 1
64 106 847 1
106 64 847 1
93 109 510 1
109 93 510 1
29 83 227 1
83 29 227 1
61 87 1019 1
87 61 1019 1
69 106 1139 1
106 69 1139 1
74 102 729 1
102 74 729 1
78 99 844 1
99 78 844 1
29 99 709 1
99 29 709 1
41 101 711 1
101 41 711 1
51 99 497 1
99 51 497 1
54 60 681 1
60 54 681 1
76 99 626 1
99 76 626 1
78 98 547 1
98 78 547 1
83 89 464 1
89 83 464 1
33 103 1025 1
103 33 1025 1
53 99 316 1
99 53 316 1
97 110 221 1
110 97 221 1
20 85 844 1
85 20 844 1
21 34 706 1
34 21 706 1
33 108 673 1
108 33 673 1
10 84 516 1
84 10 516 1
19 67 590 1
67 19 590 1
70 74 155 1
74 70 155 1
28 35 670 1
35 28 670 1
36 79 738 1
79 36 738 1
70 72 158 1
72 70 158 1
79 101 758 1
101 79 758 1
2 7 566 1
7 2 566 1
32 49 731 1
49 32 731 1
41 107 419 1
107 41 419 1
97 102 534 1
102 97 534 1
5 47 1154 1
47 5 1154 1
15 20 521 1
20 15 521 1
15 28 819 1
28 15 819 1
53 113 487 1
113 53 487 1
72 75 453 1
75 72 453 1
9 27 309 1
27 9 309 1
4 24 144 1
24 4 144 1
11 70 629 1
70 11 629 1
21 105 742 1
105 21 742 1
44 80 785 1
80 44 785 1
6 8 485 1
8 6 485 1
6 86 719 1
86 6 719 1
42 50 271 1
50 42 271 1
64 83 1303 1
83 64 1303 1
30 102 1111 1
102 30 1111 1
33 100 1072 1
100 33 1072 1
42 51 463 1
51 42 463 1
49 73 903 1
73 49 903 1
66 90 828 1
90 66 828 1
103 109 477 1
109 103 477 1
25 110 1042 1
110 25 1042 1
29 33 510 1
33 29 510 1
30 81 847 1
81 30 847 1
56 58 427 1
58 56 427 1
74 100 766 1
100 74 766 1
59 98 975 1
98 59 975 1
100 115 381 1
115 100 381 1
6 83 986 1
83 6 986 1
25 31 272 1
31 25 272 1
30 75 454 1
75 30 454 1
32 103 1045 1
103 32 1045 1
36 56 615 1
56 36 615 1
42 110 303 1
110 42 303 1
49 100 971 1
100 49 971 1
105 113 210 1
113 105 210 1
1 6 868 1
6 1 868 1
5 26 263 1
26 5 263 1
13 69 925 1
69 13 925 1
65 83 931 1
83 65 931 1
67 95 667 1
95 67 667 1
92 101 634 1
101 92 634 1
5 110 1022 1
110 5 1022 1
24 38 730 1
38 24 730 1
24 97 1000 1
97 24 1000 1
34 43 397 1
43 34 397 1
36 72 276 1
72 36 276 1
48 91 808 1
91 48 808 1
57 60 868 1
60 57 868 1
2 28 507 1
28 2 507 1
6 14 476 1
14 6 476 1
20 72 238 1
72 20 238 1
29 45 930 1
45 29 930 1
39 98 655 1
98 39 655 1
76 106 536 1
106 76 536 1
83 108 716 1
108 83 716 1
93 114 346 1
114 93 346 1
104 112 332 1
112 104 332 1
10 62 483 1
62 10 483 1
20 53 1075 1
53 20 1075 1
32 74 456 1
74 32 456 1
32 104 940 1
104 32 940 1
52 68 984 1
68 52 984 1
56 88 726 1
88 56 726 1
59 63 501 1
63 59 501 1
63 90 1184 1
90 63 1184 1
2 18 379 1
18 2 379 1
62 76 527 1
76 62 527 1
81 96 799 1
96 81 799 1
97 103 349 1
103 97 349 1
0 108 876 1
108 0 876 1
16 28 220 1
28 16 220 1
48 111 498 1
111 48 498 1
70 114 802 1
114 70 802 1
5 23 453 1
23 5 453 1
12 13 959 1
13 12 959 1
26 83 578 1
83 26 578 1
35 112 561 1
112 35 561 1
36 55 626 1
55 36 626 1
98 108 315 1
108 98 315 1
0 3 712 1
3 0 712 1
2 26 618 1
26 2 618 1
9 69 1181 1
69 9 1181 1
11 64 1218 1
64 11 1218 1
17 36 828 1
36 17 828 1
37 43 584 1
43 37 584 1
37 71 401 1
71 37 401 1
49 55 664 1
55 49 664 1
52 98 272 1
98 52 272 1
78 105 821 1
105 78 821 1
8 50 1336 1
50 8 1336 1
25 42 1319 1
42 25 1319 1
36 68 821 1
68 36 821 1
40 112 757 1
112 40 757 1
43 98 522 1
98 43 522 1
44 67 332 1
67 44 332 1
47 50 544 1
50 47 544 1
47 98 442 1
98 47 442 1
57 88 1185 1
88 57 1185 1
65 114 861 1
114 65 861 1
74 112 785 1
112 74 785 1
82 87 849 1
87 82 849 1
16 63 1092 1
63 16 1092 1
21 42 978 1
42 21 978 1
103 111 432 1
111 103 432 1
3 18 417 1
18 3 417 1
8 84 881 1
84 8 881 1
33 76 380 1
76 33 380 1
52 63 1131 1
63 52 1131 1
80 98 568 1
98 80 568 1
87 97 649 1
97 87 649 1
6 64 941 1
64 6 941 1
7 22 454 1
22 7 454 1
32 72 471 1
72 32 471 1
34 108 452 1
108 34 452 1
36 112 594 1
112 36 594 1
48 66 357 1
66 48 357 1
84 113 718 1
113 84 718 1
4 44 1341 1
44 4 1341 1
5 90 1279 1
90 5 1279 1
10 54 681 1
54 10 681 1
14 61 1285 1
61 14 1285 1
14 77 716 1
77 14 716 1
33 34 394 1
34 33 394 1
34 37 540 1
37 34 540 1
52 54 402 1
54 52 402 1
79 80 991 1
80 79 991 1
6 33 588 1
33 6 588 1
23 28 680 1
28 23 680 1
29 31 454 1
31 29 454 1
31 92 1282 1
92 31 1282 1
54 59 1020 1
59 54 1020 1
69 115 1010 1
115 69 1010 1
74 114 677 1
114 74 677 1
0 90 1005 1
90 0 1005 1
11 88 1176 1
88 11 1176 1
33 74 480 1
74 33 480 1
38 78 371 1
78 38 371 1
45 104 837 1
104 45 837 1
54 97 484 1
97 54 484 1
7 82 962 1
82 7 962 1
30 105 1049 1
105 30 1049 1
40 102 619 1
102 40 619 1
49 101 814 1
101 49 814 1
52 69 993 1
69 52 993 1
69 70 750 1
70 69 750 1
69 113 1075 1
113 69 1075 1
95 109 146 1
109 95 146 1
9 25 252 1
25 9 252 1
30 104 1036 1
104 30 1036 1
41 102 822 1
102 41 822 1
41 115 555 1
115 41 555 1
50 67 562 1
67 50 562 1
69 84 944 1
84 69 944 1
78 109 527 1
109 78 527 1
12 91 1349 1
91 12 1349 1
39 89 325 1
89 39 325 1
24 86 569 1
86 24 569 1
66 98 720 1
98 66 720 1
96 105 387 1
105 96 387 1
28 71 506 1
71 28 506 1
41 106 653 1
106 41 653 1
95 99 272 1
99 95 272 1
1 18 493 1
18 1 493 1
10 61 1158 1
61 10 1158 1
21 46 873 1
46 21 873 1
21 87 397 1
87 21 397 1
25 85 1018 1
85 25 1018 1
86 94 606 1
94 86 606 1
5 73 471 1
73 5 471 1
19 35 579 1
35 19 579 1
28 36 321 1
36 28 321 1
30 78 663 1
78 30 663 1
34 96 428 1
96 34 428 1
40 46 685 1
46 40 685 1
44 102 816 1
102 44 816 1
54 88 224 1
88 54 224 1
60 86 1011 1
86 60 1011 1
64 107 1075 1
107 64 1075 1
20 87 562 1
87 20 562 1
32 36 555 1
36 32 555 1
34 45 409 1
45 34 409 1
37 80 842 1
80 37 842 1
45 105 804 1
105 45 804 1
46 81 867 1
81 46 867 1
73 105 753 1
105 73 753 1
79 107 579 1
107 79 579 1
18 69 392 1
69 18 392 1
22 28 590 1
28 22 590 1
27 38 594 1
38 27 594 1
40 75 477 1
75 40 477 1
64 109 686 1
109 64 686 1
78 96 453 1
96 78 453 1
3 14 804 1
14 3 804 1
31 114 1052 1
114 31 1052 1
37 41 217 1
41 37 217 1
38 61 1021 1
61 38 1021 1
40 80 433 1
80 40 433 1
47 112 265 1
112 47 265 1
53 91 265 1
91 53 265 1
77 82 682 1
82 77 682 1
102 115 318 1
115 102 318 1
7 18 581 1
18 7 581 1
8 67 1258 1
67 8 1258 1
10 82 401 1
82 10 401 1
28 64 752 1
64 28 752 1
34 75 559 1
75 34 559 1
51 110 520 1
110 51 520 1
54 89 853 1
89 54 853 1
60 65 898 1
65 60 898 1
62 70 663 1
70 62 663 1
64 102 855 1
102 64 855 1
100 109 518 1
109 100 518 1
10 77 693 1
77 10 693 1
16 36 349 1
36 16 349 1
22 64 1169 1
64 22 1169 1
30 32 574 1
32 30 574 1
32 101 1092 1
101 32 1092 1
33 111 803 1
111 33 803 1
80 95 719 1
95 80 719 1
105 107 233 1
107 105 233 1
5 85 946 1
85 5 946 1
17 106 979 1
106 17 979 1
33 40 654 1
40 33 654 1
34 44 373 1
44 34 373 1
57 80 1050 1
80 57 1050 1
68 90 1109 1
90 68 1109 1
68 98 994 1
98 68 994 1
72 103 933 1
103 72 933 1
77 92 835 1
92 77 835 1
84 93 1016 1
93 84 1016 1
85 115 651 1
115 85 651 1
1 82 1112 1
82 1 1112 1
10 69 865 1
69 10 865 1
17 34 689 1
34 17 689 1
45 97 591 1
97 45 591 1
48 112 575 1
112 48 575 1
58 86 1196 1
86 58 1196 1
11 30 584 1
30 11 584 1
18 28 651 1
28 18 651 1
23 60 1109 1
60 23 1109 1
26 81 899 1
81 26 899 1
26 87 560 1
87 26 560 1
41 71 317 1
71 41 317 1
43 49 240 1
49 43 240 1
51 66 580 1
66 51 580 1
71 73 163 1
73 71 163 1
73 104 820 1
104 73 820 1
20 25 402 1
25 20 402 1
21 47 833 1
47 21 833 1
48 59 599 1
59 48 599 1
64 100 818 1
100 64 818 1
71 101 966 1
101 71 966 1
74 85 839 1
85 74 839 1
80 108 630 1
108 80 630 1
11 73 310 1
73 11 310 1
18 65 854 1
65 18 854 1
20 50 1025 1
50 20 1025 1
29 80 961 1
80 29 961 1
34 64 445 1
64 34 445 1
4 108 880 1
108 4 880 1
26 82 411 1
82 26 411 1
26 98 979 1
98 26 979 1
34 42 401 1
42 34 401 1
53 112 421 1
112 53 421 1
63 70 849 1
70 63 849 1
72 115 649 1
115 72 649 1
17 62 1129 1
62 17 1129 1
17 74 721 1
74 17 721 1
19 47 942 1
47 19 942 1
23 27 506 1
27 23 506 1
35 37 446 1
37 35 446 1
38 98 432 1
98 38 432 1
46 97 424 1
97 46 424 1
50 69 818 1
69 50 818 1
2 86 809 1
86 2 809 1
18 93 1308 1
93 18 1308 1
22 85 1113 1
85 22 1113 1
36 111 534 1
111 36 534 1
51 65 287 1
65 51 287 1
59 95 862 1
95 59 862 1
78 103 971 1
103 78 971 1
100 114 352 1
114 100 352 1
10 114 995 1
114 10 995 1
36 98 402 1
98 36 402 1
41 112 775 1
112 41 775 1
66 95 734 1
95 66 734 1
87 89 476 1
89 87 476 1
87 96 843 1
96 87 843 1
97 106 471 1
106 97 471 1
102 109 475 1
109 102 475 1
20 115 646 1
115 20 646 1
28 81 975 1
81 28 975 1
47 67 492 1
67 47 492 1
55 95 221 1
95 55 221 1
59 87 1210 1
87 59 1210 1
94 100 422 1
100 94 422 1
7 19 519 1
19 7 519 1
9 65 1235 1
65 9 1235 1
12 65 1303 1
65 12 1303 1
26 34 907 1
34 26 907 1
30 103 1152 1
103 30 1152 1
34 50 475 1
50 34 475 1
50 72 861 1
72 50 861 1
64 113 831 1
113 64 831 1
72 99 831 1
99 72 831 1
73 114 754 1
114 73 754 1
98 104 286 1
104 98 286 1
11 20 668 1
20 11 668 1
27 67 1105 1
67 27 1105 1
31 79 660 1
79 31 660 1
37 101 579 1
101 37 579 1
41 114 639 1
114 41 639 1
74 101 945 1
101 74 945 1
75 85 521 1
85 75 521 1
78 104 706 1
104 78 706 1
2 34 808 1
34 2 808 1
5 11 579 1
11 5 579 1
7 109 932 1
109 7 932 1
31 84 971 1
84 31 971 1
45 112 552 1
112 45 552 1
94 102 378 1
102 94 378 1
9 85 935 1
85 9 935 1
12 15 906 1
15 12 906 1
14 83 858 1
83 14 858 1
15 35 881 1
35 15 881 1
17 107 678 1
107 17 678 1
21 101 903 1
101 21 903 1
35 99 514 1
99 35 514 1
55 110 380 1
110 55 380 1
18 40 807 1
40 18 807 1
23 25 373 1
25 23 373 1
38 82 362 1
82 38 362 1
38 101 771 1
101 38 771 1
102 111 440 1
111 102 440 1
0 26 879 1
26 0 879 1
2 30 317 1
30 2 317 1
9 53 1347 1
53 9 1347 1
17 71 423 1
71 17 423 1
20 74 213 1
74 20 213 1
40 99 752 1
99 40 752 1
42 71 934 1
71 42 934 1
73 115 669 1
115 73 669 1
92 102 211 1
102 92 211 1
11 23 552 1
23 11 552 1
44 97 631 1
97 44 631 1
82 113 905 1
113 82 905 1
104 106 195 1
106 104 195 1
0 7 871 1
7 0 871 1
24 46 1220 1
46 24 1220 1
25 111 1192 1
111 25 1192 1
30 85 964 1
85 30 964 1
21 109 565 1
109 21 565 1
40 105 656 1
105 40 656 1
40 78 376 1
78 40 376 1
74 92 834 1
92 74 834 1
80 112 813 1
112 80 813 1
95 104 381 1
104 95 381 1
97 98 437 1
98 97 437 1
5 15 278 1
15 5 278 1
9 11 523 1
11 9 523 1
19 53 1115 1
53 19 1115 1
35 64 566 1
64 35 566 1
51 62 1045 1
62 51 1045 1
103 112 375 1
112 103 375 1
4 30 322 1
30 4 322 1
37 45 726 1
45 37 726 1
37 47 493 1
47 37 493 1
37 112 610 1
112 37 610 1
48 100 791 1
100 48 791 1
76 92 745 1
92 76 745 1
1 48 985 1
48 1 985 1
3 59 922 1
59 3 922 1
9 90 1391 1
90 9 1391 1
15 77 606 1
77 15 606 1
33 65 634 1
65 33 634 1
64 104 887 1
104 64 887 1
65 66 537 1
66 65 537 1
65 77 615 1
77 65 615 1
71 115 724 1
115 71 724 1
22 27 524 1
27 22 524 1
59 96 904 1
96 59 904 1
22 107 1142 1
107 22 1142 1
53 70 1067 1
70 53 1067 1
58 87 1355 1
87 58 1355 1
66 108 706 1
108 66 706 1
86 88 460 1
88 86 460 1
90 112 377 1
112 90 377 1
6 28 413 1
28 6 413 1
21 45 1031 1
45 21 1031 1
29 104 885 1
104 29 885 1
30 86 614 1
86 30 614 1
34 77 351 1
77 34 351 1
41 104 687 1
104 41 687 1
54 106 240 1
106 54 240 1
6 58 957 1
58 6 957 1
14 54 716 1
54 14 716 1
22 84 1027 1
84 22 1027 1
34 95 480 1
95 34 480 1
66 109 621 1
109 66 621 1
69 93 1169 1
93 69 1169 1
82 109 693 1
109 82 693 1
0 38 744 1
38 0 744 1
1 108 882 1
108 1 882 1
21 110 690 1
110 21 690 1
35 51 483 1
51 35 483 1
41 62 1018 1
62 41 1018 1
44 78 731 1
78 44 731 1
61 86 1324 1
86 61 1324 1
62 75 893 1
75 62 893 1
78 102 697 1
102 78 697 1
0 86 874 1
86 0 874 1
8 65 1425 1
65 8 1425 1
16 26 698 1
26 16 698 1
29 108 631 1
108 29 631 1
32 111 773 1
111 32 773 1
42 53 475 1
53 42 475 1
65 91 690 1
91 65 690 1
0 82 741 1
82 0 741 1
21 115 657 1
115 21 657 1
56 91 1205 1
91 56 1205 1
6 7 710 1
7 6 710 1
21 41 236 1
41 21 236 1
26 109 775 1
109 26 775 1
28 33 585 1
33 28 585 1
52 70 942 1
70 52 942 1
58 62 503 1
62 58 503 1
81 112 823 1
112 81 823 1
21 35 666 1
35 21 666 1
51 72 1050 1
72 51 1050 1
71 102 966 1
102 71 966 1
88 93 930 1
93 88 930 1
2 23 340 1
23 2 340 1
2 35 833 1
35 2 833 1
22 38 846 1
38 22 846 1
39 79 371 1
79 39 371 1
48 69 703 1
69 48 703 1
54 105 491 1
105 54 491 1
70 71 263 1
71 70 263 1
93 105 305 1
105 93 305 1
32 115 797 1
115 32 797 1
58 96 780 1
96 58 780 1
71 93 964 1
93 71 964 1
73 101 851 1
101 73 851 1
78 111 693 1
111 78 693 1
3 85 893 1
85 3 893 1
7 89 868 1
89 7 868 1
30 101 1224 1
101 30 1224 1
41 85 509 1
85 41 509 1
58 95 897 1
95 58 897 1
22 75 633 1
75 22 633 1
22 86 800 1
86 22 800 1
38 58 908 1
58 38 908 1
10 65 1203 1
65 10 1203 1
11 114 1023 1
114 11 1023 1
14 65 1320 1
65 14 1320 1
17 37 368 1
37 17 368 1
32 109 589 1
109 32 589 1
33 80 703 1
80 33 703 1
36 42 628 1
42 36 628 1
46 53 547 1
53 46 547 1
60 87 1321 1
87 60 1321 1
69 75 761 1
75 69 761 1
73 92 1046 1
92 73 1046 1
3 93 1309 1
93 3 1309 1
5 67 1194 1
67 5 1194 1
11 79 342 1
79 11 342 1
16 39 805 1
39 16 805 1
21 99 765 1
99 21 765 1
42 76 612 1
76 42 612 1
50 115 676 1
115 50 676 1
59 109 798 1
109 59 798 1
66 94 692 1
94 66 692 1
93 94 560 1
94 93 560 1
5 72 634 1
72 5 634 1
14 114 959 1
114 14 959 1
27 97 789 1
97 27 789 1
38 104 427 1
104 38 427 1
49 60 773 1
60 49 773 1
56 98 821 1
98 56 821 1
72 81 860 1
81 72 860 1
73 79 296 1
79 73 296 1
22 30 218 1
30 22 218 1
39 87 370 1
87 39 370 1
51 55 568 1
55 51 568 1
21 86 520 1
86 21 520 1
28 42 898 1
42 28 898 1
38 59 1046 1
59 38 1046 1
48 61 765 1
61 48 765 1
48 101 937 1
101 48 937 1
52 112 417 1
112 52 417 1
63 82 1211 1
82 63 1211 1
75 84 839 1
84 75 839 1
2 65 1144 1
65 2 1144 1
6 18 473 1
18 6 473 1
7 105 1186 1
105 7 1186 1
21 93 922 1
93 21 922 1
48 102 819 1
102 48 819 1
86 95 706 1
95 86 706 1
11 89 636 1
89 11 636 1
15 47 1025 1
47 15 1025 1
18 88 1010 1
88 18 1010 1
31 35 790 1
35 31 790 1
31 100 1216 1
100 31 1216 1
32 98 795 1
98 32 795 1
70 115 709 1
115 70 709 1
79 104 860 1
104 79 860 1
9 13 376 1
13 9 376 1
20 112 885 1
112 20 885 1
27 63 984 1
63 27 984 1
27 85 894 1
85 27 894 1
42 81 865 1
81 42 865 1
86 98 757 1
98 86 757 1
92 110 485 1
110 92 485 1
23 83 710 1
83 23 710 1
27 39 536 1
39 27 536 1
49 58 594 1
58 49 594 1
64 92 764 1
92 64 764 1
64 94 688 1
94 64 688 1
67 68 440 1
68 67 440 1
68 81 913 1
81 68 913 1
75 79 318 1
79 75 318 1
87 94 753 1
94 87 753 1
98 102 260 1
102 98 260 1
26 104 905 1
104 26 905 1
29 98 934 1
98 29 934 1
88 90 414 1
90 88 414 1
11 17 224 1
17 11 224 1
26 78 726 1
78 26 726 1
27 34 903 1
34 27 903 1
27 86 519 1
86 27 519 1
31 93 1221 1
93 31 1221 1
45 115 699 1
115 45 699 1
46 76 517 1
76 46 517 1
49 65 308 1
65 49 308 1
51 58 753 1
58 51 753 1
52 66 667 1
66 52 667 1
