116 2668
28 72 116 1
72 28 116 1
72 74 76 1
74 72 76 1
36 40 213 1
40 36 213 1
42 43 239 1
43 42 239 1
30 31 127 1
31 30 127 1
3 23 271 1
23 3 271 1
93 101 103 1
101 93 103 1
2 6 165 1
6 2 165 1
104 105 204 1
105 104 204 1
73 75 84 1
75 73 84 1
28 74 188 1
74 28 188 1
74 76 203 1
76 74 203 1
72 76 257 1
76 72 257 1
43 47 146 1
47 43 146 1
42 46 173 1
46 42 173 1
16 80 152 1
80 16 152 1
20 21 185 1
21 20 185 1
5 26 263 1
26 5 263 1
58 59 496 1
59 58 496 1
42 47 281 1
47 42 281 1
17 81 182 1
81 17 182 1
85 89 220 1
89 85 220 1
44 45 194 1
45 44 194 1
44 49 304 1
49 44 304 1
46 47 309 1
47 46 309 1
79 81 136 1
81 79 136 1
28 76 345 1
76 28 345 1
11 13 168 1
13 11 168 1
45 49 111 1
49 45 111 1
29 73 113 1
73 29 113 1
113 114 95 1
114 113 95 1
44 46 353 1
46 44 353 1
43 46 341 1
46 43 341 1
95 97 97 1
97 95 97 1
73 74 458 1
74 73 458 1
0 56 174 1
56 0 174 1
1 57 172 1
57 1 172 1
16 76 379 1
76 16 379 1
5 23 453 1
23 5 453 1
10 14 380 1
14 10 380 1
42 44 208 1
44 42 208 1
5 9 157 1
9 5 157 1
1 63 334 1
63 1 334 1
40 72 200 1
72 40 200 1
31 71 265 1
71 31 265 1
44 48 114 1
48 44 114 1
46 98 212 1
98 46 212 1
36 72 276 1
72 36 276 1
3 7 185 1
7 3 185 1
22 23 140 1
23 22 140 1
5 24 252 1
24 5 252 1
17 63 324 1
63 17 324 1
76 77 238 1
77 76 238 1
2 8 554 1
8 2 554 1
28 40 248 1
40 28 248 1
43 49 240 1
49 43 240 1
10 12 181 1
12 10 181 1
17 85 352 1
85 17 352 1
12 60 825 1
60 12 825 1
46 49 541 1
49 46 541 1
20 30 328 1
30 20 328 1
49 51 172 1
51 49 172 1
61 63 238 1
63 61 238 1
96 98 184 1
98 96 184 1
71 75 163 1
75 71 163 1
76 80 424 1
80 76 424 1
17 79 135 1
79 17 135 1
57 63 249 1
63 57 249 1
98 111 265 1
111 98 265 1
37 55 221 1
55 37 221 1
6 12 248 1
12 6 248 1
47 49 380 1
49 47 380 1
50 52 243 1
52 50 243 1
63 85 364 1
85 63 364 1
16 72 287 1
72 16 287 1
40 80 433 1
80 40 433 1
95 114 280 1
114 95 280 1
12 14 278 1
14 12 278 1
13 15 277 1
15 13 277 1
17 57 439 1
57 17 439 1
48 49 410 1
49 48 410 1
72 80 384 1
80 72 384 1
11 17 224 1
17 11 224 1
28 36 321 1
36 28 321 1
1 19 351 1
19 1 351 1
63 81 293 1
81 63 293 1
81 85 175 1
85 81 175 1
3 9 596 1
9 3 596 1
12 70 392 1
70 12 392 1
16 74 335 1
74 16 335 1
29 75 189 1
75 29 189 1
30 71 303 1
71 30 303 1
36 76 232 1
76 36 232 1
43 44 290 1
44 43 290 1
1 17 391 1
17 1 391 1
62 72 566 1
72 62 566 1
5 25 129 1
25 5 129 1
16 56 380 1
56 16 380 1
46 111 189 1
111 46 189 1
14 70 380 1
70 14 380 1
21 30 349 1
30 21 349 1
26 27 135 1
27 26 135 1
24 25 135 1
25 24 135 1
74 75 389 1
75 74 389 1
42 49 396 1
49 42 396 1
46 96 270 1
96 46 270 1
40 76 327 1
76 40 327 1
11 15 385 1
15 11 385 1
21 31 344 1
31 21 344 1
47 96 412 1
96 47 412 1
4 9 500 1
9 4 500 1
16 28 220 1
28 16 220 1
32 33 149 1
33 32 149 1
20 27 271 1
27 20 271 1
28 80 329 1
80 28 329 1
9 23 475 1
23 9 475 1
12 28 275 1
28 12 275 1
28 70 247 1
70 28 247 1
21 71 214 1
71 21 214 1
36 80 330 1
80 36 330 1
3 5 603 1
5 3 603 1
40 74 182 1
74 40 182 1
91 93 118 1
93 91 118 1
17 29 223 1
29 17 223 1
47 98 442 1
98 47 442 1
6 8 485 1
8 6 485 1
94 108 97 1
108 94 97 1
23 92 1466 1
92 23 1466 1
71 73 163 1
73 71 163 1
74 80 415 1
80 74 415 1
2 22 228 1
22 2 228 1
28 30 436 1
30 28 436 1
39 101 561 1
101 39 561 1
6 70 405 1
70 6 405 1
19 68 313 1
68 19 313 1
44 47 404 1
47 44 404 1
4 8 148 1
8 4 148 1
55 99 216 1
99 55 216 1
102 103 508 1
103 102 508 1
1 61 385 1
61 1 385 1
48 50 202 1
50 48 202 1
52 93 761 1
93 52 761 1
4 5 350 1
5 4 350 1
6 14 476 1
14 6 476 1
70 72 158 1
72 70 158 1
10 70 382 1
70 10 382 1
59 66 363 1
66 59 363 1
36 74 242 1
74 36 242 1
29 79 257 1
79 29 257 1
9 101 1217 1
101 9 1217 1
43 45 199 1
45 43 199 1
25 26 225 1
26 25 225 1
63 89 569 1
89 63 569 1
3 22 347 1
22 3 347 1
45 67 282 1
67 45 282 1
37 41 217 1
41 37 217 1
1 11 394 1
11 1 394 1
28 62 527 1
62 28 527 1
42 45 300 1
45 42 300 1
20 31 387 1
31 20 387 1
5 22 506 1
22 5 506 1
64 84 478 1
84 64 478 1
71 78 647 1
78 71 647 1
111 112 111 1
112 111 111 1
24 26 201 1
26 24 201 1
28 71 506 1
71 28 506 1
72 73 517 1
73 72 517 1
45 48 304 1
48 45 304 1
68 69 164 1
69 68 164 1
90 91 735 1
91 90 735 1
73 77 274 1
77 73 274 1
28 75 567 1
75 28 567 1
29 81 342 1
81 29 342 1
63 79 303 1
79 63 303 1
73 76 450 1
76 73 450 1
12 30 419 1
30 12 419 1
16 62 313 1
62 16 313 1
30 72 390 1
72 30 390 1
70 74 155 1
74 70 155 1
10 30 501 1
30 10 501 1
38 54 263 1
54 38 263 1
95 108 123 1
108 95 123 1
97 114 263 1
114 97 263 1
110 112 272 1
112 110 272 1
45 47 345 1
47 45 345 1
72 75 453 1
75 72 453 1
28 73 629 1
73 28 629 1
7 23 337 1
23 7 337 1
12 72 358 1
72 12 358 1
14 27 449 1
27 14 449 1
36 54 228 1
54 36 228 1
52 101 819 1
101 52 819 1
57 81 488 1
81 57 488 1
47 99 231 1
99 47 231 1
74 77 362 1
77 74 362 1
112 113 116 1
113 112 116 1
40 54 405 1
54 40 405 1
42 98 381 1
98 42 381 1
43 96 503 1
96 43 503 1
62 74 590 1
74 62 590 1
94 97 266 1
97 94 266 1
38 86 366 1
86 38 366 1
39 55 254 1
55 39 254 1
90 92 135 1
92 90 135 1
10 28 213 1
28 10 213 1
50 101 936 1
101 50 936 1
97 108 170 1
108 97 170 1
14 22 562 1
22 14 562 1
28 60 684 1
60 28 684 1
92 93 608 1
93 92 608 1
9 50 1509 1
50 9 1509 1
21 78 664 1
78 21 664 1
44 98 563 1
98 44 563 1
95 109 146 1
109 95 146 1
10 82 401 1
82 10 401 1
22 26 505 1
26 22 505 1
2 70 412 1
70 2 412 1
7 64 1244 1
64 7 1244 1
19 57 426 1
57 19 426 1
29 71 259 1
71 29 259 1
99 114 265 1
114 99 265 1
5 92 1324 1
92 5 1324 1
36 41 570 1
41 36 570 1
75 76 374 1
76 75 374 1
95 115 205 1
115 95 205 1
9 26 419 1
26 9 419 1
31 78 755 1
78 31 755 1
11 29 239 1
29 11 239 1
45 46 448 1
46 45 448 1
55 114 395 1
114 55 395 1
20 26 232 1
26 20 232 1
16 40 399 1
40 16 399 1
22 64 1169 1
64 22 1169 1
30 78 663 1
78 30 663 1
37 39 117 1
39 37 117 1
62 80 268 1
80 62 268 1
99 111 265 1
111 99 265 1
0 106 981 1
106 0 981 1
59 61 271 1
61 59 271 1
6 22 333 1
22 6 333 1
16 36 349 1
36 16 349 1
78 80 116 1
80 78 116 1
79 85 260 1
85 79 260 1
3 25 566 1
25 3 566 1
73 79 296 1
79 73 296 1
97 99 180 1
99 97 180 1
41 73 204 1
73 41 204 1
96 111 286 1
111 96 286 1
97 115 218 1
115 97 218 1
46 55 584 1
55 46 584 1
58 66 198 1
66 58 198 1
65 89 679 1
89 65 679 1
114 115 96 1
115 114 96 1
44 96 580 1
96 44 580 1
84 88 224 1
88 84 224 1
5 27 165 1
27 5 165 1
16 78 122 1
78 16 122 1
71 72 402 1
72 71 402 1
97 109 174 1
109 97 174 1
1 85 630 1
85 1 630 1
10 60 650 1
60 10 650 1
22 27 524 1
27 22 524 1
60 72 692 1
72 60 692 1
46 112 262 1
112 46 262 1
56 62 252 1
62 56 252 1
2 14 572 1
14 2 572 1
5 101 1174 1
101 5 1174 1
17 89 445 1
89 17 445 1
99 112 272 1
112 99 272 1
99 110 299 1
110 99 299 1
101 103 106 1
103 101 106 1
30 70 259 1
70 30 259 1
44 66 318 1
66 44 318 1
55 111 434 1
111 55 434 1
21 27 209 1
27 21 209 1
49 98 742 1
98 49 742 1
71 74 359 1
74 71 359 1
98 113 276 1
113 98 276 1
4 24 144 1
24 4 144 1
28 82 255 1
82 28 255 1
55 89 213 1
89 55 213 1
7 9 490 1
9 7 490 1
100 111 457 1
111 100 457 1
20 86 362 1
86 20 362 1
70 71 263 1
71 70 263 1
49 96 720 1
96 49 720 1
66 67 177 1
67 66 177 1
42 96 429 1
96 42 429 1
29 74 571 1
74 29 571 1
99 113 264 1
113 99 264 1
39 93 576 1
93 39 576 1
51 65 287 1
65 51 287 1
91 101 197 1
101 91 197 1
40 73 549 1
73 40 549 1
75 77 210 1
77 75 210 1
10 71 639 1
71 10 639 1
47 55 367 1
55 47 367 1
98 112 277 1
112 98 277 1
0 19 488 1
19 0 488 1
23 25 373 1
25 23 373 1
99 100 610 1
100 99 610 1
28 78 272 1
78 28 272 1
34 35 126 1
35 34 126 1
54 55 651 1
55 54 651 1
57 85 575 1
85 57 575 1
4 26 161 1
26 4 161 1
52 92 317 1
92 52 317 1
27 86 519 1
86 27 519 1
23 24 403 1
24 23 403 1
101 102 595 1
102 101 595 1
111 113 191 1
113 111 191 1
40 41 506 1
41 40 506 1
4 23 506 1
23 4 506 1
9 36 936 1
36 9 936 1
103 104 369 1
104 103 369 1
100 114 352 1
114 100 352 1
3 92 1420 1
92 3 1420 1
16 77 611 1
77 16 611 1
23 26 522 1
26 23 522 1
36 38 122 1
38 36 122 1
29 41 234 1
41 29 234 1
30 86 614 1
86 30 614 1
96 110 214 1
110 96 214 1
72 77 430 1
77 72 430 1
30 74 403 1
74 30 403 1
60 62 241 1
62 60 241 1
70 76 285 1
76 70 285 1
61 89 738 1
89 61 738 1
20 71 311 1
71 20 311 1
22 24 386 1
24 22 386 1
37 110 431 1
110 37 431 1
27 30 343 1
30 27 343 1
34 39 610 1
39 34 610 1
47 111 188 1
111 47 188 1
48 58 400 1
58 48 400 1
7 22 454 1
22 7 454 1
43 98 522 1
98 43 522 1
46 48 368 1
48 46 368 1
54 96 167 1
96 54 167 1
81 89 308 1
89 81 308 1
18 33 288 1
33 18 288 1
40 62 664 1
62 40 664 1
51 85 514 1
85 51 514 1
53 99 316 1
99 53 316 1
57 79 431 1
79 57 431 1
3 52 1342 1
52 3 1342 1
10 78 335 1
78 10 335 1
95 113 351 1
113 95 351 1
23 52 1420 1
52 23 1420 1
103 115 322 1
115 103 322 1
44 59 517 1
59 44 517 1
59 67 245 1
67 59 245 1
99 101 266 1
101 99 266 1
11 85 574 1
85 11 574 1
34 101 848 1
101 34 848 1
35 65 453 1
65 35 453 1
1 89 788 1
89 1 788 1
2 12 394 1
12 2 394 1
34 93 788 1
93 34 788 1
37 95 241 1
95 37 241 1
74 78 322 1
78 74 322 1
92 101 634 1
101 92 634 1
48 67 417 1
67 48 417 1
3 24 623 1
24 3 623 1
28 29 741 1
29 28 741 1
37 89 294 1
89 37 294 1
20 70 213 1
70 20 213 1
32 72 471 1
72 32 471 1
62 76 527 1
76 62 527 1
75 79 318 1
79 75 318 1
23 27 506 1
27 23 506 1
28 32 528 1
32 28 528 1
7 30 462 1
30 7 462 1
25 27 193 1
27 25 193 1
72 78 300 1
78 72 300 1
84 86 610 1
86 84 610 1
4 70 430 1
70 4 430 1
29 72 629 1
72 29 629 1
56 106 934 1
106 56 934 1
57 89 760 1
89 57 760 1
5 7 538 1
7 5 538 1
25 39 702 1
39 25 702 1
113 115 188 1
115 113 188 1
9 92 1428 1
92 9 1428 1
11 31 475 1
31 11 475 1
23 93 1407 1
93 23 1407 1
49 59 382 1
59 49 382 1
55 96 492 1
96 55 492 1
20 78 525 1
78 20 525 1
32 40 629 1
40 32 629 1
40 77 472 1
77 40 472 1
19 33 238 1
33 19 238 1
52 53 746 1
53 52 746 1
73 78 740 1
78 73 740 1
4 92 1237 1
92 4 1237 1
42 111 258 1
111 42 258 1
51 55 568 1
55 51 568 1
96 109 176 1
109 96 176 1
22 92 1425 1
92 22 1425 1
39 110 466 1
110 39 466 1
104 115 184 1
115 104 184 1
1 83 729 1
83 1 729 1
14 60 967 1
60 14 967 1
52 112 417 1
112 52 417 1
112 114 196 1
114 112 196 1
39 95 233 1
95 39 233 1
8 22 480 1
22 8 480 1
36 62 525 1
62 36 525 1
108 114 218 1
114 108 218 1
41 74 484 1
74 41 484 1
110 113 304 1
113 110 304 1
14 64 1035 1
64 14 1035 1
18 31 574 1
31 18 574 1
56 76 519 1
76 56 519 1
56 80 431 1
80 56 431 1
98 100 250 1
100 98 250 1
12 86 512 1
86 12 512 1
29 33 510 1
33 29 510 1
1 68 549 1
68 1 549 1
4 91 1276 1
91 4 1276 1
11 79 342 1
79 11 342 1
75 78 667 1
78 75 667 1
21 86 520 1
86 21 520 1
28 77 540 1
77 28 540 1
31 75 419 1
75 31 419 1
55 113 437 1
113 55 437 1
10 31 619 1
31 10 619 1
91 99 166 1
99 91 166 1
4 22 457 1
22 4 457 1
65 85 476 1
85 65 476 1
12 82 376 1
82 12 376 1
18 32 279 1
32 18 279 1
44 58 416 1
58 44 416 1
95 99 272 1
99 95 272 1
3 26 678 1
26 3 678 1
30 38 642 1
38 30 642 1
52 110 456 1
110 52 456 1
55 110 380 1
110 55 380 1
24 27 252 1
27 24 252 1
100 112 410 1
112 100 410 1
11 75 388 1
75 11 388 1
50 51 698 1
51 50 698 1
10 72 309 1
72 10 309 1
10 75 732 1
75 10 732 1
60 70 749 1
70 60 749 1
64 88 675 1
88 64 675 1
77 80 662 1
80 77 662 1
5 93 1207 1
93 5 1207 1
37 79 267 1
79 37 267 1
95 103 393 1
103 95 393 1
39 99 432 1
99 39 432 1
44 67 332 1
67 44 332 1
55 112 466 1
112 55 466 1
6 60 799 1
60 6 799 1
17 61 534 1
61 17 534 1
44 111 448 1
111 44 448 1
47 112 265 1
112 47 265 1
57 68 520 1
68 57 520 1
69 90 1119 1
90 69 1119 1
73 80 850 1
80 73 850 1
83 87 158 1
87 83 158 1
50 93 862 1
93 50 862 1
91 92 669 1
92 91 669 1
100 113 356 1
113 100 356 1
90 101 719 1
101 90 719 1
105 115 176 1
115 105 176 1
9 39 688 1
39 9 688 1
22 70 443 1
70 22 443 1
45 96 643 1
96 45 643 1
70 82 411 1
82 70 411 1
14 86 272 1
86 14 272 1
4 6 536 1
6 4 536 1
4 101 1261 1
101 4 1261 1
40 71 481 1
71 40 481 1
91 100 719 1
100 91 719 1
42 48 243 1
48 42 243 1
45 51 254 1
51 45 254 1
91 102 669 1
102 91 669 1
9 25 252 1
25 9 252 1
9 52 1482 1
52 9 1482 1
41 75 187 1
75 41 187 1
9 93 1250 1
93 9 1250 1
29 40 655 1
40 29 655 1
53 55 448 1
55 53 448 1
52 90 240 1
90 52 240 1
58 61 717 1
61 58 717 1
6 28 413 1
28 6 413 1
30 82 534 1
82 30 534 1
32 74 456 1
74 32 456 1
49 58 594 1
58 49 594 1
60 66 370 1
66 60 370 1
93 102 600 1
102 93 600 1
29 31 454 1
31 29 454 1
90 93 690 1
93 90 690 1
18 21 751 1
21 18 751 1
60 76 576 1
76 60 576 1
2 4 569 1
4 2 569 1
9 72 761 1
72 9 761 1
14 82 179 1
82 14 179 1
16 41 813 1
41 16 813 1
49 67 315 1
67 49 315 1
94 95 213 1
95 94 213 1
26 92 1145 1
92 26 1145 1
37 114 513 1
114 37 513 1
96 99 428 1
99 96 428 1
11 71 374 1
71 11 374 1
14 15 772 1
15 14 772 1
39 51 768 1
51 39 768 1
41 76 493 1
76 41 493 1
70 75 355 1
75 70 355 1
16 73 769 1
73 16 769 1
35 101 778 1
101 35 778 1
81 105 772 1
105 81 772 1
8 91 1373 1
91 8 1373 1
25 35 978 1
35 25 978 1
46 99 446 1
99 46 446 1
55 95 221 1
95 55 221 1
66 68 378 1
68 66 378 1
9 53 1347 1
53 9 1347 1
10 13 1004 1
13 10 1004 1
14 30 414 1
30 14 414 1
98 99 479 1
99 98 479 1
16 60 498 1
60 16 498 1
97 103 349 1
103 97 349 1
17 105 863 1
105 17 863 1
54 94 226 1
94 54 226 1
34 52 574 1
52 34 574 1
28 33 585 1
33 28 585 1
48 59 599 1
59 48 599 1
61 85 529 1
85 61 529 1
67 69 345 1
69 67 345 1
3 50 1273 1
50 3 1273 1
47 109 317 1
109 47 317 1
100 101 656 1
101 100 656 1
30 40 513 1
40 30 513 1
31 33 517 1
33 31 517 1
90 102 246 1
102 90 246 1
9 22 564 1
22 9 564 1
21 26 271 1
26 21 271 1
39 52 892 1
52 39 892 1
60 82 905 1
82 60 905 1
82 86 143 1
86 82 143 1
0 16 380 1
16 0 380 1
10 64 755 1
64 10 755 1
27 70 417 1
70 27 417 1
30 75 454 1
75 30 454 1
40 75 477 1
75 40 477 1
50 92 549 1
92 50 549 1
51 53 271 1
53 51 271 1
52 99 661 1
99 52 661 1
55 98 606 1
98 55 606 1
86 88 460 1
88 86 460 1
3 4 707 1
4 3 707 1
3 93 1309 1
93 3 1309 1
28 86 383 1
86 28 383 1
11 63 488 1
63 11 488 1
21 29 329 1
29 21 329 1
36 73 600 1
73 36 600 1
41 72 550 1
72 41 550 1
48 51 548 1
51 48 548 1
62 73 961 1
73 62 961 1
8 14 205 1
14 8 205 1
12 74 431 1
74 12 431 1
21 70 303 1
70 21 303 1
108 109 87 1
109 108 87 1
3 39 792 1
39 3 792 1
36 77 422 1
77 36 422 1
37 85 343 1
85 37 343 1
26 86 416 1
86 26 416 1
33 75 426 1
75 33 426 1
54 88 224 1
88 54 224 1
0 10 381 1
10 0 381 1
7 31 345 1
31 7 345 1
3 53 1253 1
53 3 1253 1
26 70 383 1
70 26 383 1
32 36 555 1
36 32 555 1
103 105 173 1
105 103 173 1
40 78 376 1
78 40 376 1
46 54 354 1
54 46 354 1
59 69 338 1
69 59 338 1
72 86 399 1
86 72 399 1
14 28 286 1
28 14 286 1
24 38 730 1
38 24 730 1
43 111 293 1
111 43 293 1
22 25 402 1
25 22 402 1
70 78 427 1
78 70 427 1
9 24 385 1
24 9 385 1
9 76 849 1
76 9 849 1
9 88 1163 1
88 9 1163 1
35 110 305 1
110 35 305 1
51 89 661 1
89 51 661 1
57 83 805 1
83 57 805 1
91 103 258 1
103 91 258 1
5 50 1417 1
50 5 1417 1
33 74 480 1
74 33 480 1
111 114 232 1
114 111 232 1
51 67 436 1
67 51 436 1
55 81 401 1
81 55 401 1
13 29 290 1
29 13 290 1
15 31 431 1
31 15 431 1
20 38 349 1
38 20 349 1
45 66 369 1
66 45 369 1
47 51 339 1
51 47 339 1
53 97 456 1
97 53 456 1
55 85 300 1
85 55 300 1
45 58 519 1
58 45 519 1
73 81 406 1
81 73 406 1
77 109 318 1
109 77 318 1
93 103 173 1
103 93 173 1
39 69 918 1
69 39 918 1
43 48 391 1
48 43 391 1
98 114 276 1
114 98 276 1
6 10 299 1
10 6 299 1
10 15 968 1
15 10 968 1
10 76 495 1
76 10 495 1
20 24 393 1
24 20 393 1
23 101 1406 1
101 23 1406 1
27 38 594 1
38 27 594 1
23 90 1391 1
90 23 1391 1
36 37 542 1
37 36 542 1
37 81 336 1
81 37 336 1
54 80 402 1
80 54 402 1
3 64 1134 1
64 3 1134 1
27 31 339 1
31 27 339 1
32 66 416 1
66 32 416 1
45 98 655 1
98 45 655 1
49 55 664 1
55 49 664 1
39 97 289 1
97 39 289 1
62 78 287 1
78 62 287 1
72 82 298 1
82 72 298 1
8 70 477 1
70 8 477 1
13 75 440 1
75 13 440 1
37 54 645 1
54 37 645 1
76 78 312 1
78 76 312 1
14 26 321 1
26 14 321 1
35 93 718 1
93 35 718 1
37 99 410 1
99 37 410 1
38 88 311 1
88 38 311 1
89 113 633 1
113 89 633 1
11 81 403 1
81 11 403 1
52 88 542 1
88 52 542 1
38 72 305 1
72 38 305 1
93 99 208 1
99 93 208 1
1 81 501 1
81 1 501 1
55 97 173 1
97 55 173 1
96 112 337 1
112 96 337 1
110 111 172 1
111 110 172 1
97 113 312 1
113 97 312 1
7 12 856 1
12 7 856 1
12 13 959 1
13 12 959 1
46 100 451 1
100 46 451 1
2 64 992 1
64 2 992 1
7 25 539 1
25 7 539 1
21 28 487 1
28 21 487 1
37 97 271 1
97 37 271 1
39 89 325 1
89 39 325 1
5 64 1350 1
64 5 1350 1
19 83 893 1
83 19 893 1
101 110 541 1
110 101 541 1
29 62 1067 1
62 29 1067 1
47 48 490 1
48 47 490 1
48 96 608 1
96 48 608 1
57 61 216 1
61 57 216 1
14 84 681 1
84 14 681 1
18 105 1215 1
105 18 1215 1
36 60 646 1
60 36 646 1
39 114 488 1
114 39 488 1
5 39 639 1
39 5 639 1
21 73 247 1
73 21 247 1
53 93 353 1
93 53 353 1
64 65 897 1
65 64 897 1
99 109 321 1
109 99 321 1
0 62 386 1
62 0 386 1
25 101 1245 1
101 25 1245 1
28 31 545 1
31 28 545 1
31 73 397 1
73 31 397 1
33 62 690 1
62 33 690 1
43 109 418 1
109 43 418 1
58 67 368 1
67 58 368 1
6 30 365 1
30 6 365 1
19 32 289 1
32 19 289 1
43 51 245 1
51 43 245 1
49 111 530 1
111 49 530 1
1 13 546 1
13 1 546 1
20 25 402 1
25 20 402 1
34 50 475 1
50 34 475 1
62 75 893 1
75 62 893 1
96 113 315 1
113 96 315 1
10 74 381 1
74 10 381 1
11 73 310 1
73 11 310 1
15 75 396 1
75 15 396 1
22 93 1426 1
93 22 1426 1
28 41 661 1
41 28 661 1
50 67 562 1
67 50 562 1
12 62 664 1
62 12 664 1
32 62 548 1
62 32 548 1
32 76 341 1
76 32 341 1
33 73 444 1
73 33 444 1
38 40 158 1
40 38 158 1
59 68 484 1
68 59 484 1
59 98 975 1
98 59 975 1
79 104 860 1
104 79 860 1
102 113 317 1
113 102 317 1
0 70 525 1
70 0 525 1
12 20 477 1
20 12 477 1
50 99 730 1
99 50 730 1
18 83 953 1
83 18 953 1
45 59 413 1
59 45 413 1
100 102 87 1
102 100 87 1
107 108 333 1
108 107 333 1
19 98 1076 1
98 19 1076 1
40 60 806 1
60 40 806 1
54 72 501 1
72 54 501 1
56 74 591 1
74 56 591 1
88 110 590 1
110 88 590 1
3 101 1324 1
101 3 1324 1
23 50 1386 1
50 23 1386 1
33 72 507 1
72 33 507 1
37 40 562 1
40 37 562 1
44 51 440 1
51 44 440 1
87 89 476 1
89 87 476 1
4 12 434 1
12 4 434 1
13 107 881 1
107 13 881 1
28 38 358 1
38 28 358 1
34 67 275 1
67 34 275 1
110 114 289 1
114 110 289 1
0 60 405 1
60 0 405 1
6 7 710 1
7 6 710 1
9 40 778 1
40 9 778 1
41 96 611 1
96 41 611 1
43 55 485 1
55 43 485 1
52 97 650 1
97 52 650 1
60 74 699 1
74 60 699 1
61 65 175 1
65 61 175 1
65 84 1120 1
84 65 1120 1
97 110 221 1
110 97 221 1
0 1 800 1
1 0 800 1
16 70 409 1
70 16 409 1
17 43 764 1
43 17 764 1
94 114 259 1
114 94 259 1
103 113 295 1
113 103 295 1
3 27 634 1
27 3 634 1
12 71 631 1
71 12 631 1
13 31 424 1
31 13 424 1
30 62 878 1
62 30 878 1
98 102 260 1
102 98 260 1
0 33 480 1
33 0 480 1
15 27 336 1
27 15 336 1
52 91 777 1
91 52 777 1
109 114 278 1
114 109 278 1
0 68 414 1
68 0 414 1
1 79 428 1
79 1 428 1
32 41 693 1
41 32 693 1
93 100 653 1
100 93 653 1
96 114 265 1
114 96 265 1
47 110 210 1
110 47 210 1
18 20 736 1
20 18 736 1
94 96 89 1
96 94 89 1
24 39 767 1
39 24 767 1
35 39 531 1
39 35 531 1
41 80 868 1
80 41 868 1
99 103 258 1
103 99 258 1
4 14 255 1
14 4 255 1
17 19 648 1
19 17 648 1
30 33 526 1
33 30 526 1
56 57 840 1
57 56 840 1
95 101 458 1
101 95 458 1
48 66 357 1
66 48 357 1
18 19 147 1
19 18 147 1
41 77 345 1
77 41 345 1
59 102 1214 1
102 59 1214 1
81 104 910 1
104 81 910 1
4 93 1288 1
93 4 1288 1
9 64 1448 1
64 9 1448 1
23 39 847 1
39 23 847 1
62 79 1049 1
79 62 1049 1
70 106 687 1
106 70 687 1
4 50 1323 1
50 4 1323 1
10 16 218 1
16 10 218 1
10 86 544 1
86 10 544 1
35 103 749 1
103 35 749 1
37 87 433 1
87 37 433 1
71 79 426 1
79 71 426 1
78 105 821 1
105 78 821 1
5 70 530 1
70 5 530 1
15 29 295 1
29 15 295 1
21 72 388 1
72 21 388 1
24 52 1359 1
52 24 1359 1
91 112 368 1
112 91 368 1
6 64 941 1
64 6 941 1
6 72 449 1
72 6 449 1
16 75 702 1
75 16 702 1
18 113 1181 1
113 18 1181 1
30 73 455 1
73 30 455 1
32 68 304 1
68 32 304 1
58 102 1067 1
102 58 1067 1
64 92 764 1
92 64 764 1
79 105 747 1
105 79 747 1
13 17 364 1
17 13 364 1
101 112 405 1
112 101 405 1
2 60 843 1
60 2 843 1
11 57 518 1
57 11 518 1
11 107 831 1
107 11 831 1
14 20 320 1
20 14 320 1
29 30 533 1
30 29 533 1
63 83 697 1
83 63 697 1
4 52 1272 1
52 4 1272 1
12 76 591 1
76 12 591 1
14 71 582 1
71 14 582 1
38 87 730 1
87 38 730 1
99 115 285 1
115 99 285 1
20 72 238 1
72 20 238 1
78 104 706 1
104 78 706 1
36 94 246 1
94 36 246 1
79 89 364 1
89 79 364 1
5 14 572 1
14 5 572 1
55 79 394 1
79 55 394 1
78 109 527 1
109 78 527 1
29 78 851 1
78 29 851 1
58 98 810 1
98 58 810 1
5 20 424 1
20 5 424 1
17 73 298 1
73 17 298 1
24 101 1299 1
101 24 1299 1
71 76 392 1
76 71 392 1
34 110 327 1
110 34 327 1
5 88 1026 1
88 5 1026 1
27 71 367 1
71 27 367 1
35 102 781 1
102 35 781 1
43 99 372 1
99 43 372 1
93 112 343 1
112 93 343 1
1 15 757 1
15 1 757 1
12 27 629 1
27 12 629 1
49 50 585 1
50 49 585 1
65 67 361 1
67 65 361 1
9 70 641 1
70 9 641 1
12 22 481 1
22 12 481 1
37 96 506 1
96 37 506 1
67 110 507 1
110 67 507 1
21 38 458 1
38 21 458 1
45 50 474 1
50 45 474 1
46 114 362 1
114 46 362 1
23 64 1238 1
64 23 1238 1
39 90 806 1
90 39 806 1
46 58 646 1
58 46 646 1
5 52 1379 1
52 5 1379 1
9 28 835 1
28 9 835 1
12 40 490 1
40 12 490 1
20 28 320 1
28 20 320 1
39 53 692 1
53 39 692 1
74 82 336 1
82 74 336 1
13 30 546 1
30 13 546 1
24 92 1330 1
92 24 1330 1
39 50 947 1
50 39 947 1
53 112 421 1
112 53 421 1
64 93 1076 1
93 64 1076 1
97 104 399 1
104 97 399 1
13 33 629 1
33 13 629 1
29 80 961 1
80 29 961 1
37 73 278 1
73 37 278 1
54 109 337 1
109 54 337 1
57 105 1066 1
105 57 1066 1
7 26 675 1
26 7 675 1
13 60 1245 1
60 13 1245 1
23 112 1349 1
112 23 1349 1
9 94 994 1
94 9 994 1
36 75 517 1
75 36 517 1
75 80 775 1
80 75 775 1
103 107 239 1
107 103 239 1
11 61 675 1
61 11 675 1
15 71 394 1
71 15 394 1
20 22 544 1
22 20 544 1
24 64 1287 1
64 24 1287 1
37 111 552 1
111 37 552 1
51 99 497 1
99 51 497 1
53 101 452 1
101 53 452 1
89 114 592 1
114 89 592 1
4 27 279 1
27 4 279 1
42 68 830 1
68 42 830 1
47 113 338 1
113 47 338 1
58 60 266 1
60 58 266 1
7 27 597 1
27 7 597 1
14 72 328 1
72 14 328 1
41 55 403 1
55 41 403 1
62 77 741 1
77 62 741 1
63 113 947 1
113 63 947 1
29 43 829 1
43 29 829 1
48 98 566 1
98 48 566 1
51 109 618 1
109 51 618 1
70 73 402 1
73 70 402 1
103 114 282 1
114 103 282 1
18 30 564 1
30 18 564 1
34 90 664 1
90 34 664 1
47 114 366 1
114 47 366 1
51 110 520 1
110 51 520 1
0 13 1027 1
13 0 1027 1
1 107 981 1
107 1 981 1
79 109 545 1
109 79 545 1
1 87 873 1
87 1 873 1
42 99 482 1
99 42 482 1
71 80 755 1
80 71 755 1
76 82 520 1
82 76 520 1
0 76 525 1
76 0 525 1
19 107 1100 1
107 19 1100 1
90 103 653 1
103 90 653 1
17 75 351 1
75 17 351 1
4 53 1405 1
53 4 1405 1
15 30 522 1
30 15 522 1
2 91 1366 1
91 2 1366 1
14 23 650 1
23 14 650 1
16 32 504 1
32 16 504 1
18 114 1134 1
114 18 1134 1
44 112 534 1
112 44 534 1
63 105 957 1
105 63 957 1
88 93 930 1
93 88 930 1
7 92 1445 1
92 7 1445 1
9 27 309 1
27 9 309 1
13 71 401 1
71 13 401 1
17 104 976 1
104 17 976 1
21 105 742 1
105 21 742 1
4 72 467 1
72 4 467 1
37 83 399 1
83 37 399 1
48 112 575 1
112 48 575 1
49 99 587 1
99 49 587 1
52 95 665 1
95 52 665 1
63 104 1070 1
104 63 1070 1
8 12 346 1
12 8 346 1
8 34 1027 1
34 8 1027 1
10 11 986 1
11 10 986 1
16 82 421 1
82 16 421 1
54 77 571 1
77 54 571 1
12 38 624 1
38 12 624 1
5 86 673 1
86 5 673 1
21 75 222 1
75 21 222 1
29 37 304 1
37 29 304 1
46 51 585 1
51 46 585 1
88 101 935 1
101 88 935 1
8 23 562 1
23 8 562 1
29 76 555 1
76 29 555 1
37 113 578 1
113 37 578 1
39 112 619 1
112 39 619 1
69 91 1081 1
91 69 1081 1
90 98 163 1
98 90 163 1
26 101 1114 1
101 26 1114 1
32 46 706 1
46 32 706 1
47 58 747 1
58 47 747 1
67 101 953 1
101 67 953 1
95 110 248 1
110 95 248 1
10 40 460 1
40 10 460 1
10 77 693 1
77 10 693 1
34 92 737 1
92 34 737 1
44 50 287 1
50 44 287 1
60 86 1011 1
86 60 1011 1
85 104 824 1
104 85 824 1
94 109 127 1
109 94 127 1
97 101 398 1
101 97 398 1
0 74 551 1
74 0 551 1
16 54 493 1
54 16 493 1
62 70 663 1
70 62 663 1
85 105 668 1
105 85 668 1
108 115 135 1
115 108 135 1
30 76 537 1
76 30 537 1
31 72 482 1
72 31 482 1
32 111 773 1
111 32 773 1
46 66 543 1
66 46 543 1
50 53 744 1
53 50 744 1
83 102 1059 1
102 83 1059 1
12 36 597 1
36 12 597 1
47 69 806 1
69 47 806 1
17 18 752 1
18 17 752 1
28 54 527 1
54 28 527 1
29 63 531 1
63 29 531 1
40 86 262 1
86 40 262 1
48 52 415 1
52 48 415 1
54 108 319 1
108 54 319 1
82 88 444 1
88 82 444 1
1 102 1288 1
102 1 1288 1
9 80 1146 1
80 9 1146 1
21 74 343 1
74 21 343 1
34 88 672 1
88 34 672 1
46 59 785 1
59 46 785 1
55 109 337 1
109 55 337 1
56 68 408 1
68 56 408 1
86 87 805 1
87 86 805 1
33 40 654 1
40 33 654 1
50 112 538 1
112 50 538 1
11 19 598 1
19 11 598 1
15 17 481 1
17 15 481 1
15 73 336 1
73 15 336 1
24 50 1395 1
50 24 1395 1
24 112 1273 1
112 24 1273 1
49 112 609 1
112 49 609 1
94 99 399 1
99 94 399 1
95 104 381 1
104 95 381 1
9 12 856 1
12 9 856 1
10 73 783 1
73 10 783 1
26 64 1183 1
64 26 1183 1
38 74 265 1
74 38 265 1
0 57 825 1
57 0 825 1
12 64 932 1
64 12 932 1
20 74 213 1
74 20 213 1
40 82 231 1
82 40 231 1
40 94 393 1
94 40 393 1
44 54 668 1
54 44 668 1
51 59 486 1
59 51 486 1
75 81 434 1
81 75 434 1
7 71 395 1
71 7 395 1
29 77 357 1
77 29 357 1
37 53 629 1
53 37 629 1
56 72 566 1
72 56 566 1
12 16 384 1
16 12 384 1
12 78 490 1
78 12 490 1
14 88 613 1
88 14 613 1
17 83 381 1
83 17 381 1
25 93 1273 1
93 25 1273 1
31 82 641 1
82 31 641 1
99 102 560 1
102 99 560 1
102 110 495 1
110 102 495 1
9 99 1119 1
99 9 1119 1
19 87 1016 1
87 19 1016 1
37 75 239 1
75 37 239 1
56 60 232 1
60 56 232 1
63 65 312 1
65 63 312 1
70 86 500 1
86 70 500 1
71 82 622 1
82 71 622 1
77 78 550 1
78 77 550 1
95 96 288 1
96 95 288 1
7 50 1347 1
50 7 1347 1
32 80 590 1
80 32 590 1
39 102 700 1
102 39 700 1
41 54 714 1
54 41 714 1
25 97 955 1
97 25 955 1
54 86 568 1
86 54 568 1
54 87 939 1
87 54 939 1
38 94 246 1
94 38 246 1
53 110 473 1
110 53 473 1
54 76 415 1
76 54 415 1
0 82 741 1
82 0 741 1
9 34 1087 1
34 9 1087 1
12 21 630 1
21 12 630 1
30 32 574 1
32 30 574 1
33 82 804 1
82 33 804 1
41 81 452 1
81 41 452 1
78 79 878 1
79 78 878 1
4 20 334 1
20 4 334 1
30 64 1064 1
64 30 1064 1
31 105 1065 1
105 31 1065 1
36 86 441 1
86 36 441 1
41 111 726 1
111 41 726 1
62 86 828 1
86 62 828 1
6 38 753 1
38 6 753 1
10 20 506 1
20 10 506 1
13 61 843 1
61 13 843 1
31 70 334 1
70 31 334 1
32 42 728 1
42 32 728 1
33 81 613 1
81 33 613 1
50 97 711 1
97 50 711 1
54 95 438 1
95 54 438 1
68 103 1277 1
103 68 1277 1
39 67 776 1
67 39 776 1
63 95 704 1
95 63 704 1
97 105 299 1
105 97 299 1
29 36 705 1
36 29 705 1
32 56 384 1
56 32 384 1
79 97 479 1
97 79 479 1
91 113 366 1
113 91 366 1
102 104 159 1
104 102 159 1
107 109 392 1
109 107 392 1
6 82 587 1
82 6 587 1
29 87 356 1
87 29 356 1
51 63 543 1
63 51 543 1
16 29 882 1
29 16 882 1
23 53 1411 1
53 23 1411 1
34 45 409 1
45 34 409 1
35 67 262 1
67 35 262 1
37 51 673 1
51 37 673 1
54 62 567 1
62 54 567 1
21 62 926 1
62 21 926 1
25 86 638 1
86 25 638 1
80 84 162 1
84 80 162 1
0 12 517 1
12 0 517 1
7 14 868 1
14 7 868 1
18 87 1063 1
87 18 1063 1
18 115 1061 1
115 18 1061 1
24 93 1326 1
93 24 1326 1
29 83 227 1
83 29 227 1
39 88 762 1
88 39 762 1
56 77 690 1
77 56 690 1
57 102 1241 1
102 57 1241 1
94 115 181 1
115 94 181 1
101 114 359 1
114 101 359 1
19 59 618 1
59 19 618 1
25 103 1172 1
103 25 1172 1
30 80 748 1
80 30 748 1
37 77 246 1
77 37 246 1
41 87 263 1
87 41 263 1
55 100 739 1
100 55 739 1
70 80 524 1
80 70 524 1
98 110 300 1
110 98 300 1
0 14 728 1
14 0 728 1
33 76 380 1
76 33 380 1
78 107 864 1
107 78 864 1
93 110 487 1
110 93 487 1
23 70 494 1
70 23 494 1
58 106 1039 1
106 58 1039 1
4 25 258 1
25 4 258 1
8 60 1121 1
60 8 1121 1
18 29 740 1
29 18 740 1
42 55 629 1
55 42 629 1
42 58 582 1
58 42 582 1
54 98 204 1
98 54 204 1
67 112 712 1
112 67 712 1
91 98 616 1
98 91 616 1
10 22 580 1
22 10 580 1
18 81 878 1
81 18 878 1
62 71 867 1
71 62 867 1
79 95 480 1
95 79 480 1
89 110 588 1
110 89 588 1
106 107 486 1
107 106 486 1
8 24 258 1
24 8 258 1
8 92 1269 1
92 8 1269 1
9 86 825 1
86 9 825 1
9 108 974 1
108 9 974 1
10 62 483 1
62 10 483 1
13 14 902 1
14 13 902 1
25 110 1042 1
110 25 1042 1
36 71 552 1
71 36 552 1
80 86 567 1
86 80 567 1
6 27 679 1
27 6 679 1
22 30 218 1
30 22 218 1
39 113 565 1
113 39 565 1
53 79 677 1
79 53 677 1
94 110 220 1
110 94 220 1
21 104 765 1
104 21 765 1
31 74 479 1
74 31 479 1
54 111 422 1
111 54 422 1
12 31 545 1
31 12 545 1
25 92 1338 1
92 25 1338 1
31 79 660 1
79 31 660 1
55 87 559 1
87 55 559 1
92 112 325 1
112 92 325 1
3 97 966 1
97 3 966 1
7 10 896 1
10 7 896 1
11 83 383 1
83 11 383 1
56 99 1051 1
99 56 1051 1
1 103 1135 1
103 1 1135 1
10 21 662 1
21 10 662 1
14 92 1074 1
92 14 1074 1
52 103 773 1
103 52 773 1
62 109 711 1
109 62 711 1
105 114 152 1
114 105 152 1
1 33 355 1
33 1 355 1
1 59 541 1
59 1 541 1
14 74 378 1
74 14 378 1
36 88 289 1
88 36 289 1
38 84 429 1
84 38 429 1
60 80 480 1
80 60 480 1
67 103 944 1
103 67 944 1
2 82 688 1
82 2 688 1
22 101 1426 1
101 22 1426 1
29 85 473 1
85 29 473 1
4 60 1138 1
60 4 1138 1
6 21 662 1
21 6 662 1
6 23 465 1
23 6 465 1
7 21 555 1
21 7 555 1
14 75 659 1
75 14 659 1
16 109 631 1
109 16 631 1
46 113 335 1
113 46 335 1
47 68 881 1
68 47 881 1
57 98 1043 1
98 57 1043 1
92 110 485 1
110 92 485 1
94 112 366 1
112 94 366 1
0 80 485 1
80 0 485 1
2 10 438 1
10 2 438 1
2 23 340 1
23 2 340 1
9 16 1038 1
16 9 1038 1
17 31 618 1
31 17 618 1
31 86 707 1
86 31 707 1
71 86 672 1
86 71 672 1
25 52 1373 1
52 25 1373 1
10 27 715 1
27 10 715 1
18 57 564 1
57 18 564 1
41 46 810 1
46 41 810 1
47 59 671 1
59 47 671 1
50 90 473 1
90 50 473 1
54 110 373 1
110 54 373 1
54 114 381 1
114 54 381 1
78 97 697 1
97 78 697 1
5 8 493 1
8 5 493 1
9 77 753 1
77 9 753 1
9 110 1098 1
110 9 1098 1
19 69 323 1
69 19 323 1
42 112 333 1
112 42 333 1
55 63 600 1
63 55 600 1
10 80 357 1
80 10 357 1
17 87 519 1
87 17 519 1
31 40 592 1
40 31 592 1
36 96 257 1
96 36 257 1
74 86 416 1
86 74 416 1
90 100 182 1
100 90 182 1
6 20 561 1
20 6 561 1
22 50 1336 1
50 22 1336 1
24 34 1021 1
34 24 1021 1
35 51 483 1
51 35 483 1
42 109 434 1
109 42 434 1
43 54 646 1
54 43 646 1
52 102 475 1
102 52 475 1
59 90 1104 1
90 59 1104 1
75 82 661 1
82 75 661 1
11 33 518 1
33 11 518 1
23 88 1119 1
88 23 1119 1
39 100 771 1
100 39 771 1
54 74 471 1
74 54 471 1
73 115 669 1
115 73 669 1
104 107 401 1
107 104 401 1
109 115 211 1
115 109 211 1
13 74 757 1
74 13 757 1
14 76 580 1
76 14 580 1
24 94 920 1
94 24 920 1
33 71 374 1
71 33 374 1
42 66 473 1
66 42 473 1
50 108 645 1
108 50 645 1
51 114 700 1
114 51 700 1
69 103 1214 1
103 69 1214 1
26 106 767 1
106 26 767 1
30 36 645 1
36 30 645 1
42 51 463 1
51 42 463 1
46 109 326 1
109 46 326 1
49 109 629 1
109 49 629 1
57 113 1031 1
113 57 1031 1
66 69 349 1
69 66 349 1
89 102 866 1
102 89 866 1
100 108 467 1
108 100 467 1
0 32 356 1
32 0 356 1
13 73 358 1
73 13 358 1
22 52 1369 1
52 22 1369 1
33 68 378 1
68 33 378 1
77 96 456 1
96 77 456 1
104 114 171 1
114 104 171 1
11 21 514 1
21 11 514 1
13 19 700 1
19 13 700 1
51 101 699 1
101 51 699 1
95 105 309 1
105 95 309 1
9 38 880 1
38 9 880 1
39 87 370 1
87 39 370 1
92 100 157 1
100 92 157 1
21 108 562 1
108 21 562 1
34 91 729 1
91 34 729 1
46 110 220 1
110 46 220 1
57 69 378 1
69 57 378 1
67 90 867 1
90 67 867 1
105 107 233 1
107 105 233 1
24 86 569 1
86 24 569 1
37 100 814 1
100 37 814 1
67 102 981 1
102 67 981 1
26 30 321 1
30 26 321 1
34 66 268 1
66 34 268 1
57 111 890 1
111 57 890 1
110 115 264 1
115 110 264 1
15 19 867 1
19 15 867 1
20 73 397 1
73 20 397 1
27 92 1167 1
92 27 1167 1
36 70 395 1
70 36 395 1
51 52 786 1
52 51 786 1
57 87 938 1
87 57 938 1
60 88 724 1
88 60 724 1
82 84 544 1
84 82 544 1
101 113 350 1
113 101 350 1
105 113 210 1
113 105 210 1
6 74 506 1
74 6 506 1
24 88 947 1
88 24 947 1
53 91 265 1
91 53 265 1
53 109 560 1
109 53 560 1
31 83 561 1
83 31 561 1
37 109 343 1
109 37 343 1
60 106 915 1
106 60 915 1
78 86 556 1
86 78 556 1
91 111 390 1
111 91 390 1
15 33 738 1
33 15 738 1
33 57 394 1
57 33 394 1
80 82 469 1
82 80 469 1
100 103 576 1
103 100 576 1
9 97 970 1
97 9 970 1
19 42 976 1
42 19 976 1
26 72 433 1
72 26 433 1
76 96 361 1
96 76 361 1
79 99 574 1
99 79 574 1
20 87 562 1
87 20 562 1
34 84 580 1
84 34 580 1
40 79 762 1
79 40 762 1
50 66 475 1
66 50 475 1
53 108 584 1
108 53 584 1
85 87 616 1
87 85 616 1
7 20 669 1
20 7 669 1
15 87 271 1
87 15 271 1
16 86 543 1
86 16 543 1
35 88 741 1
88 35 741 1
42 54 525 1
54 42 525 1
88 89 1035 1
89 88 1035 1
9 54 1133 1
54 9 1133 1
10 106 807 1
106 10 807 1
11 30 584 1
30 11 584 1
44 114 674 1
114 44 674 1
69 100 1235 1
100 69 1235 1
6 66 934 1
66 6 934 1
23 34 949 1
34 23 949 1
50 110 492 1
110 50 492 1
20 62 800 1
62 20 800 1
37 63 543 1
63 37 543 1
44 55 743 1
55 44 743 1
54 84 309 1
84 54 309 1
67 91 790 1
91 67 790 1
89 95 416 1
95 89 416 1
103 109 477 1
109 103 477 1
1 105 1113 1
105 1 1113 1
4 88 829 1
88 4 829 1
29 32 631 1
32 29 631 1
29 109 610 1
109 29 610 1
52 66 667 1
66 52 667 1
52 113 478 1
113 52 478 1
56 79 965 1
79 56 965 1
58 90 890 1
90 58 890 1
63 109 730 1
109 63 730 1
94 113 328 1
113 94 328 1
104 113 229 1
113 104 229 1
5 34 1016 1
34 5 1016 1
5 38 756 1
38 5 756 1
10 84 516 1
84 10 516 1
19 63 644 1
63 19 644 1
93 113 317 1
113 93 317 1
0 58 565 1
58 0 565 1
3 112 1257 1
112 3 1257 1
5 6 733 1
6 5 733 1
16 106 659 1
106 16 659 1
32 82 768 1
82 32 768 1
