116 2668
9 15 219 1
15 9 219 1
8 9 638 1
9 8 638 1
94 95 213 1
95 94 213 1
29 72 629 1
72 29 629 1
28 72 116 1
72 28 116 1
100 101 656 1
101 100 656 1
8 15 741 1
15 8 741 1
29 73 113 1
73 29 113 1
80 81 1113 1
81 80 1113 1
28 29 741 1
29 28 741 1
8 14 205 1
14 8 205 1
17 81 182 1
81 17 182 1
24 26 201 1
26 24 201 1
102 103 508 1
103 102 508 1
101 102 595 1
102 101 595 1
16 80 152 1
80 16 152 1
30 31 127 1
31 30 127 1
73 75 84 1
75 73 84 1
32 33 149 1
33 32 149 1
48 50 202 1
50 48 202 1
100 102 87 1
102 100 87 1
44 45 194 1
45 44 194 1
14 15 772 1
15 14 772 1
1 57 172 1
57 1 172 1
96 97 322 1
97 96 322 1
42 43 239 1
43 42 239 1
5 27 165 1
27 5 165 1
9 14 725 1
14 9 725 1
72 73 517 1
73 72 517 1
72 74 76 1
74 72 76 1
17 29 223 1
29 17 223 1
54 55 651 1
55 54 651 1
90 92 135 1
92 90 135 1
100 103 576 1
103 100 576 1
79 81 136 1
81 79 136 1
86 87 805 1
87 86 805 1
2 6 165 1
6 2 165 1
28 80 329 1
80 28 329 1
11 13 168 1
13 11 168 1
16 17 998 1
17 16 998 1
72 80 384 1
80 72 384 1
16 81 1063 1
81 16 1063 1
26 86 416 1
86 26 416 1
73 74 458 1
74 73 458 1
28 70 247 1
70 28 247 1
78 80 116 1
80 78 116 1
22 23 140 1
23 22 140 1
19 69 323 1
69 19 323 1
40 72 200 1
72 40 200 1
75 77 210 1
77 75 210 1
101 103 106 1
103 101 106 1
29 80 961 1
80 29 961 1
70 75 355 1
75 70 355 1
92 93 608 1
93 92 608 1
29 75 189 1
75 29 189 1
29 70 512 1
70 29 512 1
58 59 496 1
59 58 496 1
16 28 220 1
28 16 220 1
16 29 882 1
29 16 882 1
29 81 342 1
81 29 342 1
90 91 735 1
91 90 735 1
29 74 571 1
74 29 571 1
70 72 158 1
72 70 158 1
93 100 653 1
100 93 653 1
70 76 285 1
76 70 285 1
10 12 181 1
12 10 181 1
91 93 118 1
93 91 118 1
36 37 542 1
37 36 542 1
16 72 287 1
72 16 287 1
17 80 1070 1
80 17 1070 1
3 23 271 1
23 3 271 1
73 77 274 1
77 73 274 1
29 79 257 1
79 29 257 1
88 89 1035 1
89 88 1035 1
70 73 402 1
73 70 402 1
37 38 515 1
38 37 515 1
93 101 103 1
101 93 103 1
49 51 172 1
51 49 172 1
67 69 345 1
69 67 345 1
74 75 389 1
75 74 389 1
26 87 560 1
87 26 560 1
38 39 465 1
39 38 465 1
71 75 163 1
75 71 163 1
4 8 148 1
8 4 148 1
36 38 122 1
38 36 122 1
39 94 407 1
94 39 407 1
98 102 260 1
102 98 260 1
93 103 173 1
103 93 173 1
17 79 135 1
79 17 135 1
79 80 991 1
80 79 991 1
62 63 1134 1
63 62 1134 1
0 56 174 1
56 0 174 1
50 51 698 1
51 50 698 1
95 109 146 1
109 95 146 1
16 78 122 1
78 16 122 1
90 111 396 1
111 90 396 1
28 78 272 1
78 28 272 1
72 79 733 1
79 72 733 1
74 76 203 1
76 74 203 1
28 79 847 1
79 28 847 1
72 76 257 1
76 72 257 1
70 77 376 1
77 70 376 1
17 73 298 1
73 17 298 1
18 68 315 1
68 18 315 1
66 67 177 1
67 66 177 1
76 77 238 1
77 76 238 1
1 18 493 1
18 1 493 1
94 109 127 1
109 94 127 1
28 73 629 1
73 28 629 1
22 64 1169 1
64 22 1169 1
48 51 548 1
51 48 548 1
72 75 453 1
75 72 453 1
91 112 368 1
112 91 368 1
74 77 362 1
77 74 362 1
35 67 262 1
67 35 262 1
39 97 289 1
97 39 289 1
78 79 878 1
79 78 878 1
90 112 377 1
112 90 377 1
28 75 567 1
75 28 567 1
70 74 155 1
74 70 155 1
10 60 650 1
60 10 650 1
16 63 1092 1
63 16 1092 1
19 68 313 1
68 19 313 1
18 19 147 1
19 18 147 1
4 9 500 1
9 4 500 1
37 39 117 1
39 37 117 1
75 76 374 1
76 75 374 1
52 53 746 1
53 52 746 1
87 89 476 1
89 87 476 1
17 28 894 1
28 17 894 1
72 81 860 1
81 72 860 1
17 72 781 1
72 17 781 1
41 73 204 1
73 41 204 1
39 95 233 1
95 39 233 1
12 13 959 1
13 12 959 1
4 5 350 1
5 4 350 1
29 40 655 1
40 29 655 1
98 104 286 1
104 98 286 1
4 14 255 1
14 4 255 1
20 21 185 1
21 20 185 1
29 77 357 1
77 29 357 1
38 40 158 1
40 38 158 1
28 81 975 1
81 28 975 1
37 40 562 1
40 37 562 1
53 69 959 1
69 53 959 1
28 76 345 1
76 28 345 1
39 96 494 1
96 39 494 1
78 81 1002 1
81 78 1002 1
68 69 164 1
69 68 164 1
91 111 390 1
111 91 390 1
3 7 185 1
7 3 185 1
28 40 248 1
40 28 248 1
46 47 309 1
47 46 309 1
90 93 690 1
93 90 690 1
92 112 325 1
112 92 325 1
91 92 669 1
92 91 669 1
43 47 146 1
47 43 146 1
54 89 853 1
89 54 853 1
104 105 204 1
105 104 204 1
73 79 296 1
79 73 296 1
92 100 157 1
100 92 157 1
97 109 174 1
109 97 174 1
28 62 527 1
62 28 527 1
43 45 199 1
45 43 199 1
56 63 1014 1
63 56 1014 1
69 91 1081 1
91 69 1081 1
55 96 492 1
96 55 492 1
24 86 569 1
86 24 569 1
10 13 1004 1
13 10 1004 1
16 79 934 1
79 16 934 1
93 102 600 1
102 93 600 1
69 111 906 1
111 69 906 1
11 65 770 1
65 11 770 1
28 74 188 1
74 28 188 1
29 76 555 1
76 29 555 1
69 112 1017 1
112 69 1017 1
77 79 329 1
79 77 329 1
17 63 324 1
63 17 324 1
74 95 497 1
95 74 497 1
3 25 566 1
25 3 566 1
16 73 769 1
73 16 769 1
77 95 322 1
95 77 322 1
70 79 638 1
79 70 638 1
42 50 271 1
50 42 271 1
73 81 406 1
81 73 406 1
10 11 986 1
11 10 986 1
13 61 843 1
61 13 843 1
45 49 111 1
49 45 111 1
62 80 268 1
80 62 268 1
75 83 351 1
83 75 351 1
70 78 427 1
78 70 427 1
72 78 300 1
78 72 300 1
98 99 479 1
99 98 479 1
11 61 675 1
61 11 675 1
17 74 721 1
74 17 721 1
55 97 173 1
97 55 173 1
62 72 566 1
72 62 566 1
20 73 397 1
73 20 397 1
52 69 993 1
69 52 993 1
20 29 497 1
29 20 497 1
40 74 182 1
74 40 182 1
29 63 531 1
63 29 531 1
99 103 258 1
103 99 258 1
9 41 527 1
41 9 527 1
16 62 313 1
62 16 313 1
20 38 349 1
38 20 349 1
34 110 327 1
110 34 327 1
36 40 213 1
40 36 213 1
55 89 213 1
89 55 213 1
66 69 349 1
69 66 349 1
20 37 510 1
37 20 510 1
100 113 356 1
113 100 356 1
11 83 383 1
83 11 383 1
40 73 549 1
73 40 549 1
76 95 396 1
95 76 396 1
42 47 281 1
47 42 281 1
72 77 430 1
77 72 430 1
24 25 135 1
25 24 135 1
101 113 350 1
113 101 350 1
20 72 238 1
72 20 238 1
1 19 351 1
19 1 351 1
103 113 295 1
113 103 295 1
16 40 399 1
40 16 399 1
71 77 297 1
77 71 297 1
36 39 517 1
39 36 517 1
48 49 410 1
49 48 410 1
28 71 506 1
71 28 506 1
73 76 450 1
76 73 450 1
16 70 409 1
70 16 409 1
63 81 293 1
81 63 293 1
111 112 111 1
112 111 111 1
102 113 317 1
113 102 317 1
20 41 386 1
41 20 386 1
29 62 1067 1
62 29 1067 1
38 96 284 1
96 38 284 1
73 80 850 1
80 73 850 1
74 109 457 1
109 74 457 1
96 114 265 1
114 96 265 1
40 95 491 1
95 40 491 1
16 74 335 1
74 16 335 1
73 94 596 1
94 73 596 1
94 97 266 1
97 94 266 1
28 36 321 1
36 28 321 1
54 96 167 1
96 54 167 1
73 95 476 1
95 73 476 1
97 114 263 1
114 97 263 1
20 75 348 1
75 20 348 1
18 90 1192 1
90 18 1192 1
95 97 97 1
97 95 97 1
98 103 555 1
103 98 555 1
19 91 1171 1
91 19 1171 1
40 94 393 1
94 40 393 1
15 41 349 1
41 15 349 1
70 80 524 1
80 70 524 1
74 83 697 1
83 74 697 1
34 35 126 1
35 34 126 1
98 100 250 1
100 98 250 1
20 70 213 1
70 20 213 1
76 80 424 1
80 76 424 1
29 71 259 1
71 29 259 1
72 94 485 1
94 72 485 1
4 15 597 1
15 4 597 1
6 32 555 1
32 6 555 1
42 46 173 1
46 42 173 1
74 80 415 1
80 74 415 1
1 68 549 1
68 1 549 1
27 89 807 1
89 27 807 1
98 101 623 1
101 98 623 1
37 72 595 1
72 37 595 1
40 80 433 1
80 40 433 1
12 60 825 1
60 12 825 1
28 37 709 1
37 28 709 1
60 61 893 1
61 60 893 1
16 56 380 1
56 16 380 1
29 78 851 1
78 29 851 1
19 90 1212 1
90 19 1212 1
63 80 1146 1
80 63 1146 1
76 78 312 1
78 76 312 1
70 71 263 1
71 70 263 1
38 55 598 1
55 38 598 1
98 113 276 1
113 98 276 1
2 22 228 1
22 2 228 1
38 54 263 1
54 38 263 1
44 49 304 1
49 44 304 1
71 73 163 1
73 71 163 1
86 89 1016 1
89 86 1016 1
40 82 231 1
82 40 231 1
43 46 341 1
46 43 341 1
74 79 666 1
79 74 666 1
13 60 1245 1
60 13 1245 1
17 40 824 1
40 17 824 1
29 41 234 1
41 29 234 1
2 7 566 1
7 2 566 1
29 94 678 1
94 29 678 1
20 28 320 1
28 20 320 1
6 30 365 1
30 6 365 1
37 97 271 1
97 37 271 1
102 104 159 1
104 102 159 1
44 46 353 1
46 44 353 1
37 55 221 1
55 37 221 1
57 63 249 1
63 57 249 1
3 65 942 1
65 3 942 1
43 44 290 1
44 43 290 1
67 112 712 1
112 67 712 1
74 81 792 1
81 74 792 1
75 79 318 1
79 75 318 1
41 74 484 1
74 41 484 1
39 40 508 1
40 39 508 1
39 72 575 1
72 39 575 1
4 27 279 1
27 4 279 1
56 99 1051 1
99 56 1051 1
86 88 460 1
88 86 460 1
8 41 768 1
41 8 768 1
18 91 1236 1
91 18 1236 1
3 22 347 1
22 3 347 1
15 83 194 1
83 15 194 1
35 110 305 1
110 35 305 1
92 103 574 1
103 92 574 1
23 25 373 1
25 23 373 1
71 76 392 1
76 71 392 1
17 62 1129 1
62 17 1129 1
6 7 710 1
7 6 710 1
61 78 1006 1
78 61 1006 1
109 114 278 1
114 109 278 1
42 51 463 1
51 42 463 1
43 51 245 1
51 43 245 1
65 84 1120 1
84 65 1120 1
17 70 666 1
70 17 666 1
72 95 570 1
95 72 570 1
97 105 299 1
105 97 299 1
69 90 1119 1
90 69 1119 1
22 84 1027 1
84 22 1027 1
76 94 331 1
94 76 331 1
19 66 600 1
66 19 600 1
22 50 1336 1
50 22 1336 1
95 96 288 1
96 95 288 1
16 75 702 1
75 16 702 1
28 94 557 1
94 28 557 1
82 83 881 1
83 82 881 1
3 92 1420 1
92 3 1420 1
37 71 401 1
71 37 401 1
37 76 441 1
76 37 441 1
54 104 337 1
104 54 337 1
18 106 1114 1
106 18 1114 1
3 26 678 1
26 3 678 1
3 86 986 1
86 3 986 1
37 73 278 1
73 37 278 1
40 97 584 1
97 40 584 1
49 50 585 1
50 49 585 1
76 109 320 1
109 76 320 1
96 110 214 1
110 96 214 1
16 76 379 1
76 16 379 1
28 39 686 1
39 28 686 1
7 25 539 1
25 7 539 1
25 27 193 1
27 25 193 1
55 104 526 1
104 55 526 1
63 72 944 1
72 63 944 1
74 94 426 1
94 74 426 1
24 87 679 1
87 24 679 1
38 94 246 1
94 38 246 1
38 97 469 1
97 38 469 1
103 104 369 1
104 103 369 1
17 78 955 1
78 17 955 1
40 76 327 1
76 40 327 1
40 81 874 1
81 40 874 1
104 113 229 1
113 104 229 1
63 73 569 1
73 63 569 1
75 80 775 1
80 75 775 1
96 109 176 1
109 96 176 1
18 69 392 1
69 18 392 1
82 109 693 1
109 82 693 1
19 112 1132 1
112 19 1132 1
26 38 554 1
38 26 554 1
13 83 347 1
83 13 347 1
38 82 362 1
82 38 362 1
40 96 436 1
96 40 436 1
87 88 1035 1
88 87 1035 1
7 31 345 1
31 7 345 1
14 83 858 1
83 14 858 1
28 30 436 1
30 28 436 1
40 77 472 1
77 40 472 1
108 115 135 1
115 108 135 1
7 65 934 1
65 7 934 1
17 95 598 1
95 17 598 1
54 113 426 1
113 54 426 1
30 70 259 1
70 30 259 1
18 66 623 1
66 18 623 1
23 35 930 1
35 23 930 1
23 88 1119 1
88 23 1119 1
70 95 587 1
95 70 587 1
85 87 616 1
87 85 616 1
99 111 265 1
111 99 265 1
29 95 532 1
95 29 532 1
56 57 840 1
57 56 840 1
23 27 506 1
27 23 506 1
55 85 300 1
85 55 300 1
17 94 764 1
94 17 764 1
25 65 1263 1
65 25 1263 1
75 95 407 1
95 75 407 1
95 114 280 1
114 95 280 1
17 77 417 1
77 17 417 1
54 97 484 1
97 54 484 1
62 81 1169 1
81 62 1169 1
36 97 483 1
97 36 483 1
37 94 426 1
94 37 426 1
54 88 224 1
88 54 224 1
28 77 540 1
77 28 540 1
40 75 477 1
75 40 477 1
55 114 395 1
114 55 395 1
67 91 790 1
91 67 790 1
76 79 567 1
79 76 567 1
26 89 900 1
89 26 900 1
97 115 218 1
115 97 218 1
17 76 648 1
76 17 648 1
41 98 784 1
98 41 784 1
60 62 241 1
62 60 241 1
5 88 1026 1
88 5 1026 1
37 98 666 1
98 37 666 1
44 50 287 1
50 44 287 1
3 88 1145 1
88 3 1145 1
19 111 1024 1
111 19 1024 1
70 81 769 1
81 70 769 1
27 54 856 1
54 27 856 1
50 84 554 1
84 50 554 1
85 89 220 1
89 85 220 1
14 82 179 1
82 14 179 1
17 75 351 1
75 17 351 1
28 63 1049 1
63 28 1049 1
90 100 182 1
100 90 182 1
99 113 264 1
113 99 264 1
5 35 974 1
35 5 974 1
23 85 1053 1
85 23 1053 1
25 84 1066 1
84 25 1066 1
90 98 163 1
98 90 163 1
55 98 606 1
98 55 606 1
71 72 402 1
72 71 402 1
19 67 590 1
67 19 590 1
20 40 225 1
40 20 225 1
39 76 461 1
76 39 461 1
33 66 503 1
66 33 503 1
68 88 1023 1
88 68 1023 1
21 30 349 1
30 21 349 1
63 78 1033 1
78 63 1033 1
6 31 464 1
31 6 464 1
18 57 564 1
57 18 564 1
25 35 978 1
35 25 978 1
39 82 719 1
82 39 719 1
23 89 1070 1
89 23 1070 1
19 52 1141 1
52 19 1141 1
23 92 1466 1
92 23 1466 1
68 90 1109 1
90 68 1109 1
11 60 1139 1
60 11 1139 1
45 46 448 1
46 45 448 1
3 90 1350 1
90 3 1350 1
6 60 799 1
60 6 799 1
38 95 382 1
95 38 382 1
40 70 311 1
70 40 311 1
40 79 762 1
79 40 762 1
68 106 1131 1
106 68 1131 1
13 15 277 1
15 13 277 1
52 67 728 1
67 52 728 1
55 113 437 1
113 55 437 1
92 101 634 1
101 92 634 1
93 112 343 1
112 93 343 1
3 87 809 1
87 3 809 1
42 45 300 1
45 42 300 1
86 113 874 1
113 86 874 1
103 105 173 1
105 103 173 1
3 24 623 1
24 3 623 1
22 89 1126 1
89 22 1126 1
27 85 894 1
85 27 894 1
30 75 454 1
75 30 454 1
31 33 517 1
33 31 517 1
37 96 506 1
96 37 506 1
45 47 345 1
47 45 345 1
68 91 1170 1
91 68 1170 1
73 83 298 1
83 73 298 1
75 81 434 1
81 75 434 1
87 113 899 1
113 87 899 1
91 103 258 1
103 91 258 1
101 104 464 1
104 101 464 1
37 75 239 1
75 37 239 1
86 100 753 1
100 86 753 1
40 109 467 1
109 40 467 1
41 83 252 1
83 41 252 1
92 98 220 1
98 92 220 1
5 26 263 1
26 5 263 1
24 30 283 1
30 24 283 1
77 83 539 1
83 77 539 1
3 89 961 1
89 3 961 1
13 29 290 1
29 13 290 1
55 99 216 1
99 55 216 1
5 82 673 1
82 5 673 1
22 27 524 1
27 22 524 1
37 99 410 1
99 37 410 1
39 108 341 1
108 39 341 1
41 75 187 1
75 41 187 1
29 37 304 1
37 29 304 1
94 96 89 1
96 94 89 1
36 76 232 1
76 36 232 1
42 49 396 1
49 42 396 1
62 78 287 1
78 62 287 1
62 79 1049 1
79 62 1049 1
100 104 240 1
104 100 240 1
106 107 486 1
107 106 486 1
2 30 317 1
30 2 317 1
4 82 403 1
82 4 403 1
99 104 430 1
104 99 430 1
39 109 356 1
109 39 356 1
40 41 506 1
41 40 506 1
62 70 663 1
70 62 663 1
26 100 1042 1
100 26 1042 1
66 68 378 1
68 66 378 1
70 94 557 1
94 70 557 1
27 82 524 1
82 27 524 1
37 70 546 1
70 37 546 1
90 103 653 1
103 90 653 1
5 23 453 1
23 5 453 1
10 62 483 1
62 10 483 1
57 81 488 1
81 57 488 1
61 65 175 1
65 61 175 1
77 81 453 1
81 77 453 1
40 54 405 1
54 40 405 1
53 91 265 1
91 53 265 1
75 94 515 1
94 75 515 1
42 48 243 1
48 42 243 1
82 95 720 1
95 82 720 1
92 104 310 1
104 92 310 1
96 104 297 1
104 96 297 1
19 57 426 1
57 19 426 1
22 86 800 1
86 22 800 1
36 108 330 1
108 36 330 1
62 74 590 1
74 62 590 1
26 90 1088 1
90 26 1088 1
30 71 303 1
71 30 303 1
70 109 564 1
109 70 564 1
23 67 1077 1
67 23 1077 1
62 73 961 1
73 62 961 1
22 25 402 1
25 22 402 1
38 86 366 1
86 38 366 1
47 53 268 1
53 47 268 1
76 81 691 1
81 76 691 1
98 111 265 1
111 98 265 1
41 102 822 1
102 41 822 1
77 109 318 1
109 77 318 1
90 106 378 1
106 90 378 1
20 30 328 1
30 20 328 1
26 27 135 1
27 26 135 1
36 72 276 1
72 36 276 1
30 32 574 1
32 30 574 1
57 102 1241 1
102 57 1241 1
92 102 211 1
102 92 211 1
18 93 1308 1
93 18 1308 1
25 85 1018 1
85 25 1018 1
67 111 605 1
111 67 605 1
84 108 592 1
108 84 592 1
2 3 405 1
3 2 405 1
3 67 879 1
67 3 879 1
23 64 1238 1
64 23 1238 1
35 85 553 1
85 35 553 1
73 78 740 1
78 73 740 1
11 12 972 1
12 11 972 1
74 78 322 1
78 74 322 1
86 92 882 1
92 86 882 1
99 105 287 1
105 99 287 1
83 95 609 1
95 83 609 1
21 31 344 1
31 21 344 1
17 57 439 1
57 17 439 1
20 39 459 1
39 20 459 1
64 84 478 1
84 64 478 1
0 18 364 1
18 0 364 1
20 71 311 1
71 20 311 1
66 91 902 1
91 66 902 1
3 68 689 1
68 3 689 1
10 84 516 1
84 10 516 1
23 86 866 1
86 23 866 1
39 73 305 1
73 39 305 1
37 54 645 1
54 37 645 1
6 10 299 1
10 6 299 1
21 25 360 1
25 21 360 1
34 65 549 1
65 34 549 1
82 94 609 1
94 82 609 1
99 110 299 1
110 99 299 1
2 31 377 1
31 2 377 1
14 41 702 1
41 14 702 1
42 44 208 1
44 42 208 1
26 88 791 1
88 26 791 1
59 68 484 1
68 59 484 1
2 25 585 1
25 2 585 1
4 41 642 1
41 4 642 1
27 88 863 1
88 27 863 1
29 39 339 1
39 29 339 1
29 83 227 1
83 29 227 1
38 72 305 1
72 38 305 1
24 27 252 1
27 24 252 1
41 72 550 1
72 41 550 1
88 91 958 1
91 88 958 1
21 24 413 1
24 21 413 1
37 95 241 1
95 37 241 1
37 100 814 1
100 37 814 1
76 82 520 1
82 76 520 1
2 107 1169 1
107 2 1169 1
25 50 1404 1
50 25 1404 1
43 49 240 1
49 43 240 1
107 110 468 1
110 107 468 1
25 34 1006 1
34 25 1006 1
63 94 851 1
94 63 851 1
90 102 246 1
102 90 246 1
105 115 176 1
115 105 176 1
20 94 527 1
94 20 527 1
37 103 537 1
103 37 537 1
40 113 703 1
113 40 703 1
13 79 476 1
79 13 476 1
22 85 1113 1
85 22 1113 1
63 74 885 1
74 63 885 1
64 65 897 1
65 64 897 1
75 78 667 1
78 75 667 1
37 105 506 1
105 37 506 1
51 53 271 1
53 51 271 1
38 100 515 1
100 38 515 1
93 106 650 1
106 93 650 1
5 83 447 1
83 5 447 1
23 65 1169 1
65 23 1169 1
2 64 992 1
64 2 992 1
36 80 330 1
80 36 330 1
73 109 538 1
109 73 538 1
96 99 428 1
99 96 428 1
31 71 265 1
71 31 265 1
72 109 524 1
109 72 524 1
77 80 662 1
80 77 662 1
3 5 603 1
5 3 603 1
40 55 690 1
55 40 690 1
54 87 939 1
87 54 939 1
63 70 849 1
70 63 849 1
114 115 96 1
115 114 96 1
5 24 252 1
24 5 252 1
6 70 405 1
70 6 405 1
83 94 771 1
94 83 771 1
86 104 694 1
104 86 694 1
92 106 400 1
106 92 400 1
103 106 532 1
106 103 532 1
5 89 870 1
89 5 870 1
39 75 260 1
75 39 260 1
50 85 1013 1
85 50 1013 1
10 61 1158 1
61 10 1158 1
83 109 722 1
109 83 722 1
97 99 180 1
99 97 180 1
39 70 540 1
70 39 540 1
40 98 586 1
98 40 586 1
43 56 867 1
56 43 867 1
25 67 1191 1
67 25 1191 1
26 113 1029 1
113 26 1029 1
31 70 334 1
70 31 334 1
1 113 1104 1
113 1 1104 1
16 57 981 1
57 16 981 1
55 109 337 1
109 55 337 1
77 96 456 1
96 77 456 1
96 98 184 1
98 96 184 1
7 30 462 1
30 7 462 1
12 62 664 1
62 12 664 1
18 59 713 1
59 18 713 1
30 72 390 1
72 30 390 1
37 109 343 1
109 37 343 1
39 71 417 1
71 39 417 1
63 79 303 1
79 63 303 1
23 87 803 1
87 23 803 1
27 55 790 1
55 27 790 1
39 115 411 1
115 39 411 1
43 50 494 1
50 43 494 1
54 114 381 1
114 54 381 1
16 37 809 1
37 16 809 1
54 85 906 1
85 54 906 1
58 66 198 1
66 58 198 1
70 83 652 1
83 70 652 1
77 94 396 1
94 77 396 1
98 112 277 1
112 98 277 1
13 80 1155 1
80 13 1155 1
28 95 668 1
95 28 668 1
30 73 455 1
73 30 455 1
31 64 1128 1
64 31 1128 1
93 98 589 1
98 93 589 1
54 98 204 1
98 54 204 1
103 111 432 1
111 103 432 1
13 28 892 1
28 13 892 1
13 81 530 1
81 13 530 1
53 67 640 1
67 53 640 1
67 90 867 1
90 67 867 1
97 104 399 1
104 97 399 1
10 65 1203 1
65 10 1203 1
12 14 278 1
14 12 278 1
16 94 579 1
94 16 579 1
72 82 298 1
82 72 298 1
77 114 582 1
114 77 582 1
87 110 837 1
110 87 837 1
95 113 351 1
113 95 351 1
13 16 1048 1
16 13 1048 1
57 68 520 1
68 57 520 1
26 92 1145 1
92 26 1145 1
27 110 890 1
110 27 890 1
37 113 578 1
113 37 578 1
13 14 902 1
14 13 902 1
60 63 1021 1
63 60 1021 1
80 94 538 1
94 80 538 1
84 85 1130 1
85 84 1130 1
3 106 1162 1
106 3 1162 1
24 38 730 1
38 24 730 1
26 54 816 1
54 26 816 1
31 75 419 1
75 31 419 1
36 99 637 1
99 36 637 1
37 101 579 1
101 37 579 1
52 66 667 1
66 52 667 1
74 82 336 1
82 74 336 1
90 99 615 1
99 90 615 1
29 30 533 1
30 29 533 1
47 110 210 1
110 47 210 1
79 95 480 1
95 79 480 1
0 99 1111 1
99 0 1111 1
3 27 634 1
27 3 634 1
18 88 1010 1
88 18 1010 1
22 88 1044 1
88 22 1044 1
56 103 1239 1
103 56 1239 1
6 28 413 1
28 6 413 1
36 82 401 1
82 36 401 1
55 87 559 1
87 55 559 1
74 114 677 1
114 74 677 1
6 12 248 1
12 6 248 1
18 92 1286 1
92 18 1286 1
94 114 259 1
114 94 259 1
109 115 211 1
115 109 211 1
46 55 584 1
55 46 584 1
92 111 381 1
111 92 381 1
52 59 956 1
59 52 956 1
75 109 462 1
109 75 462 1
94 115 181 1
115 94 181 1
99 102 560 1
102 99 560 1
37 41 217 1
41 37 217 1
44 78 731 1
78 44 731 1
63 95 704 1
95 63 704 1
13 17 364 1
17 13 364 1
28 60 684 1
60 28 684 1
43 78 794 1
78 43 794 1
76 97 459 1
97 76 459 1
100 106 280 1
106 100 280 1
26 93 1144 1
93 26 1144 1
36 71 552 1
71 36 552 1
38 101 771 1
101 38 771 1
41 70 482 1
70 41 482 1
62 76 527 1
76 62 527 1
61 63 238 1
63 61 238 1
38 103 677 1
103 38 677 1
65 92 1075 1
92 65 1075 1
18 102 1258 1
102 18 1258 1
22 65 1204 1
65 22 1204 1
30 64 1064 1
64 30 1064 1
91 106 697 1
106 91 697 1
41 95 382 1
95 41 382 1
68 111 952 1
111 68 952 1
93 113 317 1
113 93 317 1
4 20 334 1
20 4 334 1
6 76 615 1
76 6 615 1
20 74 213 1
74 20 213 1
26 37 668 1
37 26 668 1
28 31 545 1
31 28 545 1
28 38 358 1
38 28 358 1
55 103 351 1
103 55 351 1
88 93 930 1
93 88 930 1
89 113 633 1
113 89 633 1
101 106 633 1
106 101 633 1
18 103 1302 1
103 18 1302 1
25 53 1369 1
53 25 1369 1
53 111 406 1
111 53 406 1
55 105 373 1
105 55 373 1
93 104 478 1
104 93 478 1
20 36 396 1
36 20 396 1
19 33 238 1
33 19 238 1
71 74 359 1
74 71 359 1
27 34 903 1
34 27 903 1
40 83 731 1
83 40 731 1
12 79 1029 1
79 12 1029 1
13 74 757 1
74 13 757 1
23 26 522 1
26 23 522 1
72 97 655 1
97 72 655 1
86 101 1052 1
101 86 1052 1
96 113 315 1
113 96 315 1
18 112 1158 1
112 18 1158 1
21 39 356 1
39 21 356 1
23 50 1386 1
50 23 1386 1
90 101 719 1
101 90 719 1
16 77 611 1
77 16 611 1
22 48 1339 1
48 22 1339 1
39 114 488 1
114 39 488 1
85 104 824 1
104 85 824 1
86 93 1081 1
93 86 1081 1
7 11 254 1
11 7 254 1
53 68 1064 1
68 53 1064 1
81 94 732 1
94 81 732 1
10 76 495 1
76 10 495 1
25 26 225 1
26 25 225 1
37 77 246 1
77 37 246 1
48 65 674 1
65 48 674 1
87 96 843 1
96 87 843 1
31 32 596 1
32 31 596 1
34 67 275 1
67 34 275 1
37 104 610 1
104 37 610 1
38 98 432 1
98 38 432 1
86 90 814 1
90 86 814 1
87 92 1142 1
92 87 1142 1
18 100 1277 1
100 18 1277 1
22 26 505 1
26 22 505 1
5 14 572 1
14 5 572 1
27 35 871 1
35 27 871 1
37 108 355 1
108 37 355 1
41 94 523 1
94 41 523 1
57 95 781 1
95 57 781 1
110 111 172 1
111 110 172 1
56 58 427 1
58 56 427 1
104 107 401 1
107 104 401 1
15 70 606 1
70 15 606 1
18 58 669 1
58 18 669 1
18 111 1051 1
111 18 1051 1
39 74 501 1
74 39 501 1
41 55 403 1
55 41 403 1
50 65 837 1
65 50 837 1
68 87 1214 1
87 68 1214 1
88 108 517 1
108 88 517 1
3 18 417 1
18 3 417 1
39 77 312 1
77 39 312 1
39 83 378 1
83 39 378 1
44 81 890 1
81 44 890 1
54 86 568 1
86 54 568 1
91 100 719 1
100 91 719 1
5 20 424 1
20 5 424 1
27 87 439 1
87 27 439 1
44 48 114 1
48 44 114 1
68 89 1110 1
89 68 1110 1
81 95 542 1
95 81 542 1
91 102 669 1
102 91 669 1
92 99 572 1
99 92 572 1
102 106 217 1
106 102 217 1
19 53 1115 1
53 19 1115 1
2 66 917 1
66 2 917 1
5 9 157 1
9 5 157 1
13 72 796 1
72 13 796 1
3 35 775 1
35 3 775 1
6 33 588 1
33 6 588 1
17 71 423 1
71 17 423 1
49 53 406 1
53 49 406 1
55 101 371 1
101 55 371 1
56 78 391 1
78 56 391 1
57 59 382 1
59 57 382 1
96 108 167 1
108 96 167 1
19 59 618 1
59 19 618 1
48 84 706 1
84 48 706 1
30 33 526 1
33 30 526 1
36 96 257 1
96 36 257 1
39 80 834 1
80 39 834 1
67 92 922 1
92 67 922 1
89 92 938 1
92 89 938 1
105 109 371 1
109 105 371 1
16 41 813 1
41 16 813 1
17 56 1024 1
56 17 1024 1
38 113 550 1
113 38 550 1
41 57 760 1
57 41 760 1
72 96 519 1
96 72 519 1
38 109 342 1
109 38 342 1
56 81 1090 1
81 56 1090 1
57 101 1081 1
101 57 1081 1
53 90 787 1
90 53 787 1
63 75 591 1
75 63 591 1
84 114 684 1
114 84 684 1
93 99 208 1
99 93 208 1
104 114 171 1
114 104 171 1
24 100 1231 1
100 24 1231 1
57 113 1031 1
113 57 1031 1
69 92 1197 1
92 69 1197 1
75 82 661 1
82 75 661 1
17 41 414 1
41 17 414 1
24 89 1045 1
89 24 1045 1
32 70 418 1
70 32 418 1
98 110 300 1
110 98 300 1
15 29 295 1
29 15 295 1
57 73 601 1
73 57 601 1
91 101 197 1
101 91 197 1
94 108 97 1
108 94 97 1
105 114 152 1
114 105 152 1
2 48 1199 1
48 2 1199 1
18 101 1348 1
101 18 1348 1
52 68 984 1
68 52 984 1
55 86 895 1
86 55 895 1
86 106 508 1
106 86 508 1
89 114 592 1
114 89 592 1
11 74 727 1
74 11 727 1
15 74 683 1
74 15 683 1
54 110 373 1
110 54 373 1
25 87 575 1
87 25 575 1
34 50 475 1
50 34 475 1
47 56 905 1
56 47 905 1
89 93 471 1
93 89 471 1
93 111 397 1
111 93 397 1
98 105 417 1
105 98 417 1
99 100 610 1
100 99 610 1
16 95 729 1
95 16 729 1
27 84 956 1
84 27 956 1
39 54 618 1
54 39 618 1
43 63 639 1
63 43 639 1
54 95 438 1
95 54 438 1
86 99 956 1
99 86 956 1
97 108 170 1
108 97 170 1
17 109 666 1
109 17 666 1
96 115 214 1
115 96 214 1
2 32 513 1
32 2 513 1
32 74 456 1
74 32 456 1
46 98 212 1
98 46 212 1
3 91 1236 1
91 3 1236 1
8 13 868 1
13 8 868 1
11 75 388 1
75 11 388 1
23 84 1113 1
84 23 1113 1
73 98 854 1
98 73 854 1
39 55 254 1
55 39 254 1
54 100 319 1
100 54 319 1
61 79 487 1
79 61 487 1
63 114 926 1
114 63 926 1
102 111 440 1
111 102 440 1
105 107 233 1
107 105 233 1
37 102 749 1
102 37 749 1
43 81 665 1
81 43 665 1
56 96 743 1
96 56 743 1
87 99 759 1
99 87 759 1
15 20 521 1
20 15 521 1
36 94 246 1
94 36 246 1
59 69 338 1
69 59 338 1
63 76 747 1
76 63 747 1
26 55 856 1
55 26 856 1
40 63 1007 1
63 40 1007 1
46 73 842 1
73 46 842 1
47 49 380 1
49 47 380 1
71 83 425 1
83 71 425 1
2 24 548 1
24 2 548 1
21 28 487 1
28 21 487 1
28 61 1076 1
61 28 1076 1
46 49 541 1
49 46 541 1
74 97 582 1
97 74 582 1
79 94 650 1
94 79 650 1
6 64 941 1
64 6 941 1
19 92 1295 1
92 19 1295 1
58 60 266 1
60 58 266 1
87 90 1142 1
90 87 1142 1
0 58 565 1
58 0 565 1
26 101 1114 1
101 26 1114 1
30 77 559 1
77 30 559 1
36 105 576 1
105 36 576 1
46 50 303 1
50 46 303 1
51 85 514 1
85 51 514 1
55 56 1043 1
56 55 1043 1
65 89 679 1
89 65 679 1
19 93 1252 1
93 19 1252 1
77 78 550 1
78 77 550 1
90 110 460 1
110 90 460 1
1 102 1288 1
102 1 1288 1
54 94 226 1
94 54 226 1
88 92 521 1
92 88 521 1
23 90 1391 1
90 23 1391 1
35 52 642 1
52 35 642 1
36 70 395 1
70 36 395 1
41 77 345 1
77 41 345 1
66 111 646 1
111 66 646 1
0 1 800 1
1 0 800 1
5 54 1015 1
54 5 1015 1
14 74 378 1
74 14 378 1
29 61 711 1
61 29 711 1
37 82 780 1
82 37 780 1
50 64 302 1
64 50 302 1
60 70 749 1
70 60 749 1
65 112 785 1
112 65 785 1
74 96 467 1
96 74 467 1
88 106 334 1
106 88 334 1
17 37 368 1
37 17 368 1
45 51 254 1
51 45 254 1
3 53 1253 1
53 3 1253 1
16 36 349 1
36 16 349 1
22 87 870 1
87 22 870 1
19 102 1271 1
102 19 1271 1
24 35 1010 1
35 24 1010 1
29 33 510 1
33 29 510 1
32 75 514 1
75 32 514 1
38 104 427 1
104 38 427 1
54 99 587 1
99 54 587 1
82 97 814 1
97 82 814 1
4 19 922 1
19 4 922 1
25 86 638 1
86 25 638 1
35 92 768 1
92 35 768 1
37 80 842 1
80 37 842 1
46 78 577 1
78 46 577 1
55 100 739 1
100 55 739 1
0 106 981 1
106 0 981 1
5 41 483 1
41 5 483 1
17 39 453 1
39 17 453 1
47 51 339 1
51 47 339 1
59 63 501 1
63 59 501 1
94 113 328 1
113 94 328 1
96 105 387 1
105 96 387 1
1 100 1327 1
100 1 1327 1
29 31 454 1
31 29 454 1
53 66 763 1
66 53 763 1
58 68 392 1
68 58 392 1
61 70 908 1
70 61 908 1
86 103 950 1
103 86 950 1
89 96 700 1
96 89 700 1
5 25 129 1
25 5 129 1
26 110 904 1
110 26 904 1
46 63 897 1
63 46 897 1
56 80 431 1
80 56 431 1
63 96 897 1
96 63 897 1
81 109 623 1
109 81 623 1
9 19 928 1
19 9 928 1
12 84 664 1
84 12 664 1
24 110 1066 1
110 24 1066 1
25 52 1373 1
52 25 1373 1
32 72 471 1
72 32 471 1
32 77 383 1
77 32 383 1
54 103 653 1
103 54 653 1
9 20 557 1
20 9 557 1
15 61 998 1
61 15 998 1
20 24 393 1
24 20 393 1
47 99 231 1
99 47 231 1
85 114 680 1
114 85 680 1
6 62 702 1
62 6 702 1
9 83 411 1
83 9 411 1
13 78 1046 1
78 13 1046 1
38 87 730 1
87 38 730 1
38 102 472 1
102 38 472 1
47 111 188 1
111 47 188 1
52 112 417 1
112 52 417 1
108 114 218 1
114 108 218 1
1 90 1264 1
90 1 1264 1
5 15 278 1
15 5 278 1
16 20 522 1
20 16 522 1
18 52 1125 1
52 18 1125 1
29 32 631 1
32 29 631 1
35 112 561 1
112 35 561 1
110 112 272 1
112 110 272 1
16 71 654 1
71 16 654 1
46 115 378 1
115 46 378 1
56 113 1026 1
113 56 1026 1
80 95 719 1
95 80 719 1
2 84 897 1
84 2 897 1
13 62 1248 1
62 13 1248 1
22 24 386 1
24 22 386 1
37 74 520 1
74 37 520 1
46 74 677 1
74 46 677 1
52 58 705 1
58 52 705 1
54 109 337 1
109 54 337 1
80 109 607 1
109 80 607 1
82 96 637 1
96 82 637 1
43 48 391 1
48 43 391 1
47 107 509 1
107 47 509 1
57 94 878 1
94 57 878 1
87 106 830 1
106 87 830 1
18 53 1191 1
53 18 1191 1
21 38 458 1
38 21 458 1
23 91 1352 1
91 23 1352 1
17 44 951 1
44 17 951 1
32 73 550 1
73 32 550 1
35 87 863 1
87 35 863 1
57 98 1043 1
98 57 1043 1
0 61 943 1
61 0 943 1
13 40 857 1
40 13 857 1
13 70 648 1
70 13 648 1
32 79 600 1
79 32 600 1
65 67 361 1
67 65 361 1
86 108 664 1
108 86 664 1
90 104 351 1
104 90 351 1
37 86 777 1
86 37 777 1
55 94 428 1
94 55 428 1
76 83 717 1
83 76 717 1
82 108 675 1
108 82 675 1
2 23 340 1
23 2 340 1
3 93 1309 1
93 3 1309 1
60 76 576 1
76 60 576 1
71 80 755 1
80 71 755 1
1 87 873 1
87 1 873 1
6 72 449 1
72 6 449 1
25 110 1042 1
110 25 1042 1
40 71 481 1
71 40 481 1
43 79 634 1
79 43 634 1
45 50 474 1
50 45 474 1
56 97 920 1
97 56 920 1
68 112 1063 1
112 68 1063 1
97 113 312 1
113 97 312 1
5 21 332 1
21 5 332 1
13 75 440 1
75 13 440 1
28 83 861 1
83 28 861 1
72 83 754 1
83 72 754 1
7 24 631 1
24 7 631 1
16 61 1070 1
61 16 1070 1
17 83 381 1
83 17 381 1
19 88 1069 1
88 19 1069 1
24 54 987 1
54 24 987 1
44 47 404 1
47 44 404 1
1 56 851 1
56 1 851 1
4 88 829 1
88 4 829 1
15 44 1279 1
44 15 1279 1
21 70 303 1
70 21 303 1
54 93 721 1
93 54 721 1
67 68 440 1
68 67 440 1
97 110 221 1
110 97 221 1
38 71 546 1
71 38 546 1
1 106 1164 1
106 1 1164 1
39 63 657 1
63 39 657 1
58 88 918 1
88 58 918 1
102 105 355 1
105 102 355 1
10 58 862 1
58 10 862 1
26 36 616 1
36 26 616 1
33 67 474 1
67 33 474 1
37 114 513 1
114 37 513 1
60 78 455 1
78 60 455 1
62 75 893 1
75 62 893 1
89 97 385 1
97 89 385 1
41 101 711 1
101 41 711 1
61 80 1112 1
80 61 1112 1
1 101 1148 1
101 1 1148 1
2 10 438 1
10 2 438 1
8 29 833 1
29 8 833 1
26 99 1000 1
99 26 1000 1
41 103 653 1
103 41 653 1
103 112 375 1
112 103 375 1
20 77 434 1
77 20 434 1
24 92 1330 1
92 24 1330 1
36 78 263 1
78 36 263 1
37 115 443 1
115 37 443 1
3 69 687 1
69 3 687 1
63 97 673 1
97 63 673 1
88 90 414 1
90 88 414 1
16 39 805 1
39 16 805 1
18 56 478 1
56 18 478 1
40 104 575 1
104 40 575 1
87 100 1075 1
100 87 1075 1
109 113 333 1
113 109 333 1
2 65 1144 1
65 2 1144 1
5 52 1379 1
52 5 1379 1
21 37 403 1
37 21 403 1
23 68 876 1
68 23 876 1
23 112 1349 1
112 23 1349 1
52 91 777 1
91 52 777 1
99 112 272 1
112 99 272 1
6 8 485 1
8 6 485 1
27 65 1171 1
65 27 1171 1
35 69 473 1
69 35 473 1
44 79 832 1
79 44 832 1
78 109 527 1
109 78 527 1
12 28 275 1
28 12 275 1
20 101 958 1
101 20 958 1
26 35 893 1
35 26 893 1
35 65 453 1
65 35 453 1
73 113 827 1
113 73 827 1
105 113 210 1
113 105 210 1
1 89 788 1
89 1 788 1
5 11 579 1
11 5 579 1
11 84 1188 1
84 11 1188 1
26 98 979 1
98 26 979 1
31 83 561 1
83 31 561 1
41 63 682 1
63 41 682 1
46 62 638 1
62 46 638 1
46 72 723 1
72 46 723 1
71 79 426 1
79 71 426 1
2 50 1192 1
50 2 1192 1
8 70 477 1
70 8 477 1
15 73 336 1
73 15 336 1
20 31 387 1
31 20 387 1
20 83 565 1
83 20 565 1
20 95 541 1
95 20 541 1
69 93 1169 1
93 69 1169 1
7 23 337 1
23 7 337 1
8 20 420 1
20 8 420 1
12 72 358 1
72 12 358 1
32 76 341 1
76 32 341 1
35 90 713 1
90 35 713 1
39 78 740 1
78 39 740 1
88 100 425 1
100 88 425 1
13 73 358 1
73 13 358 1
14 27 449 1
27 14 449 1
26 30 321 1
30 26 321 1
29 57 596 1
57 29 596 1
34 64 445 1
64 34 445 1
38 88 311 1
88 38 311 1
42 56 786 1
56 42 786 1
44 51 440 1
51 44 440 1
48 85 925 1
85 48 925 1
87 104 852 1
104 87 852 1
4 23 506 1
23 4 506 1
16 43 905 1
43 16 905 1
16 46 699 1
46 16 699 1
28 82 255 1
82 28 255 1
28 97 752 1
97 28 752 1
38 108 316 1
108 38 316 1
40 62 664 1
62 40 664 1
5 13 461 1
13 5 461 1
8 74 530 1
74 8 530 1
36 55 626 1
55 36 626 1
68 92 1202 1
92 68 1202 1
5 8 493 1
8 5 493 1
8 82 379 1
82 8 379 1
36 86 441 1
86 36 441 1
42 111 258 1
111 42 258 1
55 102 675 1
102 55 675 1
56 102 1030 1
102 56 1030 1
60 114 930 1
114 60 930 1
5 87 460 1
87 5 460 1
11 77 511 1
77 11 511 1
14 94 734 1
94 14 734 1
17 97 605 1
97 17 605 1
20 102 804 1
102 20 804 1
25 31 272 1
31 25 272 1
27 83 450 1
83 27 450 1
27 109 761 1
109 27 761 1
28 108 624 1
108 28 624 1
33 75 426 1
75 33 426 1
70 114 802 1
114 70 802 1
11 76 704 1
76 11 704 1
15 75 396 1
75 15 396 1
46 80 618 1
80 46 618 1
9 74 740 1
74 9 740 1
12 15 906 1
15 12 906 1
33 73 444 1
73 33 444 1
34 52 574 1
52 34 574 1
42 99 482 1
99 42 482 1
48 53 654 1
53 48 654 1
52 89 1027 1
89 52 1027 1
53 112 421 1
112 53 421 1
54 105 491 1
105 54 491 1
6 82 587 1
82 6 587 1
11 14 937 1
14 11 937 1
21 36 510 1
36 21 510 1
28 109 610 1
109 28 610 1
31 115 958 1
115 31 958 1
71 95 547 1
95 71 547 1
73 101 851 1
101 73 851 1
9 13 376 1
13 9 376 1
16 109 631 1
109 16 631 1
17 82 1011 1
82 17 1011 1
20 100 857 1
100 20 857 1
28 32 528 1
32 28 528 1
29 46 914 1
46 29 914 1
33 77 332 1
77 33 332 1
57 79 431 1
79 57 431 1
73 102 944 1
102 73 944 1
10 78 335 1
78 10 335 1
22 82 706 1
82 22 706 1
31 73 397 1
73 31 397 1
36 54 228 1
54 36 228 1
40 78 376 1
78 40 376 1
41 54 714 1
54 41 714 1
46 99 446 1
99 46 446 1
63 102 1192 1
102 63 1192 1
70 82 411 1
82 70 411 1
99 101 266 1
101 99 266 1
21 72 388 1
72 21 388 1
35 66 331 1
66 35 331 1
55 95 221 1
95 55 221 1
85 86 1120 1
86 85 1120 1
97 107 263 1
107 97 263 1
100 105 430 1
105 100 430 1
4 6 536 1
6 4 536 1
6 48 1184 1
48 6 1184 1
27 96 825 1
96 27 825 1
38 70 414 1
70 38 414 1
38 99 625 1
99 38 625 1
73 96 674 1
96 73 674 1
76 96 361 1
96 76 361 1
85 110 584 1
110 85 584 1
1 69 441 1
69 1 441 1
5 38 756 1
38 5 756 1
5 112 1217 1
112 5 1217 1
18 113 1181 1
113 18 1181 1
20 55 690 1
55 20 690 1
21 27 209 1
27 21 209 1
22 107 1142 1
107 22 1142 1
28 115 724 1
115 28 724 1
29 109 610 1
109 29 610 1
38 76 305 1
76 38 305 1
52 88 542 1
88 52 542 1
25 42 1319 1
42 25 1319 1
27 86 519 1
86 27 519 1
59 66 363 1
66 59 363 1
60 97 884 1
97 60 884 1
73 115 669 1
115 73 669 1
7 67 937 1
67 7 937 1
20 63 926 1
63 20 926 1
29 38 680 1
38 29 680 1
35 89 648 1
89 35 648 1
42 53 475 1
53 42 475 1
45 78 840 1
78 45 840 1
58 89 1156 1
89 58 1156 1
84 89 1110 1
89 84 1110 1
87 93 848 1
93 87 848 1
88 112 672 1
112 88 672 1
9 70 641 1
70 9 641 1
16 60 498 1
60 16 498 1
17 61 534 1
61 17 534 1
19 41 815 1
41 19 815 1
23 24 403 1
24 23 403 1
29 36 705 1
36 29 705 1
34 107 734 1
107 34 734 1
45 81 759 1
81 45 759 1
59 102 1214 1
102 59 1214 1
0 78 431 1
78 0 431 1
5 7 538 1
7 5 538 1
12 74 431 1
74 12 431 1
30 115 932 1
115 30 932 1
36 60 646 1
60 36 646 1
10 28 213 1
28 10 213 1
24 93 1326 1
93 24 1326 1
30 79 725 1
79 30 725 1
75 114 683 1
114 75 683 1
95 108 123 1
108 95 123 1
99 114 265 1
114 99 265 1
104 109 377 1
109 104 377 1
8 83 868 1
83 8 868 1
11 70 629 1
70 11 629 1
12 54 794 1
54 12 794 1
20 62 800 1
62 20 800 1
63 77 536 1
77 63 536 1
97 98 437 1
98 97 437 1
8 19 957 1
19 8 957 1
20 26 232 1
26 20 232 1
28 41 661 1
41 28 661 1
31 78 755 1
78 31 755 1
36 49 877 1
49 36 877 1
38 73 580 1
73 38 580 1
41 81 452 1
81 41 452 1
55 108 332 1
108 55 332 1
62 94 680 1
94 62 680 1
71 108 604 1
108 71 604 1
77 97 366 1
97 77 366 1
