116 2668
26 27 135 1
27 26 135 1
28 72 116 1
72 28 116 1
22 23 140 1
23 22 140 1
42 43 239 1
43 42 239 1
24 25 135 1
25 24 135 1
78 81 1002 1
81 78 1002 1
23 50 1386 1
50 23 1386 1
20 21 185 1
21 20 185 1
29 72 629 1
72 29 629 1
43 47 146 1
47 43 146 1
61 65 175 1
65 61 175 1
79 81 136 1
81 79 136 1
84 86 610 1
86 84 610 1
90 91 735 1
91 90 735 1
1 63 334 1
63 1 334 1
80 81 1113 1
81 80 1113 1
22 50 1336 1
50 22 1336 1
76 77 238 1
77 76 238 1
62 63 1134 1
63 62 1134 1
38 39 465 1
39 38 465 1
45 67 282 1
67 45 282 1
73 74 458 1
74 73 458 1
92 93 608 1
93 92 608 1
43 46 341 1
46 43 341 1
30 31 127 1
31 30 127 1
46 55 584 1
55 46 584 1
10 12 181 1
12 10 181 1
32 33 149 1
33 32 149 1
34 45 409 1
45 34 409 1
42 47 281 1
47 42 281 1
39 96 494 1
96 39 494 1
78 79 878 1
79 78 878 1
7 9 490 1
9 7 490 1
9 65 1235 1
65 9 1235 1
6 7 710 1
7 6 710 1
4 26 161 1
26 4 161 1
29 32 631 1
32 29 631 1
38 96 284 1
96 38 284 1
1 59 541 1
59 1 541 1
28 29 741 1
29 28 741 1
104 105 204 1
105 104 204 1
46 47 309 1
47 46 309 1
80 83 1100 1
83 80 1100 1
13 61 843 1
61 13 843 1
96 110 214 1
110 96 214 1
68 69 164 1
69 68 164 1
16 17 998 1
17 16 998 1
60 61 893 1
61 60 893 1
11 13 168 1
13 11 168 1
34 35 126 1
35 34 126 1
70 71 263 1
71 70 263 1
20 26 232 1
26 20 232 1
11 15 385 1
15 11 385 1
91 93 118 1
93 91 118 1
13 15 277 1
15 13 277 1
66 67 177 1
67 66 177 1
78 80 116 1
80 78 116 1
2 6 165 1
6 2 165 1
54 110 373 1
110 54 373 1
47 110 210 1
110 47 210 1
90 101 719 1
101 90 719 1
30 32 574 1
32 30 574 1
58 59 496 1
59 58 496 1
90 93 690 1
93 90 690 1
32 72 471 1
72 32 471 1
7 65 934 1
65 7 934 1
28 30 436 1
30 28 436 1
38 54 263 1
54 38 263 1
14 26 321 1
26 14 321 1
20 27 271 1
27 20 271 1
15 60 1288 1
60 15 1288 1
3 11 395 1
11 3 395 1
3 92 1420 1
92 3 1420 1
43 44 290 1
44 43 290 1
74 75 389 1
75 74 389 1
28 80 329 1
80 28 329 1
35 45 385 1
45 35 385 1
41 73 204 1
73 41 204 1
11 65 770 1
65 11 770 1
11 61 675 1
61 11 675 1
15 61 998 1
61 15 998 1
44 45 194 1
45 44 194 1
47 96 412 1
96 47 412 1
17 62 1129 1
62 17 1129 1
17 80 1070 1
80 17 1070 1
1 17 391 1
17 1 391 1
1 62 1027 1
62 1 1027 1
9 92 1428 1
92 9 1428 1
18 19 147 1
19 18 147 1
38 98 432 1
98 38 432 1
98 99 479 1
99 98 479 1
4 27 279 1
27 4 279 1
28 32 528 1
32 28 528 1
47 98 442 1
98 47 442 1
86 87 805 1
87 86 805 1
7 61 813 1
61 7 813 1
9 11 523 1
11 9 523 1
42 45 300 1
45 42 300 1
6 8 485 1
8 6 485 1
44 49 304 1
49 44 304 1
82 83 881 1
83 82 881 1
72 80 384 1
80 72 384 1
6 12 248 1
12 6 248 1
14 69 1104 1
69 14 1104 1
16 28 220 1
28 16 220 1
24 34 1021 1
34 24 1021 1
59 103 1115 1
103 59 1115 1
4 69 1158 1
69 4 1158 1
42 46 173 1
46 42 173 1
9 61 1165 1
61 9 1165 1
42 96 429 1
96 42 429 1
58 60 266 1
60 58 266 1
15 52 1350 1
52 15 1350 1
52 89 1027 1
89 52 1027 1
34 67 275 1
67 34 275 1
19 76 599 1
76 19 599 1
23 27 506 1
27 23 506 1
30 33 526 1
33 30 526 1
17 63 324 1
63 17 324 1
17 72 781 1
72 17 781 1
26 88 791 1
88 26 791 1
5 93 1207 1
93 5 1207 1
50 51 698 1
51 50 698 1
72 74 76 1
74 72 76 1
86 96 642 1
96 86 642 1
3 7 185 1
7 3 185 1
12 60 825 1
60 12 825 1
38 86 366 1
86 38 366 1
73 77 274 1
77 73 274 1
5 67 1194 1
67 5 1194 1
17 29 223 1
29 17 223 1
7 11 254 1
11 7 254 1
42 44 208 1
44 42 208 1
71 77 297 1
77 71 297 1
16 62 313 1
62 16 313 1
78 84 235 1
84 78 235 1
1 102 1288 1
102 1 1288 1
38 110 451 1
110 38 451 1
25 31 272 1
31 25 272 1
26 87 560 1
87 26 560 1
43 45 199 1
45 43 199 1
39 97 289 1
97 39 289 1
108 109 87 1
109 108 87 1
13 60 1245 1
60 13 1245 1
16 72 287 1
72 16 287 1
24 31 318 1
31 24 318 1
98 108 315 1
108 98 315 1
22 24 386 1
24 22 386 1
29 46 914 1
46 29 914 1
87 88 1035 1
88 87 1035 1
37 39 117 1
39 37 117 1
84 96 441 1
96 84 441 1
43 49 240 1
49 43 240 1
51 52 786 1
52 51 786 1
21 26 271 1
26 21 271 1
23 87 803 1
87 23 803 1
31 72 482 1
72 31 482 1
26 38 554 1
38 26 554 1
25 96 984 1
96 25 984 1
26 54 816 1
54 26 816 1
7 92 1445 1
92 7 1445 1
61 63 238 1
63 61 238 1
39 95 233 1
95 39 233 1
38 84 429 1
84 38 429 1
29 76 555 1
76 29 555 1
109 110 135 1
110 109 135 1
81 84 1146 1
84 81 1146 1
5 27 165 1
27 5 165 1
21 25 360 1
25 21 360 1
29 80 961 1
80 29 961 1
72 76 257 1
76 72 257 1
73 75 84 1
75 73 84 1
4 93 1288 1
93 4 1288 1
26 69 1109 1
69 26 1109 1
27 87 439 1
87 27 439 1
54 98 204 1
98 54 204 1
5 48 1432 1
48 5 1432 1
46 98 212 1
98 46 212 1
22 26 505 1
26 22 505 1
28 83 861 1
83 28 861 1
34 44 373 1
44 34 373 1
65 92 1075 1
92 65 1075 1
96 109 176 1
109 96 176 1
25 27 193 1
27 25 193 1
99 109 321 1
109 99 321 1
21 27 209 1
27 21 209 1
16 80 152 1
80 16 152 1
16 111 812 1
111 16 812 1
14 54 716 1
54 14 716 1
1 19 351 1
19 1 351 1
27 50 1279 1
50 27 1279 1
2 64 992 1
64 2 992 1
17 28 894 1
28 17 894 1
29 63 531 1
63 29 531 1
11 52 1305 1
52 11 1305 1
60 90 787 1
90 60 787 1
98 109 329 1
109 98 329 1
25 34 1006 1
34 25 1006 1
31 33 517 1
33 31 517 1
21 39 356 1
39 21 356 1
28 31 545 1
31 28 545 1
28 81 975 1
81 28 975 1
27 67 1105 1
67 27 1105 1
47 55 367 1
55 47 367 1
44 46 353 1
46 44 353 1
48 93 850 1
93 48 850 1
90 102 246 1
102 90 246 1
14 114 959 1
114 14 959 1
64 65 897 1
65 64 897 1
20 38 349 1
38 20 349 1
20 39 459 1
39 20 459 1
27 38 594 1
38 27 594 1
57 69 378 1
69 57 378 1
30 72 390 1
72 30 390 1
40 110 582 1
110 40 582 1
91 101 197 1
101 91 197 1
29 111 842 1
111 29 842 1
32 63 656 1
63 32 656 1
52 60 638 1
60 52 638 1
4 20 334 1
20 4 334 1
8 90 1188 1
90 8 1188 1
26 105 921 1
105 26 921 1
35 44 409 1
44 35 409 1
2 8 554 1
8 2 554 1
29 55 507 1
55 29 507 1
68 103 1277 1
103 68 1277 1
7 8 828 1
8 7 828 1
8 100 1159 1
100 8 1159 1
18 91 1236 1
91 18 1236 1
71 76 392 1
76 71 392 1
47 109 317 1
109 47 317 1
1 32 484 1
32 1 484 1
12 13 959 1
13 12 959 1
69 93 1169 1
93 69 1169 1
37 38 515 1
38 37 515 1
3 52 1342 1
52 3 1342 1
59 63 501 1
63 59 501 1
8 9 638 1
9 8 638 1
8 93 1382 1
93 8 1382 1
46 49 541 1
49 46 541 1
55 98 606 1
98 55 606 1
79 80 991 1
80 79 991 1
70 76 285 1
76 70 285 1
5 26 263 1
26 5 263 1
32 53 939 1
53 32 939 1
72 81 860 1
81 72 860 1
84 88 224 1
88 84 224 1
105 106 359 1
106 105 359 1
6 64 941 1
64 6 941 1
59 68 484 1
68 59 484 1
89 90 968 1
90 89 968 1
98 110 300 1
110 98 300 1
0 58 565 1
58 0 565 1
5 106 957 1
106 5 957 1
48 67 417 1
67 48 417 1
64 92 764 1
92 64 764 1
91 103 258 1
103 91 258 1
23 89 1070 1
89 23 1070 1
60 63 1021 1
63 60 1021 1
5 34 1016 1
34 5 1016 1
10 18 609 1
18 10 609 1
11 60 1139 1
60 11 1139 1
38 109 342 1
109 38 342 1
3 65 942 1
65 3 942 1
55 78 841 1
78 55 841 1
72 75 453 1
75 72 453 1
1 16 963 1
16 1 963 1
29 33 510 1
33 29 510 1
37 54 645 1
54 37 645 1
48 51 548 1
51 48 548 1
50 52 243 1
52 50 243 1
20 96 592 1
96 20 592 1
28 78 272 1
78 28 272 1
33 111 803 1
111 33 803 1
79 84 1035 1
84 79 1035 1
13 65 935 1
65 13 935 1
19 29 673 1
29 19 673 1
42 110 303 1
110 42 303 1
3 50 1273 1
50 3 1273 1
22 27 524 1
27 22 524 1
84 87 1148 1
87 84 1148 1
90 92 135 1
92 90 135 1
4 14 255 1
14 4 255 1
17 81 182 1
81 17 182 1
43 55 485 1
55 43 485 1
54 109 337 1
109 54 337 1
73 76 450 1
76 73 450 1
20 25 402 1
25 20 402 1
57 91 921 1
91 57 921 1
3 64 1134 1
64 3 1134 1
38 40 158 1
40 38 158 1
41 74 484 1
74 41 484 1
6 61 1132 1
61 6 1132 1
22 87 870 1
87 22 870 1
46 72 723 1
72 46 723 1
55 80 931 1
80 55 931 1
90 100 182 1
100 90 182 1
28 111 842 1
111 28 842 1
19 32 289 1
32 19 289 1
28 46 774 1
46 28 774 1
28 55 861 1
55 28 861 1
6 32 555 1
32 6 555 1
62 72 566 1
72 62 566 1
96 98 184 1
98 96 184 1
25 110 1042 1
110 25 1042 1
19 72 678 1
72 19 678 1
21 88 754 1
88 21 754 1
100 102 87 1
102 100 87 1
16 83 1029 1
83 16 1029 1
54 84 309 1
84 54 309 1
69 105 1158 1
105 69 1158 1
72 78 300 1
78 72 300 1
13 63 653 1
63 13 653 1
22 88 1044 1
88 22 1044 1
23 26 522 1
26 23 522 1
54 96 167 1
96 54 167 1
27 96 825 1
96 27 825 1
40 78 376 1
78 40 376 1
14 22 562 1
22 14 562 1
59 66 363 1
66 59 363 1
18 58 669 1
58 18 669 1
27 39 536 1
39 27 536 1
40 96 436 1
96 40 436 1
15 65 1052 1
65 15 1052 1
36 84 341 1
84 36 341 1
78 96 453 1
96 78 453 1
88 89 1035 1
89 88 1035 1
5 50 1417 1
50 5 1417 1
19 77 567 1
77 19 567 1
26 37 668 1
37 26 668 1
60 64 187 1
64 60 187 1
57 101 1081 1
101 57 1081 1
0 18 364 1
18 0 364 1
44 48 114 1
48 44 114 1
1 103 1135 1
103 1 1135 1
8 53 1492 1
53 8 1492 1
27 88 863 1
88 27 863 1
65 89 679 1
89 65 679 1
48 106 864 1
106 48 864 1
55 108 332 1
108 55 332 1
54 86 568 1
86 54 568 1
24 30 283 1
30 24 283 1
27 69 1092 1
69 27 1092 1
34 48 431 1
48 34 431 1
87 96 843 1
96 87 843 1
27 105 897 1
105 27 897 1
36 37 542 1
37 36 542 1
43 98 522 1
98 43 522 1
91 105 371 1
105 91 371 1
4 48 1379 1
48 4 1379 1
44 47 404 1
47 44 404 1
60 65 898 1
65 60 898 1
101 102 595 1
102 101 595 1
14 36 526 1
36 14 526 1
16 29 882 1
29 16 882 1
17 55 513 1
55 17 513 1
51 53 271 1
53 51 271 1
69 91 1081 1
91 69 1081 1
103 107 239 1
107 103 239 1
40 81 874 1
81 40 874 1
69 101 1234 1
101 69 1234 1
42 49 396 1
49 42 396 1
70 73 402 1
73 70 402 1
0 56 174 1
56 0 174 1
3 9 596 1
9 3 596 1
22 69 897 1
69 22 897 1
21 96 648 1
96 21 648 1
39 86 698 1
86 39 698 1
47 99 231 1
99 47 231 1
52 53 746 1
53 52 746 1
0 16 380 1
16 0 380 1
21 38 458 1
38 21 458 1
37 96 506 1
96 37 506 1
40 47 783 1
47 40 783 1
80 84 162 1
84 80 162 1
95 96 288 1
96 95 288 1
33 75 426 1
75 33 426 1
59 102 1214 1
102 59 1214 1
14 88 613 1
88 14 613 1
37 95 241 1
95 37 241 1
5 95 829 1
95 5 829 1
32 62 548 1
62 32 548 1
65 67 361 1
67 65 361 1
14 60 967 1
60 14 967 1
40 84 485 1
84 40 485 1
81 96 799 1
96 81 799 1
3 100 1385 1
100 3 1385 1
43 96 503 1
96 43 503 1
52 65 959 1
65 52 959 1
56 57 840 1
57 56 840 1
12 61 1246 1
61 12 1246 1
26 67 1128 1
67 26 1128 1
34 93 788 1
93 34 788 1
55 81 401 1
81 55 401 1
87 105 742 1
105 87 742 1
19 74 670 1
74 19 670 1
50 105 813 1
105 50 813 1
58 68 392 1
68 58 392 1
75 77 210 1
77 75 210 1
80 94 538 1
94 80 538 1
0 1 800 1
1 0 800 1
8 12 346 1
12 8 346 1
14 103 1126 1
103 14 1126 1
33 53 922 1
53 33 922 1
99 102 560 1
102 99 560 1
19 73 625 1
73 19 625 1
45 47 345 1
47 45 345 1
93 101 103 1
101 93 103 1
91 92 669 1
92 91 669 1
7 33 515 1
33 7 515 1
31 32 596 1
32 31 596 1
92 100 157 1
100 92 157 1
21 105 742 1
105 21 742 1
26 48 1303 1
48 26 1303 1
38 47 654 1
47 38 654 1
39 84 850 1
84 39 850 1
47 78 767 1
78 47 767 1
47 81 624 1
81 47 624 1
70 77 376 1
77 70 376 1
25 35 978 1
35 25 978 1
33 35 375 1
35 33 375 1
50 89 1065 1
89 50 1065 1
72 83 754 1
83 72 754 1
108 113 292 1
113 108 292 1
8 92 1269 1
92 8 1269 1
12 14 278 1
14 12 278 1
110 113 304 1
113 110 304 1
1 57 172 1
57 1 172 1
2 7 566 1
7 2 566 1
55 86 895 1
86 55 895 1
19 28 732 1
28 19 732 1
31 83 561 1
83 31 561 1
32 74 456 1
74 32 456 1
78 86 556 1
86 78 556 1
2 60 843 1
60 2 843 1
6 63 1114 1
63 6 1114 1
50 91 845 1
91 50 845 1
8 101 1359 1
101 8 1359 1
3 61 814 1
61 3 814 1
29 31 454 1
31 29 454 1
29 74 571 1
74 29 571 1
16 81 1063 1
81 16 1063 1
55 72 755 1
72 55 755 1
86 88 460 1
88 86 460 1
6 33 588 1
33 6 588 1
14 93 1238 1
93 14 1238 1
31 97 872 1
97 31 872 1
12 15 906 1
15 12 906 1
19 111 1024 1
111 19 1024 1
26 96 811 1
96 26 811 1
36 38 122 1
38 36 122 1
37 110 431 1
110 37 431 1
36 81 848 1
81 36 848 1
54 88 224 1
88 54 224 1
5 92 1324 1
92 5 1324 1
16 55 931 1
55 16 931 1
24 35 1010 1
35 24 1010 1
26 84 884 1
84 26 884 1
57 77 533 1
77 57 533 1
69 103 1214 1
103 69 1214 1
0 62 386 1
62 0 386 1
23 24 403 1
24 23 403 1
86 109 700 1
109 86 700 1
1 29 521 1
29 1 521 1
5 105 1032 1
105 5 1032 1
6 9 834 1
9 6 834 1
11 12 972 1
12 11 972 1
26 39 604 1
39 26 604 1
28 62 527 1
62 28 527 1
95 109 146 1
109 95 146 1
5 23 453 1
23 5 453 1
10 52 956 1
52 10 956 1
26 50 1256 1
50 26 1256 1
0 55 1069 1
55 0 1069 1
23 96 1081 1
96 23 1081 1
38 95 382 1
95 38 382 1
45 65 388 1
65 45 388 1
50 87 1314 1
87 50 1314 1
63 100 1236 1
100 63 1236 1
25 45 1358 1
45 25 1358 1
16 19 740 1
19 16 740 1
20 67 918 1
67 20 918 1
0 59 847 1
59 0 847 1
19 101 1295 1
101 19 1295 1
21 24 413 1
24 21 413 1
36 41 570 1
41 36 570 1
42 98 381 1
98 42 381 1
70 75 355 1
75 70 355 1
90 105 516 1
105 90 516 1
26 86 416 1
86 26 416 1
37 77 246 1
77 37 246 1
38 115 384 1
115 38 384 1
94 107 417 1
107 94 417 1
17 46 930 1
46 17 930 1
26 114 936 1
114 26 936 1
31 53 1248 1
53 31 1248 1
35 65 453 1
65 35 453 1
40 54 405 1
54 40 405 1
58 91 1077 1
91 58 1077 1
69 107 1110 1
107 69 1110 1
17 86 1035 1
86 17 1035 1
52 58 705 1
58 52 705 1
52 90 240 1
90 52 240 1
99 111 265 1
111 99 265 1
6 75 726 1
75 6 726 1
7 64 1244 1
64 7 1244 1
10 14 380 1
14 10 380 1
17 76 648 1
76 17 648 1
32 75 514 1
75 32 514 1
45 85 677 1
85 45 677 1
58 103 1188 1
103 58 1188 1
75 76 374 1
76 75 374 1
11 92 1324 1
92 11 1324 1
48 50 202 1
50 48 202 1
32 102 997 1
102 32 997 1
45 110 453 1
110 45 453 1
27 45 1240 1
45 27 1240 1
6 60 799 1
60 6 799 1
16 96 566 1
96 16 566 1
23 69 907 1
69 23 907 1
24 27 252 1
27 24 252 1
36 86 441 1
86 36 441 1
44 98 563 1
98 44 563 1
64 100 818 1
100 64 818 1
67 92 922 1
92 67 922 1
74 76 203 1
76 74 203 1
3 85 893 1
85 3 893 1
38 87 730 1
87 38 730 1
14 68 1034 1
68 14 1034 1
17 59 758 1
59 17 758 1
23 88 1119 1
88 23 1119 1
30 53 1265 1
53 30 1265 1
39 105 458 1
105 39 458 1
58 89 1156 1
89 58 1156 1
102 103 508 1
103 102 508 1
17 41 414 1
41 17 414 1
28 74 188 1
74 28 188 1
4 114 1058 1
114 4 1058 1
0 99 1111 1
99 0 1111 1
4 68 1109 1
68 4 1109 1
26 93 1144 1
93 26 1144 1
39 110 466 1
110 39 466 1
50 64 302 1
64 50 302 1
50 85 1013 1
85 50 1013 1
81 109 623 1
109 81 623 1
1 100 1327 1
100 1 1327 1
8 33 863 1
33 8 863 1
24 50 1395 1
50 24 1395 1
28 75 567 1
75 28 567 1
5 87 460 1
87 5 460 1
13 29 290 1
29 13 290 1
28 99 923 1
99 28 923 1
46 78 577 1
78 46 577 1
80 109 607 1
109 80 607 1
59 62 914 1
62 59 914 1
6 28 413 1
28 6 413 1
10 82 401 1
82 10 401 1
58 100 1047 1
100 58 1047 1
63 72 944 1
72 63 944 1
80 99 917 1
99 80 917 1
2 30 317 1
30 2 317 1
8 64 1208 1
64 8 1208 1
34 92 737 1
92 34 737 1
44 110 439 1
110 44 439 1
3 15 589 1
15 3 589 1
8 91 1373 1
91 8 1373 1
28 47 900 1
47 28 900 1
30 42 1143 1
42 30 1143 1
98 102 260 1
102 98 260 1
13 52 1405 1
52 13 1405 1
37 99 410 1
99 37 410 1
40 109 467 1
109 40 467 1
59 69 338 1
69 59 338 1
109 111 273 1
111 109 273 1
33 72 507 1
72 33 507 1
59 86 1363 1
86 59 1363 1
0 53 1230 1
53 0 1230 1
7 12 856 1
12 7 856 1
7 13 237 1
13 7 237 1
10 13 1004 1
13 10 1004 1
50 93 862 1
93 50 862 1
5 65 1232 1
65 5 1232 1
23 105 1262 1
105 23 1262 1
25 67 1191 1
67 25 1191 1
32 76 341 1
76 32 341 1
61 64 928 1
64 61 928 1
10 11 986 1
11 10 986 1
27 37 597 1
37 27 597 1
8 75 728 1
75 8 728 1
30 75 454 1
75 30 454 1
45 113 652 1
113 45 652 1
67 85 682 1
85 67 682 1
14 27 449 1
27 14 449 1
39 54 618 1
54 39 618 1
95 107 258 1
107 95 258 1
22 64 1169 1
64 22 1169 1
40 86 262 1
86 40 262 1
46 81 867 1
81 46 867 1
49 83 1093 1
83 49 1093 1
0 63 1010 1
63 0 1010 1
5 88 1026 1
88 5 1026 1
24 45 1393 1
45 24 1393 1
107 109 392 1
109 107 392 1
22 70 443 1
70 22 443 1
30 47 1058 1
47 30 1058 1
57 59 382 1
59 57 382 1
58 107 1147 1
107 58 1147 1
59 106 1174 1
106 59 1174 1
96 99 428 1
99 96 428 1
28 76 345 1
76 28 345 1
64 85 1107 1
85 64 1107 1
81 86 1091 1
86 81 1091 1
2 12 394 1
12 2 394 1
15 62 1246 1
62 15 1246 1
56 112 990 1
112 56 990 1
71 79 426 1
79 71 426 1
14 107 941 1
107 14 941 1
16 108 661 1
108 16 661 1
17 83 381 1
83 17 381 1
33 113 927 1
113 33 927 1
40 95 491 1
95 40 491 1
96 97 322 1
97 96 322 1
108 111 286 1
111 108 286 1
11 85 574 1
85 11 574 1
29 62 1067 1
62 29 1067 1
41 94 523 1
94 41 523 1
42 109 434 1
109 42 434 1
48 92 683 1
92 48 683 1
95 110 248 1
110 95 248 1
101 115 407 1
115 101 407 1
22 93 1426 1
93 22 1426 1
26 68 1080 1
68 26 1080 1
31 46 1090 1
46 31 1090 1
39 87 370 1
87 39 370 1
58 90 890 1
90 58 890 1
79 88 1019 1
88 79 1019 1
82 86 143 1
86 82 143 1
87 95 598 1
95 87 598 1
2 24 548 1
24 2 548 1
16 46 699 1
46 16 699 1
27 68 1083 1
68 27 1083 1
40 74 182 1
74 40 182 1
82 84 544 1
84 82 544 1
89 93 471 1
93 89 471 1
104 106 195 1
106 104 195 1
12 18 670 1
18 12 670 1
25 88 998 1
88 25 998 1
27 34 903 1
34 27 903 1
29 83 227 1
83 29 227 1
33 77 332 1
77 33 332 1
5 91 1178 1
91 5 1178 1
29 81 342 1
81 29 342 1
30 46 1051 1
46 30 1051 1
30 76 537 1
76 30 537 1
45 96 643 1
96 45 643 1
64 91 1046 1
91 64 1046 1
111 112 111 1
112 111 111 1
5 107 867 1
107 5 867 1
10 74 381 1
74 10 381 1
29 77 357 1
77 29 357 1
46 53 547 1
53 46 547 1
58 93 1138 1
93 58 1138 1
65 85 476 1
85 65 476 1
80 86 567 1
86 80 567 1
93 114 346 1
114 93 346 1
22 48 1339 1
48 22 1339 1
35 40 644 1
40 35 644 1
72 73 517 1
73 72 517 1
41 55 403 1
55 41 403 1
64 93 1076 1
93 64 1076 1
25 26 225 1
26 25 225 1
29 78 851 1
78 29 851 1
29 109 610 1
109 29 610 1
33 76 380 1
76 33 380 1
38 56 731 1
56 38 731 1
57 66 576 1
66 57 576 1
63 102 1192 1
102 63 1192 1
80 82 469 1
82 80 469 1
27 54 856 1
54 27 856 1
89 92 938 1
92 89 938 1
0 51 1107 1
51 0 1107 1
5 90 1279 1
90 5 1279 1
18 93 1308 1
93 18 1308 1
21 36 510 1
36 21 510 1
37 57 643 1
57 37 643 1
37 109 343 1
109 37 343 1
43 110 298 1
110 43 298 1
3 89 961 1
89 3 961 1
16 63 1092 1
63 16 1092 1
19 115 1045 1
115 19 1045 1
29 30 533 1
30 29 533 1
36 94 246 1
94 36 246 1
48 54 669 1
54 48 669 1
2 90 1252 1
90 2 1252 1
20 84 687 1
84 20 687 1
23 64 1238 1
64 23 1238 1
31 47 1060 1
47 31 1060 1
32 111 773 1
111 32 773 1
40 45 979 1
45 40 979 1
42 108 485 1
108 42 485 1
50 65 837 1
65 50 837 1
70 79 638 1
79 70 638 1
99 108 310 1
108 99 310 1
0 52 934 1
52 0 934 1
23 25 373 1
25 23 373 1
24 26 201 1
26 24 201 1
24 88 947 1
88 24 947 1
9 100 1346 1
100 9 1346 1
10 60 650 1
60 10 650 1
15 89 653 1
89 15 653 1
21 94 569 1
94 21 569 1
45 97 591 1
97 45 591 1
58 69 426 1
69 58 426 1
9 93 1250 1
93 9 1250 1
23 39 847 1
39 23 847 1
87 106 830 1
106 87 830 1
88 105 671 1
105 88 671 1
23 52 1420 1
52 23 1420 1
40 97 584 1
97 40 584 1
76 102 684 1
102 76 684 1
4 5 350 1
5 4 350 1
16 74 335 1
74 16 335 1
17 71 423 1
71 17 423 1
26 34 907 1
34 26 907 1
49 108 699 1
108 49 699 1
69 89 1015 1
89 69 1015 1
80 108 630 1
108 80 630 1
6 29 840 1
29 6 840 1
19 59 618 1
59 19 618 1
39 104 557 1
104 39 557 1
48 88 830 1
88 48 830 1
57 68 520 1
68 57 520 1
91 102 669 1
102 91 669 1
105 107 233 1
107 105 233 1
5 20 424 1
20 5 424 1
14 84 681 1
84 14 681 1
17 78 955 1
78 17 955 1
20 24 393 1
24 20 393 1
60 89 1195 1
89 60 1195 1
19 102 1271 1
102 19 1271 1
31 78 755 1
78 31 755 1
46 108 360 1
108 46 360 1
57 103 1078 1
103 57 1078 1
83 97 654 1
97 83 654 1
7 100 1408 1
100 7 1408 1
9 12 856 1
12 9 856 1
16 76 379 1
76 16 379 1
25 38 749 1
38 25 749 1
66 68 378 1
68 66 378 1
94 104 298 1
104 94 298 1
99 110 299 1
110 99 299 1
106 107 486 1
107 106 486 1
5 9 157 1
9 5 157 1
16 32 504 1
32 16 504 1
16 109 631 1
109 16 631 1
21 87 397 1
87 21 397 1
23 92 1466 1
92 23 1466 1
29 47 768 1
47 29 768 1
33 112 908 1
112 33 908 1
36 114 494 1
114 36 494 1
50 92 549 1
92 50 549 1
56 99 1051 1
99 56 1051 1
80 98 568 1
98 80 568 1
84 109 579 1
109 84 579 1
91 100 719 1
100 91 719 1
12 65 1303 1
65 12 1303 1
28 33 585 1
33 28 585 1
36 40 213 1
40 36 213 1
46 96 270 1
96 46 270 1
5 51 1334 1
51 5 1334 1
5 89 870 1
89 5 870 1
23 85 1053 1
85 23 1053 1
47 108 359 1
108 47 359 1
104 107 401 1
107 104 401 1
6 13 864 1
13 6 864 1
20 34 683 1
34 20 683 1
24 87 679 1
87 24 679 1
58 106 1039 1
106 58 1039 1
73 101 851 1
101 73 851 1
3 23 271 1
23 3 271 1
7 67 937 1
67 7 937 1
10 111 999 1
111 10 999 1
17 77 417 1
77 17 417 1
18 103 1302 1
103 18 1302 1
55 109 337 1
109 55 337 1
56 98 821 1
98 56 821 1
95 113 351 1
113 95 351 1
16 102 798 1
102 16 798 1
39 40 508 1
40 39 508 1
49 112 609 1
112 49 609 1
0 10 381 1
10 0 381 1
0 28 492 1
28 0 492 1
17 73 298 1
73 17 298 1
18 100 1277 1
100 18 1277 1
33 49 744 1
49 33 744 1
38 78 371 1
78 38 371 1
47 72 816 1
72 47 816 1
89 105 535 1
105 89 535 1
0 74 551 1
74 0 551 1
5 69 1149 1
69 5 1149 1
6 30 365 1
30 6 365 1
7 15 461 1
15 7 461 1
10 28 213 1
28 10 213 1
20 105 754 1
105 20 754 1
33 63 547 1
63 33 547 1
55 84 914 1
84 55 914 1
102 104 159 1
104 102 159 1
20 95 541 1
95 20 541 1
55 99 216 1
99 55 216 1
68 101 1309 1
101 68 1309 1
16 98 666 1
98 16 666 1
41 81 452 1
81 41 452 1
45 114 688 1
114 45 688 1
57 92 1242 1
92 57 1242 1
60 62 241 1
62 60 241 1
17 98 995 1
98 17 995 1
14 58 1155 1
58 14 1155 1
20 86 362 1
86 20 362 1
76 99 626 1
99 76 626 1
78 109 527 1
109 78 527 1
90 107 713 1
107 90 713 1
9 64 1448 1
64 9 1448 1
17 19 648 1
19 17 648 1
26 36 616 1
36 26 616 1
34 65 549 1
65 34 549 1
51 89 661 1
89 51 661 1
83 110 826 1
110 83 826 1
0 32 356 1
32 0 356 1
27 89 807 1
89 27 807 1
57 73 601 1
73 57 601 1
62 80 268 1
80 62 268 1
88 92 521 1
92 88 521 1
95 104 381 1
104 95 381 1
36 88 289 1
88 36 289 1
39 94 407 1
94 39 407 1
55 62 1031 1
62 55 1031 1
83 108 716 1
108 83 716 1
91 107 371 1
107 91 371 1
20 97 635 1
97 20 635 1
31 71 265 1
71 31 265 1
38 108 316 1
108 38 316 1
47 83 886 1
83 47 886 1
69 92 1197 1
92 69 1197 1
72 79 733 1
79 72 733 1
29 108 631 1
108 29 631 1
35 113 606 1
113 35 606 1
60 101 1230 1
101 60 1230 1
60 103 1182 1
103 60 1182 1
39 82 719 1
82 39 719 1
9 60 1369 1
60 9 1369 1
9 90 1391 1
90 9 1391 1
22 82 706 1
82 22 706 1
25 47 1189 1
47 25 1189 1
35 48 491 1
48 35 491 1
49 53 406 1
53 49 406 1
9 33 834 1
33 9 834 1
10 19 724 1
19 10 724 1
16 86 543 1
86 16 543 1
29 53 887 1
53 29 887 1
30 111 1066 1
111 30 1066 1
36 73 600 1
73 36 600 1
47 49 380 1
49 47 380 1
11 29 239 1
29 11 239 1
18 76 581 1
76 18 581 1
21 34 706 1
34 21 706 1
26 89 900 1
89 26 900 1
28 109 610 1
109 28 610 1
32 83 847 1
83 32 847 1
52 111 398 1
111 52 398 1
23 65 1169 1
65 23 1169 1
24 110 1066 1
110 24 1066 1
50 58 486 1
58 50 486 1
1 80 1054 1
80 1 1054 1
16 115 757 1
115 16 757 1
18 56 478 1
56 18 478 1
20 88 611 1
88 20 611 1
66 103 1026 1
103 66 1026 1
6 49 1274 1
49 6 1274 1
38 81 841 1
81 38 841 1
64 89 1175 1
89 64 1175 1
1 66 683 1
66 1 683 1
4 58 1292 1
58 4 1292 1
14 37 824 1
37 14 824 1
19 69 323 1
69 19 323 1
20 36 396 1
36 20 396 1
28 112 911 1
112 28 911 1
55 96 492 1
96 55 492 1
57 93 1026 1
93 57 1026 1
63 90 1184 1
90 63 1184 1
89 91 402 1
91 89 402 1
15 51 1162 1
51 15 1162 1
42 55 629 1
55 42 629 1
42 113 437 1
113 42 437 1
53 55 448 1
55 53 448 1
69 87 1163 1
87 69 1163 1
76 109 320 1
109 76 320 1
76 111 559 1
111 76 559 1
91 104 542 1
104 91 542 1
18 90 1192 1
90 18 1192 1
52 54 402 1
54 52 402 1
60 107 1124 1
107 60 1124 1
90 104 351 1
104 90 351 1
76 79 567 1
79 76 567 1
93 107 357 1
107 93 357 1
9 52 1482 1
52 9 1482 1
12 75 743 1
75 12 743 1
30 110 901 1
110 30 901 1
68 93 1248 1
93 68 1248 1
83 98 1029 1
98 83 1029 1
0 86 874 1
86 0 874 1
4 105 1055 1
105 4 1055 1
24 33 797 1
33 24 797 1
34 114 610 1
114 34 610 1
39 115 411 1
115 39 411 1
53 100 830 1
100 53 830 1
56 76 519 1
76 56 519 1
58 82 1100 1
82 58 1100 1
67 87 1092 1
87 67 1092 1
93 103 173 1
103 93 173 1
18 70 528 1
70 18 528 1
27 95 702 1
95 27 702 1
35 114 586 1
114 35 586 1
40 98 586 1
98 40 586 1
49 55 664 1
55 49 664 1
1 58 829 1
58 1 829 1
10 22 580 1
22 10 580 1
12 85 1239 1
85 12 1239 1
15 54 1028 1
54 15 1028 1
16 112 888 1
112 16 888 1
21 78 664 1
78 21 664 1
21 80 756 1
80 21 756 1
21 104 765 1
104 21 765 1
25 87 575 1
87 25 575 1
32 46 706 1
46 32 706 1
36 54 228 1
54 36 228 1
36 80 330 1
80 36 330 1
41 80 868 1
80 41 868 1
54 55 651 1
55 54 651 1
54 89 853 1
89 54 853 1
88 96 385 1
96 88 385 1
99 112 272 1
112 99 272 1
100 101 656 1
101 100 656 1
21 86 520 1
86 21 520 1
36 82 401 1
82 36 401 1
30 43 1104 1
43 30 1104 1
66 69 349 1
69 66 349 1
70 93 1035 1
93 70 1035 1
0 19 488 1
19 0 488 1
5 57 1018 1
57 5 1018 1
32 49 731 1
49 32 731 1
32 100 1015 1
100 32 1015 1
38 99 625 1
99 38 625 1
43 67 388 1
67 43 388 1
70 74 155 1
74 70 155 1
77 115 503 1
115 77 503 1
3 60 1005 1
60 3 1005 1
17 109 666 1
109 17 666 1
23 51 1340 1
51 23 1340 1
25 42 1319 1
42 25 1319 1
39 98 655 1
98 39 655 1
47 86 1016 1
86 47 1016 1
67 93 875 1
93 67 875 1
102 111 440 1
111 102 440 1
4 67 1210 1
67 4 1210 1
21 84 830 1
84 21 830 1
34 42 401 1
42 34 401 1
59 80 1038 1
80 59 1038 1
94 106 271 1
106 94 271 1
113 114 95 1
114 113 95 1
1 41 715 1
41 1 715 1
1 68 549 1
68 1 549 1
1 77 531 1
77 1 531 1
5 45 1343 1
45 5 1343 1
6 72 449 1
72 6 449 1
8 32 867 1
32 8 867 1
9 13 376 1
13 9 376 1
9 34 1087 1
34 9 1087 1
13 72 796 1
72 13 796 1
22 91 1377 1
91 22 1377 1
31 110 923 1
110 31 923 1
47 80 841 1
80 47 841 1
55 79 394 1
79 55 394 1
8 60 1121 1
60 8 1121 1
20 110 682 1
110 20 682 1
22 25 402 1
25 22 402 1
36 78 263 1
78 36 263 1
46 80 618 1
80 46 618 1
49 51 172 1
51 49 172 1
62 101 1225 1
101 62 1225 1
68 87 1214 1
87 68 1214 1
71 78 647 1
78 71 647 1
75 114 683 1
114 75 683 1
23 93 1407 1
93 23 1407 1
26 110 904 1
110 26 904 1
32 73 550 1
73 32 550 1
37 88 804 1
88 37 804 1
41 86 672 1
86 41 672 1
74 82 336 1
82 74 336 1
88 90 414 1
90 88 414 1
19 103 1259 1
103 19 1259 1
28 43 949 1
43 28 949 1
57 114 1007 1
114 57 1007 1
60 92 903 1
92 60 903 1
74 79 666 1
79 74 666 1
103 114 282 1
114 103 282 1
3 51 1145 1
51 3 1145 1
5 103 1104 1
103 5 1104 1
13 62 1248 1
62 13 1248 1
67 106 941 1
106 67 941 1
69 88 1077 1
88 69 1077 1
72 99 831 1
99 72 831 1
81 99 581 1
99 81 581 1
25 65 1263 1
65 25 1263 1
34 37 540 1
37 34 540 1
35 54 571 1
54 35 571 1
40 72 200 1
72 40 200 1
56 79 965 1
79 56 965 1
57 90 1197 1
90 57 1197 1
69 70 750 1
70 69 750 1
74 80 415 1
80 74 415 1
0 72 516 1
72 0 516 1
1 76 689 1
76 1 689 1
6 62 702 1
62 6 702 1
9 113 1235 1
113 9 1235 1
16 42 811 1
42 16 811 1
22 89 1126 1
89 22 1126 1
42 83 1110 1
83 42 1110 1
46 63 897 1
63 46 897 1
60 100 938 1
100 60 938 1
81 83 446 1
83 81 446 1
90 103 653 1
103 90 653 1
8 24 258 1
24 8 258 1
21 31 344 1
31 21 344 1
32 112 880 1
112 32 880 1
38 42 697 1
42 38 697 1
40 99 752 1
99 40 752 1
4 18 866 1
18 4 866 1
22 105 1261 1
105 22 1261 1
40 46 685 1
46 40 685 1
44 114 674 1
114 44 674 1
5 101 1174 1
101 5 1174 1
18 22 537 1
22 18 537 1
19 68 313 1
68 19 313 1
21 41 236 1
41 21 236 1
22 85 1113 1
85 22 1113 1
26 57 1052 1
57 26 1052 1
27 103 986 1
103 27 986 1
28 63 1049 1
63 28 1049 1
36 48 746 1
48 36 746 1
46 83 1042 1
83 46 1042 1
56 108 829 1
108 56 829 1
60 91 1127 1
91 60 1127 1
72 115 649 1
115 72 649 1
80 111 747 1
111 80 747 1
82 97 814 1
97 82 814 1
86 98 757 1
98 86 757 1
87 104 852 1
104 87 852 1
2 100 1297 1
100 2 1297 1
17 79 135 1
79 17 135 1
19 91 1171 1
91 19 1171 1
20 78 525 1
78 20 525 1
20 114 742 1
114 20 742 1
31 42 1171 1
42 31 1171 1
34 43 397 1
43 34 397 1
53 63 685 1
63 53 685 1
56 103 1239 1
103 56 1239 1
72 111 772 1
111 72 772 1
87 98 1003 1
98 87 1003 1
95 97 97 1
97 95 97 1
3 58 1025 1
58 3 1025 1
18 64 805 1
64 18 805 1
39 78 740 1
78 39 740 1
40 80 433 1
80 40 433 1
48 87 1307 1
87 48 1307 1
14 48 1233 1
48 14 1233 1
24 67 1223 1
67 24 1223 1
46 110 220 1
110 46 220 1
63 66 706 1
66 63 706 1
81 97 523 1
97 81 523 1
0 98 918 1
98 0 918 1
3 69 687 1
69 3 687 1
14 18 837 1
18 14 837 1
29 99 709 1
99 29 709 1
48 52 415 1
52 48 415 1
52 61 1057 1
61 52 1057 1
67 88 939 1
88 67 939 1
86 106 508 1
106 86 508 1
4 36 686 1
36 4 686 1
18 69 392 1
69 18 392 1
22 51 1360 1
51 22 1360 1
40 79 762 1
79 40 762 1
51 58 753 1
58 51 753 1
69 90 1119 1
90 69 1119 1
78 110 569 1
110 78 569 1
80 96 505 1
96 80 505 1
7 97 943 1
97 7 943 1
40 55 690 1
55 40 690 1
54 114 381 1
114 54 381 1
24 48 1432 1
48 24 1432 1
27 86 519 1
86 27 519 1
29 49 928 1
49 29 928 1
2 91 1366 1
91 2 1366 1
5 22 506 1
22 5 506 1
32 43 699 1
43 32 699 1
40 108 451 1
108 40 451 1
44 54 668 1
54 44 668 1
110 114 289 1
114 110 289 1
6 100 1229 1
100 6 1229 1
12 62 664 1
62 12 664 1
14 23 650 1
23 14 650 1
23 91 1352 1
91 23 1352 1
32 113 906 1
113 32 906 1
35 110 305 1
110 35 305 1
36 57 914 1
57 36 914 1
57 100 1273 1
100 57 1273 1
93 106 650 1
106 93 650 1
5 21 332 1
21 5 332 1
8 30 385 1
30 8 385 1
10 107 1065 1
107 10 1065 1
20 48 1072 1
48 20 1072 1
36 74 242 1
74 36 242 1
89 100 936 1
100 89 936 1
1 101 1148 1
101 1 1148 1
3 93 1309 1
93 3 1309 1
17 99 704 1
99 17 704 1
46 109 326 1
109 46 326 1
61 89 738 1
89 61 738 1
61 103 1017 1
103 61 1017 1
95 105 309 1
105 95 309 1
2 75 673 1
75 2 673 1
4 66 1205 1
66 4 1205 1
4 101 1261 1
101 4 1261 1
14 91 1235 1
91 14 1235 1
23 48 1375 1
48 23 1375 1
28 82 255 1
82 28 255 1
56 87 1244 1
87 56 1244 1
58 63 892 1
63 58 892 1
91 114 389 1
114 91 389 1
18 50 1005 1
50 18 1005 1
22 92 1425 1
92 22 1425 1
57 102 1241 1
102 57 1241 1
67 105 903 1
105 67 903 1
68 106 1131 1
106 68 1131 1
70 91 1000 1
91 70 1000 1
72 77 430 1
77 72 430 1
77 111 559 1
111 77 559 1
16 99 951 1
99 16 951 1
23 107 1121 1
107 23 1121 1
46 62 638 1
62 46 638 1
48 69 703 1
69 48 703 1
55 63 600 1
63 55 600 1
2 9 760 1
9 2 760 1
9 106 1074 1
106 9 1074 1
21 67 905 1
67 21 905 1
22 34 922 1
34 22 922 1
38 88 311 1
88 38 311 1
39 81 431 1
81 39 431 1
47 76 575 1
76 47 575 1
48 89 1015 1
89 48 1015 1
69 84 944 1
84 69 944 1
94 109 127 1
109 94 127 1
4 57 1140 1
57 4 1140 1
11 63 488 1
63 11 488 1
17 111 850 1
111 17 850 1
32 77 383 1
77 32 383 1
39 99 432 1
99 39 432 1
45 48 304 1
48 45 304 1
54 78 385 1
78 54 385 1
66 102 974 1
102 66 974 1
73 79 296 1
79 73 296 1
1 108 882 1
108 1 882 1
10 23 699 1
23 10 699 1
12 28 275 1
28 12 275 1
14 59 1320 1
59 14 1320 1
17 108 703 1
108 17 703 1
21 97 595 1
97 21 595 1
22 30 218 1
30 22 218 1
24 64 1287 1
64 24 1287 1
24 96 985 1
96 24 985 1
26 106 767 1
106 26 767 1
28 40 248 1
40 28 248 1
35 67 262 1
67 35 262 1
36 112 594 1
112 36 594 1
40 56 722 1
56 40 722 1
50 69 818 1
69 50 818 1
57 88 1185 1
88 57 1185 1
59 101 1108 1
101 59 1108 1
68 86 1151 1
86 68 1151 1
80 97 779 1
97 80 779 1
94 114 259 1
114 94 259 1
96 104 297 1
104 96 297 1
1 73 531 1
73 1 531 1
15 63 805 1
63 15 805 1
26 45 1266 1
45 26 1266 1
40 44 926 1
44 40 926 1
45 49 111 1
49 45 111 1
59 100 1223 1
100 59 1223 1
81 111 760 1
111 81 760 1
94 105 354 1
105 94 354 1
8 61 1371 1
61 8 1371 1
21 81 634 1
81 21 634 1
26 95 736 1
95 26 736 1
31 75 419 1
75 31 419 1
37 84 862 1
84 37 862 1
74 112 785 1
112 74 785 1
97 104 399 1
104 97 399 1
0 29 925 1
29 0 925 1
8 18 880 1
18 8 880 1
27 48 1308 1
48 27 1308 1
29 102 1018 1
102 29 1018 1
42 99 482 1
99 42 482 1
48 65 674 1
65 48 674 1
70 81 769 1
81 70 769 1
82 87 849 1
87 82 849 1
86 108 664 1
108 86 664 1
6 31 464 1
31 6 464 1
7 45 1151 1
45 7 1151 1
18 82 891 1
82 18 891 1
25 30 292 1
30 25 292 1
41 77 345 1
77 41 345 1
47 84 791 1
84 47 791 1
67 68 440 1
68 67 440 1
69 86 1203 1
86 69 1203 1
75 83 351 1
83 75 351 1
1 72 829 1
72 1 829 1
2 18 379 1
18 2 379 1
13 104 1167 1
104 13 1167 1
27 110 890 1
110 27 890 1
66 107 978 1
107 66 978 1
16 97 797 1
97 16 797 1
19 63 644 1
63 19 644 1
26 103 1030 1
103 26 1030 1
47 79 596 1
79 47 596 1
61 92 1185 1
92 61 1185 1
4 21 414 1
21 4 414 1
10 58 862 1
58 10 862 1
16 75 702 1
75 16 702 1
29 112 910 1
112 29 910 1
31 96 900 1
96 31 900 1
81 94 732 1
94 81 732 1
81 98 940 1
98 81 940 1
108 110 194 1
110 108 194 1
26 35 893 1
35 26 893 1
37 87 433 1
87 37 433 1
37 98 666 1
98 37 666 1
40 41 506 1
41 40 506 1
54 94 226 1
94 54 226 1
16 77 611 1
77 16 611 1
21 37 403 1
37 21 403 1
29 75 189 1
75 29 189 1
33 61 545 1
61 33 545 1
59 108 883 1
108 59 883 1
68 91 1170 1
91 68 1170 1
6 115 1087 1
115 6 1087 1
10 15 968 1
15 10 968 1
10 51 1261 1
51 10 1261 1
12 64 932 1
64 12 932 1
14 50 1150 1
50 14 1150 1
24 70 465 1
70 24 465 1
36 79 738 1
79 36 738 1
47 102 619 1
102 47 619 1
79 96 717 1
96 79 717 1
83 94 771 1
94 83 771 1
2 53 1390 1
53 2 1390 1
2 93 1417 1
93 2 1417 1
10 78 335 1
78 10 335 1
14 66 1094 1
66 14 1094 1
16 47 880 1
47 16 880 1
20 87 562 1
87 20 562 1
28 86 383 1
86 28 383 1
38 114 469 1
114 38 469 1
41 79 379 1
79 41 379 1
55 111 434 1
111 55 434 1
16 78 122 1
78 16 122 1
22 54 1063 1
54 22 1063 1
45 98 655 1
98 45 655 1
49 114 742 1
114 49 742 1
51 93 605 1
93 51 605 1
59 89 931 1
89 59 931 1
68 104 1183 1
104 68 1183 1
74 115 586 1
115 74 586 1
8 102 1117 1
102 8 1117 1
10 40 460 1
40 10 460 1
20 54 606 1
54 20 606 1
60 93 1168 1
93 60 1168 1
68 82 1040 1
82 68 1040 1
95 99 272 1
99 95 272 1
114 115 96 1
115 114 96 1
2 31 377 1
31 2 377 1
2 32 513 1
32 2 513 1
9 35 1031 1
35 9 1031 1
10 109 786 1
109 10 786 1
28 42 898 1
42 28 898 1
37 114 513 1
114 37 513 1
38 97 469 1
97 38 469 1
44 67 332 1
67 44 332 1
53 58 934 1
58 53 934 1
53 72 1064 1
72 53 1064 1
58 101 1214 1
101 58 1214 1
61 62 1047 1
62 61 1047 1
61 85 529 1
85 61 529 1
63 80 1146 1
80 63 1146 1
1 90 1264 1
90 1 1264 1
12 93 1368 1
93 12 1368 1
27 93 1095 1
93 27 1095 1
29 73 113 1
73 29 113 1
43 72 870 1
72 43 870 1
70 88 635 1
88 70 635 1
6 53 1419 1
53 6 1419 1
31 40 592 1
40 31 592 1
34 50 475 1
50 34 475 1
36 56 615 1
56 36 615 1
41 57 760 1
57 41 760 1
58 105 1107 1
105 58 1107 1
71 75 163 1
75 71 163 1
72 109 524 1
109 72 524 1
7 29 417 1
29 7 417 1
9 15 219 1
15 9 219 1
16 39 805 1
39 16 805 1
20 66 927 1
66 20 927 1
29 43 829 1
43 29 829 1
48 70 972 1
70 48 972 1
53 90 787 1
90 53 787 1
58 61 717 1
61 58 717 1
65 93 802 1
93 65 802 1
0 17 982 1
17 0 982 1
0 103 1292 1
103 0 1292 1
4 73 633 1
73 4 633 1
5 70 530 1
70 5 530 1
35 112 561 1
112 35 561 1
37 86 777 1
86 37 777 1
46 112 262 1
112 46 262 1
51 108 676 1
108 51 676 1
54 68 945 1
68 54 945 1
