116 2668
45 49 111 1
49 45 111 1
30 31 127 1
31 30 127 1
90 91 735 1
91 90 735 1
92 93 608 1
93 92 608 1
28 29 741 1
29 28 741 1
95 97 97 1
97 95 97 1
29 72 629 1
72 29 629 1
78 80 116 1
80 78 116 1
91 93 118 1
93 91 118 1
28 72 116 1
72 28 116 1
32 33 149 1
33 32 149 1
1 57 172 1
57 1 172 1
90 92 135 1
92 90 135 1
68 69 164 1
69 68 164 1
82 84 544 1
84 82 544 1
90 93 690 1
93 90 690 1
34 35 126 1
35 34 126 1
38 39 465 1
39 38 465 1
76 77 238 1
77 76 238 1
73 75 84 1
75 73 84 1
70 71 263 1
71 70 263 1
72 73 517 1
73 72 517 1
50 51 698 1
51 50 698 1
8 15 741 1
15 8 741 1
113 114 95 1
114 113 95 1
29 73 113 1
73 29 113 1
48 50 202 1
50 48 202 1
42 43 239 1
43 42 239 1
66 67 177 1
67 66 177 1
20 41 386 1
41 20 386 1
54 55 651 1
55 54 651 1
44 45 194 1
45 44 194 1
0 56 174 1
56 0 174 1
26 27 135 1
27 26 135 1
47 110 210 1
110 47 210 1
46 47 309 1
47 46 309 1
94 97 266 1
97 94 266 1
102 104 159 1
104 102 159 1
86 87 805 1
87 86 805 1
91 92 669 1
92 91 669 1
96 97 322 1
97 96 322 1
100 102 87 1
102 100 87 1
18 19 147 1
19 18 147 1
98 99 479 1
99 98 479 1
11 13 168 1
13 11 168 1
93 100 653 1
100 93 653 1
45 48 304 1
48 45 304 1
94 95 213 1
95 94 213 1
82 87 849 1
87 82 849 1
80 81 1113 1
81 80 1113 1
22 23 140 1
23 22 140 1
88 89 1035 1
89 88 1035 1
10 12 181 1
12 10 181 1
44 48 114 1
48 44 114 1
93 101 103 1
101 93 103 1
101 102 595 1
102 101 595 1
84 85 1130 1
85 84 1130 1
55 97 173 1
97 55 173 1
114 115 96 1
115 114 96 1
56 57 840 1
57 56 840 1
92 100 157 1
100 92 157 1
5 26 263 1
26 5 263 1
104 105 204 1
105 104 204 1
5 27 165 1
27 5 165 1
20 40 225 1
40 20 225 1
5 25 129 1
25 5 129 1
46 49 541 1
49 46 541 1
48 49 410 1
49 48 410 1
98 111 265 1
111 98 265 1
94 96 89 1
96 94 89 1
4 8 148 1
8 4 148 1
40 41 506 1
41 40 506 1
95 96 288 1
96 95 288 1
103 104 369 1
104 103 369 1
4 26 161 1
26 4 161 1
102 103 508 1
103 102 508 1
54 96 167 1
96 54 167 1
73 74 458 1
74 73 458 1
98 112 277 1
112 98 277 1
96 109 176 1
109 96 176 1
5 15 278 1
15 5 278 1
36 37 542 1
37 36 542 1
44 49 304 1
49 44 304 1
9 15 219 1
15 9 219 1
60 63 1021 1
63 60 1021 1
84 86 610 1
86 84 610 1
4 9 500 1
9 4 500 1
71 77 297 1
77 71 297 1
23 25 373 1
25 23 373 1
72 74 76 1
74 72 76 1
55 96 492 1
96 55 492 1
72 80 384 1
80 72 384 1
52 53 746 1
53 52 746 1
25 79 804 1
79 25 804 1
86 89 1016 1
89 86 1016 1
17 28 894 1
28 17 894 1
4 90 1167 1
90 4 1167 1
4 15 597 1
15 4 597 1
104 113 229 1
113 104 229 1
25 27 193 1
27 25 193 1
40 82 231 1
82 40 231 1
42 51 463 1
51 42 463 1
78 81 1002 1
81 78 1002 1
97 109 174 1
109 97 174 1
42 53 475 1
53 42 475 1
72 81 860 1
81 72 860 1
58 59 496 1
59 58 496 1
82 85 1121 1
85 82 1121 1
19 68 313 1
68 19 313 1
100 101 656 1
101 100 656 1
54 97 484 1
97 54 484 1
33 63 547 1
63 33 547 1
82 86 143 1
86 82 143 1
95 108 123 1
108 95 123 1
26 41 487 1
41 26 487 1
39 78 740 1
78 39 740 1
29 81 342 1
81 29 342 1
69 91 1081 1
91 69 1081 1
106 113 395 1
113 106 395 1
45 46 448 1
46 45 448 1
96 110 214 1
110 96 214 1
48 51 548 1
51 48 548 1
16 28 220 1
28 16 220 1
41 75 187 1
75 41 187 1
50 53 744 1
53 50 744 1
23 27 506 1
27 23 506 1
60 65 898 1
65 60 898 1
99 112 272 1
112 99 272 1
49 51 172 1
51 49 172 1
54 95 438 1
95 54 438 1
65 67 361 1
67 65 361 1
72 75 453 1
75 72 453 1
0 57 825 1
57 0 825 1
54 88 224 1
88 54 224 1
42 50 271 1
50 42 271 1
56 58 427 1
58 56 427 1
64 84 478 1
84 64 478 1
28 62 527 1
62 28 527 1
10 13 1004 1
13 10 1004 1
55 95 221 1
95 55 221 1
16 81 1063 1
81 16 1063 1
28 73 629 1
73 28 629 1
90 111 396 1
111 90 396 1
93 102 600 1
102 93 600 1
0 58 565 1
58 0 565 1
36 38 122 1
38 36 122 1
112 113 116 1
113 112 116 1
44 80 785 1
80 44 785 1
28 81 975 1
81 28 975 1
20 37 510 1
37 20 510 1
24 25 135 1
25 24 135 1
52 54 402 1
54 52 402 1
94 111 316 1
111 94 316 1
101 103 106 1
103 101 106 1
16 17 998 1
17 16 998 1
25 33 765 1
33 25 765 1
56 61 920 1
61 56 920 1
4 91 1276 1
91 4 1276 1
2 66 917 1
66 2 917 1
7 59 970 1
59 7 970 1
29 80 961 1
80 29 961 1
14 26 321 1
26 14 321 1
22 27 524 1
27 22 524 1
54 94 226 1
94 54 226 1
48 80 763 1
80 48 763 1
86 88 460 1
88 86 460 1
8 9 638 1
9 8 638 1
14 83 858 1
83 14 858 1
37 41 217 1
41 37 217 1
93 103 173 1
103 93 173 1
97 108 170 1
108 97 170 1
97 110 221 1
110 97 221 1
46 53 547 1
53 46 547 1
48 53 654 1
53 48 654 1
99 111 265 1
111 99 265 1
49 50 585 1
50 49 585 1
10 56 466 1
56 10 466 1
17 29 223 1
29 17 223 1
14 84 681 1
84 14 681 1
74 75 389 1
75 74 389 1
8 92 1269 1
92 8 1269 1
0 1 800 1
1 0 800 1
0 59 847 1
59 0 847 1
15 26 469 1
26 15 469 1
36 40 213 1
40 36 213 1
102 105 355 1
105 102 355 1
91 107 371 1
107 91 371 1
1 56 851 1
56 1 851 1
106 114 322 1
114 106 322 1
23 86 866 1
86 23 866 1
103 107 239 1
107 103 239 1
5 24 252 1
24 5 252 1
20 36 396 1
36 20 396 1
44 50 287 1
50 44 287 1
69 90 1119 1
90 69 1119 1
31 33 517 1
33 31 517 1
74 76 203 1
76 74 203 1
23 84 1113 1
84 23 1113 1
2 6 165 1
6 2 165 1
14 15 772 1
15 14 772 1
23 65 1169 1
65 23 1169 1
71 92 1069 1
92 71 1069 1
63 65 312 1
65 63 312 1
95 109 146 1
109 95 146 1
5 23 453 1
23 5 453 1
29 31 454 1
31 29 454 1
3 23 271 1
23 3 271 1
45 80 912 1
80 45 912 1
75 83 351 1
83 75 351 1
14 82 179 1
82 14 179 1
42 48 243 1
48 42 243 1
96 111 286 1
111 96 286 1
100 105 430 1
105 100 430 1
8 14 205 1
14 8 205 1
2 7 566 1
7 2 566 1
31 72 482 1
72 31 482 1
60 61 893 1
61 60 893 1
55 109 337 1
109 55 337 1
71 90 1013 1
90 71 1013 1
71 93 964 1
93 71 964 1
85 87 616 1
87 85 616 1
31 73 397 1
73 31 397 1
11 12 972 1
12 11 972 1
42 111 258 1
111 42 258 1
72 78 300 1
78 72 300 1
36 39 517 1
39 36 517 1
39 114 488 1
114 39 488 1
70 77 376 1
77 70 376 1
23 85 1053 1
85 23 1053 1
9 90 1391 1
90 9 1391 1
102 113 317 1
113 102 317 1
104 114 171 1
114 104 171 1
41 82 687 1
82 41 687 1
8 69 1192 1
69 8 1192 1
12 13 959 1
13 12 959 1
91 98 616 1
98 91 616 1
94 108 97 1
108 94 97 1
10 11 986 1
11 10 986 1
53 54 818 1
54 53 818 1
93 105 305 1
105 93 305 1
90 100 182 1
100 90 182 1
92 102 211 1
102 92 211 1
9 24 385 1
24 9 385 1
45 78 840 1
78 45 840 1
1 61 385 1
61 1 385 1
5 67 1194 1
67 5 1194 1
68 91 1170 1
91 68 1170 1
83 85 549 1
85 83 549 1
92 101 634 1
101 92 634 1
5 66 1239 1
66 5 1239 1
16 72 287 1
72 16 287 1
19 69 323 1
69 19 323 1
91 111 390 1
111 91 390 1
93 110 487 1
110 93 487 1
8 90 1188 1
90 8 1188 1
36 110 412 1
110 36 412 1
100 103 576 1
103 100 576 1
0 19 488 1
19 0 488 1
40 57 982 1
57 40 982 1
42 108 485 1
108 42 485 1
0 68 414 1
68 0 414 1
45 50 474 1
50 45 474 1
44 46 353 1
46 44 353 1
100 104 240 1
104 100 240 1
23 64 1238 1
64 23 1238 1
49 80 1008 1
80 49 1008 1
96 108 167 1
108 96 167 1
110 111 172 1
111 110 172 1
11 61 675 1
61 11 675 1
30 34 790 1
34 30 790 1
20 82 329 1
82 20 329 1
47 90 580 1
90 47 580 1
97 111 292 1
111 97 292 1
16 80 152 1
80 16 152 1
20 75 348 1
75 20 348 1
27 66 1140 1
66 27 1140 1
43 48 391 1
48 43 391 1
18 86 1008 1
86 18 1008 1
84 87 1148 1
87 84 1148 1
95 110 248 1
110 95 248 1
25 67 1191 1
67 25 1191 1
37 40 562 1
40 37 562 1
87 89 476 1
89 87 476 1
55 94 428 1
94 55 428 1
90 105 516 1
105 90 516 1
23 67 1077 1
67 23 1077 1
47 53 268 1
53 47 268 1
28 31 545 1
31 28 545 1
36 47 622 1
47 36 622 1
45 63 653 1
63 45 653 1
50 80 641 1
80 50 641 1
41 83 252 1
83 41 252 1
33 35 375 1
35 33 375 1
35 77 284 1
77 35 284 1
5 9 157 1
9 5 157 1
77 111 559 1
111 77 559 1
29 75 189 1
75 29 189 1
58 66 198 1
66 58 198 1
70 73 402 1
73 70 402 1
102 106 217 1
106 102 217 1
109 113 333 1
113 109 333 1
41 57 760 1
57 41 760 1
91 103 258 1
103 91 258 1
31 35 790 1
35 31 790 1
35 44 409 1
44 35 409 1
93 111 397 1
111 93 397 1
35 76 333 1
76 35 333 1
36 41 570 1
41 36 570 1
55 86 895 1
86 55 895 1
69 92 1197 1
92 69 1197 1
90 98 163 1
98 90 163 1
96 113 315 1
113 96 315 1
65 114 861 1
114 65 861 1
4 92 1237 1
92 4 1237 1
32 63 656 1
63 32 656 1
37 99 410 1
99 37 410 1
70 75 355 1
75 70 355 1
82 88 444 1
88 82 444 1
113 115 188 1
115 113 188 1
39 115 411 1
115 39 411 1
17 72 781 1
72 17 781 1
18 68 315 1
68 18 315 1
31 34 815 1
34 31 815 1
91 110 456 1
110 91 456 1
9 42 1383 1
42 9 1383 1
34 76 309 1
76 34 309 1
78 85 1017 1
85 78 1017 1
15 69 1077 1
69 15 1077 1
55 89 213 1
89 55 213 1
10 40 460 1
40 10 460 1
46 80 618 1
80 46 618 1
54 111 422 1
111 54 422 1
61 63 238 1
63 61 238 1
7 61 813 1
61 7 813 1
108 111 286 1
111 108 286 1
30 75 454 1
75 30 454 1
39 87 370 1
87 39 370 1
42 47 281 1
47 42 281 1
60 67 538 1
67 60 538 1
91 101 197 1
101 91 197 1
12 82 376 1
82 12 376 1
44 47 404 1
47 44 404 1
25 84 1066 1
84 25 1066 1
27 32 793 1
32 27 793 1
27 86 519 1
86 27 519 1
42 46 173 1
46 42 173 1
22 30 218 1
30 22 218 1
47 91 332 1
91 47 332 1
71 111 839 1
111 71 839 1
73 80 850 1
80 73 850 1
20 71 311 1
71 20 311 1
49 78 930 1
78 49 930 1
54 108 319 1
108 54 319 1
25 65 1263 1
65 25 1263 1
32 60 487 1
60 32 487 1
4 111 1157 1
111 4 1157 1
14 27 449 1
27 14 449 1
28 80 329 1
80 28 329 1
58 61 717 1
61 58 717 1
71 91 911 1
91 71 911 1
98 100 250 1
100 98 250 1
39 55 254 1
55 39 254 1
40 56 722 1
56 40 722 1
58 60 266 1
60 58 266 1
77 110 393 1
110 77 393 1
16 32 504 1
32 16 504 1
51 53 271 1
53 51 271 1
16 62 313 1
62 16 313 1
20 21 185 1
21 20 185 1
47 49 380 1
49 47 380 1
20 57 904 1
57 20 904 1
29 35 608 1
35 29 608 1
8 91 1373 1
91 8 1373 1
31 62 966 1
62 31 966 1
38 55 598 1
55 38 598 1
29 74 571 1
74 29 571 1
75 76 374 1
76 75 374 1
6 58 957 1
58 6 957 1
11 33 518 1
33 11 518 1
31 75 419 1
75 31 419 1
56 59 788 1
59 56 788 1
1 63 334 1
63 1 334 1
4 71 523 1
71 4 523 1
38 78 371 1
78 38 371 1
46 48 368 1
48 46 368 1
49 63 596 1
63 49 596 1
57 61 216 1
61 57 216 1
90 110 460 1
110 90 460 1
52 56 797 1
56 52 797 1
71 100 1020 1
100 71 1020 1
92 103 574 1
103 92 574 1
92 111 381 1
111 92 381 1
4 42 1278 1
42 4 1278 1
6 7 710 1
7 6 710 1
93 98 589 1
98 93 589 1
1 52 1206 1
52 1 1206 1
17 74 721 1
74 17 721 1
56 82 787 1
82 56 787 1
62 81 1169 1
81 62 1169 1
75 77 210 1
77 75 210 1
24 26 201 1
26 24 201 1
90 103 653 1
103 90 653 1
82 83 881 1
83 82 881 1
92 105 456 1
105 92 456 1
83 84 1154 1
84 83 1154 1
23 82 788 1
82 23 788 1
60 66 370 1
66 60 370 1
4 5 350 1
5 4 350 1
25 32 836 1
32 25 836 1
20 77 434 1
77 20 434 1
47 111 188 1
111 47 188 1
84 88 224 1
88 84 224 1
35 45 385 1
45 35 385 1
39 113 565 1
113 39 565 1
47 98 442 1
98 47 442 1
103 105 173 1
105 103 173 1
20 26 232 1
26 20 232 1
34 67 275 1
67 34 275 1
87 88 1035 1
88 87 1035 1
7 60 1133 1
60 7 1133 1
43 45 199 1
45 43 199 1
66 69 349 1
69 66 349 1
96 114 265 1
114 96 265 1
34 66 268 1
66 34 268 1
45 51 254 1
51 45 254 1
102 110 495 1
110 102 495 1
32 65 681 1
65 32 681 1
32 67 439 1
67 32 439 1
80 85 1121 1
85 80 1121 1
37 112 610 1
112 37 610 1
45 47 345 1
47 45 345 1
62 72 566 1
72 62 566 1
80 83 1100 1
83 80 1100 1
95 111 347 1
111 95 347 1
0 6 417 1
6 0 417 1
22 32 649 1
32 22 649 1
104 107 401 1
107 104 401 1
12 14 278 1
14 12 278 1
25 63 1053 1
63 25 1053 1
73 81 406 1
81 73 406 1
101 110 541 1
110 101 541 1
7 9 490 1
9 7 490 1
27 84 956 1
84 27 956 1
40 84 485 1
84 40 485 1
52 88 542 1
88 52 542 1
66 107 978 1
107 66 978 1
94 114 259 1
114 94 259 1
3 22 347 1
22 3 347 1
27 41 398 1
41 27 398 1
27 64 1222 1
64 27 1222 1
29 78 851 1
78 29 851 1
46 52 244 1
52 46 244 1
49 81 721 1
81 49 721 1
68 90 1109 1
90 68 1109 1
6 13 864 1
13 6 864 1
105 111 367 1
111 105 367 1
7 67 937 1
67 7 937 1
25 31 272 1
31 25 272 1
69 93 1169 1
93 69 1169 1
100 111 457 1
111 100 457 1
25 26 225 1
26 25 225 1
42 54 525 1
54 42 525 1
36 71 552 1
71 36 552 1
72 76 257 1
76 72 257 1
104 106 195 1
106 104 195 1
25 64 1312 1
64 25 1312 1
27 68 1083 1
68 27 1083 1
30 73 455 1
73 30 455 1
55 88 845 1
88 55 845 1
74 81 792 1
81 74 792 1
7 13 237 1
13 7 237 1
16 74 335 1
74 16 335 1
9 92 1428 1
92 9 1428 1
38 47 654 1
47 38 654 1
39 112 619 1
112 39 619 1
54 109 337 1
109 54 337 1
0 10 381 1
10 0 381 1
0 52 934 1
52 0 934 1
14 69 1104 1
69 14 1104 1
30 74 403 1
74 30 403 1
30 76 537 1
76 30 537 1
35 67 262 1
67 35 262 1
97 107 263 1
107 97 263 1
9 71 488 1
71 9 488 1
23 87 803 1
87 23 803 1
36 92 596 1
92 36 596 1
64 86 1029 1
86 64 1029 1
68 93 1248 1
93 68 1248 1
90 101 719 1
101 90 719 1
37 77 246 1
77 37 246 1
65 104 1022 1
104 65 1022 1
94 109 127 1
109 94 127 1
22 64 1169 1
64 22 1169 1
39 70 540 1
70 39 540 1
97 103 349 1
103 97 349 1
10 60 650 1
60 10 650 1
13 32 767 1
32 13 767 1
43 51 245 1
51 43 245 1
48 81 996 1
81 48 996 1
18 91 1236 1
91 18 1236 1
41 73 204 1
73 41 204 1
73 78 740 1
78 73 740 1
98 103 555 1
103 98 555 1
22 31 234 1
31 22 234 1
25 82 617 1
82 25 617 1
43 53 293 1
53 43 293 1
46 50 303 1
50 46 303 1
66 92 904 1
92 66 904 1
79 81 136 1
81 79 136 1
7 58 1136 1
58 7 1136 1
27 88 863 1
88 27 863 1
46 110 220 1
110 46 220 1
57 82 1164 1
82 57 1164 1
44 78 731 1
78 44 731 1
52 57 1117 1
57 52 1117 1
55 110 380 1
110 55 380 1
91 112 368 1
112 91 368 1
12 84 664 1
84 12 664 1
16 43 905 1
43 16 905 1
55 114 395 1
114 55 395 1
58 89 1156 1
89 58 1156 1
109 114 278 1
114 109 278 1
29 76 555 1
76 29 555 1
33 65 634 1
65 33 634 1
43 108 477 1
108 43 477 1
64 65 897 1
65 64 897 1
43 49 240 1
49 43 240 1
55 107 232 1
107 55 232 1
93 107 357 1
107 93 357 1
97 114 263 1
114 97 263 1
2 58 959 1
58 2 959 1
27 69 1092 1
69 27 1092 1
27 87 439 1
87 27 439 1
41 84 910 1
84 41 910 1
63 78 1033 1
78 63 1033 1
76 110 394 1
110 76 394 1
102 109 475 1
109 102 475 1
11 82 992 1
82 11 992 1
33 78 590 1
78 33 590 1
36 101 815 1
101 36 815 1
50 54 543 1
54 50 543 1
71 76 392 1
76 71 392 1
71 98 866 1
98 71 866 1
79 114 741 1
114 79 741 1
1 20 838 1
20 1 838 1
18 82 891 1
82 18 891 1
18 84 897 1
84 18 897 1
30 72 390 1
72 30 390 1
38 110 451 1
110 38 451 1
24 42 1334 1
42 24 1334 1
37 47 493 1
47 37 493 1
81 85 175 1
85 81 175 1
91 100 719 1
100 91 719 1
5 69 1149 1
69 5 1149 1
16 79 934 1
79 16 934 1
26 91 1131 1
91 26 1131 1
28 74 188 1
74 28 188 1
11 65 770 1
65 11 770 1
19 58 678 1
58 19 678 1
23 30 259 1
30 23 259 1
4 93 1288 1
93 4 1288 1
14 18 837 1
18 14 837 1
36 70 395 1
70 36 395 1
43 46 341 1
46 43 341 1
44 81 890 1
81 44 890 1
70 98 776 1
98 70 776 1
16 29 882 1
29 16 882 1
39 109 356 1
109 39 356 1
103 113 295 1
113 103 295 1
29 62 1067 1
62 29 1067 1
108 109 87 1
109 108 87 1
17 62 1129 1
62 17 1129 1
24 31 318 1
31 24 318 1
50 52 243 1
52 50 243 1
73 76 450 1
76 73 450 1
4 69 1158 1
69 4 1158 1
5 79 748 1
79 5 748 1
15 68 1114 1
68 15 1114 1
53 108 584 1
108 53 584 1
57 59 382 1
59 57 382 1
74 82 336 1
82 74 336 1
81 84 1146 1
84 81 1146 1
90 107 713 1
107 90 713 1
99 101 266 1
101 99 266 1
11 32 663 1
32 11 663 1
18 58 669 1
58 18 669 1
94 110 220 1
110 94 220 1
17 35 579 1
35 17 579 1
36 93 804 1
93 36 804 1
51 62 1045 1
62 51 1045 1
68 88 1023 1
88 68 1023 1
81 83 446 1
83 81 446 1
105 115 176 1
115 105 176 1
20 88 611 1
88 20 611 1
26 69 1109 1
69 26 1109 1
62 108 759 1
108 62 759 1
90 102 246 1
102 90 246 1
49 53 406 1
53 49 406 1
95 103 393 1
103 95 393 1
11 88 1176 1
88 11 1176 1
68 89 1110 1
89 68 1110 1
43 74 810 1
74 43 810 1
47 55 367 1
55 47 367 1
83 87 158 1
87 83 158 1
87 97 649 1
97 87 649 1
110 113 304 1
113 110 304 1
13 60 1245 1
60 13 1245 1
33 67 474 1
67 33 474 1
47 96 412 1
96 47 412 1
39 96 494 1
96 39 494 1
26 84 884 1
84 26 884 1
30 62 878 1
62 30 878 1
38 96 284 1
96 38 284 1
60 64 187 1
64 60 187 1
8 93 1382 1
93 8 1382 1
27 82 524 1
82 27 524 1
29 77 357 1
77 29 357 1
39 85 433 1
85 39 433 1
17 73 298 1
73 17 298 1
53 111 406 1
111 53 406 1
95 102 514 1
102 95 514 1
96 103 531 1
103 96 531 1
106 115 278 1
115 106 278 1
4 50 1323 1
50 4 1323 1
8 68 1123 1
68 8 1123 1
9 111 1239 1
111 9 1239 1
45 81 759 1
81 45 759 1
68 92 1202 1
92 68 1202 1
36 106 343 1
106 36 343 1
64 82 943 1
82 64 943 1
71 75 163 1
75 71 163 1
20 70 213 1
70 20 213 1
42 62 705 1
62 42 705 1
43 62 845 1
62 43 845 1
70 76 285 1
76 70 285 1
71 110 676 1
110 71 676 1
74 80 415 1
80 74 415 1
2 67 952 1
67 2 952 1
3 86 986 1
86 3 986 1
27 91 1074 1
91 27 1074 1
50 55 863 1
55 50 863 1
10 82 401 1
82 10 401 1
38 115 384 1
115 38 384 1
9 62 1305 1
62 9 1305 1
59 69 338 1
69 59 338 1
74 86 416 1
86 74 416 1
92 107 674 1
107 92 674 1
1 40 950 1
40 1 950 1
20 27 271 1
27 20 271 1
31 76 584 1
76 31 584 1
32 35 357 1
35 32 357 1
70 111 827 1
111 70 827 1
92 110 485 1
110 92 485 1
98 102 260 1
102 98 260 1
29 70 512 1
70 29 512 1
29 83 227 1
83 29 227 1
59 61 271 1
61 59 271 1
74 84 507 1
84 74 507 1
94 107 417 1
107 94 417 1
0 37 925 1
37 0 925 1
0 40 699 1
40 0 699 1
2 18 379 1
18 2 379 1
2 60 843 1
60 2 843 1
18 87 1063 1
87 18 1063 1
37 101 579 1
101 37 579 1
40 87 708 1
87 40 708 1
70 74 155 1
74 70 155 1
85 86 1120 1
86 85 1120 1
24 46 1220 1
46 24 1220 1
28 30 436 1
30 28 436 1
37 106 622 1
106 37 622 1
42 52 325 1
52 42 325 1
71 112 918 1
112 71 918 1
109 110 135 1
110 109 135 1
4 47 1192 1
47 4 1192 1
23 31 199 1
31 23 199 1
41 85 509 1
85 41 509 1
100 110 522 1
110 100 522 1
112 115 269 1
115 112 269 1
46 51 585 1
51 46 585 1
91 99 166 1
99 91 166 1
94 103 496 1
103 94 496 1
15 91 1009 1
91 15 1009 1
46 96 270 1
96 46 270 1
77 98 628 1
98 77 628 1
11 63 488 1
63 11 488 1
23 26 522 1
26 23 522 1
27 58 1265 1
58 27 1265 1
39 97 289 1
97 39 289 1
47 48 490 1
48 47 490 1
47 71 801 1
71 47 801 1
47 93 394 1
93 47 394 1
55 62 1031 1
62 55 1031 1
103 110 496 1
110 103 496 1
8 71 624 1
71 8 624 1
17 96 834 1
96 17 834 1
39 80 834 1
80 39 834 1
43 50 494 1
50 43 494 1
44 53 562 1
53 44 562 1
6 112 1257 1
112 6 1257 1
45 53 435 1
53 45 435 1
97 104 399 1
104 97 399 1
17 95 598 1
95 17 598 1
28 83 861 1
83 28 861 1
43 111 293 1
111 43 293 1
54 107 612 1
107 54 612 1
64 67 549 1
67 64 549 1
4 24 144 1
24 4 144 1
14 85 1160 1
85 14 1160 1
15 90 1267 1
90 15 1267 1
36 77 422 1
77 36 422 1
38 114 469 1
114 38 469 1
40 63 1007 1
63 40 1007 1
1 41 715 1
41 1 715 1
12 22 481 1
22 12 481 1
14 68 1034 1
68 14 1034 1
51 114 700 1
114 51 700 1
97 113 312 1
113 97 312 1
102 111 440 1
111 102 440 1
4 94 850 1
94 4 850 1
18 89 1085 1
89 18 1085 1
22 25 402 1
25 22 402 1
29 46 914 1
46 29 914 1
42 102 621 1
102 42 621 1
65 79 512 1
79 65 512 1
72 83 754 1
83 72 754 1
15 83 194 1
83 15 194 1
24 47 1229 1
47 24 1229 1
46 81 867 1
81 46 867 1
98 110 300 1
110 98 300 1
107 114 333 1
114 107 333 1
18 69 392 1
69 18 392 1
31 74 479 1
74 31 479 1
33 60 632 1
60 33 632 1
37 91 517 1
91 37 517 1
65 66 537 1
66 65 537 1
1 80 1054 1
80 1 1054 1
4 98 1069 1
98 4 1069 1
7 44 1214 1
44 7 1214 1
20 84 687 1
84 20 687 1
27 67 1105 1
67 27 1105 1
38 44 815 1
44 38 815 1
39 47 551 1
47 39 551 1
73 83 298 1
83 73 298 1
91 105 371 1
105 91 371 1
8 26 300 1
26 8 300 1
14 22 562 1
22 14 562 1
47 70 837 1
70 47 837 1
5 91 1178 1
91 5 1178 1
18 93 1308 1
93 18 1308 1
42 104 603 1
104 42 603 1
66 103 1026 1
103 66 1026 1
77 94 396 1
94 77 396 1
92 98 220 1
98 92 220 1
105 114 152 1
114 105 152 1
26 68 1080 1
68 26 1080 1
29 34 696 1
34 29 696 1
36 46 482 1
46 36 482 1
37 110 431 1
110 37 431 1
48 78 724 1
78 48 724 1
57 58 735 1
58 57 735 1
51 109 618 1
109 51 618 1
0 61 943 1
61 0 943 1
6 10 299 1
10 6 299 1
22 26 505 1
26 22 505 1
9 105 1106 1
105 9 1106 1
13 67 996 1
67 13 996 1
25 85 1018 1
85 25 1018 1
93 99 208 1
99 93 208 1
3 11 395 1
11 3 395 1
13 59 1042 1
59 13 1042 1
45 72 948 1
72 45 948 1
12 56 631 1
56 12 631 1
14 58 1155 1
58 14 1155 1
16 42 811 1
42 16 811 1
44 51 440 1
51 44 440 1
48 111 498 1
111 48 498 1
51 113 663 1
113 51 663 1
54 110 373 1
110 54 373 1
92 104 310 1
104 92 310 1
95 100 576 1
100 95 576 1
103 108 420 1
108 103 420 1
5 92 1324 1
92 5 1324 1
20 52 976 1
52 20 976 1
36 99 637 1
99 36 637 1
57 63 249 1
63 57 249 1
73 79 296 1
79 73 296 1
91 97 336 1
97 91 336 1
101 104 464 1
104 101 464 1
14 40 342 1
40 14 342 1
34 64 445 1
64 34 445 1
35 113 606 1
113 35 606 1
40 74 182 1
74 40 182 1
74 83 697 1
83 74 697 1
79 106 876 1
106 79 876 1
110 115 264 1
115 110 264 1
22 33 600 1
33 22 600 1
24 30 283 1
30 24 283 1
33 34 394 1
34 33 394 1
39 86 698 1
86 39 698 1
48 72 921 1
72 48 921 1
64 66 392 1
66 64 392 1
2 3 405 1
3 2 405 1
33 61 545 1
61 33 545 1
33 79 486 1
79 33 486 1
64 85 1107 1
85 64 1107 1
77 96 456 1
96 77 456 1
103 111 432 1
111 103 432 1
3 65 942 1
65 3 942 1
4 105 1055 1
105 4 1055 1
29 30 533 1
30 29 533 1
38 87 730 1
87 38 730 1
97 102 534 1
102 97 534 1
39 81 431 1
81 39 431 1
52 82 943 1
82 52 943 1
62 109 711 1
109 62 711 1
70 110 664 1
110 70 664 1
75 78 667 1
78 75 667 1
75 82 661 1
82 75 661 1
86 97 801 1
97 86 801 1
0 69 556 1
69 0 556 1
6 60 799 1
60 6 799 1
29 113 879 1
113 29 879 1
16 33 609 1
33 16 609 1
48 108 684 1
108 48 684 1
49 85 634 1
85 49 634 1
53 55 448 1
55 53 448 1
57 84 1116 1
84 57 1116 1
9 104 1161 1
104 9 1161 1
32 66 416 1
66 32 416 1
48 85 925 1
85 48 925 1
56 88 726 1
88 56 726 1
4 112 1211 1
112 4 1211 1
10 62 483 1
62 10 483 1
37 68 886 1
68 37 886 1
66 91 902 1
91 66 902 1
74 78 322 1
78 74 322 1
77 95 322 1
95 77 322 1
79 115 682 1
115 79 682 1
5 14 572 1
14 5 572 1
7 15 461 1
15 7 461 1
21 24 413 1
24 21 413 1
26 90 1088 1
90 26 1088 1
28 35 670 1
35 28 670 1
51 85 514 1
85 51 514 1
69 89 1015 1
89 69 1015 1
71 115 724 1
115 71 724 1
102 107 560 1
107 102 560 1
3 89 961 1
89 3 961 1
9 91 1212 1
91 9 1212 1
18 27 862 1
27 18 862 1
51 108 676 1
108 51 676 1
69 107 1110 1
107 69 1110 1
108 110 194 1
110 108 194 1
5 65 1232 1
65 5 1232 1
16 31 718 1
31 16 718 1
25 83 553 1
83 25 553 1
51 102 955 1
102 51 955 1
52 98 272 1
98 52 272 1
106 110 467 1
110 106 467 1
109 115 211 1
115 109 211 1
3 54 1096 1
54 3 1096 1
7 63 675 1
63 7 675 1
28 34 618 1
34 28 618 1
38 86 366 1
86 38 366 1
23 66 1096 1
66 23 1096 1
31 63 863 1
63 31 863 1
48 62 640 1
62 48 640 1
52 59 956 1
59 52 956 1
80 84 162 1
84 80 162 1
0 12 517 1
12 0 517 1
5 60 1275 1
60 5 1275 1
20 83 565 1
83 20 565 1
42 49 396 1
49 42 396 1
9 44 1434 1
44 9 1434 1
17 77 417 1
77 17 417 1
41 74 484 1
74 41 484 1
71 105 832 1
105 71 832 1
24 105 1115 1
105 24 1115 1
41 68 978 1
68 41 978 1
51 54 884 1
54 51 884 1
58 67 368 1
67 58 368 1
6 101 1437 1
101 6 1437 1
22 84 1027 1
84 22 1027 1
95 104 381 1
104 95 381 1
105 107 233 1
107 105 233 1
0 18 364 1
18 0 364 1
14 80 575 1
80 14 575 1
17 81 182 1
81 17 182 1
29 79 257 1
79 29 257 1
50 85 1013 1
85 50 1013 1
64 87 1344 1
87 64 1344 1
16 78 122 1
78 16 122 1
43 72 870 1
72 43 870 1
65 87 1028 1
87 65 1028 1
105 113 210 1
113 105 210 1
1 11 394 1
11 1 394 1
10 63 1159 1
63 10 1159 1
28 75 567 1
75 28 567 1
34 77 351 1
77 34 351 1
40 78 376 1
78 40 376 1
17 54 969 1
54 17 969 1
17 76 648 1
76 17 648 1
41 99 593 1
99 41 593 1
42 107 734 1
107 42 734 1
46 54 354 1
54 46 354 1
50 62 545 1
62 50 545 1
65 85 476 1
85 65 476 1
75 81 434 1
81 75 434 1
1 68 549 1
68 1 549 1
5 90 1279 1
90 5 1279 1
10 57 1032 1
57 10 1032 1
11 60 1139 1
60 11 1139 1
12 64 932 1
64 12 932 1
40 52 792 1
52 40 792 1
47 50 544 1
50 47 544 1
102 114 295 1
114 102 295 1
104 109 377 1
109 104 377 1
111 112 111 1
112 111 111 1
31 43 1106 1
43 31 1106 1
38 97 469 1
97 38 469 1
58 88 918 1
88 58 918 1
64 79 1031 1
79 64 1031 1
79 113 788 1
113 79 788 1
89 91 402 1
91 89 402 1
1 21 745 1
21 1 745 1
3 52 1342 1
52 3 1342 1
30 35 784 1
35 30 784 1
38 109 342 1
109 38 342 1
46 72 723 1
72 46 723 1
47 113 338 1
113 47 338 1
8 89 1179 1
89 8 1179 1
14 23 650 1
23 14 650 1
37 93 575 1
93 37 575 1
39 110 466 1
110 39 466 1
49 113 706 1
113 49 706 1
104 111 377 1
111 104 377 1
3 25 566 1
25 3 566 1
9 51 1357 1
51 9 1357 1
29 48 1093 1
48 29 1093 1
40 85 900 1
85 40 900 1
58 86 1196 1
86 58 1196 1
64 107 1075 1
107 64 1075 1
78 112 768 1
112 78 768 1
83 88 1071 1
88 83 1071 1
97 100 590 1
100 97 590 1
105 110 411 1
110 105 411 1
6 66 934 1
66 6 934 1
11 67 846 1
67 11 846 1
12 32 661 1
32 12 661 1
19 88 1069 1
88 19 1069 1
25 86 638 1
86 25 638 1
99 100 610 1
100 99 610 1
2 10 438 1
10 2 438 1
9 50 1509 1
50 9 1509 1
29 50 1134 1
50 29 1134 1
35 49 434 1
49 35 434 1
42 106 676 1
106 42 676 1
50 81 1084 1
81 50 1084 1
64 104 887 1
104 64 887 1
13 33 629 1
33 13 629 1
22 24 386 1
24 22 386 1
30 70 259 1
70 30 259 1
41 42 897 1
42 41 897 1
51 55 568 1
55 51 568 1
3 82 903 1
82 3 903 1
7 11 254 1
11 7 254 1
10 61 1158 1
61 10 1158 1
40 83 731 1
83 40 731 1
69 86 1203 1
86 69 1203 1
94 115 181 1
115 94 181 1
14 19 916 1
19 14 916 1
18 90 1192 1
90 18 1192 1
20 76 380 1
76 20 380 1
6 12 248 1
12 6 248 1
10 52 956 1
52 10 956 1
21 80 756 1
80 21 756 1
28 54 527 1
54 28 527 1
46 55 584 1
55 46 584 1
63 67 543 1
67 63 543 1
63 80 1146 1
80 63 1146 1
98 113 276 1
113 98 276 1
106 112 479 1
112 106 479 1
5 68 1146 1
68 5 1146 1
7 35 816 1
35 7 816 1
20 25 402 1
25 20 402 1
39 50 947 1
50 39 947 1
41 52 1018 1
52 41 1018 1
66 94 692 1
94 66 692 1
93 104 478 1
104 93 478 1
111 115 269 1
115 111 269 1
10 43 1077 1
43 10 1077 1
22 85 1113 1
85 22 1113 1
38 80 426 1
80 38 426 1
53 62 1123 1
62 53 1123 1
65 83 931 1
83 65 931 1
70 92 982 1
92 70 982 1
93 97 371 1
97 93 371 1
5 32 873 1
32 5 873 1
13 58 1244 1
58 13 1244 1
33 106 906 1
106 33 906 1
35 62 643 1
62 35 643 1
35 108 425 1
108 35 425 1
36 75 517 1
75 36 517 1
39 49 832 1
49 39 832 1
43 47 146 1
47 43 146 1
46 73 842 1
73 46 842 1
51 104 868 1
104 51 868 1
61 67 382 1
67 61 382 1
77 100 819 1
100 77 819 1
104 108 301 1
108 104 301 1
3 88 1145 1
88 3 1145 1
11 25 626 1
25 11 626 1
22 96 1047 1
96 22 1047 1
29 109 610 1
109 29 610 1
42 98 381 1
98 42 381 1
65 113 852 1
113 65 852 1
107 111 490 1
111 107 490 1
5 105 1032 1
105 5 1032 1
25 40 618 1
40 25 618 1
26 88 791 1
88 26 791 1
62 94 680 1
94 62 680 1
78 84 235 1
84 78 235 1
95 107 258 1
107 95 258 1
4 51 1418 1
51 4 1418 1
16 55 931 1
55 16 931 1
16 65 1088 1
65 16 1088 1
34 79 586 1
79 34 586 1
43 80 868 1
80 43 868 1
86 107 792 1
107 86 792 1
1 10 979 1
10 1 979 1
1 78 939 1
78 1 939 1
5 8 493 1
8 5 493 1
10 14 380 1
14 10 380 1
15 92 1292 1
92 15 1292 1
20 73 397 1
73 20 397 1
23 83 710 1
83 23 710 1
51 52 786 1
52 51 786 1
65 78 1008 1
78 65 1008 1
77 93 729 1
93 77 729 1
106 109 391 1
109 106 391 1
11 106 1080 1
106 11 1080 1
12 40 490 1
40 12 490 1
43 81 665 1
81 43 665 1
46 78 577 1
78 46 577 1
54 89 853 1
89 54 853 1
60 106 915 1
106 60 915 1
75 84 839 1
84 75 839 1
107 110 468 1
110 107 468 1
107 115 298 1
115 107 298 1
3 18 417 1
18 3 417 1
5 13 461 1
13 5 461 1
6 37 937 1
37 6 937 1
12 62 664 1
62 12 664 1
19 82 964 1
82 19 964 1
55 113 437 1
113 55 437 1
19 89 1004 1
89 19 1004 1
31 77 552 1
77 31 552 1
50 115 676 1
115 50 676 1
55 87 559 1
87 55 559 1
76 103 780 1
103 76 780 1
78 83 999 1
83 78 999 1
100 109 518 1
109 100 518 1
21 46 873 1
46 21 873 1
25 66 1220 1
66 25 1220 1
3 30 397 1
30 3 397 1
3 31 315 1
31 3 315 1
18 40 807 1
40 18 807 1
34 103 810 1
103 34 810 1
78 109 527 1
109 78 527 1
15 60 1288 1
60 15 1288 1
18 88 1010 1
88 18 1010 1
47 51 339 1
51 47 339 1
69 87 1163 1
87 69 1163 1
86 114 787 1
114 86 787 1
17 94 764 1
94 17 764 1
31 32 596 1
32 31 596 1
36 102 505 1
102 36 505 1
40 99 752 1
99 40 752 1
1 37 646 1
37 1 646 1
3 85 893 1
85 3 893 1
16 54 493 1
54 16 493 1
20 87 562 1
87 20 562 1
22 86 800 1
86 22 800 1
31 46 1090 1
46 31 1090 1
42 90 472 1
90 42 472 1
50 78 628 1
78 50 628 1
50 114 661 1
114 50 661 1
110 114 289 1
114 110 289 1
30 33 526 1
33 30 526 1
35 78 557 1
78 35 557 1
36 100 531 1
100 36 531 1
53 80 1109 1
80 53 1109 1
56 89 1199 1
89 56 1199 1
60 89 1195 1
89 60 1195 1
71 73 163 1
73 71 163 1
99 102 560 1
102 99 560 1
100 113 356 1
113 100 356 1
5 21 332 1
21 5 332 1
19 56 574 1
56 19 574 1
23 33 604 1
33 23 604 1
24 79 893 1
79 24 893 1
28 55 861 1
55 28 861 1
35 79 470 1
79 35 470 1
36 98 402 1
98 36 402 1
50 109 596 1
109 50 596 1
50 111 478 1
111 50 478 1
65 86 1324 1
86 65 1324 1
76 98 527 1
98 76 527 1
92 94 455 1
94 92 455 1
5 93 1207 1
93 5 1207 1
26 82 411 1
82 26 411 1
32 34 327 1
34 32 327 1
35 65 453 1
65 35 453 1
37 57 643 1
57 37 643 1
52 111 398 1
111 52 398 1
59 88 1182 1
88 59 1182 1
62 64 300 1
64 62 300 1
87 94 753 1
94 87 753 1
97 99 180 1
99 97 180 1
3 14 804 1
14 3 804 1
3 87 809 1
87 3 809 1
4 70 430 1
70 4 430 1
17 31 618 1
31 17 618 1
27 37 597 1
37 27 597 1
77 99 529 1
99 77 529 1
104 110 417 1
110 104 417 1
20 68 909 1
68 20 909 1
36 78 263 1
78 36 263 1
42 110 303 1
110 42 303 1
68 87 1214 1
87 68 1214 1
17 55 513 1
55 17 513 1
25 41 554 1
41 25 554 1
28 78 272 1
78 28 272 1
36 87 808 1
87 36 808 1
37 39 117 1
39 37 117 1
44 77 681 1
77 44 681 1
47 54 568 1
54 47 568 1
48 52 415 1
52 48 415 1
50 73 1055 1
73 50 1055 1
77 108 373 1
108 77 373 1
3 84 1110 1
84 3 1110 1
9 93 1250 1
93 9 1250 1
11 51 955 1
51 11 955 1
12 27 629 1
27 12 629 1
21 73 247 1
73 21 247 1
27 79 707 1
79 27 707 1
30 77 559 1
77 30 559 1
3 61 814 1
61 3 814 1
11 87 539 1
87 11 539 1
29 71 259 1
71 29 259 1
37 98 666 1
98 37 666 1
38 46 544 1
46 38 544 1
38 49 943 1
49 38 943 1
59 70 955 1
70 59 955 1
66 93 972 1
93 66 972 1
98 101 623 1
101 98 623 1
108 113 292 1
113 108 292 1
10 16 218 1
16 10 218 1
50 72 861 1
72 50 861 1
60 101 1230 1
101 60 1230 1
68 86 1151 1
86 68 1151 1
72 96 519 1
96 72 519 1
78 114 717 1
114 78 717 1
52 84 487 1
84 52 487 1
11 14 937 1
14 11 937 1
36 112 594 1
112 36 594 1
38 45 872 1
45 38 872 1
38 113 550 1
113 38 550 1
40 58 962 1
58 40 962 1
70 72 158 1
72 70 158 1
7 52 1400 1
52 7 1400 1
23 32 683 1
32 23 683 1
35 63 527 1
63 35 527 1
36 90 508 1
90 36 508 1
43 76 617 1
76 43 617 1
54 62 567 1
62 54 567 1
76 94 331 1
94 76 331 1
80 114 765 1
114 80 765 1
2 59 1058 1
59 2 1058 1
41 56 991 1
56 41 991 1
3 64 1134 1
64 3 1134 1
6 11 866 1
11 6 866 1
6 59 1126 1
59 6 1126 1
9 30 478 1
30 9 478 1
13 51 1107 1
51 13 1107 1
19 52 1141 1
52 19 1141 1
41 79 379 1
79 41 379 1
51 110 520 1
110 51 520 1
55 103 351 1
103 55 351 1
96 98 184 1
98 96 184 1
1 46 993 1
46 1 993 1
2 33 510 1
33 2 510 1
8 112 1273 1
112 8 1273 1
12 58 1025 1
58 12 1025 1
17 48 1051 1
48 17 1051 1
23 79 797 1
79 23 797 1
32 79 600 1
79 32 600 1
70 112 906 1
112 70 906 1
1 81 501 1
81 1 501 1
3 58 1025 1
58 3 1025 1
14 86 272 1
86 14 272 1
18 64 805 1
64 18 805 1
25 61 1194 1
61 25 1194 1
30 43 1104 1
43 30 1104 1
39 73 305 1
73 39 305 1
44 115 684 1
115 44 684 1
65 106 1085 1
106 65 1085 1
77 90 787 1
90 77 787 1
77 91 668 1
91 77 668 1
1 82 1112 1
82 1 1112 1
16 96 566 1
96 16 566 1
19 40 851 1
40 19 851 1
29 96 758 1
96 29 758 1
35 66 331 1
66 35 331 1
50 96 527 1
96 50 527 1
62 65 1049 1
65 62 1049 1
19 91 1171 1
91 19 1171 1
37 108 355 1
108 37 355 1
55 115 361 1
115 55 361 1
66 90 828 1
90 66 828 1
70 90 900 1
90 70 900 1
82 89 1043 1
89 82 1043 1
90 112 377 1
112 90 377 1
6 49 1274 1
49 6 1274 1
11 40 844 1
40 11 844 1
11 109 804 1
109 11 804 1
16 56 380 1
56 16 380 1
44 62 682 1
62 44 682 1
75 87 423 1
87 75 423 1
76 95 396 1
95 76 396 1
76 96 361 1
96 76 361 1
79 80 991 1
80 79 991 1
0 20 725 1
20 0 725 1
21 71 214 1
71 21 214 1
24 106 959 1
106 24 959 1
51 94 733 1
94 51 733 1
73 77 274 1
77 73 274 1
101 105 274 1
105 101 274 1
6 21 662 1
21 6 662 1
34 72 552 1
72 34 552 1
38 68 922 1
68 38 922 1
44 108 631 1
108 44 631 1
68 106 1131 1
106 68 1131 1
72 114 738 1
114 72 738 1
103 109 477 1
109 103 477 1
14 57 1154 1
57 14 1154 1
21 72 388 1
72 21 388 1
34 62 521 1
62 34 521 1
35 72 587 1
72 35 587 1
38 81 841 1
81 38 841 1
43 98 522 1
98 43 522 1
47 77 509 1
77 47 509 1
50 105 813 1
105 50 813 1
62 104 898 1
104 62 898 1
91 102 669 1
102 91 669 1
0 41 952 1
41 0 952 1
5 22 506 1
22 5 506 1
16 53 1146 1
53 16 1146 1
18 107 1141 1
107 18 1141 1
22 103 1359 1
103 22 1359 1
45 85 677 1
85 45 677 1
50 104 729 1
104 50 729 1
78 79 878 1
79 78 878 1
1 112 1078 1
112 1 1078 1
4 54 890 1
54 4 890 1
12 57 1101 1
57 12 1101 1
14 41 702 1
41 14 702 1
14 56 813 1
56 14 813 1
16 113 881 1
113 16 881 1
17 32 646 1
32 17 646 1
26 42 1183 1
42 26 1183 1
50 108 645 1
108 50 645 1
59 89 931 1
89 59 931 1
70 93 1035 1
93 70 1035 1
88 90 414 1
90 88 414 1
0 53 1230 1
53 0 1230 1
0 82 741 1
82 0 741 1
4 115 964 1
115 4 964 1
17 70 666 1
70 17 666 1
17 110 721 1
110 17 721 1
21 96 648 1
96 21 648 1
40 75 477 1
75 40 477 1
51 80 1087 1
80 51 1087 1
52 73 1055 1
73 52 1055 1
62 79 1049 1
79 62 1049 1
11 54 1068 1
54 11 1068 1
13 61 843 1
61 13 843 1
15 66 1171 1
66 15 1171 1
32 64 603 1
64 32 603 1
52 63 1131 1
63 52 1131 1
107 113 400 1
113 107 400 1
2 32 513 1
32 2 513 1
6 99 1231 1
99 6 1231 1
7 45 1151 1
45 7 1151 1
9 53 1347 1
53 9 1347 1
12 17 1046 1
17 12 1046 1
15 24 514 1
24 15 514 1
21 105 742 1
105 21 742 1
39 72 575 1
72 39 575 1
52 83 1260 1
83 52 1260 1
56 63 1014 1
63 56 1014 1
58 69 426 1
69 58 426 1
76 93 823 1
93 76 823 1
88 107 781 1
107 88 781 1
93 95 447 1
95 93 447 1
7 49 1147 1
49 7 1147 1
8 60 1121 1
60 8 1121 1
12 87 1021 1
87 12 1021 1
15 27 336 1
27 15 336 1
16 73 769 1
73 16 769 1
24 63 1140 1
63 24 1140 1
28 94 557 1
94 28 557 1
39 74 501 1
74 39 501 1
79 112 791 1
112 79 791 1
94 104 298 1
104 94 298 1
0 27 931 1
27 0 931 1
25 106 972 1
106 25 972 1
31 79 660 1
79 31 660 1
34 44 373 1
44 34 373 1
74 87 714 1
87 74 714 1
15 58 1327 1
58 15 1327 1
28 70 247 1
70 28 247 1
41 87 263 1
87 41 263 1
42 45 300 1
45 42 300 1
52 80 618 1
80 52 618 1
61 82 1268 1
82 61 1268 1
80 109 607 1
109 80 607 1
91 113 366 1
113 91 366 1
7 10 896 1
10 7 896 1
10 21 662 1
21 10 662 1
13 108 915 1
108 13 915 1
17 34 689 1
34 17 689 1
35 81 565 1
81 35 565 1
