116 2668
44 49 304 1
49 44 304 1
44 45 194 1
45 44 194 1
48 51 548 1
51 48 548 1
58 59 496 1
59 58 496 1
26 27 135 1
27 26 135 1
45 49 111 1
49 45 111 1
80 81 1113 1
81 80 1113 1
101 103 106 1
103 101 106 1
5 27 165 1
27 5 165 1
5 26 263 1
26 5 263 1
30 31 127 1
31 30 127 1
44 48 114 1
48 44 114 1
44 51 440 1
51 44 440 1
2 6 165 1
6 2 165 1
42 43 239 1
43 42 239 1
48 49 410 1
49 48 410 1
84 85 1130 1
85 84 1130 1
4 8 148 1
8 4 148 1
49 51 172 1
51 49 172 1
50 51 698 1
51 50 698 1
6 7 710 1
7 6 710 1
92 93 608 1
93 92 608 1
43 45 199 1
45 43 199 1
43 46 341 1
46 43 341 1
100 102 87 1
102 100 87 1
56 57 840 1
57 56 840 1
42 47 281 1
47 42 281 1
18 19 147 1
19 18 147 1
5 21 332 1
21 5 332 1
103 104 369 1
104 103 369 1
4 24 144 1
24 4 144 1
88 89 1035 1
89 88 1035 1
71 73 163 1
73 71 163 1
4 9 500 1
9 4 500 1
55 99 216 1
99 55 216 1
102 103 508 1
103 102 508 1
43 47 146 1
47 43 146 1
52 53 746 1
53 52 746 1
57 68 520 1
68 57 520 1
22 23 140 1
23 22 140 1
78 80 116 1
80 78 116 1
43 44 290 1
44 43 290 1
48 50 202 1
50 48 202 1
76 77 238 1
77 76 238 1
78 81 1002 1
81 78 1002 1
9 24 385 1
24 9 385 1
97 110 221 1
110 97 221 1
45 46 448 1
46 45 448 1
8 9 638 1
9 8 638 1
39 97 289 1
97 39 289 1
17 72 781 1
72 17 781 1
90 91 735 1
91 90 735 1
2 7 566 1
7 2 566 1
29 72 629 1
72 29 629 1
62 63 1134 1
63 62 1134 1
86 88 460 1
88 86 460 1
5 9 157 1
9 5 157 1
4 5 350 1
5 4 350 1
72 74 76 1
74 72 76 1
44 50 287 1
50 44 287 1
21 27 209 1
27 21 209 1
2 3 405 1
3 2 405 1
59 66 363 1
66 59 363 1
45 51 254 1
51 45 254 1
66 67 177 1
67 66 177 1
102 104 159 1
104 102 159 1
78 79 878 1
79 78 878 1
45 48 304 1
48 45 304 1
82 83 881 1
83 82 881 1
96 97 322 1
97 96 322 1
3 22 347 1
22 3 347 1
19 68 313 1
68 19 313 1
58 66 198 1
66 58 198 1
103 107 239 1
107 103 239 1
94 115 181 1
115 94 181 1
98 99 479 1
99 98 479 1
58 60 266 1
60 58 266 1
17 29 223 1
29 17 223 1
16 78 122 1
78 16 122 1
104 105 204 1
105 104 204 1
60 63 1021 1
63 60 1021 1
106 107 486 1
107 106 486 1
46 98 212 1
98 46 212 1
62 72 566 1
72 62 566 1
37 76 441 1
76 37 441 1
3 7 185 1
7 3 185 1
28 72 116 1
72 28 116 1
49 50 585 1
50 49 585 1
17 62 1129 1
62 17 1129 1
101 102 595 1
102 101 595 1
86 87 805 1
87 86 805 1
55 98 606 1
98 55 606 1
37 97 271 1
97 37 271 1
82 86 143 1
86 82 143 1
44 46 353 1
46 44 353 1
79 81 136 1
81 79 136 1
43 50 494 1
50 43 494 1
46 47 309 1
47 46 309 1
24 25 135 1
25 24 135 1
8 73 750 1
73 8 750 1
104 107 401 1
107 104 401 1
0 58 565 1
58 0 565 1
42 44 208 1
44 42 208 1
93 100 653 1
100 93 653 1
21 26 271 1
26 21 271 1
29 74 571 1
74 29 571 1
55 96 492 1
96 55 492 1
46 55 584 1
55 46 584 1
45 98 655 1
98 45 655 1
16 17 998 1
17 16 998 1
46 111 189 1
111 46 189 1
14 15 772 1
15 14 772 1
74 76 203 1
76 74 203 1
45 50 474 1
50 45 474 1
82 88 444 1
88 82 444 1
103 105 173 1
105 103 173 1
43 51 245 1
51 43 245 1
17 81 182 1
81 17 182 1
110 111 172 1
111 110 172 1
5 8 493 1
8 5 493 1
43 49 240 1
49 43 240 1
3 18 417 1
18 3 417 1
9 15 219 1
15 9 219 1
8 24 258 1
24 8 258 1
101 107 310 1
107 101 310 1
42 46 173 1
46 42 173 1
2 22 228 1
22 2 228 1
3 23 271 1
23 3 271 1
5 24 252 1
24 5 252 1
42 51 463 1
51 42 463 1
59 61 271 1
61 59 271 1
95 109 146 1
109 95 146 1
46 49 541 1
49 46 541 1
1 61 385 1
61 1 385 1
1 19 351 1
19 1 351 1
18 93 1308 1
93 18 1308 1
66 68 378 1
68 66 378 1
26 82 411 1
82 26 411 1
53 91 265 1
91 53 265 1
27 39 536 1
39 27 536 1
42 45 300 1
45 42 300 1
86 89 1016 1
89 86 1016 1
0 18 364 1
18 0 364 1
52 54 402 1
54 52 402 1
98 112 277 1
112 98 277 1
54 55 651 1
55 54 651 1
98 111 265 1
111 98 265 1
42 50 271 1
50 42 271 1
87 89 476 1
89 87 476 1
51 53 271 1
53 51 271 1
101 104 464 1
104 101 464 1
56 78 391 1
78 56 391 1
29 81 342 1
81 29 342 1
100 101 656 1
101 100 656 1
5 25 129 1
25 5 129 1
11 13 168 1
13 11 168 1
17 80 1070 1
80 17 1070 1
70 77 376 1
77 70 376 1
45 55 662 1
55 45 662 1
96 98 184 1
98 96 184 1
8 71 624 1
71 8 624 1
85 87 616 1
87 85 616 1
96 110 214 1
110 96 214 1
32 72 471 1
72 32 471 1
43 55 485 1
55 43 485 1
49 98 742 1
98 49 742 1
56 81 1090 1
81 56 1090 1
5 14 572 1
14 5 572 1
27 83 450 1
83 27 450 1
60 61 893 1
61 60 893 1
82 87 849 1
87 82 849 1
46 96 270 1
96 46 270 1
57 59 382 1
59 57 382 1
100 103 576 1
103 100 576 1
12 28 275 1
28 12 275 1
17 63 324 1
63 17 324 1
45 99 570 1
99 45 570 1
12 13 959 1
13 12 959 1
95 108 123 1
108 95 123 1
0 59 847 1
59 0 847 1
59 68 484 1
68 59 484 1
73 75 84 1
75 73 84 1
18 92 1286 1
92 18 1286 1
18 68 315 1
68 18 315 1
114 115 96 1
115 114 96 1
23 25 373 1
25 23 373 1
39 94 407 1
94 39 407 1
103 106 532 1
106 103 532 1
9 14 725 1
14 9 725 1
101 106 633 1
106 101 633 1
36 80 330 1
80 36 330 1
44 99 632 1
99 44 632 1
44 98 563 1
98 44 563 1
4 26 161 1
26 4 161 1
30 72 390 1
72 30 390 1
0 19 488 1
19 0 488 1
102 107 560 1
107 102 560 1
21 71 214 1
71 21 214 1
56 80 431 1
80 56 431 1
63 80 1146 1
80 63 1146 1
43 99 372 1
99 43 372 1
5 83 447 1
83 5 447 1
17 74 721 1
74 17 721 1
57 81 488 1
81 57 488 1
49 55 664 1
55 49 664 1
79 80 991 1
80 79 991 1
0 1 800 1
1 0 800 1
94 97 266 1
97 94 266 1
14 82 179 1
82 14 179 1
34 114 610 1
114 34 610 1
37 105 506 1
105 37 506 1
3 19 382 1
19 3 382 1
4 14 255 1
14 4 255 1
44 55 743 1
55 44 743 1
97 111 292 1
111 97 292 1
1 59 541 1
59 1 541 1
1 58 829 1
58 1 829 1
60 62 241 1
62 60 241 1
42 48 243 1
48 42 243 1
72 81 860 1
81 72 860 1
108 115 135 1
115 108 135 1
22 64 1169 1
64 22 1169 1
42 99 482 1
99 42 482 1
1 57 172 1
57 1 172 1
57 115 958 1
115 57 958 1
61 65 175 1
65 61 175 1
94 114 259 1
114 94 259 1
16 80 152 1
80 16 152 1
26 83 578 1
83 26 578 1
43 48 391 1
48 43 391 1
8 21 536 1
21 8 536 1
51 52 786 1
52 51 786 1
67 69 345 1
69 67 345 1
62 81 1169 1
81 62 1169 1
30 74 403 1
74 30 403 1
0 60 405 1
60 0 405 1
3 6 559 1
6 3 559 1
26 39 604 1
39 26 604 1
97 109 174 1
109 97 174 1
43 96 503 1
96 43 503 1
29 62 1067 1
62 29 1067 1
36 40 213 1
40 36 213 1
105 106 359 1
106 105 359 1
0 57 825 1
57 0 825 1
2 18 379 1
18 2 379 1
5 82 673 1
82 5 673 1
9 21 431 1
21 9 431 1
31 33 517 1
33 31 517 1
37 39 117 1
39 37 117 1
101 105 274 1
105 101 274 1
19 66 600 1
66 19 600 1
29 30 533 1
30 29 533 1
32 74 456 1
74 32 456 1
8 14 205 1
14 8 205 1
29 32 631 1
32 29 631 1
45 96 643 1
96 45 643 1
39 114 488 1
114 39 488 1
57 80 1050 1
80 57 1050 1
83 87 158 1
87 83 158 1
27 34 903 1
34 27 903 1
55 97 173 1
97 55 173 1
59 60 718 1
60 59 718 1
82 89 1043 1
89 82 1043 1
47 111 188 1
111 47 188 1
58 61 717 1
61 58 717 1
63 81 293 1
81 63 293 1
72 80 384 1
80 72 384 1
4 75 618 1
75 4 618 1
100 107 640 1
107 100 640 1
27 82 524 1
82 27 524 1
24 75 604 1
75 24 604 1
35 64 566 1
64 35 566 1
0 61 943 1
61 0 943 1
17 32 646 1
32 17 646 1
38 39 465 1
39 38 465 1
46 99 446 1
99 46 446 1
5 39 639 1
39 5 639 1
109 115 211 1
115 109 211 1
45 111 467 1
111 45 467 1
12 29 886 1
29 12 886 1
20 26 232 1
26 20 232 1
21 25 360 1
25 21 360 1
37 77 246 1
77 37 246 1
48 55 832 1
55 48 832 1
23 64 1238 1
64 23 1238 1
43 98 522 1
98 43 522 1
46 97 424 1
97 46 424 1
104 106 195 1
106 104 195 1
0 56 174 1
56 0 174 1
49 99 587 1
99 49 587 1
1 6 868 1
6 1 868 1
49 73 903 1
73 49 903 1
62 80 268 1
80 62 268 1
24 110 1066 1
110 24 1066 1
27 107 753 1
107 27 753 1
28 29 741 1
29 28 741 1
51 99 497 1
99 51 497 1
111 112 111 1
112 111 111 1
2 19 481 1
19 2 481 1
4 71 523 1
71 4 523 1
34 94 438 1
94 34 438 1
96 99 428 1
99 96 428 1
8 75 728 1
75 8 728 1
11 65 770 1
65 11 770 1
96 111 286 1
111 96 286 1
0 2 460 1
2 0 460 1
12 72 358 1
72 12 358 1
16 81 1063 1
81 16 1063 1
47 97 280 1
97 47 280 1
54 96 167 1
96 54 167 1
92 100 157 1
100 92 157 1
25 26 225 1
26 25 225 1
43 111 293 1
111 43 293 1
84 87 1148 1
87 84 1148 1
9 75 548 1
75 9 548 1
36 81 848 1
81 36 848 1
48 53 654 1
53 48 654 1
51 73 868 1
73 51 868 1
20 21 185 1
21 20 185 1
70 76 285 1
76 70 285 1
9 26 419 1
26 9 419 1
51 55 568 1
55 51 568 1
94 109 127 1
109 94 127 1
6 19 593 1
19 6 593 1
25 35 978 1
35 25 978 1
26 86 416 1
86 26 416 1
29 76 555 1
76 29 555 1
58 67 368 1
67 58 368 1
99 112 272 1
112 99 272 1
25 27 193 1
27 25 193 1
47 96 412 1
96 47 412 1
47 99 231 1
99 47 231 1
32 62 548 1
62 32 548 1
47 55 367 1
55 47 367 1
5 15 278 1
15 5 278 1
13 29 290 1
29 13 290 1
25 91 1244 1
91 25 1244 1
28 74 188 1
74 28 188 1
14 26 321 1
26 14 321 1
15 83 194 1
83 15 194 1
87 88 1035 1
88 87 1035 1
94 108 97 1
108 94 97 1
24 26 201 1
26 24 201 1
42 53 475 1
53 42 475 1
52 90 240 1
90 52 240 1
69 92 1197 1
92 69 1197 1
76 105 661 1
105 76 661 1
14 83 858 1
83 14 858 1
51 54 884 1
54 51 884 1
47 110 210 1
110 47 210 1
4 21 414 1
21 4 414 1
57 58 735 1
58 57 735 1
4 27 279 1
27 4 279 1
4 73 633 1
73 4 633 1
79 103 745 1
103 79 745 1
1 68 549 1
68 1 549 1
57 78 938 1
78 57 938 1
6 22 333 1
22 6 333 1
23 35 930 1
35 23 930 1
35 110 305 1
110 35 305 1
1 60 923 1
60 1 923 1
37 114 513 1
114 37 513 1
50 55 863 1
55 50 863 1
52 91 777 1
91 52 777 1
63 72 944 1
72 63 944 1
71 75 163 1
75 71 163 1
9 88 1163 1
88 9 1163 1
113 115 188 1
115 113 188 1
20 70 213 1
70 20 213 1
95 115 205 1
115 95 205 1
32 33 149 1
33 32 149 1
44 73 947 1
73 44 947 1
105 107 233 1
107 105 233 1
16 79 934 1
79 16 934 1
42 55 629 1
55 42 629 1
46 50 303 1
50 46 303 1
30 33 526 1
33 30 526 1
34 64 445 1
64 34 445 1
43 97 409 1
97 43 409 1
45 47 345 1
47 45 345 1
72 76 257 1
76 72 257 1
97 114 263 1
114 97 263 1
41 73 204 1
73 41 204 1
42 49 396 1
49 42 396 1
16 72 287 1
72 16 287 1
23 86 866 1
86 23 866 1
28 80 329 1
80 28 329 1
0 68 414 1
68 0 414 1
34 82 812 1
82 34 812 1
45 112 552 1
112 45 552 1
51 90 888 1
90 51 888 1
100 104 240 1
104 100 240 1
37 109 343 1
109 37 343 1
106 108 322 1
108 106 322 1
28 30 436 1
30 28 436 1
19 57 426 1
57 19 426 1
24 35 1010 1
35 24 1010 1
45 73 892 1
73 45 892 1
50 73 1055 1
73 50 1055 1
37 108 355 1
108 37 355 1
46 51 585 1
51 46 585 1
91 99 166 1
99 91 166 1
96 109 176 1
109 96 176 1
4 25 258 1
25 4 258 1
17 28 894 1
28 17 894 1
17 78 955 1
78 17 955 1
18 22 537 1
22 18 537 1
48 73 1028 1
73 48 1028 1
7 19 519 1
19 7 519 1
22 92 1425 1
92 22 1425 1
55 111 434 1
111 55 434 1
6 18 473 1
18 6 473 1
9 25 252 1
25 9 252 1
42 111 258 1
111 42 258 1
91 92 669 1
92 91 669 1
29 31 454 1
31 29 454 1
46 112 262 1
112 46 262 1
48 99 711 1
99 48 711 1
12 81 1161 1
81 12 1161 1
42 97 497 1
97 42 497 1
86 107 792 1
107 86 792 1
0 3 712 1
3 0 712 1
14 24 389 1
24 14 389 1
14 75 659 1
75 14 659 1
15 24 514 1
24 15 514 1
23 92 1466 1
92 23 1466 1
29 80 961 1
80 29 961 1
12 62 664 1
62 12 664 1
19 93 1252 1
93 19 1252 1
29 77 357 1
77 29 357 1
54 89 853 1
89 54 853 1
48 90 628 1
90 48 628 1
50 96 527 1
96 50 527 1
51 91 505 1
91 51 505 1
59 67 245 1
67 59 245 1
26 107 808 1
107 26 808 1
37 38 515 1
38 37 515 1
14 27 449 1
27 14 449 1
104 108 301 1
108 104 301 1
32 45 684 1
45 32 684 1
37 110 431 1
110 37 431 1
47 51 339 1
51 47 339 1
11 15 385 1
15 11 385 1
19 59 618 1
59 19 618 1
68 69 164 1
69 68 164 1
97 98 437 1
98 97 437 1
34 35 126 1
35 34 126 1
39 110 466 1
110 39 466 1
56 63 1014 1
63 56 1014 1
25 110 1042 1
110 25 1042 1
38 79 739 1
79 38 739 1
5 71 431 1
71 5 431 1
10 12 181 1
12 10 181 1
1 7 452 1
7 1 452 1
20 27 271 1
27 20 271 1
26 88 791 1
88 26 791 1
27 114 923 1
114 27 923 1
40 74 182 1
74 40 182 1
22 82 706 1
82 22 706 1
44 111 448 1
111 44 448 1
56 115 941 1
115 56 941 1
57 66 576 1
66 57 576 1
64 86 1029 1
86 64 1029 1
17 76 648 1
76 17 648 1
34 39 610 1
39 34 610 1
37 95 241 1
95 37 241 1
38 97 469 1
97 38 469 1
44 47 404 1
47 44 404 1
64 65 897 1
65 64 897 1
11 31 475 1
31 11 475 1
21 24 413 1
24 21 413 1
54 98 204 1
98 54 204 1
28 62 527 1
62 28 527 1
31 102 1165 1
102 31 1165 1
0 66 594 1
66 0 594 1
9 93 1250 1
93 9 1250 1
12 63 1218 1
63 12 1218 1
13 28 892 1
28 13 892 1
102 106 217 1
106 102 217 1
49 112 609 1
112 49 609 1
78 85 1017 1
85 78 1017 1
40 72 200 1
72 40 200 1
44 96 580 1
96 44 580 1
96 112 337 1
112 96 337 1
21 39 356 1
39 21 356 1
32 76 341 1
76 32 341 1
48 54 669 1
54 48 669 1
75 77 210 1
77 75 210 1
20 38 349 1
38 20 349 1
25 53 1369 1
53 25 1369 1
26 35 893 1
35 26 893 1
32 49 731 1
49 32 731 1
38 85 837 1
85 38 837 1
13 31 424 1
31 13 424 1
56 59 788 1
59 56 788 1
64 82 943 1
82 64 943 1
49 111 530 1
111 49 530 1
0 6 417 1
6 0 417 1
2 23 340 1
23 2 340 1
22 86 800 1
86 22 800 1
27 109 761 1
109 27 761 1
50 111 478 1
111 50 478 1
58 68 392 1
68 58 392 1
4 15 597 1
15 4 597 1
9 92 1428 1
92 9 1428 1
26 34 907 1
34 26 907 1
47 50 544 1
50 47 544 1
1 2 743 1
2 1 743 1
20 39 459 1
39 20 459 1
93 101 103 1
101 93 103 1
7 22 454 1
22 7 454 1
18 82 891 1
82 18 891 1
26 89 900 1
89 26 900 1
40 76 327 1
76 40 327 1
53 54 818 1
54 53 818 1
25 71 434 1
71 25 434 1
27 97 789 1
97 27 789 1
37 94 426 1
94 37 426 1
57 61 216 1
61 57 216 1
109 114 278 1
114 109 278 1
16 29 882 1
29 16 882 1
38 76 305 1
76 38 305 1
105 108 296 1
108 105 296 1
33 65 634 1
65 33 634 1
39 83 378 1
83 39 378 1
53 90 787 1
90 53 787 1
63 78 1033 1
78 63 1033 1
36 57 914 1
57 36 914 1
48 91 808 1
91 48 808 1
56 68 408 1
68 56 408 1
5 20 424 1
20 5 424 1
3 90 1350 1
90 3 1350 1
5 34 1016 1
34 5 1016 1
50 52 243 1
52 50 243 1
50 54 543 1
54 50 543 1
61 115 933 1
115 61 933 1
24 47 1229 1
47 24 1229 1
45 74 897 1
74 45 897 1
41 75 187 1
75 41 187 1
69 93 1169 1
93 69 1169 1
78 105 821 1
105 78 821 1
83 86 863 1
86 83 863 1
21 91 892 1
91 21 892 1
56 60 232 1
60 56 232 1
8 52 1288 1
52 8 1288 1
13 72 796 1
72 13 796 1
21 53 1018 1
53 21 1018 1
49 54 854 1
54 49 854 1
15 21 348 1
21 15 348 1
35 92 768 1
92 35 768 1
38 104 427 1
104 38 427 1
12 80 516 1
80 12 516 1
74 77 362 1
77 74 362 1
82 94 609 1
94 82 609 1
82 107 847 1
107 82 847 1
37 40 562 1
40 37 562 1
37 46 651 1
46 37 651 1
48 52 415 1
52 48 415 1
70 74 155 1
74 70 155 1
91 93 118 1
93 91 118 1
100 106 280 1
106 100 280 1
37 111 552 1
111 37 552 1
37 115 443 1
115 37 443 1
47 98 442 1
98 47 442 1
16 56 380 1
56 16 380 1
7 23 337 1
23 7 337 1
4 88 829 1
88 4 829 1
5 89 870 1
89 5 870 1
17 56 1024 1
56 17 1024 1
37 74 520 1
74 37 520 1
1 63 334 1
63 1 334 1
50 110 492 1
110 50 492 1
97 99 180 1
99 97 180 1
97 108 170 1
108 97 170 1
16 111 812 1
111 16 812 1
38 103 677 1
103 38 677 1
51 98 763 1
98 51 763 1
80 84 162 1
84 80 162 1
90 92 135 1
92 90 135 1
10 64 755 1
64 10 755 1
16 63 1092 1
63 16 1092 1
33 77 332 1
77 33 332 1
36 37 542 1
37 36 542 1
38 87 730 1
87 38 730 1
14 21 487 1
21 14 487 1
54 88 224 1
88 54 224 1
5 91 1178 1
91 5 1178 1
16 28 220 1
28 16 220 1
18 35 624 1
35 18 624 1
26 97 829 1
97 26 829 1
27 86 519 1
86 27 519 1
83 114 861 1
114 83 861 1
8 91 1373 1
91 8 1373 1
27 38 594 1
38 27 594 1
0 115 997 1
115 0 997 1
9 83 411 1
83 9 411 1
10 14 380 1
14 10 380 1
18 100 1277 1
100 18 1277 1
44 112 534 1
112 44 534 1
51 71 950 1
71 51 950 1
5 88 1026 1
88 5 1026 1
7 13 237 1
13 7 237 1
56 89 1199 1
89 56 1199 1
60 65 898 1
65 60 898 1
99 111 265 1
111 99 265 1
17 30 703 1
30 17 703 1
55 89 213 1
89 55 213 1
61 94 881 1
94 61 881 1
95 112 395 1
112 95 395 1
20 76 380 1
76 20 380 1
21 89 648 1
89 21 648 1
23 90 1391 1
90 23 1391 1
25 90 1282 1
90 25 1282 1
47 53 268 1
53 47 268 1
26 109 775 1
109 26 775 1
31 77 552 1
77 31 552 1
8 47 1265 1
47 8 1265 1
32 81 728 1
81 32 728 1
0 93 1314 1
93 0 1314 1
8 25 389 1
25 8 389 1
11 33 518 1
33 11 518 1
28 76 345 1
76 28 345 1
30 70 259 1
70 30 259 1
38 55 598 1
55 38 598 1
38 111 560 1
111 38 560 1
5 75 500 1
75 5 500 1
17 79 135 1
79 17 135 1
27 104 911 1
104 27 911 1
56 106 934 1
106 56 934 1
78 103 971 1
103 78 971 1
85 89 220 1
89 85 220 1
11 74 727 1
74 11 727 1
25 73 516 1
73 25 516 1
7 18 581 1
18 7 581 1
20 25 402 1
25 20 402 1
25 92 1338 1
92 25 1338 1
70 101 1040 1
101 70 1040 1
20 36 396 1
36 20 396 1
82 114 823 1
114 82 823 1
6 12 248 1
12 6 248 1
11 30 584 1
30 11 584 1
13 33 629 1
33 13 629 1
42 110 303 1
110 42 303 1
45 97 591 1
97 45 591 1
46 48 368 1
48 46 368 1
93 102 600 1
102 93 600 1
9 82 826 1
82 9 826 1
21 52 1052 1
52 21 1052 1
27 89 807 1
89 27 807 1
36 56 615 1
56 36 615 1
79 104 860 1
104 79 860 1
7 31 345 1
31 7 345 1
8 15 741 1
15 8 741 1
36 63 945 1
63 36 945 1
46 54 354 1
54 46 354 1
56 58 427 1
58 56 427 1
73 98 854 1
98 73 854 1
11 12 972 1
12 11 972 1
16 62 313 1
62 16 313 1
19 58 678 1
58 19 678 1
22 25 402 1
25 22 402 1
47 73 730 1
73 47 730 1
72 79 733 1
79 72 733 1
105 114 152 1
114 105 152 1
1 56 851 1
56 1 851 1
9 71 488 1
71 9 488 1
44 74 853 1
74 44 853 1
57 108 842 1
108 57 842 1
82 113 905 1
113 82 905 1
4 83 726 1
83 4 726 1
40 109 467 1
109 40 467 1
78 84 235 1
84 78 235 1
18 23 573 1
23 18 573 1
19 92 1295 1
92 19 1295 1
36 72 276 1
72 36 276 1
38 78 371 1
78 38 371 1
49 96 720 1
96 49 720 1
80 85 1121 1
85 80 1121 1
88 93 930 1
93 88 930 1
0 88 782 1
88 0 782 1
4 82 403 1
82 4 403 1
5 86 673 1
86 5 673 1
43 110 298 1
110 43 298 1
62 74 590 1
74 62 590 1
16 55 931 1
55 16 931 1
23 88 1119 1
88 23 1119 1
27 94 748 1
94 27 748 1
79 105 747 1
105 79 747 1
28 33 585 1
33 28 585 1
76 111 559 1
111 76 559 1
2 58 959 1
58 2 959 1
11 29 239 1
29 11 239 1
39 108 341 1
108 39 341 1
10 11 986 1
11 10 986 1
26 113 1029 1
113 26 1029 1
28 81 975 1
81 28 975 1
39 82 719 1
82 39 719 1
104 114 171 1
114 104 171 1
31 70 334 1
70 31 334 1
42 73 906 1
73 42 906 1
50 98 448 1
98 50 448 1
31 41 528 1
41 31 528 1
31 74 479 1
74 31 479 1
31 100 1216 1
100 31 1216 1
40 41 506 1
41 40 506 1
84 86 610 1
86 84 610 1
12 30 419 1
30 12 419 1
38 110 451 1
110 38 451 1
39 109 356 1
109 39 356 1
42 98 381 1
98 42 381 1
43 73 792 1
73 43 792 1
52 89 1027 1
89 52 1027 1
9 27 309 1
27 9 309 1
12 79 1029 1
79 12 1029 1
48 98 566 1
98 48 566 1
76 80 424 1
80 76 424 1
50 53 744 1
53 50 744 1
50 90 473 1
90 50 473 1
76 101 848 1
101 76 848 1
8 53 1492 1
53 8 1492 1
16 76 379 1
76 16 379 1
5 97 910 1
97 5 910 1
5 107 867 1
107 5 867 1
97 105 299 1
105 97 299 1
41 72 550 1
72 41 550 1
6 93 1425 1
93 6 1425 1
21 34 706 1
34 21 706 1
53 99 316 1
99 53 316 1
56 105 1117 1
105 56 1117 1
57 94 878 1
94 57 878 1
10 13 1004 1
13 10 1004 1
15 31 431 1
31 15 431 1
20 37 510 1
37 20 510 1
54 99 587 1
99 54 587 1
89 113 633 1
113 89 633 1
7 61 813 1
61 7 813 1
23 31 199 1
31 23 199 1
30 77 559 1
77 30 559 1
37 43 584 1
43 37 584 1
97 115 218 1
115 97 218 1
108 114 218 1
114 108 218 1
6 100 1229 1
100 6 1229 1
61 63 238 1
63 61 238 1
18 113 1181 1
113 18 1181 1
22 88 1044 1
88 22 1044 1
34 115 566 1
115 34 566 1
1 3 446 1
3 1 446 1
18 88 1010 1
88 18 1010 1
18 90 1192 1
90 18 1192 1
38 74 265 1
74 38 265 1
54 91 742 1
91 54 742 1
9 91 1212 1
91 9 1212 1
24 71 494 1
71 24 494 1
29 79 257 1
79 29 257 1
30 41 563 1
41 30 563 1
39 96 494 1
96 39 494 1
48 71 1030 1
71 48 1030 1
81 105 772 1
105 81 772 1
88 113 635 1
113 88 635 1
43 74 810 1
74 43 810 1
66 102 974 1
102 66 974 1
102 105 355 1
105 102 355 1
2 61 1041 1
61 2 1041 1
7 11 254 1
11 7 254 1
36 76 232 1
76 36 232 1
37 81 336 1
81 37 336 1
76 81 691 1
81 76 691 1
16 49 1030 1
49 16 1030 1
25 47 1189 1
47 25 1189 1
29 40 655 1
40 29 655 1
9 35 1031 1
35 9 1031 1
9 47 1209 1
47 9 1209 1
9 73 497 1
73 9 497 1
36 78 263 1
78 36 263 1
36 112 594 1
112 36 594 1
46 105 514 1
105 46 514 1
74 95 497 1
95 74 497 1
33 64 737 1
64 33 737 1
41 74 484 1
74 41 484 1
61 68 615 1
68 61 615 1
66 69 349 1
69 66 349 1
83 107 587 1
107 83 587 1
12 17 1046 1
17 12 1046 1
18 57 564 1
57 18 564 1
38 105 521 1
105 38 521 1
51 111 516 1
111 51 516 1
32 44 667 1
44 32 667 1
38 99 625 1
99 38 625 1
49 71 957 1
71 49 957 1
76 97 459 1
97 76 459 1
29 63 531 1
63 29 531 1
44 54 668 1
54 44 668 1
51 96 733 1
96 51 733 1
56 94 768 1
94 56 768 1
57 60 868 1
60 57 868 1
76 94 331 1
94 76 331 1
84 89 1110 1
89 84 1110 1
6 60 799 1
60 6 799 1
37 80 842 1
80 37 842 1
76 79 567 1
79 76 567 1
0 94 819 1
94 0 819 1
21 82 511 1
82 21 511 1
25 75 536 1
75 25 536 1
45 54 766 1
54 45 766 1
56 79 965 1
79 56 965 1
8 27 425 1
27 8 425 1
27 106 796 1
106 27 796 1
74 79 666 1
79 74 666 1
107 108 333 1
108 107 333 1
4 96 908 1
96 4 908 1
14 35 910 1
35 14 910 1
17 49 813 1
49 17 813 1
25 50 1404 1
50 25 1404 1
31 72 482 1
72 31 482 1
49 72 1014 1
72 49 1014 1
96 108 167 1
108 96 167 1
104 115 184 1
115 104 184 1
108 109 87 1
109 108 87 1
17 40 824 1
40 17 824 1
53 55 448 1
55 53 448 1
1 115 1005 1
115 1 1005 1
15 75 396 1
75 15 396 1
49 74 960 1
74 49 960 1
5 53 1317 1
53 5 1317 1
5 113 1156 1
113 5 1156 1
10 15 968 1
15 10 968 1
24 53 1427 1
53 24 1427 1
26 106 767 1
106 26 767 1
31 64 1128 1
64 31 1128 1
29 78 851 1
78 29 851 1
33 76 380 1
76 33 380 1
39 55 254 1
55 39 254 1
18 66 623 1
66 18 623 1
28 32 528 1
32 28 528 1
28 84 456 1
84 28 456 1
39 115 411 1
115 39 411 1
55 91 297 1
91 55 297 1
109 110 135 1
110 109 135 1
1 66 683 1
66 1 683 1
5 35 974 1
35 5 974 1
5 109 897 1
109 5 897 1
15 25 386 1
25 15 386 1
30 102 1111 1
102 30 1111 1
37 78 740 1
78 37 740 1
76 109 320 1
109 76 320 1
24 73 599 1
73 24 599 1
73 96 674 1
96 73 674 1
86 106 508 1
106 86 508 1
3 64 1134 1
64 3 1134 1
5 92 1324 1
92 5 1324 1
13 15 277 1
15 13 277 1
21 83 382 1
83 21 382 1
26 38 554 1
38 26 554 1
61 88 1219 1
88 61 1219 1
93 107 357 1
107 93 357 1
21 73 247 1
73 21 247 1
26 114 936 1
114 26 936 1
35 65 453 1
65 35 453 1
37 42 712 1
42 37 712 1
37 99 410 1
99 37 410 1
56 61 920 1
61 56 920 1
71 91 911 1
91 71 911 1
76 78 312 1
78 76 312 1
7 100 1408 1
100 7 1408 1
13 63 653 1
63 13 653 1
14 64 1035 1
64 14 1035 1
24 41 633 1
41 24 633 1
25 52 1373 1
52 25 1373 1
15 41 349 1
41 15 349 1
25 111 1192 1
111 25 1192 1
39 105 458 1
105 39 458 1
46 73 842 1
73 46 842 1
76 95 396 1
95 76 396 1
5 114 1065 1
114 5 1065 1
13 30 546 1
30 13 546 1
14 114 959 1
114 14 959 1
20 97 635 1
97 20 635 1
27 115 829 1
115 27 829 1
38 84 429 1
84 38 429 1
40 112 757 1
112 40 757 1
42 96 429 1
96 42 429 1
76 103 780 1
103 76 780 1
82 115 739 1
115 82 739 1
7 65 934 1
65 7 934 1
24 27 252 1
27 24 252 1
28 41 661 1
41 28 661 1
28 63 1049 1
63 28 1049 1
47 91 332 1
91 47 332 1
56 101 1297 1
101 56 1297 1
2 10 438 1
10 2 438 1
26 94 743 1
94 26 743 1
30 32 574 1
32 30 574 1
34 107 734 1
107 34 734 1
39 76 461 1
76 39 461 1
23 82 788 1
82 23 788 1
31 83 561 1
83 31 561 1
37 56 930 1
56 37 930 1
40 80 433 1
80 40 433 1
23 24 403 1
24 23 403 1
25 42 1319 1
42 25 1319 1
26 110 904 1
110 26 904 1
69 100 1235 1
100 69 1235 1
8 26 300 1
26 8 300 1
10 30 501 1
30 10 501 1
28 79 847 1
79 28 847 1
38 86 366 1
86 38 366 1
15 26 469 1
26 15 469 1
24 92 1330 1
92 24 1330 1
34 83 887 1
83 34 887 1
3 61 814 1
61 3 814 1
19 69 323 1
69 19 323 1
23 87 803 1
87 23 803 1
29 41 234 1
41 29 234 1
40 46 685 1
46 40 685 1
70 103 965 1
103 70 965 1
73 99 684 1
99 73 684 1
85 110 584 1
110 85 584 1
88 94 422 1
94 88 422 1
6 61 1132 1
61 6 1132 1
8 96 954 1
96 8 954 1
20 77 434 1
77 20 434 1
22 93 1426 1
93 22 1426 1
38 70 414 1
70 38 414 1
90 98 163 1
98 90 163 1
36 38 122 1
38 36 122 1
2 60 843 1
60 2 843 1
21 75 222 1
75 21 222 1
21 114 752 1
114 21 752 1
57 85 575 1
85 57 575 1
68 104 1183 1
104 68 1183 1
0 100 1107 1
100 0 1107 1
19 61 611 1
61 19 611 1
20 71 311 1
71 20 311 1
34 38 552 1
38 34 552 1
73 111 787 1
111 73 787 1
93 106 650 1
106 93 650 1
15 35 881 1
35 15 881 1
16 99 951 1
99 16 951 1
16 105 923 1
105 16 923 1
21 92 1010 1
92 21 1010 1
24 88 947 1
88 24 947 1
30 76 537 1
76 30 537 1
77 102 773 1
102 77 773 1
8 88 819 1
88 8 819 1
15 27 336 1
27 15 336 1
20 82 329 1
82 20 329 1
68 102 1226 1
102 68 1226 1
76 112 647 1
112 76 647 1
1 17 391 1
17 1 391 1
15 114 987 1
114 15 987 1
36 95 408 1
95 36 408 1
77 93 729 1
93 77 729 1
85 97 439 1
97 85 439 1
2 93 1417 1
93 2 1417 1
3 82 903 1
82 3 903 1
26 87 560 1
87 26 560 1
30 62 878 1
62 30 878 1
46 74 677 1
74 46 677 1
47 48 490 1
48 47 490 1
59 115 981 1
115 59 981 1
76 110 394 1
110 76 394 1
0 7 871 1
7 0 871 1
1 18 493 1
18 1 493 1
12 60 825 1
60 12 825 1
15 92 1292 1
92 15 1292 1
46 110 220 1
110 46 220 1
6 102 1207 1
102 6 1207 1
24 52 1359 1
52 24 1359 1
55 112 466 1
112 55 466 1
74 105 731 1
105 74 731 1
13 17 364 1
17 13 364 1
25 31 272 1
31 25 272 1
37 47 493 1
47 37 493 1
40 75 477 1
75 40 477 1
70 72 158 1
72 70 158 1
0 106 981 1
106 0 981 1
14 68 1034 1
68 14 1034 1
16 74 335 1
74 16 335 1
17 36 828 1
36 17 828 1
64 88 675 1
88 64 675 1
71 96 683 1
96 71 683 1
74 81 792 1
81 74 792 1
77 101 754 1
101 77 754 1
9 86 825 1
86 9 825 1
29 70 512 1
70 29 512 1
37 104 610 1
104 37 610 1
39 87 370 1
87 39 370 1
43 112 376 1
112 43 376 1
67 111 605 1
111 67 605 1
77 105 632 1
105 77 632 1
78 101 1049 1
101 78 1049 1
16 101 1154 1
101 16 1154 1
18 69 392 1
69 18 392 1
37 57 643 1
57 37 643 1
37 112 610 1
112 37 610 1
0 102 1108 1
102 0 1108 1
10 31 619 1
31 10 619 1
18 91 1236 1
91 18 1236 1
27 35 871 1
35 27 871 1
50 99 730 1
99 50 730 1
36 75 517 1
75 36 517 1
68 115 1040 1
115 68 1040 1
37 79 267 1
79 37 267 1
88 92 521 1
92 88 521 1
11 61 675 1
61 11 675 1
26 64 1183 1
64 26 1183 1
62 79 1049 1
79 62 1049 1
73 112 858 1
112 73 858 1
78 104 706 1
104 78 706 1
109 113 333 1
113 109 333 1
3 88 1145 1
88 3 1145 1
33 114 880 1
114 33 880 1
44 71 961 1
71 44 961 1
54 90 282 1
90 54 282 1
32 112 880 1
112 32 880 1
55 85 300 1
85 55 300 1
56 104 1033 1
104 56 1033 1
76 104 623 1
104 76 623 1
95 105 309 1
105 95 309 1
98 108 315 1
108 98 315 1
12 41 846 1
41 12 846 1
29 33 510 1
33 29 510 1
34 84 580 1
84 34 580 1
38 108 316 1
108 38 316 1
113 114 95 1
114 113 95 1
2 64 992 1
64 2 992 1
4 52 1272 1
52 4 1272 1
6 13 864 1
13 6 864 1
20 83 565 1
83 20 565 1
22 90 1341 1
90 22 1341 1
26 115 841 1
115 26 841 1
20 40 225 1
40 20 225 1
33 41 611 1
41 33 611 1
62 78 287 1
78 62 287 1
73 91 794 1
91 73 794 1
105 111 367 1
111 105 367 1
16 45 943 1
45 16 943 1
22 34 922 1
34 22 922 1
27 53 1217 1
53 27 1217 1
79 84 1035 1
84 79 1035 1
14 34 879 1
34 14 879 1
21 109 565 1
109 21 565 1
27 96 825 1
96 27 825 1
56 108 829 1
108 56 829 1
58 65 718 1
65 58 718 1
67 110 507 1
110 67 507 1
84 88 224 1
88 84 224 1
21 97 595 1
97 21 595 1
21 113 840 1
113 21 840 1
39 107 280 1
107 39 280 1
55 73 498 1
73 55 498 1
56 95 883 1
95 56 883 1
70 71 263 1
71 70 263 1
15 39 506 1
39 15 506 1
57 84 1116 1
84 57 1116 1
64 75 961 1
75 64 961 1
72 77 430 1
77 72 430 1
14 25 491 1
25 14 491 1
27 113 1016 1
113 27 1016 1
32 46 706 1
46 32 706 1
93 103 173 1
103 93 173 1
3 92 1420 1
92 3 1420 1
19 88 1069 1
88 19 1069 1
21 35 666 1
35 21 666 1
50 97 711 1
97 50 711 1
52 55 814 1
55 52 814 1
79 85 260 1
85 79 260 1
89 91 402 1
91 89 402 1
18 64 805 1
64 18 805 1
33 39 630 1
39 33 630 1
5 110 1022 1
110 5 1022 1
14 18 837 1
18 14 837 1
39 86 698 1
86 39 698 1
43 54 646 1
54 43 646 1
89 106 787 1
106 89 787 1
16 32 504 1
32 16 504 1
30 79 725 1
79 30 725 1
38 89 763 1
89 38 763 1
70 107 772 1
107 70 772 1
74 108 474 1
108 74 474 1
76 108 370 1
108 76 370 1
77 104 668 1
104 77 668 1
79 101 758 1
101 79 758 1
6 58 957 1
58 6 957 1
20 109 557 1
109 20 557 1
22 31 234 1
31 22 234 1
27 99 955 1
99 27 955 1
27 108 748 1
108 27 748 1
44 90 651 1
90 44 651 1
109 112 348 1
112 109 348 1
13 62 1248 1
62 13 1248 1
16 70 409 1
70 16 409 1
39 53 692 1
53 39 692 1
56 62 252 1
62 56 252 1
95 96 288 1
96 95 288 1
9 52 1482 1
52 9 1482 1
11 102 1239 1
102 11 1239 1
28 77 540 1
77 28 540 1
40 95 491 1
95 40 491 1
91 98 616 1
98 91 616 1
7 33 515 1
33 7 515 1
24 91 1303 1
91 24 1303 1
59 65 304 1
65 59 304 1
66 104 942 1
104 66 942 1
2 59 1058 1
59 2 1058 1
5 96 975 1
96 5 975 1
14 39 770 1
39 14 770 1
15 100 1225 1
100 15 1225 1
22 100 1358 1
100 22 1358 1
47 71 801 1
71 47 801 1
55 95 221 1
95 55 221 1
95 104 381 1
104 95 381 1
98 106 320 1
106 98 320 1
0 82 741 1
82 0 741 1
7 102 1355 1
102 7 1355 1
19 90 1212 1
90 19 1212 1
24 97 1000 1
97 24 1000 1
79 107 579 1
107 79 579 1
80 83 1100 1
83 80 1100 1
94 95 213 1
95 94 213 1
4 113 1150 1
113 4 1150 1
16 85 1095 1
85 16 1095 1
22 89 1126 1
89 22 1126 1
26 104 905 1
104 26 905 1
32 79 600 1
79 32 600 1
36 79 738 1
79 36 738 1
44 53 562 1
53 44 562 1
57 113 1031 1
113 57 1031 1
25 51 1371 1
51 25 1371 1
42 91 584 1
91 42 584 1
6 10 299 1
10 6 299 1
16 73 769 1
73 16 769 1
19 67 590 1
67 19 590 1
22 35 922 1
35 22 922 1
28 31 545 1
31 28 545 1
34 97 481 1
97 34 481 1
64 94 688 1
94 64 688 1
3 59 922 1
59 3 922 1
29 43 829 1
43 29 829 1
34 85 678 1
85 34 678 1
45 110 453 1
110 45 453 1
55 71 621 1
71 55 621 1
85 86 1120 1
86 85 1120 1
91 111 390 1
111 91 390 1
94 96 89 1
96 94 89 1
105 112 319 1
112 105 319 1
1 62 1027 1
62 1 1027 1
2 92 1350 1
92 2 1350 1
11 41 473 1
41 11 473 1
16 103 1073 1
103 16 1073 1
47 49 380 1
49 47 380 1
69 103 1214 1
103 69 1214 1
112 115 269 1
115 112 269 1
12 74 431 1
74 12 431 1
29 42 967 1
42 29 967 1
32 96 657 1
96 32 657 1
33 74 480 1
74 33 480 1
57 95 781 1
95 57 781 1
0 89 1205 1
89 0 1205 1
9 23 475 1
23 9 475 1
12 78 490 1
78 12 490 1
15 23 561 1
23 15 561 1
32 40 629 1
40 32 629 1
36 39 517 1
39 36 517 1
37 55 221 1
55 37 221 1
43 53 293 1
53 43 293 1
54 71 757 1
71 54 757 1
55 86 895 1
86 55 895 1
77 103 704 1
103 77 704 1
26 96 811 1
96 26 811 1
29 105 795 1
105 29 795 1
34 109 367 1
109 34 367 1
37 96 506 1
96 37 506 1
39 99 432 1
99 39 432 1
46 71 860 1
71 46 860 1
56 103 1239 1
103 56 1239 1
60 81 1111 1
81 60 1111 1
60 89 1195 1
89 60 1195 1
61 64 928 1
64 61 928 1
69 102 1226 1
102 69 1226 1
70 102 879 1
102 70 879 1
75 76 374 1
76 75 374 1
0 108 876 1
108 0 876 1
6 92 1291 1
92 6 1291 1
18 59 713 1
59 18 713 1
20 74 213 1
74 20 213 1
21 107 601 1
107 21 601 1
24 90 1265 1
90 24 1265 1
26 71 422 1
71 26 422 1
27 71 367 1
71 27 367 1
40 73 549 1
73 40 549 1
81 85 175 1
85 81 175 1
2 66 917 1
66 2 917 1
3 100 1385 1
100 3 1385 1
20 111 827 1
111 20 827 1
29 37 304 1
37 29 304 1
39 104 557 1
104 39 557 1
45 72 948 1
72 45 948 1
57 79 431 1
79 57 431 1
67 102 981 1
102 67 981 1
19 113 1158 1
113 19 1158 1
20 35 677 1
35 20 677 1
40 77 472 1
77 40 472 1
47 54 568 1
54 47 568 1
48 96 608 1
96 48 608 1
77 100 819 1
100 77 819 1
25 64 1312 1
64 25 1312 1
31 35 790 1
35 31 790 1
35 93 718 1
93 35 718 1
36 74 242 1
74 36 242 1
36 89 803 1
89 36 803 1
68 93 1248 1
93 68 1248 1
2 4 569 1
4 2 569 1
14 53 1349 1
53 14 1349 1
20 110 682 1
110 20 682 1
27 88 863 1
88 27 863 1
28 83 861 1
83 28 861 1
29 45 930 1
45 29 930 1
45 71 933 1
71 45 933 1
69 111 906 1
111 69 906 1
3 93 1309 1
93 3 1309 1
5 47 1154 1
47 5 1154 1
28 37 709 1
37 28 709 1
57 106 1143 1
106 57 1143 1
11 104 1111 1
104 11 1111 1
17 95 598 1
95 17 598 1
44 72 894 1
72 44 894 1
48 111 498 1
111 48 498 1
70 100 918 1
100 70 918 1
83 104 916 1
104 83 916 1
5 93 1207 1
93 5 1207 1
11 103 1036 1
103 11 1036 1
61 89 738 1
89 61 738 1
3 58 1025 1
58 3 1025 1
16 46 699 1
46 16 699 1
20 107 666 1
107 20 666 1
33 72 507 1
72 33 507 1
38 96 284 1
96 38 284 1
38 101 771 1
101 38 771 1
57 104 1139 1
104 57 1139 1
7 64 1244 1
64 7 1244 1
8 42 1322 1
42 8 1322 1
12 102 1064 1
102 12 1064 1
21 88 754 1
88 21 754 1
33 94 670 1
94 33 670 1
46 95 451 1
95 46 451 1
77 110 393 1
110 77 393 1
90 93 690 1
93 90 690 1
11 28 875 1
28 11 875 1
36 62 525 1
62 36 525 1
50 71 1043 1
71 50 1043 1
57 89 760 1
89 57 760 1
81 84 1146 1
84 81 1146 1
103 108 420 1
108 103 420 1
1 81 501 1
81 1 501 1
32 41 693 1
41 32 693 1
33 35 375 1
35 33 375 1
50 67 562 1
67 50 562 1
56 76 519 1
76 56 519 1
70 105 847 1
105 70 847 1
5 55 887 1
55 5 887 1
9 89 869 1
89 9 869 1
9 110 1098 1
110 9 1098 1
10 41 849 1
41 10 849 1
13 100 1359 1
100 13 1359 1
26 93 1144 1
93 26 1144 1
27 87 439 1
87 27 439 1
41 45 931 1
45 41 931 1
44 97 631 1
97 44 631 1
49 62 929 1
62 49 929 1
78 89 1017 1
89 78 1017 1
3 86 986 1
86 3 986 1
5 52 1379 1
52 5 1379 1
14 41 702 1
41 14 702 1
66 103 1026 1
103 66 1026 1
90 99 615 1
99 90 615 1
7 93 1261 1
93 7 1261 1
10 28 213 1
28 10 213 1
23 91 1352 1
91 23 1352 1
26 100 1042 1
100 26 1042 1
29 49 928 1
49 29 928 1
40 43 865 1
43 40 865 1
63 74 885 1
74 63 885 1
4 110 1015 1
110 4 1015 1
11 100 1299 1
100 11 1299 1
20 80 604 1
80 20 604 1
24 96 985 1
96 24 985 1
26 75 488 1
75 26 488 1
27 55 790 1
55 27 790 1
29 44 1005 1
44 29 1005 1
35 69 473 1
69 35 473 1
108 112 335 1
112 108 335 1
8 89 1179 1
89 8 1179 1
16 112 888 1
112 16 888 1
36 115 416 1
115 36 416 1
88 96 385 1
96 88 385 1
10 22 580 1
22 10 580 1
42 52 325 1
52 42 325 1
68 108 915 1
108 68 915 1
11 72 773 1
72 11 773 1
13 16 1048 1
16 13 1048 1
20 75 348 1
75 20 348 1
24 82 536 1
82 24 536 1
34 86 880 1
86 34 880 1
49 90 859 1
90 49 859 1
67 68 440 1
68 67 440 1
76 115 499 1
115 76 499 1
85 88 1097 1
88 85 1097 1
95 99 272 1
99 95 272 1
95 106 414 1
106 95 414 1
2 90 1252 1
90 2 1252 1
5 99 1070 1
99 5 1070 1
13 32 767 1
32 13 767 1
26 92 1145 1
92 26 1145 1
27 110 890 1
110 27 890 1
38 69 945 1
69 38 945 1
56 85 1128 1
85 56 1128 1
4 91 1276 1
91 4 1276 1
24 42 1334 1
42 24 1334 1
47 52 540 1
52 47 540 1
3 68 689 1
68 3 689 1
9 69 1181 1
69 9 1181 1
19 82 964 1
82 19 964 1
32 77 383 1
77 32 383 1
37 70 546 1
70 37 546 1
58 63 892 1
63 58 892 1
81 104 910 1
104 81 910 1
109 111 273 1
111 109 273 1
14 113 1044 1
113 14 1044 1
24 64 1287 1
64 24 1287 1
26 108 761 1
108 26 761 1
32 63 656 1
63 32 656 1
34 88 672 1
88 34 672 1
83 89 464 1
89 83 464 1
