116 2668
44 45 194 1
45 44 194 1
30 31 127 1
31 30 127 1
80 81 1113 1
81 80 1113 1
26 27 135 1
27 26 135 1
1 57 172 1
57 1 172 1
68 69 164 1
69 68 164 1
29 72 629 1
72 29 629 1
2 8 554 1
8 2 554 1
22 23 140 1
23 22 140 1
58 59 496 1
59 58 496 1
57 68 520 1
68 57 520 1
10 14 380 1
14 10 380 1
17 80 1070 1
80 17 1070 1
42 43 239 1
43 42 239 1
4 8 148 1
8 4 148 1
13 15 277 1
15 13 277 1
28 29 741 1
29 28 741 1
43 46 341 1
46 43 341 1
29 73 113 1
73 29 113 1
43 44 290 1
44 43 290 1
29 83 227 1
83 29 227 1
78 80 116 1
80 78 116 1
33 35 375 1
35 33 375 1
2 14 572 1
14 2 572 1
9 64 1448 1
64 9 1448 1
8 14 205 1
14 8 205 1
51 98 763 1
98 51 763 1
24 25 135 1
25 24 135 1
36 80 330 1
80 36 330 1
56 57 840 1
57 56 840 1
46 81 867 1
81 46 867 1
46 80 618 1
80 46 618 1
9 84 1241 1
84 9 1241 1
44 49 304 1
49 44 304 1
47 80 841 1
80 47 841 1
25 31 272 1
31 25 272 1
49 98 742 1
98 49 742 1
84 85 1130 1
85 84 1130 1
78 81 1002 1
81 78 1002 1
45 49 111 1
49 45 111 1
3 65 942 1
65 3 942 1
8 9 638 1
9 8 638 1
72 80 384 1
80 72 384 1
6 7 710 1
7 6 710 1
1 68 549 1
68 1 549 1
29 36 705 1
36 29 705 1
4 9 500 1
9 4 500 1
6 11 866 1
11 6 866 1
58 68 392 1
68 58 392 1
72 73 517 1
73 72 517 1
29 43 829 1
43 29 829 1
46 98 212 1
98 46 212 1
28 72 116 1
72 28 116 1
36 83 816 1
83 36 816 1
2 4 569 1
4 2 569 1
24 31 318 1
31 24 318 1
44 98 563 1
98 44 563 1
54 55 651 1
55 54 651 1
66 67 177 1
67 66 177 1
4 64 1218 1
64 4 1218 1
8 64 1208 1
64 8 1208 1
82 83 881 1
83 82 881 1
91 93 118 1
93 91 118 1
46 55 584 1
55 46 584 1
14 60 967 1
60 14 967 1
2 64 992 1
64 2 992 1
16 17 998 1
17 16 998 1
95 98 433 1
98 95 433 1
31 33 517 1
33 31 517 1
19 69 323 1
69 19 323 1
51 52 786 1
52 51 786 1
84 88 224 1
88 84 224 1
37 39 117 1
39 37 117 1
37 55 221 1
55 37 221 1
60 61 893 1
61 60 893 1
36 72 276 1
72 36 276 1
47 81 624 1
81 47 624 1
4 6 536 1
6 4 536 1
12 14 278 1
14 12 278 1
17 81 182 1
81 17 182 1
29 42 967 1
42 29 967 1
43 45 199 1
45 43 199 1
42 45 300 1
45 42 300 1
46 51 585 1
51 46 585 1
44 46 353 1
46 44 353 1
2 22 228 1
22 2 228 1
46 78 577 1
78 46 577 1
41 95 382 1
95 41 382 1
5 23 453 1
23 5 453 1
57 69 378 1
69 57 378 1
76 77 238 1
77 76 238 1
64 88 675 1
88 64 675 1
94 97 266 1
97 94 266 1
29 46 914 1
46 29 914 1
36 78 263 1
78 36 263 1
43 47 146 1
47 43 146 1
9 85 935 1
85 9 935 1
6 8 485 1
8 6 485 1
17 78 955 1
78 17 955 1
43 80 868 1
80 43 868 1
49 51 172 1
51 49 172 1
55 80 931 1
80 55 931 1
92 93 608 1
93 92 608 1
36 81 848 1
81 36 848 1
72 98 675 1
98 72 675 1
42 44 208 1
44 42 208 1
86 89 1016 1
89 86 1016 1
90 91 735 1
91 90 735 1
48 51 548 1
51 48 548 1
48 55 832 1
55 48 832 1
74 75 389 1
75 74 389 1
94 96 89 1
96 94 89 1
35 45 385 1
45 35 385 1
2 26 618 1
26 2 618 1
16 62 313 1
62 16 313 1
13 14 902 1
14 13 902 1
43 72 870 1
72 43 870 1
2 3 405 1
3 2 405 1
22 88 1044 1
88 22 1044 1
29 80 961 1
80 29 961 1
34 35 126 1
35 34 126 1
69 103 1214 1
103 69 1214 1
4 22 457 1
22 4 457 1
49 72 1014 1
72 49 1014 1
48 49 410 1
49 48 410 1
11 12 972 1
12 11 972 1
13 65 935 1
65 13 935 1
28 43 949 1
43 28 949 1
42 46 173 1
46 42 173 1
27 67 1105 1
67 27 1105 1
58 66 198 1
66 58 198 1
62 63 1134 1
63 62 1134 1
29 81 342 1
81 29 342 1
25 35 978 1
35 25 978 1
45 98 655 1
98 45 655 1
46 47 309 1
47 46 309 1
55 98 606 1
98 55 606 1
103 104 369 1
104 103 369 1
9 88 1163 1
88 9 1163 1
24 30 283 1
30 24 283 1
29 78 851 1
78 29 851 1
45 46 448 1
46 45 448 1
52 53 746 1
53 52 746 1
58 60 266 1
60 58 266 1
6 12 248 1
12 6 248 1
7 31 345 1
31 7 345 1
36 41 570 1
41 36 570 1
54 98 204 1
98 54 204 1
28 80 329 1
80 28 329 1
75 77 210 1
77 75 210 1
91 92 669 1
92 91 669 1
22 84 1027 1
84 22 1027 1
23 82 788 1
82 23 788 1
66 85 836 1
85 66 836 1
1 56 851 1
56 1 851 1
72 83 754 1
83 72 754 1
1 69 441 1
69 1 441 1
56 68 408 1
68 56 408 1
64 84 478 1
84 64 478 1
10 64 755 1
64 10 755 1
39 40 508 1
40 39 508 1
17 46 930 1
46 17 930 1
36 62 525 1
62 36 525 1
55 81 401 1
81 55 401 1
42 72 843 1
72 42 843 1
43 98 522 1
98 43 522 1
46 72 723 1
72 46 723 1
39 55 254 1
55 39 254 1
60 106 915 1
106 60 915 1
6 64 941 1
64 6 941 1
62 83 1241 1
83 62 1241 1
12 13 959 1
13 12 959 1
66 68 378 1
68 66 378 1
86 87 805 1
87 86 805 1
14 22 562 1
22 14 562 1
36 37 542 1
37 36 542 1
37 74 520 1
74 37 520 1
95 114 280 1
114 95 280 1
28 46 774 1
46 28 774 1
86 88 460 1
88 86 460 1
45 95 654 1
95 45 654 1
104 115 184 1
115 104 184 1
46 49 541 1
49 46 541 1
7 11 254 1
11 7 254 1
43 78 794 1
78 43 794 1
17 72 781 1
72 17 781 1
34 65 549 1
65 34 549 1
93 102 600 1
102 93 600 1
34 64 445 1
64 34 445 1
57 58 735 1
58 57 735 1
42 49 396 1
49 42 396 1
48 98 566 1
98 48 566 1
105 114 152 1
114 105 152 1
12 60 825 1
60 12 825 1
28 62 527 1
62 28 527 1
50 51 698 1
51 50 698 1
59 68 484 1
68 59 484 1
21 25 360 1
25 21 360 1
94 109 127 1
109 94 127 1
38 56 731 1
56 38 731 1
28 36 321 1
36 28 321 1
92 113 313 1
113 92 313 1
29 44 1005 1
44 29 1005 1
37 54 645 1
54 37 645 1
0 68 414 1
68 0 414 1
70 71 263 1
71 70 263 1
7 30 462 1
30 7 462 1
29 41 234 1
41 29 234 1
49 105 843 1
105 49 843 1
16 28 220 1
28 16 220 1
43 111 293 1
111 43 293 1
104 107 401 1
107 104 401 1
51 54 884 1
54 51 884 1
62 72 566 1
72 62 566 1
29 49 928 1
49 29 928 1
36 73 600 1
73 36 600 1
43 81 665 1
81 43 665 1
29 98 934 1
98 29 934 1
49 111 530 1
111 49 530 1
97 110 221 1
110 97 221 1
0 103 1292 1
103 0 1292 1
25 67 1191 1
67 25 1191 1
28 83 861 1
83 28 861 1
46 54 354 1
54 46 354 1
57 59 382 1
59 57 382 1
13 60 1245 1
60 13 1245 1
24 26 201 1
26 24 201 1
39 54 618 1
54 39 618 1
3 88 1145 1
88 3 1145 1
10 13 1004 1
13 10 1004 1
59 61 271 1
61 59 271 1
2 6 165 1
6 2 165 1
3 27 634 1
27 3 634 1
30 33 526 1
33 30 526 1
44 95 677 1
95 44 677 1
17 36 828 1
36 17 828 1
74 79 666 1
79 74 666 1
81 83 446 1
83 81 446 1
30 82 534 1
82 30 534 1
31 35 790 1
35 31 790 1
37 78 740 1
78 37 740 1
16 80 152 1
80 16 152 1
17 43 764 1
43 17 764 1
29 37 304 1
37 29 304 1
25 26 225 1
26 25 225 1
37 46 651 1
46 37 651 1
85 94 684 1
94 85 684 1
1 58 829 1
58 1 829 1
11 13 168 1
13 11 168 1
25 33 765 1
33 25 765 1
47 71 801 1
71 47 801 1
3 9 596 1
9 3 596 1
37 73 278 1
73 37 278 1
88 89 1035 1
89 88 1035 1
36 40 213 1
40 36 213 1
85 88 1097 1
88 85 1097 1
2 9 760 1
9 2 760 1
37 98 666 1
98 37 666 1
47 55 367 1
55 47 367 1
9 89 869 1
89 9 869 1
17 55 513 1
55 17 513 1
37 40 562 1
40 37 562 1
80 83 1100 1
83 80 1100 1
14 64 1035 1
64 14 1035 1
44 72 894 1
72 44 894 1
10 22 580 1
22 10 580 1
99 112 272 1
112 99 272 1
0 69 556 1
69 0 556 1
22 93 1426 1
93 22 1426 1
29 40 655 1
40 29 655 1
78 79 878 1
79 78 878 1
33 34 394 1
34 33 394 1
42 73 906 1
73 42 906 1
43 55 485 1
55 43 485 1
73 74 458 1
74 73 458 1
7 9 490 1
9 7 490 1
43 49 240 1
49 43 240 1
60 65 898 1
65 60 898 1
4 23 506 1
23 4 506 1
12 28 275 1
28 12 275 1
90 99 615 1
99 90 615 1
13 61 843 1
61 13 843 1
105 111 367 1
111 105 367 1
20 70 213 1
70 20 213 1
22 26 505 1
26 22 505 1
49 95 692 1
95 49 692 1
2 10 438 1
10 2 438 1
37 72 595 1
72 37 595 1
41 98 784 1
98 41 784 1
55 96 492 1
96 55 492 1
98 112 277 1
112 98 277 1
29 95 532 1
95 29 532 1
31 77 552 1
77 31 552 1
37 81 336 1
81 37 336 1
60 64 187 1
64 60 187 1
93 103 173 1
103 93 173 1
11 64 1218 1
64 11 1218 1
41 72 550 1
72 41 550 1
2 60 843 1
60 2 843 1
35 44 409 1
44 35 409 1
37 76 441 1
76 37 441 1
79 81 136 1
81 79 136 1
98 99 479 1
99 98 479 1
6 9 834 1
9 6 834 1
37 41 217 1
41 37 217 1
40 75 477 1
75 40 477 1
0 12 517 1
12 0 517 1
51 55 568 1
55 51 568 1
64 102 855 1
102 64 855 1
82 91 1133 1
91 82 1133 1
6 30 365 1
30 6 365 1
16 78 122 1
78 16 122 1
26 67 1128 1
67 26 1128 1
37 80 842 1
80 37 842 1
14 15 772 1
15 14 772 1
65 106 1085 1
106 65 1085 1
75 76 374 1
76 75 374 1
99 104 430 1
104 99 430 1
72 95 570 1
95 72 570 1
47 78 767 1
78 47 767 1
3 64 1134 1
64 3 1134 1
50 52 243 1
52 50 243 1
93 104 478 1
104 93 478 1
99 111 265 1
111 99 265 1
15 92 1292 1
92 15 1292 1
28 81 975 1
81 28 975 1
32 58 511 1
58 32 511 1
46 52 244 1
52 46 244 1
72 74 76 1
74 72 76 1
8 60 1121 1
60 8 1121 1
39 73 305 1
73 39 305 1
41 83 252 1
83 41 252 1
42 80 740 1
80 42 740 1
1 59 541 1
59 1 541 1
51 53 271 1
53 51 271 1
64 65 897 1
65 64 897 1
0 58 565 1
58 0 565 1
8 11 935 1
11 8 935 1
37 43 584 1
43 37 584 1
73 80 850 1
80 73 850 1
3 26 678 1
26 3 678 1
12 62 664 1
62 12 664 1
35 67 262 1
67 35 262 1
40 78 376 1
78 40 376 1
44 48 114 1
48 44 114 1
52 54 402 1
54 52 402 1
73 76 450 1
76 73 450 1
5 64 1350 1
64 5 1350 1
10 60 650 1
60 10 650 1
22 64 1169 1
64 22 1169 1
80 98 568 1
98 80 568 1
96 97 322 1
97 96 322 1
42 98 381 1
98 42 381 1
55 72 755 1
72 55 755 1
74 78 322 1
78 74 322 1
5 9 157 1
9 5 157 1
15 61 998 1
61 15 998 1
23 88 1119 1
88 23 1119 1
28 78 272 1
78 28 272 1
31 45 1171 1
45 31 1171 1
33 65 634 1
65 33 634 1
40 80 433 1
80 40 433 1
17 29 223 1
29 17 223 1
23 93 1407 1
93 23 1407 1
2 88 959 1
88 2 959 1
4 88 829 1
88 4 829 1
23 91 1352 1
91 23 1352 1
46 114 362 1
114 46 362 1
68 103 1277 1
103 68 1277 1
17 54 969 1
54 17 969 1
81 98 940 1
98 81 940 1
91 100 719 1
100 91 719 1
4 14 255 1
14 4 255 1
47 111 188 1
111 47 188 1
2 65 1144 1
65 2 1144 1
42 47 281 1
47 42 281 1
93 101 103 1
101 93 103 1
7 24 631 1
24 7 631 1
16 36 349 1
36 16 349 1
32 56 384 1
56 32 384 1
32 74 456 1
74 32 456 1
36 43 693 1
43 36 693 1
42 95 547 1
95 42 547 1
72 78 300 1
78 72 300 1
27 65 1171 1
65 27 1171 1
30 70 259 1
70 30 259 1
42 81 865 1
81 42 865 1
62 80 268 1
80 62 268 1
25 27 193 1
27 25 193 1
11 14 937 1
14 11 937 1
28 73 629 1
73 28 629 1
46 73 842 1
73 46 842 1
7 65 934 1
65 7 934 1
44 112 534 1
112 44 534 1
19 82 964 1
82 19 964 1
3 92 1420 1
92 3 1420 1
5 66 1239 1
66 5 1239 1
33 77 332 1
77 33 332 1
43 48 391 1
48 43 391 1
0 14 728 1
14 0 728 1
17 73 298 1
73 17 298 1
74 76 203 1
76 74 203 1
11 15 385 1
15 11 385 1
20 109 557 1
109 20 557 1
40 74 182 1
74 40 182 1
43 73 792 1
73 43 792 1
90 92 135 1
92 90 135 1
40 72 200 1
72 40 200 1
56 58 427 1
58 56 427 1
12 15 906 1
15 12 906 1
54 81 951 1
81 54 951 1
45 51 254 1
51 45 254 1
61 65 175 1
65 61 175 1
85 97 439 1
97 85 439 1
3 8 773 1
8 3 773 1
16 81 1063 1
81 16 1063 1
17 28 894 1
28 17 894 1
4 7 733 1
7 4 733 1
10 12 181 1
12 10 181 1
51 112 579 1
112 51 579 1
92 100 157 1
100 92 157 1
46 111 189 1
111 46 189 1
46 48 368 1
48 46 368 1
20 26 232 1
26 20 232 1
23 84 1113 1
84 23 1113 1
48 50 202 1
50 48 202 1
51 105 775 1
105 51 775 1
92 102 211 1
102 92 211 1
14 91 1235 1
91 14 1235 1
17 79 135 1
79 17 135 1
98 111 265 1
111 98 265 1
34 67 275 1
67 34 275 1
46 95 451 1
95 46 451 1
65 89 679 1
89 65 679 1
98 105 417 1
105 98 417 1
3 7 185 1
7 3 185 1
21 39 356 1
39 21 356 1
0 60 405 1
60 0 405 1
9 24 385 1
24 9 385 1
36 46 482 1
46 36 482 1
40 73 549 1
73 40 549 1
73 75 84 1
75 73 84 1
84 89 1110 1
89 84 1110 1
22 91 1377 1
91 22 1377 1
38 55 598 1
55 38 598 1
107 115 298 1
115 107 298 1
2 27 659 1
27 2 659 1
7 92 1445 1
92 7 1445 1
8 91 1373 1
91 8 1373 1
29 62 1067 1
62 29 1067 1
85 96 743 1
96 85 743 1
9 22 564 1
22 9 564 1
25 45 1358 1
45 25 1358 1
66 103 1026 1
103 66 1026 1
8 22 480 1
22 8 480 1
3 67 879 1
67 3 879 1
10 11 986 1
11 10 986 1
21 77 387 1
77 21 387 1
57 89 760 1
89 57 760 1
72 111 772 1
111 72 772 1
4 84 906 1
84 4 906 1
9 23 475 1
23 9 475 1
41 44 981 1
44 41 981 1
43 54 646 1
54 43 646 1
44 55 743 1
55 44 743 1
4 30 322 1
30 4 322 1
28 41 661 1
41 28 661 1
43 95 483 1
95 43 483 1
9 34 1087 1
34 9 1087 1
21 26 271 1
26 21 271 1
50 66 475 1
66 50 475 1
59 63 501 1
63 59 501 1
0 5 1018 1
5 0 1018 1
2 93 1417 1
93 2 1417 1
17 51 751 1
51 17 751 1
42 111 258 1
111 42 258 1
64 85 1107 1
85 64 1107 1
96 110 214 1
110 96 214 1
16 74 335 1
74 16 335 1
66 69 349 1
69 66 349 1
5 88 1026 1
88 5 1026 1
29 31 454 1
31 29 454 1
28 47 900 1
47 28 900 1
79 80 991 1
80 79 991 1
5 8 493 1
8 5 493 1
36 63 945 1
63 36 945 1
44 51 440 1
51 44 440 1
51 114 700 1
114 51 700 1
95 105 309 1
105 95 309 1
7 64 1244 1
64 7 1244 1
97 106 471 1
106 97 471 1
102 103 508 1
103 102 508 1
1 103 1135 1
103 1 1135 1
19 62 792 1
62 19 792 1
27 66 1140 1
66 27 1140 1
45 67 282 1
67 45 282 1
48 54 669 1
54 48 669 1
67 85 682 1
85 67 682 1
72 81 860 1
81 72 860 1
16 56 380 1
56 16 380 1
37 42 712 1
42 37 712 1
71 100 1020 1
100 71 1020 1
102 104 159 1
104 102 159 1
29 45 930 1
45 29 930 1
39 74 501 1
74 39 501 1
28 44 945 1
44 28 945 1
34 84 580 1
84 34 580 1
60 68 469 1
68 60 469 1
75 106 695 1
106 75 695 1
17 111 850 1
111 17 850 1
85 102 967 1
102 85 967 1
99 113 264 1
113 99 264 1
3 85 893 1
85 3 893 1
29 54 871 1
54 29 871 1
43 51 245 1
51 43 245 1
19 115 1045 1
115 19 1045 1
31 71 265 1
71 31 265 1
36 98 402 1
98 36 402 1
73 98 854 1
98 73 854 1
44 54 668 1
54 44 668 1
41 43 793 1
43 41 793 1
50 84 554 1
84 50 554 1
51 111 516 1
111 51 516 1
17 47 731 1
47 17 731 1
48 72 921 1
72 48 921 1
61 113 968 1
113 61 968 1
32 40 629 1
40 32 629 1
3 89 961 1
89 3 961 1
8 12 346 1
12 8 346 1
28 98 715 1
98 28 715 1
52 55 814 1
55 52 814 1
73 78 740 1
78 73 740 1
16 115 757 1
115 16 757 1
32 72 471 1
72 32 471 1
8 89 1179 1
89 8 1179 1
16 63 1092 1
63 16 1092 1
25 30 292 1
30 25 292 1
36 54 228 1
54 36 228 1
40 107 641 1
107 40 641 1
47 53 268 1
53 47 268 1
54 56 722 1
56 54 722 1
51 95 646 1
95 51 646 1
66 107 978 1
107 66 978 1
24 67 1223 1
67 24 1223 1
32 75 514 1
75 32 514 1
56 74 591 1
74 56 591 1
16 72 287 1
72 16 287 1
28 30 436 1
30 28 436 1
54 87 939 1
87 54 939 1
29 108 631 1
108 29 631 1
32 33 149 1
33 32 149 1
44 47 404 1
47 44 404 1
60 89 1195 1
89 60 1195 1
61 63 238 1
63 61 238 1
5 67 1194 1
67 5 1194 1
49 112 609 1
112 49 609 1
69 93 1169 1
93 69 1169 1
22 27 524 1
27 22 524 1
31 82 641 1
82 31 641 1
39 72 575 1
72 39 575 1
71 114 814 1
114 71 814 1
0 10 381 1
10 0 381 1
8 92 1269 1
92 8 1269 1
21 27 209 1
27 21 209 1
34 66 268 1
66 34 268 1
45 72 948 1
72 45 948 1
5 22 506 1
22 5 506 1
26 86 416 1
86 26 416 1
52 81 1110 1
81 52 1110 1
66 94 692 1
94 66 692 1
14 92 1074 1
92 14 1074 1
20 30 328 1
30 20 328 1
85 109 570 1
109 85 570 1
91 99 166 1
99 91 166 1
12 106 877 1
106 12 877 1
19 103 1259 1
103 19 1259 1
41 62 1018 1
62 41 1018 1
41 80 868 1
80 41 868 1
61 92 1185 1
92 61 1185 1
73 83 298 1
83 73 298 1
106 110 467 1
110 106 467 1
40 63 1007 1
63 40 1007 1
58 69 426 1
69 58 426 1
63 72 944 1
72 63 944 1
11 82 992 1
82 11 992 1
15 113 1069 1
113 15 1069 1
36 47 622 1
47 36 622 1
52 87 1253 1
87 52 1253 1
64 89 1175 1
89 64 1175 1
74 80 415 1
80 74 415 1
0 62 386 1
62 0 386 1
72 108 541 1
108 72 541 1
87 89 476 1
89 87 476 1
17 48 1051 1
48 17 1051 1
28 40 248 1
40 28 248 1
38 97 469 1
97 38 469 1
0 2 460 1
2 0 460 1
31 95 797 1
95 31 797 1
75 107 539 1
107 75 539 1
99 105 287 1
105 99 287 1
4 82 403 1
82 4 403 1
23 64 1238 1
64 23 1238 1
41 115 555 1
115 41 555 1
99 103 258 1
103 99 258 1
15 100 1225 1
100 15 1225 1
36 55 626 1
55 36 626 1
44 111 448 1
111 44 448 1
61 100 1241 1
100 61 1241 1
73 95 476 1
95 73 476 1
92 105 456 1
105 92 456 1
7 33 515 1
33 7 515 1
47 110 210 1
110 47 210 1
70 76 285 1
76 70 285 1
82 90 824 1
90 82 824 1
3 25 566 1
25 3 566 1
17 57 439 1
57 17 439 1
19 83 893 1
83 19 893 1
20 31 387 1
31 20 387 1
23 31 199 1
31 23 199 1
41 73 204 1
73 41 204 1
46 105 514 1
105 46 514 1
5 103 1104 1
103 5 1104 1
36 74 242 1
74 36 242 1
85 89 220 1
89 85 220 1
8 88 819 1
88 8 819 1
29 111 842 1
111 29 842 1
30 77 559 1
77 30 559 1
48 80 763 1
80 48 763 1
42 78 692 1
78 42 692 1
58 102 1067 1
102 58 1067 1
105 108 296 1
108 105 296 1
108 115 135 1
115 108 135 1
5 84 1110 1
84 5 1110 1
18 82 891 1
82 18 891 1
111 112 111 1
112 111 111 1
5 27 165 1
27 5 165 1
9 11 523 1
11 9 523 1
23 24 403 1
24 23 403 1
67 107 894 1
107 67 894 1
15 91 1009 1
91 15 1009 1
17 39 453 1
39 17 453 1
21 59 1061 1
59 21 1061 1
25 77 710 1
77 25 710 1
59 60 718 1
60 59 718 1
91 103 258 1
103 91 258 1
99 114 265 1
114 99 265 1
14 65 1320 1
65 14 1320 1
46 50 303 1
50 46 303 1
49 80 1008 1
80 49 1008 1
54 74 471 1
74 54 471 1
71 101 966 1
101 71 966 1
100 104 240 1
104 100 240 1
100 113 356 1
113 100 356 1
16 37 809 1
37 16 809 1
42 108 485 1
108 42 485 1
88 102 433 1
102 88 433 1
9 66 1299 1
66 9 1299 1
31 70 334 1
70 31 334 1
40 43 865 1
43 40 865 1
57 87 938 1
87 57 938 1
59 66 363 1
66 59 363 1
61 115 933 1
115 61 933 1
63 101 920 1
101 63 920 1
0 66 594 1
66 0 594 1
8 102 1117 1
102 8 1117 1
14 88 613 1
88 14 613 1
16 54 493 1
54 16 493 1
29 55 507 1
55 29 507 1
78 83 999 1
83 78 999 1
10 84 516 1
84 10 516 1
45 54 766 1
54 45 766 1
63 80 1146 1
80 63 1146 1
67 94 677 1
94 67 677 1
78 111 693 1
111 78 693 1
95 111 347 1
111 95 347 1
16 32 504 1
32 16 504 1
16 111 812 1
111 16 812 1
20 25 402 1
25 20 402 1
21 45 1031 1
45 21 1031 1
32 68 304 1
68 32 304 1
41 49 946 1
49 41 946 1
41 77 345 1
77 41 345 1
75 79 318 1
79 75 318 1
95 109 146 1
109 95 146 1
2 7 566 1
7 2 566 1
36 42 628 1
42 36 628 1
55 73 498 1
73 55 498 1
0 64 574 1
64 0 574 1
3 34 810 1
34 3 810 1
10 65 1203 1
65 10 1203 1
17 52 1166 1
52 17 1166 1
28 49 1091 1
49 28 1091 1
53 78 1035 1
78 53 1035 1
7 8 828 1
8 7 828 1
8 10 505 1
10 8 505 1
8 93 1382 1
93 8 1382 1
40 41 506 1
41 40 506 1
53 84 1054 1
84 53 1054 1
54 78 385 1
78 54 385 1
71 113 890 1
113 71 890 1
2 23 340 1
23 2 340 1
11 92 1324 1
92 11 1324 1
32 107 906 1
107 32 906 1
38 80 426 1
80 38 426 1
42 55 629 1
55 42 629 1
83 98 1029 1
98 83 1029 1
92 99 572 1
99 92 572 1
14 93 1238 1
93 14 1238 1
17 42 942 1
42 17 942 1
24 35 1010 1
35 24 1010 1
26 66 1142 1
66 26 1142 1
64 93 1076 1
93 64 1076 1
17 37 368 1
37 17 368 1
24 27 252 1
27 24 252 1
39 87 370 1
87 39 370 1
6 70 405 1
70 6 405 1
7 113 1243 1
113 7 1243 1
8 103 1268 1
103 8 1268 1
9 65 1235 1
65 9 1235 1
20 40 225 1
40 20 225 1
26 88 791 1
88 26 791 1
29 47 768 1
47 29 768 1
29 74 571 1
74 29 571 1
34 89 759 1
89 34 759 1
38 74 265 1
74 38 265 1
87 88 1035 1
88 87 1035 1
0 1 800 1
1 0 800 1
12 61 1246 1
61 12 1246 1
23 26 522 1
26 23 522 1
29 76 555 1
76 29 555 1
57 86 1231 1
86 57 1231 1
113 114 95 1
114 113 95 1
0 93 1314 1
93 0 1314 1
2 24 548 1
24 2 548 1
3 100 1385 1
100 3 1385 1
8 82 379 1
82 8 379 1
27 104 911 1
104 27 911 1
31 83 561 1
83 31 561 1
36 108 330 1
108 36 330 1
40 77 472 1
77 40 472 1
40 81 874 1
81 40 874 1
54 80 402 1
80 54 402 1
58 75 949 1
75 58 949 1
58 103 1188 1
103 58 1188 1
10 15 968 1
15 10 968 1
17 98 995 1
98 17 995 1
21 115 657 1
115 21 657 1
39 41 161 1
41 39 161 1
56 115 941 1
115 56 941 1
0 8 829 1
8 0 829 1
3 14 804 1
14 3 804 1
5 69 1149 1
69 5 1149 1
11 63 488 1
63 11 488 1
28 37 709 1
37 28 709 1
73 81 406 1
81 73 406 1
84 87 1148 1
87 84 1148 1
93 99 208 1
99 93 208 1
32 73 550 1
73 32 550 1
37 38 515 1
38 37 515 1
38 54 263 1
54 38 263 1
73 108 560 1
108 73 560 1
92 103 574 1
103 92 574 1
99 100 610 1
100 99 610 1
105 112 319 1
112 105 319 1
17 63 324 1
63 17 324 1
19 68 313 1
68 19 313 1
19 90 1212 1
90 19 1212 1
36 38 122 1
38 36 122 1
36 56 615 1
56 36 615 1
37 79 267 1
79 37 267 1
80 111 747 1
111 80 747 1
1 99 923 1
99 1 923 1
4 91 1276 1
91 4 1276 1
15 53 1143 1
53 15 1143 1
20 24 393 1
24 20 393 1
25 65 1263 1
65 25 1263 1
28 74 188 1
74 28 188 1
33 75 426 1
75 33 426 1
37 56 930 1
56 37 930 1
44 80 785 1
80 44 785 1
67 84 830 1
84 67 830 1
97 109 174 1
109 97 174 1
105 113 210 1
113 105 210 1
35 42 425 1
42 35 425 1
72 76 257 1
76 72 257 1
2 89 1170 1
89 2 1170 1
12 63 1218 1
63 12 1218 1
38 39 465 1
39 38 465 1
55 78 841 1
78 55 841 1
58 97 887 1
97 58 887 1
65 88 1179 1
88 65 1179 1
68 85 974 1
85 68 974 1
29 30 533 1
30 29 533 1
35 65 453 1
65 35 453 1
63 83 697 1
83 63 697 1
103 105 173 1
105 103 173 1
13 92 1402 1
92 13 1402 1
20 107 666 1
107 20 666 1
23 90 1391 1
90 23 1391 1
30 114 1027 1
114 30 1027 1
59 102 1214 1
102 59 1214 1
70 95 587 1
95 70 587 1
23 27 506 1
27 23 506 1
3 22 347 1
22 3 347 1
13 106 1119 1
106 13 1119 1
38 96 284 1
96 38 284 1
55 74 679 1
74 55 679 1
64 103 1097 1
103 64 1097 1
17 83 381 1
83 17 381 1
21 67 905 1
67 21 905 1
38 68 922 1
68 38 922 1
49 83 1093 1
83 49 1093 1
54 72 501 1
72 54 501 1
90 93 690 1
93 90 690 1
93 94 560 1
94 93 560 1
4 24 144 1
24 4 144 1
19 23 597 1
23 19 597 1
22 82 706 1
82 22 706 1
32 80 590 1
80 32 590 1
62 81 1169 1
81 62 1169 1
10 88 586 1
88 10 586 1
37 95 241 1
95 37 241 1
41 111 726 1
111 41 726 1
52 98 272 1
98 52 272 1
57 60 868 1
60 57 868 1
21 87 397 1
87 21 397 1
31 67 971 1
67 31 971 1
45 48 304 1
48 45 304 1
53 54 818 1
54 53 818 1
65 67 361 1
67 65 361 1
66 104 942 1
104 66 942 1
17 40 824 1
40 17 824 1
52 80 618 1
80 52 618 1
58 74 838 1
74 58 838 1
59 69 338 1
69 59 338 1
0 18 364 1
18 0 364 1
2 5 685 1
5 2 685 1
28 114 809 1
114 28 809 1
54 73 776 1
73 54 776 1
45 55 662 1
55 45 662 1
65 113 852 1
113 65 852 1
70 113 878 1
113 70 878 1
90 98 163 1
98 90 163 1
3 24 623 1
24 3 623 1
16 55 931 1
55 16 931 1
25 39 702 1
39 25 702 1
38 47 654 1
47 38 654 1
51 99 497 1
99 51 497 1
66 97 717 1
97 66 717 1
100 115 381 1
115 100 381 1
112 113 116 1
113 112 116 1
27 69 1092 1
69 27 1092 1
36 39 517 1
39 36 517 1
38 110 451 1
110 38 451 1
39 56 973 1
56 39 973 1
47 52 540 1
52 47 540 1
104 113 229 1
113 104 229 1
108 111 286 1
111 108 286 1
4 92 1237 1
92 4 1237 1
14 103 1126 1
103 14 1126 1
42 54 525 1
54 42 525 1
47 83 886 1
83 47 886 1
1 66 683 1
66 1 683 1
5 26 263 1
26 5 263 1
16 57 981 1
57 16 981 1
53 113 487 1
113 53 487 1
16 19 740 1
19 16 740 1
28 111 842 1
111 28 842 1
39 78 740 1
78 39 740 1
2 92 1350 1
92 2 1350 1
29 77 357 1
77 29 357 1
87 110 837 1
110 87 837 1
23 30 259 1
30 23 259 1
28 70 247 1
70 28 247 1
32 38 642 1
38 32 642 1
32 39 692 1
39 32 692 1
50 98 448 1
98 50 448 1
19 57 426 1
57 19 426 1
28 48 960 1
48 28 960 1
39 115 411 1
115 39 411 1
43 75 740 1
75 43 740 1
3 35 775 1
35 3 775 1
41 78 770 1
78 41 770 1
44 78 731 1
78 44 731 1
77 107 536 1
107 77 536 1
82 101 1107 1
101 82 1107 1
4 11 819 1
11 4 819 1
4 89 1056 1
89 4 1056 1
16 40 399 1
40 16 399 1
20 95 541 1
95 20 541 1
34 88 672 1
88 34 672 1
50 54 543 1
54 50 543 1
52 78 622 1
78 52 622 1
53 81 650 1
81 53 650 1
73 77 274 1
77 73 274 1
9 53 1347 1
53 9 1347 1
25 34 1006 1
34 25 1006 1
31 40 592 1
40 31 592 1
69 104 1167 1
104 69 1167 1
2 91 1366 1
91 2 1366 1
16 29 882 1
29 16 882 1
16 39 805 1
39 16 805 1
18 30 564 1
30 18 564 1
28 76 345 1
76 28 345 1
29 79 257 1
79 29 257 1
37 75 239 1
75 37 239 1
4 93 1288 1
93 4 1288 1
15 51 1162 1
51 15 1162 1
27 86 519 1
86 27 519 1
28 95 668 1
95 28 668 1
43 71 852 1
71 43 852 1
45 112 552 1
112 45 552 1
53 89 552 1
89 53 552 1
88 92 521 1
92 88 521 1
96 109 176 1
109 96 176 1
22 90 1341 1
90 22 1341 1
26 69 1109 1
69 26 1109 1
57 115 958 1
115 57 958 1
58 107 1147 1
107 58 1147 1
62 82 720 1
82 62 720 1
7 25 539 1
25 7 539 1
8 84 881 1
84 8 881 1
20 39 459 1
39 20 459 1
25 87 575 1
87 25 575 1
28 55 861 1
55 28 861 1
40 109 467 1
109 40 467 1
61 99 773 1
99 61 773 1
68 102 1226 1
102 68 1226 1
94 102 378 1
102 94 378 1
101 102 595 1
102 101 595 1
20 71 311 1
71 20 311 1
21 24 413 1
24 21 413 1
33 41 611 1
41 33 611 1
101 114 359 1
114 101 359 1
16 79 934 1
79 16 934 1
19 41 815 1
41 19 815 1
23 67 1077 1
67 23 1077 1
29 75 189 1
75 29 189 1
37 48 879 1
48 37 879 1
39 45 814 1
45 39 814 1
48 105 862 1
105 48 862 1
1 21 745 1
21 1 745 1
30 35 784 1
35 30 784 1
62 74 590 1
74 62 590 1
79 85 260 1
85 79 260 1
29 39 339 1
39 29 339 1
40 95 491 1
95 40 491 1
61 89 738 1
89 61 738 1
2 11 744 1
11 2 744 1
11 30 584 1
30 11 584 1
18 19 147 1
19 18 147 1
22 86 800 1
86 22 800 1
23 86 866 1
86 23 866 1
33 115 808 1
115 33 808 1
41 63 682 1
63 41 682 1
42 48 243 1
48 42 243 1
72 75 453 1
75 72 453 1
11 60 1139 1
60 11 1139 1
14 89 1093 1
89 14 1093 1
25 71 434 1
71 25 434 1
41 42 897 1
42 41 897 1
43 114 502 1
114 43 502 1
50 85 1013 1
85 50 1013 1
66 84 731 1
84 66 731 1
68 89 1110 1
89 68 1110 1
84 86 610 1
86 84 610 1
0 19 488 1
19 0 488 1
3 4 707 1
4 3 707 1
19 36 821 1
36 19 821 1
37 44 792 1
44 37 792 1
56 69 542 1
69 56 542 1
8 24 258 1
24 8 258 1
46 53 547 1
53 46 547 1
51 80 1087 1
80 51 1087 1
90 105 516 1
105 90 516 1
7 23 337 1
23 7 337 1
8 85 1245 1
85 8 1245 1
23 114 1244 1
114 23 1244 1
42 83 1110 1
83 42 1110 1
0 6 417 1
6 0 417 1
1 19 351 1
19 1 351 1
6 31 464 1
31 6 464 1
15 49 1219 1
49 15 1219 1
24 77 754 1
77 24 754 1
39 80 834 1
80 39 834 1
40 83 731 1
83 40 731 1
80 108 630 1
108 80 630 1
13 28 892 1
28 13 892 1
41 51 889 1
51 41 889 1
69 91 1081 1
91 69 1081 1
70 114 802 1
114 70 802 1
7 70 592 1
70 7 592 1
14 113 1044 1
113 14 1044 1
32 59 581 1
59 32 581 1
57 79 431 1
79 57 431 1
95 108 123 1
108 95 123 1
1 102 1288 1
102 1 1288 1
4 60 1138 1
60 4 1138 1
7 67 937 1
67 7 937 1
9 14 725 1
14 9 725 1
22 69 897 1
69 22 897 1
28 63 1049 1
63 28 1049 1
33 45 716 1
45 33 716 1
44 105 811 1
105 44 811 1
64 92 764 1
92 64 764 1
6 106 1024 1
106 6 1024 1
19 93 1252 1
93 19 1252 1
27 68 1083 1
68 27 1083 1
45 111 467 1
111 45 467 1
64 106 847 1
106 64 847 1
104 112 332 1
112 104 332 1
30 71 303 1
71 30 303 1
64 66 392 1
66 64 392 1
78 98 547 1
98 78 547 1
90 114 392 1
114 90 392 1
1 104 1183 1
104 1 1183 1
24 65 1330 1
65 24 1330 1
26 33 750 1
33 26 750 1
73 109 538 1
109 73 538 1
79 89 364 1
89 79 364 1
0 50 829 1
50 0 829 1
3 10 768 1
10 3 768 1
5 85 946 1
85 5 946 1
11 91 974 1
91 11 974 1
26 89 900 1
89 26 900 1
38 108 316 1
108 38 316 1
45 47 345 1
47 45 345 1
52 89 1027 1
89 52 1027 1
93 113 317 1
113 93 317 1
95 99 272 1
99 95 272 1
98 114 276 1
114 98 276 1
13 53 1148 1
53 13 1148 1
33 70 413 1
70 33 413 1
38 81 841 1
81 38 841 1
71 91 911 1
91 71 911 1
93 100 653 1
100 93 653 1
11 28 875 1
28 11 875 1
22 103 1359 1
103 22 1359 1
26 104 905 1
104 26 905 1
41 48 1059 1
48 41 1059 1
44 73 947 1
73 44 947 1
44 81 890 1
81 44 890 1
1 74 790 1
74 1 790 1
3 84 1110 1
84 3 1110 1
11 106 1080 1
106 11 1080 1
41 99 593 1
99 41 593 1
47 72 816 1
72 47 816 1
70 77 376 1
77 70 376 1
97 108 170 1
108 97 170 1
5 14 572 1
14 5 572 1
8 23 562 1
23 8 562 1
11 83 383 1
83 11 383 1
18 22 537 1
22 18 537 1
48 112 575 1
112 48 575 1
65 86 1324 1
86 65 1324 1
3 96 1030 1
96 3 1030 1
37 111 552 1
111 37 552 1
38 58 908 1
58 38 908 1
39 42 762 1
42 39 762 1
46 83 1042 1
83 46 1042 1
90 112 377 1
112 90 377 1
4 85 1130 1
85 4 1130 1
28 71 506 1
71 28 506 1
37 47 493 1
47 37 493 1
39 44 864 1
44 39 864 1
73 79 296 1
79 73 296 1
2 12 394 1
12 2 394 1
10 93 1289 1
93 10 1289 1
23 69 907 1
69 23 907 1
32 111 773 1
111 32 773 1
40 71 481 1
71 40 481 1
49 62 929 1
62 49 929 1
88 93 930 1
93 88 930 1
7 13 237 1
13 7 237 1
37 99 410 1
99 37 410 1
50 103 905 1
103 50 905 1
60 110 690 1
110 60 690 1
65 92 1075 1
92 65 1075 1
69 102 1226 1
102 69 1226 1
74 106 540 1
106 74 540 1
79 109 545 1
109 79 545 1
9 67 1237 1
67 9 1237 1
26 65 1232 1
65 26 1232 1
30 40 513 1
40 30 513 1
32 115 797 1
115 32 797 1
40 76 327 1
76 40 327 1
44 70 930 1
70 44 930 1
51 101 699 1
101 51 699 1
0 102 1108 1
102 0 1108 1
9 97 970 1
97 9 970 1
14 61 1285 1
61 14 1285 1
17 56 1024 1
56 17 1024 1
19 42 976 1
42 19 976 1
20 42 954 1
42 20 954 1
41 108 476 1
108 41 476 1
9 86 825 1
86 9 825 1
34 106 693 1
106 34 693 1
59 75 858 1
75 59 858 1
5 93 1207 1
93 5 1207 1
12 91 1349 1
91 12 1349 1
50 55 863 1
55 50 863 1
60 103 1182 1
103 60 1182 1
100 102 87 1
102 100 87 1
8 97 1051 1
97 8 1051 1
28 31 545 1
31 28 545 1
29 70 512 1
70 29 512 1
38 75 499 1
75 38 499 1
40 94 393 1
94 40 393 1
42 75 840 1
75 42 840 1
49 55 664 1
55 49 664 1
49 114 742 1
114 49 742 1
58 106 1039 1
106 58 1039 1
64 91 1046 1
91 64 1046 1
77 108 373 1
108 77 373 1
20 45 1046 1
45 20 1046 1
22 24 386 1
24 22 386 1
26 35 893 1
35 26 893 1
31 41 528 1
41 31 528 1
68 104 1183 1
104 68 1183 1
102 109 475 1
109 102 475 1
4 26 161 1
26 4 161 1
4 53 1405 1
53 4 1405 1
9 94 994 1
94 9 994 1
15 98 1122 1
98 15 1122 1
46 79 801 1
79 46 801 1
55 79 394 1
79 55 394 1
74 108 474 1
108 74 474 1
106 108 322 1
108 106 322 1
15 28 819 1
28 15 819 1
28 33 585 1
33 28 585 1
42 76 612 1
76 42 612 1
56 87 1244 1
87 56 1244 1
100 106 280 1
106 100 280 1
109 114 278 1
114 109 278 1
4 34 986 1
34 4 986 1
7 93 1261 1
93 7 1261 1
8 94 907 1
94 8 907 1
16 41 813 1
41 16 813 1
33 44 737 1
44 33 737 1
37 77 246 1
77 37 246 1
44 114 674 1
114 44 674 1
58 61 717 1
61 58 717 1
3 13 410 1
13 3 410 1
35 77 284 1
77 35 284 1
51 90 888 1
90 51 888 1
88 94 422 1
94 88 422 1
22 53 1432 1
53 22 1432 1
28 54 527 1
54 28 527 1
43 108 477 1
108 43 477 1
46 96 270 1
96 46 270 1
90 103 653 1
103 90 653 1
106 107 486 1
107 106 486 1
8 65 1425 1
65 8 1425 1
15 115 902 1
115 15 902 1
18 83 953 1
83 18 953 1
22 30 218 1
30 22 218 1
37 108 355 1
108 37 355 1
56 86 911 1
86 56 911 1
61 106 1151 1
106 61 1151 1
102 113 317 1
113 102 317 1
8 58 1298 1
58 8 1298 1
14 23 650 1
23 14 650 1
32 66 416 1
66 32 416 1
39 107 280 1
107 39 280 1
4 5 350 1
5 4 350 1
48 52 415 1
52 48 415 1
53 98 671 1
98 53 671 1
55 111 434 1
111 55 434 1
77 95 322 1
95 77 322 1
1 18 493 1
18 1 493 1
2 30 317 1
30 2 317 1
3 102 1340 1
102 3 1340 1
12 101 1369 1
101 12 1369 1
14 53 1349 1
53 14 1349 1
14 100 965 1
100 14 965 1
15 82 832 1
82 15 832 1
31 43 1106 1
43 31 1106 1
31 114 1052 1
114 31 1052 1
57 74 830 1
74 57 830 1
83 108 716 1
108 83 716 1
19 111 1024 1
111 19 1024 1
22 89 1126 1
89 22 1126 1
25 86 638 1
86 25 638 1
9 102 1277 1
102 9 1277 1
15 41 349 1
41 15 349 1
26 64 1183 1
64 26 1183 1
51 81 628 1
81 51 628 1
54 95 438 1
95 54 438 1
60 88 724 1
88 60 724 1
62 108 759 1
108 62 759 1
68 97 933 1
97 68 933 1
89 106 787 1
106 89 787 1
91 113 366 1
113 91 366 1
6 18 473 1
18 6 473 1
10 92 1051 1
92 10 1051 1
22 50 1336 1
50 22 1336 1
28 101 1105 1
101 28 1105 1
30 45 1169 1
45 30 1169 1
49 108 699 1
108 49 699 1
54 86 568 1
86 54 568 1
55 112 466 1
112 55 466 1
77 115 503 1
115 77 503 1
97 102 534 1
102 97 534 1
7 109 932 1
109 7 932 1
10 28 213 1
28 10 213 1
11 62 1169 1
62 11 1169 1
20 33 587 1
33 20 587 1
35 75 492 1
75 35 492 1
57 99 846 1
99 57 846 1
4 18 866 1
18 4 866 1
25 115 1008 1
115 25 1008 1
32 104 940 1
104 32 940 1
39 77 312 1
77 39 312 1
48 114 717 1
114 48 717 1
56 108 829 1
108 56 829 1
5 86 673 1
86 5 673 1
12 64 932 1
64 12 932 1
16 47 880 1
47 16 880 1
21 38 458 1
38 21 458 1
31 44 1185 1
44 31 1185 1
33 113 927 1
113 33 927 1
47 48 490 1
48 47 490 1
64 86 1029 1
86 64 1029 1
95 104 381 1
104 95 381 1
110 111 172 1
111 110 172 1
17 49 813 1
49 17 813 1
19 108 910 1
108 19 910 1
37 52 879 1
52 37 879 1
40 46 685 1
46 40 685 1
43 74 810 1
74 43 810 1
47 49 380 1
49 47 380 1
47 96 412 1
96 47 412 1
91 102 669 1
102 91 669 1
101 113 350 1
113 101 350 1
6 14 476 1
14 6 476 1
7 34 875 1
34 7 875 1
8 34 1027 1
34 8 1027 1
13 113 1170 1
113 13 1170 1
17 74 721 1
74 17 721 1
34 86 880 1
86 34 880 1
38 73 580 1
73 38 580 1
41 45 931 1
45 41 931 1
51 72 1050 1
72 51 1050 1
77 86 724 1
86 77 724 1
1 115 1005 1
115 1 1005 1
6 103 1362 1
103 6 1362 1
12 74 431 1
74 12 431 1
21 76 440 1
76 21 440 1
46 74 677 1
74 46 677 1
68 74 749 1
74 68 749 1
49 73 903 1
73 49 903 1
53 82 1252 1
82 53 1252 1
81 96 799 1
96 81 799 1
5 11 579 1
11 5 579 1
10 23 699 1
23 10 699 1
19 91 1171 1
91 19 1171 1
21 98 829 1
98 21 829 1
39 43 659 1
43 39 659 1
72 79 733 1
79 72 733 1
16 43 905 1
43 16 905 1
20 94 527 1
94 20 527 1
45 81 759 1
81 45 759 1
57 103 1078 1
103 57 1078 1
59 74 961 1
74 59 961 1
83 95 609 1
95 83 609 1
111 113 191 1
113 111 191 1
2 102 1269 1
102 2 1269 1
4 102 1078 1
102 4 1078 1
44 99 632 1
99 44 632 1
53 87 998 1
87 53 998 1
60 102 963 1
102 60 963 1
73 111 787 1
111 73 787 1
99 108 310 1
108 99 310 1
0 4 861 1
4 0 861 1
15 44 1279 1
44 15 1279 1
41 54 714 1
54 41 714 1
55 83 558 1
83 55 558 1
59 115 981 1
115 59 981 1
93 114 346 1
114 93 346 1
2 103 1363 1
103 2 1363 1
27 88 863 1
88 27 863 1
27 115 829 1
115 27 829 1
28 42 898 1
42 28 898 1
37 96 506 1
96 37 506 1
13 74 757 1
74 13 757 1
20 77 434 1
77 20 434 1
24 33 797 1
33 24 797 1
32 106 871 1
106 32 871 1
36 111 534 1
111 36 534 1
2 84 897 1
84 2 897 1
15 52 1350 1
52 15 1350 1
33 43 715 1
43 33 715 1
39 76 461 1
76 39 461 1
6 102 1207 1
102 6 1207 1
30 95 791 1
95 30 791 1
45 114 688 1
114 45 688 1
91 110 456 1
110 91 456 1
17 109 666 1
109 17 666 1
30 83 641 1
83 30 641 1
37 51 673 1
51 37 673 1
56 59 788 1
59 56 788 1
69 90 1119 1
90 69 1119 1
69 115 1010 1
115 69 1010 1
74 81 792 1
81 74 792 1
96 106 277 1
106 96 277 1
104 114 171 1
114 104 171 1
7 88 1209 1
88 7 1209 1
8 66 1233 1
66 8 1233 1
8 69 1192 1
69 8 1192 1
8 106 905 1
106 8 905 1
21 55 604 1
55 21 604 1
26 31 365 1
31 26 365 1
48 83 1266 1
83 48 1266 1
58 85 1034 1
85 58 1034 1
59 107 1064 1
107 59 1064 1
81 87 551 1
87 81 551 1
95 113 351 1
113 95 351 1
17 41 414 1
41 17 414 1
81 114 782 1
114 81 782 1
1 32 484 1
32 1 484 1
4 10 570 1
10 4 570 1
26 103 1030 1
103 26 1030 1
39 98 655 1
98 39 655 1
56 78 391 1
78 56 391 1
91 94 561 1
94 91 561 1
92 94 455 1
94 92 455 1
36 48 746 1
48 36 746 1
52 110 456 1
110 52 456 1
82 92 909 1
92 82 909 1
2 34 808 1
34 2 808 1
9 96 1076 1
96 9 1076 1
10 53 1310 1
53 10 1310 1
11 53 1019 1
53 11 1019 1
23 92 1466 1
92 23 1466 1
