116 2668
80 81 1113 1
81 80 1113 1
98 99 479 1
99 98 479 1
90 91 735 1
91 90 735 1
66 67 177 1
67 66 177 1
26 27 135 1
27 26 135 1
46 47 309 1
47 46 309 1
97 109 174 1
109 97 174 1
5 26 263 1
26 5 263 1
18 19 147 1
19 18 147 1
30 31 127 1
31 30 127 1
48 50 202 1
50 48 202 1
22 23 140 1
23 22 140 1
78 80 116 1
80 78 116 1
25 35 978 1
35 25 978 1
94 97 266 1
97 94 266 1
100 102 87 1
102 100 87 1
94 108 97 1
108 94 97 1
49 51 172 1
51 49 172 1
82 83 881 1
83 82 881 1
98 111 265 1
111 98 265 1
47 111 188 1
111 47 188 1
5 25 129 1
25 5 129 1
36 80 330 1
80 36 330 1
101 102 595 1
102 101 595 1
47 55 367 1
55 47 367 1
44 45 194 1
45 44 194 1
103 104 369 1
104 103 369 1
42 46 173 1
46 42 173 1
59 66 363 1
66 59 363 1
48 51 548 1
51 48 548 1
36 40 213 1
40 36 213 1
99 111 265 1
111 99 265 1
80 84 162 1
84 80 162 1
88 89 1035 1
89 88 1035 1
47 99 231 1
99 47 231 1
91 92 669 1
92 91 669 1
44 49 304 1
49 44 304 1
46 55 584 1
55 46 584 1
34 35 126 1
35 34 126 1
76 77 238 1
77 76 238 1
5 27 165 1
27 5 165 1
100 101 656 1
101 100 656 1
62 63 1134 1
63 62 1134 1
0 60 405 1
60 0 405 1
17 79 135 1
79 17 135 1
3 22 347 1
22 3 347 1
12 28 275 1
28 12 275 1
55 111 434 1
111 55 434 1
2 6 165 1
6 2 165 1
90 92 135 1
92 90 135 1
61 65 175 1
65 61 175 1
70 73 402 1
73 70 402 1
42 111 258 1
111 42 258 1
55 96 492 1
96 55 492 1
55 99 216 1
99 55 216 1
3 7 185 1
7 3 185 1
46 99 446 1
99 46 446 1
96 99 428 1
99 96 428 1
4 24 144 1
24 4 144 1
42 47 281 1
47 42 281 1
46 111 189 1
111 46 189 1
81 84 1146 1
84 81 1146 1
16 80 152 1
80 16 152 1
96 98 184 1
98 96 184 1
36 81 848 1
81 36 848 1
78 81 1002 1
81 78 1002 1
106 107 486 1
107 106 486 1
21 25 360 1
25 21 360 1
14 28 286 1
28 14 286 1
72 74 76 1
74 72 76 1
30 70 259 1
70 30 259 1
84 85 1130 1
85 84 1130 1
16 81 1063 1
81 16 1063 1
61 63 238 1
63 61 238 1
86 87 805 1
87 86 805 1
94 95 213 1
95 94 213 1
104 105 204 1
105 104 204 1
5 21 332 1
21 5 332 1
55 98 606 1
98 55 606 1
95 109 146 1
109 95 146 1
49 53 406 1
53 49 406 1
25 34 1006 1
34 25 1006 1
39 95 233 1
95 39 233 1
94 109 127 1
109 94 127 1
42 98 381 1
98 42 381 1
38 39 465 1
39 38 465 1
48 49 410 1
49 48 410 1
36 78 263 1
78 36 263 1
66 69 349 1
69 66 349 1
24 25 135 1
25 24 135 1
37 96 506 1
96 37 506 1
47 98 442 1
98 47 442 1
83 85 549 1
85 83 549 1
24 34 1021 1
34 24 1021 1
44 48 114 1
48 44 114 1
23 31 199 1
31 23 199 1
2 7 566 1
7 2 566 1
16 28 220 1
28 16 220 1
64 65 897 1
65 64 897 1
82 86 143 1
86 82 143 1
11 13 168 1
13 11 168 1
101 103 106 1
103 101 106 1
42 43 239 1
43 42 239 1
49 91 630 1
91 49 630 1
78 79 878 1
79 78 878 1
79 80 991 1
80 79 991 1
21 27 209 1
27 21 209 1
23 30 259 1
30 23 259 1
50 51 698 1
51 50 698 1
10 12 181 1
12 10 181 1
95 97 97 1
97 95 97 1
102 103 508 1
103 102 508 1
83 84 1154 1
84 83 1154 1
49 92 871 1
92 49 871 1
10 28 213 1
28 10 213 1
59 67 245 1
67 59 245 1
21 26 271 1
26 21 271 1
3 23 271 1
23 3 271 1
48 67 417 1
67 48 417 1
58 59 496 1
59 58 496 1
72 73 517 1
73 72 517 1
13 17 364 1
17 13 364 1
82 84 544 1
84 82 544 1
25 26 225 1
26 25 225 1
96 111 286 1
111 96 286 1
42 99 482 1
99 42 482 1
4 9 500 1
9 4 500 1
29 72 629 1
72 29 629 1
25 27 193 1
27 25 193 1
34 79 586 1
79 34 586 1
60 61 893 1
61 60 893 1
74 76 203 1
76 74 203 1
47 96 412 1
96 47 412 1
36 41 570 1
41 36 570 1
53 99 316 1
99 53 316 1
79 81 136 1
81 79 136 1
91 93 118 1
93 91 118 1
59 61 271 1
61 59 271 1
69 92 1197 1
92 69 1197 1
16 36 349 1
36 16 349 1
113 114 95 1
114 113 95 1
5 50 1417 1
50 5 1417 1
42 55 629 1
55 42 629 1
30 72 390 1
72 30 390 1
92 93 608 1
93 92 608 1
78 84 235 1
84 78 235 1
46 98 212 1
98 46 212 1
93 101 103 1
101 93 103 1
37 55 221 1
55 37 221 1
29 81 342 1
81 29 342 1
49 90 859 1
90 49 859 1
54 55 651 1
55 54 651 1
58 66 198 1
66 58 198 1
38 96 284 1
96 38 284 1
52 92 317 1
92 52 317 1
16 17 998 1
17 16 998 1
7 23 337 1
23 7 337 1
34 41 686 1
41 34 686 1
56 60 232 1
60 56 232 1
95 108 123 1
108 95 123 1
5 35 974 1
35 5 974 1
37 38 515 1
38 37 515 1
1 63 334 1
63 1 334 1
17 34 689 1
34 17 689 1
51 90 888 1
90 51 888 1
16 78 122 1
78 16 122 1
36 37 542 1
37 36 542 1
96 109 176 1
109 96 176 1
93 100 653 1
100 93 653 1
46 96 270 1
96 46 270 1
67 69 345 1
69 67 345 1
69 93 1169 1
93 69 1169 1
2 18 379 1
18 2 379 1
31 82 641 1
82 31 641 1
30 73 455 1
73 30 455 1
34 64 445 1
64 34 445 1
17 81 182 1
81 17 182 1
28 81 975 1
81 28 975 1
52 53 746 1
53 52 746 1
85 86 1120 1
86 85 1120 1
8 25 389 1
25 8 389 1
28 72 116 1
72 28 116 1
91 98 616 1
98 91 616 1
41 79 379 1
79 41 379 1
43 47 146 1
47 43 146 1
70 72 158 1
72 70 158 1
82 85 1121 1
85 82 1121 1
4 64 1218 1
64 4 1218 1
53 91 265 1
91 53 265 1
36 84 341 1
84 36 341 1
21 35 666 1
35 21 666 1
22 30 218 1
30 22 218 1
31 83 561 1
83 31 561 1
100 106 280 1
106 100 280 1
5 69 1149 1
69 5 1149 1
6 64 941 1
64 6 941 1
51 53 271 1
53 51 271 1
0 10 381 1
10 0 381 1
17 24 864 1
24 17 864 1
90 98 163 1
98 90 163 1
6 7 710 1
7 6 710 1
18 69 392 1
69 18 392 1
48 66 357 1
66 48 357 1
28 33 585 1
33 28 585 1
1 32 484 1
32 1 484 1
24 35 1010 1
35 24 1010 1
15 83 194 1
83 15 194 1
24 26 201 1
26 24 201 1
29 80 961 1
80 29 961 1
60 62 241 1
62 60 241 1
20 21 185 1
21 20 185 1
61 62 1047 1
62 61 1047 1
9 15 219 1
15 9 219 1
51 92 878 1
92 51 878 1
67 100 988 1
100 67 988 1
45 49 111 1
49 45 111 1
58 90 890 1
90 58 890 1
22 70 443 1
70 22 443 1
31 74 479 1
74 31 479 1
69 91 1081 1
91 69 1081 1
0 56 174 1
56 0 174 1
102 104 159 1
104 102 159 1
14 82 179 1
82 14 179 1
24 64 1287 1
64 24 1287 1
31 87 639 1
87 31 639 1
40 80 433 1
80 40 433 1
91 99 166 1
99 91 166 1
16 40 399 1
40 16 399 1
47 85 508 1
85 47 508 1
69 90 1119 1
90 69 1119 1
103 105 173 1
105 103 173 1
13 65 935 1
65 13 935 1
98 112 277 1
112 98 277 1
51 91 505 1
91 51 505 1
53 98 671 1
98 53 671 1
38 55 598 1
55 38 598 1
52 90 240 1
90 52 240 1
40 81 874 1
81 40 874 1
36 75 517 1
75 36 517 1
16 33 609 1
33 16 609 1
17 28 894 1
28 17 894 1
51 52 786 1
52 51 786 1
10 82 401 1
82 10 401 1
16 79 934 1
79 16 934 1
28 75 567 1
75 28 567 1
19 69 323 1
69 19 323 1
58 60 266 1
60 58 266 1
0 28 492 1
28 0 492 1
74 75 389 1
75 74 389 1
20 101 958 1
101 20 958 1
44 66 318 1
66 44 318 1
15 31 431 1
31 15 431 1
21 34 706 1
34 21 706 1
1 62 1027 1
62 1 1027 1
2 22 228 1
22 2 228 1
5 8 493 1
8 5 493 1
8 93 1382 1
93 8 1382 1
44 67 332 1
67 44 332 1
12 64 932 1
64 12 932 1
63 65 312 1
65 63 312 1
110 112 272 1
112 110 272 1
0 63 1010 1
63 0 1010 1
16 84 311 1
84 16 311 1
4 6 536 1
6 4 536 1
30 74 403 1
74 30 403 1
36 79 738 1
79 36 738 1
25 50 1404 1
50 25 1404 1
44 51 440 1
51 44 440 1
60 63 1021 1
63 60 1021 1
93 102 600 1
102 93 600 1
97 104 399 1
104 97 399 1
83 86 863 1
86 83 863 1
104 110 417 1
110 104 417 1
50 67 562 1
67 50 562 1
75 76 374 1
76 75 374 1
31 33 517 1
33 31 517 1
9 68 1194 1
68 9 1194 1
79 84 1035 1
84 79 1035 1
83 87 158 1
87 83 158 1
45 67 282 1
67 45 282 1
71 79 426 1
79 71 426 1
10 86 544 1
86 10 544 1
17 80 1070 1
80 17 1070 1
39 109 356 1
109 39 356 1
100 103 576 1
103 100 576 1
20 27 271 1
27 20 271 1
17 71 423 1
71 17 423 1
111 112 111 1
112 111 111 1
0 12 517 1
12 0 517 1
24 79 893 1
79 24 893 1
48 92 683 1
92 48 683 1
10 14 380 1
14 10 380 1
10 74 381 1
74 10 381 1
50 92 549 1
92 50 549 1
96 97 322 1
97 96 322 1
43 111 293 1
111 43 293 1
31 70 334 1
70 31 334 1
39 94 407 1
94 39 407 1
53 90 787 1
90 53 787 1
73 85 516 1
85 73 516 1
82 88 444 1
88 82 444 1
72 85 912 1
85 72 912 1
37 109 343 1
109 37 343 1
45 92 789 1
92 45 789 1
31 85 906 1
85 31 906 1
67 103 944 1
103 67 944 1
34 65 549 1
65 34 549 1
75 77 210 1
77 75 210 1
20 24 393 1
24 20 393 1
24 50 1395 1
50 24 1395 1
36 38 122 1
38 36 122 1
63 84 1189 1
84 63 1189 1
33 79 486 1
79 33 486 1
67 93 875 1
93 67 875 1
76 82 520 1
82 76 520 1
38 41 513 1
41 38 513 1
43 46 341 1
46 43 341 1
52 91 777 1
91 52 777 1
11 74 727 1
74 11 727 1
37 80 842 1
80 37 842 1
72 76 257 1
76 72 257 1
86 88 460 1
88 86 460 1
38 87 730 1
87 38 730 1
49 52 718 1
52 49 718 1
53 92 739 1
92 53 739 1
5 93 1207 1
93 5 1207 1
31 76 584 1
76 31 584 1
35 64 566 1
64 35 566 1
37 78 740 1
78 37 740 1
42 91 584 1
91 42 584 1
28 79 847 1
79 28 847 1
55 109 337 1
109 55 337 1
14 57 1154 1
57 14 1154 1
68 80 778 1
80 68 778 1
28 82 255 1
82 28 255 1
49 93 719 1
93 49 719 1
12 62 664 1
62 12 664 1
41 87 263 1
87 41 263 1
20 100 857 1
100 20 857 1
21 24 413 1
24 21 413 1
94 96 89 1
96 94 89 1
114 115 96 1
115 114 96 1
28 36 321 1
36 28 321 1
38 54 263 1
54 38 263 1
29 78 851 1
78 29 851 1
35 65 453 1
65 35 453 1
36 96 257 1
96 36 257 1
18 23 573 1
23 18 573 1
39 55 254 1
55 39 254 1
56 80 431 1
80 56 431 1
67 92 922 1
92 67 922 1
73 76 450 1
76 73 450 1
5 24 252 1
24 5 252 1
13 79 476 1
79 13 476 1
20 25 402 1
25 20 402 1
20 26 232 1
26 20 232 1
31 72 482 1
72 31 482 1
33 71 374 1
71 33 374 1
45 100 889 1
100 45 889 1
51 69 746 1
69 51 746 1
26 35 893 1
35 26 893 1
35 69 473 1
69 35 473 1
44 93 779 1
93 44 779 1
55 95 221 1
95 55 221 1
59 115 981 1
115 59 981 1
81 85 175 1
85 81 175 1
2 3 405 1
3 2 405 1
5 66 1239 1
66 5 1239 1
8 101 1359 1
101 8 1359 1
5 110 1022 1
110 5 1022 1
66 100 968 1
100 66 968 1
90 99 615 1
99 90 615 1
16 63 1092 1
63 16 1092 1
23 70 494 1
70 23 494 1
5 34 1016 1
34 5 1016 1
37 41 217 1
41 37 217 1
50 69 818 1
69 50 818 1
99 113 264 1
113 99 264 1
13 64 1328 1
64 13 1328 1
66 92 904 1
92 66 904 1
20 102 804 1
102 20 804 1
45 48 304 1
48 45 304 1
60 90 787 1
90 60 787 1
66 93 972 1
93 66 972 1
82 87 849 1
87 82 849 1
20 35 677 1
35 20 677 1
42 53 475 1
53 42 475 1
49 50 585 1
50 49 585 1
90 93 690 1
93 90 690 1
12 16 384 1
16 12 384 1
27 103 986 1
103 27 986 1
113 115 188 1
115 113 188 1
13 28 892 1
28 13 892 1
26 34 907 1
34 26 907 1
33 80 703 1
80 33 703 1
54 70 623 1
70 54 623 1
58 91 1077 1
91 58 1077 1
95 96 288 1
96 95 288 1
10 72 309 1
72 10 309 1
18 22 537 1
22 18 537 1
59 69 338 1
69 59 338 1
76 85 717 1
85 76 717 1
84 89 1110 1
89 84 1110 1
93 110 487 1
110 93 487 1
10 76 495 1
76 10 495 1
26 50 1256 1
50 26 1256 1
29 37 304 1
37 29 304 1
9 83 411 1
83 9 411 1
11 23 552 1
23 11 552 1
46 53 547 1
53 46 547 1
8 35 1046 1
35 8 1046 1
43 45 199 1
45 43 199 1
66 68 378 1
68 66 378 1
10 83 1031 1
83 10 1031 1
80 85 1121 1
85 80 1121 1
55 97 173 1
97 55 173 1
104 109 377 1
109 104 377 1
5 48 1432 1
48 5 1432 1
8 107 1063 1
107 8 1063 1
12 60 825 1
60 12 825 1
17 65 592 1
65 17 592 1
97 110 221 1
110 97 221 1
20 34 683 1
34 20 683 1
29 58 1070 1
58 29 1070 1
59 108 883 1
108 59 883 1
67 101 953 1
101 67 953 1
0 62 386 1
62 0 386 1
50 52 243 1
52 50 243 1
28 80 329 1
80 28 329 1
73 74 458 1
74 73 458 1
76 86 587 1
86 76 587 1
103 110 496 1
110 103 496 1
7 22 454 1
22 7 454 1
10 75 732 1
75 10 732 1
16 62 313 1
62 16 313 1
12 14 278 1
14 12 278 1
25 101 1245 1
101 25 1245 1
28 56 545 1
56 28 545 1
84 86 610 1
86 84 610 1
26 78 726 1
78 26 726 1
5 51 1334 1
51 5 1334 1
11 31 475 1
31 11 475 1
25 69 1122 1
69 25 1122 1
48 69 703 1
69 48 703 1
48 90 628 1
90 48 628 1
7 9 490 1
9 7 490 1
2 23 340 1
23 2 340 1
20 48 1072 1
48 20 1072 1
49 54 854 1
54 49 854 1
19 23 597 1
23 19 597 1
42 52 325 1
52 42 325 1
1 11 394 1
11 1 394 1
4 15 597 1
15 4 597 1
8 100 1159 1
100 8 1159 1
22 31 234 1
31 22 234 1
33 81 613 1
81 33 613 1
40 75 477 1
75 40 477 1
20 41 386 1
41 20 386 1
46 97 424 1
97 46 424 1
75 83 351 1
83 75 351 1
68 108 915 1
108 68 915 1
15 75 396 1
75 15 396 1
16 68 706 1
68 16 706 1
75 85 521 1
85 75 521 1
8 106 905 1
106 8 905 1
36 85 845 1
85 36 845 1
37 54 645 1
54 37 645 1
99 112 272 1
112 99 272 1
100 107 640 1
107 100 640 1
14 40 342 1
40 14 342 1
42 49 396 1
49 42 396 1
35 110 305 1
110 35 305 1
38 74 265 1
74 38 265 1
58 69 426 1
69 58 426 1
56 58 427 1
58 56 427 1
30 76 537 1
76 30 537 1
32 33 149 1
33 32 149 1
38 75 499 1
75 38 499 1
50 66 475 1
66 50 475 1
56 84 539 1
84 56 539 1
70 76 285 1
76 70 285 1
21 66 949 1
66 21 949 1
109 110 135 1
110 109 135 1
4 20 334 1
20 4 334 1
4 34 986 1
34 4 986 1
56 61 920 1
61 56 920 1
81 83 446 1
83 81 446 1
85 99 448 1
99 85 448 1
21 69 925 1
69 21 925 1
42 96 429 1
96 42 429 1
55 85 300 1
85 55 300 1
84 88 224 1
88 84 224 1
19 22 594 1
22 19 594 1
40 85 900 1
85 40 900 1
72 75 453 1
75 72 453 1
72 80 384 1
80 72 384 1
96 112 337 1
112 96 337 1
27 35 871 1
35 27 871 1
45 50 474 1
50 45 474 1
69 110 773 1
110 69 773 1
12 33 709 1
33 12 709 1
46 85 782 1
85 46 782 1
59 100 1223 1
100 59 1223 1
75 82 661 1
82 75 661 1
37 75 239 1
75 37 239 1
63 81 293 1
81 63 293 1
24 65 1330 1
65 24 1330 1
25 41 554 1
41 25 554 1
26 37 668 1
37 26 668 1
28 71 506 1
71 28 506 1
37 72 595 1
72 37 595 1
47 76 575 1
76 47 575 1
56 81 1090 1
81 56 1090 1
104 107 401 1
107 104 401 1
10 11 986 1
11 10 986 1
16 65 1088 1
65 16 1088 1
36 55 626 1
55 36 626 1
37 99 410 1
99 37 410 1
74 85 839 1
85 74 839 1
0 99 1111 1
99 0 1111 1
2 4 569 1
4 2 569 1
28 40 248 1
40 28 248 1
70 104 814 1
104 70 814 1
33 84 801 1
84 33 801 1
35 50 559 1
50 35 559 1
3 18 417 1
18 3 417 1
2 50 1192 1
50 2 1192 1
3 70 520 1
70 3 520 1
35 100 802 1
100 35 802 1
20 107 666 1
107 20 666 1
32 63 656 1
63 32 656 1
33 85 703 1
85 33 703 1
42 90 472 1
90 42 472 1
72 81 860 1
81 72 860 1
18 58 669 1
58 18 669 1
48 93 850 1
93 48 850 1
57 88 1185 1
88 57 1185 1
58 61 717 1
61 58 717 1
59 68 484 1
68 59 484 1
66 101 1048 1
101 66 1048 1
8 59 1427 1
59 8 1427 1
14 31 528 1
31 14 528 1
16 75 702 1
75 16 702 1
20 38 349 1
38 20 349 1
37 47 493 1
47 37 493 1
72 83 754 1
83 72 754 1
84 113 718 1
113 84 718 1
5 20 424 1
20 5 424 1
6 83 986 1
83 6 986 1
10 32 558 1
32 10 558 1
13 33 629 1
33 13 629 1
16 29 882 1
29 16 882 1
26 49 1309 1
49 26 1309 1
30 85 964 1
85 30 964 1
80 83 1100 1
83 80 1100 1
33 83 733 1
83 33 733 1
44 54 668 1
54 44 668 1
46 95 451 1
95 46 451 1
82 113 905 1
113 82 905 1
14 75 659 1
75 14 659 1
17 64 1130 1
64 17 1130 1
21 67 905 1
67 21 905 1
33 76 380 1
76 33 380 1
0 90 1005 1
90 0 1005 1
31 86 707 1
86 31 707 1
32 75 514 1
75 32 514 1
55 73 498 1
73 55 498 1
70 86 500 1
86 70 500 1
85 113 705 1
113 85 705 1
13 16 1048 1
16 13 1048 1
35 101 778 1
101 35 778 1
104 106 195 1
106 104 195 1
7 18 581 1
18 7 581 1
15 85 720 1
85 15 720 1
61 68 615 1
68 61 615 1
66 103 1026 1
103 66 1026 1
5 67 1194 1
67 5 1194 1
7 19 519 1
19 7 519 1
25 110 1042 1
110 25 1042 1
36 111 534 1
111 36 534 1
4 44 1341 1
44 4 1341 1
17 56 1024 1
56 17 1024 1
56 57 840 1
57 56 840 1
9 100 1346 1
100 9 1346 1
23 88 1119 1
88 23 1119 1
28 62 527 1
62 28 527 1
17 63 324 1
63 17 324 1
28 60 684 1
60 28 684 1
37 81 336 1
81 37 336 1
1 74 790 1
74 1 790 1
33 72 507 1
72 33 507 1
68 81 913 1
81 68 913 1
10 33 638 1
33 10 638 1
29 73 113 1
73 29 113 1
2 64 992 1
64 2 992 1
10 62 483 1
62 10 483 1
27 104 911 1
104 27 911 1
30 33 526 1
33 30 526 1
30 87 699 1
87 30 699 1
37 85 343 1
85 37 343 1
85 89 220 1
89 85 220 1
6 18 473 1
18 6 473 1
14 36 526 1
36 14 526 1
15 30 522 1
30 15 522 1
20 50 1025 1
50 20 1025 1
26 51 1298 1
51 26 1298 1
55 75 460 1
75 55 460 1
4 7 733 1
7 4 733 1
23 87 803 1
87 23 803 1
57 63 249 1
63 57 249 1
75 86 685 1
86 75 685 1
35 93 718 1
93 35 718 1
40 84 485 1
84 40 485 1
46 94 338 1
94 46 338 1
49 98 742 1
98 49 742 1
68 94 894 1
94 68 894 1
100 104 240 1
104 100 240 1
6 31 464 1
31 6 464 1
12 13 959 1
13 12 959 1
27 110 890 1
110 27 890 1
28 76 345 1
76 28 345 1
35 57 486 1
57 35 486 1
57 61 216 1
61 57 216 1
59 106 1174 1
106 59 1174 1
34 43 397 1
43 34 397 1
39 87 370 1
87 39 370 1
85 87 616 1
87 85 616 1
103 109 477 1
109 103 477 1
5 92 1324 1
92 5 1324 1
37 74 520 1
74 37 520 1
97 108 170 1
108 97 170 1
102 106 217 1
106 102 217 1
1 10 979 1
10 1 979 1
1 61 385 1
61 1 385 1
7 50 1347 1
50 7 1347 1
28 63 1049 1
63 28 1049 1
39 96 494 1
96 39 494 1
41 80 868 1
80 41 868 1
56 63 1014 1
63 56 1014 1
4 50 1323 1
50 4 1323 1
4 68 1109 1
68 4 1109 1
8 18 880 1
18 8 880 1
8 102 1117 1
102 8 1117 1
55 86 895 1
86 55 895 1
72 96 519 1
96 72 519 1
84 87 1148 1
87 84 1148 1
12 79 1029 1
79 12 1029 1
2 19 481 1
19 2 481 1
40 79 762 1
79 40 762 1
45 66 369 1
66 45 369 1
62 75 893 1
75 62 893 1
97 115 218 1
115 97 218 1
101 106 633 1
106 101 633 1
12 65 1303 1
65 12 1303 1
27 54 856 1
54 27 856 1
27 78 793 1
78 27 793 1
33 74 480 1
74 33 480 1
44 102 816 1
102 44 816 1
14 71 582 1
71 14 582 1
15 74 683 1
74 15 683 1
15 87 271 1
87 15 271 1
16 61 1070 1
61 16 1070 1
59 90 1104 1
90 59 1104 1
94 107 417 1
107 94 417 1
9 24 385 1
24 9 385 1
14 56 813 1
56 14 813 1
33 34 394 1
34 33 394 1
67 102 981 1
102 67 981 1
78 85 1017 1
85 78 1017 1
11 96 956 1
96 11 956 1
16 72 287 1
72 16 287 1
26 79 796 1
79 26 796 1
30 77 559 1
77 30 559 1
51 67 436 1
67 51 436 1
78 96 453 1
96 78 453 1
1 65 536 1
65 1 536 1
14 84 681 1
84 14 681 1
55 94 428 1
94 55 428 1
64 77 767 1
77 64 767 1
14 79 974 1
79 14 974 1
14 113 1044 1
113 14 1044 1
22 73 618 1
73 22 618 1
26 44 1256 1
44 26 1256 1
47 63 665 1
63 47 665 1
52 69 993 1
69 52 993 1
57 65 374 1
65 57 374 1
73 86 744 1
86 73 744 1
3 69 687 1
69 3 687 1
6 12 248 1
12 6 248 1
8 69 1192 1
69 8 1192 1
11 86 1027 1
86 11 1027 1
13 15 277 1
15 13 277 1
28 84 456 1
84 28 456 1
33 86 892 1
86 33 892 1
39 108 341 1
108 39 341 1
54 109 337 1
109 54 337 1
4 100 1129 1
100 4 1129 1
8 21 536 1
21 8 536 1
39 97 289 1
97 39 289 1
12 75 743 1
75 12 743 1
15 33 738 1
33 15 738 1
29 109 610 1
109 29 610 1
44 92 695 1
92 44 695 1
74 83 697 1
83 74 697 1
9 106 1074 1
106 9 1074 1
15 64 1349 1
64 15 1349 1
70 85 848 1
85 70 848 1
73 104 820 1
104 73 820 1
4 65 1344 1
65 4 1344 1
17 36 828 1
36 17 828 1
29 84 1027 1
84 29 1027 1
29 85 473 1
85 29 473 1
58 92 982 1
92 58 982 1
6 41 867 1
41 6 867 1
36 46 482 1
46 36 482 1
40 78 376 1
78 40 376 1
43 99 372 1
99 43 372 1
44 103 860 1
103 44 860 1
4 17 918 1
17 4 918 1
12 63 1218 1
63 12 1218 1
20 67 918 1
67 20 918 1
44 50 287 1
50 44 287 1
60 91 1127 1
91 60 1127 1
64 79 1031 1
79 64 1031 1
27 50 1279 1
50 27 1279 1
29 103 822 1
103 29 822 1
36 83 816 1
83 36 816 1
46 81 867 1
81 46 867 1
47 112 265 1
112 47 265 1
55 91 297 1
91 55 297 1
70 74 155 1
74 70 155 1
0 72 516 1
72 0 516 1
8 114 1127 1
114 8 1127 1
39 54 618 1
54 39 618 1
41 96 611 1
96 41 611 1
51 66 580 1
66 51 580 1
53 112 421 1
112 53 421 1
54 73 776 1
73 54 776 1
57 89 760 1
89 57 760 1
76 83 717 1
83 76 717 1
77 107 536 1
107 77 536 1
85 111 651 1
111 85 651 1
94 106 271 1
106 94 271 1
21 110 690 1
110 21 690 1
43 52 553 1
52 43 553 1
91 111 390 1
111 91 390 1
21 57 821 1
57 21 821 1
32 74 456 1
74 32 456 1
45 93 714 1
93 45 714 1
47 84 791 1
84 47 791 1
56 82 787 1
82 56 787 1
70 103 965 1
103 70 965 1
14 72 328 1
72 14 328 1
31 41 528 1
41 31 528 1
39 106 557 1
106 39 557 1
45 110 453 1
110 45 453 1
0 98 918 1
98 0 918 1
12 15 906 1
15 12 906 1
33 82 804 1
82 33 804 1
40 114 619 1
114 40 619 1
51 93 605 1
93 51 605 1
101 107 310 1
107 101 310 1
35 67 262 1
67 35 262 1
41 75 187 1
75 41 187 1
74 86 416 1
86 74 416 1
80 82 469 1
82 80 469 1
17 35 579 1
35 17 579 1
26 54 816 1
54 26 816 1
44 109 562 1
109 44 562 1
59 60 718 1
60 59 718 1
59 93 1026 1
93 59 1026 1
74 96 467 1
96 74 467 1
1 13 546 1
13 1 546 1
37 97 271 1
97 37 271 1
46 84 530 1
84 46 530 1
76 84 486 1
84 76 486 1
1 75 562 1
75 1 562 1
18 82 891 1
82 18 891 1
40 56 722 1
56 40 722 1
44 100 799 1
100 44 799 1
63 75 591 1
75 63 591 1
14 27 449 1
27 14 449 1
16 56 380 1
56 16 380 1
21 41 236 1
41 21 236 1
26 41 487 1
41 26 487 1
27 105 897 1
105 27 897 1
46 109 326 1
109 46 326 1
17 78 955 1
78 17 955 1
20 66 927 1
66 20 927 1
25 93 1273 1
93 25 1273 1
46 76 517 1
76 46 517 1
51 112 579 1
112 51 579 1
55 78 841 1
78 55 841 1
10 63 1159 1
63 10 1159 1
28 29 741 1
29 28 741 1
73 109 538 1
109 73 538 1
35 48 491 1
48 35 491 1
46 52 244 1
52 46 244 1
53 55 448 1
55 53 448 1
41 84 910 1
84 41 910 1
64 107 1075 1
107 64 1075 1
70 77 376 1
77 70 376 1
72 102 769 1
102 72 769 1
85 96 743 1
96 85 743 1
37 111 552 1
111 37 552 1
57 75 616 1
75 57 616 1
16 83 1029 1
83 16 1029 1
47 53 268 1
53 47 268 1
48 59 599 1
59 48 599 1
59 101 1108 1
101 59 1108 1
87 88 1035 1
88 87 1035 1
14 114 959 1
114 14 959 1
27 66 1140 1
66 27 1140 1
52 66 667 1
66 52 667 1
1 54 1073 1
54 1 1073 1
3 19 382 1
19 3 382 1
14 25 491 1
25 14 491 1
20 93 974 1
93 20 974 1
35 51 483 1
51 35 483 1
37 39 117 1
39 37 117 1
37 46 651 1
46 37 651 1
81 82 1081 1
82 81 1081 1
10 112 1075 1
112 10 1075 1
13 71 401 1
71 13 401 1
15 100 1225 1
100 15 1225 1
34 89 759 1
89 34 759 1
48 52 415 1
52 48 415 1
55 80 931 1
80 55 931 1
71 101 966 1
101 71 966 1
102 107 560 1
107 102 560 1
4 45 1366 1
45 4 1366 1
15 72 724 1
72 15 724 1
29 104 885 1
104 29 885 1
36 72 276 1
72 36 276 1
36 74 242 1
74 36 242 1
45 106 909 1
106 45 909 1
73 77 274 1
77 73 274 1
103 106 532 1
106 103 532 1
16 34 555 1
34 16 555 1
21 89 648 1
89 21 648 1
70 87 695 1
87 70 695 1
85 88 1097 1
88 85 1097 1
14 33 786 1
33 14 786 1
16 82 421 1
82 16 421 1
27 37 597 1
37 27 597 1
28 83 861 1
83 28 861 1
43 89 647 1
89 43 647 1
7 106 1176 1
106 7 1176 1
12 17 1046 1
17 12 1046 1
32 57 493 1
57 32 493 1
56 79 965 1
79 56 965 1
67 110 507 1
110 67 507 1
24 68 1109 1
68 24 1109 1
26 48 1303 1
48 26 1303 1
36 47 622 1
47 36 622 1
36 99 637 1
99 36 637 1
37 98 666 1
98 37 666 1
38 78 371 1
78 38 371 1
55 84 914 1
84 55 914 1
59 92 1150 1
92 59 1150 1
65 68 707 1
68 65 707 1
72 103 933 1
103 72 933 1
75 84 839 1
84 75 839 1
91 113 366 1
113 91 366 1
97 103 349 1
103 97 349 1
40 41 506 1
41 40 506 1
57 90 1197 1
90 57 1197 1
0 1 800 1
1 0 800 1
9 65 1235 1
65 9 1235 1
18 101 1348 1
101 18 1348 1
25 100 1246 1
100 25 1246 1
82 114 823 1
114 82 823 1
94 104 298 1
104 94 298 1
10 31 619 1
31 10 619 1
11 33 518 1
33 11 518 1
11 64 1218 1
64 11 1218 1
34 50 475 1
50 34 475 1
0 58 565 1
58 0 565 1
7 70 592 1
70 7 592 1
9 50 1509 1
50 9 1509 1
12 77 756 1
77 12 756 1
13 24 641 1
24 13 641 1
35 71 557 1
71 35 557 1
56 78 391 1
78 56 391 1
13 34 921 1
34 13 921 1
30 83 641 1
83 30 641 1
68 106 1131 1
106 68 1131 1
71 105 832 1
105 71 832 1
108 115 135 1
115 108 135 1
7 64 1244 1
64 7 1244 1
18 83 953 1
83 18 953 1
19 70 573 1
70 19 573 1
20 51 1095 1
51 20 1095 1
31 77 552 1
77 31 552 1
36 82 401 1
82 36 401 1
41 112 775 1
112 41 775 1
60 65 898 1
65 60 898 1
72 86 399 1
86 72 399 1
96 104 297 1
104 96 297 1
67 115 767 1
115 67 767 1
86 89 1016 1
89 86 1016 1
93 112 343 1
112 93 343 1
99 109 321 1
109 99 321 1
9 20 557 1
20 9 557 1
37 79 267 1
79 37 267 1
37 112 610 1
112 37 610 1
38 95 382 1
95 38 382 1
45 65 388 1
65 45 388 1
61 66 546 1
66 61 546 1
63 80 1146 1
80 63 1146 1
74 87 714 1
87 74 714 1
74 112 785 1
112 74 785 1
93 106 650 1
106 93 650 1
9 67 1237 1
67 9 1237 1
35 66 331 1
66 35 331 1
45 51 254 1
51 45 254 1
56 59 788 1
59 56 788 1
11 47 921 1
47 11 921 1
29 33 510 1
33 29 510 1
31 84 971 1
84 31 971 1
38 86 366 1
86 38 366 1
37 53 629 1
53 37 629 1
66 106 937 1
106 66 937 1
74 77 362 1
77 74 362 1
81 99 581 1
99 81 581 1
101 104 464 1
104 101 464 1
2 8 554 1
8 2 554 1
5 49 1365 1
49 5 1365 1
8 34 1027 1
34 8 1027 1
15 86 825 1
86 15 825 1
56 62 252 1
62 56 252 1
9 45 1389 1
45 9 1389 1
23 89 1070 1
89 23 1070 1
25 114 1103 1
114 25 1103 1
32 62 548 1
62 32 548 1
72 77 430 1
77 72 430 1
78 94 474 1
94 78 474 1
8 64 1208 1
64 8 1208 1
17 84 1128 1
84 17 1128 1
29 102 1018 1
102 29 1018 1
33 41 611 1
41 33 611 1
37 84 862 1
84 37 862 1
48 100 791 1
100 48 791 1
56 99 1051 1
99 56 1051 1
68 78 695 1
78 68 695 1
1 72 829 1
72 1 829 1
6 22 333 1
22 6 333 1
16 77 611 1
77 16 611 1
72 78 300 1
78 72 300 1
77 86 724 1
86 77 724 1
80 113 810 1
113 80 810 1
4 35 987 1
35 4 987 1
6 23 465 1
23 6 465 1
8 66 1233 1
66 8 1233 1
11 83 383 1
83 11 383 1
21 52 1052 1
52 21 1052 1
25 79 804 1
79 25 804 1
40 82 231 1
82 40 231 1
43 96 503 1
96 43 503 1
54 104 337 1
104 54 337 1
57 102 1241 1
102 57 1241 1
62 65 1049 1
65 62 1049 1
69 100 1235 1
100 69 1235 1
4 8 148 1
8 4 148 1
7 11 254 1
11 7 254 1
10 85 1188 1
85 10 1188 1
14 80 575 1
80 14 575 1
38 40 158 1
40 38 158 1
47 97 280 1
97 47 280 1
75 87 423 1
87 75 423 1
94 115 181 1
115 94 181 1
4 13 743 1
13 4 743 1
8 40 521 1
40 8 521 1
10 37 891 1
37 10 891 1
24 27 252 1
27 24 252 1
27 101 1063 1
101 27 1063 1
77 101 754 1
101 77 754 1
105 115 176 1
115 105 176 1
22 88 1044 1
88 22 1044 1
34 71 603 1
71 34 603 1
37 104 610 1
104 37 610 1
13 63 653 1
63 13 653 1
15 40 725 1
40 15 725 1
20 106 592 1
106 20 592 1
26 93 1144 1
93 26 1144 1
43 50 494 1
50 43 494 1
47 73 730 1
73 47 730 1
0 14 728 1
14 0 728 1
3 59 922 1
59 3 922 1
9 18 946 1
18 9 946 1
26 66 1142 1
66 26 1142 1
35 112 561 1
112 35 561 1
41 83 252 1
83 41 252 1
66 102 974 1
102 66 974 1
108 109 87 1
109 108 87 1
3 58 1025 1
58 3 1025 1
8 26 300 1
26 8 300 1
29 44 1005 1
44 29 1005 1
30 104 1036 1
104 30 1036 1
48 60 501 1
60 48 501 1
49 67 315 1
67 49 315 1
70 109 564 1
109 70 564 1
72 82 298 1
82 72 298 1
6 101 1437 1
101 6 1437 1
58 95 897 1
95 58 897 1
82 89 1043 1
89 82 1043 1
13 74 757 1
74 13 757 1
31 64 1128 1
64 31 1128 1
43 98 522 1
98 43 522 1
1 55 789 1
55 1 789 1
10 60 650 1
60 10 650 1
15 32 852 1
32 15 852 1
23 25 373 1
25 23 373 1
45 102 889 1
102 45 889 1
81 113 820 1
113 81 820 1
94 105 354 1
105 94 354 1
95 99 272 1
99 95 272 1
97 99 180 1
99 97 180 1
1 85 630 1
85 1 630 1
6 19 593 1
19 6 593 1
9 66 1299 1
66 9 1299 1
10 16 218 1
16 10 218 1
14 60 967 1
60 14 967 1
19 101 1295 1
101 19 1295 1
46 80 618 1
80 46 618 1
47 113 338 1
113 47 338 1
59 65 304 1
65 59 304 1
84 99 865 1
99 84 865 1
5 59 1317 1
59 5 1317 1
12 32 661 1
32 12 661 1
15 28 819 1
28 15 819 1
33 87 839 1
87 33 839 1
38 98 432 1
98 38 432 1
40 74 182 1
74 40 182 1
42 92 498 1
92 42 498 1
75 81 434 1
81 75 434 1
80 96 505 1
96 80 505 1
8 65 1425 1
65 8 1425 1
11 87 539 1
87 11 539 1
21 50 1091 1
50 21 1091 1
23 50 1386 1
50 23 1386 1
24 80 900 1
80 24 900 1
26 57 1052 1
57 26 1052 1
31 71 265 1
71 31 265 1
49 66 437 1
66 49 437 1
63 76 747 1
76 63 747 1
3 73 493 1
73 3 493 1
15 82 832 1
82 15 832 1
24 41 633 1
41 24 633 1
33 105 952 1
105 33 952 1
36 56 615 1
56 36 615 1
40 112 757 1
112 40 757 1
49 69 641 1
69 49 641 1
7 67 937 1
67 7 937 1
25 71 434 1
71 25 434 1
71 80 755 1
80 71 755 1
97 105 299 1
105 97 299 1
43 110 298 1
110 43 298 1
44 68 695 1
68 44 695 1
47 74 751 1
74 47 751 1
47 81 624 1
81 47 624 1
67 68 440 1
68 67 440 1
80 99 917 1
99 80 917 1
0 53 1230 1
53 0 1230 1
3 94 975 1
94 3 975 1
4 25 258 1
25 4 258 1
8 24 258 1
24 8 258 1
24 48 1432 1
48 24 1432 1
29 71 259 1
71 29 259 1
29 105 795 1
105 29 795 1
61 90 1156 1
90 61 1156 1
1 15 757 1
15 1 757 1
8 27 425 1
27 8 425 1
9 16 1038 1
16 9 1038 1
19 82 964 1
82 19 964 1
32 36 555 1
36 32 555 1
33 36 610 1
36 33 610 1
34 40 622 1
40 34 622 1
42 51 463 1
51 42 463 1
43 79 634 1
79 43 634 1
54 96 167 1
96 54 167 1
59 91 926 1
91 59 926 1
72 104 727 1
104 72 727 1
1 60 923 1
60 1 923 1
15 102 1152 1
102 15 1152 1
24 100 1231 1
100 24 1231 1
29 113 879 1
113 29 879 1
6 15 884 1
15 6 884 1
20 44 1027 1
44 20 1027 1
29 36 705 1
36 29 705 1
37 95 241 1
95 37 241 1
40 105 656 1
105 40 656 1
48 91 808 1
91 48 808 1
54 103 653 1
103 54 653 1
66 90 828 1
90 66 828 1
66 115 807 1
115 66 807 1
72 84 493 1
84 72 493 1
15 36 848 1
36 15 848 1
17 26 792 1
26 17 792 1
38 97 469 1
97 38 469 1
47 95 361 1
95 47 361 1
48 101 937 1
101 48 937 1
55 70 737 1
70 55 737 1
86 96 642 1
96 86 642 1
93 103 173 1
103 93 173 1
11 79 342 1
79 11 342 1
17 33 512 1
33 17 512 1
36 87 808 1
87 36 808 1
39 78 740 1
78 39 740 1
97 113 312 1
113 97 312 1
3 67 879 1
67 3 879 1
17 40 824 1
40 17 824 1
55 81 401 1
81 55 401 1
63 85 364 1
85 63 364 1
87 89 476 1
89 87 476 1
90 111 396 1
111 90 396 1
5 43 1235 1
43 5 1235 1
11 98 1130 1
98 11 1130 1
24 43 1300 1
43 24 1300 1
49 99 587 1
99 49 587 1
0 108 876 1
108 0 876 1
11 85 574 1
85 11 574 1
23 74 648 1
74 23 648 1
28 77 540 1
77 28 540 1
95 115 205 1
115 95 205 1
2 69 758 1
69 2 758 1
5 101 1174 1
101 5 1174 1
27 57 990 1
57 27 990 1
29 83 227 1
83 29 227 1
38 109 342 1
109 38 342 1
47 86 1016 1
86 47 1016 1
73 105 753 1
105 73 753 1
99 114 265 1
114 99 265 1
0 95 915 1
95 0 915 1
4 66 1205 1
66 4 1205 1
41 78 770 1
78 41 770 1
54 93 721 1
93 54 721 1
58 115 947 1
115 58 947 1
62 74 590 1
74 62 590 1
67 104 923 1
104 67 923 1
14 76 580 1
76 14 580 1
28 31 545 1
31 28 545 1
29 66 901 1
66 29 901 1
40 47 783 1
47 40 783 1
44 97 631 1
97 44 631 1
59 94 905 1
94 59 905 1
68 97 933 1
97 68 933 1
75 80 775 1
80 75 775 1
77 105 632 1
105 77 632 1
5 114 1065 1
114 5 1065 1
12 35 895 1
35 12 895 1
14 78 546 1
78 14 546 1
24 66 1233 1
66 24 1233 1
32 37 626 1
37 32 626 1
38 79 739 1
79 38 739 1
77 84 711 1
84 77 711 1
81 111 760 1
111 81 760 1
41 71 317 1
71 41 317 1
58 108 852 1
108 58 852 1
98 113 276 1
113 98 276 1
1 51 787 1
51 1 787 1
17 25 762 1
25 17 762 1
26 110 904 1
110 26 904 1
27 38 594 1
38 27 594 1
37 83 399 1
83 37 399 1
46 73 842 1
73 46 842 1
57 60 868 1
60 57 868 1
79 114 741 1
114 79 741 1
3 97 966 1
97 3 966 1
28 78 272 1
78 28 272 1
29 97 574 1
97 29 574 1
71 114 814 1
114 71 814 1
83 113 937 1
113 83 937 1
6 74 506 1
74 6 506 1
18 115 1061 1
115 18 1061 1
31 73 397 1
73 31 397 1
41 74 484 1
74 41 484 1
47 75 674 1
75 47 674 1
54 78 385 1
78 54 385 1
59 71 893 1
71 59 893 1
8 17 1036 1
17 8 1036 1
11 88 1176 1
88 11 1176 1
14 30 414 1
30 14 414 1
19 73 625 1
73 19 625 1
27 69 1092 1
69 27 1092 1
39 107 280 1
107 39 280 1
52 57 1117 1
57 52 1117 1
55 83 558 1
83 55 558 1
82 115 739 1
115 82 739 1
85 105 668 1
105 85 668 1
1 47 849 1
47 1 849 1
9 64 1448 1
64 9 1448 1
12 72 358 1
72 12 358 1
17 57 439 1
57 17 439 1
25 64 1312 1
64 25 1312 1
28 74 188 1
74 28 188 1
28 101 1105 1
101 28 1105 1
29 54 871 1
54 29 871 1
15 101 1024 1
101 15 1024 1
29 53 887 1
53 29 887 1
30 103 1152 1
103 30 1152 1
95 113 351 1
113 95 351 1
4 79 928 1
79 4 928 1
11 41 473 1
41 11 473 1
33 78 590 1
78 33 590 1
37 76 441 1
76 37 441 1
37 87 433 1
87 37 433 1
57 78 938 1
78 57 938 1
70 83 652 1
83 70 652 1
29 99 709 1
99 29 709 1
63 89 569 1
89 63 569 1
74 82 336 1
82 74 336 1
0 96 812 1
96 0 812 1
12 86 512 1
86 12 512 1
15 65 1052 1
65 15 1052 1
55 72 755 1
72 55 755 1
64 82 943 1
82 64 943 1
3 30 397 1
30 3 397 1
7 100 1408 1
100 7 1408 1
29 106 855 1
106 29 855 1
36 98 402 1
98 36 402 1
58 71 951 1
71 58 951 1
67 106 941 1
106 67 941 1
11 107 831 1
107 11 831 1
13 62 1248 1
62 13 1248 1
16 64 567 1
64 16 567 1
26 38 554 1
38 26 554 1
29 94 678 1
94 29 678 1
52 68 984 1
68 52 984 1
6 82 587 1
82 6 587 1
7 69 790 1
69 7 790 1
78 109 527 1
109 78 527 1
96 110 214 1
110 96 214 1
97 111 292 1
111 97 292 1
11 112 1101 1
112 11 1101 1
44 110 439 1
110 44 439 1
49 109 629 1
109 49 629 1
56 86 911 1
86 56 911 1
63 78 1033 1
78 63 1033 1
80 108 630 1
108 80 630 1
7 31 345 1
31 7 345 1
14 81 1094 1
81 14 1094 1
14 85 1160 1
85 14 1160 1
16 74 335 1
74 16 335 1
34 36 459 1
36 34 459 1
42 44 208 1
44 42 208 1
55 113 437 1
113 55 437 1
56 88 726 1
88 56 726 1
66 91 902 1
91 66 902 1
3 50 1273 1
50 3 1273 1
4 93 1288 1
93 4 1288 1
13 107 881 1
107 13 881 1
17 62 1129 1
62 17 1129 1
20 39 459 1
39 20 459 1
30 101 1224 1
101 30 1224 1
33 63 547 1
63 33 547 1
43 51 245 1
51 43 245 1
52 99 661 1
99 52 661 1
71 102 966 1
102 71 966 1
0 47 988 1
47 0 988 1
3 66 920 1
66 3 920 1
5 44 1368 1
44 5 1368 1
8 61 1371 1
61 8 1371 1
28 102 802 1
102 28 802 1
44 91 726 1
91 44 726 1
51 68 868 1
68 51 868 1
83 95 609 1
95 83 609 1
25 43 1261 1
43 25 1261 1
27 34 903 1
34 27 903 1
40 111 707 1
111 40 707 1
46 113 335 1
113 46 335 1
52 63 1131 1
63 52 1131 1
54 98 204 1
98 54 204 1
62 76 527 1
76 62 527 1
63 90 1184 1
90 63 1184 1
65 100 1146 1
100 65 1146 1
68 84 871 1
84 68 871 1
85 109 570 1
109 85 570 1
89 99 398 1
99 89 398 1
26 43 1155 1
43 26 1155 1
46 83 1042 1
83 46 1042 1
59 102 1214 1
102 59 1214 1
1 57 172 1
57 1 172 1
15 77 606 1
77 15 606 1
19 58 678 1
58 19 678 1
41 55 403 1
55 41 403 1
43 78 794 1
78 43 794 1
70 94 557 1
94 70 557 1
77 103 704 1
103 77 704 1
11 89 636 1
89 11 636 1
16 105 923 1
105 16 923 1
17 51 751 1
51 17 751 1
26 80 792 1
80 26 792 1
41 89 415 1
89 41 415 1
69 101 1234 1
101 69 1234 1
11 14 937 1
14 11 937 1
13 95 821 1
95 13 821 1
16 76 379 1
76 16 379 1
39 41 161 1
41 39 161 1
44 94 628 1
94 44 628 1
22 50 1336 1
50 22 1336 1
32 76 341 1
76 32 341 1
35 102 781 1
102 35 781 1
85 104 824 1
104 85 824 1
9 78 1057 1
78 9 1057 1
32 54 715 1
54 32 715 1
8 38 679 1
38 8 679 1
10 87 1058 1
87 10 1058 1
11 99 897 1
99 11 897 1
25 57 1030 1
57 25 1030 1
33 77 332 1
77 33 332 1
53 111 406 1
111 53 406 1
81 114 782 1
114 81 782 1
83 89 464 1
89 83 464 1
92 110 485 1
110 92 485 1
1 49 776 1
49 1 776 1
6 34 815 1
34 6 815 1
14 102 929 1
102 14 929 1
18 66 623 1
66 18 623 1
37 40 562 1
40 37 562 1
40 72 200 1
72 40 200 1
42 95 547 1
95 42 547 1
43 114 502 1
114 43 502 1
58 67 368 1
67 58 368 1
8 20 420 1
20 8 420 1
25 48 1425 1
48 25 1425 1
46 78 577 1
78 46 577 1
54 75 692 1
75 54 692 1
77 82 682 1
82 77 682 1
3 92 1420 1
92 3 1420 1
9 87 450 1
87 9 450 1
22 27 524 1
27 22 524 1
27 102 1008 1
102 27 1008 1
58 106 1039 1
106 58 1039 1
