116 2668
44 45 194 1
45 44 194 1
42 43 239 1
43 42 239 1
26 27 135 1
27 26 135 1
5 26 263 1
26 5 263 1
62 63 1134 1
63 62 1134 1
43 47 146 1
47 43 146 1
42 46 173 1
46 42 173 1
46 47 309 1
47 46 309 1
17 63 324 1
63 17 324 1
58 59 496 1
59 58 496 1
60 61 893 1
61 60 893 1
43 46 341 1
46 43 341 1
82 83 881 1
83 82 881 1
4 5 350 1
5 4 350 1
42 47 281 1
47 42 281 1
58 60 266 1
60 58 266 1
76 77 238 1
77 76 238 1
5 8 493 1
8 5 493 1
4 8 148 1
8 4 148 1
26 82 411 1
82 26 411 1
51 52 786 1
52 51 786 1
4 26 161 1
26 4 161 1
5 27 165 1
27 5 165 1
8 14 205 1
14 8 205 1
50 51 698 1
51 50 698 1
59 66 363 1
66 59 363 1
80 81 1113 1
81 80 1113 1
84 85 1130 1
85 84 1130 1
17 62 1129 1
62 17 1129 1
103 104 369 1
104 103 369 1
100 102 87 1
102 100 87 1
52 53 746 1
53 52 746 1
68 69 164 1
69 68 164 1
8 26 300 1
26 8 300 1
18 19 147 1
19 18 147 1
19 68 313 1
68 19 313 1
60 62 241 1
62 60 241 1
2 18 379 1
18 2 379 1
18 68 315 1
68 18 315 1
48 49 410 1
49 48 410 1
51 53 271 1
53 51 271 1
61 102 1213 1
102 61 1213 1
46 111 189 1
111 46 189 1
0 56 174 1
56 0 174 1
58 61 717 1
61 58 717 1
27 82 524 1
82 27 524 1
21 27 209 1
27 21 209 1
88 89 1035 1
89 88 1035 1
60 63 1021 1
63 60 1021 1
99 113 264 1
113 99 264 1
46 55 584 1
55 46 584 1
12 17 1046 1
17 12 1046 1
44 49 304 1
49 44 304 1
97 99 180 1
99 97 180 1
27 88 863 1
88 27 863 1
36 37 542 1
37 36 542 1
32 33 149 1
33 32 149 1
62 102 862 1
102 62 862 1
102 103 508 1
103 102 508 1
89 106 787 1
106 89 787 1
3 23 271 1
23 3 271 1
43 45 199 1
45 43 199 1
4 82 403 1
82 4 403 1
18 69 392 1
69 18 392 1
22 27 524 1
27 22 524 1
71 74 359 1
74 71 359 1
42 45 300 1
45 42 300 1
59 61 271 1
61 59 271 1
28 29 741 1
29 28 741 1
60 102 963 1
102 60 963 1
79 81 136 1
81 79 136 1
18 88 1010 1
88 18 1010 1
42 44 208 1
44 42 208 1
99 112 272 1
112 99 272 1
5 82 673 1
82 5 673 1
37 98 666 1
98 37 666 1
82 88 444 1
88 82 444 1
94 97 266 1
97 94 266 1
72 81 860 1
81 72 860 1
21 26 271 1
26 21 271 1
14 26 321 1
26 14 321 1
43 44 290 1
44 43 290 1
61 63 238 1
63 61 238 1
4 88 829 1
88 4 829 1
10 11 986 1
11 10 986 1
101 104 464 1
104 101 464 1
30 31 127 1
31 30 127 1
93 104 478 1
104 93 478 1
26 88 791 1
88 26 791 1
113 114 95 1
114 113 95 1
17 72 781 1
72 17 781 1
62 72 566 1
72 62 566 1
61 64 928 1
64 61 928 1
83 87 158 1
87 83 158 1
56 57 840 1
57 56 840 1
5 9 157 1
9 5 157 1
106 107 486 1
107 106 486 1
2 6 165 1
6 2 165 1
12 60 825 1
60 12 825 1
101 102 595 1
102 101 595 1
8 27 425 1
27 8 425 1
12 62 664 1
62 12 664 1
13 16 1048 1
16 13 1048 1
2 19 481 1
19 2 481 1
9 15 219 1
15 9 219 1
72 80 384 1
80 72 384 1
55 98 606 1
98 55 606 1
99 109 321 1
109 99 321 1
0 89 1205 1
89 0 1205 1
8 73 750 1
73 8 750 1
12 63 1218 1
63 12 1218 1
14 27 449 1
27 14 449 1
37 46 651 1
46 37 651 1
93 106 650 1
106 93 650 1
4 21 414 1
21 4 414 1
22 23 140 1
23 22 140 1
47 111 188 1
111 47 188 1
89 93 471 1
93 89 471 1
1 57 172 1
57 1 172 1
4 27 279 1
27 4 279 1
98 99 479 1
99 98 479 1
0 58 565 1
58 0 565 1
64 102 855 1
102 64 855 1
101 103 106 1
103 101 106 1
29 80 961 1
80 29 961 1
36 77 422 1
77 36 422 1
5 88 1026 1
88 5 1026 1
37 41 217 1
41 37 217 1
12 48 1186 1
48 12 1186 1
21 88 754 1
88 21 754 1
11 13 168 1
13 11 168 1
75 77 210 1
77 75 210 1
96 98 184 1
98 96 184 1
16 62 313 1
62 16 313 1
17 28 894 1
28 17 894 1
44 47 404 1
47 44 404 1
93 101 103 1
101 93 103 1
5 14 572 1
14 5 572 1
19 83 893 1
83 19 893 1
16 28 220 1
28 16 220 1
17 79 135 1
79 17 135 1
72 74 76 1
74 72 76 1
102 104 159 1
104 102 159 1
74 76 203 1
76 74 203 1
93 103 173 1
103 93 173 1
4 89 1056 1
89 4 1056 1
63 72 944 1
72 63 944 1
64 65 897 1
65 64 897 1
93 100 653 1
100 93 653 1
9 92 1428 1
92 9 1428 1
26 83 578 1
83 26 578 1
58 89 1156 1
89 58 1156 1
96 109 176 1
109 96 176 1
98 109 329 1
109 98 329 1
28 80 329 1
80 28 329 1
35 114 586 1
114 35 586 1
56 60 232 1
60 56 232 1
86 87 805 1
87 86 805 1
95 109 146 1
109 95 146 1
42 111 258 1
111 42 258 1
13 29 290 1
29 13 290 1
57 102 1241 1
102 57 1241 1
5 25 129 1
25 5 129 1
10 28 213 1
28 10 213 1
74 75 389 1
75 74 389 1
13 17 364 1
17 13 364 1
23 34 949 1
34 23 949 1
45 49 111 1
49 45 111 1
12 61 1246 1
61 12 1246 1
13 28 892 1
28 13 892 1
45 47 345 1
47 45 345 1
22 88 1044 1
88 22 1044 1
114 115 96 1
115 114 96 1
43 111 293 1
111 43 293 1
79 80 991 1
80 79 991 1
109 113 333 1
113 109 333 1
21 82 511 1
82 21 511 1
2 3 405 1
3 2 405 1
25 31 272 1
31 25 272 1
90 91 735 1
91 90 735 1
5 21 332 1
21 5 332 1
37 38 515 1
38 37 515 1
8 89 1179 1
89 8 1179 1
50 52 243 1
52 50 243 1
18 27 862 1
27 18 862 1
36 41 570 1
41 36 570 1
17 29 223 1
29 17 223 1
24 25 135 1
25 24 135 1
39 96 494 1
96 39 494 1
0 19 488 1
19 0 488 1
10 13 1004 1
13 10 1004 1
55 96 492 1
96 55 492 1
98 112 277 1
112 98 277 1
15 83 194 1
83 15 194 1
16 80 152 1
80 16 152 1
3 22 347 1
22 3 347 1
71 72 402 1
72 71 402 1
5 15 278 1
15 5 278 1
21 110 690 1
110 21 690 1
60 64 187 1
64 60 187 1
95 108 123 1
108 95 123 1
6 7 710 1
7 6 710 1
16 30 615 1
30 16 615 1
17 60 1082 1
60 17 1082 1
23 27 506 1
27 23 506 1
78 80 116 1
80 78 116 1
19 88 1069 1
88 19 1069 1
75 76 374 1
76 75 374 1
16 29 882 1
29 16 882 1
1 69 441 1
69 1 441 1
3 18 417 1
18 3 417 1
28 62 527 1
62 28 527 1
16 17 998 1
17 16 998 1
23 25 373 1
25 23 373 1
36 99 637 1
99 36 637 1
2 88 959 1
88 2 959 1
16 63 1092 1
63 16 1092 1
46 53 547 1
53 46 547 1
56 58 427 1
58 56 427 1
83 109 722 1
109 83 722 1
8 23 562 1
23 8 562 1
29 31 454 1
31 29 454 1
40 81 874 1
81 40 874 1
61 100 1241 1
100 61 1241 1
0 1 800 1
1 0 800 1
63 102 1192 1
102 63 1192 1
21 109 565 1
109 21 565 1
35 92 768 1
92 35 768 1
62 64 300 1
64 62 300 1
58 66 198 1
66 58 198 1
61 62 1047 1
62 61 1047 1
112 113 116 1
113 112 116 1
14 22 562 1
22 14 562 1
4 99 1138 1
99 4 1138 1
13 63 653 1
63 13 653 1
17 61 534 1
61 17 534 1
66 67 177 1
67 66 177 1
20 26 232 1
26 20 232 1
29 79 257 1
79 29 257 1
55 94 428 1
94 55 428 1
19 87 1016 1
87 19 1016 1
37 77 246 1
77 37 246 1
50 53 744 1
53 50 744 1
64 100 818 1
100 64 818 1
18 21 751 1
21 18 751 1
98 111 265 1
111 98 265 1
2 68 671 1
68 2 671 1
5 24 252 1
24 5 252 1
109 112 348 1
112 109 348 1
3 88 1145 1
88 3 1145 1
28 72 116 1
72 28 116 1
95 112 395 1
112 95 395 1
36 85 845 1
85 36 845 1
46 98 212 1
98 46 212 1
33 80 703 1
80 33 703 1
37 52 879 1
52 37 879 1
4 83 726 1
83 4 726 1
21 99 765 1
99 21 765 1
72 79 733 1
79 72 733 1
14 70 380 1
70 14 380 1
52 55 814 1
55 52 814 1
28 33 585 1
33 28 585 1
0 88 782 1
88 0 782 1
36 110 412 1
110 36 412 1
37 111 552 1
111 37 552 1
34 73 620 1
73 34 620 1
37 55 221 1
55 37 221 1
13 30 546 1
30 13 546 1
93 102 600 1
102 93 600 1
13 62 1248 1
62 13 1248 1
8 22 480 1
22 8 480 1
14 82 179 1
82 14 179 1
28 63 1049 1
63 28 1049 1
104 106 195 1
106 104 195 1
2 4 569 1
4 2 569 1
2 83 913 1
83 2 913 1
18 82 891 1
82 18 891 1
29 72 629 1
72 29 629 1
3 92 1420 1
92 3 1420 1
5 22 506 1
22 5 506 1
23 26 522 1
26 23 522 1
29 33 510 1
33 29 510 1
47 55 367 1
55 47 367 1
53 55 448 1
55 53 448 1
19 82 964 1
82 19 964 1
38 39 465 1
39 38 465 1
59 60 718 1
60 59 718 1
20 25 402 1
25 20 402 1
0 106 981 1
106 0 981 1
18 83 953 1
83 18 953 1
46 52 244 1
52 46 244 1
60 106 915 1
106 60 915 1
4 14 255 1
14 4 255 1
12 64 932 1
64 12 932 1
26 99 1000 1
99 26 1000 1
44 46 353 1
46 44 353 1
83 88 1071 1
88 83 1071 1
3 5 603 1
5 3 603 1
42 55 629 1
55 42 629 1
58 102 1067 1
102 58 1067 1
77 111 559 1
111 77 559 1
10 64 755 1
64 10 755 1
36 76 232 1
76 36 232 1
77 114 582 1
114 77 582 1
13 78 1046 1
78 13 1046 1
8 82 379 1
82 8 379 1
17 80 1070 1
80 17 1070 1
36 46 482 1
46 36 482 1
74 81 792 1
81 74 792 1
90 111 396 1
111 90 396 1
3 27 634 1
27 3 634 1
34 50 475 1
50 34 475 1
20 110 682 1
110 20 682 1
56 106 934 1
106 56 934 1
110 113 304 1
113 110 304 1
21 97 595 1
97 21 595 1
22 26 505 1
26 22 505 1
30 71 303 1
71 30 303 1
58 106 1039 1
106 58 1039 1
30 33 526 1
33 30 526 1
37 99 410 1
99 37 410 1
71 81 550 1
81 71 550 1
10 62 483 1
62 10 483 1
68 91 1170 1
91 68 1170 1
12 102 1064 1
102 12 1064 1
17 81 182 1
81 17 182 1
37 76 441 1
76 37 441 1
41 98 784 1
98 41 784 1
59 102 1214 1
102 59 1214 1
7 65 934 1
65 7 934 1
31 80 848 1
80 31 848 1
38 41 513 1
41 38 513 1
101 106 633 1
106 101 633 1
3 26 678 1
26 3 678 1
23 73 568 1
73 23 568 1
26 89 900 1
89 26 900 1
72 78 300 1
78 72 300 1
100 106 280 1
106 100 280 1
7 100 1408 1
100 7 1408 1
8 88 819 1
88 8 819 1
27 89 807 1
89 27 807 1
40 80 433 1
80 40 433 1
58 93 1138 1
93 58 1138 1
5 83 447 1
83 5 447 1
20 85 844 1
85 20 844 1
76 111 559 1
111 76 559 1
36 98 402 1
98 36 402 1
52 54 402 1
54 52 402 1
14 88 613 1
88 14 613 1
31 33 517 1
33 31 517 1
36 109 326 1
109 36 326 1
82 109 693 1
109 82 693 1
8 25 389 1
25 8 389 1
17 102 1111 1
102 17 1111 1
78 79 878 1
79 78 878 1
11 16 1004 1
16 11 1004 1
16 72 287 1
72 16 287 1
19 69 323 1
69 19 323 1
29 81 342 1
81 29 342 1
37 109 343 1
109 37 343 1
6 66 934 1
66 6 934 1
19 27 874 1
27 19 874 1
13 33 629 1
33 13 629 1
1 56 851 1
56 1 851 1
1 59 541 1
59 1 541 1
3 9 596 1
9 3 596 1
5 23 453 1
23 5 453 1
97 109 174 1
109 97 174 1
10 16 218 1
16 10 218 1
37 47 493 1
47 37 493 1
46 90 324 1
90 46 324 1
8 21 536 1
21 8 536 1
14 15 772 1
15 14 772 1
38 46 544 1
46 38 544 1
49 71 957 1
71 49 957 1
71 75 163 1
75 71 163 1
30 78 663 1
78 30 663 1
68 99 1044 1
99 68 1044 1
7 59 970 1
59 7 970 1
14 21 487 1
21 14 487 1
39 69 918 1
69 39 918 1
63 64 1058 1
64 63 1058 1
10 78 335 1
78 10 335 1
18 26 857 1
26 18 857 1
36 38 122 1
38 36 122 1
61 106 1151 1
106 61 1151 1
5 92 1324 1
92 5 1324 1
19 26 891 1
26 19 891 1
55 111 434 1
111 55 434 1
3 19 382 1
19 3 382 1
47 90 580 1
90 47 580 1
48 61 765 1
61 48 765 1
82 86 143 1
86 82 143 1
23 88 1119 1
88 23 1119 1
11 28 875 1
28 11 875 1
42 49 396 1
49 42 396 1
82 87 849 1
87 82 849 1
91 98 616 1
98 91 616 1
102 106 217 1
106 102 217 1
27 85 894 1
85 27 894 1
2 69 758 1
69 2 758 1
3 8 773 1
8 3 773 1
4 15 597 1
15 4 597 1
54 55 651 1
55 54 651 1
82 99 978 1
99 82 978 1
37 39 117 1
39 37 117 1
39 86 698 1
86 39 698 1
45 46 448 1
46 45 448 1
7 61 813 1
61 7 813 1
8 9 638 1
9 8 638 1
37 110 431 1
110 37 431 1
41 46 810 1
46 41 810 1
55 97 173 1
97 55 173 1
1 58 829 1
58 1 829 1
14 73 703 1
73 14 703 1
25 73 516 1
73 25 516 1
77 113 641 1
113 77 641 1
83 99 770 1
99 83 770 1
95 99 272 1
99 95 272 1
5 89 870 1
89 5 870 1
71 80 755 1
80 71 755 1
77 99 529 1
99 77 529 1
4 18 866 1
18 4 866 1
21 85 716 1
85 21 716 1
20 41 386 1
41 20 386 1
55 109 337 1
109 55 337 1
16 78 122 1
78 16 122 1
57 60 868 1
60 57 868 1
17 78 955 1
78 17 955 1
62 101 1225 1
101 62 1225 1
95 111 347 1
111 95 347 1
0 18 364 1
18 0 364 1
10 102 973 1
102 10 973 1
35 67 262 1
67 35 262 1
36 113 562 1
113 36 562 1
40 41 506 1
41 40 506 1
57 62 1000 1
62 57 1000 1
62 103 1159 1
103 62 1159 1
20 24 393 1
24 20 393 1
54 98 204 1
98 54 204 1
100 104 240 1
104 100 240 1
103 106 532 1
106 103 532 1
0 82 741 1
82 0 741 1
27 99 955 1
99 27 955 1
99 111 265 1
111 99 265 1
5 20 424 1
20 5 424 1
21 83 382 1
83 21 382 1
46 77 585 1
77 46 585 1
48 51 548 1
51 48 548 1
16 31 718 1
31 16 718 1
46 94 338 1
94 46 338 1
60 100 938 1
100 60 938 1
31 78 755 1
78 31 755 1
89 104 710 1
104 89 710 1
59 89 931 1
89 59 931 1
63 79 303 1
79 63 303 1
68 83 1108 1
83 68 1108 1
17 64 1130 1
64 17 1130 1
27 68 1083 1
68 27 1083 1
22 34 922 1
34 22 922 1
26 109 775 1
109 26 775 1
97 112 339 1
112 97 339 1
4 24 144 1
24 4 144 1
38 47 654 1
47 38 654 1
41 47 698 1
47 41 698 1
59 93 1026 1
93 59 1026 1
16 33 609 1
33 16 609 1
28 31 545 1
31 28 545 1
100 103 576 1
103 100 576 1
109 110 135 1
110 109 135 1
29 78 851 1
78 29 851 1
88 99 803 1
99 88 803 1
39 109 356 1
109 39 356 1
41 77 345 1
77 41 345 1
56 102 1030 1
102 56 1030 1
74 77 362 1
77 74 362 1
27 83 450 1
83 27 450 1
31 84 971 1
84 31 971 1
40 72 200 1
72 40 200 1
62 80 268 1
80 62 268 1
62 100 836 1
100 62 836 1
63 80 1146 1
80 63 1146 1
52 98 272 1
98 52 272 1
8 15 741 1
15 8 741 1
20 36 396 1
36 20 396 1
35 90 713 1
90 35 713 1
38 105 521 1
105 38 521 1
41 81 452 1
81 41 452 1
68 109 832 1
109 68 832 1
73 110 637 1
110 73 637 1
95 98 433 1
98 95 433 1
2 9 760 1
9 2 760 1
6 59 1126 1
59 6 1126 1
6 89 1224 1
89 6 1224 1
18 89 1085 1
89 18 1085 1
20 38 349 1
38 20 349 1
109 111 273 1
111 109 273 1
7 9 490 1
9 7 490 1
17 48 1051 1
48 17 1051 1
12 100 1084 1
100 12 1084 1
22 92 1425 1
92 22 1425 1
54 99 587 1
99 54 587 1
92 93 608 1
93 92 608 1
100 101 656 1
101 100 656 1
0 59 847 1
59 0 847 1
36 83 816 1
83 36 816 1
71 78 647 1
78 71 647 1
46 51 585 1
51 46 585 1
83 97 654 1
97 83 654 1
105 107 233 1
107 105 233 1
7 48 1293 1
48 7 1293 1
18 91 1236 1
91 18 1236 1
30 80 748 1
80 30 748 1
62 71 867 1
71 62 867 1
9 25 252 1
25 9 252 1
18 39 896 1
39 18 896 1
36 68 821 1
68 36 821 1
82 89 1043 1
89 82 1043 1
85 87 616 1
87 85 616 1
10 17 1029 1
17 10 1029 1
14 23 650 1
23 14 650 1
15 26 469 1
26 15 469 1
27 69 1092 1
69 27 1092 1
47 77 509 1
77 47 509 1
29 41 234 1
41 29 234 1
51 55 568 1
55 51 568 1
57 58 735 1
58 57 735 1
3 82 903 1
82 3 903 1
28 78 272 1
78 28 272 1
42 94 484 1
94 42 484 1
13 72 796 1
72 13 796 1
48 50 202 1
50 48 202 1
67 92 922 1
92 67 922 1
4 97 964 1
97 4 964 1
4 109 890 1
109 4 890 1
21 69 925 1
69 21 925 1
13 64 1328 1
64 13 1328 1
20 27 271 1
27 20 271 1
21 113 840 1
113 21 840 1
39 91 541 1
91 39 541 1
111 112 111 1
112 111 111 1
58 100 1047 1
100 58 1047 1
99 114 265 1
114 99 265 1
11 84 1188 1
84 11 1188 1
26 73 503 1
73 26 503 1
29 40 655 1
40 29 655 1
60 101 1230 1
101 60 1230 1
74 80 415 1
80 74 415 1
97 98 437 1
98 97 437 1
8 20 420 1
20 8 420 1
17 32 646 1
32 17 646 1
36 84 341 1
84 36 341 1
85 110 584 1
110 85 584 1
11 30 584 1
30 11 584 1
18 109 857 1
109 18 857 1
62 104 898 1
104 62 898 1
1 93 1107 1
93 1 1107 1
38 40 158 1
40 38 158 1
69 91 1081 1
91 69 1081 1
2 39 913 1
39 2 913 1
2 82 688 1
82 2 688 1
3 4 707 1
4 3 707 1
56 62 252 1
62 56 252 1
1 18 493 1
18 1 493 1
2 5 685 1
5 2 685 1
36 111 534 1
111 36 534 1
86 88 460 1
88 86 460 1
2 66 917 1
66 2 917 1
23 35 930 1
35 23 930 1
47 87 906 1
87 47 906 1
56 61 920 1
61 56 920 1
7 67 937 1
67 7 937 1
21 68 929 1
68 21 929 1
36 47 622 1
47 36 622 1
37 112 610 1
112 37 610 1
60 103 1182 1
103 60 1182 1
61 101 1003 1
101 61 1003 1
86 98 757 1
98 86 757 1
5 73 471 1
73 5 471 1
64 104 887 1
104 64 887 1
29 84 1027 1
84 29 1027 1
0 60 405 1
60 0 405 1
17 33 512 1
33 17 512 1
30 72 390 1
72 30 390 1
41 43 793 1
43 41 793 1
61 103 1017 1
103 61 1017 1
110 114 289 1
114 110 289 1
0 68 414 1
68 0 414 1
41 75 187 1
75 41 187 1
67 90 867 1
90 67 867 1
94 115 181 1
115 94 181 1
0 2 460 1
2 0 460 1
0 4 861 1
4 0 861 1
39 88 762 1
88 39 762 1
61 65 175 1
65 61 175 1
75 81 434 1
81 75 434 1
1 106 1164 1
106 1 1164 1
33 78 590 1
78 33 590 1
41 95 382 1
95 41 382 1
48 100 791 1
100 48 791 1
26 68 1080 1
68 26 1080 1
56 89 1199 1
89 56 1199 1
66 93 972 1
93 66 972 1
7 66 1007 1
66 7 1007 1
12 13 959 1
13 12 959 1
13 80 1155 1
80 13 1155 1
23 92 1466 1
92 23 1466 1
39 68 969 1
68 39 969 1
43 87 1011 1
87 43 1011 1
54 89 853 1
89 54 853 1
92 100 157 1
100 92 157 1
104 105 204 1
105 104 204 1
13 48 1332 1
48 13 1332 1
13 65 935 1
65 13 935 1
27 110 890 1
110 27 890 1
6 18 473 1
18 6 473 1
10 34 709 1
34 10 709 1
43 55 485 1
55 43 485 1
75 111 718 1
111 75 718 1
3 68 689 1
68 3 689 1
25 26 225 1
26 25 225 1
41 91 695 1
91 41 695 1
54 113 426 1
113 54 426 1
97 113 312 1
113 97 312 1
2 26 618 1
26 2 618 1
38 55 598 1
55 38 598 1
40 74 182 1
74 40 182 1
62 79 1049 1
79 62 1049 1
95 96 288 1
96 95 288 1
4 9 500 1
9 4 500 1
47 98 442 1
98 47 442 1
48 102 819 1
102 48 819 1
36 52 586 1
52 36 586 1
41 110 601 1
110 41 601 1
69 88 1077 1
88 69 1077 1
25 85 1018 1
85 25 1018 1
39 87 370 1
87 39 370 1
8 70 477 1
70 8 477 1
62 106 794 1
106 62 794 1
88 93 930 1
93 88 930 1
29 73 113 1
73 29 113 1
45 111 467 1
111 45 467 1
3 25 566 1
25 3 566 1
21 22 558 1
22 21 558 1
23 31 199 1
31 23 199 1
24 91 1303 1
91 24 1303 1
37 54 645 1
54 37 645 1
0 83 1120 1
83 0 1120 1
4 73 633 1
73 4 633 1
12 72 358 1
72 12 358 1
38 75 499 1
75 38 499 1
39 98 655 1
98 39 655 1
64 103 1097 1
103 64 1097 1
2 89 1170 1
89 2 1170 1
21 96 648 1
96 21 648 1
23 82 788 1
82 23 788 1
24 26 201 1
26 24 201 1
28 71 506 1
71 28 506 1
36 87 808 1
87 36 808 1
34 79 586 1
79 34 586 1
57 59 382 1
59 57 382 1
58 101 1214 1
101 58 1214 1
59 108 883 1
108 59 883 1
77 90 787 1
90 77 787 1
83 95 609 1
95 83 609 1
13 102 1295 1
102 13 1295 1
54 109 337 1
109 54 337 1
13 31 424 1
31 13 424 1
26 110 904 1
110 26 904 1
29 32 631 1
32 29 631 1
64 107 1075 1
107 64 1075 1
101 105 274 1
105 101 274 1
24 87 679 1
87 24 679 1
53 94 658 1
94 53 658 1
61 104 1114 1
104 61 1114 1
1 68 549 1
68 1 549 1
2 109 940 1
109 2 940 1
15 70 606 1
70 15 606 1
68 88 1023 1
88 68 1023 1
16 32 504 1
32 16 504 1
36 114 494 1
114 36 494 1
46 85 782 1
85 46 782 1
77 115 503 1
115 77 503 1
30 74 403 1
74 30 403 1
39 89 325 1
89 39 325 1
15 92 1292 1
92 15 1292 1
26 36 616 1
36 26 616 1
56 59 788 1
59 56 788 1
5 18 901 1
18 5 901 1
32 63 656 1
63 32 656 1
40 79 762 1
79 40 762 1
52 94 506 1
94 52 506 1
69 109 801 1
109 69 801 1
10 63 1159 1
63 10 1159 1
3 14 804 1
14 3 804 1
15 25 386 1
25 15 386 1
78 81 1002 1
81 78 1002 1
96 99 428 1
99 96 428 1
29 30 533 1
30 29 533 1
52 97 650 1
97 52 650 1
60 72 692 1
72 60 692 1
88 97 687 1
97 88 687 1
0 27 931 1
27 0 931 1
7 102 1355 1
102 7 1355 1
9 67 1237 1
67 9 1237 1
18 99 1100 1
99 18 1100 1
19 36 821 1
36 19 821 1
20 21 185 1
21 20 185 1
47 94 415 1
94 47 415 1
59 100 1223 1
100 59 1223 1
3 15 589 1
15 3 589 1
43 90 649 1
90 43 649 1
46 76 517 1
76 46 517 1
55 99 216 1
99 55 216 1
68 114 1093 1
114 68 1093 1
101 107 310 1
107 101 310 1
4 22 457 1
22 4 457 1
28 32 528 1
32 28 528 1
31 72 482 1
72 31 482 1
37 113 578 1
113 37 578 1
95 97 97 1
97 95 97 1
110 111 172 1
111 110 172 1
28 57 964 1
57 28 964 1
58 103 1188 1
103 58 1188 1
74 78 322 1
78 74 322 1
88 92 521 1
92 88 521 1
4 95 869 1
95 4 869 1
5 99 1070 1
99 5 1070 1
9 35 1031 1
35 9 1031 1
21 89 648 1
89 21 648 1
24 85 1108 1
85 24 1108 1
26 39 604 1
39 26 604 1
94 111 316 1
111 94 316 1
2 7 566 1
7 2 566 1
28 102 802 1
102 28 802 1
34 35 126 1
35 34 126 1
58 64 312 1
64 58 312 1
77 110 393 1
110 77 393 1
10 100 983 1
100 10 983 1
15 82 832 1
82 15 832 1
21 36 510 1
36 21 510 1
37 96 506 1
96 37 506 1
54 105 491 1
105 54 491 1
86 96 642 1
96 86 642 1
4 19 922 1
19 4 922 1
6 88 860 1
88 6 860 1
47 114 366 1
114 47 366 1
2 87 993 1
87 2 993 1
6 93 1425 1
93 6 1425 1
31 85 906 1
85 31 906 1
68 90 1109 1
90 68 1109 1
49 61 452 1
61 49 452 1
16 57 981 1
57 16 981 1
19 99 1048 1
99 19 1048 1
20 47 858 1
47 20 858 1
89 108 535 1
108 89 535 1
16 84 311 1
84 16 311 1
19 22 594 1
22 19 594 1
33 49 744 1
49 33 744 1
43 49 240 1
49 43 240 1
59 101 1108 1
101 59 1108 1
0 99 1111 1
99 0 1111 1
4 23 506 1
23 4 506 1
14 20 320 1
20 14 320 1
25 110 1042 1
110 25 1042 1
36 75 517 1
75 36 517 1
46 75 767 1
75 46 767 1
24 27 252 1
27 24 252 1
48 79 933 1
79 48 933 1
57 93 1026 1
93 57 1026 1
64 101 1142 1
101 64 1142 1
2 15 805 1
15 2 805 1
3 35 775 1
35 3 775 1
19 109 838 1
109 19 838 1
29 63 531 1
63 29 531 1
38 96 284 1
96 38 284 1
42 53 475 1
53 42 475 1
62 78 287 1
78 62 287 1
83 86 863 1
86 83 863 1
13 79 476 1
79 13 476 1
21 39 356 1
39 21 356 1
27 73 417 1
73 27 417 1
38 42 697 1
42 38 697 1
44 111 448 1
111 44 448 1
63 81 293 1
81 63 293 1
64 93 1076 1
93 64 1076 1
80 84 162 1
84 80 162 1
1 104 1183 1
104 1 1183 1
4 20 334 1
20 4 334 1
10 30 501 1
30 10 501 1
33 62 690 1
62 33 690 1
64 106 847 1
106 64 847 1
82 97 814 1
97 82 814 1
89 103 468 1
103 89 468 1
16 74 335 1
74 16 335 1
47 110 210 1
110 47 210 1
48 62 640 1
62 48 640 1
5 95 829 1
95 5 829 1
8 34 1027 1
34 8 1027 1
8 92 1269 1
92 8 1269 1
13 32 767 1
32 13 767 1
17 34 689 1
34 17 689 1
19 21 748 1
21 19 748 1
46 50 303 1
50 46 303 1
77 112 648 1
112 77 648 1
59 103 1115 1
103 59 1115 1
61 93 934 1
93 61 934 1
76 113 641 1
113 76 641 1
82 113 905 1
113 82 905 1
5 19 902 1
19 5 902 1
29 74 571 1
74 29 571 1
31 40 592 1
40 31 592 1
36 82 401 1
82 36 401 1
47 96 412 1
96 47 412 1
76 99 626 1
99 76 626 1
96 97 322 1
97 96 322 1
97 111 292 1
111 97 292 1
21 98 829 1
98 21 829 1
42 85 771 1
85 42 771 1
44 48 114 1
48 44 114 1
4 25 258 1
25 4 258 1
9 26 419 1
26 9 419 1
22 73 618 1
73 22 618 1
38 43 745 1
43 38 745 1
38 74 265 1
74 38 265 1
39 105 458 1
105 39 458 1
49 102 965 1
102 49 965 1
54 97 484 1
97 54 484 1
24 30 283 1
30 24 283 1
76 81 691 1
81 76 691 1
83 113 937 1
113 83 937 1
99 110 299 1
110 99 299 1
5 39 639 1
39 5 639 1
32 102 997 1
102 32 997 1
43 53 293 1
53 43 293 1
94 99 399 1
99 94 399 1
2 59 1058 1
59 2 1058 1
34 110 327 1
110 34 327 1
38 77 447 1
77 38 447 1
43 85 559 1
85 43 559 1
52 114 516 1
114 52 516 1
0 86 874 1
86 0 874 1
6 67 991 1
67 6 991 1
6 69 829 1
69 6 829 1
11 29 239 1
29 11 239 1
15 22 650 1
22 15 650 1
36 43 693 1
43 36 693 1
37 90 825 1
90 37 825 1
57 103 1078 1
103 57 1078 1
74 84 507 1
84 74 507 1
2 21 636 1
21 2 636 1
28 79 847 1
79 28 847 1
33 44 737 1
44 33 737 1
37 86 777 1
86 37 777 1
54 112 454 1
112 54 454 1
63 65 312 1
65 63 312 1
10 57 1032 1
57 10 1032 1
13 71 401 1
71 13 401 1
16 71 654 1
71 16 654 1
26 95 736 1
95 26 736 1
57 106 1143 1
106 57 1143 1
4 68 1109 1
68 4 1109 1
12 32 661 1
32 12 661 1
19 114 1115 1
114 19 1115 1
23 89 1070 1
89 23 1070 1
58 108 852 1
108 58 852 1
38 111 560 1
111 38 560 1
48 60 501 1
60 48 501 1
64 78 491 1
78 64 491 1
113 115 188 1
115 113 188 1
6 58 957 1
58 6 957 1
15 88 1097 1
88 15 1097 1
17 71 423 1
71 17 423 1
25 27 193 1
27 25 193 1
37 75 239 1
75 37 239 1
56 103 1239 1
103 56 1239 1
12 49 1320 1
49 12 1320 1
25 29 556 1
29 25 556 1
38 98 432 1
98 38 432 1
41 111 726 1
111 41 726 1
43 94 518 1
94 43 518 1
63 100 1236 1
100 63 1236 1
85 111 651 1
111 85 651 1
60 79 1000 1
79 60 1000 1
10 106 807 1
106 10 807 1
22 69 897 1
69 22 897 1
24 82 536 1
82 24 536 1
65 100 1146 1
100 65 1146 1
4 66 1205 1
66 4 1205 1
26 113 1029 1
113 26 1029 1
27 36 659 1
36 27 659 1
59 104 1146 1
104 59 1146 1
63 106 1106 1
106 63 1106 1
89 101 462 1
101 89 462 1
3 67 879 1
67 3 879 1
4 110 1015 1
110 4 1015 1
10 104 970 1
104 10 970 1
13 61 843 1
61 13 843 1
19 39 853 1
39 19 853 1
30 84 877 1
84 30 877 1
37 53 629 1
53 37 629 1
60 89 1195 1
89 60 1195 1
70 73 402 1
73 70 402 1
89 100 936 1
100 89 936 1
96 105 387 1
105 96 387 1
12 103 1282 1
103 12 1282 1
32 61 611 1
61 32 611 1
36 55 626 1
55 36 626 1
37 91 517 1
91 37 517 1
75 96 592 1
96 75 592 1
83 85 549 1
85 83 549 1
24 84 1013 1
84 24 1013 1
25 41 554 1
41 25 554 1
66 108 706 1
108 66 706 1
69 99 970 1
99 69 970 1
85 94 684 1
94 85 684 1
8 110 1076 1
110 8 1076 1
18 22 537 1
22 18 537 1
26 92 1145 1
92 26 1145 1
2 8 554 1
8 2 554 1
7 64 1244 1
64 7 1244 1
33 102 1043 1
102 33 1043 1
0 26 879 1
26 0 879 1
5 110 1022 1
110 5 1022 1
20 87 562 1
87 20 562 1
27 86 519 1
86 27 519 1
42 98 381 1
98 42 381 1
47 75 674 1
75 47 674 1
93 105 305 1
105 93 305 1
3 89 961 1
89 3 961 1
8 93 1382 1
93 8 1382 1
22 25 402 1
25 22 402 1
26 85 985 1
85 26 985 1
68 113 1115 1
113 68 1115 1
88 106 334 1
106 88 334 1
4 6 536 1
6 4 536 1
40 76 327 1
76 40 327 1
47 109 317 1
109 47 317 1
49 78 930 1
78 49 930 1
49 80 1008 1
80 49 1008 1
3 73 493 1
73 3 493 1
22 68 842 1
68 22 842 1
48 63 912 1
63 48 912 1
54 58 818 1
58 54 818 1
90 110 460 1
110 90 460 1
91 105 371 1
105 91 371 1
7 13 237 1
13 7 237 1
68 87 1214 1
87 68 1214 1
12 79 1029 1
79 12 1029 1
20 23 575 1
23 20 575 1
22 85 1113 1
85 22 1113 1
31 34 815 1
34 31 815 1
72 76 257 1
76 72 257 1
0 6 417 1
6 0 417 1
3 24 623 1
24 3 623 1
18 66 623 1
66 18 623 1
25 30 292 1
30 25 292 1
27 39 536 1
39 27 536 1
20 84 687 1
84 20 687 1
20 113 831 1
113 20 831 1
33 40 654 1
40 33 654 1
42 90 472 1
90 42 472 1
59 106 1174 1
106 59 1174 1
4 113 1150 1
113 4 1150 1
16 81 1063 1
81 16 1063 1
21 37 403 1
37 21 403 1
23 67 1077 1
67 23 1077 1
38 85 837 1
85 38 837 1
86 89 1016 1
89 86 1016 1
3 6 559 1
6 3 559 1
4 91 1276 1
91 4 1276 1
23 85 1053 1
85 23 1053 1
54 88 224 1
88 54 224 1
57 101 1081 1
101 57 1081 1
7 32 649 1
32 7 649 1
17 31 618 1
31 17 618 1
20 73 397 1
73 20 397 1
27 109 761 1
109 27 761 1
42 75 840 1
75 42 840 1
45 67 282 1
67 45 282 1
89 102 866 1
102 89 866 1
0 57 825 1
57 0 825 1
14 83 858 1
83 14 858 1
28 81 975 1
81 28 975 1
82 85 1121 1
85 82 1121 1
89 109 541 1
109 89 541 1
40 71 481 1
71 40 481 1
41 74 484 1
74 41 484 1
47 68 881 1
68 47 881 1
52 90 240 1
90 52 240 1
57 63 249 1
63 57 249 1
77 85 495 1
85 77 495 1
85 99 448 1
99 85 448 1
88 109 538 1
109 88 538 1
105 106 359 1
106 105 359 1
5 108 888 1
108 5 888 1
10 12 181 1
12 10 181 1
13 100 1359 1
100 13 1359 1
22 35 922 1
35 22 922 1
33 72 507 1
72 33 507 1
63 71 659 1
71 63 659 1
1 89 788 1
89 1 788 1
36 96 257 1
96 36 257 1
38 86 366 1
86 38 366 1
41 76 493 1
76 41 493 1
57 100 1273 1
100 57 1273 1
57 104 1139 1
104 57 1139 1
68 82 1040 1
82 68 1040 1
90 98 163 1
98 90 163 1
4 108 880 1
108 4 880 1
23 84 1113 1
84 23 1113 1
26 87 560 1
87 26 560 1
50 65 837 1
65 50 837 1
52 99 661 1
99 52 661 1
31 81 775 1
81 31 775 1
83 111 944 1
111 83 944 1
87 109 723 1
109 87 723 1
10 31 619 1
31 10 619 1
37 87 433 1
87 37 433 1
42 81 865 1
81 42 865 1
57 61 216 1
61 57 216 1
75 110 565 1
110 75 565 1
28 74 188 1
74 28 188 1
29 62 1067 1
62 29 1067 1
32 48 714 1
48 32 714 1
37 42 712 1
42 37 712 1
46 87 1047 1
87 46 1047 1
48 103 924 1
103 48 924 1
12 34 841 1
34 12 841 1
14 89 1093 1
89 14 1093 1
19 77 567 1
77 19 567 1
20 70 213 1
70 20 213 1
36 112 594 1
112 36 594 1
62 107 1088 1
107 62 1088 1
6 64 941 1
64 6 941 1
6 100 1229 1
100 6 1229 1
10 103 1219 1
103 10 1219 1
12 106 877 1
106 12 877 1
21 55 604 1
55 21 604 1
25 34 1006 1
34 25 1006 1
26 70 383 1
70 26 383 1
40 42 830 1
42 40 830 1
55 95 221 1
95 55 221 1
57 78 938 1
78 57 938 1
4 54 890 1
54 4 890 1
7 33 515 1
33 7 515 1
9 22 564 1
22 9 564 1
13 74 757 1
74 13 757 1
37 40 562 1
40 37 562 1
42 76 612 1
76 42 612 1
64 72 754 1
72 64 754 1
81 111 760 1
111 81 760 1
98 110 300 1
110 98 300 1
2 91 1366 1
91 2 1366 1
3 21 582 1
21 3 582 1
20 114 742 1
114 20 742 1
21 23 542 1
23 21 542 1
26 69 1109 1
69 26 1109 1
31 71 265 1
71 31 265 1
41 42 897 1
42 41 897 1
61 89 738 1
89 61 738 1
77 109 318 1
109 77 318 1
4 92 1237 1
92 4 1237 1
32 80 590 1
80 32 590 1
33 63 547 1
63 33 547 1
41 80 868 1
80 41 868 1
46 109 326 1
109 46 326 1
75 98 773 1
98 75 773 1
1 2 743 1
2 1 743 1
9 14 725 1
14 9 725 1
25 92 1338 1
92 25 1338 1
39 55 254 1
55 39 254 1
42 87 1132 1
87 42 1132 1
56 63 1014 1
63 56 1014 1
65 92 1075 1
92 65 1075 1
91 99 166 1
99 91 166 1
52 113 478 1
113 52 478 1
11 57 518 1
57 11 518 1
34 85 678 1
85 34 678 1
38 76 305 1
76 38 305 1
56 83 1181 1
83 56 1181 1
3 83 681 1
83 3 681 1
4 93 1288 1
93 4 1288 1
8 108 951 1
108 8 951 1
20 37 510 1
37 20 510 1
32 62 548 1
62 32 548 1
41 90 932 1
90 41 932 1
18 97 954 1
97 18 954 1
28 84 456 1
84 28 456 1
33 71 374 1
71 33 374 1
46 96 270 1
96 46 270 1
91 96 589 1
96 91 589 1
98 105 417 1
105 98 417 1
2 92 1350 1
92 2 1350 1
11 78 988 1
78 11 988 1
17 103 859 1
103 17 859 1
23 110 1096 1
110 23 1096 1
28 30 436 1
30 28 436 1
37 43 584 1
43 37 584 1
41 86 672 1
86 41 672 1
77 98 628 1
98 77 628 1
10 84 516 1
84 10 516 1
66 100 968 1
100 66 968 1
76 94 331 1
94 76 331 1
1 66 683 1
66 1 683 1
5 85 946 1
85 5 946 1
6 92 1291 1
92 6 1291 1
12 104 1049 1
104 12 1049 1
25 84 1066 1
84 25 1066 1
44 96 580 1
96 44 580 1
5 97 910 1
97 5 910 1
43 95 483 1
95 43 483 1
57 64 941 1
64 57 941 1
72 75 453 1
75 72 453 1
86 109 700 1
109 86 700 1
89 96 700 1
96 89 700 1
6 61 1132 1
61 6 1132 1
19 90 1212 1
90 19 1212 1
20 77 434 1
77 20 434 1
24 92 1330 1
92 24 1330 1
47 76 575 1
76 47 575 1
68 110 813 1
110 68 813 1
85 114 680 1
114 85 680 1
0 109 816 1
109 0 816 1
22 82 706 1
82 22 706 1
24 67 1223 1
67 24 1223 1
34 92 737 1
92 34 737 1
36 42 628 1
42 36 628 1
42 77 643 1
77 42 643 1
45 71 933 1
71 45 933 1
46 81 867 1
81 46 867 1
52 112 417 1
112 52 417 1
24 38 730 1
38 24 730 1
37 97 271 1
97 37 271 1
40 46 685 1
46 40 685 1
46 110 220 1
110 46 220 1
48 59 599 1
59 48 599 1
58 104 1061 1
104 58 1061 1
96 108 167 1
108 96 167 1
15 97 790 1
97 15 790 1
18 110 887 1
110 18 887 1
34 84 580 1
84 34 580 1
73 79 296 1
79 73 296 1
96 111 286 1
111 96 286 1
26 86 416 1
86 26 416 1
27 84 956 1
84 27 956 1
29 36 705 1
36 29 705 1
39 83 378 1
83 39 378 1
47 115 383 1
115 47 383 1
55 112 466 1
112 55 466 1
63 74 885 1
74 63 885 1
63 107 821 1
107 63 821 1
78 102 697 1
102 78 697 1
9 90 1391 1
90 9 1391 1
40 63 1007 1
63 40 1007 1
51 90 888 1
90 51 888 1
71 76 392 1
76 71 392 1
87 88 1035 1
88 87 1035 1
0 93 1314 1
93 0 1314 1
1 61 385 1
61 1 385 1
21 77 387 1
77 21 387 1
37 114 513 1
114 37 513 1
90 114 392 1
114 90 392 1
91 112 368 1
112 91 368 1
94 98 264 1
98 94 264 1
18 92 1286 1
92 18 1286 1
24 31 318 1
31 24 318 1
30 45 1169 1
45 30 1169 1
54 60 681 1
60 54 681 1
89 99 398 1
99 89 398 1
3 90 1350 1
90 3 1350 1
5 109 897 1
109 5 897 1
18 24 845 1
24 18 845 1
36 86 441 1
86 36 441 1
42 74 795 1
74 42 795 1
50 55 863 1
55 50 863 1
8 18 880 1
18 8 880 1
12 54 794 1
54 12 794 1
38 84 429 1
84 38 429 1
0 69 556 1
69 0 556 1
6 19 593 1
19 6 593 1
21 111 835 1
111 21 835 1
59 64 750 1
64 59 750 1
22 89 1126 1
89 22 1126 1
27 92 1167 1
92 27 1167 1
37 68 886 1
68 37 886 1
40 75 477 1
75 40 477 1
43 77 556 1
77 43 556 1
69 105 1158 1
105 69 1158 1
91 109 486 1
109 91 486 1
99 115 285 1
115 99 285 1
3 91 1236 1
91 3 1236 1
11 63 488 1
63 11 488 1
11 85 574 1
85 11 574 1
63 101 920 1
101 63 920 1
78 84 235 1
84 78 235 1
25 67 1191 1
67 25 1191 1
36 97 483 1
97 36 483 1
38 91 783 1
91 38 783 1
60 104 980 1
104 60 980 1
74 79 666 1
79 74 666 1
14 99 1083 1
99 14 1083 1
18 87 1063 1
87 18 1063 1
37 69 822 1
69 37 822 1
41 73 204 1
73 41 204 1
60 80 480 1
80 60 480 1
76 114 580 1
114 76 580 1
6 106 1024 1
106 6 1024 1
10 32 558 1
32 10 558 1
11 62 1169 1
62 11 1169 1
26 41 487 1
41 26 487 1
32 35 357 1
35 32 357 1
77 94 396 1
94 77 396 1
1 109 814 1
109 1 814 1
17 30 703 1
30 17 703 1
38 94 246 1
94 38 246 1
39 47 551 1
47 39 551 1
41 112 775 1
112 41 775 1
43 81 665 1
81 43 665 1
47 91 332 1
91 47 332 1
47 99 231 1
99 47 231 1
50 74 835 1
74 50 835 1
98 113 276 1
113 98 276 1
0 21 821 1
21 0 821 1
47 85 508 1
85 47 508 1
62 81 1169 1
81 62 1169 1
7 92 1445 1
92 7 1445 1
22 114 1232 1
114 22 1232 1
26 37 668 1
37 26 668 1
36 40 213 1
40 36 213 1
66 102 974 1
102 66 974 1
1 101 1148 1
101 1 1148 1
1 103 1135 1
103 1 1135 1
11 33 518 1
33 11 518 1
19 91 1171 1
91 19 1171 1
41 99 593 1
99 41 593 1
50 85 1013 1
85 50 1013 1
76 115 499 1
115 76 499 1
31 79 660 1
79 31 660 1
35 52 642 1
52 35 642 1
43 115 517 1
115 43 517 1
48 71 1030 1
71 48 1030 1
26 77 632 1
77 26 632 1
30 43 1104 1
43 30 1104 1
51 65 287 1
65 51 287 1
62 65 1049 1
65 62 1049 1
69 93 1169 1
93 69 1169 1
104 107 401 1
107 104 401 1
1 19 351 1
19 1 351 1
14 54 716 1
54 14 716 1
17 100 1170 1
100 17 1170 1
33 81 613 1
81 33 613 1
38 81 841 1
81 38 841 1
55 86 895 1
86 55 895 1
58 88 918 1
88 58 918 1
60 107 1124 1
107 60 1124 1
13 49 1151 1
49 13 1151 1
20 31 387 1
31 20 387 1
24 86 569 1
86 24 569 1
28 56 545 1
56 28 545 1
54 96 167 1
96 54 167 1
55 91 297 1
91 55 297 1
73 99 684 1
99 73 684 1
87 115 746 1
115 87 746 1
5 87 460 1
87 5 460 1
12 78 490 1
78 12 490 1
14 19 916 1
19 14 916 1
20 82 329 1
82 20 329 1
4 39 755 1
39 4 755 1
20 109 557 1
109 20 557 1
24 41 633 1
41 24 633 1
43 75 740 1
75 43 740 1
50 81 1084 1
81 50 1084 1
69 96 887 1
96 69 887 1
17 40 824 1
40 17 824 1
17 73 298 1
73 17 298 1
21 91 892 1
91 21 892 1
43 76 617 1
76 43 617 1
45 96 643 1
96 45 643 1
55 75 460 1
75 55 460 1
68 97 933 1
97 68 933 1
77 95 322 1
95 77 322 1
12 65 1303 1
65 12 1303 1
41 109 485 1
109 41 485 1
53 90 787 1
90 53 787 1
62 74 590 1
74 62 590 1
1 60 923 1
60 1 923 1
8 95 956 1
95 8 956 1
8 99 1228 1
99 8 1228 1
10 61 1158 1
61 10 1158 1
14 25 491 1
25 14 491 1
23 24 403 1
24 23 403 1
33 45 716 1
45 33 716 1
46 74 677 1
74 46 677 1
53 87 998 1
87 53 998 1
56 100 1019 1
100 56 1019 1
77 84 711 1
84 77 711 1
92 114 349 1
114 92 349 1
4 98 1069 1
98 4 1069 1
37 83 399 1
83 37 399 1
42 50 271 1
50 42 271 1
46 95 451 1
95 46 451 1
61 107 939 1
107 61 939 1
74 105 731 1
105 74 731 1
89 107 337 1
107 89 337 1
25 43 1261 1
43 25 1261 1
56 104 1033 1
104 56 1033 1
60 93 1168 1
93 60 1168 1
76 112 647 1
112 76 647 1
84 110 598 1
110 84 598 1
5 86 673 1
86 5 673 1
49 51 172 1
51 49 172 1
55 87 559 1
87 55 559 1
66 89 963 1
89 66 963 1
21 94 569 1
94 21 569 1
44 55 743 1
55 44 743 1
45 90 767 1
90 45 767 1
6 9 834 1
9 6 834 1
11 74 727 1
74 11 727 1
15 23 561 1
23 15 561 1
18 106 1114 1
106 18 1114 1
26 98 979 1
98 26 979 1
43 98 522 1
98 43 522 1
51 94 733 1
94 51 733 1
53 74 995 1
74 53 995 1
56 101 1297 1
101 56 1297 1
72 101 1016 1
101 72 1016 1
51 114 700 1
114 51 700 1
91 111 390 1
111 91 390 1
21 73 247 1
73 21 247 1
31 73 397 1
73 31 397 1
38 110 451 1
110 38 451 1
39 82 719 1
82 39 719 1
41 87 263 1
87 41 263 1
