116 2668
93 101 103 1
101 93 103 1
73 74 458 1
74 73 458 1
101 103 106 1
103 101 106 1
13 15 277 1
15 13 277 1
42 43 239 1
43 42 239 1
90 92 135 1
92 90 135 1
4 8 148 1
8 4 148 1
95 97 97 1
97 95 97 1
22 24 386 1
24 22 386 1
16 17 998 1
17 16 998 1
90 91 735 1
91 90 735 1
57 68 520 1
68 57 520 1
97 109 174 1
109 97 174 1
76 77 238 1
77 76 238 1
57 69 378 1
69 57 378 1
3 7 185 1
7 3 185 1
17 81 182 1
81 17 182 1
43 47 146 1
47 43 146 1
92 93 608 1
93 92 608 1
44 45 194 1
45 44 194 1
73 75 84 1
75 73 84 1
28 72 116 1
72 28 116 1
56 57 840 1
57 56 840 1
99 111 265 1
111 99 265 1
74 75 389 1
75 74 389 1
8 9 638 1
9 8 638 1
16 80 152 1
80 16 152 1
16 28 220 1
28 16 220 1
48 51 548 1
51 48 548 1
70 75 355 1
75 70 355 1
29 72 629 1
72 29 629 1
58 60 266 1
60 58 266 1
100 102 87 1
102 100 87 1
44 49 304 1
49 44 304 1
40 82 231 1
82 40 231 1
17 78 955 1
78 17 955 1
24 25 135 1
25 24 135 1
16 62 313 1
62 16 313 1
52 53 746 1
53 52 746 1
71 73 163 1
73 71 163 1
91 93 118 1
93 91 118 1
95 109 146 1
109 95 146 1
2 7 566 1
7 2 566 1
68 69 164 1
69 68 164 1
80 81 1113 1
81 80 1113 1
11 13 168 1
13 11 168 1
91 92 669 1
92 91 669 1
3 65 942 1
65 3 942 1
62 63 1134 1
63 62 1134 1
6 7 710 1
7 6 710 1
46 47 309 1
47 46 309 1
93 103 173 1
103 93 173 1
30 31 127 1
31 30 127 1
8 64 1208 1
64 8 1208 1
61 63 238 1
63 61 238 1
103 104 369 1
104 103 369 1
104 114 171 1
114 104 171 1
48 50 202 1
50 48 202 1
93 104 478 1
104 93 478 1
92 100 157 1
100 92 157 1
96 97 322 1
97 96 322 1
16 78 122 1
78 16 122 1
97 99 180 1
99 97 180 1
93 106 650 1
106 93 650 1
71 75 163 1
75 71 163 1
70 73 402 1
73 70 402 1
17 28 894 1
28 17 894 1
42 44 208 1
44 42 208 1
92 101 634 1
101 92 634 1
54 55 651 1
55 54 651 1
57 79 431 1
79 57 431 1
2 93 1417 1
93 2 1417 1
4 9 500 1
9 4 500 1
17 80 1070 1
80 17 1070 1
12 14 278 1
14 12 278 1
45 49 111 1
49 45 111 1
101 104 464 1
104 101 464 1
78 80 116 1
80 78 116 1
2 3 405 1
3 2 405 1
28 78 272 1
78 28 272 1
2 22 228 1
22 2 228 1
16 81 1063 1
81 16 1063 1
2 4 569 1
4 2 569 1
36 72 276 1
72 36 276 1
70 71 263 1
71 70 263 1
11 83 383 1
83 11 383 1
42 47 281 1
47 42 281 1
17 79 135 1
79 17 135 1
56 68 408 1
68 56 408 1
74 76 203 1
76 74 203 1
104 105 204 1
105 104 204 1
53 56 1149 1
56 53 1149 1
95 108 123 1
108 95 123 1
54 89 853 1
89 54 853 1
60 61 893 1
61 60 893 1
64 65 897 1
65 64 897 1
97 111 292 1
111 97 292 1
23 25 373 1
25 23 373 1
2 6 165 1
6 2 165 1
2 8 554 1
8 2 554 1
70 76 285 1
76 70 285 1
7 64 1244 1
64 7 1244 1
0 56 174 1
56 0 174 1
79 81 136 1
81 79 136 1
17 63 324 1
63 17 324 1
48 52 415 1
52 48 415 1
101 111 463 1
111 101 463 1
7 65 934 1
65 7 934 1
9 92 1428 1
92 9 1428 1
7 13 237 1
13 7 237 1
38 39 465 1
39 38 465 1
28 29 741 1
29 28 741 1
47 49 380 1
49 47 380 1
7 90 1390 1
90 7 1390 1
92 104 310 1
104 92 310 1
3 23 271 1
23 3 271 1
94 95 213 1
95 94 213 1
9 90 1391 1
90 9 1391 1
28 80 329 1
80 28 329 1
34 67 275 1
67 34 275 1
42 49 396 1
49 42 396 1
110 111 172 1
111 110 172 1
22 110 1082 1
110 22 1082 1
34 35 126 1
35 34 126 1
90 93 690 1
93 90 690 1
102 104 159 1
104 102 159 1
2 64 992 1
64 2 992 1
13 65 935 1
65 13 935 1
3 64 1134 1
64 3 1134 1
16 56 380 1
56 16 380 1
37 41 217 1
41 37 217 1
46 68 860 1
68 46 860 1
99 110 299 1
110 99 299 1
93 99 208 1
99 93 208 1
105 114 152 1
114 105 152 1
2 110 1015 1
110 2 1015 1
29 83 227 1
83 29 227 1
22 25 402 1
25 22 402 1
11 15 385 1
15 11 385 1
51 53 271 1
53 51 271 1
91 101 197 1
101 91 197 1
94 96 89 1
96 94 89 1
28 82 255 1
82 28 255 1
98 111 265 1
111 98 265 1
91 103 258 1
103 91 258 1
92 106 400 1
106 92 400 1
17 29 223 1
29 17 223 1
43 96 503 1
96 43 503 1
75 76 374 1
76 75 374 1
10 28 213 1
28 10 213 1
42 45 300 1
45 42 300 1
93 111 397 1
111 93 397 1
49 51 172 1
51 49 172 1
51 55 568 1
55 51 568 1
103 111 432 1
111 103 432 1
17 72 781 1
72 17 781 1
78 81 1002 1
81 78 1002 1
92 102 211 1
102 92 211 1
92 103 574 1
103 92 574 1
46 55 584 1
55 46 584 1
28 40 248 1
40 28 248 1
17 56 1024 1
56 17 1024 1
41 71 317 1
71 41 317 1
70 74 155 1
74 70 155 1
50 52 243 1
52 50 243 1
3 25 566 1
25 3 566 1
56 79 965 1
79 56 965 1
99 101 266 1
101 99 266 1
22 23 140 1
23 22 140 1
41 73 204 1
73 41 204 1
20 22 544 1
22 20 544 1
77 110 393 1
110 77 393 1
71 74 359 1
74 71 359 1
77 91 668 1
91 77 668 1
7 92 1445 1
92 7 1445 1
24 27 252 1
27 24 252 1
36 38 122 1
38 36 122 1
59 61 271 1
61 59 271 1
2 99 1219 1
99 2 1219 1
2 111 1185 1
111 2 1185 1
0 1 800 1
1 0 800 1
79 80 991 1
80 79 991 1
3 27 634 1
27 3 634 1
20 25 402 1
25 20 402 1
73 76 450 1
76 73 450 1
43 45 199 1
45 43 199 1
103 106 532 1
106 103 532 1
43 49 240 1
49 43 240 1
93 110 487 1
110 93 487 1
22 27 524 1
27 22 524 1
96 110 214 1
110 96 214 1
20 26 232 1
26 20 232 1
78 79 878 1
79 78 878 1
45 47 345 1
47 45 345 1
99 112 272 1
112 99 272 1
5 26 263 1
26 5 263 1
10 11 986 1
11 10 986 1
25 67 1191 1
67 25 1191 1
44 46 353 1
46 44 353 1
46 57 904 1
57 46 904 1
2 90 1252 1
90 2 1252 1
68 79 805 1
79 68 805 1
94 97 266 1
97 94 266 1
3 22 347 1
22 3 347 1
7 8 828 1
8 7 828 1
16 63 1092 1
63 16 1092 1
46 79 801 1
79 46 801 1
47 96 412 1
96 47 412 1
23 24 403 1
24 23 403 1
46 49 541 1
49 46 541 1
47 68 881 1
68 47 881 1
1 28 918 1
28 1 918 1
22 67 1070 1
67 22 1070 1
42 46 173 1
46 42 173 1
91 111 390 1
111 91 390 1
56 80 431 1
80 56 431 1
84 85 1130 1
85 84 1130 1
11 29 239 1
29 11 239 1
21 71 214 1
71 21 214 1
2 101 1431 1
101 2 1431 1
42 68 830 1
68 42 830 1
77 99 529 1
99 77 529 1
105 112 319 1
112 105 319 1
47 55 367 1
55 47 367 1
48 49 410 1
49 48 410 1
19 69 323 1
69 19 323 1
82 84 544 1
84 82 544 1
95 96 288 1
96 95 288 1
96 112 337 1
112 96 337 1
0 16 380 1
16 0 380 1
91 99 166 1
99 91 166 1
50 51 698 1
51 50 698 1
24 67 1223 1
67 24 1223 1
97 110 221 1
110 97 221 1
25 27 193 1
27 25 193 1
58 59 496 1
59 58 496 1
71 77 297 1
77 71 297 1
92 98 220 1
98 92 220 1
16 72 287 1
72 16 287 1
90 101 719 1
101 90 719 1
5 9 157 1
9 5 157 1
7 9 490 1
9 7 490 1
47 69 806 1
69 47 806 1
2 92 1350 1
92 2 1350 1
49 68 752 1
68 49 752 1
21 31 344 1
31 21 344 1
63 81 293 1
81 63 293 1
104 110 417 1
110 104 417 1
9 15 219 1
15 9 219 1
59 63 501 1
63 59 501 1
105 110 411 1
110 105 411 1
22 26 505 1
26 22 505 1
8 92 1269 1
92 8 1269 1
23 27 506 1
27 23 506 1
12 15 906 1
15 12 906 1
4 64 1218 1
64 4 1218 1
55 96 492 1
96 55 492 1
98 99 479 1
99 98 479 1
94 109 127 1
109 94 127 1
109 111 273 1
111 109 273 1
91 98 616 1
98 91 616 1
44 48 114 1
48 44 114 1
62 80 268 1
80 62 268 1
8 90 1188 1
90 8 1188 1
51 52 786 1
52 51 786 1
1 17 391 1
17 1 391 1
46 56 752 1
56 46 752 1
75 77 210 1
77 75 210 1
101 106 633 1
106 101 633 1
18 19 147 1
19 18 147 1
46 53 547 1
53 46 547 1
93 105 305 1
105 93 305 1
104 111 377 1
111 104 377 1
20 27 271 1
27 20 271 1
33 35 375 1
35 33 375 1
2 91 1366 1
91 2 1366 1
24 110 1066 1
110 24 1066 1
90 103 653 1
103 90 653 1
6 12 248 1
12 6 248 1
9 64 1448 1
64 9 1448 1
26 27 135 1
27 26 135 1
49 55 664 1
55 49 664 1
90 106 378 1
106 90 378 1
4 93 1288 1
93 4 1288 1
19 28 732 1
28 19 732 1
92 111 381 1
111 92 381 1
98 103 555 1
103 98 555 1
102 103 508 1
103 102 508 1
100 101 656 1
101 100 656 1
9 91 1212 1
91 9 1212 1
13 60 1245 1
60 13 1245 1
96 109 176 1
109 96 176 1
104 106 195 1
106 104 195 1
15 65 1052 1
65 15 1052 1
34 110 327 1
110 34 327 1
44 47 404 1
47 44 404 1
101 102 595 1
102 101 595 1
106 111 487 1
111 106 487 1
13 61 843 1
61 13 843 1
25 31 272 1
31 25 272 1
32 33 149 1
33 32 149 1
69 79 707 1
79 69 707 1
70 103 965 1
103 70 965 1
76 99 626 1
99 76 626 1
77 97 366 1
97 77 366 1
95 99 272 1
99 95 272 1
13 90 1367 1
90 13 1367 1
91 106 697 1
106 91 697 1
105 111 367 1
111 105 367 1
70 104 814 1
104 70 814 1
91 104 542 1
104 91 542 1
37 75 239 1
75 37 239 1
1 32 484 1
32 1 484 1
56 78 391 1
78 56 391 1
14 91 1235 1
91 14 1235 1
37 73 278 1
73 37 278 1
67 110 507 1
110 67 507 1
90 98 163 1
98 90 163 1
99 109 321 1
109 99 321 1
20 110 682 1
110 20 682 1
29 81 342 1
81 29 342 1
47 57 743 1
57 47 743 1
97 112 339 1
112 97 339 1
99 103 258 1
103 99 258 1
100 104 240 1
104 100 240 1
25 110 1042 1
110 25 1042 1
31 71 265 1
71 31 265 1
49 57 619 1
57 49 619 1
53 78 1035 1
78 53 1035 1
57 80 1050 1
80 57 1050 1
1 16 963 1
16 1 963 1
22 34 922 1
34 22 922 1
62 81 1169 1
81 62 1169 1
107 115 298 1
115 107 298 1
109 110 135 1
110 109 135 1
36 41 570 1
41 36 570 1
6 13 864 1
13 6 864 1
42 96 429 1
96 42 429 1
99 104 430 1
104 99 430 1
36 37 542 1
37 36 542 1
0 28 492 1
28 0 492 1
7 23 337 1
23 7 337 1
56 81 1090 1
81 56 1090 1
85 89 220 1
89 85 220 1
9 65 1235 1
65 9 1235 1
20 24 393 1
24 20 393 1
43 46 341 1
46 43 341 1
2 34 808 1
34 2 808 1
10 82 401 1
82 10 401 1
53 79 677 1
79 53 677 1
37 74 520 1
74 37 520 1
31 83 561 1
83 31 561 1
46 51 585 1
51 46 585 1
53 80 1109 1
80 53 1109 1
73 103 803 1
103 73 803 1
37 76 441 1
76 37 441 1
96 99 428 1
99 96 428 1
98 101 623 1
101 98 623 1
43 68 807 1
68 43 807 1
70 77 376 1
77 70 376 1
77 111 559 1
111 77 559 1
104 113 229 1
113 104 229 1
4 5 350 1
5 4 350 1
76 91 787 1
91 76 787 1
97 105 299 1
105 97 299 1
76 103 780 1
103 76 780 1
3 20 648 1
20 3 648 1
44 66 318 1
66 44 318 1
72 74 76 1
74 72 76 1
97 108 170 1
108 97 170 1
2 23 340 1
23 2 340 1
105 115 176 1
115 105 176 1
16 53 1146 1
53 16 1146 1
23 67 1077 1
67 23 1077 1
44 68 695 1
68 44 695 1
51 54 884 1
54 51 884 1
4 92 1237 1
92 4 1237 1
28 36 321 1
36 28 321 1
3 90 1350 1
90 3 1350 1
88 89 1035 1
89 88 1035 1
2 25 585 1
25 2 585 1
12 13 959 1
13 12 959 1
74 103 864 1
103 74 864 1
24 34 1021 1
34 24 1021 1
94 99 399 1
99 94 399 1
25 35 978 1
35 25 978 1
35 65 453 1
65 35 453 1
101 110 541 1
110 101 541 1
4 91 1276 1
91 4 1276 1
18 32 279 1
32 18 279 1
23 90 1391 1
90 23 1391 1
60 63 1021 1
63 60 1021 1
5 34 1016 1
34 5 1016 1
93 98 589 1
98 93 589 1
9 13 376 1
13 9 376 1
98 106 320 1
106 98 320 1
5 27 165 1
27 5 165 1
59 60 718 1
60 59 718 1
72 83 754 1
83 72 754 1
106 110 467 1
110 106 467 1
4 90 1167 1
90 4 1167 1
12 91 1349 1
91 12 1349 1
2 9 760 1
9 2 760 1
6 90 1185 1
90 6 1185 1
94 108 97 1
108 94 97 1
16 79 934 1
79 16 934 1
39 94 407 1
94 39 407 1
75 91 753 1
91 75 753 1
37 97 271 1
97 37 271 1
33 65 634 1
65 33 634 1
3 24 623 1
24 3 623 1
6 8 485 1
8 6 485 1
23 31 199 1
31 23 199 1
53 57 825 1
57 53 825 1
72 80 384 1
80 72 384 1
2 24 548 1
24 2 548 1
22 64 1169 1
64 22 1169 1
41 83 252 1
83 41 252 1
17 62 1129 1
62 17 1129 1
4 6 536 1
6 4 536 1
6 9 834 1
9 6 834 1
8 93 1382 1
93 8 1382 1
53 62 1123 1
62 53 1123 1
72 78 300 1
78 72 300 1
75 103 753 1
103 75 753 1
103 110 496 1
110 103 496 1
2 97 1046 1
97 2 1046 1
41 74 484 1
74 41 484 1
43 55 485 1
55 43 485 1
69 80 866 1
80 69 866 1
110 112 272 1
112 110 272 1
6 92 1291 1
92 6 1291 1
16 29 882 1
29 16 882 1
77 93 729 1
93 77 729 1
98 104 286 1
104 98 286 1
20 34 683 1
34 20 683 1
24 26 201 1
26 24 201 1
104 112 332 1
112 104 332 1
0 17 982 1
17 0 982 1
8 65 1425 1
65 8 1425 1
15 90 1267 1
90 15 1267 1
37 77 246 1
77 37 246 1
37 95 241 1
95 37 241 1
53 81 650 1
81 53 650 1
76 101 848 1
101 76 848 1
37 39 117 1
39 37 117 1
64 90 652 1
90 64 652 1
17 53 802 1
53 17 802 1
76 110 394 1
110 76 394 1
15 60 1288 1
60 15 1288 1
78 82 455 1
82 78 455 1
19 36 821 1
36 19 821 1
25 34 1006 1
34 25 1006 1
40 78 376 1
78 40 376 1
52 85 1026 1
85 52 1026 1
82 86 143 1
86 82 143 1
4 7 733 1
7 4 733 1
4 26 161 1
26 4 161 1
11 12 972 1
12 11 972 1
99 105 287 1
105 99 287 1
7 15 461 1
15 7 461 1
41 75 187 1
75 41 187 1
102 113 317 1
113 102 317 1
19 72 678 1
72 19 678 1
93 100 653 1
100 93 653 1
2 106 1085 1
106 2 1085 1
101 114 359 1
114 101 359 1
57 81 488 1
81 57 488 1
86 87 805 1
87 86 805 1
93 114 346 1
114 93 346 1
5 23 453 1
23 5 453 1
18 30 564 1
30 18 564 1
26 34 907 1
34 26 907 1
99 106 562 1
106 99 562 1
10 12 181 1
12 10 181 1
28 62 527 1
62 28 527 1
49 56 904 1
56 49 904 1
2 65 1144 1
65 2 1144 1
40 72 200 1
72 40 200 1
73 77 274 1
77 73 274 1
3 8 773 1
8 3 773 1
28 81 975 1
81 28 975 1
90 104 351 1
104 90 351 1
2 5 685 1
5 2 685 1
3 92 1420 1
92 3 1420 1
14 15 772 1
15 14 772 1
21 23 542 1
23 21 542 1
3 5 603 1
5 3 603 1
4 24 144 1
24 4 144 1
56 62 252 1
62 56 252 1
29 41 234 1
41 29 234 1
38 55 598 1
55 38 598 1
55 68 1003 1
68 55 1003 1
8 91 1373 1
91 8 1373 1
15 61 998 1
61 15 998 1
76 93 823 1
93 76 823 1
4 101 1261 1
101 4 1261 1
28 83 861 1
83 28 861 1
55 94 428 1
94 55 428 1
71 103 908 1
103 71 908 1
90 111 396 1
111 90 396 1
42 66 473 1
66 42 473 1
13 92 1402 1
92 13 1402 1
39 95 233 1
95 39 233 1
53 63 685 1
63 53 685 1
71 76 392 1
76 71 392 1
72 73 517 1
73 72 517 1
0 40 699 1
40 0 699 1
10 29 893 1
29 10 893 1
45 68 715 1
68 45 715 1
50 85 1013 1
85 50 1013 1
91 110 456 1
110 91 456 1
95 111 347 1
111 95 347 1
10 83 1031 1
83 10 1031 1
46 96 270 1
96 46 270 1
113 114 95 1
114 113 95 1
26 38 554 1
38 26 554 1
64 93 1076 1
93 64 1076 1
74 77 362 1
77 74 362 1
84 88 224 1
88 84 224 1
32 46 706 1
46 32 706 1
46 69 840 1
69 46 840 1
6 64 941 1
64 6 941 1
15 91 1009 1
91 15 1009 1
17 52 1166 1
52 17 1166 1
21 41 236 1
41 21 236 1
27 67 1105 1
67 27 1105 1
73 104 820 1
104 73 820 1
77 95 322 1
95 77 322 1
2 67 952 1
67 2 952 1
42 55 629 1
55 42 629 1
1 19 351 1
19 1 351 1
3 35 775 1
35 3 775 1
92 113 313 1
113 92 313 1
102 114 295 1
114 102 295 1
106 113 395 1
113 106 395 1
1 79 428 1
79 1 428 1
3 26 678 1
26 3 678 1
46 78 577 1
78 46 577 1
52 89 1027 1
89 52 1027 1
0 82 741 1
82 0 741 1
68 80 778 1
80 68 778 1
1 10 979 1
10 1 979 1
3 13 410 1
13 3 410 1
92 99 572 1
99 92 572 1
12 101 1369 1
101 12 1369 1
15 92 1292 1
92 15 1292 1
48 54 669 1
54 48 669 1
52 84 487 1
84 52 487 1
37 71 401 1
71 37 401 1
2 20 581 1
20 2 581 1
2 35 833 1
35 2 833 1
48 53 654 1
53 48 654 1
77 112 648 1
112 77 648 1
64 106 847 1
106 64 847 1
95 110 248 1
110 95 248 1
11 41 473 1
41 11 473 1
25 71 434 1
71 25 434 1
41 113 720 1
113 41 720 1
63 80 1146 1
80 63 1146 1
96 105 387 1
105 96 387 1
70 101 1040 1
101 70 1040 1
84 86 610 1
86 84 610 1
6 101 1437 1
101 6 1437 1
12 93 1368 1
93 12 1368 1
6 60 799 1
60 6 799 1
73 83 298 1
83 73 298 1
3 67 879 1
67 3 879 1
8 101 1359 1
101 8 1359 1
46 48 368 1
48 46 368 1
70 91 1000 1
91 70 1000 1
70 93 1035 1
93 70 1035 1
72 79 733 1
79 72 733 1
1 80 1054 1
80 1 1054 1
16 82 421 1
82 16 421 1
112 114 196 1
114 112 196 1
4 12 434 1
12 4 434 1
20 30 328 1
30 20 328 1
36 39 517 1
39 36 517 1
45 46 448 1
46 45 448 1
77 104 668 1
104 77 668 1
94 112 366 1
112 94 366 1
0 10 381 1
10 0 381 1
19 68 313 1
68 19 313 1
56 69 542 1
69 56 542 1
74 104 675 1
104 74 675 1
25 30 292 1
30 25 292 1
50 53 744 1
53 50 744 1
77 92 835 1
92 77 835 1
52 56 797 1
56 52 797 1
52 62 619 1
62 52 619 1
57 86 1231 1
86 57 1231 1
65 90 1061 1
90 65 1061 1
81 83 446 1
83 81 446 1
82 85 1121 1
85 82 1121 1
5 22 506 1
22 5 506 1
10 19 724 1
19 10 724 1
20 35 677 1
35 20 677 1
56 63 1014 1
63 56 1014 1
92 110 485 1
110 92 485 1
101 105 274 1
105 101 274 1
1 81 501 1
81 1 501 1
65 92 1075 1
92 65 1075 1
77 101 754 1
101 77 754 1
77 109 318 1
109 77 318 1
1 57 172 1
57 1 172 1
17 36 828 1
36 17 828 1
75 104 746 1
104 75 746 1
76 104 623 1
104 76 623 1
4 22 457 1
22 4 457 1
8 111 1218 1
111 8 1218 1
77 106 633 1
106 77 633 1
111 112 111 1
112 111 111 1
16 57 981 1
57 16 981 1
41 72 550 1
72 41 550 1
44 57 766 1
57 44 766 1
57 78 938 1
78 57 938 1
59 62 914 1
62 59 914 1
3 106 1162 1
106 3 1162 1
14 73 703 1
73 14 703 1
29 73 113 1
73 29 113 1
39 41 161 1
41 39 161 1
72 81 860 1
81 72 860 1
75 90 927 1
90 75 927 1
3 91 1236 1
91 3 1236 1
73 91 794 1
91 73 794 1
15 83 194 1
83 15 194 1
37 108 355 1
108 37 355 1
39 108 341 1
108 39 341 1
60 65 898 1
65 60 898 1
32 68 304 1
68 32 304 1
34 95 480 1
95 34 480 1
43 44 290 1
44 43 290 1
64 92 764 1
92 64 764 1
103 114 282 1
114 103 282 1
2 103 1363 1
103 2 1363 1
26 88 791 1
88 26 791 1
34 97 481 1
97 34 481 1
73 113 827 1
113 73 827 1
9 93 1250 1
93 9 1250 1
10 72 309 1
72 10 309 1
47 51 339 1
51 47 339 1
51 89 661 1
89 51 661 1
70 110 664 1
110 70 664 1
77 103 704 1
103 77 704 1
94 110 220 1
110 94 220 1
1 72 829 1
72 1 829 1
17 57 439 1
57 17 439 1
80 82 469 1
82 80 469 1
114 115 96 1
115 114 96 1
21 25 360 1
25 21 360 1
37 112 610 1
112 37 610 1
78 86 556 1
86 78 556 1
83 85 549 1
85 83 549 1
100 103 576 1
103 100 576 1
3 15 589 1
15 3 589 1
29 80 961 1
80 29 961 1
52 81 1110 1
81 52 1110 1
90 100 182 1
100 90 182 1
11 31 475 1
31 11 475 1
49 86 1302 1
86 49 1302 1
60 62 241 1
62 60 241 1
75 101 807 1
101 75 807 1
110 114 289 1
114 110 289 1
10 40 460 1
40 10 460 1
37 72 595 1
72 37 595 1
51 56 1024 1
56 51 1024 1
73 98 854 1
98 73 854 1
96 108 167 1
108 96 167 1
1 56 851 1
56 1 851 1
3 34 810 1
34 3 810 1
7 106 1176 1
106 7 1176 1
42 57 855 1
57 42 855 1
3 4 707 1
4 3 707 1
11 85 574 1
85 11 574 1
31 70 334 1
70 31 334 1
36 74 242 1
74 36 242 1
25 65 1263 1
65 25 1263 1
71 91 911 1
91 71 911 1
2 105 1253 1
105 2 1253 1
5 24 252 1
24 5 252 1
7 91 1186 1
91 7 1186 1
70 112 906 1
112 70 906 1
103 113 295 1
113 103 295 1
3 110 994 1
110 3 994 1
9 58 1436 1
58 9 1436 1
58 61 717 1
61 58 717 1
23 92 1466 1
92 23 1466 1
31 73 397 1
73 31 397 1
51 85 514 1
85 51 514 1
53 85 491 1
85 53 491 1
69 86 1203 1
86 69 1203 1
74 101 945 1
101 74 945 1
90 114 392 1
114 90 392 1
15 29 295 1
29 15 295 1
23 91 1352 1
91 23 1352 1
0 57 825 1
57 0 825 1
4 60 1138 1
60 4 1138 1
5 67 1194 1
67 5 1194 1
16 40 399 1
40 16 399 1
29 36 705 1
36 29 705 1
31 41 528 1
41 31 528 1
54 85 906 1
85 54 906 1
3 31 315 1
31 3 315 1
9 101 1217 1
101 9 1217 1
29 63 531 1
63 29 531 1
77 105 632 1
105 77 632 1
108 109 87 1
109 108 87 1
38 54 263 1
54 38 263 1
39 54 618 1
54 39 618 1
70 114 802 1
114 70 802 1
93 102 600 1
102 93 600 1
6 93 1425 1
93 6 1425 1
7 93 1261 1
93 7 1261 1
11 71 374 1
71 11 374 1
76 111 559 1
111 76 559 1
92 114 349 1
114 92 349 1
7 25 539 1
25 7 539 1
20 99 812 1
99 20 812 1
48 58 400 1
58 48 400 1
55 56 1043 1
56 55 1043 1
76 97 459 1
97 76 459 1
8 110 1076 1
110 8 1076 1
9 60 1369 1
60 9 1369 1
25 77 710 1
77 25 710 1
35 67 262 1
67 35 262 1
31 75 419 1
75 31 419 1
44 55 743 1
55 44 743 1
56 86 911 1
86 56 911 1
2 95 976 1
95 2 976 1
3 9 596 1
9 3 596 1
7 35 816 1
35 7 816 1
73 101 851 1
101 73 851 1
10 84 516 1
84 10 516 1
31 91 1172 1
91 31 1172 1
43 57 691 1
57 43 691 1
66 67 177 1
67 66 177 1
8 106 905 1
106 8 905 1
12 90 1061 1
90 12 1061 1
21 73 247 1
73 21 247 1
37 83 399 1
83 37 399 1
2 26 618 1
26 2 618 1
70 99 848 1
99 70 848 1
3 93 1309 1
93 3 1309 1
105 107 233 1
107 105 233 1
53 68 1064 1
68 53 1064 1
70 98 776 1
98 70 776 1
111 114 232 1
114 111 232 1
14 41 702 1
41 14 702 1
36 73 600 1
73 36 600 1
71 113 890 1
113 71 890 1
76 112 647 1
112 76 647 1
4 111 1157 1
111 4 1157 1
24 64 1287 1
64 24 1287 1
37 94 426 1
94 37 426 1
52 54 402 1
54 52 402 1
52 80 618 1
80 52 618 1
81 85 175 1
85 81 175 1
95 112 395 1
112 95 395 1
0 78 431 1
78 0 431 1
61 62 1047 1
62 61 1047 1
93 113 317 1
113 93 317 1
105 109 371 1
109 105 371 1
4 15 597 1
15 4 597 1
5 39 639 1
39 5 639 1
11 72 773 1
72 11 773 1
16 52 739 1
52 16 739 1
19 78 749 1
78 19 749 1
32 47 724 1
47 32 724 1
54 88 224 1
88 54 224 1
65 71 835 1
71 65 835 1
8 100 1159 1
100 8 1159 1
11 65 770 1
65 11 770 1
12 92 1168 1
92 12 1168 1
25 105 1085 1
105 25 1085 1
36 80 330 1
80 36 330 1
73 112 858 1
112 73 858 1
14 23 650 1
23 14 650 1
23 110 1096 1
110 23 1096 1
26 39 604 1
39 26 604 1
45 57 653 1
57 45 653 1
4 65 1344 1
65 4 1344 1
8 15 741 1
15 8 741 1
10 16 218 1
16 10 218 1
19 80 851 1
80 19 851 1
27 89 807 1
89 27 807 1
32 57 493 1
57 32 493 1
36 79 738 1
79 36 738 1
41 108 476 1
108 41 476 1
45 96 643 1
96 45 643 1
53 55 448 1
55 53 448 1
60 64 187 1
64 60 187 1
76 96 361 1
96 76 361 1
8 60 1121 1
60 8 1121 1
28 79 847 1
79 28 847 1
29 78 851 1
78 29 851 1
30 71 303 1
71 30 303 1
75 92 967 1
92 75 967 1
14 74 378 1
74 14 378 1
26 54 816 1
54 26 816 1
90 102 246 1
102 90 246 1
14 76 580 1
76 14 580 1
52 63 1131 1
63 52 1131 1
53 54 818 1
54 53 818 1
75 93 807 1
93 75 807 1
11 14 937 1
14 11 937 1
19 83 893 1
83 19 893 1
48 88 830 1
88 48 830 1
66 68 378 1
68 66 378 1
97 101 398 1
101 97 398 1
1 18 493 1
18 1 493 1
2 12 394 1
12 2 394 1
19 82 964 1
82 19 964 1
32 55 771 1
55 32 771 1
58 66 198 1
66 58 198 1
5 77 694 1
77 5 694 1
29 75 189 1
75 29 189 1
31 77 552 1
77 31 552 1
47 79 596 1
79 47 596 1
48 89 1015 1
89 48 1015 1
49 69 641 1
69 49 641 1
61 89 738 1
89 61 738 1
62 84 326 1
84 62 326 1
93 112 343 1
112 93 343 1
7 101 1268 1
101 7 1268 1
13 29 290 1
29 13 290 1
16 84 311 1
84 16 311 1
19 38 892 1
38 19 892 1
38 68 922 1
68 38 922 1
74 91 918 1
91 74 918 1
4 58 1292 1
58 4 1292 1
71 83 425 1
83 71 425 1
93 97 371 1
97 93 371 1
3 11 395 1
11 3 395 1
8 98 1104 1
98 8 1104 1
24 93 1326 1
93 24 1326 1
0 68 414 1
68 0 414 1
14 90 988 1
90 14 988 1
18 33 288 1
33 18 288 1
7 60 1133 1
60 7 1133 1
13 91 1074 1
91 13 1074 1
37 70 546 1
70 37 546 1
61 65 175 1
65 61 175 1
68 78 695 1
78 68 695 1
96 111 286 1
111 96 286 1
22 93 1426 1
93 22 1426 1
27 76 622 1
76 27 622 1
48 55 832 1
55 48 832 1
105 106 359 1
106 105 359 1
9 111 1239 1
111 9 1239 1
26 110 904 1
110 26 904 1
43 69 724 1
69 43 724 1
80 84 162 1
84 80 162 1
8 24 258 1
24 8 258 1
15 75 396 1
75 15 396 1
20 67 918 1
67 20 918 1
20 76 380 1
76 20 380 1
36 78 263 1
78 36 263 1
45 55 662 1
55 45 662 1
49 53 406 1
53 49 406 1
50 54 543 1
54 50 543 1
90 110 460 1
110 90 460 1
7 67 937 1
67 7 937 1
14 70 380 1
70 14 380 1
69 81 801 1
81 69 801 1
23 34 949 1
34 23 949 1
32 69 338 1
69 32 338 1
98 113 276 1
113 98 276 1
23 71 443 1
71 23 443 1
24 77 754 1
77 24 754 1
46 80 618 1
80 46 618 1
62 85 1177 1
85 62 1177 1
77 108 373 1
108 77 373 1
80 83 1100 1
83 80 1100 1
2 109 940 1
109 2 940 1
4 110 1015 1
110 4 1015 1
5 7 538 1
7 5 538 1
6 15 884 1
15 6 884 1
44 86 1168 1
86 44 1168 1
71 106 782 1
106 71 782 1
91 105 371 1
105 91 371 1
30 93 1229 1
93 30 1229 1
99 108 310 1
108 99 310 1
1 29 521 1
29 1 521 1
2 77 699 1
77 2 699 1
30 112 1143 1
112 30 1143 1
73 92 1046 1
92 73 1046 1
73 93 853 1
93 73 853 1
15 41 349 1
41 15 349 1
31 74 479 1
74 31 479 1
35 109 338 1
109 35 338 1
41 112 775 1
112 41 775 1
42 69 789 1
69 42 789 1
77 96 456 1
96 77 456 1
81 84 1146 1
84 81 1146 1
87 89 476 1
89 87 476 1
103 105 173 1
105 103 173 1
19 57 426 1
57 19 426 1
27 87 439 1
87 27 439 1
28 56 545 1
56 28 545 1
36 76 232 1
76 36 232 1
36 87 808 1
87 36 808 1
1 78 939 1
78 1 939 1
23 77 719 1
77 23 719 1
27 110 890 1
110 27 890 1
46 52 244 1
52 46 244 1
50 84 554 1
84 50 554 1
75 83 351 1
83 75 351 1
15 64 1349 1
64 15 1349 1
31 90 1214 1
90 31 1214 1
59 80 1038 1
80 59 1038 1
74 83 697 1
83 74 697 1
93 109 510 1
109 93 510 1
101 109 540 1
109 101 540 1
3 71 399 1
71 3 399 1
9 100 1346 1
100 9 1346 1
23 26 522 1
26 23 522 1
29 74 571 1
74 29 571 1
30 35 784 1
35 30 784 1
3 77 610 1
77 3 610 1
39 112 619 1
112 39 619 1
44 51 440 1
51 44 440 1
77 98 628 1
98 77 628 1
7 22 454 1
22 7 454 1
76 105 661 1
105 76 661 1
76 108 370 1
108 76 370 1
4 23 506 1
23 4 506 1
5 8 493 1
8 5 493 1
63 79 303 1
79 63 303 1
97 104 399 1
104 97 399 1
17 40 824 1
40 17 824 1
38 96 284 1
96 38 284 1
73 111 787 1
111 73 787 1
0 32 356 1
32 0 356 1
14 27 449 1
27 14 449 1
24 105 1115 1
105 24 1115 1
25 97 955 1
97 25 955 1
2 13 744 1
13 2 744 1
11 28 875 1
28 11 875 1
13 64 1328 1
64 13 1328 1
27 34 903 1
34 27 903 1
51 62 1045 1
62 51 1045 1
70 105 847 1
105 70 847 1
2 14 572 1
14 2 572 1
15 73 336 1
73 15 336 1
21 74 343 1
74 21 343 1
64 91 1046 1
91 64 1046 1
100 106 280 1
106 100 280 1
3 111 1163 1
111 3 1163 1
26 67 1128 1
67 26 1128 1
38 94 246 1
94 38 246 1
72 75 453 1
75 72 453 1
107 114 333 1
114 107 333 1
25 64 1312 1
64 25 1312 1
29 37 304 1
37 29 304 1
29 71 259 1
71 29 259 1
53 84 1054 1
84 53 1054 1
13 83 347 1
83 13 347 1
58 88 918 1
88 58 918 1
7 33 515 1
33 7 515 1
11 21 514 1
21 11 514 1
30 41 563 1
41 30 563 1
1 11 394 1
11 1 394 1
3 6 559 1
6 3 559 1
55 97 173 1
97 55 173 1
1 33 355 1
33 1 355 1
22 50 1336 1
50 22 1336 1
39 96 494 1
96 39 494 1
43 51 245 1
51 43 245 1
51 86 1310 1
86 51 1310 1
65 93 802 1
93 65 802 1
71 111 839 1
111 71 839 1
8 22 480 1
22 8 480 1
11 91 974 1
91 11 974 1
23 65 1169 1
65 23 1169 1
27 77 594 1
77 27 594 1
3 33 424 1
33 3 424 1
24 91 1303 1
91 24 1303 1
41 94 523 1
94 41 523 1
3 14 804 1
14 3 804 1
6 100 1229 1
100 6 1229 1
21 85 716 1
85 21 716 1
30 106 907 1
106 30 907 1
34 109 367 1
109 34 367 1
108 112 335 1
112 108 335 1
19 108 910 1
108 19 910 1
23 64 1238 1
64 23 1238 1
25 93 1273 1
93 25 1273 1
34 66 268 1
66 34 268 1
62 78 287 1
78 62 287 1
64 110 621 1
110 64 621 1
65 106 1085 1
106 65 1085 1
70 111 827 1
111 70 827 1
72 82 298 1
82 72 298 1
8 99 1228 1
99 8 1228 1
19 79 658 1
79 19 658 1
59 66 363 1
66 59 363 1
75 98 773 1
98 75 773 1
78 83 999 1
83 78 999 1
2 104 1217 1
104 2 1217 1
9 103 1158 1
103 9 1158 1
11 73 310 1
73 11 310 1
32 79 600 1
79 32 600 1
35 93 718 1
93 35 718 1
40 68 919 1
68 40 919 1
44 56 714 1
56 44 714 1
1 61 385 1
61 1 385 1
9 104 1161 1
104 9 1161 1
21 83 382 1
83 21 382 1
22 77 727 1
77 22 727 1
34 111 469 1
111 34 469 1
35 111 452 1
111 35 452 1
19 32 289 1
32 19 289 1
54 94 226 1
94 54 226 1
77 90 787 1
90 77 787 1
0 80 485 1
80 0 485 1
9 106 1074 1
106 9 1074 1
10 15 968 1
15 10 968 1
20 93 974 1
93 20 974 1
22 99 1240 1
99 22 1240 1
36 40 213 1
40 36 213 1
63 89 569 1
89 63 569 1
68 86 1151 1
86 68 1151 1
71 92 1069 1
92 71 1069 1
74 93 940 1
93 74 940 1
7 31 345 1
31 7 345 1
17 61 534 1
61 17 534 1
17 82 1011 1
82 17 1011 1
30 70 259 1
70 30 259 1
15 113 1069 1
113 15 1069 1
56 59 788 1
59 56 788 1
76 106 536 1
106 76 536 1
82 83 881 1
83 82 881 1
7 11 254 1
11 7 254 1
10 78 335 1
78 10 335 1
28 32 528 1
32 28 528 1
34 77 351 1
77 34 351 1
98 102 260 1
102 98 260 1
8 23 562 1
23 8 562 1
39 97 289 1
97 39 289 1
75 105 690 1
105 75 690 1
2 114 1198 1
114 2 1198 1
14 64 1035 1
64 14 1035 1
15 37 533 1
37 15 533 1
31 98 1080 1
98 31 1080 1
39 55 254 1
55 39 254 1
55 57 743 1
57 55 743 1
60 88 724 1
88 60 724 1
75 111 718 1
111 75 718 1
97 114 263 1
114 97 263 1
2 30 317 1
30 2 317 1
2 98 1139 1
98 2 1139 1
3 18 417 1
18 3 417 1
15 71 394 1
71 15 394 1
35 110 305 1
110 35 305 1
37 96 506 1
96 37 506 1
100 113 356 1
113 100 356 1
6 91 1386 1
91 6 1386 1
10 14 380 1
14 10 380 1
20 31 387 1
31 20 387 1
26 76 608 1
76 26 608 1
65 111 700 1
111 65 700 1
101 113 350 1
113 101 350 1
7 98 1238 1
98 7 1238 1
8 13 868 1
13 8 868 1
9 12 856 1
12 9 856 1
14 93 1238 1
93 14 1238 1
14 113 1044 1
113 14 1044 1
16 61 1070 1
61 16 1070 1
28 84 456 1
84 28 456 1
36 83 816 1
83 36 816 1
42 112 333 1
112 42 333 1
9 23 475 1
23 9 475 1
43 112 376 1
112 43 376 1
4 13 743 1
13 4 743 1
34 94 438 1
94 34 438 1
37 38 515 1
38 37 515 1
55 95 221 1
95 55 221 1
70 113 878 1
113 70 878 1
71 93 964 1
93 71 964 1
71 98 866 1
98 71 866 1
102 106 217 1
106 102 217 1
3 101 1324 1
101 3 1324 1
8 25 389 1
25 8 389 1
8 67 1258 1
67 8 1258 1
108 114 218 1
114 108 218 1
0 79 944 1
79 0 944 1
31 37 658 1
37 31 658 1
25 90 1282 1
90 25 1282 1
13 75 440 1
75 13 440 1
25 99 1124 1
99 25 1124 1
38 42 697 1
42 38 697 1
52 78 622 1
78 52 622 1
64 101 1142 1
101 64 1142 1
71 104 863 1
104 71 863 1
0 86 874 1
86 0 874 1
13 98 1212 1
98 13 1212 1
31 112 1166 1
112 31 1166 1
37 110 431 1
110 37 431 1
69 96 887 1
96 69 887 1
82 88 444 1
88 82 444 1
98 105 417 1
105 98 417 1
107 111 490 1
111 107 490 1
5 91 1178 1
91 5 1178 1
44 69 648 1
69 44 648 1
5 35 974 1
35 5 974 1
20 96 592 1
96 20 592 1
48 56 700 1
56 48 700 1
56 87 1244 1
87 56 1244 1
1 82 1112 1
82 1 1112 1
7 111 1173 1
111 7 1173 1
13 111 1128 1
111 13 1128 1
18 20 736 1
20 18 736 1
19 46 977 1
46 19 977 1
25 75 536 1
75 25 536 1
45 56 823 1
56 45 823 1
59 84 1069 1
84 59 1069 1
70 102 879 1
102 70 879 1
98 114 276 1
114 98 276 1
0 19 488 1
19 0 488 1
1 69 441 1
69 1 441 1
13 41 490 1
41 13 490 1
13 58 1244 1
58 13 1244 1
15 111 1071 1
111 15 1071 1
32 43 699 1
43 32 699 1
35 71 557 1
71 35 557 1
14 103 1126 1
103 14 1126 1
16 59 1012 1
59 16 1012 1
44 50 287 1
50 44 287 1
62 88 542 1
88 62 542 1
5 92 1324 1
92 5 1324 1
9 61 1165 1
61 9 1165 1
13 35 841 1
35 13 841 1
14 75 659 1
75 14 659 1
22 91 1377 1
91 22 1377 1
38 72 305 1
72 38 305 1
43 108 477 1
108 43 477 1
48 85 925 1
85 48 925 1
3 109 922 1
109 3 922 1
27 85 894 1
85 27 894 1
38 69 945 1
69 38 945 1
41 77 345 1
77 41 345 1
46 81 867 1
81 46 867 1
2 18 379 1
18 2 379 1
4 99 1138 1
99 4 1138 1
4 103 1174 1
103 4 1174 1
4 106 861 1
106 4 861 1
8 103 1268 1
103 8 1268 1
12 76 591 1
76 12 591 1
20 97 635 1
97 20 635 1
25 111 1192 1
111 25 1192 1
36 54 228 1
54 36 228 1
47 48 490 1
48 47 490 1
103 107 239 1
107 103 239 1
2 94 947 1
94 2 947 1
11 90 1290 1
90 11 1290 1
13 71 401 1
71 13 401 1
18 94 904 1
94 18 904 1
18 108 925 1
108 18 925 1
39 113 565 1
113 39 565 1
68 96 891 1
96 68 891 1
53 89 552 1
89 53 552 1
60 89 1195 1
89 60 1195 1
106 114 322 1
114 106 322 1
29 30 533 1
30 29 533 1
29 79 257 1
79 29 257 1
29 98 934 1
98 29 934 1
97 98 437 1
98 97 437 1
19 43 904 1
43 19 904 1
26 95 736 1
95 26 736 1
30 75 454 1
75 30 454 1
96 104 297 1
104 96 297 1
7 100 1408 1
100 7 1408 1
11 75 388 1
75 11 388 1
21 30 349 1
30 21 349 1
26 89 900 1
89 26 900 1
37 109 343 1
109 37 343 1
74 98 633 1
98 74 633 1
5 64 1350 1
64 5 1350 1
9 102 1277 1
102 9 1277 1
13 33 629 1
33 13 629 1
17 84 1128 1
84 17 1128 1
20 112 885 1
112 20 885 1
35 101 778 1
101 35 778 1
4 34 986 1
34 4 986 1
6 98 1088 1
98 6 1088 1
51 88 1099 1
88 51 1099 1
90 99 615 1
99 90 615 1
11 30 584 1
30 11 584 1
33 64 737 1
64 33 737 1
62 82 720 1
82 62 720 1
71 101 966 1
101 71 966 1
94 111 316 1
111 94 316 1
0 62 386 1
62 0 386 1
3 99 1120 1
99 3 1120 1
10 85 1188 1
85 10 1188 1
14 92 1074 1
92 14 1074 1
17 46 930 1
46 17 930 1
48 84 706 1
84 48 706 1
51 84 1058 1
84 51 1058 1
63 84 1189 1
84 63 1189 1
94 106 271 1
106 94 271 1
100 111 457 1
111 100 457 1
4 67 1210 1
67 4 1210 1
20 37 510 1
37 20 510 1
32 56 384 1
56 32 384 1
44 96 580 1
96 44 580 1
56 84 539 1
84 56 539 1
64 67 549 1
67 64 549 1
71 110 676 1
110 71 676 1
91 114 389 1
114 91 389 1
18 64 805 1
64 18 805 1
25 91 1244 1
91 25 1244 1
73 105 753 1
105 73 753 1
98 110 300 1
110 98 300 1
4 14 255 1
14 4 255 1
11 36 890 1
36 11 890 1
30 99 1049 1
99 30 1049 1
12 60 825 1
60 12 825 1
18 28 651 1
28 18 651 1
20 109 557 1
109 20 557 1
34 99 586 1
99 34 586 1
35 99 514 1
99 35 514 1
36 82 401 1
82 36 401 1
37 111 552 1
111 37 552 1
46 54 354 1
54 46 354 1
76 95 396 1
95 76 396 1
104 109 377 1
109 104 377 1
1 63 334 1
63 1 334 1
12 70 392 1
70 12 392 1
0 46 865 1
46 0 865 1
26 109 775 1
109 26 775 1
28 53 1155 1
53 28 1155 1
28 63 1049 1
63 28 1049 1
70 90 900 1
90 70 900 1
70 92 982 1
92 70 982 1
9 113 1235 1
113 9 1235 1
10 74 381 1
74 10 381 1
14 22 562 1
22 14 562 1
17 19 648 1
19 17 648 1
24 106 959 1
106 24 959 1
78 84 235 1
84 78 235 1
102 111 440 1
111 102 440 1
15 58 1327 1
58 15 1327 1
17 59 758 1
59 17 758 1
17 83 381 1
83 17 381 1
22 111 1251 1
111 22 1251 1
30 98 1029 1
98 30 1029 1
32 42 728 1
42 32 728 1
91 97 336 1
97 91 336 1
98 100 250 1
100 98 250 1
106 109 391 1
109 106 391 1
12 75 743 1
75 12 743 1
23 83 710 1
83 23 710 1
30 91 1188 1
91 30 1188 1
34 96 428 1
96 34 428 1
35 97 412 1
97 35 412 1
76 109 320 1
109 76 320 1
92 105 456 1
105 92 456 1
95 105 309 1
105 95 309 1
5 65 1232 1
65 5 1232 1
14 98 912 1
98 14 912 1
19 96 931 1
96 19 931 1
21 70 303 1
70 21 303 1
29 62 1067 1
62 29 1067 1
33 100 1072 1
100 33 1072 1
34 39 610 1
39 34 610 1
41 70 482 1
70 41 482 1
65 91 690 1
91 65 690 1
91 113 366 1
113 91 366 1
0 63 1010 1
63 0 1010 1
8 58 1298 1
58 8 1298 1
12 98 986 1
98 12 986 1
66 69 349 1
69 66 349 1
90 105 516 1
105 90 516 1
112 113 116 1
113 112 116 1
1 53 949 1
53 1 949 1
5 90 1279 1
90 5 1279 1
25 109 919 1
109 25 919 1
29 31 454 1
31 29 454 1
47 56 905 1
56 47 905 1
48 86 1184 1
86 48 1184 1
49 52 718 1
52 49 718 1
50 60 475 1
60 50 475 1
62 89 1215 1
89 62 1215 1
66 86 1121 1
86 66 1121 1
99 114 265 1
114 99 265 1
10 17 1029 1
17 10 1029 1
15 89 653 1
89 15 653 1
19 29 673 1
29 19 673 1
84 87 1148 1
87 84 1148 1
3 94 975 1
94 3 975 1
5 110 1022 1
110 5 1022 1
7 34 875 1
34 7 875 1
13 106 1119 1
106 13 1119 1
30 110 901 1
110 30 901 1
34 93 788 1
93 34 788 1
45 86 1232 1
86 45 1232 1
6 14 476 1
14 6 476 1
15 23 561 1
23 15 561 1
25 70 480 1
70 25 480 1
30 108 817 1
108 30 817 1
20 64 962 1
64 20 962 1
22 103 1359 1
103 22 1359 1
48 62 640 1
62 48 640 1
77 94 396 1
94 77 396 1
20 77 434 1
77 20 434 1
36 113 562 1
113 36 562 1
74 102 729 1
102 74 729 1
74 113 753 1
113 74 753 1
1 40 950 1
40 1 950 1
8 34 1027 1
34 8 1027 1
19 81 772 1
81 19 772 1
26 64 1183 1
64 26 1183 1
40 80 433 1
80 40 433 1
69 78 773 1
78 69 773 1
94 105 354 1
105 94 354 1
11 60 1139 1
60 11 1139 1
12 103 1282 1
103 12 1282 1
14 83 858 1
83 14 858 1
50 89 1065 1
89 50 1065 1
14 71 582 1
71 14 582 1
73 106 774 1
106 73 774 1
75 112 790 1
112 75 790 1
19 47 942 1
47 19 942 1
26 77 632 1
77 26 632 1
3 30 397 1
30 3 397 1
5 6 733 1
6 5 733 1
20 94 527 1
94 20 527 1
3 97 966 1
97 3 966 1
9 98 1256 1
98 9 1256 1
22 101 1426 1
101 22 1426 1
33 111 803 1
111 33 803 1
49 96 720 1
96 49 720 1
