116 2668
80 81 1113 1
81 80 1113 1
29 72 629 1
72 29 629 1
42 43 239 1
43 42 239 1
42 46 173 1
46 42 173 1
4 8 148 1
8 4 148 1
44 45 194 1
45 44 194 1
42 44 208 1
44 42 208 1
43 47 146 1
47 43 146 1
16 80 152 1
80 16 152 1
58 59 496 1
59 58 496 1
43 46 341 1
46 43 341 1
42 47 281 1
47 42 281 1
56 57 840 1
57 56 840 1
28 29 741 1
29 28 741 1
46 47 309 1
47 46 309 1
16 81 1063 1
81 16 1063 1
84 88 224 1
88 84 224 1
17 56 1024 1
56 17 1024 1
28 72 116 1
72 28 116 1
36 81 848 1
81 36 848 1
62 63 1134 1
63 62 1134 1
61 63 238 1
63 61 238 1
2 6 165 1
6 2 165 1
60 63 1021 1
63 60 1021 1
36 37 542 1
37 36 542 1
44 46 353 1
46 44 353 1
52 53 746 1
53 52 746 1
29 36 705 1
36 29 705 1
24 25 135 1
25 24 135 1
29 81 342 1
81 29 342 1
44 49 304 1
49 44 304 1
26 27 135 1
27 26 135 1
30 31 127 1
31 30 127 1
36 72 276 1
72 36 276 1
43 44 290 1
44 43 290 1
60 62 241 1
62 60 241 1
17 81 182 1
81 17 182 1
17 57 439 1
57 17 439 1
36 80 330 1
80 36 330 1
66 67 177 1
67 66 177 1
100 102 87 1
102 100 87 1
43 45 199 1
45 43 199 1
92 100 157 1
100 92 157 1
2 22 228 1
22 2 228 1
78 79 878 1
79 78 878 1
8 14 205 1
14 8 205 1
72 81 860 1
81 72 860 1
42 45 300 1
45 42 300 1
29 80 961 1
80 29 961 1
59 61 271 1
61 59 271 1
4 14 255 1
14 4 255 1
16 17 998 1
17 16 998 1
48 50 202 1
50 48 202 1
72 80 384 1
80 72 384 1
16 56 380 1
56 16 380 1
73 74 458 1
74 73 458 1
22 23 140 1
23 22 140 1
28 36 321 1
36 28 321 1
33 72 507 1
72 33 507 1
42 49 396 1
49 42 396 1
101 103 106 1
103 101 106 1
44 47 404 1
47 44 404 1
91 93 118 1
93 91 118 1
34 67 275 1
67 34 275 1
5 9 157 1
9 5 157 1
22 88 1044 1
88 22 1044 1
37 40 562 1
40 37 562 1
37 81 336 1
81 37 336 1
28 81 975 1
81 28 975 1
56 81 1090 1
81 56 1090 1
4 9 500 1
9 4 500 1
11 15 385 1
15 11 385 1
56 80 431 1
80 56 431 1
45 46 448 1
46 45 448 1
46 55 584 1
55 46 584 1
55 97 173 1
97 55 173 1
2 93 1417 1
93 2 1417 1
28 80 329 1
80 28 329 1
23 88 1119 1
88 23 1119 1
79 81 136 1
81 79 136 1
17 80 1070 1
80 17 1070 1
84 85 1130 1
85 84 1130 1
43 96 503 1
96 43 503 1
55 98 606 1
98 55 606 1
98 99 479 1
99 98 479 1
28 83 861 1
83 28 861 1
46 49 541 1
49 46 541 1
78 80 116 1
80 78 116 1
79 80 991 1
80 79 991 1
58 61 717 1
61 58 717 1
102 103 508 1
103 102 508 1
22 26 505 1
26 22 505 1
47 49 380 1
49 47 380 1
1 57 172 1
57 1 172 1
32 33 149 1
33 32 149 1
40 41 506 1
41 40 506 1
5 27 165 1
27 5 165 1
48 51 548 1
51 48 548 1
6 91 1386 1
91 6 1386 1
92 102 211 1
102 92 211 1
102 104 159 1
104 102 159 1
7 9 490 1
9 7 490 1
16 78 122 1
78 16 122 1
88 89 1035 1
89 88 1035 1
82 83 881 1
83 82 881 1
103 104 369 1
104 103 369 1
2 23 340 1
23 2 340 1
14 26 321 1
26 14 321 1
29 33 510 1
33 29 510 1
1 63 334 1
63 1 334 1
43 55 485 1
55 43 485 1
45 47 345 1
47 45 345 1
10 12 181 1
12 10 181 1
1 61 385 1
61 1 385 1
6 93 1425 1
93 6 1425 1
29 83 227 1
83 29 227 1
8 9 638 1
9 8 638 1
11 13 168 1
13 11 168 1
84 86 610 1
86 84 610 1
78 81 1002 1
81 78 1002 1
12 14 278 1
14 12 278 1
50 51 698 1
51 50 698 1
14 54 716 1
54 14 716 1
37 72 595 1
72 37 595 1
25 31 272 1
31 25 272 1
29 40 655 1
40 29 655 1
34 66 268 1
66 34 268 1
19 69 323 1
69 19 323 1
84 87 1148 1
87 84 1148 1
43 49 240 1
49 43 240 1
60 61 893 1
61 60 893 1
37 41 217 1
41 37 217 1
57 63 249 1
63 57 249 1
29 37 304 1
37 29 304 1
37 80 842 1
80 37 842 1
70 91 1000 1
91 70 1000 1
26 50 1256 1
50 26 1256 1
76 77 238 1
77 76 238 1
18 91 1236 1
91 18 1236 1
90 92 135 1
92 90 135 1
41 73 204 1
73 41 204 1
16 79 934 1
79 16 934 1
46 96 270 1
96 46 270 1
51 53 271 1
53 51 271 1
10 50 948 1
50 10 948 1
55 96 492 1
96 55 492 1
17 79 135 1
79 17 135 1
67 69 345 1
69 67 345 1
41 74 484 1
74 41 484 1
16 36 349 1
36 16 349 1
17 29 223 1
29 17 223 1
1 17 391 1
17 1 391 1
51 52 786 1
52 51 786 1
16 57 981 1
57 16 981 1
35 67 262 1
67 35 262 1
1 13 546 1
13 1 546 1
37 39 117 1
39 37 117 1
47 55 367 1
55 47 367 1
72 83 754 1
83 72 754 1
82 86 143 1
86 82 143 1
10 48 1025 1
48 10 1025 1
17 36 828 1
36 17 828 1
45 49 111 1
49 45 111 1
16 99 951 1
99 16 951 1
19 68 313 1
68 19 313 1
7 8 828 1
8 7 828 1
13 17 364 1
17 13 364 1
24 27 252 1
27 24 252 1
42 98 381 1
98 42 381 1
56 60 232 1
60 56 232 1
46 98 212 1
98 46 212 1
47 96 412 1
96 47 412 1
80 82 469 1
82 80 469 1
4 7 733 1
7 4 733 1
23 65 1169 1
65 23 1169 1
57 81 488 1
81 57 488 1
95 97 97 1
97 95 97 1
2 91 1366 1
91 2 1366 1
65 85 476 1
85 65 476 1
70 71 263 1
71 70 263 1
18 88 1010 1
88 18 1010 1
28 33 585 1
33 28 585 1
42 111 258 1
111 42 258 1
96 98 184 1
98 96 184 1
43 111 293 1
111 43 293 1
14 48 1233 1
48 14 1233 1
31 35 790 1
35 31 790 1
47 111 188 1
111 47 188 1
42 55 629 1
55 42 629 1
101 102 595 1
102 101 595 1
8 12 346 1
12 8 346 1
36 40 213 1
40 36 213 1
43 98 522 1
98 43 522 1
4 20 334 1
20 4 334 1
67 110 507 1
110 67 507 1
26 38 554 1
38 26 554 1
19 91 1171 1
91 19 1171 1
26 48 1303 1
48 26 1303 1
41 72 550 1
72 41 550 1
22 50 1336 1
50 22 1336 1
90 101 719 1
101 90 719 1
14 50 1150 1
50 14 1150 1
29 39 339 1
39 29 339 1
57 60 868 1
60 57 868 1
0 10 381 1
10 0 381 1
22 93 1426 1
93 22 1426 1
57 62 1000 1
62 57 1000 1
39 72 575 1
72 39 575 1
16 29 882 1
29 16 882 1
44 110 439 1
110 44 439 1
1 56 851 1
56 1 851 1
49 55 664 1
55 49 664 1
54 89 853 1
89 54 853 1
65 89 679 1
89 65 679 1
74 75 389 1
75 74 389 1
34 35 126 1
35 34 126 1
59 89 931 1
89 59 931 1
3 7 185 1
7 3 185 1
10 14 380 1
14 10 380 1
2 4 569 1
4 2 569 1
62 81 1169 1
81 62 1169 1
17 72 781 1
72 17 781 1
27 38 594 1
38 27 594 1
72 77 430 1
77 72 430 1
2 14 572 1
14 2 572 1
2 70 412 1
70 2 412 1
17 37 368 1
37 17 368 1
6 70 405 1
70 6 405 1
10 54 681 1
54 10 681 1
46 97 424 1
97 46 424 1
12 52 1107 1
52 12 1107 1
26 88 791 1
88 26 791 1
3 65 942 1
65 3 942 1
17 63 324 1
63 17 324 1
70 76 285 1
76 70 285 1
37 73 278 1
73 37 278 1
3 23 271 1
23 3 271 1
73 75 84 1
75 73 84 1
36 79 738 1
79 36 738 1
45 110 453 1
110 45 453 1
45 67 282 1
67 45 282 1
37 79 267 1
79 37 267 1
90 91 735 1
91 90 735 1
39 41 161 1
41 39 161 1
62 103 1159 1
103 62 1159 1
4 6 536 1
6 4 536 1
8 20 420 1
20 8 420 1
25 35 978 1
35 25 978 1
5 20 424 1
20 5 424 1
4 12 434 1
12 4 434 1
7 13 237 1
13 7 237 1
2 26 618 1
26 2 618 1
25 27 193 1
27 25 193 1
18 19 147 1
19 18 147 1
20 21 185 1
21 20 185 1
40 72 200 1
72 40 200 1
50 54 543 1
54 50 543 1
64 88 675 1
88 64 675 1
47 110 210 1
110 47 210 1
14 27 449 1
27 14 449 1
42 96 429 1
96 42 429 1
22 84 1027 1
84 22 1027 1
25 30 292 1
30 25 292 1
34 110 327 1
110 34 327 1
43 110 298 1
110 43 298 1
73 76 450 1
76 73 450 1
12 13 959 1
13 12 959 1
18 23 573 1
23 18 573 1
31 71 265 1
71 31 265 1
56 62 252 1
62 56 252 1
23 64 1238 1
64 23 1238 1
85 89 220 1
89 85 220 1
35 45 385 1
45 35 385 1
48 54 669 1
54 48 669 1
110 114 289 1
114 110 289 1
17 62 1129 1
62 17 1129 1
56 99 1051 1
99 56 1051 1
33 80 703 1
80 33 703 1
23 84 1113 1
84 23 1113 1
56 79 965 1
79 56 965 1
1 11 394 1
11 1 394 1
20 38 349 1
38 20 349 1
36 78 263 1
78 36 263 1
100 101 656 1
101 100 656 1
11 92 1324 1
92 11 1324 1
4 5 350 1
5 4 350 1
16 28 220 1
28 16 220 1
22 48 1339 1
48 22 1339 1
96 110 214 1
110 96 214 1
100 104 240 1
104 100 240 1
52 54 402 1
54 52 402 1
57 99 846 1
99 57 846 1
0 54 794 1
54 0 794 1
28 82 255 1
82 28 255 1
98 111 265 1
111 98 265 1
29 78 851 1
78 29 851 1
40 81 874 1
81 40 874 1
70 77 376 1
77 70 376 1
12 90 1061 1
90 12 1061 1
31 33 517 1
33 31 517 1
84 89 1110 1
89 84 1110 1
36 41 570 1
41 36 570 1
27 50 1279 1
50 27 1279 1
29 62 1067 1
62 29 1067 1
58 63 892 1
63 58 892 1
61 62 1047 1
62 61 1047 1
86 88 460 1
88 86 460 1
42 110 303 1
110 42 303 1
16 72 287 1
72 16 287 1
29 41 234 1
41 29 234 1
46 111 189 1
111 46 189 1
2 88 959 1
88 2 959 1
26 54 816 1
54 26 816 1
36 62 525 1
62 36 525 1
4 27 279 1
27 4 279 1
4 48 1379 1
48 4 1379 1
13 29 290 1
29 13 290 1
36 39 517 1
39 36 517 1
44 55 743 1
55 44 743 1
62 72 566 1
72 62 566 1
1 52 1206 1
52 1 1206 1
61 89 738 1
89 61 738 1
2 64 992 1
64 2 992 1
4 26 161 1
26 4 161 1
58 89 1156 1
89 58 1156 1
72 73 517 1
73 72 517 1
72 78 300 1
78 72 300 1
91 101 197 1
101 91 197 1
8 27 425 1
27 8 425 1
9 20 557 1
20 9 557 1
47 98 442 1
98 47 442 1
66 110 549 1
110 66 549 1
21 24 413 1
24 21 413 1
28 78 272 1
78 28 272 1
33 36 610 1
36 33 610 1
45 55 662 1
55 45 662 1
46 110 220 1
110 46 220 1
60 103 1182 1
103 60 1182 1
1 60 923 1
60 1 923 1
20 54 606 1
54 20 606 1
59 63 501 1
63 59 501 1
87 88 1035 1
88 87 1035 1
18 89 1085 1
89 18 1085 1
2 69 758 1
69 2 758 1
29 79 257 1
79 29 257 1
32 72 471 1
72 32 471 1
39 97 289 1
97 39 289 1
100 103 576 1
103 100 576 1
94 97 266 1
97 94 266 1
28 37 709 1
37 28 709 1
7 92 1445 1
92 7 1445 1
18 22 537 1
22 18 537 1
21 25 360 1
25 21 360 1
44 66 318 1
66 44 318 1
59 69 338 1
69 59 338 1
86 87 805 1
87 86 805 1
19 90 1212 1
90 19 1212 1
81 83 446 1
83 81 446 1
104 113 229 1
113 104 229 1
0 56 174 1
56 0 174 1
3 52 1342 1
52 3 1342 1
15 92 1292 1
92 15 1292 1
21 38 458 1
38 21 458 1
63 103 934 1
103 63 934 1
65 88 1179 1
88 65 1179 1
33 35 375 1
35 33 375 1
33 37 555 1
37 33 555 1
62 80 268 1
80 62 268 1
6 12 248 1
12 6 248 1
32 37 626 1
37 32 626 1
60 101 1230 1
101 60 1230 1
9 15 219 1
15 9 219 1
33 77 332 1
77 33 332 1
33 81 613 1
81 33 613 1
81 82 1081 1
82 81 1081 1
73 77 274 1
77 73 274 1
5 7 538 1
7 5 538 1
82 84 544 1
84 82 544 1
86 89 1016 1
89 86 1016 1
99 111 265 1
111 99 265 1
14 22 562 1
22 14 562 1
56 63 1014 1
63 56 1014 1
17 28 894 1
28 17 894 1
40 73 549 1
73 40 549 1
79 99 574 1
99 79 574 1
39 55 254 1
55 39 254 1
45 111 467 1
111 45 467 1
72 79 733 1
79 72 733 1
22 59 1169 1
59 22 1169 1
23 59 1157 1
59 23 1157 1
48 93 850 1
93 48 850 1
92 101 634 1
101 92 634 1
0 12 517 1
12 0 517 1
30 66 976 1
66 30 976 1
16 37 809 1
37 16 809 1
17 60 1082 1
60 17 1082 1
24 96 985 1
96 24 985 1
29 108 631 1
108 29 631 1
38 54 263 1
54 38 263 1
10 26 620 1
26 10 620 1
57 80 1050 1
80 57 1050 1
71 77 297 1
77 71 297 1
69 110 773 1
110 69 773 1
5 25 129 1
25 5 129 1
6 19 593 1
19 6 593 1
18 84 897 1
84 18 897 1
25 96 984 1
96 25 984 1
14 20 320 1
20 14 320 1
28 41 661 1
41 28 661 1
34 69 465 1
69 34 465 1
2 50 1192 1
50 2 1192 1
32 41 693 1
41 32 693 1
64 84 478 1
84 64 478 1
92 103 574 1
103 92 574 1
23 69 907 1
69 23 907 1
5 65 1232 1
65 5 1232 1
35 71 557 1
71 35 557 1
66 69 349 1
69 66 349 1
110 111 172 1
111 110 172 1
2 66 917 1
66 2 917 1
30 71 303 1
71 30 303 1
39 40 508 1
40 39 508 1
80 83 1100 1
83 80 1100 1
1 62 1027 1
62 1 1027 1
2 18 379 1
18 2 379 1
18 93 1308 1
93 18 1308 1
39 83 378 1
83 39 378 1
5 26 263 1
26 5 263 1
20 26 232 1
26 20 232 1
36 73 600 1
73 36 600 1
43 97 409 1
97 43 409 1
49 98 742 1
98 49 742 1
85 87 616 1
87 85 616 1
30 64 1064 1
64 30 1064 1
99 102 560 1
102 99 560 1
30 35 784 1
35 30 784 1
29 32 631 1
32 29 631 1
33 39 630 1
39 33 630 1
50 88 679 1
88 50 679 1
90 103 653 1
103 90 653 1
13 72 796 1
72 13 796 1
14 51 1362 1
51 14 1362 1
68 69 164 1
69 68 164 1
13 90 1367 1
90 13 1367 1
75 92 967 1
92 75 967 1
22 27 524 1
27 22 524 1
22 69 897 1
69 22 897 1
58 60 266 1
60 58 266 1
58 103 1188 1
103 58 1188 1
61 102 1213 1
102 61 1213 1
3 5 603 1
5 3 603 1
57 79 431 1
79 57 431 1
61 104 1114 1
104 61 1114 1
1 100 1327 1
100 1 1327 1
44 111 448 1
111 44 448 1
3 89 961 1
89 3 961 1
27 96 825 1
96 27 825 1
70 93 1035 1
93 70 1035 1
17 99 704 1
99 17 704 1
61 100 1241 1
100 61 1241 1
74 77 362 1
77 74 362 1
60 102 963 1
102 60 963 1
69 114 1057 1
114 69 1057 1
36 56 615 1
56 36 615 1
103 113 295 1
113 103 295 1
11 75 388 1
75 11 388 1
88 93 930 1
93 88 930 1
24 26 201 1
26 24 201 1
8 54 913 1
54 8 913 1
33 40 654 1
40 33 654 1
8 24 258 1
24 8 258 1
37 62 953 1
62 37 953 1
59 88 1182 1
88 59 1182 1
64 93 1076 1
93 64 1076 1
68 91 1170 1
91 68 1170 1
5 92 1324 1
92 5 1324 1
18 68 315 1
68 18 315 1
65 75 753 1
75 65 753 1
85 88 1097 1
88 85 1097 1
6 64 941 1
64 6 941 1
23 89 1070 1
89 23 1070 1
24 35 1010 1
35 24 1010 1
80 97 779 1
97 80 779 1
92 104 310 1
104 92 310 1
12 54 794 1
54 12 794 1
20 27 271 1
27 20 271 1
57 73 601 1
73 57 601 1
9 12 856 1
12 9 856 1
40 62 664 1
62 40 664 1
56 72 566 1
72 56 566 1
1 92 1314 1
92 1 1314 1
3 61 814 1
61 3 814 1
19 70 573 1
70 19 573 1
58 104 1061 1
104 58 1061 1
21 94 569 1
94 21 569 1
35 110 305 1
110 35 305 1
63 89 569 1
89 63 569 1
16 82 421 1
82 16 421 1
29 77 357 1
77 29 357 1
52 90 240 1
90 52 240 1
90 102 246 1
102 90 246 1
13 92 1402 1
92 13 1402 1
48 49 410 1
49 48 410 1
90 100 182 1
100 90 182 1
31 45 1171 1
45 31 1171 1
47 80 841 1
80 47 841 1
6 23 465 1
23 6 465 1
50 53 744 1
53 50 744 1
65 92 1075 1
92 65 1075 1
80 99 917 1
99 80 917 1
36 97 483 1
97 36 483 1
39 81 431 1
81 39 431 1
54 104 337 1
104 54 337 1
20 102 804 1
102 20 804 1
44 48 114 1
48 44 114 1
44 96 580 1
96 44 580 1
64 75 961 1
75 64 961 1
15 65 1052 1
65 15 1052 1
17 33 512 1
33 17 512 1
13 15 277 1
15 13 277 1
24 31 318 1
31 24 318 1
29 56 983 1
56 29 983 1
54 102 313 1
102 54 313 1
65 84 1120 1
84 65 1120 1
27 115 829 1
115 27 829 1
72 76 257 1
76 72 257 1
97 98 437 1
98 97 437 1
0 89 1205 1
89 0 1205 1
11 65 770 1
65 11 770 1
17 40 824 1
40 17 824 1
31 39 657 1
39 31 657 1
37 78 740 1
78 37 740 1
94 115 181 1
115 94 181 1
39 95 233 1
95 39 233 1
40 79 762 1
79 40 762 1
9 14 725 1
14 9 725 1
10 91 1269 1
91 10 1269 1
30 33 526 1
33 30 526 1
37 77 246 1
77 37 246 1
44 98 563 1
98 44 563 1
85 100 1025 1
100 85 1025 1
42 97 497 1
97 42 497 1
1 89 788 1
89 1 788 1
6 22 333 1
22 6 333 1
28 62 527 1
62 28 527 1
29 31 454 1
31 29 454 1
45 66 369 1
66 45 369 1
85 92 1003 1
92 85 1003 1
97 110 221 1
110 97 221 1
20 93 974 1
93 20 974 1
27 89 807 1
89 27 807 1
57 61 216 1
61 57 216 1
14 93 1238 1
93 14 1238 1
24 50 1395 1
50 24 1395 1
26 51 1298 1
51 26 1298 1
61 103 1017 1
103 61 1017 1
63 102 1192 1
102 63 1192 1
0 18 364 1
18 0 364 1
0 90 1005 1
90 0 1005 1
4 54 890 1
54 4 890 1
28 32 528 1
32 28 528 1
37 74 520 1
74 37 520 1
68 90 1109 1
90 68 1109 1
0 60 405 1
60 0 405 1
31 83 561 1
83 31 561 1
53 54 818 1
54 53 818 1
5 8 493 1
8 5 493 1
8 52 1288 1
52 8 1288 1
73 81 406 1
81 73 406 1
99 101 266 1
101 99 266 1
3 59 922 1
59 3 922 1
17 73 298 1
73 17 298 1
18 70 528 1
70 18 528 1
23 70 494 1
70 23 494 1
99 103 258 1
103 99 258 1
14 38 497 1
38 14 497 1
56 90 896 1
90 56 896 1
62 83 1241 1
83 62 1241 1
7 12 856 1
12 7 856 1
28 40 248 1
40 28 248 1
47 97 280 1
97 47 280 1
48 53 654 1
53 48 654 1
93 101 103 1
101 93 103 1
5 50 1417 1
50 5 1417 1
44 97 631 1
97 44 631 1
95 110 248 1
110 95 248 1
101 104 464 1
104 101 464 1
4 51 1418 1
51 4 1418 1
5 100 1233 1
100 5 1233 1
58 100 1047 1
100 58 1047 1
90 108 470 1
108 90 470 1
0 52 934 1
52 0 934 1
5 15 278 1
15 5 278 1
26 93 1144 1
93 26 1144 1
32 40 629 1
40 32 629 1
74 76 203 1
76 74 203 1
25 34 1006 1
34 25 1006 1
3 19 382 1
19 3 382 1
42 80 740 1
80 42 740 1
45 96 643 1
96 45 643 1
54 88 224 1
88 54 224 1
72 108 541 1
108 72 541 1
81 97 523 1
97 81 523 1
95 109 146 1
109 95 146 1
3 92 1420 1
92 3 1420 1
7 90 1390 1
90 7 1390 1
12 48 1186 1
48 12 1186 1
52 89 1027 1
89 52 1027 1
78 108 559 1
108 78 559 1
49 51 172 1
51 49 172 1
91 92 669 1
92 91 669 1
94 114 259 1
114 94 259 1
6 14 476 1
14 6 476 1
17 78 955 1
78 17 955 1
37 57 643 1
57 37 643 1
72 74 76 1
74 72 76 1
12 53 1414 1
53 12 1414 1
4 24 144 1
24 4 144 1
52 100 420 1
100 52 420 1
22 51 1360 1
51 22 1360 1
32 39 692 1
39 32 692 1
41 62 1018 1
62 41 1018 1
74 85 839 1
85 74 839 1
36 83 816 1
83 36 816 1
0 91 1266 1
91 0 1266 1
23 34 949 1
34 23 949 1
39 79 371 1
79 39 371 1
45 97 591 1
97 45 591 1
16 33 609 1
33 16 609 1
32 94 642 1
94 32 642 1
57 103 1078 1
103 57 1078 1
29 73 113 1
73 29 113 1
52 58 705 1
58 52 705 1
13 75 440 1
75 13 440 1
1 53 949 1
53 1 949 1
15 78 1000 1
78 15 1000 1
16 111 812 1
111 16 812 1
27 51 1246 1
51 27 1246 1
33 41 611 1
41 33 611 1
78 99 844 1
99 78 844 1
89 100 936 1
100 89 936 1
100 106 280 1
106 100 280 1
8 51 1496 1
51 8 1496 1
27 54 856 1
54 27 856 1
31 66 997 1
66 31 997 1
41 77 345 1
77 41 345 1
8 48 1406 1
48 8 1406 1
14 24 389 1
24 14 389 1
64 66 392 1
66 64 392 1
85 86 1120 1
86 85 1120 1
7 33 515 1
33 7 515 1
40 80 433 1
80 40 433 1
19 23 597 1
23 19 597 1
57 102 1241 1
102 57 1241 1
78 97 697 1
97 78 697 1
12 91 1349 1
91 12 1349 1
39 80 834 1
80 39 834 1
40 74 182 1
74 40 182 1
50 89 1065 1
89 50 1065 1
21 55 604 1
55 21 604 1
22 89 1126 1
89 22 1126 1
24 38 730 1
38 24 730 1
35 66 331 1
66 35 331 1
99 113 264 1
113 99 264 1
13 33 629 1
33 13 629 1
13 57 681 1
57 13 681 1
41 81 452 1
81 41 452 1
10 93 1289 1
93 10 1289 1
12 20 477 1
20 12 477 1
25 38 749 1
38 25 749 1
32 36 555 1
36 32 555 1
50 52 243 1
52 50 243 1
63 100 1236 1
100 63 1236 1
81 99 581 1
99 81 581 1
92 99 572 1
99 92 572 1
6 7 710 1
7 6 710 1
7 11 254 1
11 7 254 1
2 48 1199 1
48 2 1199 1
5 24 252 1
24 5 252 1
10 51 1261 1
51 10 1261 1
20 92 945 1
92 20 945 1
24 30 283 1
30 24 283 1
65 100 1146 1
100 65 1146 1
97 109 174 1
109 97 174 1
2 19 481 1
19 2 481 1
2 67 952 1
67 2 952 1
30 34 790 1
34 30 790 1
56 101 1297 1
101 56 1297 1
59 60 718 1
60 59 718 1
0 1 800 1
1 0 800 1
11 108 839 1
108 11 839 1
15 108 821 1
108 15 821 1
30 32 574 1
32 30 574 1
40 63 1007 1
63 40 1007 1
13 56 1122 1
56 13 1122 1
17 41 414 1
41 17 414 1
24 34 1021 1
34 24 1021 1
51 54 884 1
54 51 884 1
87 89 476 1
89 87 476 1
10 88 586 1
88 10 586 1
13 108 915 1
108 13 915 1
34 64 445 1
64 34 445 1
67 114 792 1
114 67 792 1
76 91 787 1
91 76 787 1
16 42 811 1
42 16 811 1
19 114 1115 1
114 19 1115 1
39 77 312 1
77 39 312 1
64 95 830 1
95 64 830 1
76 93 823 1
93 76 823 1
26 58 1249 1
58 26 1249 1
26 115 841 1
115 26 841 1
54 93 721 1
93 54 721 1
58 88 918 1
88 58 918 1
69 88 1077 1
88 69 1077 1
31 72 482 1
72 31 482 1
38 89 763 1
89 38 763 1
44 67 332 1
67 44 332 1
59 104 1146 1
104 59 1146 1
4 59 1372 1
59 4 1372 1
4 93 1288 1
93 4 1288 1
36 57 914 1
57 36 914 1
42 99 482 1
99 42 482 1
75 77 210 1
77 75 210 1
96 97 322 1
97 96 322 1
50 93 862 1
93 50 862 1
51 55 568 1
55 51 568 1
13 63 653 1
63 13 653 1
20 100 857 1
100 20 857 1
21 71 214 1
71 21 214 1
48 55 832 1
55 48 832 1
75 85 521 1
85 75 521 1
80 111 747 1
111 80 747 1
4 52 1272 1
52 4 1272 1
6 92 1291 1
92 6 1291 1
17 90 1158 1
90 17 1158 1
24 32 845 1
32 24 845 1
26 89 900 1
89 26 900 1
37 56 930 1
56 37 930 1
51 65 287 1
65 51 287 1
71 78 647 1
78 71 647 1
86 107 792 1
107 86 792 1
105 107 233 1
107 105 233 1
16 90 731 1
90 16 731 1
31 34 815 1
34 31 815 1
29 97 574 1
97 29 574 1
75 76 374 1
76 75 374 1
3 27 634 1
27 3 634 1
3 53 1253 1
53 3 1253 1
7 108 971 1
108 7 971 1
69 109 801 1
109 69 801 1
0 86 874 1
86 0 874 1
31 64 1128 1
64 31 1128 1
59 103 1115 1
103 59 1115 1
63 104 1070 1
104 63 1070 1
77 78 550 1
78 77 550 1
1 90 1264 1
90 1 1264 1
9 27 309 1
27 9 309 1
13 62 1248 1
62 13 1248 1
67 71 764 1
71 67 764 1
83 86 863 1
86 83 863 1
94 96 89 1
96 94 89 1
97 111 292 1
111 97 292 1
7 20 669 1
20 7 669 1
48 98 566 1
98 48 566 1
17 39 453 1
39 17 453 1
31 44 1185 1
44 31 1185 1
33 62 690 1
62 33 690 1
90 99 615 1
99 90 615 1
23 30 259 1
30 23 259 1
30 77 559 1
77 30 559 1
36 77 422 1
77 36 422 1
66 93 972 1
93 66 972 1
69 70 750 1
70 69 750 1
96 111 286 1
111 96 286 1
22 58 1138 1
58 22 1138 1
72 75 453 1
75 72 453 1
1 102 1288 1
102 1 1288 1
2 34 808 1
34 2 808 1
23 67 1077 1
67 23 1077 1
28 31 545 1
31 28 545 1
46 80 618 1
80 46 618 1
82 87 849 1
87 82 849 1
9 92 1428 1
92 9 1428 1
13 52 1405 1
52 13 1405 1
16 47 880 1
47 16 880 1
28 77 540 1
77 28 540 1
55 115 361 1
115 55 361 1
5 23 453 1
23 5 453 1
8 26 300 1
26 8 300 1
10 22 580 1
22 10 580 1
11 100 1299 1
100 11 1299 1
36 47 622 1
47 36 622 1
55 94 428 1
94 55 428 1
55 111 434 1
111 55 434 1
56 102 1030 1
102 56 1030 1
64 65 897 1
65 64 897 1
18 60 647 1
60 18 647 1
29 82 824 1
82 29 824 1
31 32 596 1
32 31 596 1
64 70 831 1
70 64 831 1
98 113 276 1
113 98 276 1
6 50 1151 1
50 6 1151 1
13 28 892 1
28 13 892 1
14 52 1090 1
52 14 1090 1
62 101 1225 1
101 62 1225 1
106 108 322 1
108 106 322 1
0 99 1111 1
99 0 1111 1
6 66 934 1
66 6 934 1
30 110 901 1
110 30 901 1
42 48 243 1
48 42 243 1
44 95 677 1
95 44 677 1
58 102 1067 1
102 58 1067 1
7 102 1355 1
102 7 1355 1
12 50 1114 1
50 12 1114 1
13 81 530 1
81 13 530 1
18 59 713 1
59 18 713 1
21 40 380 1
40 21 380 1
23 58 1186 1
58 23 1186 1
33 71 374 1
71 33 374 1
48 96 608 1
96 48 608 1
73 85 516 1
85 73 516 1
1 8 1115 1
8 1 1115 1
27 65 1171 1
65 27 1171 1
58 113 963 1
113 58 963 1
21 41 236 1
41 21 236 1
23 85 1053 1
85 23 1053 1
58 93 1138 1
93 58 1138 1
59 65 304 1
65 59 304 1
43 80 868 1
80 43 868 1
91 102 669 1
102 91 669 1
23 26 522 1
26 23 522 1
28 76 345 1
76 28 345 1
75 100 924 1
100 75 924 1
98 112 277 1
112 98 277 1
99 100 610 1
100 99 610 1
0 14 728 1
14 0 728 1
3 9 596 1
9 3 596 1
3 75 534 1
75 3 534 1
13 79 476 1
79 13 476 1
13 102 1295 1
102 13 1295 1
22 54 1063 1
54 22 1063 1
26 59 1291 1
59 26 1291 1
71 76 392 1
76 71 392 1
82 111 920 1
111 82 920 1
30 45 1169 1
45 30 1169 1
56 103 1239 1
103 56 1239 1
11 17 224 1
17 11 224 1
21 37 403 1
37 21 403 1
22 65 1204 1
65 22 1204 1
72 82 298 1
82 72 298 1
77 101 754 1
101 77 754 1
82 97 814 1
97 82 814 1
93 100 653 1
100 93 653 1
0 102 1108 1
102 0 1108 1
13 100 1359 1
100 13 1359 1
23 50 1386 1
50 23 1386 1
30 39 678 1
39 30 678 1
50 65 837 1
65 50 837 1
56 73 886 1
73 56 886 1
19 59 618 1
59 19 618 1
21 32 632 1
32 21 632 1
4 50 1323 1
50 4 1323 1
6 90 1185 1
90 6 1185 1
9 13 376 1
13 9 376 1
10 52 956 1
52 10 956 1
36 82 401 1
82 36 401 1
40 77 472 1
77 40 472 1
63 73 569 1
73 63 569 1
64 106 847 1
106 64 847 1
13 53 1148 1
53 13 1148 1
18 58 669 1
58 18 669 1
25 67 1191 1
67 25 1191 1
29 46 914 1
46 29 914 1
40 83 731 1
83 40 731 1
1 59 541 1
59 1 541 1
27 48 1308 1
48 27 1308 1
62 73 961 1
73 62 961 1
22 91 1377 1
91 22 1377 1
23 93 1407 1
93 23 1407 1
61 75 723 1
75 61 723 1
0 100 1107 1
100 0 1107 1
4 66 1205 1
66 4 1205 1
18 86 1008 1
86 18 1008 1
37 55 221 1
55 37 221 1
52 92 317 1
92 52 317 1
60 81 1111 1
81 60 1111 1
85 106 897 1
106 85 897 1
4 22 457 1
22 4 457 1
24 67 1223 1
67 24 1223 1
28 79 847 1
79 28 847 1
38 88 311 1
88 38 311 1
0 17 982 1
17 0 982 1
10 15 968 1
15 10 968 1
11 12 972 1
12 11 972 1
13 61 843 1
61 13 843 1
90 104 351 1
104 90 351 1
104 105 204 1
105 104 204 1
2 3 405 1
3 2 405 1
5 11 579 1
11 5 579 1
40 57 982 1
57 40 982 1
78 82 455 1
82 78 455 1
88 91 958 1
91 88 958 1
91 100 719 1
100 91 719 1
18 65 854 1
65 18 854 1
47 78 767 1
78 47 767 1
17 83 381 1
83 17 381 1
22 64 1169 1
64 22 1169 1
28 97 752 1
97 28 752 1
15 75 396 1
75 15 396 1
34 45 409 1
45 34 409 1
55 95 221 1
95 55 221 1
69 91 1081 1
91 69 1081 1
21 26 271 1
26 21 271 1
28 39 686 1
39 28 686 1
60 100 938 1
100 60 938 1
64 71 973 1
71 64 973 1
4 102 1078 1
102 4 1078 1
11 79 342 1
79 11 342 1
47 81 624 1
81 47 624 1
63 81 293 1
81 63 293 1
65 112 785 1
112 65 785 1
66 109 621 1
109 66 621 1
92 108 488 1
108 92 488 1
6 69 829 1
69 6 829 1
7 100 1408 1
100 7 1408 1
25 33 765 1
33 25 765 1
29 57 596 1
57 29 596 1
108 112 335 1
112 108 335 1
28 73 629 1
73 28 629 1
48 52 415 1
52 48 415 1
11 85 574 1
85 11 574 1
36 55 626 1
55 36 626 1
41 83 252 1
83 41 252 1
71 114 814 1
114 71 814 1
5 54 1015 1
54 5 1015 1
57 100 1273 1
100 57 1273 1
109 110 135 1
110 109 135 1
53 89 552 1
89 53 552 1
89 113 633 1
113 89 633 1
6 18 473 1
18 6 473 1
9 21 431 1
21 9 431 1
86 111 918 1
111 86 918 1
10 98 865 1
98 10 865 1
28 30 436 1
30 28 436 1
5 58 1366 1
58 5 1366 1
32 57 493 1
57 32 493 1
33 56 531 1
56 33 531 1
36 46 482 1
46 36 482 1
37 83 399 1
83 37 399 1
38 96 284 1
96 38 284 1
67 109 581 1
109 67 581 1
2 95 976 1
95 2 976 1
4 92 1237 1
92 4 1237 1
5 51 1334 1
51 5 1334 1
31 95 797 1
95 31 797 1
37 94 426 1
94 37 426 1
6 10 299 1
10 6 299 1
46 48 368 1
48 46 368 1
3 51 1145 1
51 3 1145 1
31 78 755 1
78 31 755 1
33 47 731 1
47 33 731 1
39 78 740 1
78 39 740 1
56 82 787 1
82 56 787 1
1 12 1022 1
12 1 1022 1
5 14 572 1
14 5 572 1
14 88 613 1
88 14 613 1
16 97 797 1
97 16 797 1
32 62 548 1
62 32 548 1
38 66 807 1
66 38 807 1
54 91 742 1
91 54 742 1
1 103 1135 1
103 1 1135 1
2 27 659 1
27 2 659 1
9 51 1357 1
51 9 1357 1
23 27 506 1
27 23 506 1
24 33 797 1
33 24 797 1
35 44 409 1
44 35 409 1
61 65 175 1
65 61 175 1
73 79 296 1
79 73 296 1
6 48 1184 1
48 6 1184 1
18 85 983 1
85 18 983 1
24 51 1429 1
51 24 1429 1
28 71 506 1
71 28 506 1
30 44 1163 1
44 30 1163 1
33 78 590 1
78 33 590 1
52 59 956 1
59 52 956 1
2 24 548 1
24 2 548 1
16 40 399 1
40 16 399 1
23 31 199 1
31 23 199 1
31 67 971 1
67 31 971 1
34 71 603 1
71 34 603 1
39 73 305 1
73 39 305 1
49 97 622 1
97 49 622 1
76 101 848 1
101 76 848 1
99 104 430 1
104 99 430 1
1 68 549 1
68 1 549 1
8 21 536 1
21 8 536 1
24 53 1427 1
53 24 1427 1
28 56 545 1
56 28 545 1
95 106 414 1
106 95 414 1
6 76 615 1
76 6 615 1
25 39 702 1
39 25 702 1
64 112 765 1
112 64 765 1
89 107 337 1
107 89 337 1
14 21 487 1
21 14 487 1
25 40 618 1
40 25 618 1
1 3 446 1
3 1 446 1
25 43 1261 1
43 25 1261 1
26 91 1131 1
91 26 1131 1
30 114 1027 1
114 30 1027 1
42 78 692 1
78 42 692 1
51 89 661 1
89 51 661 1
51 112 579 1
112 51 579 1
77 80 662 1
80 77 662 1
78 106 572 1
106 78 572 1
0 19 488 1
19 0 488 1
9 102 1277 1
102 9 1277 1
13 73 358 1
73 13 358 1
18 52 1125 1
52 18 1125 1
20 24 393 1
24 20 393 1
24 66 1233 1
66 24 1233 1
31 46 1090 1
46 31 1090 1
32 81 728 1
81 32 728 1
56 78 391 1
78 56 391 1
74 83 697 1
83 74 697 1
9 52 1482 1
52 9 1482 1
18 83 953 1
83 18 953 1
19 60 706 1
60 19 706 1
52 91 777 1
91 52 777 1
68 92 1202 1
92 68 1202 1
80 108 630 1
108 80 630 1
100 108 467 1
108 100 467 1
0 92 1123 1
92 0 1123 1
3 18 417 1
18 3 417 1
3 100 1385 1
100 3 1385 1
5 52 1379 1
52 5 1379 1
22 30 218 1
30 22 218 1
30 67 972 1
67 30 972 1
35 114 586 1
114 35 586 1
2 8 554 1
8 2 554 1
8 92 1269 1
92 8 1269 1
15 79 543 1
79 15 543 1
18 75 668 1
75 18 668 1
21 46 873 1
46 21 873 1
46 78 577 1
78 46 577 1
76 78 312 1
78 76 312 1
82 110 802 1
110 82 802 1
9 24 385 1
24 9 385 1
13 101 1137 1
101 13 1137 1
18 64 805 1
64 18 805 1
105 115 176 1
115 105 176 1
112 113 116 1
113 112 116 1
2 65 1144 1
65 2 1144 1
10 90 936 1
90 10 936 1
25 71 434 1
71 25 434 1
36 74 242 1
74 36 242 1
38 115 384 1
115 38 384 1
51 113 663 1
113 51 663 1
6 26 607 1
26 6 607 1
7 15 461 1
15 7 461 1
25 55 952 1
55 25 952 1
28 49 1091 1
49 28 1091 1
37 71 401 1
71 37 401 1
51 98 763 1
98 51 763 1
52 61 1057 1
61 52 1057 1
25 32 836 1
32 25 836 1
68 86 1151 1
86 68 1151 1
8 13 868 1
13 8 868 1
8 50 1336 1
50 8 1336 1
8 102 1117 1
102 8 1117 1
13 36 941 1
36 13 941 1
16 98 666 1
98 16 666 1
36 43 693 1
43 36 693 1
70 101 1040 1
101 70 1040 1
6 68 723 1
68 6 723 1
20 58 1037 1
58 20 1037 1
28 42 898 1
42 28 898 1
34 115 566 1
115 34 566 1
43 48 391 1
48 43 391 1
83 87 158 1
87 83 158 1
5 53 1317 1
53 5 1317 1
13 60 1245 1
60 13 1245 1
26 84 884 1
84 26 884 1
37 97 271 1
97 37 271 1
43 99 372 1
99 43 372 1
57 101 1081 1
101 57 1081 1
0 107 1161 1
107 0 1161 1
2 59 1058 1
59 2 1058 1
47 82 1007 1
82 47 1007 1
66 71 813 1
71 66 813 1
91 103 258 1
103 91 258 1
3 68 689 1
68 3 689 1
5 89 870 1
89 5 870 1
22 34 922 1
34 22 922 1
22 67 1070 1
67 22 1070 1
24 94 920 1
94 24 920 1
12 51 1375 1
51 12 1375 1
60 90 787 1
90 60 787 1
65 113 852 1
113 65 852 1
68 100 1230 1
100 68 1230 1
89 104 710 1
104 89 710 1
0 15 1084 1
15 0 1084 1
0 57 825 1
57 0 825 1
1 75 562 1
75 1 562 1
1 104 1183 1
104 1 1183 1
3 24 623 1
24 3 623 1
5 102 1167 1
102 5 1167 1
25 66 1220 1
66 25 1220 1
38 93 775 1
93 38 775 1
75 89 504 1
89 75 504 1
10 53 1310 1
53 10 1310 1
16 62 313 1
62 16 313 1
20 104 727 1
104 20 727 1
57 90 1197 1
90 57 1197 1
77 81 453 1
81 77 453 1
6 101 1437 1
101 6 1437 1
11 78 988 1
78 11 988 1
19 52 1141 1
52 19 1141 1
38 50 753 1
50 38 753 1
57 72 874 1
72 57 874 1
87 95 598 1
95 87 598 1
1 99 923 1
99 1 923 1
34 65 549 1
65 34 549 1
36 42 628 1
42 36 628 1
48 112 575 1
112 48 575 1
102 106 217 1
106 102 217 1
16 46 699 1
46 16 699 1
56 100 1019 1
100 56 1019 1
58 101 1214 1
101 58 1214 1
3 4 707 1
4 3 707 1
15 98 1122 1
98 15 1122 1
27 88 863 1
88 27 863 1
54 100 319 1
100 54 319 1
55 79 394 1
79 55 394 1
60 80 480 1
80 60 480 1
63 75 591 1
75 63 591 1
100 113 356 1
113 100 356 1
1 58 829 1
58 1 829 1
9 25 252 1
25 9 252 1
22 110 1082 1
110 22 1082 1
25 45 1358 1
45 25 1358 1
45 95 654 1
95 45 654 1
3 8 773 1
8 3 773 1
8 11 935 1
11 8 935 1
12 102 1064 1
102 12 1064 1
15 90 1267 1
90 15 1267 1
24 48 1432 1
48 24 1432 1
28 46 774 1
46 28 774 1
28 47 900 1
47 28 900 1
28 74 188 1
74 28 188 1
33 45 716 1
45 33 716 1
35 78 557 1
78 35 557 1
44 64 436 1
64 44 436 1
50 109 596 1
109 50 596 1
52 108 555 1
108 52 555 1
92 113 313 1
113 92 313 1
6 8 485 1
8 6 485 1
22 24 386 1
24 22 386 1
28 108 624 1
108 28 624 1
41 63 682 1
63 41 682 1
45 98 655 1
98 45 655 1
51 59 486 1
59 51 486 1
58 62 503 1
62 58 503 1
79 97 479 1
97 79 479 1
12 15 906 1
15 12 906 1
40 108 451 1
108 40 451 1
42 82 1028 1
82 42 1028 1
66 94 692 1
94 66 692 1
69 84 944 1
84 69 944 1
2 12 394 1
12 2 394 1
7 14 868 1
14 7 868 1
10 11 986 1
11 10 986 1
13 16 1048 1
16 13 1048 1
16 108 661 1
108 16 661 1
22 95 990 1
95 22 990 1
24 110 1066 1
110 24 1066 1
29 55 507 1
55 29 507 1
36 76 232 1
76 36 232 1
38 48 841 1
48 38 841 1
39 74 501 1
74 39 501 1
46 66 543 1
66 46 543 1
47 99 231 1
99 47 231 1
58 69 426 1
69 58 426 1
98 115 287 1
115 98 287 1
48 110 500 1
110 48 500 1
52 68 984 1
68 52 984 1
79 98 871 1
98 79 871 1
0 11 958 1
11 0 958 1
0 68 414 1
68 0 414 1
2 10 438 1
10 2 438 1
12 19 781 1
19 12 781 1
21 27 209 1
27 21 209 1
28 90 801 1
90 28 801 1
75 112 790 1
112 75 790 1
93 102 600 1
102 93 600 1
11 90 1290 1
90 11 1290 1
84 107 904 1
107 84 904 1
16 73 769 1
73 16 769 1
20 48 1072 1
48 20 1072 1
44 114 674 1
114 44 674 1
59 100 1223 1
100 59 1223 1
64 76 611 1
76 64 611 1
84 110 598 1
110 84 598 1
4 58 1292 1
58 4 1292 1
22 53 1432 1
53 22 1432 1
30 70 259 1
70 30 259 1
41 80 868 1
80 41 868 1
92 93 608 1
93 92 608 1
8 38 679 1
38 8 679 1
30 72 390 1
72 30 390 1
34 70 564 1
70 34 564 1
45 78 840 1
78 45 840 1
61 92 1185 1
92 61 1185 1
71 72 402 1
72 71 402 1
1 73 531 1
73 1 531 1
22 52 1369 1
52 22 1369 1
41 76 493 1
76 41 493 1
67 94 677 1
94 67 677 1
76 80 424 1
80 76 424 1
20 71 311 1
71 20 311 1
47 48 490 1
48 47 490 1
49 96 720 1
96 49 720 1
59 93 1026 1
93 59 1026 1
4 38 638 1
38 4 638 1
17 32 646 1
32 17 646 1
18 92 1286 1
92 18 1286 1
20 52 976 1
52 20 976 1
45 80 912 1
80 45 912 1
64 67 549 1
67 64 549 1
33 76 380 1
76 33 380 1
45 114 688 1
114 45 688 1
73 92 1046 1
92 73 1046 1
84 93 1016 1
93 84 1016 1
0 16 380 1
16 0 380 1
2 110 1015 1
110 2 1015 1
22 38 846 1
38 22 846 1
24 71 494 1
71 24 494 1
49 110 518 1
110 49 518 1
93 112 343 1
112 93 343 1
18 74 626 1
74 18 626 1
19 83 893 1
83 19 893 1
21 96 648 1
96 21 648 1
27 34 903 1
34 27 903 1
36 94 246 1
94 36 246 1
66 95 734 1
95 66 734 1
87 110 837 1
110 87 837 1
16 43 905 1
43 16 905 1
17 98 995 1
98 17 995 1
29 71 259 1
71 29 259 1
32 71 466 1
71 32 466 1
54 58 818 1
58 54 818 1
62 79 1049 1
79 62 1049 1
69 87 1163 1
87 69 1163 1
87 97 649 1
97 87 649 1
2 5 685 1
5 2 685 1
9 54 1133 1
54 9 1133 1
11 50 1265 1
50 11 1265 1
12 93 1368 1
93 12 1368 1
54 92 376 1
92 54 376 1
68 85 974 1
85 68 974 1
14 91 1235 1
91 14 1235 1
91 114 389 1
114 91 389 1
92 106 400 1
106 92 400 1
19 101 1295 1
101 19 1295 1
49 66 437 1
66 49 437 1
77 83 539 1
83 77 539 1
80 90 609 1
90 80 609 1
97 99 180 1
99 97 180 1
2 58 959 1
58 2 959 1
15 16 1006 1
16 15 1006 1
15 112 1123 1
112 15 1123 1
23 109 1001 1
109 23 1001 1
38 86 366 1
86 38 366 1
42 81 865 1
81 42 865 1
51 58 753 1
58 51 753 1
57 89 760 1
89 57 760 1
67 84 830 1
84 67 830 1
4 21 414 1
21 4 414 1
15 29 295 1
29 15 295 1
21 42 978 1
42 21 978 1
23 25 373 1
25 23 373 1
36 63 945 1
63 36 945 1
60 72 692 1
72 60 692 1
62 74 590 1
74 62 590 1
98 104 286 1
104 98 286 1
3 58 1025 1
58 3 1025 1
16 76 379 1
76 16 379 1
25 47 1189 1
47 25 1189 1
47 79 596 1
79 47 596 1
49 111 530 1
111 49 530 1
52 102 475 1
102 52 475 1
63 101 920 1
101 63 920 1
99 106 562 1
106 99 562 1
102 113 317 1
113 102 317 1
8 53 1492 1
53 8 1492 1
10 20 506 1
20 10 506 1
12 101 1369 1
101 12 1369 1
30 83 641 1
83 30 641 1
32 74 456 1
74 32 456 1
33 83 733 1
83 33 733 1
40 61 1067 1
61 40 1067 1
50 96 527 1
96 50 527 1
58 91 1077 1
91 58 1077 1
68 87 1214 1
87 68 1214 1
111 113 191 1
113 111 191 1
1 107 981 1
107 1 981 1
7 75 499 1
75 7 499 1
11 56 1037 1
56 11 1037 1
31 110 923 1
110 31 923 1
32 76 341 1
76 32 341 1
63 74 885 1
74 63 885 1
72 97 655 1
97 72 655 1
94 109 127 1
109 94 127 1
11 53 1019 1
53 11 1019 1
37 63 543 1
63 37 543 1
49 87 1159 1
87 49 1159 1
54 59 1020 1
59 54 1020 1
89 92 938 1
92 89 938 1
111 114 232 1
114 111 232 1
7 24 631 1
24 7 631 1
12 92 1168 1
92 12 1168 1
21 97 595 1
97 21 595 1
38 84 429 1
84 38 429 1
46 81 867 1
81 46 867 1
54 113 426 1
113 54 426 1
83 108 716 1
108 83 716 1
21 54 704 1
54 21 704 1
40 55 690 1
55 40 690 1
48 88 830 1
88 48 830 1
66 114 833 1
114 66 833 1
91 106 697 1
106 91 697 1
107 115 298 1
115 107 298 1
5 59 1317 1
59 5 1317 1
21 43 915 1
43 21 915 1
22 66 1066 1
66 22 1066 1
