116 2668
80 81 1113 1
81 80 1113 1
93 101 103 1
101 93 103 1
30 31 127 1
31 30 127 1
76 77 238 1
77 76 238 1
38 39 465 1
39 38 465 1
16 17 998 1
17 16 998 1
32 33 149 1
33 32 149 1
61 65 175 1
65 61 175 1
84 85 1130 1
85 84 1130 1
4 8 148 1
8 4 148 1
73 76 450 1
76 73 450 1
78 81 1002 1
81 78 1002 1
24 25 135 1
25 24 135 1
98 99 479 1
99 98 479 1
66 67 177 1
67 66 177 1
22 88 1044 1
88 22 1044 1
78 80 116 1
80 78 116 1
17 63 324 1
63 17 324 1
44 45 194 1
45 44 194 1
58 59 496 1
59 58 496 1
36 40 213 1
40 36 213 1
62 63 1134 1
63 62 1134 1
88 89 1035 1
89 88 1035 1
10 12 181 1
12 10 181 1
6 7 710 1
7 6 710 1
36 81 848 1
81 36 848 1
99 111 265 1
111 99 265 1
10 14 380 1
14 10 380 1
92 93 608 1
93 92 608 1
57 68 520 1
68 57 520 1
8 9 638 1
9 8 638 1
90 91 735 1
91 90 735 1
26 27 135 1
27 26 135 1
78 79 878 1
79 78 878 1
79 81 136 1
81 79 136 1
35 45 385 1
45 35 385 1
42 43 239 1
43 42 239 1
69 105 1158 1
105 69 1158 1
31 33 517 1
33 31 517 1
59 66 363 1
66 59 363 1
86 87 805 1
87 86 805 1
64 65 897 1
65 64 897 1
43 47 146 1
47 43 146 1
2 6 165 1
6 2 165 1
28 29 741 1
29 28 741 1
56 57 840 1
57 56 840 1
36 78 263 1
78 36 263 1
49 51 172 1
51 49 172 1
0 1 800 1
1 0 800 1
5 26 263 1
26 5 263 1
71 73 163 1
73 71 163 1
71 77 297 1
77 71 297 1
2 4 569 1
4 2 569 1
28 36 321 1
36 28 321 1
73 77 274 1
77 73 274 1
19 69 323 1
69 19 323 1
25 27 193 1
27 25 193 1
12 13 959 1
13 12 959 1
58 66 198 1
66 58 198 1
4 9 500 1
9 4 500 1
18 19 147 1
19 18 147 1
93 100 653 1
100 93 653 1
38 55 598 1
55 38 598 1
13 65 935 1
65 13 935 1
47 111 188 1
111 47 188 1
94 95 213 1
95 94 213 1
100 101 656 1
101 100 656 1
106 107 486 1
107 106 486 1
48 49 410 1
49 48 410 1
100 102 87 1
102 100 87 1
29 40 655 1
40 29 655 1
98 111 265 1
111 98 265 1
36 80 330 1
80 36 330 1
39 86 698 1
86 39 698 1
27 88 863 1
88 27 863 1
61 63 238 1
63 61 238 1
15 64 1349 1
64 15 1349 1
28 72 116 1
72 28 116 1
22 24 386 1
24 22 386 1
47 99 231 1
99 47 231 1
16 28 220 1
28 16 220 1
20 71 311 1
71 20 311 1
48 58 400 1
58 48 400 1
22 23 140 1
23 22 140 1
22 27 524 1
27 22 524 1
22 25 402 1
25 22 402 1
92 100 157 1
100 92 157 1
101 103 106 1
103 101 106 1
3 7 185 1
7 3 185 1
28 74 188 1
74 28 188 1
9 64 1448 1
64 9 1448 1
17 62 1129 1
62 17 1129 1
72 78 300 1
78 72 300 1
96 98 184 1
98 96 184 1
19 68 313 1
68 19 313 1
95 108 123 1
108 95 123 1
30 33 526 1
33 30 526 1
53 91 265 1
91 53 265 1
29 72 629 1
72 29 629 1
25 26 225 1
26 25 225 1
79 80 991 1
80 79 991 1
1 56 851 1
56 1 851 1
71 76 392 1
76 71 392 1
16 62 313 1
62 16 313 1
103 104 369 1
104 103 369 1
40 81 874 1
81 40 874 1
104 107 401 1
107 104 401 1
78 98 547 1
98 78 547 1
52 53 746 1
53 52 746 1
29 33 510 1
33 29 510 1
1 63 334 1
63 1 334 1
23 25 373 1
25 23 373 1
48 66 357 1
66 48 357 1
103 105 173 1
105 103 173 1
84 111 669 1
111 84 669 1
42 47 281 1
47 42 281 1
13 63 653 1
63 13 653 1
25 85 1018 1
85 25 1018 1
81 83 446 1
83 81 446 1
5 9 157 1
9 5 157 1
15 65 1052 1
65 15 1052 1
26 88 791 1
88 26 791 1
55 89 213 1
89 55 213 1
4 6 536 1
6 4 536 1
55 87 559 1
87 55 559 1
92 101 634 1
101 92 634 1
23 110 1096 1
110 23 1096 1
20 21 185 1
21 20 185 1
33 80 703 1
80 33 703 1
13 61 843 1
61 13 843 1
54 55 651 1
55 54 651 1
35 64 566 1
64 35 566 1
4 24 144 1
24 4 144 1
16 63 1092 1
63 16 1092 1
94 97 266 1
97 94 266 1
11 13 168 1
13 11 168 1
100 103 576 1
103 100 576 1
3 5 603 1
5 3 603 1
52 90 240 1
90 52 240 1
55 96 492 1
96 55 492 1
67 92 922 1
92 67 922 1
4 5 350 1
5 4 350 1
28 78 272 1
78 28 272 1
32 80 590 1
80 32 590 1
24 26 201 1
26 24 201 1
29 36 705 1
36 29 705 1
82 83 881 1
83 82 881 1
59 90 1104 1
90 59 1104 1
93 105 305 1
105 93 305 1
4 64 1218 1
64 4 1218 1
12 60 825 1
60 12 825 1
40 83 731 1
83 40 731 1
67 93 875 1
93 67 875 1
70 93 1035 1
93 70 1035 1
93 102 600 1
102 93 600 1
28 30 436 1
30 28 436 1
12 64 932 1
64 12 932 1
72 73 517 1
73 72 517 1
23 89 1070 1
89 23 1070 1
22 110 1082 1
110 22 1082 1
36 98 402 1
98 36 402 1
81 85 175 1
85 81 175 1
33 75 426 1
75 33 426 1
56 80 431 1
80 56 431 1
59 67 245 1
67 59 245 1
51 53 271 1
53 51 271 1
24 88 947 1
88 24 947 1
16 74 335 1
74 16 335 1
18 110 887 1
110 18 887 1
35 110 305 1
110 35 305 1
48 51 548 1
51 48 548 1
12 14 278 1
14 12 278 1
80 84 162 1
84 80 162 1
29 78 851 1
78 29 851 1
36 83 816 1
83 36 816 1
0 56 174 1
56 0 174 1
13 60 1245 1
60 13 1245 1
28 33 585 1
33 28 585 1
68 69 164 1
69 68 164 1
72 74 76 1
74 72 76 1
48 50 202 1
50 48 202 1
28 75 567 1
75 28 567 1
40 72 200 1
72 40 200 1
67 100 988 1
100 67 988 1
81 84 1146 1
84 81 1146 1
25 43 1261 1
43 25 1261 1
36 37 542 1
37 36 542 1
47 98 442 1
98 47 442 1
83 85 549 1
85 83 549 1
18 82 891 1
82 18 891 1
46 55 584 1
55 46 584 1
58 90 890 1
90 58 890 1
78 111 693 1
111 78 693 1
15 83 194 1
83 15 194 1
38 86 366 1
86 38 366 1
2 3 405 1
3 2 405 1
84 98 455 1
98 84 455 1
104 106 195 1
106 104 195 1
36 84 341 1
84 36 341 1
46 47 309 1
47 46 309 1
92 105 456 1
105 92 456 1
52 91 777 1
91 52 777 1
60 61 893 1
61 60 893 1
3 6 559 1
6 3 559 1
33 40 654 1
40 33 654 1
57 80 1050 1
80 57 1050 1
87 109 723 1
109 87 723 1
93 103 173 1
103 93 173 1
5 27 165 1
27 5 165 1
96 97 322 1
97 96 322 1
1 13 546 1
13 1 546 1
3 4 707 1
4 3 707 1
5 8 493 1
8 5 493 1
66 93 972 1
93 66 972 1
72 76 257 1
76 72 257 1
5 50 1417 1
50 5 1417 1
8 14 205 1
14 8 205 1
21 71 214 1
71 21 214 1
25 84 1066 1
84 25 1066 1
36 74 242 1
74 36 242 1
87 97 649 1
97 87 649 1
27 50 1279 1
50 27 1279 1
40 78 376 1
78 40 376 1
110 112 272 1
112 110 272 1
12 65 1303 1
65 12 1303 1
34 71 603 1
71 34 603 1
101 102 595 1
102 101 595 1
16 80 152 1
80 16 152 1
53 102 802 1
102 53 802 1
3 8 773 1
8 3 773 1
4 50 1323 1
50 4 1323 1
47 84 791 1
84 47 791 1
94 115 181 1
115 94 181 1
24 31 318 1
31 24 318 1
70 101 1040 1
101 70 1040 1
24 35 1010 1
35 24 1010 1
31 75 419 1
75 31 419 1
36 111 534 1
111 36 534 1
40 74 182 1
74 40 182 1
40 80 433 1
80 40 433 1
78 84 235 1
84 78 235 1
9 15 219 1
15 9 219 1
16 72 287 1
72 16 287 1
29 32 631 1
32 29 631 1
36 96 257 1
96 36 257 1
70 71 263 1
71 70 263 1
23 88 1119 1
88 23 1119 1
25 110 1042 1
110 25 1042 1
28 80 329 1
80 28 329 1
38 89 763 1
89 38 763 1
51 59 486 1
59 51 486 1
36 85 845 1
85 36 845 1
39 55 254 1
55 39 254 1
77 109 318 1
109 77 318 1
2 12 394 1
12 2 394 1
42 44 208 1
44 42 208 1
47 85 508 1
85 47 508 1
22 26 505 1
26 22 505 1
30 74 403 1
74 30 403 1
53 90 787 1
90 53 787 1
12 15 906 1
15 12 906 1
33 83 733 1
83 33 733 1
38 54 263 1
54 38 263 1
48 93 850 1
93 48 850 1
83 111 944 1
111 83 944 1
5 23 453 1
23 5 453 1
7 102 1355 1
102 7 1355 1
82 96 637 1
96 82 637 1
8 64 1208 1
64 8 1208 1
25 88 998 1
88 25 998 1
47 96 412 1
96 47 412 1
59 61 271 1
61 59 271 1
81 111 760 1
111 81 760 1
97 109 174 1
109 97 174 1
3 9 596 1
9 3 596 1
36 79 738 1
79 36 738 1
36 82 401 1
82 36 401 1
53 59 742 1
59 53 742 1
86 109 700 1
109 86 700 1
32 72 471 1
72 32 471 1
55 97 173 1
97 55 173 1
3 23 271 1
23 3 271 1
38 88 311 1
88 38 311 1
60 62 241 1
62 60 241 1
28 40 248 1
40 28 248 1
86 89 1016 1
89 86 1016 1
18 81 878 1
81 18 878 1
20 73 397 1
73 20 397 1
90 102 246 1
102 90 246 1
82 84 544 1
84 82 544 1
14 110 912 1
110 14 912 1
29 30 533 1
30 29 533 1
38 82 362 1
82 38 362 1
20 77 434 1
77 20 434 1
30 75 454 1
75 30 454 1
43 85 559 1
85 43 559 1
47 83 886 1
83 47 886 1
66 69 349 1
69 66 349 1
37 38 515 1
38 37 515 1
38 96 284 1
96 38 284 1
49 91 630 1
91 49 630 1
17 80 1070 1
80 17 1070 1
1 57 172 1
57 1 172 1
10 28 213 1
28 10 213 1
29 80 961 1
80 29 961 1
48 59 599 1
59 48 599 1
49 59 382 1
59 49 382 1
4 45 1366 1
45 4 1366 1
24 27 252 1
27 24 252 1
33 56 531 1
56 33 531 1
42 46 173 1
46 42 173 1
56 99 1051 1
99 56 1051 1
67 69 345 1
69 67 345 1
36 72 276 1
72 36 276 1
4 35 987 1
35 4 987 1
72 80 384 1
80 72 384 1
16 36 349 1
36 16 349 1
80 83 1100 1
83 80 1100 1
11 33 518 1
33 11 518 1
87 89 476 1
89 87 476 1
0 13 1027 1
13 0 1027 1
6 70 405 1
70 6 405 1
21 30 349 1
30 21 349 1
24 30 283 1
30 24 283 1
28 32 528 1
32 28 528 1
37 81 336 1
81 37 336 1
39 54 618 1
54 39 618 1
80 111 747 1
111 80 747 1
4 7 733 1
7 4 733 1
6 8 485 1
8 6 485 1
5 6 733 1
6 5 733 1
14 82 179 1
82 14 179 1
33 74 480 1
74 33 480 1
79 85 260 1
85 79 260 1
92 102 211 1
102 92 211 1
1 61 385 1
61 1 385 1
59 102 1214 1
102 59 1214 1
85 111 651 1
111 85 651 1
5 25 129 1
25 5 129 1
0 16 380 1
16 0 380 1
3 19 382 1
19 3 382 1
17 28 894 1
28 17 894 1
75 82 661 1
82 75 661 1
7 9 490 1
9 7 490 1
23 24 403 1
24 23 403 1
55 98 606 1
98 55 606 1
60 65 898 1
65 60 898 1
80 85 1121 1
85 80 1121 1
17 29 223 1
29 17 223 1
18 28 651 1
28 18 651 1
63 113 947 1
113 63 947 1
59 91 926 1
91 59 926 1
66 102 974 1
102 66 974 1
8 10 505 1
10 8 505 1
17 56 1024 1
56 17 1024 1
32 74 456 1
74 32 456 1
49 53 406 1
53 49 406 1
4 12 434 1
12 4 434 1
23 27 506 1
27 23 506 1
28 98 715 1
98 28 715 1
67 102 981 1
102 67 981 1
67 105 903 1
105 67 903 1
81 98 940 1
98 81 940 1
82 88 444 1
88 82 444 1
36 99 637 1
99 36 637 1
100 106 280 1
106 100 280 1
5 7 538 1
7 5 538 1
9 35 1031 1
35 9 1031 1
13 15 277 1
15 13 277 1
74 81 792 1
81 74 792 1
88 110 590 1
110 88 590 1
107 108 333 1
108 107 333 1
10 13 1004 1
13 10 1004 1
38 41 513 1
41 38 513 1
58 102 1067 1
102 58 1067 1
13 31 424 1
31 13 424 1
17 74 721 1
74 17 721 1
28 38 358 1
38 28 358 1
29 41 234 1
41 29 234 1
29 63 531 1
63 29 531 1
32 81 728 1
81 32 728 1
4 10 570 1
10 4 570 1
29 83 227 1
83 29 227 1
29 81 342 1
81 29 342 1
31 83 561 1
83 31 561 1
69 93 1169 1
93 69 1169 1
100 107 640 1
107 100 640 1
17 79 135 1
79 17 135 1
22 89 1126 1
89 22 1126 1
37 78 740 1
78 37 740 1
41 83 252 1
83 41 252 1
47 55 367 1
55 47 367 1
101 105 274 1
105 101 274 1
10 22 580 1
22 10 580 1
15 35 881 1
35 15 881 1
56 63 1014 1
63 56 1014 1
66 115 807 1
115 66 807 1
7 8 828 1
8 7 828 1
57 81 488 1
81 57 488 1
74 80 415 1
80 74 415 1
18 68 315 1
68 18 315 1
35 65 453 1
65 35 453 1
80 98 568 1
98 80 568 1
1 17 391 1
17 1 391 1
14 18 837 1
18 14 837 1
37 55 221 1
55 37 221 1
38 110 451 1
110 38 451 1
1 51 787 1
51 1 787 1
21 31 344 1
31 21 344 1
45 64 610 1
64 45 610 1
26 50 1256 1
50 26 1256 1
32 57 493 1
57 32 493 1
39 94 407 1
94 39 407 1
6 58 957 1
58 6 957 1
27 43 1124 1
43 27 1124 1
29 75 189 1
75 29 189 1
53 115 576 1
115 53 576 1
97 99 180 1
99 97 180 1
16 56 380 1
56 16 380 1
40 79 762 1
79 40 762 1
48 105 862 1
105 48 862 1
61 62 1047 1
62 61 1047 1
29 31 454 1
31 29 454 1
39 112 619 1
112 39 619 1
55 86 895 1
86 55 895 1
56 81 1090 1
81 56 1090 1
103 107 239 1
107 103 239 1
41 75 187 1
75 41 187 1
8 35 1046 1
35 8 1046 1
29 111 842 1
111 29 842 1
57 59 382 1
59 57 382 1
38 75 499 1
75 38 499 1
43 111 293 1
111 43 293 1
78 83 999 1
83 78 999 1
92 114 349 1
114 92 349 1
95 115 205 1
115 95 205 1
28 82 255 1
82 28 255 1
32 78 484 1
78 32 484 1
36 38 122 1
38 36 122 1
40 85 900 1
85 40 900 1
100 104 240 1
104 100 240 1
103 106 532 1
106 103 532 1
16 78 122 1
78 16 122 1
23 26 522 1
26 23 522 1
14 22 562 1
22 14 562 1
33 78 590 1
78 33 590 1
72 81 860 1
81 72 860 1
78 96 453 1
96 78 453 1
2 7 566 1
7 2 566 1
5 24 252 1
24 5 252 1
16 29 882 1
29 16 882 1
89 96 700 1
96 89 700 1
0 60 405 1
60 0 405 1
21 73 247 1
73 21 247 1
51 52 786 1
52 51 786 1
113 114 95 1
114 113 95 1
16 38 439 1
38 16 439 1
28 81 975 1
81 28 975 1
29 60 1067 1
60 29 1067 1
82 87 849 1
87 82 849 1
13 62 1248 1
62 13 1248 1
18 38 861 1
38 18 861 1
54 73 776 1
73 54 776 1
92 94 455 1
94 92 455 1
4 26 161 1
26 4 161 1
7 90 1390 1
90 7 1390 1
10 50 948 1
50 10 948 1
43 84 824 1
84 43 824 1
53 101 452 1
101 53 452 1
69 70 750 1
70 69 750 1
79 83 420 1
83 79 420 1
56 68 408 1
68 56 408 1
96 111 286 1
111 96 286 1
7 67 937 1
67 7 937 1
10 11 986 1
11 10 986 1
29 62 1067 1
62 29 1067 1
34 73 620 1
73 34 620 1
55 109 337 1
109 55 337 1
96 99 428 1
99 96 428 1
100 105 430 1
105 100 430 1
17 81 182 1
81 17 182 1
94 108 97 1
108 94 97 1
27 89 807 1
89 27 807 1
54 98 204 1
98 54 204 1
66 70 775 1
70 66 775 1
16 81 1063 1
81 16 1063 1
24 110 1066 1
110 24 1066 1
30 32 574 1
32 30 574 1
60 63 1021 1
63 60 1021 1
102 115 318 1
115 102 318 1
9 45 1389 1
45 9 1389 1
30 84 877 1
84 30 877 1
35 112 561 1
112 35 561 1
42 111 258 1
111 42 258 1
50 70 943 1
70 50 943 1
33 81 613 1
81 33 613 1
39 97 289 1
97 39 289 1
90 93 690 1
93 90 690 1
0 57 825 1
57 0 825 1
15 60 1288 1
60 15 1288 1
13 29 290 1
29 13 290 1
31 64 1128 1
64 31 1128 1
25 31 272 1
31 25 272 1
28 83 861 1
83 28 861 1
63 80 1146 1
80 63 1146 1
9 101 1217 1
101 9 1217 1
25 30 292 1
30 25 292 1
31 35 790 1
35 31 790 1
40 111 707 1
111 40 707 1
88 96 385 1
96 88 385 1
6 50 1151 1
50 6 1151 1
71 75 163 1
75 71 163 1
7 13 237 1
13 7 237 1
11 17 224 1
17 11 224 1
58 60 266 1
60 58 266 1
52 59 956 1
59 52 956 1
17 36 828 1
36 17 828 1
29 79 257 1
79 29 257 1
40 84 485 1
84 40 485 1
67 70 784 1
70 67 784 1
3 92 1420 1
92 3 1420 1
32 40 629 1
40 32 629 1
34 85 678 1
85 34 678 1
61 102 1213 1
102 61 1213 1
82 98 761 1
98 82 761 1
7 61 813 1
61 7 813 1
13 33 629 1
33 13 629 1
40 56 722 1
56 40 722 1
66 90 828 1
90 66 828 1
34 76 309 1
76 34 309 1
35 44 409 1
44 35 409 1
70 92 982 1
92 70 982 1
74 75 389 1
75 74 389 1
11 85 574 1
85 11 574 1
32 76 341 1
76 32 341 1
43 46 341 1
46 43 341 1
51 91 505 1
91 51 505 1
33 72 507 1
72 33 507 1
69 92 1197 1
92 69 1197 1
6 12 248 1
12 6 248 1
41 62 1018 1
62 41 1018 1
33 36 610 1
36 33 610 1
91 93 118 1
93 91 118 1
48 115 731 1
115 48 731 1
45 101 807 1
101 45 807 1
14 15 772 1
15 14 772 1
18 80 767 1
80 18 767 1
86 88 460 1
88 86 460 1
91 102 669 1
102 91 669 1
8 24 258 1
24 8 258 1
87 96 843 1
96 87 843 1
9 65 1235 1
65 9 1235 1
13 64 1328 1
64 13 1328 1
68 105 1200 1
105 68 1200 1
52 57 1117 1
57 52 1117 1
48 101 937 1
101 48 937 1
4 23 506 1
23 4 506 1
7 53 1223 1
53 7 1223 1
36 47 622 1
47 36 622 1
13 75 440 1
75 13 440 1
16 18 646 1
18 16 646 1
24 64 1287 1
64 24 1287 1
25 50 1404 1
50 25 1404 1
30 35 784 1
35 30 784 1
46 76 517 1
76 46 517 1
50 105 813 1
105 50 813 1
78 99 844 1
99 78 844 1
2 31 377 1
31 2 377 1
8 23 562 1
23 8 562 1
37 79 267 1
79 37 267 1
81 96 799 1
96 81 799 1
34 36 459 1
36 34 459 1
39 89 325 1
89 39 325 1
62 80 268 1
80 62 268 1
70 73 402 1
73 70 402 1
14 28 286 1
28 14 286 1
38 87 730 1
87 38 730 1
33 84 801 1
84 33 801 1
40 82 231 1
82 40 231 1
46 73 842 1
73 46 842 1
66 77 590 1
77 66 590 1
85 89 220 1
89 85 220 1
91 92 669 1
92 91 669 1
21 38 458 1
38 21 458 1
33 62 690 1
62 33 690 1
37 41 217 1
41 37 217 1
37 75 239 1
75 37 239 1
43 50 494 1
50 43 494 1
66 105 960 1
105 66 960 1
68 90 1109 1
90 68 1109 1
1 99 923 1
99 1 923 1
14 23 650 1
23 14 650 1
67 115 767 1
115 67 767 1
92 103 574 1
103 92 574 1
96 110 214 1
110 96 214 1
9 102 1277 1
102 9 1277 1
18 84 897 1
84 18 897 1
28 31 545 1
31 28 545 1
82 85 1121 1
85 82 1121 1
0 12 517 1
12 0 517 1
31 41 528 1
41 31 528 1
56 78 391 1
78 56 391 1
58 93 1138 1
93 58 1138 1
86 110 816 1
110 86 816 1
91 112 368 1
112 91 368 1
8 15 741 1
15 8 741 1
13 16 1048 1
16 13 1048 1
37 40 562 1
40 37 562 1
38 74 265 1
74 38 265 1
51 90 888 1
90 51 888 1
53 67 640 1
67 53 640 1
55 77 412 1
77 55 412 1
83 84 1154 1
84 83 1154 1
0 11 958 1
11 0 958 1
21 77 387 1
77 21 387 1
38 97 469 1
97 38 469 1
90 99 615 1
99 90 615 1
99 113 264 1
113 99 264 1
2 64 992 1
64 2 992 1
32 75 514 1
75 32 514 1
37 82 780 1
82 37 780 1
52 68 984 1
68 52 984 1
55 94 428 1
94 55 428 1
63 65 312 1
65 63 312 1
87 94 753 1
94 87 753 1
52 58 705 1
58 52 705 1
74 84 507 1
84 74 507 1
82 86 143 1
86 82 143 1
24 50 1395 1
50 24 1395 1
56 113 1026 1
113 56 1026 1
7 58 1136 1
58 7 1136 1
21 35 666 1
35 21 666 1
71 109 576 1
109 71 576 1
16 79 934 1
79 16 934 1
18 22 537 1
22 18 537 1
18 30 564 1
30 18 564 1
30 64 1064 1
64 30 1064 1
37 77 246 1
77 37 246 1
56 114 997 1
114 56 997 1
74 79 666 1
79 74 666 1
74 83 697 1
83 74 697 1
100 108 467 1
108 100 467 1
3 45 1118 1
45 3 1118 1
3 93 1309 1
93 3 1309 1
15 29 295 1
29 15 295 1
29 65 759 1
65 29 759 1
53 93 353 1
93 53 353 1
58 67 368 1
67 58 368 1
91 99 166 1
99 91 166 1
15 82 832 1
82 15 832 1
32 56 384 1
56 32 384 1
42 45 300 1
45 42 300 1
49 90 859 1
90 49 859 1
69 115 1010 1
115 69 1010 1
76 94 331 1
94 76 331 1
0 17 982 1
17 0 982 1
5 22 506 1
22 5 506 1
25 89 956 1
89 25 956 1
43 44 290 1
44 43 290 1
48 52 415 1
52 48 415 1
63 79 303 1
79 63 303 1
74 108 474 1
108 74 474 1
85 96 743 1
96 85 743 1
2 50 1192 1
50 2 1192 1
12 16 384 1
16 12 384 1
14 88 613 1
88 14 613 1
15 38 793 1
38 15 793 1
21 26 271 1
26 21 271 1
44 64 436 1
64 44 436 1
50 69 818 1
69 50 818 1
61 113 968 1
113 61 968 1
68 91 1170 1
91 68 1170 1
17 83 381 1
83 17 381 1
56 62 252 1
62 56 252 1
3 112 1257 1
112 3 1257 1
22 84 1027 1
84 22 1027 1
28 111 842 1
111 28 842 1
38 98 432 1
98 38 432 1
39 110 466 1
110 39 466 1
64 83 1303 1
83 64 1303 1
68 80 778 1
80 68 778 1
84 99 865 1
99 84 865 1
2 8 554 1
8 2 554 1
22 82 706 1
82 22 706 1
29 71 259 1
71 29 259 1
48 53 654 1
53 48 654 1
10 74 381 1
74 10 381 1
14 74 378 1
74 14 378 1
33 60 632 1
60 33 632 1
33 63 547 1
63 33 547 1
48 90 628 1
90 48 628 1
62 79 1049 1
79 62 1049 1
70 105 847 1
105 70 847 1
1 62 1027 1
62 1 1027 1
3 100 1385 1
100 3 1385 1
46 99 446 1
99 46 446 1
52 54 402 1
54 52 402 1
53 61 678 1
61 53 678 1
0 75 786 1
75 0 786 1
3 67 879 1
67 3 879 1
11 29 239 1
29 11 239 1
12 30 419 1
30 12 419 1
16 75 702 1
75 16 702 1
74 82 336 1
82 74 336 1
90 92 135 1
92 90 135 1
2 22 228 1
22 2 228 1
10 75 732 1
75 10 732 1
32 77 383 1
77 32 383 1
34 64 445 1
64 34 445 1
14 83 858 1
83 14 858 1
29 74 571 1
74 29 571 1
39 87 370 1
87 39 370 1
89 110 588 1
110 89 588 1
1 11 394 1
11 1 394 1
4 101 1261 1
101 4 1261 1
8 101 1359 1
101 8 1359 1
18 98 1066 1
98 18 1066 1
66 76 556 1
76 66 556 1
74 85 839 1
85 74 839 1
2 24 548 1
24 2 548 1
20 46 831 1
46 20 831 1
24 45 1393 1
45 24 1393 1
49 58 594 1
58 49 594 1
67 101 953 1
101 67 953 1
74 78 322 1
78 74 322 1
94 109 127 1
109 94 127 1
1 16 963 1
16 1 963 1
11 28 875 1
28 11 875 1
34 43 397 1
43 34 397 1
72 75 453 1
75 72 453 1
2 26 618 1
26 2 618 1
12 75 743 1
75 12 743 1
29 64 1119 1
64 29 1119 1
61 106 1151 1
106 61 1151 1
66 92 904 1
92 66 904 1
74 76 203 1
76 74 203 1
84 96 441 1
96 84 441 1
20 76 380 1
76 20 380 1
37 98 666 1
98 37 666 1
39 41 161 1
41 39 161 1
1 91 1007 1
91 1 1007 1
4 14 255 1
14 4 255 1
4 15 597 1
15 4 597 1
6 66 934 1
66 6 934 1
20 109 557 1
109 20 557 1
30 82 534 1
82 30 534 1
48 67 417 1
67 48 417 1
56 98 821 1
98 56 821 1
57 58 735 1
58 57 735 1
78 85 1017 1
85 78 1017 1
82 110 802 1
110 82 802 1
4 22 457 1
22 4 457 1
12 22 481 1
22 12 481 1
13 17 364 1
17 13 364 1
26 35 893 1
35 26 893 1
28 84 456 1
84 28 456 1
37 39 117 1
39 37 117 1
42 50 271 1
50 42 271 1
46 96 270 1
96 46 270 1
56 72 566 1
72 56 566 1
76 109 320 1
109 76 320 1
5 64 1350 1
64 5 1350 1
28 73 629 1
73 28 629 1
36 56 615 1
56 36 615 1
47 63 665 1
63 47 665 1
61 108 835 1
108 61 835 1
81 99 581 1
99 81 581 1
4 67 1210 1
67 4 1210 1
4 70 430 1
70 4 430 1
7 65 934 1
65 7 934 1
32 60 487 1
60 32 487 1
33 111 803 1
111 33 803 1
77 87 602 1
87 77 602 1
102 103 508 1
103 102 508 1
14 16 483 1
16 14 483 1
15 41 349 1
41 15 349 1
58 70 871 1
70 58 871 1
86 97 801 1
97 86 801 1
105 107 233 1
107 105 233 1
1 33 355 1
33 1 355 1
5 45 1343 1
45 5 1343 1
6 67 991 1
67 6 991 1
6 93 1425 1
93 6 1425 1
16 33 609 1
33 16 609 1
18 41 854 1
41 18 854 1
54 89 853 1
89 54 853 1
56 79 965 1
79 56 965 1
70 102 879 1
102 70 879 1
0 2 460 1
2 0 460 1
9 67 1237 1
67 9 1237 1
11 31 475 1
31 11 475 1
12 88 689 1
88 12 689 1
18 83 953 1
83 18 953 1
18 36 784 1
36 18 784 1
19 105 1190 1
105 19 1190 1
18 96 925 1
96 18 925 1
70 76 285 1
76 70 285 1
79 84 1035 1
84 79 1035 1
21 39 356 1
39 21 356 1
28 41 661 1
41 28 661 1
36 55 626 1
55 36 626 1
37 80 842 1
80 37 842 1
84 88 224 1
88 84 224 1
10 64 755 1
64 10 755 1
16 60 498 1
60 16 498 1
18 75 668 1
75 18 668 1
30 111 1066 1
111 30 1066 1
54 76 415 1
76 54 415 1
69 114 1057 1
114 69 1057 1
72 79 733 1
79 72 733 1
79 113 788 1
113 79 788 1
104 113 229 1
113 104 229 1
2 5 685 1
5 2 685 1
3 110 994 1
110 3 994 1
12 28 275 1
28 12 275 1
18 78 674 1
78 18 674 1
30 110 901 1
110 30 901 1
50 101 936 1
101 50 936 1
60 64 187 1
64 60 187 1
75 77 210 1
77 75 210 1
75 98 773 1
98 75 773 1
80 99 917 1
99 80 917 1
1 60 923 1
60 1 923 1
6 101 1437 1
101 6 1437 1
20 70 213 1
70 20 213 1
21 27 209 1
27 21 209 1
32 79 600 1
79 32 600 1
43 45 199 1
45 43 199 1
45 112 552 1
112 45 552 1
62 81 1169 1
81 62 1169 1
90 97 593 1
97 90 593 1
7 70 592 1
70 7 592 1
38 112 604 1
112 38 604 1
55 88 845 1
88 55 845 1
93 115 401 1
115 93 401 1
9 92 1428 1
92 9 1428 1
20 55 690 1
55 20 690 1
30 36 645 1
36 30 645 1
50 93 862 1
93 50 862 1
94 107 417 1
107 94 417 1
5 93 1207 1
93 5 1207 1
20 72 238 1
72 20 238 1
38 109 342 1
109 38 342 1
41 60 1058 1
60 41 1058 1
55 73 498 1
73 55 498 1
86 107 792 1
107 86 792 1
7 45 1151 1
45 7 1151 1
9 24 385 1
24 9 385 1
9 44 1434 1
44 9 1434 1
11 75 388 1
75 11 388 1
16 30 615 1
30 16 615 1
18 74 626 1
74 18 626 1
26 89 900 1
89 26 900 1
27 85 894 1
85 27 894 1
60 74 699 1
74 60 699 1
70 77 376 1
77 70 376 1
80 114 765 1
114 80 765 1
9 93 1250 1
93 9 1250 1
51 58 753 1
58 51 753 1
81 82 1081 1
82 81 1081 1
0 6 417 1
6 0 417 1
4 25 258 1
25 4 258 1
39 109 356 1
109 39 356 1
40 76 327 1
76 40 327 1
46 111 189 1
111 46 189 1
67 94 677 1
94 67 677 1
106 108 322 1
108 106 322 1
58 68 392 1
68 58 392 1
60 75 915 1
75 60 915 1
72 77 430 1
77 72 430 1
5 70 530 1
70 5 530 1
62 83 1241 1
83 62 1241 1
69 90 1119 1
90 69 1119 1
91 101 197 1
101 91 197 1
0 10 381 1
10 0 381 1
5 67 1194 1
67 5 1194 1
20 29 497 1
29 20 497 1
48 103 924 1
103 48 924 1
75 78 667 1
78 75 667 1
37 74 520 1
74 37 520 1
48 69 703 1
69 48 703 1
55 107 232 1
107 55 232 1
56 111 893 1
111 56 893 1
59 68 484 1
68 59 484 1
80 96 505 1
96 80 505 1
82 89 1043 1
89 82 1043 1
8 45 1422 1
45 8 1422 1
12 31 545 1
31 12 545 1
31 65 1062 1
65 31 1062 1
40 75 477 1
75 40 477 1
45 67 282 1
67 45 282 1
60 82 905 1
82 60 905 1
70 100 918 1
100 70 918 1
7 92 1445 1
92 7 1445 1
21 34 706 1
34 21 706 1
37 109 343 1
109 37 343 1
49 105 843 1
105 49 843 1
75 84 839 1
84 75 839 1
83 96 859 1
96 83 859 1
104 105 204 1
105 104 204 1
9 26 419 1
26 9 419 1
15 61 998 1
61 15 998 1
22 30 218 1
30 22 218 1
43 99 372 1
99 43 372 1
57 78 938 1
78 57 938 1
68 81 913 1
81 68 913 1
10 110 856 1
110 10 856 1
22 50 1336 1
50 22 1336 1
30 83 641 1
83 30 641 1
36 62 525 1
62 36 525 1
47 81 624 1
81 47 624 1
58 61 717 1
61 58 717 1
58 91 1077 1
91 58 1077 1
59 69 338 1
69 59 338 1
92 113 313 1
113 92 313 1
106 113 395 1
113 106 395 1
3 69 687 1
69 3 687 1
15 28 819 1
28 15 819 1
36 46 482 1
46 36 482 1
82 111 920 1
111 82 920 1
31 60 1021 1
60 31 1021 1
44 101 868 1
101 44 868 1
57 69 378 1
69 57 378 1
86 96 642 1
96 86 642 1
18 111 1051 1
111 18 1051 1
34 37 540 1
37 34 540 1
46 54 354 1
54 46 354 1
53 58 934 1
58 53 934 1
56 60 232 1
60 56 232 1
29 73 113 1
73 29 113 1
29 98 934 1
98 29 934 1
30 41 563 1
41 30 563 1
83 99 770 1
99 83 770 1
3 101 1324 1
101 3 1324 1
17 61 534 1
61 17 534 1
70 115 709 1
115 70 709 1
20 38 349 1
38 20 349 1
25 45 1358 1
45 25 1358 1
28 79 847 1
79 28 847 1
30 38 642 1
38 30 642 1
30 96 854 1
96 30 854 1
31 71 265 1
71 31 265 1
53 92 739 1
92 53 739 1
61 64 928 1
64 61 928 1
1 7 452 1
7 1 452 1
2 60 843 1
60 2 843 1
13 28 892 1
28 13 892 1
16 82 421 1
82 16 421 1
21 29 329 1
29 21 329 1
33 77 332 1
77 33 332 1
37 73 278 1
73 37 278 1
0 28 492 1
28 0 492 1
28 47 900 1
47 28 900 1
46 72 723 1
72 46 723 1
59 115 981 1
115 59 981 1
68 87 1214 1
87 68 1214 1
6 13 864 1
13 6 864 1
17 78 955 1
78 17 955 1
30 71 303 1
71 30 303 1
53 66 763 1
66 53 763 1
33 71 374 1
71 33 374 1
45 100 889 1
100 45 889 1
104 108 301 1
108 104 301 1
8 110 1076 1
110 8 1076 1
25 35 978 1
35 25 978 1
0 63 1010 1
63 0 1010 1
8 12 346 1
12 8 346 1
11 83 383 1
83 11 383 1
55 99 216 1
99 55 216 1
57 91 921 1
91 57 921 1
16 98 666 1
98 16 666 1
41 82 687 1
82 41 687 1
3 35 775 1
35 3 775 1
28 34 618 1
34 28 618 1
28 37 709 1
37 28 709 1
30 34 790 1
34 30 790 1
31 32 596 1
32 31 596 1
46 71 860 1
71 46 860 1
47 78 767 1
78 47 767 1
49 115 753 1
115 49 753 1
30 60 957 1
60 30 957 1
42 99 482 1
99 42 482 1
54 99 587 1
99 54 587 1
56 74 591 1
74 56 591 1
1 59 541 1
59 1 541 1
10 15 968 1
15 10 968 1
11 74 727 1
74 11 727 1
12 61 1246 1
61 12 1246 1
15 40 725 1
40 15 725 1
29 37 304 1
37 29 304 1
32 36 555 1
36 32 555 1
56 95 883 1
95 56 883 1
68 97 933 1
97 68 933 1
75 96 592 1
96 75 592 1
21 41 236 1
41 21 236 1
21 55 604 1
55 21 604 1
30 88 865 1
88 30 865 1
36 41 570 1
41 36 570 1
41 64 1081 1
64 41 1081 1
47 80 841 1
80 47 841 1
56 85 1128 1
85 56 1128 1
71 72 402 1
72 71 402 1
86 105 797 1
105 86 797 1
5 88 1026 1
88 5 1026 1
8 22 480 1
22 8 480 1
13 14 902 1
14 13 902 1
22 35 922 1
35 22 922 1
37 89 294 1
89 37 294 1
51 61 458 1
61 51 458 1
63 81 293 1
81 63 293 1
0 74 551 1
74 0 551 1
8 93 1382 1
93 8 1382 1
12 74 431 1
74 12 431 1
31 74 479 1
74 31 479 1
54 96 167 1
96 54 167 1
78 82 455 1
82 78 455 1
102 108 413 1
108 102 413 1
0 33 480 1
33 0 480 1
7 100 1408 1
100 7 1408 1
17 33 512 1
33 17 512 1
20 75 348 1
75 20 348 1
32 109 589 1
109 32 589 1
83 87 158 1
87 83 158 1
3 64 1134 1
64 3 1134 1
9 23 475 1
23 9 475 1
17 113 917 1
113 17 917 1
40 99 752 1
99 40 752 1
46 106 508 1
106 46 508 1
87 107 525 1
107 87 525 1
7 91 1186 1
91 7 1186 1
41 88 824 1
88 41 824 1
45 93 714 1
93 45 714 1
52 98 272 1
98 52 272 1
101 115 407 1
115 101 407 1
7 93 1261 1
93 7 1261 1
45 110 453 1
110 45 453 1
59 100 1223 1
100 59 1223 1
74 95 497 1
95 74 497 1
5 101 1174 1
101 5 1174 1
15 31 431 1
31 15 431 1
17 65 592 1
65 17 592 1
27 105 897 1
105 27 897 1
30 40 513 1
40 30 513 1
49 106 982 1
106 49 982 1
59 105 1100 1
105 59 1100 1
73 109 538 1
109 73 538 1
79 111 717 1
111 79 717 1
0 62 386 1
62 0 386 1
15 74 683 1
74 15 683 1
17 85 352 1
85 17 352 1
33 57 394 1
57 33 394 1
55 74 679 1
74 55 679 1
31 40 592 1
40 31 592 1
34 46 395 1
46 34 395 1
39 96 494 1
96 39 494 1
44 46 353 1
46 44 353 1
52 102 475 1
102 52 475 1
53 100 830 1
100 53 830 1
60 88 724 1
88 60 724 1
72 111 772 1
111 72 772 1
79 98 871 1
98 79 871 1
2 10 438 1
10 2 438 1
25 47 1189 1
47 25 1189 1
26 43 1155 1
43 26 1155 1
26 110 904 1
110 26 904 1
28 76 345 1
76 28 345 1
31 63 863 1
63 31 863 1
17 89 445 1
89 17 445 1
33 79 486 1
79 33 486 1
100 115 381 1
115 100 381 1
2 30 317 1
30 2 317 1
85 114 680 1
114 85 680 1
92 108 488 1
108 92 488 1
0 18 364 1
18 0 364 1
7 59 970 1
59 7 970 1
47 82 1007 1
82 47 1007 1
4 93 1288 1
93 4 1288 1
34 50 475 1
50 34 475 1
37 84 862 1
84 37 862 1
38 47 654 1
47 38 654 1
54 88 224 1
88 54 224 1
60 113 938 1
113 60 938 1
77 94 396 1
94 77 396 1
28 60 684 1
60 28 684 1
48 68 728 1
68 48 728 1
57 79 431 1
79 57 431 1
97 113 312 1
113 97 312 1
8 13 868 1
13 8 868 1
29 56 983 1
56 29 983 1
34 77 351 1
77 34 351 1
39 103 503 1
103 39 503 1
66 101 1048 1
101 66 1048 1
86 100 753 1
100 86 753 1
11 63 488 1
63 11 488 1
12 35 895 1
35 12 895 1
18 112 1158 1
112 18 1158 1
34 96 428 1
96 34 428 1
72 98 675 1
98 72 675 1
74 104 675 1
104 74 675 1
94 100 422 1
100 94 422 1
19 23 597 1
23 19 597 1
23 85 1053 1
85 23 1053 1
40 41 506 1
41 40 506 1
45 92 789 1
92 45 789 1
66 94 692 1
94 66 692 1
1 65 536 1
65 1 536 1
8 65 1425 1
65 8 1425 1
33 76 380 1
76 33 380 1
62 65 1049 1
65 62 1049 1
75 83 351 1
83 75 351 1
10 82 401 1
82 10 401 1
14 64 1035 1
64 14 1035 1
21 109 565 1
109 21 565 1
34 38 552 1
38 34 552 1
34 78 466 1
78 34 466 1
36 75 517 1
75 36 517 1
41 74 484 1
74 41 484 1
57 90 1197 1
90 57 1197 1
13 41 490 1
41 13 490 1
55 76 571 1
76 55 571 1
59 92 1150 1
92 59 1150 1
63 83 697 1
83 63 697 1
63 99 719 1
99 63 719 1
66 100 968 1
100 66 968 1
10 88 586 1
88 10 586 1
17 40 824 1
40 17 824 1
47 97 280 1
97 47 280 1
7 64 1244 1
64 7 1244 1
16 109 631 1
109 16 631 1
24 89 1045 1
89 24 1045 1
34 44 373 1
44 34 373 1
37 88 804 1
88 37 804 1
55 104 526 1
104 55 526 1
62 113 914 1
113 62 914 1
14 41 702 1
41 14 702 1
17 72 781 1
72 17 781 1
18 47 993 1
47 18 993 1
19 81 772 1
81 19 772 1
40 73 549 1
73 40 549 1
47 75 674 1
75 47 674 1
59 93 1026 1
93 59 1026 1
62 75 893 1
75 62 893 1
41 65 845 1
65 41 845 1
9 100 1346 1
100 9 1346 1
19 110 862 1
110 19 862 1
38 65 995 1
65 38 995 1
49 50 585 1
50 49 585 1
50 51 698 1
51 50 698 1
54 97 484 1
97 54 484 1
62 98 668 1
98 62 668 1
108 113 292 1
113 108 292 1
11 43 952 1
43 11 952 1
37 96 506 1
96 37 506 1
46 97 424 1
97 46 424 1
51 114 700 1
114 51 700 1
63 89 569 1
89 63 569 1
63 98 1024 1
98 63 1024 1
67 90 867 1
90 67 867 1
76 95 396 1
95 76 396 1
80 109 607 1
109 80 607 1
85 98 861 1
98 85 861 1
50 58 486 1
58 50 486 1
63 106 1106 1
106 63 1106 1
91 113 366 1
113 91 366 1
11 47 921 1
47 11 921 1
68 103 1277 1
103 68 1277 1
86 94 606 1
94 86 606 1
0 41 952 1
41 0 952 1
9 50 1509 1
50 9 1509 1
11 65 770 1
65 11 770 1
40 42 830 1
42 40 830 1
48 54 669 1
54 48 669 1
2 70 412 1
70 2 412 1
14 17 996 1
17 14 996 1
18 23 573 1
23 18 573 1
49 93 719 1
93 49 719 1
62 89 1215 1
89 62 1215 1
7 115 1091 1
115 7 1091 1
29 38 680 1
38 29 680 1
45 50 474 1
50 45 474 1
46 77 585 1
77 46 585 1
53 103 508 1
103 53 508 1
80 87 1107 1
87 80 1107 1
8 112 1273 1
112 8 1273 1
34 75 559 1
75 34 559 1
34 84 580 1
84 34 580 1
60 83 1265 1
83 60 1265 1
63 74 885 1
74 63 885 1
69 103 1214 1
103 69 1214 1
85 87 616 1
87 85 616 1
10 16 218 1
16 10 218 1
21 87 397 1
87 21 397 1
30 98 1029 1
98 30 1029 1
48 102 819 1
102 48 819 1
93 94 560 1
94 93 560 1
94 102 378 1
102 94 378 1
36 76 232 1
76 36 232 1
51 106 972 1
106 51 972 1
52 62 619 1
62 52 619 1
54 101 738 1
101 54 738 1
20 37 510 1
37 20 510 1
36 54 228 1
54 36 228 1
37 72 595 1
72 37 595 1
39 105 458 1
105 39 458 1
1 52 1206 1
52 1 1206 1
15 42 1223 1
42 15 1223 1
16 41 813 1
41 16 813 1
17 30 703 1
30 17 703 1
18 25 840 1
25 18 840 1
43 83 972 1
83 43 972 1
60 77 735 1
77 60 735 1
84 89 1110 1
89 84 1110 1
87 113 899 1
113 87 899 1
92 104 310 1
104 92 310 1
11 62 1169 1
62 11 1169 1
13 30 546 1
30 13 546 1
16 37 809 1
37 16 809 1
27 86 519 1
86 27 519 1
47 110 210 1
110 47 210 1
58 77 753 1
77 58 753 1
79 96 717 1
96 79 717 1
1 90 1264 1
90 1 1264 1
16 96 566 1
96 16 566 1
29 47 768 1
47 29 768 1
32 73 550 1
73 32 550 1
56 83 1181 1
83 56 1181 1
2 9 760 1
9 2 760 1
12 110 967 1
110 12 967 1
29 76 555 1
76 29 555 1
29 99 709 1
99 29 709 1
30 81 847 1
81 30 847 1
33 85 703 1
85 33 703 1
35 61 480 1
61 35 480 1
44 47 404 1
47 44 404 1
55 78 841 1
78 55 841 1
64 110 621 1
110 64 621 1
2 14 572 1
14 2 572 1
4 110 1015 1
110 4 1015 1
10 23 699 1
23 10 699 1
17 111 850 1
111 17 850 1
26 41 487 1
41 26 487 1
26 64 1183 1
64 26 1183 1
32 71 466 1
71 32 466 1
35 101 778 1
101 35 778 1
102 106 217 1
106 102 217 1
6 102 1207 1
102 6 1207 1
20 30 328 1
30 20 328 1
20 41 386 1
41 20 386 1
21 96 648 1
96 21 648 1
30 80 748 1
80 30 748 1
46 78 577 1
78 46 577 1
48 100 791 1
100 48 791 1
97 98 437 1
98 97 437 1
0 32 356 1
32 0 356 1
25 34 1006 1
34 25 1006 1
30 85 964 1
85 30 964 1
58 115 947 1
115 58 947 1
97 115 218 1
115 97 218 1
109 115 211 1
115 109 211 1
4 13 743 1
13 4 743 1
5 89 870 1
89 5 870 1
36 73 600 1
73 36 600 1
48 91 808 1
91 48 808 1
89 104 710 1
104 89 710 1
95 102 514 1
102 95 514 1
25 96 984 1
96 25 984 1
44 111 448 1
111 44 448 1
52 80 618 1
80 52 618 1
54 103 653 1
103 54 653 1
2 41 826 1
41 2 826 1
20 39 459 1
39 20 459 1
37 104 610 1
104 37 610 1
49 68 752 1
68 49 752 1
62 64 300 1
64 62 300 1
1 83 729 1
83 1 729 1
18 57 564 1
57 18 564 1
31 84 971 1
84 31 971 1
37 76 441 1
76 37 441 1
40 47 783 1
47 40 783 1
40 95 491 1
95 40 491 1
70 103 965 1
103 70 965 1
75 109 462 1
109 75 462 1
6 10 299 1
10 6 299 1
8 67 1258 1
67 8 1258 1
16 40 399 1
40 16 399 1
21 60 1000 1
60 21 1000 1
24 84 1013 1
84 24 1013 1
36 63 945 1
63 36 945 1
58 101 1214 1
101 58 1214 1
66 103 1026 1
103 66 1026 1
86 104 694 1
104 86 694 1
6 9 834 1
9 6 834 1
28 71 506 1
71 28 506 1
30 78 663 1
78 30 663 1
62 74 590 1
74 62 590 1
91 100 719 1
100 91 719 1
22 64 1169 1
64 22 1169 1
25 111 1192 1
111 25 1192 1
73 94 596 1
94 73 596 1
3 15 589 1
15 3 589 1
17 98 995 1
98 17 995 1
18 39 896 1
39 18 896 1
36 97 483 1
97 36 483 1
51 115 716 1
115 51 716 1
11 30 584 1
30 11 584 1
0 72 516 1
72 0 516 1
11 12 972 1
12 11 972 1
19 57 426 1
57 19 426 1
27 34 903 1
34 27 903 1
41 110 601 1
110 41 601 1
49 69 641 1
69 49 641 1
52 63 1131 1
63 52 1131 1
52 66 667 1
66 52 667 1
88 98 408 1
98 88 408 1
17 18 752 1
18 17 752 1
31 62 966 1
62 31 966 1
33 98 856 1
98 33 856 1
4 31 397 1
31 4 397 1
16 32 504 1
32 16 504 1
21 28 487 1
28 21 487 1
31 82 641 1
82 31 641 1
40 60 806 1
60 40 806 1
46 98 212 1
98 46 212 1
67 86 1148 1
86 67 1148 1
1 28 918 1
28 1 918 1
1 95 815 1
95 1 815 1
1 113 1104 1
113 1 1104 1
12 41 846 1
41 12 846 1
12 62 664 1
62 12 664 1
15 36 848 1
36 15 848 1
17 41 414 1
41 17 414 1
19 90 1212 1
90 19 1212 1
21 32 632 1
32 21 632 1
37 54 645 1
54 37 645 1
