116 2668
17 81 182 1
81 17 182 1
26 27 135 1
27 26 135 1
56 57 840 1
57 56 840 1
42 43 239 1
43 42 239 1
16 80 152 1
80 16 152 1
80 81 1113 1
81 80 1113 1
44 45 194 1
45 44 194 1
30 31 127 1
31 30 127 1
84 85 1130 1
85 84 1130 1
46 98 212 1
98 46 212 1
5 9 157 1
9 5 157 1
46 55 584 1
55 46 584 1
16 81 1063 1
81 16 1063 1
58 59 496 1
59 58 496 1
79 81 136 1
81 79 136 1
24 26 201 1
26 24 201 1
56 80 431 1
80 56 431 1
104 105 204 1
105 104 204 1
12 14 278 1
14 12 278 1
2 6 165 1
6 2 165 1
7 9 490 1
9 7 490 1
3 23 271 1
23 3 271 1
29 73 113 1
73 29 113 1
5 7 538 1
7 5 538 1
55 98 606 1
98 55 606 1
68 69 164 1
69 68 164 1
1 57 172 1
57 1 172 1
17 80 1070 1
80 17 1070 1
16 17 998 1
17 16 998 1
23 26 522 1
26 23 522 1
44 49 304 1
49 44 304 1
45 49 111 1
49 45 111 1
71 77 297 1
77 71 297 1
5 8 493 1
8 5 493 1
23 27 506 1
27 23 506 1
57 81 488 1
81 57 488 1
95 109 146 1
109 95 146 1
56 81 1090 1
81 56 1090 1
91 93 118 1
93 91 118 1
32 33 149 1
33 32 149 1
92 93 608 1
93 92 608 1
12 13 959 1
13 12 959 1
57 68 520 1
68 57 520 1
25 27 193 1
27 25 193 1
29 72 629 1
72 29 629 1
16 56 380 1
56 16 380 1
94 97 266 1
97 94 266 1
57 80 1050 1
80 57 1050 1
74 76 203 1
76 74 203 1
46 47 309 1
47 46 309 1
10 12 181 1
12 10 181 1
29 81 342 1
81 29 342 1
33 72 507 1
72 33 507 1
66 67 177 1
67 66 177 1
79 80 991 1
80 79 991 1
17 56 1024 1
56 17 1024 1
45 47 345 1
47 45 345 1
90 92 135 1
92 90 135 1
24 110 1066 1
110 24 1066 1
17 79 135 1
79 17 135 1
7 8 828 1
8 7 828 1
73 74 458 1
74 73 458 1
58 60 266 1
60 58 266 1
44 46 353 1
46 44 353 1
4 8 148 1
8 4 148 1
53 56 1149 1
56 53 1149 1
6 8 485 1
8 6 485 1
17 63 324 1
63 17 324 1
0 10 381 1
10 0 381 1
6 64 941 1
64 6 941 1
16 78 122 1
78 16 122 1
51 53 271 1
53 51 271 1
17 72 781 1
72 17 781 1
7 92 1445 1
92 7 1445 1
45 46 448 1
46 45 448 1
95 97 97 1
97 95 97 1
17 62 1129 1
62 17 1129 1
43 47 146 1
47 43 146 1
18 28 651 1
28 18 651 1
5 92 1324 1
92 5 1324 1
36 40 213 1
40 36 213 1
32 81 728 1
81 32 728 1
72 74 76 1
74 72 76 1
28 72 116 1
72 28 116 1
1 56 851 1
56 1 851 1
42 47 281 1
47 42 281 1
19 81 772 1
81 19 772 1
90 100 182 1
100 90 182 1
96 97 322 1
97 96 322 1
17 32 646 1
32 17 646 1
7 100 1408 1
100 7 1408 1
31 77 552 1
77 31 552 1
42 45 300 1
45 42 300 1
20 31 387 1
31 20 387 1
25 26 225 1
26 25 225 1
63 81 293 1
81 63 293 1
70 93 1035 1
93 70 1035 1
49 51 172 1
51 49 172 1
29 33 510 1
33 29 510 1
12 60 825 1
60 12 825 1
72 81 860 1
81 72 860 1
24 67 1223 1
67 24 1223 1
78 79 878 1
79 78 878 1
78 81 1002 1
81 78 1002 1
92 100 157 1
100 92 157 1
19 68 313 1
68 19 313 1
29 63 531 1
63 29 531 1
16 32 504 1
32 16 504 1
23 91 1352 1
91 23 1352 1
93 101 103 1
101 93 103 1
1 55 789 1
55 1 789 1
94 108 97 1
108 94 97 1
3 65 942 1
65 3 942 1
17 57 439 1
57 17 439 1
28 29 741 1
29 28 741 1
56 68 408 1
68 56 408 1
70 92 982 1
92 70 982 1
17 29 223 1
29 17 223 1
84 89 1110 1
89 84 1110 1
74 75 389 1
75 74 389 1
16 79 934 1
79 16 934 1
42 46 173 1
46 42 173 1
41 73 204 1
73 41 204 1
71 92 1069 1
92 71 1069 1
6 7 710 1
7 6 710 1
70 71 263 1
71 70 263 1
7 65 934 1
65 7 934 1
26 67 1128 1
67 26 1128 1
10 14 380 1
14 10 380 1
45 98 655 1
98 45 655 1
57 69 378 1
69 57 378 1
88 89 1035 1
89 88 1035 1
16 57 981 1
57 16 981 1
91 92 669 1
92 91 669 1
97 109 174 1
109 97 174 1
9 61 1165 1
61 9 1165 1
3 25 566 1
25 3 566 1
16 62 313 1
62 16 313 1
23 88 1119 1
88 23 1119 1
71 93 964 1
93 71 964 1
78 80 116 1
80 78 116 1
90 103 653 1
103 90 653 1
11 15 385 1
15 11 385 1
29 41 234 1
41 29 234 1
7 71 395 1
71 7 395 1
59 66 363 1
66 59 363 1
4 5 350 1
5 4 350 1
61 65 175 1
65 61 175 1
68 80 778 1
80 68 778 1
70 77 376 1
77 70 376 1
35 77 284 1
77 35 284 1
9 92 1428 1
92 9 1428 1
8 77 827 1
77 8 827 1
17 78 955 1
78 17 955 1
2 91 1366 1
91 2 1366 1
7 90 1390 1
90 7 1390 1
28 81 975 1
81 28 975 1
45 56 823 1
56 45 823 1
56 79 965 1
79 56 965 1
84 88 224 1
88 84 224 1
24 27 252 1
27 24 252 1
45 55 662 1
55 45 662 1
85 89 220 1
89 85 220 1
62 63 1134 1
63 62 1134 1
1 81 501 1
81 1 501 1
72 73 517 1
73 72 517 1
47 98 442 1
98 47 442 1
96 98 184 1
98 96 184 1
20 102 804 1
102 20 804 1
33 63 547 1
63 33 547 1
27 91 1074 1
91 27 1074 1
18 62 706 1
62 18 706 1
22 23 140 1
23 22 140 1
23 93 1407 1
93 23 1407 1
68 81 913 1
81 68 913 1
16 28 220 1
28 16 220 1
3 92 1420 1
92 3 1420 1
14 60 967 1
60 14 967 1
47 55 367 1
55 47 367 1
75 76 374 1
76 75 374 1
29 80 961 1
80 29 961 1
52 53 746 1
53 52 746 1
3 91 1236 1
91 3 1236 1
103 104 369 1
104 103 369 1
29 36 705 1
36 29 705 1
73 76 450 1
76 73 450 1
16 72 287 1
72 16 287 1
17 33 512 1
33 17 512 1
63 72 944 1
72 63 944 1
56 78 391 1
78 56 391 1
23 92 1466 1
92 23 1466 1
7 61 813 1
61 7 813 1
82 84 544 1
84 82 544 1
0 16 380 1
16 0 380 1
5 61 1171 1
61 5 1171 1
9 90 1391 1
90 9 1391 1
7 75 499 1
75 7 499 1
20 71 311 1
71 20 311 1
27 65 1171 1
65 27 1171 1
59 67 245 1
67 59 245 1
57 79 431 1
79 57 431 1
77 93 729 1
93 77 729 1
91 101 197 1
101 91 197 1
55 56 1043 1
56 55 1043 1
46 56 752 1
56 46 752 1
90 91 735 1
91 90 735 1
105 110 411 1
110 105 411 1
29 74 571 1
74 29 571 1
35 65 453 1
65 35 453 1
71 90 1013 1
90 71 1013 1
7 20 669 1
20 7 669 1
32 80 590 1
80 32 590 1
46 96 270 1
96 46 270 1
104 108 301 1
108 104 301 1
9 65 1235 1
65 9 1235 1
19 69 323 1
69 19 323 1
55 96 492 1
96 55 492 1
17 28 894 1
28 17 894 1
33 81 613 1
81 33 613 1
58 65 718 1
65 58 718 1
84 86 610 1
86 84 610 1
6 12 248 1
12 6 248 1
9 100 1346 1
100 9 1346 1
62 80 268 1
80 62 268 1
41 72 550 1
72 41 550 1
98 99 479 1
99 98 479 1
42 44 208 1
44 42 208 1
23 65 1169 1
65 23 1169 1
30 77 559 1
77 30 559 1
34 35 126 1
35 34 126 1
23 25 373 1
25 23 373 1
30 76 537 1
76 30 537 1
7 77 619 1
77 7 619 1
14 88 613 1
88 14 613 1
100 101 656 1
101 100 656 1
32 63 656 1
63 32 656 1
38 97 469 1
97 38 469 1
44 47 404 1
47 44 404 1
3 93 1309 1
93 3 1309 1
8 9 638 1
9 8 638 1
44 55 743 1
55 44 743 1
5 90 1279 1
90 5 1279 1
21 108 562 1
108 21 562 1
5 15 278 1
15 5 278 1
41 75 187 1
75 41 187 1
43 45 199 1
45 43 199 1
24 25 135 1
25 24 135 1
29 32 631 1
32 29 631 1
19 33 238 1
33 19 238 1
26 43 1155 1
43 26 1155 1
29 79 257 1
79 29 257 1
33 73 444 1
73 33 444 1
62 81 1169 1
81 62 1169 1
86 89 1016 1
89 86 1016 1
96 110 214 1
110 96 214 1
65 91 690 1
91 65 690 1
5 27 165 1
27 5 165 1
29 40 655 1
40 29 655 1
4 27 279 1
27 4 279 1
5 102 1167 1
102 5 1167 1
3 90 1350 1
90 3 1350 1
8 71 624 1
71 8 624 1
58 66 198 1
66 58 198 1
60 61 893 1
61 60 893 1
104 110 417 1
110 104 417 1
13 75 440 1
75 13 440 1
47 96 412 1
96 47 412 1
7 13 237 1
13 7 237 1
38 95 382 1
95 38 382 1
57 63 249 1
63 57 249 1
7 31 345 1
31 7 345 1
7 102 1355 1
102 7 1355 1
17 19 648 1
19 17 648 1
76 77 238 1
77 76 238 1
93 100 653 1
100 93 653 1
15 23 561 1
23 15 561 1
25 31 272 1
31 25 272 1
26 88 791 1
88 26 791 1
60 64 187 1
64 60 187 1
73 75 84 1
75 73 84 1
16 63 1092 1
63 16 1092 1
20 25 402 1
25 20 402 1
38 39 465 1
39 38 465 1
32 72 471 1
72 32 471 1
39 95 233 1
95 39 233 1
91 103 258 1
103 91 258 1
95 96 288 1
96 95 288 1
9 15 219 1
15 9 219 1
54 96 167 1
96 54 167 1
19 57 426 1
57 19 426 1
31 35 790 1
35 31 790 1
36 80 330 1
80 36 330 1
41 76 493 1
76 41 493 1
19 80 851 1
80 19 851 1
55 57 743 1
57 55 743 1
4 7 733 1
7 4 733 1
48 54 669 1
54 48 669 1
24 43 1300 1
43 24 1300 1
8 13 868 1
13 8 868 1
36 72 276 1
72 36 276 1
45 57 653 1
57 45 653 1
58 88 918 1
88 58 918 1
28 80 329 1
80 28 329 1
56 111 893 1
111 56 893 1
59 65 304 1
65 59 304 1
17 55 513 1
55 17 513 1
60 63 1021 1
63 60 1021 1
99 111 265 1
111 99 265 1
31 71 265 1
71 31 265 1
58 93 1138 1
93 58 1138 1
72 80 384 1
80 72 384 1
2 67 952 1
67 2 952 1
6 35 860 1
35 6 860 1
64 65 897 1
65 64 897 1
104 106 195 1
106 104 195 1
5 100 1233 1
100 5 1233 1
6 13 864 1
13 6 864 1
8 64 1208 1
64 8 1208 1
13 73 358 1
73 13 358 1
19 29 673 1
29 19 673 1
58 61 717 1
61 58 717 1
59 88 1182 1
88 59 1182 1
21 27 209 1
27 21 209 1
16 29 882 1
29 16 882 1
58 91 1077 1
91 58 1077 1
71 75 163 1
75 71 163 1
20 77 434 1
77 20 434 1
2 22 228 1
22 2 228 1
33 64 737 1
64 33 737 1
52 63 1131 1
63 52 1131 1
53 57 825 1
57 53 825 1
93 104 478 1
104 93 478 1
2 8 554 1
8 2 554 1
5 91 1178 1
91 5 1178 1
63 73 569 1
73 63 569 1
85 86 1120 1
86 85 1120 1
2 30 317 1
30 2 317 1
3 27 634 1
27 3 634 1
34 67 275 1
67 34 275 1
44 56 714 1
56 44 714 1
100 102 87 1
102 100 87 1
2 64 992 1
64 2 992 1
10 48 1025 1
48 10 1025 1
72 76 257 1
76 72 257 1
3 26 678 1
26 3 678 1
71 100 1020 1
100 71 1020 1
92 101 634 1
101 92 634 1
32 62 548 1
62 32 548 1
32 79 600 1
79 32 600 1
18 19 147 1
19 18 147 1
21 26 271 1
26 21 271 1
24 38 730 1
38 24 730 1
20 21 185 1
21 20 185 1
38 96 284 1
96 38 284 1
44 80 785 1
80 44 785 1
18 72 618 1
72 18 618 1
23 59 1157 1
59 23 1157 1
40 74 182 1
74 40 182 1
42 48 243 1
48 42 243 1
93 103 173 1
103 93 173 1
9 58 1436 1
58 9 1436 1
21 83 382 1
83 21 382 1
27 92 1167 1
92 27 1167 1
52 62 619 1
62 52 619 1
71 102 966 1
102 71 966 1
8 31 485 1
31 8 485 1
5 65 1232 1
65 5 1232 1
42 98 381 1
98 42 381 1
26 50 1256 1
50 26 1256 1
36 62 525 1
62 36 525 1
6 30 365 1
30 6 365 1
20 40 225 1
40 20 225 1
32 56 384 1
56 32 384 1
37 39 117 1
39 37 117 1
50 51 698 1
51 50 698 1
97 108 170 1
108 97 170 1
8 75 728 1
75 8 728 1
76 114 580 1
114 76 580 1
113 114 95 1
114 113 95 1
37 76 441 1
76 37 441 1
85 88 1097 1
88 85 1097 1
21 48 1109 1
48 21 1109 1
31 41 528 1
41 31 528 1
36 81 848 1
81 36 848 1
72 79 733 1
79 72 733 1
82 88 444 1
88 82 444 1
1 69 441 1
69 1 441 1
22 82 706 1
82 22 706 1
47 110 210 1
110 47 210 1
13 29 290 1
29 13 290 1
46 53 547 1
53 46 547 1
97 105 299 1
105 97 299 1
4 15 597 1
15 4 597 1
21 104 765 1
104 21 765 1
30 72 390 1
72 30 390 1
2 4 569 1
4 2 569 1
50 53 744 1
53 50 744 1
66 107 978 1
107 66 978 1
13 15 277 1
15 13 277 1
13 61 843 1
61 13 843 1
14 64 1035 1
64 14 1035 1
59 61 271 1
61 59 271 1
97 99 180 1
99 97 180 1
20 30 328 1
30 20 328 1
4 31 397 1
31 4 397 1
26 48 1303 1
48 26 1303 1
39 55 254 1
55 39 254 1
39 97 289 1
97 39 289 1
41 74 484 1
74 41 484 1
2 7 566 1
7 2 566 1
59 108 883 1
108 59 883 1
68 115 1040 1
115 68 1040 1
97 110 221 1
110 97 221 1
106 110 467 1
110 106 467 1
8 61 1371 1
61 8 1371 1
24 104 1101 1
104 24 1101 1
28 63 1049 1
63 28 1049 1
39 96 494 1
96 39 494 1
61 100 1241 1
100 61 1241 1
21 103 830 1
103 21 830 1
34 64 445 1
64 34 445 1
25 92 1338 1
92 25 1338 1
59 91 926 1
91 59 926 1
1 19 351 1
19 1 351 1
1 17 391 1
17 1 391 1
4 25 258 1
25 4 258 1
20 100 857 1
100 20 857 1
46 49 541 1
49 46 541 1
79 86 986 1
86 79 986 1
0 1 800 1
1 0 800 1
5 6 733 1
6 5 733 1
7 30 462 1
30 7 462 1
8 20 420 1
20 8 420 1
11 85 574 1
85 11 574 1
30 33 526 1
33 30 526 1
45 80 912 1
80 45 912 1
32 44 667 1
44 32 667 1
0 19 488 1
19 0 488 1
21 106 670 1
106 21 670 1
37 38 515 1
38 37 515 1
0 80 485 1
80 0 485 1
31 74 479 1
74 31 479 1
36 76 232 1
76 36 232 1
75 77 210 1
77 75 210 1
90 93 690 1
93 90 690 1
5 71 431 1
71 5 431 1
62 72 566 1
72 62 566 1
89 99 398 1
99 89 398 1
11 13 168 1
13 11 168 1
13 74 757 1
74 13 757 1
16 33 609 1
33 16 609 1
28 74 188 1
74 28 188 1
36 63 945 1
63 36 945 1
48 88 830 1
88 48 830 1
67 110 507 1
110 67 507 1
22 34 922 1
34 22 922 1
42 49 396 1
49 42 396 1
4 71 523 1
71 4 523 1
6 91 1386 1
91 6 1386 1
8 14 205 1
14 8 205 1
23 89 1070 1
89 23 1070 1
35 70 574 1
70 35 574 1
44 57 766 1
57 44 766 1
50 56 674 1
56 50 674 1
64 75 961 1
75 64 961 1
70 114 802 1
114 70 802 1
7 35 816 1
35 7 816 1
29 76 555 1
76 29 555 1
27 67 1105 1
67 27 1105 1
91 108 473 1
108 91 473 1
36 38 122 1
38 36 122 1
43 48 391 1
48 43 391 1
94 107 417 1
107 94 417 1
6 70 405 1
70 6 405 1
37 77 246 1
77 37 246 1
92 103 574 1
103 92 574 1
54 110 373 1
110 54 373 1
74 114 677 1
114 74 677 1
17 36 828 1
36 17 828 1
28 62 527 1
62 28 527 1
29 75 189 1
75 29 189 1
97 98 437 1
98 97 437 1
105 106 359 1
106 105 359 1
21 94 569 1
94 21 569 1
33 79 486 1
79 33 486 1
38 45 872 1
45 38 872 1
40 72 200 1
72 40 200 1
42 95 547 1
95 42 547 1
56 98 821 1
98 56 821 1
65 92 1075 1
92 65 1075 1
28 107 859 1
107 28 859 1
46 57 904 1
57 46 904 1
62 78 287 1
78 62 287 1
5 25 129 1
25 5 129 1
6 60 799 1
60 6 799 1
14 15 772 1
15 14 772 1
50 85 1013 1
85 50 1013 1
7 70 592 1
70 7 592 1
73 81 406 1
81 73 406 1
4 91 1276 1
91 4 1276 1
19 56 574 1
56 19 574 1
45 111 467 1
111 45 467 1
70 106 687 1
106 70 687 1
23 104 1270 1
104 23 1270 1
96 105 387 1
105 96 387 1
44 98 563 1
98 44 563 1
55 81 401 1
81 55 401 1
60 91 1127 1
91 60 1127 1
91 104 542 1
104 91 542 1
10 60 650 1
60 10 650 1
22 26 505 1
26 22 505 1
28 114 809 1
114 28 809 1
39 89 325 1
89 39 325 1
7 25 539 1
25 7 539 1
19 28 732 1
28 19 732 1
39 47 551 1
47 39 551 1
1 68 549 1
68 1 549 1
3 59 922 1
59 3 922 1
4 90 1167 1
90 4 1167 1
21 82 511 1
82 21 511 1
21 110 690 1
110 21 690 1
23 24 403 1
24 23 403 1
38 110 451 1
110 38 451 1
98 111 265 1
111 98 265 1
0 56 174 1
56 0 174 1
16 40 399 1
40 16 399 1
68 79 805 1
79 68 805 1
4 59 1372 1
59 4 1372 1
6 65 1218 1
65 6 1218 1
39 98 655 1
98 39 655 1
45 51 254 1
51 45 254 1
63 79 303 1
79 63 303 1
63 113 947 1
113 63 947 1
0 81 1076 1
81 0 1076 1
6 14 476 1
14 6 476 1
12 64 932 1
64 12 932 1
19 63 644 1
63 19 644 1
95 114 280 1
114 95 280 1
105 108 296 1
108 105 296 1
21 87 397 1
87 21 397 1
28 33 585 1
33 28 585 1
31 83 561 1
83 31 561 1
32 57 493 1
57 32 493 1
9 102 1277 1
102 9 1277 1
47 106 636 1
106 47 636 1
10 88 586 1
88 10 586 1
19 72 678 1
72 19 678 1
34 87 945 1
87 34 945 1
87 93 848 1
93 87 848 1
4 61 1291 1
61 4 1291 1
11 74 727 1
74 11 727 1
16 19 740 1
19 16 740 1
25 70 480 1
70 25 480 1
54 89 853 1
89 54 853 1
57 111 890 1
111 57 890 1
2 14 572 1
14 2 572 1
17 44 951 1
44 17 951 1
21 23 542 1
23 21 542 1
21 93 922 1
93 21 922 1
36 37 542 1
37 36 542 1
46 97 424 1
97 46 424 1
9 91 1212 1
91 9 1212 1
17 52 1166 1
52 17 1166 1
5 35 974 1
35 5 974 1
22 86 800 1
86 22 800 1
27 35 871 1
35 27 871 1
27 93 1095 1
93 27 1095 1
70 100 918 1
100 70 918 1
77 92 835 1
92 77 835 1
3 58 1025 1
58 3 1025 1
19 115 1045 1
115 19 1045 1
32 36 555 1
36 32 555 1
63 80 1146 1
80 63 1146 1
4 82 403 1
82 4 403 1
40 62 664 1
62 40 664 1
40 80 433 1
80 40 433 1
71 91 911 1
91 71 911 1
72 114 738 1
114 72 738 1
92 102 211 1
102 92 211 1
0 18 364 1
18 0 364 1
8 12 346 1
12 8 346 1
12 48 1186 1
48 12 1186 1
30 36 645 1
36 30 645 1
42 97 497 1
97 42 497 1
56 63 1014 1
63 56 1014 1
3 101 1324 1
101 3 1324 1
5 20 424 1
20 5 424 1
6 9 834 1
9 6 834 1
88 91 958 1
91 88 958 1
2 66 917 1
66 2 917 1
6 33 588 1
33 6 588 1
19 79 658 1
79 19 658 1
27 43 1124 1
43 27 1124 1
27 87 439 1
87 27 439 1
34 66 268 1
66 34 268 1
36 79 738 1
79 36 738 1
73 79 296 1
79 73 296 1
25 90 1282 1
90 25 1282 1
60 62 241 1
62 60 241 1
70 87 695 1
87 70 695 1
90 101 719 1
101 90 719 1
101 103 106 1
103 101 106 1
0 11 958 1
11 0 958 1
2 58 959 1
58 2 959 1
7 91 1186 1
91 7 1186 1
7 93 1261 1
93 7 1261 1
13 60 1245 1
60 13 1245 1
14 87 842 1
87 14 842 1
53 90 787 1
90 53 787 1
9 64 1448 1
64 9 1448 1
11 29 239 1
29 11 239 1
22 84 1027 1
84 22 1027 1
49 98 742 1
98 49 742 1
2 24 548 1
24 2 548 1
7 15 461 1
15 7 461 1
14 82 179 1
82 14 179 1
24 47 1229 1
47 24 1229 1
65 100 1146 1
100 65 1146 1
1 79 428 1
79 1 428 1
31 40 592 1
40 31 592 1
5 64 1350 1
64 5 1350 1
25 65 1263 1
65 25 1263 1
28 83 861 1
83 28 861 1
36 41 570 1
41 36 570 1
48 104 822 1
104 48 822 1
58 101 1214 1
101 58 1214 1
2 93 1417 1
93 2 1417 1
17 68 840 1
68 17 840 1
27 104 911 1
104 27 911 1
46 80 618 1
80 46 618 1
46 99 446 1
99 46 446 1
58 67 368 1
67 58 368 1
61 104 1114 1
104 61 1114 1
82 87 849 1
87 82 849 1
92 104 310 1
104 92 310 1
103 114 282 1
114 103 282 1
46 113 335 1
113 46 335 1
53 55 448 1
55 53 448 1
94 105 354 1
105 94 354 1
5 104 1063 1
104 5 1063 1
11 73 310 1
73 11 310 1
82 83 881 1
83 82 881 1
7 64 1244 1
64 7 1244 1
38 99 625 1
99 38 625 1
3 4 707 1
4 3 707 1
14 48 1233 1
48 14 1233 1
17 40 824 1
40 17 824 1
33 75 426 1
75 33 426 1
38 109 342 1
109 38 342 1
75 114 683 1
114 75 683 1
81 85 175 1
85 81 175 1
2 59 1058 1
59 2 1058 1
18 107 1141 1
107 18 1141 1
19 32 289 1
32 19 289 1
21 70 303 1
70 21 303 1
31 36 716 1
36 31 716 1
47 105 464 1
105 47 464 1
66 108 706 1
108 66 706 1
2 23 340 1
23 2 340 1
24 50 1395 1
50 24 1395 1
41 112 775 1
112 41 775 1
8 30 385 1
30 8 385 1
14 91 1235 1
91 14 1235 1
19 73 625 1
73 19 625 1
41 71 317 1
71 41 317 1
47 48 490 1
48 47 490 1
49 111 530 1
111 49 530 1
74 77 362 1
77 74 362 1
96 114 265 1
114 96 265 1
106 108 322 1
108 106 322 1
1 16 963 1
16 1 963 1
2 34 808 1
34 2 808 1
3 7 185 1
7 3 185 1
8 27 425 1
27 8 425 1
26 59 1291 1
59 26 1291 1
27 88 863 1
88 27 863 1
29 113 879 1
113 29 879 1
1 63 334 1
63 1 334 1
26 42 1183 1
42 26 1183 1
56 69 542 1
69 56 542 1
62 79 1049 1
79 62 1049 1
97 103 349 1
103 97 349 1
1 80 1054 1
80 1 1054 1
3 100 1385 1
100 3 1385 1
17 73 298 1
73 17 298 1
64 102 855 1
102 64 855 1
4 23 506 1
23 4 506 1
6 31 464 1
31 6 464 1
8 100 1159 1
100 8 1159 1
30 74 403 1
74 30 403 1
32 78 484 1
78 32 484 1
62 86 828 1
86 62 828 1
62 107 1088 1
107 62 1088 1
96 106 277 1
106 96 277 1
8 102 1117 1
102 8 1117 1
16 36 349 1
36 16 349 1
23 67 1077 1
67 23 1077 1
29 62 1067 1
62 29 1067 1
40 82 231 1
82 40 231 1
65 93 802 1
93 65 802 1
3 22 347 1
22 3 347 1
87 88 1035 1
88 87 1035 1
1 10 979 1
10 1 979 1
2 108 982 1
108 2 982 1
12 33 709 1
33 12 709 1
13 14 902 1
14 13 902 1
17 53 802 1
53 17 802 1
20 92 945 1
92 20 945 1
29 31 454 1
31 29 454 1
35 71 557 1
71 35 557 1
46 79 801 1
79 46 801 1
71 101 966 1
101 71 966 1
4 77 744 1
77 4 744 1
4 100 1129 1
100 4 1129 1
2 27 659 1
27 2 659 1
6 20 561 1
20 6 561 1
6 102 1207 1
102 6 1207 1
21 97 595 1
97 21 595 1
34 77 351 1
77 34 351 1
94 96 89 1
96 94 89 1
2 3 405 1
3 2 405 1
6 77 737 1
77 6 737 1
16 55 931 1
55 16 931 1
28 85 1025 1
85 28 1025 1
0 17 982 1
17 0 982 1
20 90 881 1
90 20 881 1
21 25 360 1
25 21 360 1
30 64 1064 1
64 30 1064 1
50 68 811 1
68 50 811 1
4 9 500 1
9 4 500 1
8 35 1046 1
35 8 1046 1
44 51 440 1
51 44 440 1
100 103 576 1
103 100 576 1
27 59 1253 1
59 27 1253 1
82 86 143 1
86 82 143 1
0 57 825 1
57 0 825 1
5 93 1207 1
93 5 1207 1
15 88 1097 1
88 15 1097 1
79 111 717 1
111 79 717 1
1 46 993 1
46 1 993 1
17 46 930 1
46 17 930 1
39 43 659 1
43 39 659 1
3 24 623 1
24 3 623 1
10 13 1004 1
13 10 1004 1
14 69 1104 1
69 14 1104 1
48 66 357 1
66 48 357 1
13 41 490 1
41 13 490 1
24 106 959 1
106 24 959 1
38 111 560 1
111 38 560 1
57 78 938 1
78 57 938 1
81 86 1091 1
86 81 1091 1
21 47 833 1
47 21 833 1
31 76 584 1
76 31 584 1
21 112 894 1
112 21 894 1
29 30 533 1
30 29 533 1
2 70 412 1
70 2 412 1
12 15 906 1
15 12 906 1
65 101 880 1
101 65 880 1
6 71 586 1
71 6 586 1
13 71 401 1
71 13 401 1
22 83 792 1
83 22 792 1
52 90 240 1
90 52 240 1
57 98 1043 1
98 57 1043 1
80 85 1121 1
85 80 1121 1
4 26 161 1
26 4 161 1
17 45 840 1
45 17 840 1
48 110 500 1
110 48 500 1
76 95 396 1
95 76 396 1
81 111 760 1
111 81 760 1
3 89 961 1
89 3 961 1
9 25 252 1
25 9 252 1
20 101 958 1
101 20 958 1
26 110 904 1
110 26 904 1
39 42 762 1
42 39 762 1
56 99 1051 1
99 56 1051 1
75 113 758 1
113 75 758 1
94 95 213 1
95 94 213 1
26 65 1232 1
65 26 1232 1
38 47 654 1
47 38 654 1
45 50 474 1
50 45 474 1
53 80 1109 1
80 53 1109 1
87 91 820 1
91 87 820 1
103 105 173 1
105 103 173 1
0 85 1139 1
85 0 1139 1
4 13 743 1
13 4 743 1
9 20 557 1
20 9 557 1
14 28 286 1
28 14 286 1
14 58 1155 1
58 14 1155 1
22 88 1044 1
88 22 1044 1
28 32 528 1
32 28 528 1
33 77 332 1
77 33 332 1
61 75 723 1
75 61 723 1
1 98 1107 1
98 1 1107 1
5 70 530 1
70 5 530 1
8 104 1076 1
104 8 1076 1
26 91 1131 1
91 26 1131 1
30 75 454 1
75 30 454 1
31 70 334 1
70 31 334 1
46 51 585 1
51 46 585 1
55 97 173 1
97 55 173 1
61 91 822 1
91 61 822 1
75 112 790 1
112 75 790 1
3 52 1342 1
52 3 1342 1
6 100 1229 1
100 6 1229 1
8 65 1425 1
65 8 1425 1
18 63 774 1
63 18 774 1
26 38 554 1
38 26 554 1
77 90 787 1
90 77 787 1
21 105 742 1
105 21 742 1
25 71 434 1
71 25 434 1
72 75 453 1
75 72 453 1
23 82 788 1
82 23 788 1
42 55 629 1
55 42 629 1
3 99 1120 1
99 3 1120 1
12 61 1246 1
61 12 1246 1
14 61 1285 1
61 14 1285 1
21 91 892 1
91 21 892 1
35 67 262 1
67 35 262 1
54 107 612 1
107 54 612 1
4 30 322 1
30 4 322 1
4 93 1288 1
93 4 1288 1
16 107 951 1
107 16 951 1
17 111 850 1
111 17 850 1
21 92 1010 1
92 21 1010 1
1 53 949 1
53 1 949 1
9 71 488 1
71 9 488 1
25 77 710 1
77 25 710 1
29 49 928 1
49 29 928 1
33 78 590 1
78 33 590 1
36 73 600 1
73 36 600 1
50 84 554 1
84 50 554 1
73 114 754 1
114 73 754 1
76 96 361 1
96 76 361 1
79 85 260 1
85 79 260 1
92 108 488 1
108 92 488 1
0 78 431 1
78 0 431 1
26 89 900 1
89 26 900 1
34 76 309 1
76 34 309 1
35 93 718 1
93 35 718 1
41 114 639 1
114 41 639 1
65 67 361 1
67 65 361 1
67 69 345 1
69 67 345 1
94 109 127 1
109 94 127 1
111 112 111 1
112 111 111 1
4 58 1292 1
58 4 1292 1
8 92 1269 1
92 8 1269 1
23 58 1186 1
58 23 1186 1
25 30 292 1
30 25 292 1
27 50 1279 1
50 27 1279 1
28 40 248 1
40 28 248 1
33 74 480 1
74 33 480 1
87 92 1142 1
92 87 1142 1
108 109 87 1
109 108 87 1
4 14 255 1
14 4 255 1
8 70 477 1
70 8 477 1
11 41 473 1
41 11 473 1
11 75 388 1
75 11 388 1
12 69 975 1
69 12 975 1
25 53 1369 1
53 25 1369 1
33 41 611 1
41 33 611 1
69 94 883 1
94 69 883 1
80 86 567 1
86 80 567 1
94 98 264 1
98 94 264 1
109 115 211 1
115 109 211 1
23 101 1406 1
101 23 1406 1
29 114 809 1
114 29 809 1
35 49 434 1
49 35 434 1
76 112 647 1
112 76 647 1
82 89 1043 1
89 82 1043 1
22 27 524 1
27 22 524 1
31 100 1216 1
100 31 1216 1
2 106 1085 1
106 2 1085 1
18 83 953 1
83 18 953 1
23 87 803 1
87 23 803 1
27 82 524 1
82 27 524 1
34 88 672 1
88 34 672 1
52 72 837 1
72 52 837 1
55 78 841 1
78 55 841 1
16 46 699 1
46 16 699 1
19 78 749 1
78 19 749 1
49 80 1008 1
80 49 1008 1
64 66 392 1
66 64 392 1
64 77 767 1
77 64 767 1
71 94 614 1
94 71 614 1
84 87 1148 1
87 84 1148 1
21 24 413 1
24 21 413 1
41 98 784 1
98 41 784 1
104 114 171 1
114 104 171 1
38 98 432 1
98 38 432 1
50 79 1009 1
79 50 1009 1
82 85 1121 1
85 82 1121 1
2 60 843 1
60 2 843 1
15 92 1292 1
92 15 1292 1
20 27 271 1
27 20 271 1
24 34 1021 1
34 24 1021 1
26 45 1266 1
45 26 1266 1
34 37 540 1
37 34 540 1
45 78 840 1
78 45 840 1
75 102 865 1
102 75 865 1
96 109 176 1
109 96 176 1
101 104 464 1
104 101 464 1
111 113 191 1
113 111 191 1
55 89 213 1
89 55 213 1
66 69 349 1
69 66 349 1
0 12 517 1
12 0 517 1
13 33 629 1
33 13 629 1
14 59 1320 1
59 14 1320 1
18 86 1008 1
86 18 1008 1
32 40 629 1
40 32 629 1
40 76 327 1
76 40 327 1
23 48 1375 1
48 23 1375 1
26 47 1071 1
47 26 1071 1
28 78 272 1
78 28 272 1
30 62 878 1
62 30 878 1
43 95 483 1
95 43 483 1
48 58 400 1
58 48 400 1
61 63 238 1
63 61 238 1
34 70 564 1
70 34 564 1
60 88 724 1
88 60 724 1
70 90 900 1
90 70 900 1
1 47 849 1
47 1 849 1
16 53 1146 1
53 16 1146 1
24 48 1432 1
48 24 1432 1
60 66 370 1
66 60 370 1
5 101 1174 1
101 5 1174 1
17 96 834 1
96 17 834 1
88 93 930 1
93 88 930 1
15 83 194 1
83 15 194 1
17 86 1035 1
86 17 1035 1
22 93 1426 1
93 22 1426 1
26 51 1298 1
51 26 1298 1
30 73 455 1
73 30 455 1
43 46 341 1
46 43 341 1
48 49 410 1
49 48 410 1
58 86 1196 1
86 58 1196 1
95 108 123 1
108 95 123 1
15 61 998 1
61 15 998 1
26 104 905 1
104 26 905 1
65 77 615 1
77 65 615 1
67 88 939 1
88 67 939 1
22 51 1360 1
51 22 1360 1
40 73 549 1
73 40 549 1
52 115 545 1
115 52 545 1
68 97 933 1
97 68 933 1
77 114 582 1
114 77 582 1
1 45 800 1
45 1 800 1
21 71 214 1
71 21 214 1
22 25 402 1
25 22 402 1
22 64 1169 1
64 22 1169 1
28 79 847 1
79 28 847 1
38 42 697 1
42 38 697 1
50 57 991 1
57 50 991 1
55 80 931 1
80 55 931 1
73 77 274 1
77 73 274 1
93 108 478 1
108 93 478 1
20 41 386 1
41 20 386 1
23 103 1345 1
103 23 1345 1
23 110 1096 1
110 23 1096 1
24 42 1334 1
42 24 1334 1
28 41 661 1
41 28 661 1
47 97 280 1
97 47 280 1
52 81 1110 1
81 52 1110 1
58 108 852 1
108 58 852 1
61 64 928 1
64 61 928 1
70 104 814 1
104 70 814 1
5 23 453 1
23 5 453 1
30 40 513 1
40 30 513 1
33 80 703 1
80 33 703 1
37 74 520 1
74 37 520 1
76 98 527 1
98 76 527 1
20 70 213 1
70 20 213 1
21 38 458 1
38 21 458 1
42 96 429 1
96 42 429 1
59 60 718 1
60 59 718 1
69 115 1010 1
115 69 1010 1
88 105 671 1
105 88 671 1
1 32 484 1
32 1 484 1
10 11 986 1
11 10 986 1
20 95 541 1
95 20 541 1
27 101 1063 1
101 27 1063 1
33 62 690 1
62 33 690 1
66 109 621 1
109 66 621 1
5 31 333 1
31 5 333 1
10 15 968 1
15 10 968 1
40 79 762 1
79 40 762 1
59 69 338 1
69 59 338 1
60 65 898 1
65 60 898 1
90 102 246 1
102 90 246 1
95 103 393 1
103 95 393 1
6 75 726 1
75 6 726 1
13 100 1359 1
100 13 1359 1
26 82 411 1
82 26 411 1
31 38 708 1
38 31 708 1
31 90 1214 1
90 31 1214 1
53 113 487 1
113 53 487 1
54 86 568 1
86 54 568 1
72 107 763 1
107 72 763 1
80 111 747 1
111 80 747 1
85 99 448 1
99 85 448 1
8 91 1373 1
91 8 1373 1
16 68 706 1
68 16 706 1
25 35 978 1
35 25 978 1
30 41 563 1
41 30 563 1
32 113 906 1
113 32 906 1
34 48 431 1
48 34 431 1
52 57 1117 1
57 52 1117 1
76 109 320 1
109 76 320 1
2 5 685 1
5 2 685 1
10 28 213 1
28 10 213 1
17 50 1130 1
50 17 1130 1
18 85 983 1
85 18 983 1
24 105 1115 1
105 24 1115 1
35 87 863 1
87 35 863 1
54 88 224 1
88 54 224 1
59 101 1108 1
101 59 1108 1
2 65 1144 1
65 2 1144 1
38 67 820 1
67 38 820 1
2 101 1431 1
101 2 1431 1
5 108 888 1
108 5 888 1
8 15 741 1
15 8 741 1
10 87 1058 1
87 10 1058 1
18 74 626 1
74 18 626 1
70 103 965 1
103 70 965 1
78 85 1017 1
85 78 1017 1
99 103 258 1
103 99 258 1
9 35 1031 1
35 9 1031 1
18 52 1125 1
52 18 1125 1
20 94 527 1
94 20 527 1
22 89 1126 1
89 22 1126 1
26 86 416 1
86 26 416 1
31 92 1282 1
92 31 1282 1
35 92 768 1
92 35 768 1
66 88 875 1
88 66 875 1
68 86 1151 1
86 68 1151 1
95 100 576 1
100 95 576 1
1 78 939 1
78 1 939 1
44 48 114 1
48 44 114 1
52 56 797 1
56 52 797 1
53 99 316 1
99 53 316 1
66 94 692 1
94 66 692 1
100 112 410 1
112 100 410 1
13 49 1151 1
49 13 1151 1
31 37 658 1
37 31 658 1
33 34 394 1
34 33 394 1
37 89 294 1
89 37 294 1
47 56 905 1
56 47 905 1
54 98 204 1
98 54 204 1
59 84 1069 1
84 59 1069 1
91 100 719 1
100 91 719 1
2 100 1297 1
100 2 1297 1
2 104 1217 1
104 2 1217 1
10 82 401 1
82 10 401 1
25 38 749 1
38 25 749 1
28 36 321 1
36 28 321 1
28 76 345 1
76 28 345 1
45 68 715 1
68 45 715 1
16 44 837 1
44 16 837 1
70 95 587 1
95 70 587 1
4 22 457 1
22 4 457 1
6 61 1132 1
61 6 1132 1
24 39 767 1
39 24 767 1
32 73 550 1
73 32 550 1
49 74 960 1
74 49 960 1
63 75 591 1
75 63 591 1
103 108 420 1
108 103 420 1
4 20 334 1
20 4 334 1
4 104 1017 1
104 4 1017 1
17 18 752 1
18 17 752 1
27 51 1246 1
51 27 1246 1
28 98 715 1
98 28 715 1
43 110 298 1
110 43 298 1
46 81 867 1
81 46 867 1
55 79 394 1
79 55 394 1
86 107 792 1
107 86 792 1
7 27 597 1
27 7 597 1
16 99 951 1
99 16 951 1
33 60 632 1
60 33 632 1
61 101 1003 1
101 61 1003 1
1 14 1077 1
14 1 1077 1
2 92 1350 1
92 2 1350 1
4 101 1261 1
101 4 1261 1
9 77 753 1
77 9 753 1
35 66 331 1
66 35 331 1
48 67 417 1
67 48 417 1
83 86 863 1
86 83 863 1
1 96 958 1
96 1 958 1
17 107 678 1
107 17 678 1
38 50 753 1
50 38 753 1
40 44 926 1
44 40 926 1
42 54 525 1
54 42 525 1
44 81 890 1
81 44 890 1
53 63 685 1
63 53 685 1
54 97 484 1
97 54 484 1
80 99 917 1
99 80 917 1
40 81 874 1
81 40 874 1
47 49 380 1
49 47 380 1
47 51 339 1
51 47 339 1
55 99 216 1
99 55 216 1
70 91 1000 1
91 70 1000 1
77 100 819 1
100 77 819 1
95 112 395 1
112 95 395 1
33 35 375 1
35 33 375 1
46 94 338 1
94 46 338 1
94 103 496 1
103 94 496 1
102 114 295 1
114 102 295 1
14 34 879 1
34 14 879 1
30 35 784 1
35 30 784 1
31 73 397 1
73 31 397 1
34 58 424 1
58 34 424 1
37 95 241 1
95 37 241 1
40 63 1007 1
63 40 1007 1
39 54 618 1
54 39 618 1
45 81 759 1
81 45 759 1
48 87 1307 1
87 48 1307 1
61 69 456 1
69 61 456 1
6 93 1425 1
93 6 1425 1
19 85 882 1
85 19 882 1
30 32 574 1
32 30 574 1
37 96 506 1
96 37 506 1
83 90 1178 1
90 83 1178 1
88 103 842 1
103 88 842 1
94 104 298 1
104 94 298 1
107 114 333 1
114 107 333 1
23 43 1259 1
43 23 1259 1
28 84 456 1
84 28 456 1
30 34 790 1
34 30 790 1
30 114 1027 1
114 30 1027 1
40 41 506 1
41 40 506 1
45 79 723 1
79 45 723 1
80 98 568 1
98 80 568 1
81 96 799 1
96 81 799 1
90 104 351 1
104 90 351 1
99 107 302 1
107 99 302 1
3 30 397 1
30 3 397 1
15 109 824 1
109 15 824 1
20 35 677 1
35 20 677 1
26 34 907 1
34 26 907 1
27 89 807 1
89 27 807 1
31 72 482 1
72 31 482 1
46 111 189 1
111 46 189 1
51 56 1024 1
56 51 1024 1
77 109 318 1
109 77 318 1
82 102 762 1
102 82 762 1
4 75 618 1
75 4 618 1
19 52 1141 1
52 19 1141 1
20 36 396 1
36 20 396 1
22 70 443 1
70 22 443 1
26 54 816 1
54 26 816 1
31 75 419 1
75 31 419 1
34 60 439 1
60 34 439 1
50 99 730 1
99 50 730 1
53 78 1035 1
78 53 1035 1
86 88 460 1
88 86 460 1
99 112 272 1
112 99 272 1
103 110 496 1
110 103 496 1
0 72 516 1
72 0 516 1
23 84 1113 1
84 23 1113 1
15 59 1185 1
59 15 1185 1
17 98 995 1
98 17 995 1
45 96 643 1
96 45 643 1
50 52 243 1
52 50 243 1
52 99 661 1
99 52 661 1
101 115 407 1
115 101 407 1
15 100 1225 1
100 15 1225 1
27 58 1265 1
58 27 1265 1
27 61 1128 1
61 27 1128 1
41 94 523 1
94 41 523 1
46 76 517 1
76 46 517 1
68 85 974 1
85 68 974 1
77 101 754 1
101 77 754 1
1 73 531 1
73 1 531 1
4 92 1237 1
92 4 1237 1
75 100 924 1
100 75 924 1
2 9 760 1
9 2 760 1
8 93 1382 1
93 8 1382 1
26 84 884 1
84 26 884 1
39 86 698 1
86 39 698 1
39 106 557 1
106 39 557 1
68 110 813 1
110 68 813 1
71 74 359 1
74 71 359 1
71 83 425 1
83 71 425 1
2 26 618 1
26 2 618 1
3 77 610 1
77 3 610 1
9 101 1217 1
101 9 1217 1
16 52 739 1
52 16 739 1
33 36 610 1
36 33 610 1
50 86 1077 1
86 50 1077 1
51 98 763 1
98 51 763 1
63 76 747 1
76 63 747 1
69 110 773 1
110 69 773 1
78 111 693 1
111 78 693 1
95 102 514 1
102 95 514 1
95 106 414 1
106 95 414 1
98 105 417 1
105 98 417 1
0 84 624 1
84 0 624 1
4 83 726 1
83 4 726 1
24 93 1326 1
93 24 1326 1
26 87 560 1
87 26 560 1
30 52 1201 1
52 30 1201 1
37 82 780 1
82 37 780 1
39 85 433 1
85 39 433 1
47 104 532 1
104 47 532 1
54 103 653 1
103 54 653 1
64 115 820 1
115 64 820 1
86 99 956 1
99 86 956 1
105 114 152 1
114 105 152 1
9 115 1058 1
115 9 1058 1
22 30 218 1
30 22 218 1
32 49 731 1
49 32 731 1
44 53 562 1
53 44 562 1
44 111 448 1
111 44 448 1
58 64 312 1
64 58 312 1
60 100 938 1
100 60 938 1
70 102 879 1
102 70 879 1
74 112 785 1
112 74 785 1
75 92 967 1
92 75 967 1
1 42 969 1
42 1 969 1
2 12 394 1
12 2 394 1
7 11 254 1
11 7 254 1
11 31 475 1
31 11 475 1
43 44 290 1
44 43 290 1
73 113 827 1
113 73 827 1
77 91 668 1
91 77 668 1
90 99 615 1
99 90 615 1
1 12 1022 1
12 1 1022 1
2 102 1269 1
102 2 1269 1
11 80 1102 1
80 11 1102 1
16 85 1095 1
85 16 1095 1
29 44 1005 1
44 29 1005 1
72 111 772 1
111 72 772 1
98 112 277 1
112 98 277 1
5 13 461 1
13 5 461 1
6 34 815 1
34 6 815 1
16 98 666 1
98 16 666 1
18 29 740 1
29 18 740 1
20 108 552 1
108 20 552 1
25 47 1189 1
47 25 1189 1
33 44 737 1
44 33 737 1
41 95 382 1
95 41 382 1
53 111 406 1
111 53 406 1
91 102 669 1
102 91 669 1
13 63 653 1
63 13 653 1
68 96 891 1
96 68 891 1
74 113 753 1
113 74 753 1
81 98 940 1
98 81 940 1
82 93 1124 1
93 82 1124 1
103 106 532 1
106 103 532 1
1 48 985 1
48 1 985 1
31 33 517 1
33 31 517 1
36 99 637 1
99 36 637 1
40 113 703 1
113 40 703 1
68 78 695 1
78 68 695 1
94 106 271 1
106 94 271 1
96 99 428 1
99 96 428 1
102 109 475 1
109 102 475 1
2 71 519 1
71 2 519 1
3 71 399 1
71 3 399 1
16 113 881 1
113 16 881 1
20 91 956 1
91 20 956 1
53 81 650 1
81 53 650 1
69 81 801 1
81 69 801 1
71 108 604 1
108 71 604 1
9 53 1347 1
53 9 1347 1
15 21 348 1
21 15 348 1
25 50 1404 1
50 25 1404 1
25 93 1273 1
93 25 1273 1
40 49 1047 1
49 40 1047 1
58 100 1047 1
100 58 1047 1
76 113 641 1
113 76 641 1
99 113 264 1
113 99 264 1
17 54 969 1
54 17 969 1
18 32 279 1
32 18 279 1
39 99 432 1
99 39 432 1
55 94 428 1
94 55 428 1
60 93 1168 1
93 60 1168 1
65 102 1120 1
102 65 1120 1
67 86 1148 1
86 67 1148 1
69 106 1139 1
106 69 1139 1
78 86 556 1
86 78 556 1
0 60 405 1
60 0 405 1
7 104 1243 1
104 7 1243 1
15 108 821 1
108 15 821 1
17 99 704 1
99 17 704 1
21 88 754 1
88 21 754 1
35 64 566 1
64 35 566 1
41 46 810 1
46 41 810 1
41 77 345 1
77 41 345 1
96 107 486 1
107 96 486 1
98 107 585 1
107 98 585 1
108 115 135 1
115 108 135 1
3 9 596 1
9 3 596 1
10 89 1185 1
89 10 1185 1
20 112 885 1
112 20 885 1
29 78 851 1
78 29 851 1
46 78 577 1
78 46 577 1
1 51 787 1
51 1 787 1
38 40 158 1
40 38 158 1
44 78 731 1
78 44 731 1
47 111 188 1
111 47 188 1
62 66 562 1
66 62 562 1
65 75 753 1
75 65 753 1
5 21 332 1
21 5 332 1
6 66 934 1
66 6 934 1
15 104 1023 1
104 15 1023 1
29 53 887 1
53 29 887 1
29 111 842 1
111 29 842 1
33 111 803 1
111 33 803 1
38 103 677 1
103 38 677 1
51 55 568 1
55 51 568 1
67 101 953 1
101 67 953 1
92 95 594 1
95 92 594 1
92 112 325 1
112 92 325 1
0 28 492 1
28 0 492 1
0 79 944 1
79 0 944 1
4 12 434 1
12 4 434 1
7 23 337 1
23 7 337 1
25 51 1371 1
51 25 1371 1
25 111 1192 1
111 25 1192 1
39 46 678 1
46 39 678 1
48 69 703 1
69 48 703 1
62 74 590 1
74 62 590 1
72 78 300 1
78 72 300 1
12 54 794 1
54 12 794 1
21 51 1039 1
51 21 1039 1
50 78 628 1
78 50 628 1
67 108 667 1
108 67 667 1
79 96 717 1
96 79 717 1
88 104 496 1
104 88 496 1
16 18 646 1
18 16 646 1
24 100 1231 1
100 24 1231 1
26 93 1144 1
93 26 1144 1
37 111 552 1
111 37 552 1
38 80 426 1
80 38 426 1
38 108 316 1
108 38 316 1
