116 2668
44 45 194 1
45 44 194 1
22 23 140 1
23 22 140 1
28 72 116 1
72 28 116 1
42 46 173 1
46 42 173 1
28 29 741 1
29 28 741 1
80 81 1113 1
81 80 1113 1
56 57 840 1
57 56 840 1
60 61 893 1
61 60 893 1
29 72 629 1
72 29 629 1
84 85 1130 1
85 84 1130 1
42 47 281 1
47 42 281 1
28 83 861 1
83 28 861 1
47 98 442 1
98 47 442 1
2 64 992 1
64 2 992 1
58 59 496 1
59 58 496 1
30 31 127 1
31 30 127 1
50 51 698 1
51 50 698 1
29 83 227 1
83 29 227 1
14 88 613 1
88 14 613 1
16 80 152 1
80 16 152 1
47 55 367 1
55 47 367 1
45 49 111 1
49 45 111 1
42 98 381 1
98 42 381 1
23 50 1386 1
50 23 1386 1
26 27 135 1
27 26 135 1
95 108 123 1
108 95 123 1
106 108 322 1
108 106 322 1
42 43 239 1
43 42 239 1
20 26 232 1
26 20 232 1
72 75 453 1
75 72 453 1
58 61 717 1
61 58 717 1
42 55 629 1
55 42 629 1
73 74 458 1
74 73 458 1
25 26 225 1
26 25 225 1
46 47 309 1
47 46 309 1
59 61 271 1
61 59 271 1
20 21 185 1
21 20 185 1
34 35 126 1
35 34 126 1
16 28 220 1
28 16 220 1
45 67 282 1
67 45 282 1
21 25 360 1
25 21 360 1
35 67 262 1
67 35 262 1
3 23 271 1
23 3 271 1
11 13 168 1
13 11 168 1
22 50 1336 1
50 22 1336 1
70 77 376 1
77 70 376 1
82 83 881 1
83 82 881 1
68 69 164 1
69 68 164 1
34 67 275 1
67 34 275 1
64 88 675 1
88 64 675 1
17 81 182 1
81 17 182 1
46 55 584 1
55 46 584 1
91 93 118 1
93 91 118 1
25 27 193 1
27 25 193 1
47 49 380 1
49 47 380 1
55 98 606 1
98 55 606 1
4 6 536 1
6 4 536 1
79 80 991 1
80 79 991 1
22 24 386 1
24 22 386 1
97 105 299 1
105 97 299 1
17 80 1070 1
80 17 1070 1
22 64 1169 1
64 22 1169 1
12 13 959 1
13 12 959 1
46 98 212 1
98 46 212 1
43 46 341 1
46 43 341 1
2 14 572 1
14 2 572 1
43 49 240 1
49 43 240 1
94 97 266 1
97 94 266 1
28 95 668 1
95 28 668 1
16 19 740 1
19 16 740 1
28 75 567 1
75 28 567 1
107 115 298 1
115 107 298 1
58 60 266 1
60 58 266 1
62 81 1169 1
81 62 1169 1
43 45 199 1
45 43 199 1
47 110 210 1
110 47 210 1
64 65 897 1
65 64 897 1
4 33 810 1
33 4 810 1
12 60 825 1
60 12 825 1
88 89 1035 1
89 88 1035 1
79 81 136 1
81 79 136 1
97 106 471 1
106 97 471 1
16 72 287 1
72 16 287 1
72 95 570 1
95 72 570 1
20 27 271 1
27 20 271 1
70 76 285 1
76 70 285 1
14 64 1035 1
64 14 1035 1
16 17 998 1
17 16 998 1
42 49 396 1
49 42 396 1
46 49 541 1
49 46 541 1
1 59 541 1
59 1 541 1
72 83 754 1
83 72 754 1
28 32 528 1
32 28 528 1
22 30 218 1
30 22 218 1
2 4 569 1
4 2 569 1
6 7 710 1
7 6 710 1
16 29 882 1
29 16 882 1
48 49 410 1
49 48 410 1
16 83 1029 1
83 16 1029 1
43 47 146 1
47 43 146 1
62 63 1134 1
63 62 1134 1
3 15 589 1
15 3 589 1
16 81 1063 1
81 16 1063 1
70 72 158 1
72 70 158 1
29 95 532 1
95 29 532 1
70 71 263 1
71 70 263 1
2 22 228 1
22 2 228 1
8 14 205 1
14 8 205 1
21 96 648 1
96 21 648 1
105 106 359 1
106 105 359 1
36 80 330 1
80 36 330 1
54 87 939 1
87 54 939 1
44 49 304 1
49 44 304 1
48 51 548 1
51 48 548 1
41 95 382 1
95 41 382 1
72 76 257 1
76 72 257 1
58 65 718 1
65 58 718 1
102 103 508 1
103 102 508 1
4 8 148 1
8 4 148 1
20 25 402 1
25 20 402 1
22 88 1044 1
88 22 1044 1
49 55 664 1
55 49 664 1
20 30 328 1
30 20 328 1
42 96 429 1
96 42 429 1
72 77 430 1
77 72 430 1
2 93 1417 1
93 2 1417 1
18 19 147 1
19 18 147 1
5 15 278 1
15 5 278 1
27 55 790 1
55 27 790 1
75 76 374 1
76 75 374 1
73 95 476 1
95 73 476 1
72 80 384 1
80 72 384 1
13 75 440 1
75 13 440 1
95 106 414 1
106 95 414 1
29 80 961 1
80 29 961 1
61 63 238 1
63 61 238 1
98 110 300 1
110 98 300 1
28 108 624 1
108 28 624 1
76 77 238 1
77 76 238 1
61 65 175 1
65 61 175 1
74 76 203 1
76 74 203 1
13 106 1119 1
106 13 1119 1
44 67 332 1
67 44 332 1
47 51 339 1
51 47 339 1
48 110 500 1
110 48 500 1
27 30 343 1
30 27 343 1
12 106 877 1
106 12 877 1
55 96 492 1
96 55 492 1
24 30 283 1
30 24 283 1
21 26 271 1
26 21 271 1
14 22 562 1
22 14 562 1
29 75 189 1
75 29 189 1
51 110 520 1
110 51 520 1
41 106 653 1
106 41 653 1
1 13 546 1
13 1 546 1
104 115 184 1
115 104 184 1
28 36 321 1
36 28 321 1
26 96 811 1
96 26 811 1
77 78 550 1
78 77 550 1
95 97 97 1
97 95 97 1
16 56 380 1
56 16 380 1
23 25 373 1
25 23 373 1
41 83 252 1
83 41 252 1
96 98 184 1
98 96 184 1
7 90 1390 1
90 7 1390 1
28 80 329 1
80 28 329 1
17 79 135 1
79 17 135 1
43 55 485 1
55 43 485 1
62 80 268 1
80 62 268 1
13 108 915 1
108 13 915 1
19 62 792 1
62 19 792 1
23 24 403 1
24 23 403 1
46 51 585 1
51 46 585 1
11 28 875 1
28 11 875 1
24 27 252 1
27 24 252 1
15 82 832 1
82 15 832 1
70 75 355 1
75 70 355 1
11 92 1324 1
92 11 1324 1
24 25 135 1
25 24 135 1
49 98 742 1
98 49 742 1
20 55 690 1
55 20 690 1
28 106 619 1
106 28 619 1
60 65 898 1
65 60 898 1
61 106 1151 1
106 61 1151 1
1 61 385 1
61 1 385 1
28 76 345 1
76 28 345 1
4 64 1218 1
64 4 1218 1
12 28 275 1
28 12 275 1
25 30 292 1
30 25 292 1
27 96 825 1
96 27 825 1
0 10 381 1
10 0 381 1
23 64 1238 1
64 23 1238 1
27 42 1179 1
42 27 1179 1
46 50 303 1
50 46 303 1
21 38 458 1
38 21 458 1
43 44 290 1
44 43 290 1
37 79 267 1
79 37 267 1
57 69 378 1
69 57 378 1
3 7 185 1
7 3 185 1
13 83 347 1
83 13 347 1
27 50 1279 1
50 27 1279 1
2 6 165 1
6 2 165 1
29 81 342 1
81 29 342 1
80 83 1100 1
83 80 1100 1
83 95 609 1
95 83 609 1
17 83 381 1
83 17 381 1
27 51 1246 1
51 27 1246 1
94 114 259 1
114 94 259 1
2 107 1169 1
107 2 1169 1
19 81 772 1
81 19 772 1
24 50 1395 1
50 24 1395 1
6 64 941 1
64 6 941 1
11 12 972 1
12 11 972 1
16 75 702 1
75 16 702 1
22 27 524 1
27 22 524 1
25 31 272 1
31 25 272 1
37 80 842 1
80 37 842 1
43 98 522 1
98 43 522 1
73 75 84 1
75 73 84 1
2 8 554 1
8 2 554 1
6 33 588 1
33 6 588 1
39 109 356 1
109 39 356 1
41 80 868 1
80 41 868 1
76 101 848 1
101 76 848 1
7 52 1400 1
52 7 1400 1
26 110 904 1
110 26 904 1
29 73 113 1
73 29 113 1
41 73 204 1
73 41 204 1
76 80 424 1
80 76 424 1
5 31 333 1
31 5 333 1
46 48 368 1
48 46 368 1
47 96 412 1
96 47 412 1
54 96 167 1
96 54 167 1
3 22 347 1
22 3 347 1
5 25 129 1
25 5 129 1
20 43 937 1
43 20 937 1
33 35 375 1
35 33 375 1
73 76 450 1
76 73 450 1
2 24 548 1
24 2 548 1
3 85 893 1
85 3 893 1
72 73 517 1
73 72 517 1
21 27 209 1
27 21 209 1
11 75 388 1
75 11 388 1
13 28 892 1
28 13 892 1
19 80 851 1
80 19 851 1
27 87 439 1
87 27 439 1
34 45 409 1
45 34 409 1
1 57 172 1
57 1 172 1
9 60 1369 1
60 9 1369 1
9 61 1165 1
61 9 1165 1
72 74 76 1
74 72 76 1
11 83 383 1
83 11 383 1
35 45 385 1
45 35 385 1
59 63 501 1
63 59 501 1
60 63 1021 1
63 60 1021 1
1 56 851 1
56 1 851 1
56 80 431 1
80 56 431 1
1 106 1164 1
106 1 1164 1
10 11 986 1
11 10 986 1
52 89 1027 1
89 52 1027 1
56 103 1239 1
103 56 1239 1
23 89 1070 1
89 23 1070 1
24 26 201 1
26 24 201 1
26 55 856 1
55 26 856 1
41 72 550 1
72 41 550 1
59 65 304 1
65 59 304 1
46 96 270 1
96 46 270 1
75 95 407 1
95 75 407 1
3 89 961 1
89 3 961 1
23 88 1119 1
88 23 1119 1
29 32 631 1
32 29 631 1
36 74 242 1
74 36 242 1
52 88 542 1
88 52 542 1
56 99 1051 1
99 56 1051 1
3 92 1420 1
92 3 1420 1
48 98 566 1
98 48 566 1
69 103 1214 1
103 69 1214 1
74 75 389 1
75 74 389 1
15 53 1143 1
53 15 1143 1
26 87 560 1
87 26 560 1
93 107 357 1
107 93 357 1
63 81 293 1
81 63 293 1
1 63 334 1
63 1 334 1
8 9 638 1
9 8 638 1
41 75 187 1
75 41 187 1
48 50 202 1
50 48 202 1
58 66 198 1
66 58 198 1
31 71 265 1
71 31 265 1
98 99 479 1
99 98 479 1
9 65 1235 1
65 9 1235 1
16 41 813 1
41 16 813 1
23 92 1466 1
92 23 1466 1
44 47 404 1
47 44 404 1
2 88 959 1
88 2 959 1
30 34 790 1
34 30 790 1
36 72 276 1
72 36 276 1
36 76 232 1
76 36 232 1
6 31 464 1
31 6 464 1
7 53 1223 1
53 7 1223 1
56 69 542 1
69 56 542 1
102 104 159 1
104 102 159 1
45 47 345 1
47 45 345 1
95 109 146 1
109 95 146 1
17 19 648 1
19 17 648 1
5 82 673 1
82 5 673 1
9 53 1347 1
53 9 1347 1
27 110 890 1
110 27 890 1
97 108 170 1
108 97 170 1
20 24 393 1
24 20 393 1
42 48 243 1
48 42 243 1
56 102 1030 1
102 56 1030 1
18 99 1100 1
99 18 1100 1
27 47 1038 1
47 27 1038 1
34 64 445 1
64 34 445 1
91 101 197 1
101 91 197 1
48 107 958 1
107 48 958 1
75 77 210 1
77 75 210 1
79 83 420 1
83 79 420 1
87 104 852 1
104 87 852 1
1 100 1327 1
100 1 1327 1
13 15 277 1
15 13 277 1
19 32 289 1
32 19 289 1
29 77 357 1
77 29 357 1
29 79 257 1
79 29 257 1
30 50 1195 1
50 30 1195 1
37 75 239 1
75 37 239 1
97 114 263 1
114 97 263 1
14 23 650 1
23 14 650 1
57 102 1241 1
102 57 1241 1
72 108 541 1
108 72 541 1
1 68 549 1
68 1 549 1
60 64 187 1
64 60 187 1
19 56 574 1
56 19 574 1
42 45 300 1
45 42 300 1
22 25 402 1
25 22 402 1
29 41 234 1
41 29 234 1
22 84 1027 1
84 22 1027 1
22 89 1126 1
89 22 1126 1
28 41 661 1
41 28 661 1
36 77 422 1
77 36 422 1
42 110 303 1
110 42 303 1
51 55 568 1
55 51 568 1
75 83 351 1
83 75 351 1
11 109 804 1
109 11 804 1
12 61 1246 1
61 12 1246 1
62 83 1241 1
83 62 1241 1
84 88 224 1
88 84 224 1
16 106 659 1
106 16 659 1
96 110 214 1
110 96 214 1
29 108 631 1
108 29 631 1
37 81 336 1
81 37 336 1
62 108 759 1
108 62 759 1
67 110 507 1
110 67 507 1
70 93 1035 1
93 70 1035 1
32 81 728 1
81 32 728 1
44 55 743 1
55 44 743 1
45 46 448 1
46 45 448 1
50 88 679 1
88 50 679 1
45 107 840 1
107 45 840 1
64 84 478 1
84 64 478 1
41 108 476 1
108 41 476 1
11 65 770 1
65 11 770 1
16 32 504 1
32 16 504 1
38 39 465 1
39 38 465 1
56 68 408 1
68 56 408 1
12 16 384 1
16 12 384 1
15 25 386 1
25 15 386 1
24 43 1300 1
43 24 1300 1
59 60 718 1
60 59 718 1
3 53 1253 1
53 3 1253 1
29 36 705 1
36 29 705 1
83 108 716 1
108 83 716 1
22 34 922 1
34 22 922 1
36 79 738 1
79 36 738 1
71 75 163 1
75 71 163 1
2 30 317 1
30 2 317 1
28 79 847 1
79 28 847 1
58 69 426 1
69 58 426 1
66 103 1026 1
103 66 1026 1
25 50 1404 1
50 25 1404 1
50 52 243 1
52 50 243 1
50 64 302 1
64 50 302 1
54 89 853 1
89 54 853 1
55 110 380 1
110 55 380 1
7 9 490 1
9 7 490 1
23 30 259 1
30 23 259 1
42 51 463 1
51 42 463 1
53 108 584 1
108 53 584 1
60 106 915 1
106 60 915 1
108 109 87 1
109 108 87 1
18 72 618 1
72 18 618 1
29 76 555 1
76 29 555 1
99 111 265 1
111 99 265 1
3 90 1350 1
90 3 1350 1
31 33 517 1
33 31 517 1
39 96 494 1
96 39 494 1
95 105 309 1
105 95 309 1
8 60 1121 1
60 8 1121 1
10 84 516 1
84 10 516 1
23 85 1053 1
85 23 1053 1
16 101 1154 1
101 16 1154 1
30 33 526 1
33 30 526 1
81 83 446 1
83 81 446 1
16 62 313 1
62 16 313 1
28 70 247 1
70 28 247 1
40 41 506 1
41 40 506 1
52 59 956 1
59 52 956 1
84 89 1110 1
89 84 1110 1
15 38 793 1
38 15 793 1
24 64 1287 1
64 24 1287 1
74 95 497 1
95 74 497 1
3 50 1273 1
50 3 1273 1
51 98 763 1
98 51 763 1
70 95 587 1
95 70 587 1
92 93 608 1
93 92 608 1
11 108 839 1
108 11 839 1
18 29 740 1
29 18 740 1
2 65 1144 1
65 2 1144 1
35 44 409 1
44 35 409 1
49 51 172 1
51 49 172 1
105 108 296 1
108 105 296 1
17 57 439 1
57 17 439 1
47 99 231 1
99 47 231 1
65 88 1179 1
88 65 1179 1
91 103 258 1
103 91 258 1
57 103 1078 1
103 57 1078 1
59 69 338 1
69 59 338 1
71 77 297 1
77 71 297 1
76 83 717 1
83 76 717 1
0 104 1096 1
104 0 1096 1
8 64 1208 1
64 8 1208 1
26 50 1256 1
50 26 1256 1
28 77 540 1
77 28 540 1
11 85 574 1
85 11 574 1
52 53 746 1
53 52 746 1
15 21 348 1
21 15 348 1
19 28 732 1
28 19 732 1
19 68 313 1
68 19 313 1
86 87 805 1
87 86 805 1
66 104 942 1
104 66 942 1
8 61 1371 1
61 8 1371 1
56 98 821 1
98 56 821 1
66 101 1048 1
101 66 1048 1
103 105 173 1
105 103 173 1
16 76 379 1
76 16 379 1
20 96 592 1
96 20 592 1
49 99 587 1
99 49 587 1
94 110 220 1
110 94 220 1
6 8 485 1
8 6 485 1
33 64 737 1
64 33 737 1
37 102 749 1
102 37 749 1
42 44 208 1
44 42 208 1
13 16 1048 1
16 13 1048 1
32 106 871 1
106 32 871 1
34 44 373 1
44 34 373 1
71 109 576 1
109 71 576 1
17 56 1024 1
56 17 1024 1
21 31 344 1
31 21 344 1
25 42 1319 1
42 25 1319 1
36 41 570 1
41 36 570 1
36 81 848 1
81 36 848 1
76 78 312 1
78 76 312 1
68 99 1044 1
99 68 1044 1
93 101 103 1
101 93 103 1
59 68 484 1
68 59 484 1
23 27 506 1
27 23 506 1
28 105 872 1
105 28 872 1
48 55 832 1
55 48 832 1
72 99 831 1
99 72 831 1
4 31 397 1
31 4 397 1
26 98 979 1
98 26 979 1
23 84 1113 1
84 23 1113 1
32 108 663 1
108 32 663 1
37 77 246 1
77 37 246 1
11 71 374 1
71 11 374 1
45 48 304 1
48 45 304 1
78 87 1016 1
87 78 1016 1
8 91 1373 1
91 8 1373 1
54 98 204 1
98 54 204 1
114 115 96 1
115 114 96 1
9 14 725 1
14 9 725 1
11 15 385 1
15 11 385 1
44 107 886 1
107 44 886 1
62 106 794 1
106 62 794 1
16 18 646 1
18 16 646 1
20 42 954 1
42 20 954 1
28 82 255 1
82 28 255 1
36 40 213 1
40 36 213 1
45 55 662 1
55 45 662 1
72 106 580 1
106 72 580 1
80 108 630 1
108 80 630 1
45 112 552 1
112 45 552 1
74 85 839 1
85 74 839 1
90 92 135 1
92 90 135 1
99 104 430 1
104 99 430 1
11 95 744 1
95 11 744 1
29 70 512 1
70 29 512 1
30 35 784 1
35 30 784 1
103 104 369 1
104 103 369 1
34 107 734 1
107 34 734 1
26 86 416 1
86 26 416 1
33 34 394 1
34 33 394 1
35 110 305 1
110 35 305 1
75 106 695 1
106 75 695 1
97 104 399 1
104 97 399 1
27 98 999 1
98 27 999 1
32 72 471 1
72 32 471 1
16 36 349 1
36 16 349 1
28 109 610 1
109 28 610 1
34 94 438 1
94 34 438 1
38 62 642 1
62 38 642 1
12 95 927 1
95 12 927 1
77 110 393 1
110 77 393 1
14 92 1074 1
92 14 1074 1
26 42 1183 1
42 26 1183 1
59 89 931 1
89 59 931 1
23 65 1169 1
65 23 1169 1
25 96 984 1
96 25 984 1
32 53 939 1
53 32 939 1
32 100 1015 1
100 32 1015 1
68 100 1230 1
100 68 1230 1
1 97 819 1
97 1 819 1
15 83 194 1
83 15 194 1
22 51 1360 1
51 22 1360 1
27 43 1124 1
43 27 1124 1
3 5 603 1
5 3 603 1
5 53 1317 1
53 5 1317 1
6 93 1425 1
93 6 1425 1
13 80 1155 1
80 13 1155 1
75 108 484 1
108 75 484 1
76 82 520 1
82 76 520 1
97 115 218 1
115 97 218 1
21 87 397 1
87 21 397 1
22 26 505 1
26 22 505 1
35 94 438 1
94 35 438 1
13 95 821 1
95 13 821 1
19 29 673 1
29 19 673 1
28 73 629 1
73 28 629 1
42 50 271 1
50 42 271 1
47 111 188 1
111 47 188 1
57 59 382 1
59 57 382 1
2 91 1366 1
91 2 1366 1
9 111 1239 1
111 9 1239 1
13 17 364 1
17 13 364 1
36 37 542 1
37 36 542 1
40 77 472 1
77 40 472 1
46 86 899 1
86 46 899 1
49 112 609 1
112 49 609 1
56 81 1090 1
81 56 1090 1
57 99 846 1
99 57 846 1
99 101 266 1
101 99 266 1
27 78 793 1
78 27 793 1
98 111 265 1
111 98 265 1
12 32 661 1
32 12 661 1
26 46 1059 1
46 26 1059 1
31 82 641 1
82 31 641 1
36 75 517 1
75 36 517 1
38 96 284 1
96 38 284 1
41 74 484 1
74 41 484 1
48 96 608 1
96 48 608 1
78 99 844 1
99 78 844 1
20 99 812 1
99 20 812 1
48 104 822 1
104 48 822 1
55 99 216 1
99 55 216 1
3 51 1145 1
51 3 1145 1
28 74 188 1
74 28 188 1
48 67 417 1
67 48 417 1
12 72 358 1
72 12 358 1
23 51 1340 1
51 23 1340 1
13 81 530 1
81 13 530 1
36 73 600 1
73 36 600 1
37 73 278 1
73 37 278 1
43 96 503 1
96 43 503 1
52 65 959 1
65 52 959 1
59 66 363 1
66 59 363 1
65 89 679 1
89 65 679 1
8 93 1382 1
93 8 1382 1
43 110 298 1
110 43 298 1
90 91 735 1
91 90 735 1
95 114 280 1
114 95 280 1
0 1 800 1
1 0 800 1
9 106 1074 1
106 9 1074 1
26 51 1298 1
51 26 1298 1
34 91 729 1
91 34 729 1
49 107 859 1
107 49 859 1
7 31 345 1
31 7 345 1
24 88 947 1
88 24 947 1
47 48 490 1
48 47 490 1
58 107 1147 1
107 58 1147 1
104 107 401 1
107 104 401 1
32 83 847 1
83 32 847 1
51 96 733 1
96 51 733 1
70 91 1000 1
91 70 1000 1
75 80 775 1
80 75 775 1
24 35 1010 1
35 24 1010 1
60 62 241 1
62 60 241 1
28 81 975 1
81 28 975 1
39 77 312 1
77 39 312 1
13 62 1248 1
62 13 1248 1
23 26 522 1
26 23 522 1
3 82 903 1
82 3 903 1
15 85 720 1
85 15 720 1
17 112 924 1
112 17 924 1
18 33 288 1
33 18 288 1
34 93 788 1
93 34 788 1
1 58 829 1
58 1 829 1
32 73 550 1
73 32 550 1
78 79 878 1
79 78 878 1
43 48 391 1
48 43 391 1
8 58 1298 1
58 8 1298 1
42 86 1057 1
86 42 1057 1
43 112 376 1
112 43 376 1
44 48 114 1
48 44 114 1
65 92 1075 1
92 65 1075 1
89 92 938 1
92 89 938 1
104 105 204 1
105 104 204 1
3 14 804 1
14 3 804 1
4 7 733 1
7 4 733 1
52 90 240 1
90 52 240 1
80 95 719 1
95 80 719 1
18 91 1236 1
91 18 1236 1
75 101 807 1
101 75 807 1
95 99 272 1
99 95 272 1
26 43 1155 1
43 26 1155 1
65 85 476 1
85 65 476 1
4 30 322 1
30 4 322 1
4 34 986 1
34 4 986 1
59 103 1115 1
103 59 1115 1
87 96 843 1
96 87 843 1
99 103 258 1
103 99 258 1
107 110 468 1
110 107 468 1
3 25 566 1
25 3 566 1
4 9 500 1
9 4 500 1
41 62 1018 1
62 41 1018 1
55 94 428 1
94 55 428 1
68 103 1277 1
103 68 1277 1
2 23 340 1
23 2 340 1
9 12 856 1
12 9 856 1
37 62 953 1
62 37 953 1
94 107 417 1
107 94 417 1
8 12 346 1
12 8 346 1
40 73 549 1
73 40 549 1
44 112 534 1
112 44 534 1
111 112 111 1
112 111 111 1
15 63 805 1
63 15 805 1
38 87 730 1
87 38 730 1
50 86 1077 1
86 50 1077 1
57 104 1139 1
104 57 1139 1
58 104 1061 1
104 58 1061 1
2 34 808 1
34 2 808 1
27 46 1065 1
46 27 1065 1
56 115 941 1
115 56 941 1
64 85 1107 1
85 64 1107 1
91 107 371 1
107 91 371 1
16 99 951 1
99 16 951 1
54 66 740 1
66 54 740 1
70 90 900 1
90 70 900 1
76 90 664 1
90 76 664 1
9 64 1448 1
64 9 1448 1
17 29 223 1
29 17 223 1
21 39 356 1
39 21 356 1
24 42 1334 1
42 24 1334 1
58 64 312 1
64 58 312 1
77 79 329 1
79 77 329 1
108 114 218 1
114 108 218 1
16 95 729 1
95 16 729 1
20 47 858 1
47 20 858 1
52 61 1057 1
61 52 1057 1
66 67 177 1
67 66 177 1
10 65 1203 1
65 10 1203 1
19 72 678 1
72 19 678 1
24 34 1021 1
34 24 1021 1
25 55 952 1
55 25 952 1
26 47 1071 1
47 26 1071 1
26 54 816 1
54 26 816 1
11 113 1085 1
113 11 1085 1
18 28 651 1
28 18 651 1
20 66 927 1
66 20 927 1
52 58 705 1
58 52 705 1
53 106 847 1
106 53 847 1
66 100 968 1
100 66 968 1
10 12 181 1
12 10 181 1
44 46 353 1
46 44 353 1
70 101 1040 1
101 70 1040 1
0 68 414 1
68 0 414 1
4 93 1288 1
93 4 1288 1
12 75 743 1
75 12 743 1
12 109 879 1
109 12 879 1
26 67 1128 1
67 26 1128 1
29 62 1067 1
62 29 1067 1
39 54 618 1
54 39 618 1
83 106 894 1
106 83 894 1
7 64 1244 1
64 7 1244 1
15 39 506 1
39 15 506 1
31 83 561 1
83 31 561 1
32 36 555 1
36 32 555 1
54 104 337 1
104 54 337 1
76 95 396 1
95 76 396 1
17 82 1011 1
82 17 1011 1
19 99 1048 1
99 19 1048 1
26 30 321 1
30 26 321 1
99 110 299 1
110 99 299 1
1 108 882 1
108 1 882 1
16 105 923 1
105 16 923 1
20 98 764 1
98 20 764 1
58 88 918 1
88 58 918 1
58 93 1138 1
93 58 1138 1
6 70 405 1
70 6 405 1
25 51 1371 1
51 25 1371 1
50 65 837 1
65 50 837 1
89 90 968 1
90 89 968 1
100 102 87 1
102 100 87 1
7 71 395 1
71 7 395 1
9 11 523 1
11 9 523 1
20 78 525 1
78 20 525 1
102 115 318 1
115 102 318 1
0 115 997 1
115 0 997 1
6 60 799 1
60 6 799 1
8 88 819 1
88 8 819 1
21 55 604 1
55 21 604 1
52 64 474 1
64 52 474 1
72 105 795 1
105 72 795 1
78 80 116 1
80 78 116 1
110 115 264 1
115 110 264 1
4 14 255 1
14 4 255 1
5 27 165 1
27 5 165 1
7 15 461 1
15 7 461 1
13 38 919 1
38 13 919 1
16 82 421 1
82 16 421 1
30 64 1064 1
64 30 1064 1
39 40 508 1
40 39 508 1
40 94 393 1
94 40 393 1
45 86 1232 1
86 45 1232 1
46 54 354 1
54 46 354 1
53 90 787 1
90 53 787 1
69 107 1110 1
107 69 1110 1
76 113 641 1
113 76 641 1
77 95 322 1
95 77 322 1
30 77 559 1
77 30 559 1
43 99 372 1
99 43 372 1
29 109 610 1
109 29 610 1
61 97 738 1
97 61 738 1
1 102 1288 1
102 1 1288 1
4 24 144 1
24 4 144 1
21 42 978 1
42 21 978 1
37 71 401 1
71 37 401 1
42 87 1132 1
87 42 1132 1
62 72 566 1
72 62 566 1
62 82 720 1
82 62 720 1
72 101 1016 1
101 72 1016 1
11 29 239 1
29 11 239 1
58 68 392 1
68 58 392 1
70 74 155 1
74 70 155 1
9 58 1436 1
58 9 1436 1
10 85 1188 1
85 10 1188 1
13 113 1170 1
113 13 1170 1
19 100 1295 1
100 19 1295 1
23 86 866 1
86 23 866 1
0 99 1111 1
99 0 1111 1
32 62 548 1
62 32 548 1
74 106 540 1
106 74 540 1
4 35 987 1
35 4 987 1
13 29 290 1
29 13 290 1
14 89 1093 1
89 14 1093 1
17 62 1129 1
62 17 1129 1
23 31 199 1
31 23 199 1
27 34 903 1
34 27 903 1
35 107 663 1
107 35 663 1
37 41 217 1
41 37 217 1
0 19 488 1
19 0 488 1
10 91 1269 1
91 10 1269 1
57 98 1043 1
98 57 1043 1
59 104 1146 1
104 59 1146 1
75 105 690 1
105 75 690 1
96 99 428 1
99 96 428 1
102 114 295 1
114 102 295 1
1 19 351 1
19 1 351 1
7 92 1445 1
92 7 1445 1
42 99 482 1
99 42 482 1
42 112 333 1
112 42 333 1
62 75 893 1
75 62 893 1
66 102 974 1
102 66 974 1
16 57 981 1
57 16 981 1
20 87 562 1
87 20 562 1
77 83 539 1
83 77 539 1
27 35 871 1
35 27 871 1
37 76 441 1
76 37 441 1
48 115 731 1
115 48 731 1
51 52 786 1
52 51 786 1
53 89 552 1
89 53 552 1
77 101 754 1
101 77 754 1
2 9 760 1
9 2 760 1
2 33 510 1
33 2 510 1
3 88 1145 1
88 3 1145 1
5 7 538 1
7 5 538 1
85 89 220 1
89 85 220 1
94 106 271 1
106 94 271 1
99 105 287 1
105 99 287 1
1 12 1022 1
12 1 1022 1
4 107 958 1
107 4 958 1
40 74 182 1
74 40 182 1
85 88 1097 1
88 85 1097 1
105 115 176 1
115 105 176 1
8 69 1192 1
69 8 1192 1
19 83 893 1
83 19 893 1
29 82 824 1
82 29 824 1
36 70 395 1
70 36 395 1
36 113 562 1
113 36 562 1
52 63 1131 1
63 52 1131 1
73 80 850 1
80 73 850 1
37 74 520 1
74 37 520 1
41 97 446 1
97 41 446 1
57 68 520 1
68 57 520 1
68 101 1309 1
101 68 1309 1
71 92 1069 1
92 71 1069 1
0 28 492 1
28 0 492 1
35 64 566 1
64 35 566 1
62 85 1177 1
85 62 1177 1
62 100 836 1
100 62 836 1
14 24 389 1
24 14 389 1
29 37 304 1
37 29 304 1
36 83 816 1
83 36 816 1
37 108 355 1
108 37 355 1
7 83 551 1
83 7 551 1
15 62 1246 1
62 15 1246 1
43 78 794 1
78 43 794 1
55 87 559 1
87 55 559 1
59 97 823 1
97 59 823 1
69 91 1081 1
91 69 1081 1
72 109 524 1
109 72 524 1
12 83 999 1
83 12 999 1
21 30 349 1
30 21 349 1
31 70 334 1
70 31 334 1
40 78 376 1
78 40 376 1
73 106 774 1
106 73 774 1
77 99 529 1
99 77 529 1
25 47 1189 1
47 25 1189 1
49 67 315 1
67 49 315 1
56 78 391 1
78 56 391 1
77 80 662 1
80 77 662 1
1 60 923 1
60 1 923 1
3 84 1110 1
84 3 1110 1
12 108 895 1
108 12 895 1
37 114 513 1
114 37 513 1
49 110 518 1
110 49 518 1
50 110 492 1
110 50 492 1
63 100 1236 1
100 63 1236 1
106 114 322 1
114 106 322 1
28 101 1105 1
101 28 1105 1
53 82 1252 1
82 53 1252 1
58 97 887 1
97 58 887 1
77 93 729 1
93 77 729 1
91 99 166 1
99 91 166 1
92 100 157 1
100 92 157 1
11 106 1080 1
106 11 1080 1
22 31 234 1
31 22 234 1
27 67 1105 1
67 27 1105 1
39 55 254 1
55 39 254 1
60 81 1111 1
81 60 1111 1
78 110 569 1
110 78 569 1
80 106 591 1
106 80 591 1
2 58 959 1
58 2 959 1
19 101 1295 1
101 19 1295 1
17 41 414 1
41 17 414 1
20 40 225 1
40 20 225 1
28 62 527 1
62 28 527 1
32 95 664 1
95 32 664 1
38 54 263 1
54 38 263 1
38 63 974 1
63 38 974 1
43 56 867 1
56 43 867 1
49 111 530 1
111 49 530 1
61 111 816 1
111 61 816 1
10 93 1289 1
93 10 1289 1
62 74 590 1
74 62 590 1
75 113 758 1
113 75 758 1
87 98 1003 1
98 87 1003 1
101 103 106 1
103 101 106 1
25 46 1214 1
46 25 1214 1
47 112 265 1
112 47 265 1
57 92 1242 1
92 57 1242 1
72 81 860 1
81 72 860 1
7 11 254 1
11 7 254 1
11 60 1139 1
60 11 1139 1
15 23 561 1
23 15 561 1
20 22 544 1
22 20 544 1
8 33 863 1
33 8 863 1
29 33 510 1
33 29 510 1
40 72 200 1
72 40 200 1
67 94 677 1
94 67 677 1
74 108 474 1
108 74 474 1
27 45 1240 1
45 27 1240 1
28 37 709 1
37 28 709 1
30 78 663 1
78 30 663 1
94 115 181 1
115 94 181 1
0 91 1266 1
91 0 1266 1
15 108 821 1
108 15 821 1
18 77 606 1
77 18 606 1
44 94 628 1
94 44 628 1
54 57 1038 1
57 54 1038 1
1 111 979 1
111 1 979 1
22 65 1204 1
65 22 1204 1
22 85 1113 1
85 22 1113 1
54 59 1020 1
59 54 1020 1
71 78 647 1
78 71 647 1
5 83 447 1
83 5 447 1
14 58 1155 1
58 14 1155 1
32 74 456 1
74 32 456 1
32 80 590 1
80 32 590 1
50 67 562 1
67 50 562 1
56 101 1297 1
101 56 1297 1
57 79 431 1
79 57 431 1
98 112 277 1
112 98 277 1
18 32 279 1
32 18 279 1
29 106 855 1
106 29 855 1
37 70 546 1
70 37 546 1
40 76 327 1
76 40 327 1
48 94 667 1
94 48 667 1
49 86 1302 1
86 49 1302 1
67 107 894 1
107 67 894 1
40 103 804 1
103 40 804 1
76 99 626 1
99 76 626 1
80 112 813 1
112 80 813 1
1 62 1027 1
62 1 1027 1
1 99 923 1
99 1 923 1
16 79 934 1
79 16 934 1
33 67 474 1
67 33 474 1
34 50 475 1
50 34 475 1
43 57 691 1
57 43 691 1
1 103 1135 1
103 1 1135 1
27 107 753 1
107 27 753 1
31 77 552 1
77 31 552 1
67 91 790 1
91 67 790 1
29 101 860 1
101 29 860 1
57 80 1050 1
80 57 1050 1
65 84 1120 1
84 65 1120 1
81 100 1112 1
100 81 1112 1
7 82 962 1
82 7 962 1
13 72 796 1
72 13 796 1
22 35 922 1
35 22 922 1
41 77 345 1
77 41 345 1
70 73 402 1
73 70 402 1
74 80 415 1
80 74 415 1
93 115 401 1
115 93 401 1
1 113 1104 1
113 1 1104 1
10 58 862 1
58 10 862 1
15 52 1350 1
52 15 1350 1
20 31 387 1
31 20 387 1
40 80 433 1
80 40 433 1
48 54 669 1
54 48 669 1
58 100 1047 1
100 58 1047 1
71 76 392 1
76 71 392 1
79 82 965 1
82 79 965 1
12 62 664 1
62 12 664 1
36 95 408 1
95 36 408 1
38 59 1046 1
59 38 1046 1
50 87 1314 1
87 50 1314 1
96 104 297 1
104 96 297 1
7 65 934 1
65 7 934 1
20 46 831 1
46 20 831 1
27 48 1308 1
48 27 1308 1
30 71 303 1
71 30 303 1
37 40 562 1
40 37 562 1
53 61 678 1
61 53 678 1
0 97 963 1
97 0 963 1
2 50 1192 1
50 2 1192 1
12 58 1025 1
58 12 1025 1
25 86 638 1
86 25 638 1
27 54 856 1
54 27 856 1
31 53 1248 1
53 31 1248 1
39 108 341 1
108 39 341 1
76 81 691 1
81 76 691 1
90 111 396 1
111 90 396 1
100 101 656 1
101 100 656 1
0 12 517 1
12 0 517 1
0 16 380 1
16 0 380 1
0 100 1107 1
100 0 1107 1
2 35 833 1
35 2 833 1
19 79 658 1
79 19 658 1
26 102 984 1
102 26 984 1
68 111 952 1
111 68 952 1
71 73 163 1
73 71 163 1
75 82 661 1
82 75 661 1
101 104 464 1
104 101 464 1
0 101 1354 1
101 0 1354 1
10 92 1051 1
92 10 1051 1
14 15 772 1
15 14 772 1
70 109 564 1
109 70 564 1
87 89 476 1
89 87 476 1
21 71 214 1
71 21 214 1
37 78 740 1
78 37 740 1
43 111 293 1
111 43 293 1
54 55 651 1
55 54 651 1
71 72 402 1
72 71 402 1
5 9 157 1
9 5 157 1
6 72 449 1
72 6 449 1
7 61 813 1
61 7 813 1
11 53 1019 1
53 11 1019 1
13 41 490 1
41 13 490 1
13 53 1148 1
53 13 1148 1
32 60 487 1
60 32 487 1
35 91 647 1
91 35 647 1
36 62 525 1
62 36 525 1
6 9 834 1
9 6 834 1
21 100 934 1
100 21 934 1
24 46 1220 1
46 24 1220 1
36 104 476 1
104 36 476 1
46 110 220 1
110 46 220 1
50 84 554 1
84 50 554 1
22 78 803 1
78 22 803 1
29 40 655 1
40 29 655 1
33 107 867 1
107 33 867 1
40 79 762 1
79 40 762 1
52 60 638 1
60 52 638 1
68 97 933 1
97 68 933 1
78 109 527 1
109 78 527 1
5 13 461 1
13 5 461 1
9 88 1163 1
88 9 1163 1
12 81 1161 1
81 12 1161 1
15 96 944 1
96 15 944 1
46 111 189 1
111 46 189 1
54 110 373 1
110 54 373 1
0 58 565 1
58 0 565 1
13 37 594 1
37 13 594 1
27 49 1272 1
49 27 1272 1
43 104 661 1
104 43 661 1
45 98 655 1
98 45 655 1
70 108 590 1
108 70 590 1
80 99 917 1
99 80 917 1
30 70 259 1
70 30 259 1
38 41 513 1
41 38 513 1
38 61 1021 1
61 38 1021 1
76 79 567 1
79 76 567 1
2 92 1350 1
92 2 1350 1
8 101 1359 1
101 8 1359 1
8 107 1063 1
107 8 1063 1
10 60 650 1
60 10 650 1
15 31 431 1
31 15 431 1
23 34 949 1
34 23 949 1
35 77 284 1
77 35 284 1
70 78 427 1
78 70 427 1
85 92 1003 1
92 85 1003 1
3 52 1342 1
52 3 1342 1
15 92 1292 1
92 15 1292 1
36 102 505 1
102 36 505 1
50 89 1065 1
89 50 1065 1
103 113 295 1
113 103 295 1
1 15 757 1
15 1 757 1
6 90 1185 1
90 6 1185 1
19 98 1076 1
98 19 1076 1
20 102 804 1
102 20 804 1
21 66 949 1
66 21 949 1
33 94 670 1
94 33 670 1
58 103 1188 1
103 58 1188 1
5 65 1232 1
65 5 1232 1
6 29 840 1
29 6 840 1
6 101 1437 1
101 6 1437 1
16 60 498 1
60 16 498 1
24 45 1393 1
45 24 1393 1
26 66 1142 1
66 26 1142 1
37 95 241 1
95 37 241 1
94 96 89 1
96 94 89 1
5 39 639 1
39 5 639 1
18 47 993 1
47 18 993 1
57 78 938 1
78 57 938 1
64 107 1075 1
107 64 1075 1
72 79 733 1
79 72 733 1
20 50 1025 1
50 20 1025 1
20 56 790 1
56 20 790 1
51 67 436 1
67 51 436 1
59 100 1223 1
100 59 1223 1
66 87 1186 1
87 66 1186 1
97 103 349 1
103 97 349 1
101 115 407 1
115 101 407 1
4 91 1276 1
91 4 1276 1
17 98 995 1
98 17 995 1
51 86 1310 1
86 51 1310 1
64 93 1076 1
93 64 1076 1
73 108 560 1
108 73 560 1
4 22 457 1
22 4 457 1
13 92 1402 1
92 13 1402 1
27 44 1251 1
44 27 1251 1
42 54 525 1
54 42 525 1
47 94 415 1
94 47 415 1
52 85 1026 1
85 52 1026 1
69 115 1010 1
115 69 1010 1
76 93 823 1
93 76 823 1
1 80 1054 1
80 1 1054 1
12 38 624 1
38 12 624 1
15 42 1223 1
42 15 1223 1
18 35 624 1
35 18 624 1
38 97 469 1
97 38 469 1
58 91 1077 1
91 58 1077 1
5 11 579 1
11 5 579 1
27 99 955 1
99 27 955 1
28 71 506 1
71 28 506 1
30 67 972 1
67 30 972 1
38 71 546 1
71 38 546 1
77 104 668 1
104 77 668 1
1 69 441 1
69 1 441 1
9 113 1235 1
113 9 1235 1
14 65 1320 1
65 14 1320 1
25 114 1103 1
114 25 1103 1
55 78 841 1
78 55 841 1
75 99 632 1
99 75 632 1
81 108 656 1
108 81 656 1
1 11 394 1
11 1 394 1
1 112 1078 1
112 1 1078 1
7 63 675 1
63 7 675 1
19 49 882 1
49 19 882 1
44 98 563 1
98 44 563 1
50 54 543 1
54 50 543 1
73 77 274 1
77 73 274 1
99 112 272 1
112 99 272 1
29 71 259 1
71 29 259 1
56 79 965 1
79 56 965 1
91 105 371 1
105 91 371 1
38 83 760 1
83 38 760 1
0 56 174 1
56 0 174 1
5 23 453 1
23 5 453 1
6 30 365 1
30 6 365 1
32 76 341 1
76 32 341 1
45 110 453 1
110 45 453 1
49 56 904 1
56 49 904 1
51 87 1076 1
87 51 1076 1
61 105 1028 1
105 61 1028 1
89 103 468 1
103 89 468 1
0 36 643 1
36 0 643 1
1 16 963 1
16 1 963 1
11 72 773 1
72 11 773 1
12 92 1168 1
92 12 1168 1
13 61 843 1
61 13 843 1
26 34 907 1
34 26 907 1
68 113 1115 1
113 68 1115 1
3 11 395 1
11 3 395 1
13 76 778 1
76 13 778 1
29 100 1082 1
100 29 1082 1
77 109 318 1
109 77 318 1
5 21 332 1
21 5 332 1
25 39 702 1
39 25 702 1
48 87 1307 1
87 48 1307 1
53 63 685 1
63 53 685 1
7 85 812 1
85 7 812 1
12 105 1139 1
105 12 1139 1
24 107 992 1
107 24 992 1
97 109 174 1
109 97 174 1
8 59 1427 1
59 8 1427 1
13 104 1167 1
104 13 1167 1
14 69 1104 1
69 14 1104 1
25 53 1369 1
53 25 1369 1
39 74 501 1
74 39 501 1
39 78 740 1
78 39 740 1
63 102 1192 1
102 63 1192 1
76 92 745 1
92 76 745 1
106 113 395 1
113 106 395 1
7 88 1209 1
88 7 1209 1
17 49 813 1
49 17 813 1
71 95 547 1
95 71 547 1
6 65 1218 1
65 6 1218 1
21 108 562 1
108 21 562 1
37 72 595 1
72 37 595 1
38 106 276 1
106 38 276 1
93 103 173 1
103 93 173 1
93 104 478 1
104 93 478 1
19 69 323 1
69 19 323 1
29 31 454 1
31 29 454 1
34 86 880 1
86 34 880 1
68 102 1226 1
102 68 1226 1
74 113 753 1
113 74 753 1
81 112 823 1
112 81 823 1
0 18 364 1
18 0 364 1
12 53 1414 1
53 12 1414 1
24 51 1429 1
51 24 1429 1
26 78 726 1
78 26 726 1
28 113 881 1
113 28 881 1
39 114 488 1
114 39 488 1
49 94 735 1
94 49 735 1
55 107 232 1
107 55 232 1
57 115 958 1
115 57 958 1
58 63 892 1
63 58 892 1
58 92 982 1
92 58 982 1
68 104 1183 1
104 68 1183 1
69 102 1226 1
102 69 1226 1
71 93 964 1
93 71 964 1
81 82 1081 1
82 81 1081 1
39 95 233 1
95 39 233 1
47 78 767 1
78 47 767 1
50 85 1013 1
85 50 1013 1
20 110 682 1
110 20 682 1
39 71 417 1
71 39 417 1
50 55 863 1
55 50 863 1
73 109 538 1
109 73 538 1
1 105 1113 1
105 1 1113 1
6 71 586 1
71 6 586 1
13 82 976 1
82 13 976 1
14 79 974 1
79 14 974 1
23 46 1256 1
46 23 1256 1
29 74 571 1
74 29 571 1
36 108 330 1
108 36 330 1
64 91 1046 1
91 64 1046 1
94 102 378 1
102 94 378 1
104 113 229 1
113 104 229 1
0 106 981 1
106 0 981 1
12 41 846 1
41 12 846 1
59 102 1214 1
102 59 1214 1
61 64 928 1
64 61 928 1
0 105 1170 1
105 0 1170 1
28 97 752 1
97 28 752 1
68 91 1170 1
91 68 1170 1
89 113 633 1
113 89 633 1
11 41 473 1
41 11 473 1
18 74 626 1
74 18 626 1
56 104 1033 1
104 56 1033 1
71 101 966 1
101 71 966 1
78 98 547 1
98 78 547 1
99 107 302 1
107 99 302 1
6 83 986 1
83 6 986 1
12 80 516 1
80 12 516 1
16 108 661 1
108 16 661 1
18 109 857 1
109 18 857 1
18 110 887 1
110 18 887 1
38 95 382 1
95 38 382 1
40 102 619 1
102 40 619 1
47 50 544 1
50 47 544 1
51 54 884 1
54 51 884 1
94 95 213 1
95 94 213 1
17 43 764 1
43 17 764 1
23 52 1420 1
52 23 1420 1
41 94 523 1
94 41 523 1
57 96 913 1
96 57 913 1
87 110 837 1
110 87 837 1
103 115 322 1
115 103 322 1
3 64 1134 1
64 3 1134 1
27 104 911 1
104 27 911 1
32 82 768 1
82 32 768 1
35 93 718 1
93 35 718 1
43 67 388 1
67 43 388 1
46 112 262 1
112 46 262 1
64 92 764 1
92 64 764 1
78 104 706 1
104 78 706 1
101 113 350 1
113 101 350 1
6 85 1205 1
85 6 1205 1
14 50 1150 1
50 14 1150 1
27 86 519 1
86 27 519 1
86 89 1016 1
89 86 1016 1
88 92 521 1
92 88 521 1
11 61 675 1
61 11 675 1
16 100 798 1
100 16 798 1
28 102 802 1
102 28 802 1
39 46 678 1
46 39 678 1
48 99 711 1
99 48 711 1
55 104 526 1
104 55 526 1
61 88 1219 1
88 61 1219 1
63 80 1146 1
80 63 1146 1
0 95 915 1
95 0 915 1
1 28 918 1
28 1 918 1
5 38 756 1
38 5 756 1
10 51 1261 1
51 10 1261 1
13 63 653 1
63 13 653 1
30 39 678 1
39 30 678 1
56 113 1026 1
113 56 1026 1
4 65 1344 1
65 4 1344 1
11 104 1111 1
104 11 1111 1
13 70 648 1
70 13 648 1
21 47 833 1
47 21 833 1
21 102 871 1
102 21 871 1
24 48 1432 1
48 24 1432 1
41 79 379 1
79 41 379 1
60 100 938 1
100 60 938 1
13 71 401 1
71 13 401 1
18 75 668 1
75 18 668 1
18 107 1141 1
107 18 1141 1
42 78 692 1
78 42 692 1
55 86 895 1
86 55 895 1
60 74 699 1
74 60 699 1
79 109 545 1
109 79 545 1
13 109 892 1
109 13 892 1
16 103 1073 1
103 16 1073 1
42 111 258 1
111 42 258 1
44 86 1168 1
86 44 1168 1
56 59 788 1
59 56 788 1
96 102 343 1
102 96 343 1
1 81 501 1
81 1 501 1
16 73 769 1
73 16 769 1
35 40 644 1
40 35 644 1
53 83 977 1
83 53 977 1
63 106 1106 1
106 63 1106 1
73 83 298 1
83 73 298 1
7 60 1133 1
60 7 1133 1
8 65 1425 1
65 8 1425 1
30 55 903 1
55 30 903 1
37 56 930 1
56 37 930 1
54 102 313 1
102 54 313 1
72 82 298 1
82 72 298 1
19 57 426 1
57 19 426 1
24 110 1066 1
110 24 1066 1
38 75 499 1
75 38 499 1
69 97 875 1
97 69 875 1
101 107 310 1
107 101 310 1
6 91 1386 1
91 6 1386 1
7 33 515 1
33 7 515 1
9 13 376 1
13 9 376 1
9 109 978 1
109 9 978 1
10 14 380 1
14 10 380 1
19 26 891 1
26 19 891 1
19 91 1171 1
91 19 1171 1
27 66 1140 1
66 27 1140 1
36 103 729 1
103 36 729 1
40 97 584 1
97 40 584 1
101 102 595 1
102 101 595 1
105 114 152 1
114 105 152 1
0 94 819 1
94 0 819 1
18 111 1051 1
111 18 1051 1
19 108 910 1
108 19 910 1
33 91 952 1
91 33 952 1
41 82 687 1
82 41 687 1
74 84 507 1
84 74 507 1
32 33 149 1
33 32 149 1
94 105 354 1
105 94 354 1
19 82 964 1
82 19 964 1
22 86 800 1
86 22 800 1
24 55 1018 1
55 24 1018 1
52 82 943 1
82 52 943 1
58 89 1156 1
89 58 1156 1
6 76 615 1
76 6 615 1
12 29 886 1
29 12 886 1
13 105 1080 1
105 13 1080 1
41 104 687 1
104 41 687 1
65 93 802 1
93 65 802 1
72 93 1011 1
93 72 1011 1
73 97 530 1
97 73 530 1
80 82 469 1
82 80 469 1
80 113 810 1
113 80 810 1
11 36 890 1
36 11 890 1
13 19 700 1
19 13 700 1
