116 2668
4 26 161 1
26 4 161 1
44 45 194 1
45 44 194 1
5 26 263 1
26 5 263 1
4 5 350 1
5 4 350 1
42 43 239 1
43 42 239 1
28 72 116 1
72 28 116 1
5 27 165 1
27 5 165 1
44 49 304 1
49 44 304 1
80 81 1113 1
81 80 1113 1
15 26 469 1
26 15 469 1
19 69 323 1
69 19 323 1
45 49 111 1
49 45 111 1
58 59 496 1
59 58 496 1
5 9 157 1
9 5 157 1
30 31 127 1
31 30 127 1
4 15 597 1
15 4 597 1
9 26 419 1
26 9 419 1
4 8 148 1
8 4 148 1
3 26 678 1
26 3 678 1
4 9 500 1
9 4 500 1
25 35 978 1
35 25 978 1
42 45 300 1
45 42 300 1
9 15 219 1
15 9 219 1
8 26 300 1
26 8 300 1
34 35 126 1
35 34 126 1
48 51 548 1
51 48 548 1
42 44 208 1
44 42 208 1
43 44 290 1
44 43 290 1
5 15 278 1
15 5 278 1
40 82 231 1
82 40 231 1
3 5 603 1
5 3 603 1
43 45 199 1
45 43 199 1
26 27 135 1
27 26 135 1
31 64 1128 1
64 31 1128 1
30 71 303 1
71 30 303 1
8 15 741 1
15 8 741 1
39 96 494 1
96 39 494 1
7 65 934 1
65 7 934 1
52 53 746 1
53 52 746 1
3 15 589 1
15 3 589 1
4 27 279 1
27 4 279 1
71 75 163 1
75 71 163 1
58 60 266 1
60 58 266 1
17 79 135 1
79 17 135 1
0 18 364 1
18 0 364 1
48 98 566 1
98 48 566 1
106 107 486 1
107 106 486 1
8 9 638 1
9 8 638 1
43 110 298 1
110 43 298 1
43 47 146 1
47 43 146 1
59 60 718 1
60 59 718 1
16 56 380 1
56 16 380 1
52 58 705 1
58 52 705 1
15 90 1267 1
90 15 1267 1
30 64 1064 1
64 30 1064 1
58 61 717 1
61 58 717 1
48 59 599 1
59 48 599 1
51 58 753 1
58 51 753 1
70 76 285 1
76 70 285 1
37 39 117 1
39 37 117 1
51 112 579 1
112 51 579 1
3 4 707 1
4 3 707 1
6 7 710 1
7 6 710 1
42 47 281 1
47 42 281 1
51 61 458 1
61 51 458 1
76 77 238 1
77 76 238 1
17 63 324 1
63 17 324 1
45 67 282 1
67 45 282 1
60 61 893 1
61 60 893 1
5 8 493 1
8 5 493 1
20 30 328 1
30 20 328 1
18 19 147 1
19 18 147 1
55 96 492 1
96 55 492 1
24 25 135 1
25 24 135 1
84 85 1130 1
85 84 1130 1
25 34 1006 1
34 25 1006 1
25 84 1066 1
84 25 1066 1
51 52 786 1
52 51 786 1
54 96 167 1
96 54 167 1
16 17 998 1
17 16 998 1
3 9 596 1
9 3 596 1
64 84 478 1
84 64 478 1
37 55 221 1
55 37 221 1
20 70 213 1
70 20 213 1
10 13 1004 1
13 10 1004 1
60 63 1021 1
63 60 1021 1
46 51 585 1
51 46 585 1
52 60 638 1
60 52 638 1
37 95 241 1
95 37 241 1
13 48 1332 1
48 13 1332 1
51 53 271 1
53 51 271 1
59 61 271 1
61 59 271 1
73 75 84 1
75 73 84 1
42 49 396 1
49 42 396 1
34 84 580 1
84 34 580 1
56 79 965 1
79 56 965 1
48 60 501 1
60 48 501 1
69 86 1203 1
86 69 1203 1
48 112 575 1
112 48 575 1
25 31 272 1
31 25 272 1
36 54 228 1
54 36 228 1
54 89 853 1
89 54 853 1
46 48 368 1
48 46 368 1
33 41 611 1
41 33 611 1
75 77 210 1
77 75 210 1
94 108 97 1
108 94 97 1
35 84 678 1
84 35 678 1
67 85 682 1
85 67 682 1
16 73 769 1
73 16 769 1
46 52 244 1
52 46 244 1
15 27 336 1
27 15 336 1
24 110 1066 1
110 24 1066 1
48 58 400 1
58 48 400 1
13 111 1128 1
111 13 1128 1
36 96 257 1
96 36 257 1
37 114 513 1
114 37 513 1
1 57 172 1
57 1 172 1
84 88 224 1
88 84 224 1
35 67 262 1
67 35 262 1
22 24 386 1
24 22 386 1
78 89 1017 1
89 78 1017 1
37 89 294 1
89 37 294 1
37 96 506 1
96 37 506 1
17 29 223 1
29 17 223 1
101 103 106 1
103 101 106 1
103 104 369 1
104 103 369 1
20 75 348 1
75 20 348 1
97 109 174 1
109 97 174 1
73 78 740 1
78 73 740 1
37 54 645 1
54 37 645 1
2 6 165 1
6 2 165 1
9 27 309 1
27 9 309 1
9 83 411 1
83 9 411 1
22 34 922 1
34 22 922 1
34 110 327 1
110 34 327 1
36 89 803 1
89 36 803 1
70 73 402 1
73 70 402 1
43 49 240 1
49 43 240 1
54 114 381 1
114 54 381 1
61 63 238 1
63 61 238 1
3 27 634 1
27 3 634 1
13 112 1199 1
112 13 1199 1
111 112 111 1
112 111 111 1
100 101 656 1
101 100 656 1
24 84 1013 1
84 24 1013 1
46 112 262 1
112 46 262 1
74 76 203 1
76 74 203 1
19 40 851 1
40 19 851 1
52 55 814 1
55 52 814 1
17 56 1024 1
56 17 1024 1
29 63 531 1
63 29 531 1
18 69 392 1
69 18 392 1
19 87 1016 1
87 19 1016 1
3 8 773 1
8 3 773 1
5 100 1233 1
100 5 1233 1
54 55 651 1
55 54 651 1
31 35 790 1
35 31 790 1
67 84 830 1
84 67 830 1
88 110 590 1
110 88 590 1
9 90 1391 1
90 9 1391 1
29 41 234 1
41 29 234 1
1 11 394 1
11 1 394 1
19 26 891 1
26 19 891 1
52 113 478 1
113 52 478 1
10 98 865 1
98 10 865 1
16 72 287 1
72 16 287 1
18 40 807 1
40 18 807 1
26 90 1088 1
90 26 1088 1
38 39 465 1
39 38 465 1
88 89 1035 1
89 88 1035 1
30 70 259 1
70 30 259 1
3 82 903 1
82 3 903 1
5 19 902 1
19 5 902 1
56 89 1199 1
89 56 1199 1
13 99 995 1
99 13 995 1
19 82 964 1
82 19 964 1
71 77 297 1
77 71 297 1
64 88 675 1
88 64 675 1
16 28 220 1
28 16 220 1
1 103 1135 1
103 1 1135 1
101 102 595 1
102 101 595 1
9 87 450 1
87 9 450 1
28 41 661 1
41 28 661 1
2 50 1192 1
50 2 1192 1
29 78 851 1
78 29 851 1
19 100 1295 1
100 19 1295 1
48 99 711 1
99 48 711 1
70 75 355 1
75 70 355 1
79 81 136 1
81 79 136 1
8 12 346 1
12 8 346 1
23 27 506 1
27 23 506 1
25 110 1042 1
110 25 1042 1
33 72 507 1
72 33 507 1
0 1 800 1
1 0 800 1
61 90 1156 1
90 61 1156 1
27 100 1073 1
100 27 1073 1
51 60 912 1
60 51 912 1
16 57 981 1
57 16 981 1
58 90 890 1
90 58 890 1
70 71 263 1
71 70 263 1
44 67 332 1
67 44 332 1
99 112 272 1
112 99 272 1
5 87 460 1
87 5 460 1
7 11 254 1
11 7 254 1
8 23 562 1
23 8 562 1
9 92 1428 1
92 9 1428 1
14 15 772 1
15 14 772 1
29 72 629 1
72 29 629 1
96 97 322 1
97 96 322 1
55 98 606 1
98 55 606 1
60 90 787 1
90 60 787 1
22 88 1044 1
88 22 1044 1
82 86 143 1
86 82 143 1
21 110 690 1
110 21 690 1
39 113 565 1
113 39 565 1
56 57 840 1
57 56 840 1
50 78 628 1
78 50 628 1
55 97 173 1
97 55 173 1
59 90 1104 1
90 59 1104 1
99 111 265 1
111 99 265 1
21 24 413 1
24 21 413 1
39 97 289 1
97 39 289 1
14 28 286 1
28 14 286 1
17 28 894 1
28 17 894 1
21 25 360 1
25 21 360 1
22 37 872 1
37 22 872 1
29 60 1067 1
60 29 1067 1
3 61 814 1
61 3 814 1
83 102 1059 1
102 83 1059 1
20 33 587 1
33 20 587 1
20 71 311 1
71 20 311 1
51 113 663 1
113 51 663 1
60 99 983 1
99 60 983 1
1 10 979 1
10 1 979 1
12 15 906 1
15 12 906 1
76 114 580 1
114 76 580 1
18 82 891 1
82 18 891 1
29 73 113 1
73 29 113 1
36 109 326 1
109 36 326 1
10 81 1126 1
81 10 1126 1
50 81 1084 1
81 50 1084 1
52 61 1057 1
61 52 1057 1
70 77 376 1
77 70 376 1
17 73 298 1
73 17 298 1
28 80 329 1
80 28 329 1
5 23 453 1
23 5 453 1
37 109 343 1
109 37 343 1
74 114 677 1
114 74 677 1
4 90 1167 1
90 4 1167 1
52 54 402 1
54 52 402 1
16 78 122 1
78 16 122 1
30 75 454 1
75 30 454 1
41 72 550 1
72 41 550 1
25 64 1312 1
64 25 1312 1
28 33 585 1
33 28 585 1
54 98 204 1
98 54 204 1
50 55 863 1
55 50 863 1
52 114 516 1
114 52 516 1
92 93 608 1
93 92 608 1
24 34 1021 1
34 24 1021 1
37 77 246 1
77 37 246 1
37 76 441 1
76 37 441 1
46 47 309 1
47 46 309 1
0 57 825 1
57 0 825 1
23 26 522 1
26 23 522 1
42 110 303 1
110 42 303 1
72 73 517 1
73 72 517 1
2 30 317 1
30 2 317 1
26 59 1291 1
59 26 1291 1
28 29 741 1
29 28 741 1
71 73 163 1
73 71 163 1
97 110 221 1
110 97 221 1
12 52 1107 1
52 12 1107 1
13 46 1188 1
46 13 1188 1
3 83 681 1
83 3 681 1
4 23 506 1
23 4 506 1
8 27 425 1
27 8 425 1
22 91 1377 1
91 22 1377 1
35 93 718 1
93 35 718 1
48 111 498 1
111 48 498 1
9 19 928 1
19 9 928 1
1 83 729 1
83 1 729 1
26 83 578 1
83 26 578 1
45 85 677 1
85 45 677 1
84 110 598 1
110 84 598 1
77 89 525 1
89 77 525 1
2 65 1144 1
65 2 1144 1
62 111 802 1
111 62 802 1
68 90 1109 1
90 68 1109 1
69 82 1105 1
82 69 1105 1
10 48 1025 1
48 10 1025 1
16 62 313 1
62 16 313 1
56 78 391 1
78 56 391 1
98 99 479 1
99 98 479 1
69 100 1235 1
100 69 1235 1
1 59 541 1
59 1 541 1
53 112 421 1
112 53 421 1
59 98 975 1
98 59 975 1
90 99 615 1
99 90 615 1
2 88 959 1
88 2 959 1
3 23 271 1
23 3 271 1
11 104 1111 1
104 11 1111 1
22 74 594 1
74 22 594 1
36 37 542 1
37 36 542 1
55 109 337 1
109 55 337 1
8 90 1188 1
90 8 1188 1
19 83 893 1
83 19 893 1
22 25 402 1
25 22 402 1
32 109 589 1
109 32 589 1
35 92 768 1
92 35 768 1
52 109 539 1
109 52 539 1
27 86 519 1
86 27 519 1
11 65 770 1
65 11 770 1
23 92 1466 1
92 23 1466 1
76 109 320 1
109 76 320 1
105 107 233 1
107 105 233 1
2 64 992 1
64 2 992 1
54 60 681 1
60 54 681 1
60 62 241 1
62 60 241 1
5 83 447 1
83 5 447 1
16 36 349 1
36 16 349 1
52 99 661 1
99 52 661 1
76 95 396 1
95 76 396 1
2 71 519 1
71 2 519 1
5 102 1167 1
102 5 1167 1
12 99 1189 1
99 12 1189 1
23 34 949 1
34 23 949 1
39 114 488 1
114 39 488 1
100 102 87 1
102 100 87 1
102 103 508 1
103 102 508 1
7 92 1445 1
92 7 1445 1
21 42 978 1
42 21 978 1
13 98 1212 1
98 13 1212 1
102 104 159 1
104 102 159 1
3 14 804 1
14 3 804 1
53 74 995 1
74 53 995 1
56 72 566 1
72 56 566 1
41 83 252 1
83 41 252 1
96 114 265 1
114 96 265 1
6 74 506 1
74 6 506 1
35 110 305 1
110 35 305 1
62 112 883 1
112 62 883 1
92 100 157 1
100 92 157 1
95 108 123 1
108 95 123 1
17 99 704 1
99 17 704 1
37 113 578 1
113 37 578 1
78 79 878 1
79 78 878 1
22 84 1027 1
84 22 1027 1
26 87 560 1
87 26 560 1
3 40 822 1
40 3 822 1
30 88 865 1
88 30 865 1
9 11 523 1
11 9 523 1
56 63 1014 1
63 56 1014 1
12 46 1039 1
46 12 1039 1
22 53 1432 1
53 22 1432 1
31 71 265 1
71 31 265 1
12 51 1375 1
51 12 1375 1
89 96 700 1
96 89 700 1
3 90 1350 1
90 3 1350 1
82 100 794 1
100 82 794 1
96 110 214 1
110 96 214 1
4 59 1372 1
59 4 1372 1
17 72 781 1
72 17 781 1
52 112 417 1
112 52 417 1
1 48 985 1
48 1 985 1
36 114 494 1
114 36 494 1
39 86 698 1
86 39 698 1
46 53 547 1
53 46 547 1
53 114 535 1
114 53 535 1
6 41 867 1
41 6 867 1
45 105 804 1
105 45 804 1
52 90 240 1
90 52 240 1
76 89 725 1
89 76 725 1
51 59 486 1
59 51 486 1
12 14 278 1
14 12 278 1
35 85 553 1
85 35 553 1
31 34 815 1
34 31 815 1
38 86 366 1
86 38 366 1
75 89 504 1
89 75 504 1
15 23 561 1
23 15 561 1
20 76 380 1
76 20 380 1
38 77 447 1
77 38 447 1
67 110 507 1
110 67 507 1
12 55 1107 1
55 12 1107 1
26 58 1249 1
58 26 1249 1
29 33 510 1
33 29 510 1
31 33 517 1
33 31 517 1
39 55 254 1
55 39 254 1
73 89 507 1
89 73 507 1
6 64 941 1
64 6 941 1
34 88 672 1
88 34 672 1
35 64 566 1
64 35 566 1
37 53 629 1
53 37 629 1
72 74 76 1
74 72 76 1
3 19 382 1
19 3 382 1
19 86 1069 1
86 19 1069 1
46 98 212 1
98 46 212 1
54 109 337 1
109 54 337 1
52 95 665 1
95 52 665 1
53 113 487 1
113 53 487 1
98 112 277 1
112 98 277 1
46 58 646 1
58 46 646 1
12 48 1186 1
48 12 1186 1
16 29 882 1
29 16 882 1
48 61 765 1
61 48 765 1
55 77 412 1
77 55 412 1
66 96 666 1
96 66 666 1
95 114 280 1
114 95 280 1
31 70 334 1
70 31 334 1
86 113 874 1
113 86 874 1
37 52 879 1
52 37 879 1
96 109 176 1
109 96 176 1
34 92 737 1
92 34 737 1
38 89 763 1
89 38 763 1
63 74 885 1
74 63 885 1
12 60 825 1
60 12 825 1
51 54 884 1
54 51 884 1
13 15 277 1
15 13 277 1
18 83 953 1
83 18 953 1
4 19 922 1
19 4 922 1
23 100 1403 1
100 23 1403 1
36 88 289 1
88 36 289 1
56 73 886 1
73 56 886 1
58 114 970 1
114 58 970 1
113 114 95 1
114 113 95 1
23 82 788 1
82 23 788 1
26 69 1109 1
69 26 1109 1
10 16 218 1
16 10 218 1
26 100 1042 1
100 26 1042 1
62 72 566 1
72 62 566 1
16 80 152 1
80 16 152 1
53 61 678 1
61 53 678 1
55 95 221 1
95 55 221 1
17 81 182 1
81 17 182 1
25 30 292 1
30 25 292 1
79 80 991 1
80 79 991 1
6 108 967 1
108 6 967 1
41 63 682 1
63 41 682 1
62 80 268 1
80 62 268 1
12 13 959 1
13 12 959 1
38 54 263 1
54 38 263 1
47 112 265 1
112 47 265 1
51 98 763 1
98 51 763 1
57 103 1078 1
103 57 1078 1
71 76 392 1
76 71 392 1
95 97 97 1
97 95 97 1
2 78 668 1
78 2 668 1
5 82 673 1
82 5 673 1
6 65 1218 1
65 6 1218 1
10 12 181 1
12 10 181 1
26 102 984 1
102 26 984 1
41 74 484 1
74 41 484 1
43 67 388 1
67 43 388 1
54 76 415 1
76 54 415 1
109 114 278 1
114 109 278 1
10 11 986 1
11 10 986 1
10 57 1032 1
57 10 1032 1
51 55 568 1
55 51 568 1
93 101 103 1
101 93 103 1
18 100 1277 1
100 18 1277 1
38 69 945 1
69 38 945 1
66 67 177 1
67 66 177 1
17 41 414 1
41 17 414 1
25 88 998 1
88 25 998 1
57 63 249 1
63 57 249 1
60 112 882 1
112 60 882 1
62 104 898 1
104 62 898 1
30 35 784 1
35 30 784 1
40 83 731 1
83 40 731 1
22 23 140 1
23 22 140 1
36 38 122 1
38 36 122 1
89 110 588 1
110 89 588 1
53 76 824 1
76 53 824 1
0 10 381 1
10 0 381 1
21 43 915 1
43 21 915 1
35 88 741 1
88 35 741 1
40 101 898 1
101 40 898 1
12 17 1046 1
17 12 1046 1
38 96 284 1
96 38 284 1
46 97 424 1
97 46 424 1
48 52 415 1
52 48 415 1
58 113 963 1
113 58 963 1
60 98 728 1
98 60 728 1
22 39 876 1
39 22 876 1
22 64 1169 1
64 22 1169 1
6 30 365 1
30 6 365 1
26 82 411 1
82 26 411 1
13 59 1042 1
59 13 1042 1
54 58 818 1
58 54 818 1
1 115 1005 1
115 1 1005 1
20 31 387 1
31 20 387 1
29 57 596 1
57 29 596 1
41 70 482 1
70 41 482 1
65 85 476 1
85 65 476 1
69 87 1163 1
87 69 1163 1
71 89 661 1
89 71 661 1
5 14 572 1
14 5 572 1
11 13 168 1
13 11 168 1
37 74 520 1
74 37 520 1
47 97 280 1
97 47 280 1
45 107 840 1
107 45 840 1
55 89 213 1
89 55 213 1
55 66 814 1
66 55 814 1
73 79 296 1
79 73 296 1
86 100 753 1
100 86 753 1
94 111 316 1
111 94 316 1
12 95 927 1
95 12 927 1
18 87 1063 1
87 18 1063 1
18 101 1348 1
101 18 1348 1
30 95 791 1
95 30 791 1
12 98 986 1
98 12 986 1
52 98 272 1
98 52 272 1
9 102 1277 1
102 9 1277 1
23 39 847 1
39 23 847 1
13 81 530 1
81 13 530 1
14 26 321 1
26 14 321 1
32 72 471 1
72 32 471 1
53 60 1040 1
60 53 1040 1
5 90 1279 1
90 5 1279 1
7 83 551 1
83 7 551 1
15 59 1185 1
59 15 1185 1
47 71 801 1
71 47 801 1
72 80 384 1
80 72 384 1
1 104 1183 1
104 1 1183 1
82 101 1107 1
101 82 1107 1
5 69 1149 1
69 5 1149 1
4 83 726 1
83 4 726 1
12 111 1115 1
111 12 1115 1
13 94 954 1
94 13 954 1
65 92 1075 1
92 65 1075 1
95 109 146 1
109 95 146 1
2 7 566 1
7 2 566 1
4 87 715 1
87 4 715 1
27 82 524 1
82 27 524 1
94 95 213 1
95 94 213 1
15 99 927 1
99 15 927 1
32 62 548 1
62 32 548 1
44 85 817 1
85 44 817 1
1 9 878 1
9 1 878 1
1 15 757 1
15 1 757 1
26 61 1191 1
61 26 1191 1
34 77 351 1
77 34 351 1
59 102 1214 1
102 59 1214 1
8 83 868 1
83 8 868 1
24 88 947 1
88 24 947 1
36 50 658 1
50 36 658 1
43 107 649 1
107 43 649 1
64 70 831 1
70 64 831 1
89 109 541 1
109 89 541 1
3 12 737 1
12 3 737 1
31 84 971 1
84 31 971 1
33 103 1025 1
103 33 1025 1
74 77 362 1
77 74 362 1
77 114 582 1
114 77 582 1
15 61 998 1
61 15 998 1
20 114 742 1
114 20 742 1
28 56 545 1
56 28 545 1
34 64 445 1
64 34 445 1
44 47 404 1
47 44 404 1
54 113 426 1
113 54 426 1
12 112 1186 1
112 12 1186 1
20 77 434 1
77 20 434 1
44 105 811 1
105 44 811 1
73 77 274 1
77 73 274 1
87 100 1075 1
100 87 1075 1
24 39 767 1
39 24 767 1
37 63 543 1
63 37 543 1
39 77 312 1
77 39 312 1
10 80 357 1
80 10 357 1
36 76 232 1
76 36 232 1
47 53 268 1
53 47 268 1
59 69 338 1
69 59 338 1
75 76 374 1
76 75 374 1
36 74 242 1
74 36 242 1
38 113 550 1
113 38 550 1
50 66 475 1
66 50 475 1
52 74 808 1
74 52 808 1
17 78 955 1
78 17 955 1
65 71 835 1
71 65 835 1
87 92 1142 1
92 87 1142 1
4 100 1129 1
100 4 1129 1
33 83 733 1
83 33 733 1
56 76 519 1
76 56 519 1
57 79 431 1
79 57 431 1
68 97 933 1
97 68 933 1
20 32 609 1
32 20 609 1
54 77 571 1
77 54 571 1
6 31 464 1
31 6 464 1
40 69 957 1
69 40 957 1
64 105 985 1
105 64 985 1
27 34 903 1
34 27 903 1
70 89 837 1
89 70 837 1
88 91 958 1
91 88 958 1
100 103 576 1
103 100 576 1
2 37 895 1
37 2 895 1
4 14 255 1
14 4 255 1
16 79 934 1
79 16 934 1
23 86 866 1
86 23 866 1
25 93 1273 1
93 25 1273 1
38 82 362 1
82 38 362 1
80 111 747 1
111 80 747 1
0 69 556 1
69 0 556 1
2 22 228 1
22 2 228 1
4 12 434 1
12 4 434 1
15 58 1327 1
58 15 1327 1
17 57 439 1
57 17 439 1
18 26 857 1
26 18 857 1
29 61 711 1
61 29 711 1
46 109 326 1
109 46 326 1
63 72 944 1
72 63 944 1
80 104 734 1
104 80 734 1
83 101 854 1
101 83 854 1
4 58 1292 1
58 4 1292 1
9 23 475 1
23 9 475 1
71 78 647 1
78 71 647 1
14 27 449 1
27 14 449 1
37 75 239 1
75 37 239 1
53 99 316 1
99 53 316 1
87 90 1142 1
90 87 1142 1
0 80 485 1
80 0 485 1
20 37 510 1
37 20 510 1
56 70 605 1
70 56 605 1
3 100 1385 1
100 3 1385 1
11 115 948 1
115 11 948 1
28 83 861 1
83 28 861 1
36 55 626 1
55 36 626 1
50 85 1013 1
85 50 1013 1
63 79 303 1
79 63 303 1
70 74 155 1
74 70 155 1
10 49 1190 1
49 10 1190 1
15 83 194 1
83 15 194 1
4 102 1078 1
102 4 1078 1
11 83 383 1
83 11 383 1
71 88 827 1
88 71 827 1
1 26 956 1
26 1 956 1
9 18 946 1
18 9 946 1
81 111 760 1
111 81 760 1
0 32 356 1
32 0 356 1
0 98 918 1
98 0 918 1
2 84 897 1
84 2 897 1
47 110 210 1
110 47 210 1
55 76 571 1
76 55 571 1
7 9 490 1
9 7 490 1
12 94 831 1
94 12 831 1
36 72 276 1
72 36 276 1
3 92 1420 1
92 3 1420 1
34 86 880 1
86 34 880 1
63 90 1184 1
90 63 1184 1
31 93 1221 1
93 31 1221 1
48 62 640 1
62 48 640 1
96 113 315 1
113 96 315 1
52 59 956 1
59 52 956 1
52 97 650 1
97 52 650 1
20 72 238 1
72 20 238 1
57 80 1050 1
80 57 1050 1
61 113 968 1
113 61 968 1
99 113 264 1
113 99 264 1
112 113 116 1
113 112 116 1
17 80 1070 1
80 17 1070 1
23 58 1186 1
58 23 1186 1
44 107 886 1
107 44 886 1
62 99 1000 1
99 62 1000 1
2 74 545 1
74 2 545 1
12 53 1414 1
53 12 1414 1
38 75 499 1
75 38 499 1
71 79 426 1
79 71 426 1
83 87 158 1
87 83 158 1
5 18 901 1
18 5 901 1
6 63 1114 1
63 6 1114 1
32 33 149 1
33 32 149 1
43 97 409 1
97 43 409 1
64 73 1029 1
73 64 1029 1
83 100 1134 1
100 83 1134 1
89 114 592 1
114 89 592 1
13 51 1107 1
51 13 1107 1
63 99 719 1
99 63 719 1
74 88 485 1
88 74 485 1
94 96 89 1
96 94 89 1
6 95 980 1
95 6 980 1
16 68 706 1
68 16 706 1
19 102 1271 1
102 19 1271 1
30 73 455 1
73 30 455 1
57 72 874 1
72 57 874 1
87 102 995 1
102 87 995 1
94 98 264 1
98 94 264 1
0 81 1076 1
81 0 1076 1
2 81 1016 1
81 2 1016 1
5 92 1324 1
92 5 1324 1
8 14 205 1
14 8 205 1
22 110 1082 1
110 22 1082 1
28 57 964 1
57 28 964 1
2 79 885 1
79 2 885 1
20 41 386 1
41 20 386 1
20 73 397 1
73 20 397 1
23 69 907 1
69 23 907 1
39 54 618 1
54 39 618 1
46 68 860 1
68 46 860 1
16 60 498 1
60 16 498 1
20 88 611 1
88 20 611 1
24 97 1000 1
97 24 1000 1
33 57 394 1
57 33 394 1
59 63 501 1
63 59 501 1
16 112 888 1
112 16 888 1
53 58 934 1
58 53 934 1
82 83 881 1
83 82 881 1
2 73 679 1
73 2 679 1
41 80 868 1
80 41 868 1
70 78 427 1
78 70 427 1
34 93 788 1
93 34 788 1
46 111 189 1
111 46 189 1
52 76 677 1
76 52 677 1
13 52 1405 1
52 13 1405 1
37 88 804 1
88 37 804 1
52 68 984 1
68 52 984 1
60 95 868 1
95 60 868 1
65 67 361 1
67 65 361 1
78 81 1002 1
81 78 1002 1
87 108 698 1
108 87 698 1
2 75 673 1
75 2 673 1
35 45 385 1
45 35 385 1
10 50 948 1
50 10 948 1
12 61 1246 1
61 12 1246 1
12 90 1061 1
90 12 1061 1
50 98 448 1
98 50 448 1
0 59 847 1
59 0 847 1
12 28 275 1
28 12 275 1
19 90 1212 1
90 19 1212 1
13 60 1245 1
60 13 1245 1
36 39 517 1
39 36 517 1
44 84 739 1
84 44 739 1
72 76 257 1
76 72 257 1
31 88 956 1
88 31 956 1
39 108 341 1
108 39 341 1
101 106 633 1
106 101 633 1
0 19 488 1
19 0 488 1
4 69 1158 1
69 4 1158 1
6 92 1291 1
92 6 1291 1
39 58 1032 1
58 39 1032 1
69 101 1234 1
101 69 1234 1
0 101 1354 1
101 0 1354 1
12 68 874 1
68 12 874 1
19 101 1295 1
101 19 1295 1
40 100 662 1
100 40 662 1
53 77 709 1
77 53 709 1
73 88 880 1
88 73 880 1
10 99 1105 1
99 10 1105 1
39 52 892 1
52 39 892 1
16 50 737 1
50 16 737 1
20 21 185 1
21 20 185 1
21 34 706 1
34 21 706 1
27 92 1167 1
92 27 1167 1
29 79 257 1
79 29 257 1
39 51 768 1
51 39 768 1
50 79 1009 1
79 50 1009 1
0 103 1292 1
103 0 1292 1
12 26 521 1
26 12 521 1
17 60 1082 1
60 17 1082 1
32 36 555 1
36 32 555 1
34 39 610 1
39 34 610 1
53 95 553 1
95 53 553 1
64 71 973 1
71 64 973 1
1 49 776 1
49 1 776 1
20 35 677 1
35 20 677 1
42 67 468 1
67 42 468 1
50 89 1065 1
89 50 1065 1
12 16 384 1
16 12 384 1
33 70 413 1
70 33 413 1
35 91 647 1
91 35 647 1
37 97 271 1
97 37 271 1
59 99 857 1
99 59 857 1
63 113 947 1
113 63 947 1
63 114 926 1
114 63 926 1
64 85 1107 1
85 64 1107 1
25 85 1018 1
85 25 1018 1
29 30 533 1
30 29 533 1
29 80 961 1
80 29 961 1
70 88 635 1
88 70 635 1
109 110 135 1
110 109 135 1
9 14 725 1
14 9 725 1
46 115 378 1
115 46 378 1
27 39 536 1
39 27 536 1
30 65 1102 1
65 30 1102 1
36 52 586 1
52 36 586 1
38 114 469 1
114 38 469 1
42 97 497 1
97 42 497 1
47 109 317 1
109 47 317 1
1 3 446 1
3 1 446 1
61 108 835 1
108 61 835 1
101 104 464 1
104 101 464 1
7 87 691 1
87 7 691 1
24 27 252 1
27 24 252 1
53 54 818 1
54 53 818 1
54 74 471 1
74 54 471 1
22 114 1232 1
114 22 1232 1
93 100 653 1
100 93 653 1
17 112 924 1
112 17 924 1
45 106 909 1
106 45 909 1
57 73 601 1
73 57 601 1
4 61 1291 1
61 4 1291 1
15 68 1114 1
68 15 1114 1
53 90 787 1
90 53 787 1
58 98 810 1
98 58 810 1
25 92 1338 1
92 25 1338 1
25 105 1085 1
105 25 1085 1
32 107 906 1
107 32 906 1
45 84 881 1
84 45 881 1
55 113 437 1
113 55 437 1
66 107 978 1
107 66 978 1
1 19 351 1
19 1 351 1
3 58 1025 1
58 3 1025 1
5 86 673 1
86 5 673 1
8 94 907 1
94 8 907 1
8 111 1218 1
111 8 1218 1
25 71 434 1
71 25 434 1
30 79 725 1
79 30 725 1
34 82 812 1
82 34 812 1
48 49 410 1
49 48 410 1
69 90 1119 1
90 69 1119 1
88 114 584 1
114 88 584 1
16 89 1095 1
89 16 1095 1
17 111 850 1
111 17 850 1
21 45 1031 1
45 21 1031 1
30 37 688 1
37 30 688 1
30 47 1058 1
47 30 1058 1
71 110 676 1
110 71 676 1
77 110 393 1
110 77 393 1
20 109 557 1
109 20 557 1
28 81 975 1
81 28 975 1
51 99 497 1
99 51 497 1
60 114 930 1
114 60 930 1
36 62 525 1
62 36 525 1
38 40 158 1
40 38 158 1
58 69 426 1
69 58 426 1
1 18 493 1
18 1 493 1
4 18 866 1
18 4 866 1
16 63 1092 1
63 16 1092 1
21 105 742 1
105 21 742 1
30 33 526 1
33 30 526 1
84 93 1016 1
93 84 1016 1
94 99 399 1
99 94 399 1
20 106 592 1
106 20 592 1
27 102 1008 1
102 27 1008 1
28 62 527 1
62 28 527 1
34 91 729 1
91 34 729 1
36 56 615 1
56 36 615 1
80 85 1121 1
85 80 1121 1
11 46 1081 1
46 11 1081 1
12 97 1013 1
97 12 1013 1
14 111 1046 1
111 14 1046 1
24 37 815 1
37 24 815 1
46 55 584 1
55 46 584 1
2 25 585 1
25 2 585 1
11 85 574 1
85 11 574 1
20 89 778 1
89 20 778 1
56 68 408 1
68 56 408 1
63 108 791 1
108 63 791 1
21 75 222 1
75 21 222 1
33 80 703 1
80 33 703 1
52 96 418 1
96 52 418 1
53 91 265 1
91 53 265 1
57 81 488 1
81 57 488 1
59 87 1210 1
87 59 1210 1
60 113 938 1
113 60 938 1
73 74 458 1
74 73 458 1
84 91 1024 1
91 84 1024 1
15 19 867 1
19 15 867 1
20 107 666 1
107 20 666 1
30 77 559 1
77 30 559 1
37 51 673 1
51 37 673 1
39 110 466 1
110 39 466 1
63 95 704 1
95 63 704 1
15 48 1360 1
48 15 1360 1
16 81 1063 1
81 16 1063 1
27 87 439 1
87 27 439 1
49 107 859 1
107 49 859 1
55 94 428 1
94 55 428 1
57 60 868 1
60 57 868 1
13 62 1248 1
62 13 1248 1
21 44 1047 1
44 21 1047 1
39 89 325 1
89 39 325 1
49 103 837 1
103 49 837 1
72 83 754 1
83 72 754 1
3 59 922 1
59 3 922 1
10 17 1029 1
17 10 1029 1
29 70 512 1
70 29 512 1
34 67 275 1
67 34 275 1
75 78 667 1
78 75 667 1
81 94 732 1
94 81 732 1
8 58 1298 1
58 8 1298 1
35 100 802 1
100 35 802 1
37 71 401 1
71 37 401 1
41 94 523 1
94 41 523 1
45 47 345 1
47 45 345 1
59 62 914 1
62 59 914 1
76 78 312 1
78 76 312 1
4 94 850 1
94 4 850 1
20 29 497 1
29 20 497 1
24 64 1287 1
64 24 1287 1
47 75 674 1
75 47 674 1
88 107 781 1
107 88 781 1
5 59 1317 1
59 5 1317 1
67 107 894 1
107 67 894 1
83 103 815 1
103 83 815 1
86 97 801 1
97 86 801 1
0 16 380 1
16 0 380 1
49 104 900 1
104 49 900 1
86 96 642 1
96 86 642 1
89 107 337 1
107 89 337 1
1 98 1107 1
98 1 1107 1
6 22 333 1
22 6 333 1
8 92 1269 1
92 8 1269 1
23 40 770 1
40 23 770 1
24 36 774 1
36 24 774 1
39 109 356 1
109 39 356 1
61 95 778 1
95 61 778 1
81 99 581 1
99 81 581 1
95 96 288 1
96 95 288 1
4 108 880 1
108 4 880 1
10 29 893 1
29 10 893 1
17 37 368 1
37 17 368 1
34 38 552 1
38 34 552 1
35 71 557 1
71 35 557 1
63 87 821 1
87 63 821 1
87 93 848 1
93 87 848 1
44 110 439 1
110 44 439 1
52 63 1131 1
63 52 1131 1
60 74 699 1
74 60 699 1
82 93 1124 1
93 82 1124 1
9 69 1181 1
69 9 1181 1
16 32 504 1
32 16 504 1
23 90 1391 1
90 23 1391 1
26 40 419 1
40 26 419 1
28 40 248 1
40 28 248 1
38 100 515 1
100 38 515 1
62 102 862 1
102 62 862 1
67 88 939 1
88 67 939 1
1 102 1288 1
102 1 1288 1
60 72 692 1
72 60 692 1
72 114 738 1
114 72 738 1
22 27 524 1
27 22 524 1
31 105 1065 1
105 31 1065 1
41 81 452 1
81 41 452 1
58 62 503 1
62 58 503 1
7 19 519 1
19 7 519 1
9 100 1346 1
100 9 1346 1
15 51 1162 1
51 15 1162 1
18 57 564 1
57 18 564 1
60 76 576 1
76 60 576 1
14 40 342 1
40 14 342 1
43 75 740 1
75 43 740 1
45 110 453 1
110 45 453 1
64 65 897 1
65 64 897 1
67 106 941 1
106 67 941 1
18 33 288 1
33 18 288 1
21 35 666 1
35 21 666 1
62 68 629 1
68 62 629 1
89 113 633 1
113 89 633 1
52 94 506 1
94 52 506 1
58 99 956 1
99 58 956 1
70 72 158 1
72 70 158 1
86 92 882 1
92 86 882 1
22 92 1425 1
92 22 1425 1
23 52 1420 1
52 23 1420 1
28 73 629 1
73 28 629 1
35 44 409 1
44 35 409 1
74 90 750 1
90 74 750 1
7 13 237 1
13 7 237 1
10 112 1075 1
112 10 1075 1
62 81 1169 1
81 62 1169 1
73 112 858 1
112 73 858 1
86 102 712 1
102 86 712 1
104 105 204 1
105 104 204 1
37 94 426 1
94 37 426 1
57 78 938 1
78 57 938 1
83 104 916 1
104 83 916 1
1 13 546 1
13 1 546 1
18 102 1258 1
102 18 1258 1
35 105 686 1
105 35 686 1
64 91 1046 1
91 64 1046 1
79 99 574 1
99 79 574 1
2 70 412 1
70 2 412 1
2 85 1134 1
85 2 1134 1
8 68 1123 1
68 8 1123 1
23 93 1407 1
93 23 1407 1
28 74 188 1
74 28 188 1
49 101 814 1
101 49 814 1
50 80 641 1
80 50 641 1
57 68 520 1
68 57 520 1
19 103 1259 1
103 19 1259 1
25 42 1319 1
42 25 1319 1
33 82 804 1
82 33 804 1
42 105 625 1
105 42 625 1
1 61 385 1
61 1 385 1
63 102 1192 1
102 63 1192 1
5 40 642 1
40 5 642 1
77 96 456 1
96 77 456 1
105 106 359 1
106 105 359 1
14 23 650 1
23 14 650 1
15 92 1292 1
92 15 1292 1
29 56 983 1
56 29 983 1
30 106 907 1
106 30 907 1
0 40 699 1
40 0 699 1
29 95 532 1
95 29 532 1
48 55 832 1
55 48 832 1
60 68 469 1
68 60 469 1
71 106 782 1
106 71 782 1
86 87 805 1
87 86 805 1
1 90 1264 1
90 1 1264 1
34 97 481 1
97 34 481 1
39 95 233 1
95 39 233 1
49 98 742 1
98 49 742 1
58 96 780 1
96 58 780 1
3 102 1340 1
102 3 1340 1
19 27 874 1
27 19 874 1
22 77 727 1
77 22 727 1
38 88 311 1
88 38 311 1
46 60 624 1
60 46 624 1
0 83 1120 1
83 0 1120 1
74 95 497 1
95 74 497 1
17 62 1129 1
62 17 1129 1
30 76 537 1
76 30 537 1
62 113 914 1
113 62 914 1
81 85 175 1
85 81 175 1
22 93 1426 1
93 22 1426 1
23 97 1057 1
97 23 1057 1
31 47 1060 1
47 31 1060 1
72 103 933 1
103 72 933 1
24 35 1010 1
35 24 1010 1
37 110 431 1
110 37 431 1
46 99 446 1
99 46 446 1
48 90 628 1
90 48 628 1
58 63 892 1
63 58 892 1
105 110 411 1
110 105 411 1
17 74 721 1
74 17 721 1
26 86 416 1
86 26 416 1
54 112 454 1
112 54 454 1
1 101 1148 1
101 1 1148 1
2 17 866 1
17 2 866 1
7 41 617 1
41 7 617 1
7 85 812 1
85 7 812 1
21 67 905 1
67 21 905 1
43 105 608 1
105 43 608 1
47 51 339 1
51 47 339 1
48 66 357 1
66 48 357 1
62 103 1159 1
103 62 1159 1
2 77 699 1
77 2 699 1
11 80 1102 1
80 11 1102 1
15 52 1350 1
52 15 1350 1
21 31 344 1
31 21 344 1
21 84 830 1
84 21 830 1
22 31 234 1
31 22 234 1
37 56 930 1
56 37 930 1
58 109 771 1
109 58 771 1
83 115 786 1
115 83 786 1
2 89 1170 1
89 2 1170 1
12 37 930 1
37 12 930 1
13 108 915 1
108 13 915 1
21 33 567 1
33 21 567 1
33 101 1066 1
101 33 1066 1
37 70 546 1
70 37 546 1
58 68 392 1
68 58 392 1
62 98 668 1
98 62 668 1
77 88 709 1
88 77 709 1
97 113 312 1
113 97 312 1
10 46 902 1
46 10 902 1
22 30 218 1
30 22 218 1
49 67 315 1
67 49 315 1
24 42 1334 1
42 24 1334 1
50 96 527 1
96 50 527 1
65 115 847 1
115 65 847 1
77 95 322 1
95 77 322 1
10 78 335 1
78 10 335 1
22 95 990 1
95 22 990 1
25 67 1191 1
67 25 1191 1
39 75 260 1
75 39 260 1
42 84 665 1
84 42 665 1
54 66 740 1
66 54 740 1
74 89 810 1
89 74 810 1
3 51 1145 1
51 3 1145 1
27 69 1092 1
69 27 1092 1
36 75 517 1
75 36 517 1
1 5 898 1
5 1 898 1
6 93 1425 1
93 6 1425 1
11 48 1197 1
48 11 1197 1
32 114 865 1
114 32 865 1
41 76 493 1
76 41 493 1
83 92 1187 1
92 83 1187 1
107 110 468 1
110 107 468 1
15 87 271 1
87 15 271 1
2 55 1100 1
55 2 1100 1
22 113 1310 1
113 22 1310 1
48 54 669 1
54 48 669 1
61 82 1268 1
82 61 1268 1
83 90 1178 1
90 83 1178 1
3 87 809 1
87 3 809 1
20 95 541 1
95 20 541 1
32 96 657 1
96 32 657 1
35 65 453 1
65 35 453 1
41 108 476 1
108 41 476 1
47 49 380 1
49 47 380 1
54 59 1020 1
59 54 1020 1
60 111 787 1
111 60 787 1
10 60 650 1
60 10 650 1
93 102 600 1
102 93 600 1
104 111 377 1
111 104 377 1
24 105 1115 1
105 24 1115 1
25 27 193 1
27 25 193 1
56 74 591 1
74 56 591 1
14 22 562 1
22 14 562 1
22 35 922 1
35 22 922 1
34 85 678 1
85 34 678 1
55 99 216 1
99 55 216 1
9 12 856 1
12 9 856 1
11 49 996 1
49 11 996 1
12 29 886 1
29 12 886 1
14 72 328 1
72 14 328 1
29 76 555 1
76 29 555 1
29 103 822 1
103 29 822 1
75 114 683 1
114 75 683 1
3 69 687 1
69 3 687 1
17 95 598 1
95 17 598 1
73 76 450 1
76 73 450 1
30 41 563 1
41 30 563 1
51 90 888 1
90 51 888 1
69 102 1226 1
102 69 1226 1
70 107 772 1
107 70 772 1
12 74 431 1
74 12 431 1
13 17 364 1
17 13 364 1
19 92 1295 1
92 19 1295 1
19 108 910 1
108 19 910 1
25 43 1261 1
43 25 1261 1
25 44 1369 1
44 25 1369 1
33 64 737 1
64 33 737 1
50 112 538 1
112 50 538 1
63 73 569 1
73 63 569 1
82 87 849 1
87 82 849 1
16 54 493 1
54 16 493 1
32 44 667 1
44 32 667 1
2 95 976 1
95 2 976 1
58 66 198 1
66 58 198 1
59 101 1108 1
101 59 1108 1
9 59 1335 1
59 9 1335 1
21 97 595 1
97 21 595 1
31 44 1185 1
44 31 1185 1
58 102 1067 1
102 58 1067 1
94 114 259 1
114 94 259 1
0 28 492 1
28 0 492 1
10 28 213 1
28 10 213 1
0 72 516 1
72 0 516 1
73 80 850 1
80 73 850 1
86 93 1081 1
93 86 1081 1
12 76 591 1
76 12 591 1
38 101 771 1
101 38 771 1
43 84 824 1
84 43 824 1
50 84 554 1
84 50 554 1
50 94 604 1
94 50 604 1
53 71 983 1
71 53 983 1
8 99 1228 1
99 8 1228 1
11 15 385 1
15 11 385 1
30 34 790 1
34 30 790 1
61 115 933 1
115 61 933 1
1 69 441 1
69 1 441 1
2 41 826 1
41 2 826 1
5 58 1366 1
58 5 1366 1
22 97 1065 1
97 22 1065 1
40 72 200 1
72 40 200 1
51 114 700 1
114 51 700 1
2 31 377 1
31 2 377 1
10 59 1121 1
59 10 1121 1
59 66 363 1
66 59 363 1
3 74 666 1
74 3 666 1
8 59 1427 1
59 8 1427 1
15 115 902 1
115 15 902 1
30 110 901 1
110 30 901 1
34 100 771 1
100 34 771 1
36 73 600 1
73 36 600 1
46 59 785 1
59 46 785 1
15 46 1145 1
46 15 1145 1
24 43 1300 1
43 24 1300 1
26 108 761 1
108 26 761 1
37 66 777 1
66 37 777 1
54 107 612 1
107 54 612 1
85 92 1003 1
92 85 1003 1
5 93 1207 1
93 5 1207 1
6 17 967 1
17 6 967 1
19 38 892 1
38 19 892 1
54 95 438 1
95 54 438 1
55 110 380 1
110 55 380 1
63 89 569 1
89 63 569 1
74 94 426 1
94 74 426 1
14 53 1349 1
53 14 1349 1
21 70 303 1
70 21 303 1
33 40 654 1
40 33 654 1
35 43 347 1
43 35 347 1
72 79 733 1
79 72 733 1
76 97 459 1
97 76 459 1
5 61 1171 1
61 5 1171 1
31 110 923 1
110 31 923 1
33 63 547 1
63 33 547 1
78 80 116 1
80 78 116 1
90 113 376 1
113 90 376 1
1 4 1035 1
4 1 1035 1
32 43 699 1
43 32 699 1
43 71 852 1
71 43 852 1
61 99 773 1
99 61 773 1
12 58 1025 1
58 12 1025 1
19 59 618 1
59 19 618 1
95 99 272 1
99 95 272 1
30 105 1049 1
105 30 1049 1
53 109 560 1
109 53 560 1
14 99 1083 1
99 14 1083 1
18 86 1008 1
86 18 1008 1
39 53 692 1
53 39 692 1
42 46 173 1
46 42 173 1
54 63 1046 1
63 54 1046 1
0 33 480 1
33 0 480 1
0 107 1161 1
107 0 1161 1
1 29 521 1
29 1 521 1
47 54 568 1
54 47 568 1
54 88 224 1
88 54 224 1
79 85 260 1
85 79 260 1
23 96 1081 1
96 23 1081 1
52 62 619 1
62 52 619 1
55 58 998 1
58 55 998 1
80 83 1100 1
83 80 1100 1
86 101 1052 1
101 86 1052 1
11 87 539 1
87 11 539 1
12 63 1218 1
63 12 1218 1
19 23 597 1
23 19 597 1
24 96 985 1
96 24 985 1
39 94 407 1
94 39 407 1
40 91 908 1
91 40 908 1
54 56 722 1
56 54 722 1
101 107 310 1
107 101 310 1
0 62 386 1
62 0 386 1
2 80 742 1
80 2 742 1
13 14 902 1
14 13 902 1
14 91 1235 1
91 14 1235 1
18 90 1192 1
90 18 1192 1
24 50 1395 1
50 24 1395 1
28 32 528 1
32 28 528 1
28 63 1049 1
63 28 1049 1
33 56 531 1
56 33 531 1
44 64 436 1
64 44 436 1
59 83 1103 1
83 59 1103 1
69 106 1139 1
106 69 1139 1
13 90 1367 1
90 13 1367 1
25 45 1358 1
45 25 1358 1
42 107 734 1
107 42 734 1
45 104 837 1
104 45 837 1
66 98 720 1
98 66 720 1
91 93 118 1
93 91 118 1
102 113 317 1
113 102 317 1
4 82 403 1
82 4 403 1
6 115 1087 1
115 6 1087 1
24 85 1108 1
85 24 1108 1
42 85 771 1
85 42 771 1
47 77 509 1
77 47 509 1
8 87 860 1
87 8 860 1
40 74 182 1
74 40 182 1
63 78 1033 1
78 63 1033 1
9 93 1250 1
93 9 1250 1
21 71 214 1
71 21 214 1
26 94 743 1
94 26 743 1
36 78 263 1
78 36 263 1
75 88 798 1
88 75 798 1
6 61 1132 1
61 6 1132 1
30 84 877 1
84 30 877 1
35 77 284 1
77 35 284 1
43 70 885 1
70 43 885 1
55 112 466 1
112 55 466 1
76 96 361 1
96 76 361 1
1 80 1054 1
80 1 1054 1
5 108 888 1
108 5 888 1
13 115 1018 1
115 13 1018 1
16 99 951 1
99 16 951 1
32 103 1045 1
103 32 1045 1
41 64 1081 1
64 41 1081 1
73 107 585 1
107 73 585 1
88 96 385 1
96 88 385 1
8 61 1371 1
61 8 1371 1
14 31 528 1
31 14 528 1
18 81 878 1
81 18 878 1
22 36 835 1
36 22 835 1
42 112 333 1
112 42 333 1
51 111 516 1
111 51 516 1
82 106 562 1
106 82 562 1
103 106 532 1
106 103 532 1
23 114 1244 1
114 23 1244 1
44 104 796 1
104 44 796 1
57 62 1000 1
62 57 1000 1
59 113 994 1
113 59 994 1
62 94 680 1
94 62 680 1
72 109 524 1
109 72 524 1
76 110 394 1
110 76 394 1
98 111 265 1
111 98 265 1
7 81 645 1
81 7 645 1
18 74 626 1
74 18 626 1
47 111 188 1
111 47 188 1
53 55 448 1
55 53 448 1
56 62 252 1
62 56 252 1
56 88 726 1
88 56 726 1
66 89 963 1
89 66 963 1
8 82 379 1
82 8 379 1
40 41 506 1
41 40 506 1
51 97 563 1
97 51 563 1
55 114 395 1
114 55 395 1
3 53 1253 1
53 3 1253 1
13 61 843 1
61 13 843 1
15 60 1288 1
60 15 1288 1
15 111 1071 1
111 15 1071 1
23 87 803 1
87 23 803 1
34 105 727 1
105 34 727 1
64 93 1076 1
93 64 1076 1
65 75 753 1
75 65 753 1
68 98 994 1
98 68 994 1
6 94 917 1
94 6 917 1
28 79 847 1
79 28 847 1
56 60 232 1
60 56 232 1
80 103 1029 1
103 80 1029 1
88 93 930 1
93 88 930 1
11 45 1014 1
45 11 1014 1
12 109 879 1
109 12 879 1
32 54 715 1
54 32 715 1
33 73 444 1
73 33 444 1
34 114 610 1
114 34 610 1
7 115 1091 1
115 7 1091 1
9 82 826 1
82 9 826 1
9 99 1119 1
99 9 1119 1
47 95 361 1
95 47 361 1
68 76 626 1
76 68 626 1
95 111 347 1
111 95 347 1
6 53 1419 1
53 6 1419 1
8 63 1282 1
63 8 1282 1
