116 2668
43 47 146 1
47 43 146 1
44 45 194 1
45 44 194 1
42 43 239 1
43 42 239 1
25 27 193 1
27 25 193 1
30 31 127 1
31 30 127 1
24 25 135 1
25 24 135 1
22 23 140 1
23 22 140 1
28 72 116 1
72 28 116 1
42 46 173 1
46 42 173 1
42 47 281 1
47 42 281 1
80 81 1113 1
81 80 1113 1
23 25 373 1
25 23 373 1
23 24 403 1
24 23 403 1
29 72 629 1
72 29 629 1
56 57 840 1
57 56 840 1
16 81 1063 1
81 16 1063 1
24 27 252 1
27 24 252 1
43 46 341 1
46 43 341 1
62 63 1134 1
63 62 1134 1
8 60 1121 1
60 8 1121 1
17 79 135 1
79 17 135 1
48 49 410 1
49 48 410 1
22 24 386 1
24 22 386 1
79 81 136 1
81 79 136 1
12 13 959 1
13 12 959 1
23 27 506 1
27 23 506 1
28 81 975 1
81 28 975 1
12 60 825 1
60 12 825 1
28 29 741 1
29 28 741 1
17 81 182 1
81 17 182 1
16 80 152 1
80 16 152 1
48 51 548 1
51 48 548 1
6 8 485 1
8 6 485 1
38 39 465 1
39 38 465 1
50 51 698 1
51 50 698 1
51 52 786 1
52 51 786 1
45 110 453 1
110 45 453 1
46 47 309 1
47 46 309 1
2 4 569 1
4 2 569 1
24 26 201 1
26 24 201 1
44 110 439 1
110 44 439 1
65 67 361 1
67 65 361 1
72 81 860 1
81 72 860 1
58 59 496 1
59 58 496 1
2 6 165 1
6 2 165 1
78 80 116 1
80 78 116 1
16 17 998 1
17 16 998 1
17 72 781 1
72 17 781 1
66 67 177 1
67 66 177 1
73 75 84 1
75 73 84 1
43 45 199 1
45 43 199 1
6 13 864 1
13 6 864 1
4 6 536 1
6 4 536 1
17 29 223 1
29 17 223 1
49 55 664 1
55 49 664 1
16 79 934 1
79 16 934 1
97 109 174 1
109 97 174 1
22 25 402 1
25 22 402 1
13 60 1245 1
60 13 1245 1
16 28 220 1
28 16 220 1
62 72 566 1
72 62 566 1
39 97 289 1
97 39 289 1
54 55 651 1
55 54 651 1
17 62 1129 1
62 17 1129 1
72 79 733 1
79 72 733 1
96 110 214 1
110 96 214 1
29 79 257 1
79 29 257 1
73 74 458 1
74 73 458 1
25 26 225 1
26 25 225 1
78 81 1002 1
81 78 1002 1
26 27 135 1
27 26 135 1
6 60 799 1
60 6 799 1
34 35 126 1
35 34 126 1
28 79 847 1
79 28 847 1
41 79 379 1
79 41 379 1
16 72 287 1
72 16 287 1
72 76 257 1
76 72 257 1
17 80 1070 1
80 17 1070 1
22 27 524 1
27 22 524 1
23 30 259 1
30 23 259 1
45 47 345 1
47 45 345 1
8 13 868 1
13 8 868 1
36 37 542 1
37 36 542 1
0 12 517 1
12 0 517 1
4 8 148 1
8 4 148 1
100 102 87 1
102 100 87 1
41 81 452 1
81 41 452 1
29 81 342 1
81 29 342 1
73 76 450 1
76 73 450 1
11 19 598 1
19 11 598 1
50 52 243 1
52 50 243 1
62 81 1169 1
81 62 1169 1
29 41 234 1
41 29 234 1
34 67 275 1
67 34 275 1
4 5 350 1
5 4 350 1
51 53 271 1
53 51 271 1
79 80 991 1
80 79 991 1
94 106 271 1
106 94 271 1
74 75 389 1
75 74 389 1
74 76 203 1
76 74 203 1
41 72 550 1
72 41 550 1
0 10 381 1
10 0 381 1
37 38 515 1
38 37 515 1
37 39 117 1
39 37 117 1
49 51 172 1
51 49 172 1
23 31 199 1
31 23 199 1
34 110 327 1
110 34 327 1
55 96 492 1
96 55 492 1
17 28 894 1
28 17 894 1
70 71 263 1
71 70 263 1
6 9 834 1
9 6 834 1
43 55 485 1
55 43 485 1
8 12 346 1
12 8 346 1
28 62 527 1
62 28 527 1
75 77 210 1
77 75 210 1
34 45 409 1
45 34 409 1
35 67 262 1
67 35 262 1
76 77 238 1
77 76 238 1
72 74 76 1
74 72 76 1
18 19 147 1
19 18 147 1
18 83 953 1
83 18 953 1
32 72 471 1
72 32 471 1
47 55 367 1
55 47 367 1
17 63 324 1
63 17 324 1
43 44 290 1
44 43 290 1
88 89 1035 1
89 88 1035 1
23 110 1096 1
110 23 1096 1
69 88 1077 1
88 69 1077 1
45 67 282 1
67 45 282 1
86 87 805 1
87 86 805 1
77 78 550 1
78 77 550 1
76 81 691 1
81 76 691 1
59 66 363 1
66 59 363 1
27 110 890 1
110 27 890 1
90 92 135 1
92 90 135 1
60 61 893 1
61 60 893 1
0 1 800 1
1 0 800 1
0 60 405 1
60 0 405 1
17 41 414 1
41 17 414 1
21 104 765 1
104 21 765 1
40 41 506 1
41 40 506 1
78 79 878 1
79 78 878 1
37 110 431 1
110 37 431 1
28 80 329 1
80 28 329 1
47 49 380 1
49 47 380 1
16 29 882 1
29 16 882 1
19 83 893 1
83 19 893 1
54 96 167 1
96 54 167 1
34 44 373 1
44 34 373 1
5 9 157 1
9 5 157 1
28 76 345 1
76 28 345 1
41 75 187 1
75 41 187 1
75 76 374 1
76 75 374 1
39 110 466 1
110 39 466 1
47 96 412 1
96 47 412 1
1 61 385 1
61 1 385 1
45 96 643 1
96 45 643 1
7 92 1445 1
92 7 1445 1
92 93 608 1
93 92 608 1
17 56 1024 1
56 17 1024 1
17 77 417 1
77 17 417 1
54 110 373 1
110 54 373 1
44 96 580 1
96 44 580 1
64 84 478 1
84 64 478 1
62 79 1049 1
79 62 1049 1
16 62 313 1
62 16 313 1
16 76 379 1
76 16 379 1
77 81 453 1
81 77 453 1
18 28 651 1
28 18 651 1
56 81 1090 1
81 56 1090 1
7 9 490 1
9 7 490 1
10 11 986 1
11 10 986 1
28 75 567 1
75 28 567 1
95 97 97 1
97 95 97 1
13 61 843 1
61 13 843 1
84 85 1130 1
85 84 1130 1
82 83 881 1
83 82 881 1
98 99 479 1
99 98 479 1
10 12 181 1
12 10 181 1
28 83 861 1
83 28 861 1
39 95 233 1
95 39 233 1
92 100 157 1
100 92 157 1
28 41 661 1
41 28 661 1
99 111 265 1
111 99 265 1
16 78 122 1
78 16 122 1
22 84 1027 1
84 22 1027 1
32 62 548 1
62 32 548 1
37 41 217 1
41 37 217 1
44 47 404 1
47 44 404 1
35 45 385 1
45 35 385 1
39 109 356 1
109 39 356 1
41 77 345 1
77 41 345 1
72 75 453 1
75 72 453 1
0 13 1027 1
13 0 1027 1
8 9 638 1
9 8 638 1
17 78 955 1
78 17 955 1
59 69 338 1
69 59 338 1
72 80 384 1
80 72 384 1
19 29 673 1
29 19 673 1
63 81 293 1
81 63 293 1
41 73 204 1
73 41 204 1
46 49 541 1
49 46 541 1
11 83 383 1
83 11 383 1
20 26 232 1
26 20 232 1
48 52 415 1
52 48 415 1
57 81 488 1
81 57 488 1
10 83 1031 1
83 10 1031 1
43 96 503 1
96 43 503 1
35 65 453 1
65 35 453 1
52 58 705 1
58 52 705 1
12 15 906 1
15 12 906 1
24 110 1066 1
110 24 1066 1
6 12 248 1
12 6 248 1
41 76 493 1
76 41 493 1
51 58 753 1
58 51 753 1
19 28 732 1
28 19 732 1
38 106 276 1
106 38 276 1
7 100 1408 1
100 7 1408 1
16 41 813 1
41 16 813 1
29 75 189 1
75 29 189 1
39 55 254 1
55 39 254 1
76 79 567 1
79 76 567 1
96 109 176 1
109 96 176 1
2 9 760 1
9 2 760 1
16 74 335 1
74 16 335 1
23 39 847 1
39 23 847 1
32 33 149 1
33 32 149 1
37 54 645 1
54 37 645 1
39 96 494 1
96 39 494 1
16 56 380 1
56 16 380 1
21 26 271 1
26 21 271 1
39 54 618 1
54 39 618 1
95 109 146 1
109 95 146 1
7 67 937 1
67 7 937 1
52 53 746 1
53 52 746 1
11 75 388 1
75 11 388 1
29 73 113 1
73 29 113 1
42 45 300 1
45 42 300 1
49 53 406 1
53 49 406 1
11 13 168 1
13 11 168 1
20 106 592 1
106 20 592 1
25 110 1042 1
110 25 1042 1
63 72 944 1
72 63 944 1
51 54 884 1
54 51 884 1
77 79 329 1
79 77 329 1
22 86 800 1
86 22 800 1
2 8 554 1
8 2 554 1
45 55 662 1
55 45 662 1
73 77 274 1
77 73 274 1
38 55 598 1
55 38 598 1
49 54 854 1
54 49 854 1
71 78 647 1
78 71 647 1
3 26 678 1
26 3 678 1
43 49 240 1
49 43 240 1
14 15 772 1
15 14 772 1
94 114 259 1
114 94 259 1
10 14 380 1
14 10 380 1
26 86 416 1
86 26 416 1
20 27 271 1
27 20 271 1
28 77 540 1
77 28 540 1
29 62 1067 1
62 29 1067 1
37 45 726 1
45 37 726 1
21 25 360 1
25 21 360 1
23 67 1077 1
67 23 1077 1
43 110 298 1
110 43 298 1
17 75 351 1
75 17 351 1
50 58 486 1
58 50 486 1
56 99 1051 1
99 56 1051 1
3 23 271 1
23 3 271 1
17 76 648 1
76 17 648 1
44 67 332 1
67 44 332 1
29 80 961 1
80 29 961 1
24 86 569 1
86 24 569 1
58 66 198 1
66 58 198 1
64 65 897 1
65 64 897 1
70 73 402 1
73 70 402 1
1 68 549 1
68 1 549 1
19 72 678 1
72 19 678 1
56 111 893 1
111 56 893 1
84 86 610 1
86 84 610 1
90 101 719 1
101 90 719 1
70 74 155 1
74 70 155 1
37 96 506 1
96 37 506 1
38 96 284 1
96 38 284 1
50 97 711 1
97 50 711 1
20 30 328 1
30 20 328 1
23 54 1116 1
54 23 1116 1
25 31 272 1
31 25 272 1
5 7 538 1
7 5 538 1
23 37 838 1
37 23 838 1
36 54 228 1
54 36 228 1
41 80 868 1
80 41 868 1
91 93 118 1
93 91 118 1
0 15 1084 1
15 0 1084 1
3 25 566 1
25 3 566 1
13 15 277 1
15 13 277 1
20 94 527 1
94 20 527 1
28 74 188 1
74 28 188 1
25 37 745 1
37 25 745 1
38 94 246 1
94 38 246 1
50 109 596 1
109 50 596 1
57 63 249 1
63 57 249 1
104 109 377 1
109 104 377 1
20 31 387 1
31 20 387 1
25 30 292 1
30 25 292 1
44 46 353 1
46 44 353 1
35 44 409 1
44 35 409 1
97 110 221 1
110 97 221 1
21 96 648 1
96 21 648 1
29 33 510 1
33 29 510 1
16 19 740 1
19 16 740 1
34 96 428 1
96 34 428 1
98 111 265 1
111 98 265 1
51 97 563 1
97 51 563 1
59 61 271 1
61 59 271 1
12 19 781 1
19 12 781 1
17 74 721 1
74 17 721 1
26 100 1042 1
100 26 1042 1
72 73 517 1
73 72 517 1
56 78 391 1
78 56 391 1
58 89 1156 1
89 58 1156 1
60 62 241 1
62 60 241 1
77 80 662 1
80 77 662 1
9 92 1428 1
92 9 1428 1
41 78 770 1
78 41 770 1
103 104 369 1
104 103 369 1
30 37 688 1
37 30 688 1
83 87 158 1
87 83 158 1
46 55 584 1
55 46 584 1
36 39 517 1
39 36 517 1
62 80 268 1
80 62 268 1
65 92 1075 1
92 65 1075 1
84 88 224 1
88 84 224 1
3 27 634 1
27 3 634 1
33 35 375 1
35 33 375 1
40 77 472 1
77 40 472 1
28 82 255 1
82 28 255 1
90 100 182 1
100 90 182 1
9 13 376 1
13 9 376 1
23 51 1340 1
51 23 1340 1
45 46 448 1
46 45 448 1
3 92 1420 1
92 3 1420 1
14 88 613 1
88 14 613 1
21 24 413 1
24 21 413 1
23 26 522 1
26 23 522 1
76 80 424 1
80 76 424 1
23 86 866 1
86 23 866 1
29 83 227 1
83 29 227 1
40 78 376 1
78 40 376 1
63 79 303 1
79 63 303 1
75 81 434 1
81 75 434 1
20 25 402 1
25 20 402 1
21 27 209 1
27 21 209 1
25 86 638 1
86 25 638 1
56 79 965 1
79 56 965 1
91 92 669 1
92 91 669 1
16 75 702 1
75 16 702 1
42 44 208 1
44 42 208 1
5 92 1324 1
92 5 1324 1
26 40 419 1
40 26 419 1
55 110 380 1
110 55 380 1
65 66 537 1
66 65 537 1
1 57 172 1
57 1 172 1
42 96 429 1
96 42 429 1
22 67 1070 1
67 22 1070 1
95 108 123 1
108 95 123 1
98 102 260 1
102 98 260 1
8 61 1371 1
61 8 1371 1
22 58 1138 1
58 22 1138 1
74 81 792 1
81 74 792 1
78 82 455 1
82 78 455 1
4 9 500 1
9 4 500 1
20 24 393 1
24 20 393 1
22 30 218 1
30 22 218 1
36 41 570 1
41 36 570 1
39 94 407 1
94 39 407 1
56 80 431 1
80 56 431 1
59 103 1115 1
103 59 1115 1
16 77 611 1
77 16 611 1
41 56 991 1
56 41 991 1
48 53 654 1
53 48 654 1
57 80 1050 1
80 57 1050 1
66 69 349 1
69 66 349 1
27 67 1105 1
67 27 1105 1
38 110 451 1
110 38 451 1
41 111 726 1
111 41 726 1
51 110 520 1
110 51 520 1
75 79 318 1
79 75 318 1
3 22 347 1
22 3 347 1
21 23 542 1
23 21 542 1
48 54 669 1
54 48 669 1
13 72 796 1
72 13 796 1
22 110 1082 1
110 22 1082 1
41 74 484 1
74 41 484 1
12 72 358 1
72 12 358 1
22 26 505 1
26 22 505 1
4 60 1138 1
60 4 1138 1
27 30 343 1
30 27 343 1
66 104 942 1
104 66 942 1
28 73 629 1
73 28 629 1
38 43 745 1
43 38 745 1
57 68 520 1
68 57 520 1
8 15 741 1
15 8 741 1
31 37 658 1
37 31 658 1
32 76 341 1
76 32 341 1
38 54 263 1
54 38 263 1
65 85 476 1
85 65 476 1
70 76 285 1
76 70 285 1
27 45 1240 1
45 27 1240 1
75 78 667 1
78 75 667 1
91 101 197 1
101 91 197 1
10 19 724 1
19 10 724 1
22 66 1066 1
66 22 1066 1
51 109 618 1
109 51 618 1
52 109 539 1
109 52 539 1
92 102 211 1
102 92 211 1
21 30 349 1
30 21 349 1
0 19 488 1
19 0 488 1
6 33 588 1
33 6 588 1
37 44 792 1
44 37 792 1
39 45 814 1
45 39 814 1
2 66 917 1
66 2 917 1
29 74 571 1
74 29 571 1
39 106 557 1
106 39 557 1
72 77 430 1
77 72 430 1
20 37 510 1
37 20 510 1
23 45 1302 1
45 23 1302 1
28 78 272 1
78 28 272 1
71 77 297 1
77 71 297 1
2 5 685 1
5 2 685 1
27 94 748 1
94 27 748 1
25 96 984 1
96 25 984 1
28 32 528 1
32 28 528 1
60 63 1021 1
63 60 1021 1
7 65 934 1
65 7 934 1
15 61 998 1
61 15 998 1
46 96 270 1
96 46 270 1
65 88 1179 1
88 65 1179 1
11 12 972 1
12 11 972 1
71 75 163 1
75 71 163 1
28 63 1049 1
63 28 1049 1
29 76 555 1
76 29 555 1
96 104 297 1
104 96 297 1
44 55 743 1
55 44 743 1
77 82 682 1
82 77 682 1
4 32 837 1
32 4 837 1
24 96 985 1
96 24 985 1
33 72 507 1
72 33 507 1
14 84 681 1
84 14 681 1
10 82 401 1
82 10 401 1
17 19 648 1
19 17 648 1
56 98 821 1
98 56 821 1
90 91 735 1
91 90 735 1
16 57 981 1
57 16 981 1
78 99 844 1
99 78 844 1
6 72 449 1
72 6 449 1
20 21 185 1
21 20 185 1
13 19 700 1
19 13 700 1
51 55 568 1
55 51 568 1
47 110 210 1
110 47 210 1
98 112 277 1
112 98 277 1
27 31 339 1
31 27 339 1
36 38 122 1
38 36 122 1
75 80 775 1
80 75 775 1
0 61 943 1
61 0 943 1
70 75 355 1
75 70 355 1
19 68 313 1
68 19 313 1
23 50 1386 1
50 23 1386 1
23 96 1081 1
96 23 1081 1
71 100 1020 1
100 71 1020 1
0 76 525 1
76 0 525 1
24 47 1229 1
47 24 1229 1
27 37 597 1
37 27 597 1
43 54 646 1
54 43 646 1
0 68 414 1
68 0 414 1
25 67 1191 1
67 25 1191 1
41 99 593 1
99 41 593 1
96 97 322 1
97 96 322 1
24 54 987 1
54 24 987 1
25 45 1358 1
45 25 1358 1
45 54 766 1
54 45 766 1
5 8 493 1
8 5 493 1
17 40 824 1
40 17 824 1
25 43 1261 1
43 25 1261 1
42 49 396 1
49 42 396 1
93 101 103 1
101 93 103 1
103 105 173 1
105 103 173 1
25 39 702 1
39 25 702 1
2 7 566 1
7 2 566 1
2 64 992 1
64 2 992 1
17 57 439 1
57 17 439 1
57 99 846 1
99 57 846 1
1 88 1198 1
88 1 1198 1
54 109 337 1
109 54 337 1
59 89 931 1
89 59 931 1
1 15 757 1
15 1 757 1
24 39 767 1
39 24 767 1
58 108 852 1
108 58 852 1
87 89 476 1
89 87 476 1
109 110 135 1
110 109 135 1
40 81 874 1
81 40 874 1
86 88 460 1
88 86 460 1
8 91 1373 1
91 8 1373 1
37 40 562 1
40 37 562 1
45 65 388 1
65 45 388 1
52 54 402 1
54 52 402 1
6 32 555 1
32 6 555 1
23 97 1057 1
97 23 1057 1
3 24 623 1
24 3 623 1
22 39 876 1
39 22 876 1
37 97 271 1
97 37 271 1
18 82 891 1
82 18 891 1
20 23 575 1
23 20 575 1
24 30 283 1
30 24 283 1
37 43 584 1
43 37 584 1
3 85 893 1
85 3 893 1
25 47 1189 1
47 25 1189 1
76 78 312 1
78 76 312 1
24 43 1300 1
43 24 1300 1
35 66 331 1
66 35 331 1
17 98 995 1
98 17 995 1
29 32 631 1
32 29 631 1
29 77 357 1
77 29 357 1
29 78 851 1
78 29 851 1
53 55 448 1
55 53 448 1
59 88 1182 1
88 59 1182 1
70 102 879 1
102 70 879 1
10 28 213 1
28 10 213 1
40 75 477 1
75 40 477 1
95 106 414 1
106 95 414 1
112 113 116 1
113 112 116 1
114 115 96 1
115 114 96 1
17 111 850 1
111 17 850 1
42 55 629 1
55 42 629 1
17 32 646 1
32 17 646 1
74 80 415 1
80 74 415 1
1 14 1077 1
14 1 1077 1
48 50 202 1
50 48 202 1
57 98 1043 1
98 57 1043 1
5 93 1207 1
93 5 1207 1
8 32 867 1
32 8 867 1
15 101 1024 1
101 15 1024 1
27 96 825 1
96 27 825 1
36 97 483 1
97 36 483 1
61 69 456 1
69 61 456 1
1 59 541 1
59 1 541 1
25 54 1008 1
54 25 1008 1
32 79 600 1
79 32 600 1
0 8 829 1
8 0 829 1
11 74 727 1
74 11 727 1
26 71 422 1
71 26 422 1
36 106 343 1
106 36 343 1
40 79 762 1
79 40 762 1
68 69 164 1
69 68 164 1
82 87 849 1
87 82 849 1
0 14 728 1
14 0 728 1
5 102 1167 1
102 5 1167 1
17 73 298 1
73 17 298 1
38 97 469 1
97 38 469 1
81 82 1081 1
82 81 1081 1
90 93 690 1
93 90 690 1
92 105 456 1
105 92 456 1
18 73 675 1
73 18 675 1
58 103 1188 1
103 58 1188 1
64 67 549 1
67 64 549 1
27 39 536 1
39 27 536 1
22 54 1063 1
54 22 1063 1
24 37 815 1
37 24 815 1
67 110 507 1
110 67 507 1
1 69 441 1
69 1 441 1
9 64 1448 1
64 9 1448 1
14 18 837 1
18 14 837 1
23 34 949 1
34 23 949 1
56 63 1014 1
63 56 1014 1
65 69 558 1
69 65 558 1
5 6 733 1
6 5 733 1
62 74 590 1
74 62 590 1
105 114 152 1
114 105 152 1
11 85 574 1
85 11 574 1
41 62 1018 1
62 41 1018 1
16 83 1029 1
83 16 1029 1
34 65 549 1
65 34 549 1
18 74 626 1
74 18 626 1
27 86 519 1
86 27 519 1
50 110 492 1
110 50 492 1
2 18 379 1
18 2 379 1
63 80 1146 1
80 63 1146 1
3 7 185 1
7 3 185 1
39 51 768 1
51 39 768 1
49 96 720 1
96 49 720 1
57 79 431 1
79 57 431 1
108 109 87 1
109 108 87 1
60 112 882 1
112 60 882 1
12 62 664 1
62 12 664 1
24 45 1393 1
45 24 1393 1
68 85 974 1
85 68 974 1
39 43 659 1
43 39 659 1
104 105 204 1
105 104 204 1
25 87 575 1
87 25 575 1
92 101 634 1
101 92 634 1
16 18 646 1
18 16 646 1
30 110 901 1
110 30 901 1
37 47 493 1
47 37 493 1
57 59 382 1
59 57 382 1
6 64 941 1
64 6 941 1
16 63 1092 1
63 16 1092 1
47 54 568 1
54 47 568 1
86 89 1016 1
89 86 1016 1
27 65 1171 1
65 27 1171 1
34 66 268 1
66 34 268 1
74 77 362 1
77 74 362 1
18 72 618 1
72 18 618 1
71 99 783 1
99 71 783 1
81 111 760 1
111 81 760 1
14 68 1034 1
68 14 1034 1
15 60 1288 1
60 15 1288 1
22 50 1336 1
50 22 1336 1
29 63 531 1
63 29 531 1
20 38 349 1
38 20 349 1
37 77 246 1
77 37 246 1
53 54 818 1
54 53 818 1
66 88 875 1
88 66 875 1
73 81 406 1
81 73 406 1
37 73 278 1
73 37 278 1
2 60 843 1
60 2 843 1
27 47 1038 1
47 27 1038 1
50 93 862 1
93 50 862 1
4 93 1288 1
93 4 1288 1
21 110 690 1
110 21 690 1
27 114 923 1
114 27 923 1
65 84 1120 1
84 65 1120 1
14 82 179 1
82 14 179 1
48 55 832 1
55 48 832 1
57 78 938 1
78 57 938 1
18 29 740 1
29 18 740 1
29 111 842 1
111 29 842 1
39 44 864 1
44 39 864 1
71 80 755 1
80 71 755 1
73 79 296 1
79 73 296 1
1 10 979 1
10 1 979 1
52 97 650 1
97 52 650 1
3 50 1273 1
50 3 1273 1
15 90 1267 1
90 15 1267 1
20 40 225 1
40 20 225 1
24 67 1223 1
67 24 1223 1
33 34 394 1
34 33 394 1
50 104 729 1
104 50 729 1
10 76 495 1
76 10 495 1
20 41 386 1
41 20 386 1
20 102 804 1
102 20 804 1
40 42 830 1
42 40 830 1
58 88 918 1
88 58 918 1
67 104 923 1
104 67 923 1
11 18 691 1
18 11 691 1
11 28 875 1
28 11 875 1
12 32 661 1
32 12 661 1
71 76 392 1
76 71 392 1
83 85 549 1
85 83 549 1
95 115 205 1
115 95 205 1
2 32 513 1
32 2 513 1
19 75 628 1
75 19 628 1
30 96 854 1
96 30 854 1
45 49 111 1
49 45 111 1
48 97 706 1
97 48 706 1
61 88 1219 1
88 61 1219 1
11 15 385 1
15 11 385 1
35 110 305 1
110 35 305 1
56 77 690 1
77 56 690 1
79 98 871 1
98 79 871 1
97 99 180 1
99 97 180 1
102 105 355 1
105 102 355 1
19 81 772 1
81 19 772 1
106 114 322 1
114 106 322 1
21 71 214 1
71 21 214 1
32 60 487 1
60 32 487 1
54 86 568 1
86 54 568 1
68 82 1040 1
82 68 1040 1
113 114 95 1
114 113 95 1
31 33 517 1
33 31 517 1
61 63 238 1
63 61 238 1
75 111 718 1
111 75 718 1
21 109 565 1
109 21 565 1
38 45 872 1
45 38 872 1
64 66 392 1
66 64 392 1
80 82 469 1
82 80 469 1
85 87 616 1
87 85 616 1
90 102 246 1
102 90 246 1
1 13 546 1
13 1 546 1
6 62 702 1
62 6 702 1
12 61 1246 1
61 12 1246 1
37 99 410 1
99 37 410 1
66 93 972 1
93 66 972 1
73 99 684 1
99 73 684 1
21 22 558 1
22 21 558 1
23 38 892 1
38 23 892 1
56 94 768 1
94 56 768 1
16 82 421 1
82 16 421 1
22 88 1044 1
88 22 1044 1
58 61 717 1
61 58 717 1
2 91 1366 1
91 2 1366 1
7 102 1355 1
102 7 1355 1
10 18 609 1
18 10 609 1
37 55 221 1
55 37 221 1
40 80 433 1
80 40 433 1
99 110 299 1
110 99 299 1
5 100 1233 1
100 5 1233 1
32 81 728 1
81 32 728 1
1 12 1022 1
12 1 1022 1
10 15 968 1
15 10 968 1
37 106 622 1
106 37 622 1
4 64 1218 1
64 4 1218 1
12 14 278 1
14 12 278 1
34 104 710 1
104 34 710 1
39 108 341 1
108 39 341 1
74 79 666 1
79 74 666 1
7 64 1244 1
64 7 1244 1
16 73 769 1
73 16 769 1
49 87 1159 1
87 49 1159 1
54 58 818 1
58 54 818 1
73 80 850 1
80 73 850 1
18 76 581 1
76 18 581 1
40 74 182 1
74 40 182 1
73 83 298 1
83 73 298 1
7 104 1243 1
104 7 1243 1
20 98 764 1
98 20 764 1
21 34 706 1
34 21 706 1
27 43 1124 1
43 27 1124 1
0 112 1084 1
112 0 1084 1
21 50 1091 1
50 21 1091 1
38 44 815 1
44 38 815 1
100 104 240 1
104 100 240 1
71 73 163 1
73 71 163 1
0 82 741 1
82 0 741 1
1 101 1148 1
101 1 1148 1
19 32 289 1
32 19 289 1
34 109 367 1
109 34 367 1
6 112 1257 1
112 6 1257 1
68 83 1108 1
83 68 1108 1
9 102 1277 1
102 9 1277 1
11 72 773 1
72 11 773 1
27 44 1251 1
44 27 1251 1
21 40 380 1
40 21 380 1
68 87 1214 1
87 68 1214 1
69 108 886 1
108 69 886 1
1 89 788 1
89 1 788 1
4 33 810 1
33 4 810 1
16 111 812 1
111 16 812 1
22 34 922 1
34 22 922 1
24 51 1429 1
51 24 1429 1
36 109 326 1
109 36 326 1
50 101 936 1
101 50 936 1
11 73 310 1
73 11 310 1
16 99 951 1
99 16 951 1
22 59 1169 1
59 22 1169 1
23 43 1259 1
43 23 1259 1
26 78 726 1
78 26 726 1
62 75 893 1
75 62 893 1
110 113 304 1
113 110 304 1
30 38 642 1
38 30 642 1
36 73 600 1
73 36 600 1
24 31 318 1
31 24 318 1
53 87 998 1
87 53 998 1
102 114 295 1
114 102 295 1
18 91 1236 1
91 18 1236 1
33 44 737 1
44 33 737 1
38 47 654 1
47 38 654 1
61 112 910 1
112 61 910 1
12 112 1186 1
112 12 1186 1
19 79 658 1
79 19 658 1
40 82 231 1
82 40 231 1
41 82 687 1
82 41 687 1
70 78 427 1
78 70 427 1
80 83 1100 1
83 80 1100 1
0 11 958 1
11 0 958 1
9 90 1391 1
90 9 1391 1
13 62 1248 1
62 13 1248 1
26 90 1088 1
90 26 1088 1
34 50 475 1
50 34 475 1
54 97 484 1
97 54 484 1
59 104 1146 1
104 59 1146 1
10 60 650 1
60 10 650 1
14 83 858 1
83 14 858 1
15 52 1350 1
52 15 1350 1
20 110 682 1
110 20 682 1
35 115 541 1
115 35 541 1
72 111 772 1
111 72 772 1
81 98 940 1
98 81 940 1
8 101 1359 1
101 8 1359 1
22 65 1204 1
65 22 1204 1
32 74 456 1
74 32 456 1
36 79 738 1
79 36 738 1
52 101 819 1
101 52 819 1
68 80 778 1
80 68 778 1
72 78 300 1
78 72 300 1
0 72 516 1
72 0 516 1
51 87 1076 1
87 51 1076 1
54 87 939 1
87 54 939 1
84 87 1148 1
87 84 1148 1
13 112 1199 1
112 13 1199 1
25 65 1263 1
65 25 1263 1
34 39 610 1
39 34 610 1
37 94 426 1
94 37 426 1
8 112 1273 1
112 8 1273 1
12 28 275 1
28 12 275 1
23 55 1060 1
55 23 1060 1
22 108 1017 1
108 22 1017 1
54 89 853 1
89 54 853 1
76 99 626 1
99 76 626 1
100 105 430 1
105 100 430 1
11 29 239 1
29 11 239 1
39 67 776 1
67 39 776 1
67 69 345 1
69 67 345 1
22 51 1360 1
51 22 1360 1
50 53 744 1
53 50 744 1
62 77 741 1
77 62 741 1
40 99 752 1
99 40 752 1
90 105 516 1
105 90 516 1
41 63 682 1
63 41 682 1
57 76 691 1
76 57 691 1
69 93 1169 1
93 69 1169 1
111 113 191 1
113 111 191 1
16 40 399 1
40 16 399 1
21 37 403 1
37 21 403 1
27 50 1279 1
50 27 1279 1
0 56 174 1
56 0 174 1
4 13 743 1
13 4 743 1
35 64 566 1
64 35 566 1
66 103 1026 1
103 66 1026 1
10 72 309 1
72 10 309 1
22 64 1169 1
64 22 1169 1
78 98 547 1
98 78 547 1
3 87 809 1
87 3 809 1
25 94 912 1
94 25 912 1
31 38 708 1
38 31 708 1
38 46 544 1
46 38 544 1
26 87 560 1
87 26 560 1
44 49 304 1
49 44 304 1
50 103 905 1
103 50 905 1
87 88 1035 1
88 87 1035 1
9 91 1212 1
91 9 1212 1
19 60 706 1
60 19 706 1
44 65 564 1
65 44 564 1
56 62 252 1
62 56 252 1
75 83 351 1
83 75 351 1
79 111 717 1
111 79 717 1
3 51 1145 1
51 3 1145 1
6 61 1132 1
61 6 1132 1
10 77 693 1
77 10 693 1
14 19 916 1
19 14 916 1
21 31 344 1
31 21 344 1
32 63 656 1
63 32 656 1
1 60 923 1
60 1 923 1
36 95 408 1
95 36 408 1
23 109 1001 1
109 23 1001 1
106 111 487 1
111 106 487 1
108 115 135 1
115 108 135 1
3 90 1350 1
90 3 1350 1
19 90 1212 1
90 19 1212 1
20 111 827 1
111 20 827 1
21 100 934 1
100 21 934 1
40 56 722 1
56 40 722 1
55 58 998 1
58 55 998 1
98 100 250 1
100 98 250 1
2 63 1012 1
63 2 1012 1
27 100 1073 1
100 27 1073 1
34 97 481 1
97 34 481 1
48 87 1307 1
87 48 1307 1
60 72 692 1
72 60 692 1
71 102 966 1
102 71 966 1
78 111 693 1
111 78 693 1
24 87 679 1
87 24 679 1
53 96 662 1
96 53 662 1
65 93 802 1
93 65 802 1
82 86 143 1
86 82 143 1
3 20 648 1
20 3 648 1
3 71 399 1
71 3 399 1
10 13 1004 1
13 10 1004 1
52 89 1027 1
89 52 1027 1
75 99 632 1
99 75 632 1
77 99 529 1
99 77 529 1
93 103 173 1
103 93 173 1
97 106 471 1
106 97 471 1
110 114 289 1
114 110 289 1
6 63 1114 1
63 6 1114 1
12 115 996 1
115 12 996 1
21 67 905 1
67 21 905 1
33 64 737 1
64 33 737 1
99 113 264 1
113 99 264 1
7 33 515 1
33 7 515 1
24 55 1018 1
55 24 1018 1
38 67 820 1
67 38 820 1
48 110 500 1
110 48 500 1
51 96 733 1
96 51 733 1
62 76 527 1
76 62 527 1
8 19 957 1
19 8 957 1
23 47 1228 1
47 23 1228 1
40 111 707 1
111 40 707 1
53 58 934 1
58 53 934 1
77 83 539 1
83 77 539 1
3 31 315 1
31 3 315 1
13 63 653 1
63 13 653 1
25 42 1319 1
42 25 1319 1
73 98 854 1
98 73 854 1
76 98 527 1
98 76 527 1
0 83 1120 1
83 0 1120 1
13 32 767 1
32 13 767 1
45 115 699 1
115 45 699 1
48 109 620 1
109 48 620 1
52 91 777 1
91 52 777 1
57 111 890 1
111 57 890 1
60 91 1127 1
91 60 1127 1
70 77 376 1
77 70 376 1
6 7 710 1
7 6 710 1
16 32 504 1
32 16 504 1
40 46 685 1
46 40 685 1
46 72 723 1
72 46 723 1
51 101 699 1
101 51 699 1
64 88 675 1
88 64 675 1
71 92 1069 1
92 71 1069 1
74 78 322 1
78 74 322 1
10 68 756 1
68 10 756 1
34 64 445 1
64 34 445 1
42 111 258 1
111 42 258 1
61 89 738 1
89 61 738 1
17 102 1111 1
102 17 1111 1
21 86 520 1
86 21 520 1
27 38 594 1
38 27 594 1
30 54 873 1
54 30 873 1
41 106 653 1
106 41 653 1
46 111 189 1
111 46 189 1
81 99 581 1
99 81 581 1
4 7 733 1
7 4 733 1
13 17 364 1
17 13 364 1
18 75 668 1
75 18 668 1
23 87 803 1
87 23 803 1
24 94 920 1
94 24 920 1
49 110 518 1
110 49 518 1
93 105 305 1
105 93 305 1
2 62 788 1
62 2 788 1
40 71 481 1
71 40 481 1
71 90 1013 1
90 71 1013 1
3 84 1110 1
84 3 1110 1
18 77 606 1
77 18 606 1
23 58 1186 1
58 23 1186 1
38 95 382 1
95 38 382 1
40 54 405 1
54 40 405 1
56 76 519 1
76 56 519 1
61 66 546 1
66 61 546 1
96 99 428 1
99 96 428 1
108 114 218 1
114 108 218 1
3 91 1236 1
91 3 1236 1
23 36 889 1
36 23 889 1
24 38 730 1
38 24 730 1
25 84 1066 1
84 25 1066 1
42 110 303 1
110 42 303 1
22 37 872 1
37 22 872 1
30 53 1265 1
53 30 1265 1
58 69 426 1
69 58 426 1
62 78 287 1
78 62 287 1
67 86 1148 1
86 67 1148 1
5 64 1350 1
64 5 1350 1
20 78 525 1
78 20 525 1
21 70 303 1
70 21 303 1
51 99 497 1
99 51 497 1
59 105 1100 1
105 59 1100 1
72 98 675 1
98 72 675 1
103 114 282 1
114 103 282 1
0 81 1076 1
81 0 1076 1
9 11 523 1
11 9 523 1
12 107 1106 1
107 12 1106 1
19 80 851 1
80 19 851 1
23 35 930 1
35 23 930 1
26 47 1071 1
47 26 1071 1
38 109 342 1
109 38 342 1
72 83 754 1
83 72 754 1
8 93 1382 1
93 8 1382 1
11 76 704 1
76 11 704 1
19 62 792 1
62 19 792 1
1 58 829 1
58 1 829 1
7 90 1390 1
90 7 1390 1
9 60 1369 1
60 9 1369 1
13 33 629 1
33 13 629 1
14 91 1235 1
91 14 1235 1
14 101 1221 1
101 14 1221 1
19 73 625 1
73 19 625 1
24 42 1334 1
42 24 1334 1
30 33 526 1
33 30 526 1
98 106 320 1
106 98 320 1
0 28 492 1
28 0 492 1
4 112 1211 1
112 4 1211 1
5 90 1279 1
90 5 1279 1
20 77 434 1
77 20 434 1
27 104 911 1
104 27 911 1
71 101 966 1
101 71 966 1
4 107 958 1
107 4 958 1
30 51 1224 1
51 30 1224 1
74 111 713 1
111 74 713 1
8 64 1208 1
64 8 1208 1
50 67 562 1
67 50 562 1
1 85 630 1
85 1 630 1
4 62 1000 1
62 4 1000 1
5 33 790 1
33 5 790 1
19 91 1171 1
91 19 1171 1
22 53 1432 1
53 22 1432 1
27 34 903 1
34 27 903 1
8 107 1063 1
107 8 1063 1
26 92 1145 1
92 26 1145 1
56 106 934 1
106 56 934 1
63 77 536 1
77 63 536 1
75 102 865 1
102 75 865 1
17 99 704 1
99 17 704 1
20 43 937 1
43 20 937 1
23 53 1411 1
53 23 1411 1
56 68 408 1
68 56 408 1
69 89 1015 1
89 69 1015 1
0 16 380 1
16 0 380 1
22 31 234 1
31 22 234 1
56 82 787 1
82 56 787 1
69 84 944 1
84 69 944 1
78 94 474 1
94 78 474 1
105 108 296 1
108 105 296 1
0 62 386 1
62 0 386 1
3 93 1309 1
93 3 1309 1
14 60 967 1
60 14 967 1
23 44 1318 1
44 23 1318 1
48 99 711 1
99 48 711 1
79 99 574 1
99 79 574 1
81 83 446 1
83 81 446 1
11 70 629 1
70 11 629 1
19 76 599 1
76 19 599 1
27 97 789 1
97 27 789 1
36 40 213 1
40 36 213 1
38 59 1046 1
59 38 1046 1
39 50 947 1
50 39 947 1
98 103 555 1
103 98 555 1
111 114 232 1
114 111 232 1
6 11 866 1
11 6 866 1
22 97 1065 1
97 22 1065 1
33 62 690 1
62 33 690 1
70 92 982 1
92 70 982 1
73 78 740 1
78 73 740 1
15 68 1114 1
68 15 1114 1
31 110 923 1
110 31 923 1
69 85 858 1
85 69 858 1
82 85 1121 1
85 82 1121 1
2 33 510 1
33 2 510 1
20 114 742 1
114 20 742 1
22 45 1298 1
45 22 1298 1
25 38 749 1
38 25 749 1
26 42 1183 1
42 26 1183 1
31 86 707 1
86 31 707 1
55 108 332 1
108 55 332 1
80 99 917 1
99 80 917 1
1 84 1139 1
84 1 1139 1
39 47 551 1
47 39 551 1
69 105 1158 1
105 69 1158 1
102 103 508 1
103 102 508 1
10 85 1188 1
85 10 1188 1
20 56 790 1
56 20 790 1
28 33 585 1
33 28 585 1
61 65 175 1
65 61 175 1
68 81 913 1
81 68 913 1
3 105 1215 1
105 3 1215 1
10 115 915 1
115 10 915 1
14 87 842 1
87 14 842 1
30 45 1169 1
45 30 1169 1
102 104 159 1
104 102 159 1
25 97 955 1
97 25 955 1
30 43 1104 1
43 30 1104 1
51 89 661 1
89 51 661 1
68 88 1023 1
88 68 1023 1
8 35 1046 1
35 8 1046 1
23 49 1325 1
49 23 1325 1
31 51 1202 1
51 31 1202 1
56 75 833 1
75 56 833 1
75 98 773 1
98 75 773 1
11 16 1004 1
16 11 1004 1
24 44 1385 1
44 24 1385 1
27 42 1179 1
42 27 1179 1
29 56 983 1
56 29 983 1
41 57 760 1
57 41 760 1
48 83 1266 1
83 48 1266 1
77 98 628 1
98 77 628 1
79 82 965 1
82 79 965 1
105 106 359 1
106 105 359 1
1 63 334 1
63 1 334 1
7 66 1007 1
66 7 1007 1
15 35 881 1
35 15 881 1
25 44 1369 1
44 25 1369 1
25 100 1246 1
100 25 1246 1
27 105 897 1
105 27 897 1
39 46 678 1
46 39 678 1
44 54 668 1
54 44 668 1
70 80 524 1
80 70 524 1
97 111 292 1
111 97 292 1
9 19 928 1
19 9 928 1
25 36 797 1
36 25 797 1
30 36 645 1
36 30 645 1
37 109 343 1
109 37 343 1
39 115 411 1
115 39 411 1
1 80 1054 1
80 1 1054 1
4 63 1183 1
63 4 1183 1
18 62 706 1
62 18 706 1
18 81 878 1
81 18 878 1
111 112 111 1
112 111 111 1
39 49 832 1
49 39 832 1
7 27 597 1
27 7 597 1
25 114 1103 1
114 25 1103 1
40 73 549 1
73 40 549 1
40 96 436 1
96 40 436 1
22 96 1047 1
96 22 1047 1
24 84 1013 1
84 24 1013 1
31 43 1106 1
43 31 1106 1
36 99 637 1
99 36 637 1
44 104 796 1
104 44 796 1
98 105 417 1
105 98 417 1
4 72 467 1
72 4 467 1
17 36 828 1
36 17 828 1
19 77 567 1
77 19 567 1
27 71 367 1
71 27 367 1
30 39 678 1
39 30 678 1
38 41 513 1
41 38 513 1
53 99 316 1
99 53 316 1
55 95 221 1
95 55 221 1
57 61 216 1
61 57 216 1
57 106 1143 1
106 57 1143 1
103 108 420 1
108 103 420 1
5 35 974 1
35 5 974 1
5 101 1174 1
101 5 1174 1
37 51 673 1
51 37 673 1
39 58 1032 1
58 39 1032 1
86 114 787 1
114 86 787 1
94 111 316 1
111 94 316 1
99 112 272 1
112 99 272 1
109 115 211 1
115 109 211 1
8 33 863 1
33 8 863 1
17 18 752 1
18 17 752 1
22 87 870 1
87 22 870 1
47 53 268 1
53 47 268 1
53 73 880 1
73 53 880 1
58 105 1107 1
105 58 1107 1
58 109 771 1
109 58 771 1
65 86 1324 1
86 65 1324 1
68 89 1110 1
89 68 1110 1
85 86 1120 1
86 85 1120 1
3 18 417 1
18 3 417 1
3 86 986 1
86 3 986 1
5 104 1063 1
104 5 1063 1
10 52 956 1
52 10 956 1
20 100 857 1
100 20 857 1
21 45 1031 1
45 21 1031 1
23 105 1262 1
105 23 1262 1
49 52 718 1
52 49 718 1
98 113 276 1
113 98 276 1
0 77 681 1
77 0 681 1
4 102 1078 1
102 4 1078 1
19 107 1100 1
107 19 1100 1
79 94 650 1
94 79 650 1
99 109 321 1
109 99 321 1
1 87 873 1
87 1 873 1
23 65 1169 1
65 23 1169 1
26 70 383 1
70 26 383 1
35 108 425 1
108 35 425 1
38 51 954 1
51 38 954 1
93 100 653 1
100 93 653 1
0 63 1010 1
63 0 1010 1
3 100 1385 1
100 3 1385 1
4 66 1205 1
66 4 1205 1
15 19 867 1
19 15 867 1
26 105 921 1
105 26 921 1
41 46 810 1
46 41 810 1
46 115 378 1
115 46 378 1
60 115 895 1
115 60 895 1
69 92 1197 1
92 69 1197 1
104 108 301 1
108 104 301 1
12 81 1161 1
81 12 1161 1
19 63 644 1
63 19 644 1
28 40 248 1
40 28 248 1
36 56 615 1
56 36 615 1
37 75 239 1
75 37 239 1
55 109 337 1
109 55 337 1
57 62 1000 1
62 57 1000 1
58 104 1061 1
104 58 1061 1
63 74 885 1
74 63 885 1
12 63 1218 1
63 12 1218 1
43 113 467 1
113 43 467 1
70 105 847 1
105 70 847 1
93 104 478 1
104 93 478 1
0 80 485 1
80 0 485 1
8 69 1192 1
69 8 1192 1
18 79 755 1
79 18 755 1
23 95 987 1
95 23 987 1
23 104 1270 1
104 23 1270 1
34 54 521 1
54 34 521 1
54 108 319 1
108 54 319 1
9 100 1346 1
100 9 1346 1
11 77 511 1
77 11 511 1
19 98 1076 1
98 19 1076 1
25 105 1085 1
105 25 1085 1
31 36 716 1
36 31 716 1
40 43 865 1
43 40 865 1
48 115 731 1
115 48 731 1
53 86 1248 1
86 53 1248 1
68 76 626 1
76 68 626 1
68 78 695 1
78 68 695 1
76 82 520 1
82 76 520 1
8 14 205 1
14 8 205 1
20 42 954 1
42 20 954 1
25 55 952 1
55 25 952 1
29 102 1018 1
102 29 1018 1
83 107 587 1
107 83 587 1
19 74 670 1
74 19 670 1
22 89 1126 1
89 22 1126 1
24 97 1000 1
97 24 1000 1
26 102 984 1
102 26 984 1
31 96 900 1
96 31 900 1
99 106 562 1
106 99 562 1
5 91 1178 1
91 5 1178 1
16 98 666 1
98 16 666 1
23 108 1031 1
108 23 1031 1
45 113 652 1
113 45 652 1
58 86 1196 1
86 58 1196 1
65 110 634 1
110 65 634 1
66 84 731 1
84 66 731 1
7 93 1261 1
93 7 1261 1
15 69 1077 1
69 15 1077 1
20 22 544 1
22 20 544 1
24 50 1395 1
50 24 1395 1
36 81 848 1
81 36 848 1
67 93 875 1
93 67 875 1
85 100 1025 1
100 85 1025 1
103 112 375 1
112 103 375 1
109 113 333 1
113 109 333 1
3 30 397 1
30 3 397 1
15 91 1009 1
91 15 1009 1
18 63 774 1
63 18 774 1
43 114 502 1
114 43 502 1
48 96 608 1
96 48 608 1
59 106 1174 1
106 59 1174 1
105 115 176 1
115 105 176 1
15 65 1052 1
65 15 1052 1
31 94 836 1
94 31 836 1
35 104 705 1
104 35 705 1
37 87 433 1
87 37 433 1
40 47 783 1
47 40 783 1
44 114 674 1
114 44 674 1
49 115 753 1
115 49 753 1
59 63 501 1
63 59 501 1
63 73 569 1
73 63 569 1
66 89 963 1
89 66 963 1
30 55 903 1
55 30 903 1
30 86 614 1
86 30 614 1
35 61 480 1
61 35 480 1
11 107 831 1
107 11 831 1
13 74 757 1
74 13 757 1
22 105 1261 1
105 22 1261 1
31 54 940 1
54 31 940 1
64 69 676 1
69 64 676 1
96 113 315 1
113 96 315 1
9 101 1217 1
101 9 1217 1
42 54 525 1
54 42 525 1
48 101 937 1
101 48 937 1
65 100 1146 1
100 65 1146 1
85 89 220 1
89 85 220 1
12 46 1039 1
46 12 1039 1
20 29 497 1
29 20 497 1
34 37 540 1
37 34 540 1
45 114 688 1
114 45 688 1
67 92 922 1
92 67 922 1
104 110 417 1
110 104 417 1
4 91 1276 1
91 4 1276 1
13 29 290 1
29 13 290 1
23 94 1022 1
94 23 1022 1
27 51 1246 1
51 27 1246 1
39 104 557 1
104 39 557 1
50 59 774 1
59 50 774 1
75 82 661 1
82 75 661 1
22 104 1247 1
104 22 1247 1
27 54 856 1
54 27 856 1
30 34 790 1
34 30 790 1
40 98 586 1
98 40 586 1
41 94 523 1
94 41 523 1
68 70 709 1
70 68 709 1
82 94 609 1
94 82 609 1
112 115 269 1
115 112 269 1
31 39 657 1
39 31 657 1
42 113 437 1
113 42 437 1
50 91 845 1
91 50 845 1
50 99 730 1
99 50 730 1
64 93 1076 1
93 64 1076 1
82 84 544 1
84 82 544 1
94 110 220 1
110 94 220 1
9 33 834 1
33 9 834 1
12 17 1046 1
17 12 1046 1
36 110 412 1
110 36 412 1
44 115 684 1
115 44 684 1
52 103 773 1
103 52 773 1
52 110 456 1
110 52 456 1
78 101 1049 1
101 78 1049 1
0 57 825 1
57 0 825 1
5 70 530 1
70 5 530 1
6 74 506 1
74 6 506 1
23 52 1420 1
52 23 1420 1
24 49 1432 1
49 24 1432 1
7 34 875 1
34 7 875 1
18 32 279 1
32 18 279 1
26 110 904 1
110 26 904 1
40 62 664 1
62 40 664 1
58 87 1355 1
87 58 1355 1
73 82 720 1
82 73 720 1
98 114 276 1
114 98 276 1
18 90 1192 1
90 18 1192 1
30 44 1163 1
44 30 1163 1
30 50 1195 1
50 30 1195 1
35 69 473 1
69 35 473 1
36 94 246 1
94 36 246 1
43 94 518 1
94 43 518 1
58 67 368 1
67 58 368 1
73 111 787 1
111 73 787 1
9 32 937 1
32 9 937 1
10 107 1065 1
107 10 1065 1
30 41 563 1
41 30 563 1
40 72 200 1
72 40 200 1
49 99 587 1
99 49 587 1
54 82 561 1
82 54 561 1
69 104 1167 1
104 69 1167 1
86 103 950 1
103 86 950 1
31 41 528 1
41 31 528 1
50 66 475 1
66 50 475 1
66 86 1121 1
86 66 1121 1
6 28 413 1
28 6 413 1
36 75 517 1
75 36 517 1
27 87 439 1
87 27 439 1
31 53 1248 1
53 31 1248 1
