116 2668
76 77 238 1
77 76 238 1
4 24 144 1
24 4 144 1
91 93 118 1
93 91 118 1
44 45 194 1
45 44 194 1
20 21 185 1
21 20 185 1
42 46 173 1
46 42 173 1
93 101 103 1
101 93 103 1
22 23 140 1
23 22 140 1
44 49 304 1
49 44 304 1
42 47 281 1
47 42 281 1
17 81 182 1
81 17 182 1
80 81 1113 1
81 80 1113 1
79 81 136 1
81 79 136 1
42 53 475 1
53 42 475 1
29 72 629 1
72 29 629 1
24 25 135 1
25 24 135 1
92 93 608 1
93 92 608 1
2 23 340 1
23 2 340 1
30 31 127 1
31 30 127 1
17 80 1070 1
80 17 1070 1
95 108 123 1
108 95 123 1
92 101 634 1
101 92 634 1
5 9 157 1
9 5 157 1
43 46 341 1
46 43 341 1
42 43 239 1
43 42 239 1
48 49 410 1
49 48 410 1
92 100 157 1
100 92 157 1
28 72 116 1
72 28 116 1
75 77 210 1
77 75 210 1
2 7 566 1
7 2 566 1
24 91 1303 1
91 24 1303 1
36 76 232 1
76 36 232 1
73 74 458 1
74 73 458 1
75 76 374 1
76 75 374 1
84 85 1130 1
85 84 1130 1
5 15 278 1
15 5 278 1
112 113 116 1
113 112 116 1
66 67 177 1
67 66 177 1
72 74 76 1
74 72 76 1
45 49 111 1
49 45 111 1
53 91 265 1
91 53 265 1
86 91 1101 1
91 86 1101 1
113 114 95 1
114 113 95 1
11 13 168 1
13 11 168 1
34 35 126 1
35 34 126 1
96 110 214 1
110 96 214 1
98 111 265 1
111 98 265 1
52 53 746 1
53 52 746 1
37 38 515 1
38 37 515 1
49 51 172 1
51 49 172 1
5 24 252 1
24 5 252 1
23 31 199 1
31 23 199 1
32 76 341 1
76 32 341 1
60 61 893 1
61 60 893 1
100 101 656 1
101 100 656 1
14 82 179 1
82 14 179 1
9 15 219 1
15 9 219 1
53 112 421 1
112 53 421 1
70 71 263 1
71 70 263 1
100 102 87 1
102 100 87 1
55 96 492 1
96 55 492 1
6 7 710 1
7 6 710 1
86 93 1081 1
93 86 1081 1
14 15 772 1
15 14 772 1
72 73 517 1
73 72 517 1
5 25 129 1
25 5 129 1
91 92 669 1
92 91 669 1
14 28 286 1
28 14 286 1
36 77 422 1
77 36 422 1
4 8 148 1
8 4 148 1
56 68 408 1
68 56 408 1
78 80 116 1
80 78 116 1
9 14 725 1
14 9 725 1
4 25 258 1
25 4 258 1
48 59 599 1
59 48 599 1
93 100 653 1
100 93 653 1
9 25 252 1
25 9 252 1
10 12 181 1
12 10 181 1
34 64 445 1
64 34 445 1
90 98 163 1
98 90 163 1
43 47 146 1
47 43 146 1
2 6 165 1
6 2 165 1
43 44 290 1
44 43 290 1
5 86 673 1
86 5 673 1
4 5 350 1
5 4 350 1
8 14 205 1
14 8 205 1
17 63 324 1
63 17 324 1
48 58 400 1
58 48 400 1
62 63 1134 1
63 62 1134 1
86 92 882 1
92 86 882 1
25 27 193 1
27 25 193 1
42 51 463 1
51 42 463 1
52 86 965 1
86 52 965 1
74 75 389 1
75 74 389 1
29 73 113 1
73 29 113 1
99 112 272 1
112 99 272 1
22 31 234 1
31 22 234 1
48 51 548 1
51 48 548 1
16 17 998 1
17 16 998 1
5 93 1207 1
93 5 1207 1
7 11 254 1
11 7 254 1
57 79 431 1
79 57 431 1
91 100 719 1
100 91 719 1
47 53 268 1
53 47 268 1
34 76 309 1
76 34 309 1
46 47 309 1
47 46 309 1
63 80 1146 1
80 63 1146 1
64 67 549 1
67 64 549 1
8 9 638 1
9 8 638 1
32 77 383 1
77 32 383 1
54 55 651 1
55 54 651 1
2 22 228 1
22 2 228 1
12 13 959 1
13 12 959 1
91 112 368 1
112 91 368 1
8 53 1492 1
53 8 1492 1
14 30 414 1
30 14 414 1
83 87 158 1
87 83 158 1
5 91 1178 1
91 5 1178 1
50 52 243 1
52 50 243 1
57 81 488 1
81 57 488 1
84 88 224 1
88 84 224 1
111 112 111 1
112 111 111 1
17 79 135 1
79 17 135 1
78 79 878 1
79 78 878 1
34 79 586 1
79 34 586 1
8 24 258 1
24 8 258 1
5 92 1324 1
92 5 1324 1
10 13 1004 1
13 10 1004 1
24 93 1326 1
93 24 1326 1
20 30 328 1
30 20 328 1
2 31 377 1
31 2 377 1
29 74 571 1
74 29 571 1
46 53 547 1
53 46 547 1
91 99 166 1
99 91 166 1
78 81 1002 1
81 78 1002 1
52 100 420 1
100 52 420 1
3 87 809 1
87 3 809 1
7 13 237 1
13 7 237 1
1 57 172 1
57 1 172 1
46 98 212 1
98 46 212 1
52 91 777 1
91 52 777 1
93 112 343 1
112 93 343 1
16 103 1073 1
103 16 1073 1
17 56 1024 1
56 17 1024 1
43 55 485 1
55 43 485 1
3 18 417 1
18 3 417 1
3 22 347 1
22 3 347 1
94 97 266 1
97 94 266 1
27 82 524 1
82 27 524 1
63 81 293 1
81 63 293 1
47 111 188 1
111 47 188 1
16 80 152 1
80 16 152 1
4 26 161 1
26 4 161 1
16 56 380 1
56 16 380 1
21 30 349 1
30 21 349 1
28 71 506 1
71 28 506 1
93 99 208 1
99 93 208 1
97 113 312 1
113 97 312 1
4 91 1276 1
91 4 1276 1
15 93 1054 1
93 15 1054 1
50 51 698 1
51 50 698 1
86 100 753 1
100 86 753 1
6 30 365 1
30 6 365 1
105 114 152 1
114 105 152 1
51 53 271 1
53 51 271 1
76 96 361 1
96 76 361 1
47 98 442 1
98 47 442 1
53 111 406 1
111 53 406 1
8 26 300 1
26 8 300 1
72 75 453 1
75 72 453 1
108 109 87 1
109 108 87 1
14 25 491 1
25 14 491 1
79 80 991 1
80 79 991 1
7 23 337 1
23 7 337 1
9 24 385 1
24 9 385 1
32 36 555 1
36 32 555 1
95 109 146 1
109 95 146 1
36 37 542 1
37 36 542 1
38 94 246 1
94 38 246 1
44 48 114 1
48 44 114 1
35 76 333 1
76 35 333 1
17 103 859 1
103 17 859 1
24 112 1273 1
112 24 1273 1
46 111 189 1
111 46 189 1
82 83 881 1
83 82 881 1
91 101 197 1
101 91 197 1
15 25 386 1
25 15 386 1
53 86 1248 1
86 53 1248 1
53 93 353 1
93 53 353 1
56 63 1014 1
63 56 1014 1
34 77 351 1
77 34 351 1
57 80 1050 1
80 57 1050 1
3 7 185 1
7 3 185 1
99 111 265 1
111 99 265 1
40 74 182 1
74 40 182 1
47 110 210 1
110 47 210 1
7 31 345 1
31 7 345 1
42 111 258 1
111 42 258 1
93 113 317 1
113 93 317 1
8 112 1273 1
112 8 1273 1
34 85 678 1
85 34 678 1
1 69 441 1
69 1 441 1
86 112 947 1
112 86 947 1
35 64 566 1
64 35 566 1
72 111 772 1
111 72 772 1
24 113 1216 1
113 24 1216 1
76 79 567 1
79 76 567 1
6 21 662 1
21 6 662 1
13 60 1245 1
60 13 1245 1
24 53 1427 1
53 24 1427 1
33 104 965 1
104 33 965 1
1 63 334 1
63 1 334 1
42 52 325 1
52 42 325 1
15 82 832 1
82 15 832 1
82 114 823 1
114 82 823 1
56 81 1090 1
81 56 1090 1
56 62 252 1
62 56 252 1
16 63 1092 1
63 16 1092 1
61 65 175 1
65 61 175 1
73 75 84 1
75 73 84 1
99 100 610 1
100 99 610 1
65 67 361 1
67 65 361 1
9 91 1212 1
91 9 1212 1
32 33 149 1
33 32 149 1
49 59 382 1
59 49 382 1
86 101 1052 1
101 86 1052 1
3 31 315 1
31 3 315 1
86 113 874 1
113 86 874 1
2 3 405 1
3 2 405 1
86 99 956 1
99 86 956 1
92 112 325 1
112 92 325 1
4 93 1288 1
93 4 1288 1
97 114 263 1
114 97 263 1
32 34 327 1
34 32 327 1
55 110 380 1
110 55 380 1
91 113 366 1
113 91 366 1
34 36 459 1
36 34 459 1
46 112 262 1
112 46 262 1
10 28 213 1
28 10 213 1
53 99 316 1
99 53 316 1
21 82 511 1
82 21 511 1
32 35 357 1
35 32 357 1
48 54 669 1
54 48 669 1
15 86 825 1
86 15 825 1
35 77 284 1
77 35 284 1
58 59 496 1
59 58 496 1
40 108 451 1
108 40 451 1
42 49 396 1
49 42 396 1
43 48 391 1
48 43 391 1
43 49 240 1
49 43 240 1
34 67 275 1
67 34 275 1
97 109 174 1
109 97 174 1
3 23 271 1
23 3 271 1
14 20 320 1
20 14 320 1
41 81 452 1
81 41 452 1
42 48 243 1
48 42 243 1
4 27 279 1
27 4 279 1
16 62 313 1
62 16 313 1
74 108 474 1
108 74 474 1
42 98 381 1
98 42 381 1
92 113 313 1
113 92 313 1
106 107 486 1
107 106 486 1
14 114 959 1
114 14 959 1
33 66 503 1
66 33 503 1
64 76 611 1
76 64 611 1
3 83 681 1
83 3 681 1
4 113 1150 1
113 4 1150 1
6 13 864 1
13 6 864 1
14 113 1044 1
113 14 1044 1
43 98 522 1
98 43 522 1
68 78 695 1
78 68 695 1
9 93 1250 1
93 9 1250 1
15 91 1009 1
91 15 1009 1
21 31 344 1
31 21 344 1
52 92 317 1
92 52 317 1
77 96 456 1
96 77 456 1
12 28 275 1
28 12 275 1
8 28 459 1
28 8 459 1
14 27 449 1
27 14 449 1
15 27 336 1
27 15 336 1
4 112 1211 1
112 4 1211 1
20 31 387 1
31 20 387 1
32 78 484 1
78 32 484 1
4 92 1237 1
92 4 1237 1
24 86 569 1
86 24 569 1
39 79 371 1
79 39 371 1
12 60 825 1
60 12 825 1
35 37 446 1
37 35 446 1
43 45 199 1
45 43 199 1
47 55 367 1
55 47 367 1
64 88 675 1
88 64 675 1
9 86 825 1
86 9 825 1
64 65 897 1
65 64 897 1
8 82 379 1
82 8 379 1
8 91 1373 1
91 8 1373 1
30 71 303 1
71 30 303 1
35 56 599 1
56 35 599 1
71 73 163 1
73 71 163 1
99 113 264 1
113 99 264 1
46 55 584 1
55 46 584 1
4 14 255 1
14 4 255 1
20 82 329 1
82 20 329 1
17 78 955 1
78 17 955 1
42 112 333 1
112 42 333 1
44 59 517 1
59 44 517 1
77 110 393 1
110 77 393 1
8 30 385 1
30 8 385 1
10 14 380 1
14 10 380 1
4 9 500 1
9 4 500 1
47 99 231 1
99 47 231 1
91 108 473 1
108 91 473 1
17 41 414 1
41 17 414 1
52 93 761 1
93 52 761 1
74 76 203 1
76 74 203 1
0 16 380 1
16 0 380 1
47 52 540 1
52 47 540 1
57 68 520 1
68 57 520 1
57 78 938 1
78 57 938 1
70 106 687 1
106 70 687 1
5 27 165 1
27 5 165 1
36 38 122 1
38 36 122 1
90 102 246 1
102 90 246 1
4 53 1405 1
53 4 1405 1
17 29 223 1
29 17 223 1
33 35 375 1
35 33 375 1
41 79 379 1
79 41 379 1
68 103 1277 1
103 68 1277 1
15 24 514 1
24 15 514 1
76 110 394 1
110 76 394 1
32 66 416 1
66 32 416 1
90 111 396 1
111 90 396 1
1 81 501 1
81 1 501 1
26 27 135 1
27 26 135 1
36 62 525 1
62 36 525 1
77 79 329 1
79 77 329 1
4 15 597 1
15 4 597 1
28 111 842 1
111 28 842 1
24 92 1330 1
92 24 1330 1
11 31 475 1
31 11 475 1
16 106 659 1
106 16 659 1
18 19 147 1
19 18 147 1
25 91 1244 1
91 25 1244 1
29 81 342 1
81 29 342 1
56 103 1239 1
103 56 1239 1
3 6 559 1
6 3 559 1
32 79 600 1
79 32 600 1
53 92 739 1
92 53 739 1
14 24 389 1
24 14 389 1
48 50 202 1
50 48 202 1
0 65 1009 1
65 0 1009 1
8 25 389 1
25 8 389 1
21 22 558 1
22 21 558 1
32 37 626 1
37 32 626 1
38 88 311 1
88 38 311 1
60 65 898 1
65 60 898 1
12 14 278 1
14 12 278 1
46 51 585 1
51 46 585 1
34 66 268 1
66 34 268 1
34 84 580 1
84 34 580 1
99 109 321 1
109 99 321 1
9 27 309 1
27 9 309 1
80 105 872 1
105 80 872 1
24 27 252 1
27 24 252 1
29 79 257 1
79 29 257 1
37 88 804 1
88 37 804 1
25 82 617 1
82 25 617 1
17 68 840 1
68 17 840 1
39 41 161 1
41 39 161 1
85 88 1097 1
88 85 1097 1
5 101 1174 1
101 5 1174 1
20 26 232 1
26 20 232 1
15 92 1292 1
92 15 1292 1
17 57 439 1
57 17 439 1
17 62 1129 1
62 17 1129 1
36 88 289 1
88 36 289 1
37 54 645 1
54 37 645 1
52 101 819 1
101 52 819 1
45 48 304 1
48 45 304 1
101 113 350 1
113 101 350 1
5 8 493 1
8 5 493 1
39 78 740 1
78 39 740 1
36 96 257 1
96 36 257 1
7 59 970 1
59 7 970 1
28 30 436 1
30 28 436 1
28 93 1101 1
93 28 1101 1
45 51 254 1
51 45 254 1
64 66 392 1
66 64 392 1
14 93 1238 1
93 14 1238 1
31 33 517 1
33 31 517 1
68 104 1183 1
104 68 1183 1
102 111 440 1
111 102 440 1
15 101 1024 1
101 15 1024 1
23 70 494 1
70 23 494 1
54 89 853 1
89 54 853 1
70 90 900 1
90 70 900 1
8 113 1216 1
113 8 1216 1
25 114 1103 1
114 25 1103 1
28 74 188 1
74 28 188 1
78 84 235 1
84 78 235 1
91 102 669 1
102 91 669 1
40 85 900 1
85 40 900 1
56 76 519 1
76 56 519 1
86 108 664 1
108 86 664 1
99 102 560 1
102 99 560 1
16 68 706 1
68 16 706 1
54 96 167 1
96 54 167 1
25 113 1193 1
113 25 1193 1
35 66 331 1
66 35 331 1
9 82 826 1
82 9 826 1
8 51 1496 1
51 8 1496 1
36 75 517 1
75 36 517 1
43 51 245 1
51 43 245 1
43 96 503 1
96 43 503 1
46 54 354 1
54 46 354 1
52 108 555 1
108 52 555 1
92 99 572 1
99 92 572 1
100 112 410 1
112 100 410 1
9 108 974 1
108 9 974 1
5 113 1156 1
113 5 1156 1
37 76 441 1
76 37 441 1
36 81 848 1
81 36 848 1
37 57 643 1
57 37 643 1
41 73 204 1
73 41 204 1
1 37 646 1
37 1 646 1
6 18 473 1
18 6 473 1
64 84 478 1
84 64 478 1
108 110 194 1
110 108 194 1
1 80 1054 1
80 1 1054 1
35 36 502 1
36 35 502 1
52 111 398 1
111 52 398 1
68 81 913 1
81 68 913 1
15 113 1069 1
113 15 1069 1
85 87 616 1
87 85 616 1
31 66 997 1
66 31 997 1
71 72 402 1
72 71 402 1
5 14 572 1
14 5 572 1
7 60 1133 1
60 7 1133 1
9 113 1235 1
113 9 1235 1
22 30 218 1
30 22 218 1
30 82 534 1
82 30 534 1
37 77 246 1
77 37 246 1
21 23 542 1
23 21 542 1
32 96 657 1
96 32 657 1
36 78 263 1
78 36 263 1
54 110 373 1
110 54 373 1
1 79 428 1
79 1 428 1
22 38 846 1
38 22 846 1
35 110 305 1
110 35 305 1
39 81 431 1
81 39 431 1
57 69 378 1
69 57 378 1
28 112 911 1
112 28 911 1
72 112 844 1
112 72 844 1
8 15 741 1
15 8 741 1
11 12 972 1
12 11 972 1
17 105 863 1
105 17 863 1
20 22 544 1
22 20 544 1
21 70 303 1
70 21 303 1
32 81 728 1
81 32 728 1
34 81 688 1
81 34 688 1
35 67 262 1
67 35 262 1
82 87 849 1
87 82 849 1
98 102 260 1
102 98 260 1
101 112 405 1
112 101 405 1
11 33 518 1
33 11 518 1
12 71 631 1
71 12 631 1
0 62 386 1
62 0 386 1
3 82 903 1
82 3 903 1
58 60 266 1
60 58 266 1
33 76 380 1
76 33 380 1
53 101 452 1
101 53 452 1
0 63 1010 1
63 0 1010 1
26 30 321 1
30 26 321 1
36 80 330 1
80 36 330 1
67 85 682 1
85 67 682 1
1 33 355 1
33 1 355 1
2 21 636 1
21 2 636 1
35 96 448 1
96 35 448 1
62 80 268 1
80 62 268 1
56 80 431 1
80 56 431 1
92 102 211 1
102 92 211 1
2 71 519 1
71 2 519 1
36 54 228 1
54 36 228 1
53 98 671 1
98 53 671 1
58 66 198 1
66 58 198 1
20 70 213 1
70 20 213 1
44 51 440 1
51 44 440 1
92 103 574 1
103 92 574 1
94 114 259 1
114 94 259 1
37 63 543 1
63 37 543 1
38 54 263 1
54 38 263 1
5 52 1379 1
52 5 1379 1
22 49 1332 1
49 22 1332 1
28 29 741 1
29 28 741 1
67 84 830 1
84 67 830 1
15 52 1350 1
52 15 1350 1
36 56 615 1
56 36 615 1
69 100 1235 1
100 69 1235 1
94 105 354 1
105 94 354 1
37 81 336 1
81 37 336 1
52 102 475 1
102 52 475 1
53 100 830 1
100 53 830 1
25 93 1273 1
93 25 1273 1
0 56 174 1
56 0 174 1
2 70 412 1
70 2 412 1
41 77 345 1
77 41 345 1
84 87 1148 1
87 84 1148 1
8 52 1288 1
52 8 1288 1
24 99 1174 1
99 24 1174 1
57 63 249 1
63 57 249 1
87 114 818 1
114 87 818 1
28 73 629 1
73 28 629 1
34 96 428 1
96 34 428 1
16 81 1063 1
81 16 1063 1
34 37 540 1
37 34 540 1
101 103 106 1
103 101 106 1
4 114 1058 1
114 4 1058 1
6 31 464 1
31 6 464 1
8 111 1218 1
111 8 1218 1
9 52 1482 1
52 9 1482 1
10 71 639 1
71 10 639 1
4 82 403 1
82 4 403 1
5 82 673 1
82 5 673 1
5 112 1217 1
112 5 1217 1
10 60 650 1
60 10 650 1
29 75 189 1
75 29 189 1
33 37 555 1
37 33 555 1
47 109 317 1
109 47 317 1
9 28 835 1
28 9 835 1
16 90 731 1
90 16 731 1
33 64 737 1
64 33 737 1
1 78 939 1
78 1 939 1
90 107 713 1
107 90 713 1
14 72 328 1
72 14 328 1
23 66 1096 1
66 23 1096 1
27 30 343 1
30 27 343 1
49 58 594 1
58 49 594 1
5 100 1233 1
100 5 1233 1
10 16 218 1
16 10 218 1
36 84 341 1
84 36 341 1
41 68 978 1
68 41 978 1
54 59 1020 1
59 54 1020 1
65 108 767 1
108 65 767 1
77 81 453 1
81 77 453 1
91 111 390 1
111 91 390 1
13 30 546 1
30 13 546 1
15 28 819 1
28 15 819 1
3 27 634 1
27 3 634 1
14 71 582 1
71 14 582 1
32 38 642 1
38 32 642 1
32 75 514 1
75 32 514 1
51 83 1017 1
83 51 1017 1
29 41 234 1
41 29 234 1
46 49 541 1
49 46 541 1
47 91 332 1
91 47 332 1
50 54 543 1
54 50 543 1
67 88 939 1
88 67 939 1
102 103 508 1
103 102 508 1
16 78 122 1
78 16 122 1
28 113 881 1
113 28 881 1
64 85 1107 1
85 64 1107 1
76 81 691 1
81 76 691 1
18 31 574 1
31 18 574 1
45 59 413 1
59 45 413 1
56 79 965 1
79 56 965 1
100 113 356 1
113 100 356 1
9 87 450 1
87 9 450 1
24 52 1359 1
52 24 1359 1
35 104 705 1
104 35 705 1
38 84 429 1
84 38 429 1
74 112 785 1
112 74 785 1
100 111 457 1
111 100 457 1
63 77 536 1
77 63 536 1
0 102 1108 1
102 0 1108 1
19 68 313 1
68 19 313 1
53 113 487 1
113 53 487 1
19 106 1134 1
106 19 1134 1
55 95 221 1
95 55 221 1
2 58 959 1
58 2 959 1
7 58 1136 1
58 7 1136 1
36 94 246 1
94 36 246 1
41 57 760 1
57 41 760 1
114 115 96 1
115 114 96 1
27 114 923 1
114 27 923 1
85 95 486 1
95 85 486 1
6 20 561 1
20 6 561 1
8 93 1382 1
93 8 1382 1
9 89 869 1
89 9 869 1
36 63 945 1
63 36 945 1
46 52 244 1
52 46 244 1
88 94 422 1
94 88 422 1
0 61 943 1
61 0 943 1
37 104 610 1
104 37 610 1
15 114 987 1
114 15 987 1
18 20 736 1
20 18 736 1
1 17 391 1
17 1 391 1
44 46 353 1
46 44 353 1
10 106 807 1
106 10 807 1
13 14 902 1
14 13 902 1
15 53 1143 1
53 15 1143 1
34 56 491 1
56 34 491 1
38 66 807 1
66 38 807 1
40 64 826 1
64 40 826 1
74 99 759 1
99 74 759 1
3 21 582 1
21 3 582 1
22 44 1293 1
44 22 1293 1
28 91 1086 1
91 28 1086 1
42 44 208 1
44 42 208 1
43 111 293 1
111 43 293 1
1 39 746 1
39 1 746 1
6 71 586 1
71 6 586 1
7 66 1007 1
66 7 1007 1
20 23 575 1
23 20 575 1
98 112 277 1
112 98 277 1
101 102 595 1
102 101 595 1
1 11 394 1
11 1 394 1
6 12 248 1
12 6 248 1
50 95 734 1
95 50 734 1
99 101 266 1
101 99 266 1
3 38 907 1
38 3 907 1
9 112 1293 1
112 9 1293 1
56 77 690 1
77 56 690 1
36 110 412 1
110 36 412 1
18 22 537 1
22 18 537 1
22 45 1298 1
45 22 1298 1
37 78 740 1
78 37 740 1
2 30 317 1
30 2 317 1
23 30 259 1
30 23 259 1
35 79 470 1
79 35 470 1
64 77 767 1
77 64 767 1
6 23 465 1
23 6 465 1
9 114 1147 1
114 9 1147 1
34 57 567 1
57 34 567 1
37 80 842 1
80 37 842 1
37 96 506 1
96 37 506 1
72 99 831 1
99 72 831 1
2 13 744 1
13 2 744 1
14 21 487 1
21 14 487 1
16 70 409 1
70 16 409 1
93 102 600 1
102 93 600 1
5 53 1317 1
53 5 1317 1
90 103 653 1
103 90 653 1
20 71 311 1
71 20 311 1
46 48 368 1
48 46 368 1
91 109 486 1
109 91 486 1
95 97 97 1
97 95 97 1
12 65 1303 1
65 12 1303 1
97 105 299 1
105 97 299 1
7 30 462 1
30 7 462 1
26 106 767 1
106 26 767 1
32 62 548 1
62 32 548 1
33 38 675 1
38 33 675 1
42 50 271 1
50 42 271 1
58 106 1039 1
106 58 1039 1
62 77 741 1
77 62 741 1
111 113 191 1
113 111 191 1
14 101 1221 1
101 14 1221 1
25 86 638 1
86 25 638 1
28 101 1105 1
101 28 1105 1
28 105 872 1
105 28 872 1
93 103 173 1
103 93 173 1
34 88 672 1
88 34 672 1
34 65 549 1
65 34 549 1
36 64 637 1
64 36 637 1
3 11 395 1
11 3 395 1
10 15 968 1
15 10 968 1
42 99 482 1
99 42 482 1
71 111 839 1
111 71 839 1
14 91 1235 1
91 14 1235 1
23 38 892 1
38 23 892 1
28 108 624 1
108 28 624 1
44 55 743 1
55 44 743 1
45 67 282 1
67 45 282 1
82 113 905 1
113 82 905 1
14 112 1099 1
112 14 1099 1
15 112 1123 1
112 15 1123 1
40 99 752 1
99 40 752 1
41 76 493 1
76 41 493 1
6 14 476 1
14 6 476 1
9 53 1347 1
53 9 1347 1
31 71 265 1
71 31 265 1
39 57 754 1
57 39 754 1
62 76 527 1
76 62 527 1
84 94 496 1
94 84 496 1
92 111 381 1
111 92 381 1
97 99 180 1
99 97 180 1
109 110 135 1
110 109 135 1
7 22 454 1
22 7 454 1
21 71 214 1
71 21 214 1
59 70 955 1
70 59 955 1
66 77 590 1
77 66 590 1
105 115 176 1
115 105 176 1
5 114 1065 1
114 5 1065 1
32 104 940 1
104 32 940 1
50 83 1292 1
83 50 1292 1
87 88 1035 1
88 87 1035 1
40 76 327 1
76 40 327 1
51 52 786 1
52 51 786 1
66 76 556 1
76 66 556 1
112 114 196 1
114 112 196 1
10 65 1203 1
65 10 1203 1
28 99 923 1
99 28 923 1
50 53 744 1
53 50 744 1
50 108 645 1
108 50 645 1
76 78 312 1
78 76 312 1
93 109 510 1
109 93 510 1
95 110 248 1
110 95 248 1
63 79 303 1
79 63 303 1
8 42 1322 1
42 8 1322 1
8 46 1191 1
46 8 1191 1
28 109 610 1
109 28 610 1
34 40 622 1
40 34 622 1
36 79 738 1
79 36 738 1
38 78 371 1
78 38 371 1
47 112 265 1
112 47 265 1
52 113 478 1
113 52 478 1
4 86 435 1
86 4 435 1
20 103 873 1
103 20 873 1
24 26 201 1
26 24 201 1
24 114 1125 1
114 24 1125 1
28 82 255 1
82 28 255 1
33 77 332 1
77 33 332 1
47 102 619 1
102 47 619 1
13 23 488 1
23 13 488 1
40 86 262 1
86 40 262 1
56 57 840 1
57 56 840 1
103 106 532 1
106 103 532 1
2 59 1058 1
59 2 1058 1
37 79 267 1
79 37 267 1
26 70 383 1
70 26 383 1
38 104 427 1
104 38 427 1
11 66 951 1
66 11 951 1
19 83 893 1
83 19 893 1
42 55 629 1
55 42 629 1
74 109 457 1
109 74 457 1
109 113 333 1
113 109 333 1
51 59 486 1
59 51 486 1
108 113 292 1
113 108 292 1
2 11 744 1
11 2 744 1
23 59 1157 1
59 23 1157 1
65 85 476 1
85 65 476 1
18 30 564 1
30 18 564 1
63 103 934 1
103 63 934 1
0 36 643 1
36 0 643 1
24 47 1229 1
47 24 1229 1
30 72 390 1
72 30 390 1
34 110 327 1
110 34 327 1
48 90 628 1
90 48 628 1
58 61 717 1
61 58 717 1
83 101 854 1
101 83 854 1
16 105 923 1
105 16 923 1
33 34 394 1
34 33 394 1
3 30 397 1
30 3 397 1
17 72 781 1
72 17 781 1
100 103 576 1
103 100 576 1
12 30 419 1
30 12 419 1
35 65 453 1
65 35 453 1
36 85 845 1
85 36 845 1
66 104 942 1
104 66 942 1
68 79 805 1
79 68 805 1
105 107 233 1
107 105 233 1
37 94 426 1
94 37 426 1
44 66 318 1
66 44 318 1
89 91 402 1
91 89 402 1
107 115 298 1
115 107 298 1
26 82 411 1
82 26 411 1
11 23 552 1
23 11 552 1
14 26 321 1
26 14 321 1
23 71 443 1
71 23 443 1
40 73 549 1
73 40 549 1
43 110 298 1
110 43 298 1
52 95 665 1
95 52 665 1
68 80 778 1
80 68 778 1
86 95 706 1
95 86 706 1
12 61 1246 1
61 12 1246 1
16 71 654 1
71 16 654 1
33 97 678 1
97 33 678 1
61 102 1213 1
102 61 1213 1
7 18 581 1
18 7 581 1
8 71 624 1
71 8 624 1
11 17 224 1
17 11 224 1
38 97 469 1
97 38 469 1
74 79 666 1
79 74 666 1
47 86 1016 1
86 47 1016 1
18 27 862 1
27 18 862 1
35 68 531 1
68 35 531 1
37 55 221 1
55 37 221 1
52 99 661 1
99 52 661 1
52 112 417 1
112 52 417 1
73 111 787 1
111 73 787 1
100 107 640 1
107 100 640 1
27 87 439 1
87 27 439 1
103 105 173 1
105 103 173 1
6 8 485 1
8 6 485 1
13 31 424 1
31 13 424 1
13 15 277 1
15 13 277 1
24 100 1231 1
100 24 1231 1
30 70 259 1
70 30 259 1
45 66 369 1
66 45 369 1
56 78 391 1
78 56 391 1
82 101 1107 1
101 82 1107 1
82 115 739 1
115 82 739 1
103 107 239 1
107 103 239 1
6 15 884 1
15 6 884 1
22 26 505 1
26 22 505 1
22 70 443 1
70 22 443 1
46 113 335 1
113 46 335 1
93 108 478 1
108 93 478 1
10 11 986 1
11 10 986 1
24 28 571 1
28 24 571 1
31 70 334 1
70 31 334 1
42 86 1057 1
86 42 1057 1
42 91 584 1
91 42 584 1
64 110 621 1
110 64 621 1
69 92 1197 1
92 69 1197 1
74 77 362 1
77 74 362 1
18 21 751 1
21 18 751 1
51 82 1285 1
82 51 1285 1
56 104 1033 1
104 56 1033 1
75 108 484 1
108 75 484 1
40 91 908 1
91 40 908 1
40 95 491 1
95 40 491 1
51 87 1076 1
87 51 1076 1
97 115 218 1
115 97 218 1
20 106 592 1
106 20 592 1
21 83 382 1
83 21 382 1
36 40 213 1
40 36 213 1
33 78 590 1
78 33 590 1
62 81 1169 1
81 62 1169 1
90 106 378 1
106 90 378 1
92 114 349 1
114 92 349 1
13 71 401 1
71 13 401 1
21 73 247 1
73 21 247 1
44 58 416 1
58 44 416 1
86 111 918 1
111 86 918 1
0 60 405 1
60 0 405 1
5 89 870 1
89 5 870 1
34 75 559 1
75 34 559 1
40 79 762 1
79 40 762 1
10 61 1158 1
61 10 1158 1
34 78 466 1
78 34 466 1
58 90 890 1
90 58 890 1
66 84 731 1
84 66 731 1
80 84 162 1
84 80 162 1
13 70 648 1
70 13 648 1
14 105 983 1
105 14 983 1
43 54 646 1
54 43 646 1
78 88 352 1
88 78 352 1
99 108 310 1
108 99 310 1
32 110 609 1
110 32 609 1
46 50 303 1
50 46 303 1
53 90 787 1
90 53 787 1
86 109 700 1
109 86 700 1
94 96 89 1
96 94 89 1
101 105 274 1
105 101 274 1
0 58 565 1
58 0 565 1
7 21 555 1
21 7 555 1
6 9 834 1
9 6 834 1
8 20 420 1
20 8 420 1
8 27 425 1
27 8 425 1
24 42 1334 1
42 24 1334 1
25 30 292 1
30 25 292 1
33 57 394 1
57 33 394 1
3 114 1184 1
114 3 1184 1
12 72 358 1
72 12 358 1
7 12 856 1
12 7 856 1
22 59 1169 1
59 22 1169 1
25 112 1251 1
112 25 1251 1
34 38 552 1
38 34 552 1
42 54 525 1
54 42 525 1
78 105 821 1
105 78 821 1
85 86 1120 1
86 85 1120 1
2 18 379 1
18 2 379 1
11 63 488 1
63 11 488 1
18 92 1286 1
92 18 1286 1
28 53 1155 1
53 28 1155 1
42 90 472 1
90 42 472 1
47 90 580 1
90 47 580 1
16 107 951 1
107 16 951 1
21 26 271 1
26 21 271 1
10 93 1289 1
93 10 1289 1
13 106 1119 1
106 13 1119 1
14 53 1349 1
53 14 1349 1
23 58 1186 1
58 23 1186 1
71 75 163 1
75 71 163 1
91 95 424 1
95 91 424 1
94 115 181 1
115 94 181 1
29 111 842 1
111 29 842 1
43 53 293 1
53 43 293 1
58 67 368 1
67 58 368 1
74 113 753 1
113 74 753 1
14 115 869 1
115 14 869 1
18 82 891 1
82 18 891 1
25 53 1369 1
53 25 1369 1
39 65 768 1
65 39 768 1
60 104 980 1
104 60 980 1
64 108 748 1
108 64 748 1
73 112 858 1
112 73 858 1
13 21 494 1
21 13 494 1
17 104 976 1
104 17 976 1
18 33 288 1
33 18 288 1
22 51 1360 1
51 22 1360 1
35 63 527 1
63 35 527 1
82 112 963 1
112 82 963 1
93 114 346 1
114 93 346 1
98 99 479 1
99 98 479 1
8 12 346 1
12 8 346 1
32 56 384 1
56 32 384 1
47 48 490 1
48 47 490 1
72 76 257 1
76 72 257 1
72 113 813 1
113 72 813 1
78 94 474 1
94 78 474 1
4 101 1261 1
101 4 1261 1
13 20 655 1
20 13 655 1
17 107 678 1
107 17 678 1
26 59 1291 1
59 26 1291 1
27 113 1016 1
113 27 1016 1
4 46 1152 1
46 4 1152 1
9 83 411 1
83 9 411 1
28 114 809 1
114 28 809 1
30 73 455 1
73 30 455 1
35 57 486 1
57 35 486 1
54 88 224 1
88 54 224 1
11 39 572 1
39 11 572 1
18 94 904 1
94 18 904 1
47 51 339 1
51 47 339 1
80 103 1029 1
103 80 1029 1
4 30 322 1
30 4 322 1
26 46 1059 1
46 26 1059 1
38 80 426 1
80 38 426 1
38 85 837 1
85 38 837 1
70 73 402 1
73 70 402 1
40 53 1023 1
53 40 1023 1
74 86 416 1
86 74 416 1
9 12 856 1
12 9 856 1
21 27 209 1
27 21 209 1
22 83 792 1
83 22 792 1
6 11 866 1
11 6 866 1
17 106 979 1
106 17 979 1
22 82 706 1
82 22 706 1
62 78 287 1
78 62 287 1
69 102 1226 1
102 69 1226 1
17 39 453 1
39 17 453 1
23 45 1302 1
45 23 1302 1
29 83 227 1
83 29 227 1
50 74 835 1
74 50 835 1
51 70 1035 1
70 51 1035 1
79 85 260 1
85 79 260 1
99 115 285 1
115 99 285 1
1 104 1183 1
104 1 1183 1
11 60 1139 1
60 11 1139 1
40 110 582 1
110 40 582 1
20 27 271 1
27 20 271 1
24 82 536 1
82 24 536 1
92 98 220 1
98 92 220 1
95 114 280 1
114 95 280 1
6 82 587 1
82 6 587 1
11 30 584 1
30 11 584 1
22 87 870 1
87 22 870 1
6 60 799 1
60 6 799 1
8 101 1359 1
101 8 1359 1
33 96 703 1
96 33 703 1
40 75 477 1
75 40 477 1
15 30 522 1
30 15 522 1
25 89 956 1
89 25 956 1
29 112 910 1
112 29 910 1
32 84 691 1
84 32 691 1
65 95 715 1
95 65 715 1
70 107 772 1
107 70 772 1
8 86 437 1
86 8 437 1
24 108 938 1
108 24 938 1
67 110 507 1
110 67 507 1
75 79 318 1
79 75 318 1
76 88 509 1
88 76 509 1
1 32 484 1
32 1 484 1
5 69 1149 1
69 5 1149 1
27 112 1080 1
112 27 1080 1
63 78 1033 1
78 63 1033 1
33 68 378 1
68 33 378 1
34 80 560 1
80 34 560 1
43 59 554 1
59 43 554 1
74 95 497 1
95 74 497 1
75 110 565 1
110 75 565 1
92 109 522 1
109 92 522 1
93 105 305 1
105 93 305 1
1 41 715 1
41 1 715 1
11 21 514 1
21 11 514 1
12 106 877 1
106 12 877 1
61 63 238 1
63 61 238 1
9 50 1509 1
50 9 1509 1
14 83 858 1
83 14 858 1
32 41 693 1
41 32 693 1
39 77 312 1
77 39 312 1
63 76 747 1
76 63 747 1
97 112 339 1
112 97 339 1
98 103 555 1
103 98 555 1
4 97 964 1
97 4 964 1
9 10 955 1
10 9 955 1
15 100 1225 1
100 15 1225 1
33 94 670 1
94 33 670 1
66 96 666 1
96 66 666 1
0 107 1161 1
107 0 1161 1
9 101 1217 1
101 9 1217 1
11 106 1080 1
106 11 1080 1
21 72 388 1
72 21 388 1
22 27 524 1
27 22 524 1
22 48 1339 1
48 22 1339 1
61 69 456 1
69 61 456 1
73 76 450 1
76 73 450 1
101 114 359 1
114 101 359 1
8 83 868 1
83 8 868 1
61 89 738 1
89 61 738 1
62 66 562 1
66 62 562 1
0 103 1292 1
103 0 1292 1
9 30 478 1
30 9 478 1
21 103 830 1
103 21 830 1
30 113 1109 1
113 30 1109 1
45 58 519 1
58 45 519 1
64 79 1031 1
79 64 1031 1
67 77 525 1
77 67 525 1
85 108 596 1
108 85 596 1
0 77 681 1
77 0 681 1
18 114 1134 1
114 18 1134 1
42 115 508 1
115 42 508 1
47 96 412 1
96 47 412 1
47 108 359 1
108 47 359 1
48 55 832 1
55 48 832 1
73 99 684 1
99 73 684 1
105 113 210 1
113 105 210 1
5 87 460 1
87 5 460 1
11 20 668 1
20 11 668 1
30 114 1027 1
114 30 1027 1
64 78 491 1
78 64 491 1
68 106 1131 1
106 68 1131 1
73 83 298 1
83 73 298 1
3 20 648 1
20 3 648 1
8 50 1336 1
50 8 1336 1
25 85 1018 1
85 25 1018 1
33 39 630 1
39 33 630 1
45 55 662 1
55 45 662 1
0 10 381 1
10 0 381 1
6 26 607 1
26 6 607 1
17 32 646 1
32 17 646 1
27 31 339 1
31 27 339 1
40 77 472 1
77 40 472 1
53 102 802 1
102 53 802 1
55 94 428 1
94 55 428 1
55 97 173 1
97 55 173 1
64 96 625 1
96 64 625 1
75 96 592 1
96 75 592 1
16 72 287 1
72 16 287 1
23 27 506 1
27 23 506 1
24 46 1220 1
46 24 1220 1
40 47 783 1
47 40 783 1
80 107 937 1
107 80 937 1
88 89 1035 1
89 88 1035 1
89 95 416 1
95 89 416 1
41 56 991 1
56 41 991 1
16 28 220 1
28 16 220 1
25 97 955 1
97 25 955 1
40 112 757 1
112 40 757 1
42 45 300 1
45 42 300 1
52 89 1027 1
89 52 1027 1
64 75 961 1
75 64 961 1
40 50 871 1
50 40 871 1
44 96 580 1
96 44 580 1
18 23 573 1
23 18 573 1
38 55 598 1
55 38 598 1
70 82 411 1
82 70 411 1
71 90 1013 1
90 71 1013 1
79 104 860 1
104 79 860 1
87 89 476 1
89 87 476 1
79 105 747 1
105 79 747 1
6 22 333 1
22 6 333 1
24 97 1000 1
97 24 1000 1
32 44 667 1
44 32 667 1
39 80 834 1
80 39 834 1
66 88 875 1
88 66 875 1
82 93 1124 1
93 82 1124 1
87 112 968 1
112 87 968 1
87 113 899 1
113 87 899 1
20 72 238 1
72 20 238 1
52 109 539 1
109 52 539 1
65 109 696 1
109 65 696 1
77 78 550 1
78 77 550 1
27 93 1095 1
93 27 1095 1
40 88 385 1
88 40 385 1
54 95 438 1
95 54 438 1
74 111 713 1
111 74 713 1
0 99 1111 1
99 0 1111 1
16 36 349 1
36 16 349 1
29 40 655 1
40 29 655 1
29 76 555 1
76 29 555 1
32 39 692 1
39 32 692 1
61 67 382 1
67 61 382 1
15 20 521 1
20 15 521 1
17 20 694 1
20 17 694 1
47 54 568 1
54 47 568 1
54 58 818 1
58 54 818 1
92 105 456 1
105 92 456 1
95 113 351 1
113 95 351 1
101 107 310 1
107 101 310 1
13 26 645 1
26 13 645 1
55 88 845 1
88 55 845 1
63 68 745 1
68 63 745 1
81 103 738 1
103 81 738 1
93 111 397 1
111 93 397 1
108 114 218 1
114 108 218 1
2 48 1199 1
48 2 1199 1
14 86 272 1
86 14 272 1
22 106 1117 1
106 22 1117 1
26 71 422 1
71 26 422 1
29 105 795 1
105 29 795 1
38 81 841 1
81 38 841 1
47 95 361 1
95 47 361 1
53 109 560 1
109 53 560 1
63 69 603 1
69 63 603 1
72 108 541 1
108 72 541 1
25 26 225 1
26 25 225 1
32 80 590 1
80 32 590 1
59 106 1174 1
106 59 1174 1
72 79 733 1
79 72 733 1
112 115 269 1
115 112 269 1
3 84 1110 1
84 3 1110 1
32 64 603 1
64 32 603 1
94 104 298 1
104 94 298 1
4 52 1272 1
52 4 1272 1
24 109 943 1
109 24 943 1
36 55 626 1
55 36 626 1
36 74 242 1
74 36 242 1
10 105 1072 1
105 10 1072 1
46 86 899 1
86 46 899 1
113 115 188 1
115 113 188 1
59 89 931 1
89 59 931 1
71 106 782 1
106 71 782 1
73 79 296 1
79 73 296 1
0 75 786 1
75 0 786 1
35 75 492 1
75 35 492 1
45 96 643 1
96 45 643 1
51 90 888 1
90 51 888 1
28 70 247 1
70 28 247 1
41 75 187 1
75 41 187 1
54 77 571 1
77 54 571 1
61 100 1241 1
100 61 1241 1
62 68 629 1
68 62 629 1
10 91 1269 1
91 10 1269 1
53 108 584 1
108 53 584 1
81 85 175 1
85 81 175 1
82 92 909 1
92 82 909 1
39 104 557 1
104 39 557 1
47 100 643 1
100 47 643 1
50 87 1314 1
87 50 1314 1
51 54 884 1
54 51 884 1
59 66 363 1
66 59 363 1
6 27 679 1
27 6 679 1
8 92 1269 1
92 8 1269 1
37 56 930 1
56 37 930 1
56 64 404 1
64 56 404 1
69 89 1015 1
89 69 1015 1
32 94 642 1
94 32 642 1
34 94 438 1
94 34 438 1
37 62 953 1
62 37 953 1
86 102 712 1
102 86 712 1
0 35 653 1
35 0 653 1
65 66 537 1
66 65 537 1
84 95 699 1
95 84 699 1
4 28 477 1
28 4 477 1
5 83 447 1
83 5 447 1
11 58 1113 1
58 11 1113 1
11 62 1169 1
62 11 1169 1
23 67 1077 1
67 23 1077 1
30 112 1143 1
112 30 1143 1
34 74 510 1
74 34 510 1
37 66 777 1
66 37 777 1
49 83 1093 1
83 49 1093 1
84 114 684 1
114 84 684 1
10 101 1302 1
101 10 1302 1
13 61 843 1
61 13 843 1
46 110 220 1
110 46 220 1
76 104 623 1
104 76 623 1
10 30 501 1
30 10 501 1
26 68 1080 1
68 26 1080 1
32 63 656 1
63 32 656 1
57 110 760 1
110 57 760 1
68 69 164 1
69 68 164 1
13 58 1244 1
58 13 1244 1
19 41 815 1
41 19 815 1
41 63 682 1
63 41 682 1
72 105 795 1
105 72 795 1
79 84 1035 1
84 79 1035 1
1 61 385 1
61 1 385 1
6 70 405 1
70 6 405 1
26 90 1088 1
90 26 1088 1
33 56 531 1
56 33 531 1
52 98 272 1
98 52 272 1
90 100 182 1
100 90 182 1
47 49 380 1
49 47 380 1
62 103 1159 1
103 62 1159 1
108 112 335 1
112 108 335 1
58 107 1147 1
107 58 1147 1
98 100 250 1
100 98 250 1
103 104 369 1
104 103 369 1
14 92 1074 1
92 14 1074 1
26 98 979 1
98 26 979 1
61 110 719 1
110 61 719 1
94 109 127 1
109 94 127 1
1 66 683 1
66 1 683 1
24 101 1299 1
101 24 1299 1
29 56 983 1
56 29 983 1
35 81 565 1
81 35 565 1
57 105 1066 1
105 57 1066 1
72 86 399 1
86 72 399 1
87 95 598 1
95 87 598 1
4 18 866 1
18 4 866 1
8 10 505 1
10 8 505 1
42 109 434 1
109 42 434 1
82 105 854 1
105 82 854 1
33 60 632 1
60 33 632 1
39 68 969 1
68 39 969 1
67 89 830 1
89 67 830 1
82 107 847 1
107 82 847 1
92 97 585 1
97 92 585 1
28 92 903 1
92 28 903 1
33 79 486 1
79 33 486 1
57 76 691 1
76 57 691 1
72 109 524 1
109 72 524 1
5 108 888 1
108 5 888 1
19 26 891 1
26 19 891 1
29 99 709 1
99 29 709 1
34 39 610 1
39 34 610 1
42 110 303 1
110 42 303 1
58 70 871 1
70 58 871 1
64 74 751 1
74 64 751 1
78 104 706 1
104 78 706 1
7 33 515 1
33 7 515 1
28 86 383 1
86 28 383 1
30 83 641 1
83 30 641 1
108 111 286 1
111 108 286 1
1 84 1139 1
84 1 1139 1
20 28 320 1
28 20 320 1
20 115 646 1
115 20 646 1
23 106 1155 1
106 23 1155 1
24 110 1066 1
110 24 1066 1
29 86 839 1
86 29 839 1
17 21 542 1
21 17 542 1
28 115 724 1
115 28 724 1
48 98 566 1
98 48 566 1
76 84 486 1
84 76 486 1
0 64 574 1
64 0 574 1
9 92 1428 1
92 9 1428 1
32 68 304 1
68 32 304 1
38 76 305 1
76 38 305 1
61 108 835 1
108 61 835 1
67 96 668 1
96 67 668 1
2 87 993 1
87 2 993 1
14 52 1090 1
52 14 1090 1
16 20 522 1
20 16 522 1
68 99 1044 1
99 68 1044 1
74 87 714 1
87 74 714 1
96 97 322 1
97 96 322 1
0 17 982 1
17 0 982 1
4 100 1129 1
100 4 1129 1
13 63 653 1
63 13 653 1
18 26 857 1
26 18 857 1
33 105 952 1
105 33 952 1
62 70 663 1
70 62 663 1
81 104 910 1
104 81 910 1
97 108 170 1
108 97 170 1
8 72 485 1
72 8 485 1
10 70 382 1
70 10 382 1
10 107 1065 1
107 10 1065 1
16 79 934 1
79 16 934 1
52 83 1260 1
83 52 1260 1
56 99 1051 1
99 56 1051 1
96 108 167 1
108 96 167 1
9 74 740 1
74 9 740 1
17 37 368 1
37 17 368 1
24 40 584 1
40 24 584 1
24 111 1215 1
111 24 1215 1
37 84 862 1
84 37 862 1
52 54 402 1
54 52 402 1
18 87 1063 1
87 18 1063 1
20 73 397 1
73 20 397 1
29 102 1018 1
102 29 1018 1
43 112 376 1
112 43 376 1
53 115 576 1
115 53 576 1
69 110 773 1
110 69 773 1
98 110 300 1
110 98 300 1
9 65 1235 1
65 9 1235 1
0 90 1005 1
90 0 1005 1
3 85 893 1
85 3 893 1
16 111 812 1
111 16 812 1
19 29 673 1
29 19 673 1
20 113 831 1
113 20 831 1
35 61 480 1
61 35 480 1
93 97 371 1
97 93 371 1
104 106 195 1
106 104 195 1
104 107 401 1
107 104 401 1
16 98 666 1
98 16 666 1
18 97 954 1
97 18 954 1
27 89 807 1
89 27 807 1
33 62 690 1
62 33 690 1
50 82 1027 1
82 50 1027 1
80 85 1121 1
85 80 1121 1
85 94 684 1
94 85 684 1
2 51 1294 1
51 2 1294 1
8 70 477 1
70 8 477 1
23 44 1318 1
44 23 1318 1
23 49 1325 1
49 23 1325 1
53 82 1252 1
82 53 1252 1
64 94 688 1
94 64 688 1
78 103 971 1
103 78 971 1
25 28 633 1
28 25 633 1
43 73 792 1
73 43 792 1
50 89 1065 1
89 50 1065 1
61 95 778 1
95 61 778 1
65 93 802 1
93 65 802 1
68 102 1226 1
102 68 1226 1
15 21 348 1
21 15 348 1
25 40 618 1
40 25 618 1
27 91 1074 1
91 27 1074 1
34 41 686 1
41 34 686 1
60 110 690 1
110 60 690 1
10 108 812 1
108 10 812 1
11 80 1102 1
80 11 1102 1
17 76 648 1
76 17 648 1
26 111 1043 1
111 26 1043 1
28 100 825 1
100 28 825 1
38 57 968 1
57 38 968 1
41 66 932 1
66 41 932 1
49 53 406 1
53 49 406 1
55 84 914 1
84 55 914 1
109 112 348 1
112 109 348 1
5 99 1070 1
99 5 1070 1
12 108 895 1
108 12 895 1
