116 2668
42 43 239 1
43 42 239 1
26 27 135 1
27 26 135 1
80 81 1113 1
81 80 1113 1
44 45 194 1
45 44 194 1
43 47 146 1
47 43 146 1
90 91 735 1
91 90 735 1
42 47 281 1
47 42 281 1
44 49 304 1
49 44 304 1
22 23 140 1
23 22 140 1
48 51 548 1
51 48 548 1
100 102 87 1
102 100 87 1
104 105 204 1
105 104 204 1
5 27 165 1
27 5 165 1
4 8 148 1
8 4 148 1
76 77 238 1
77 76 238 1
56 57 840 1
57 56 840 1
5 26 263 1
26 5 263 1
78 81 1002 1
81 78 1002 1
78 80 116 1
80 78 116 1
59 66 363 1
66 59 363 1
45 49 111 1
49 45 111 1
103 105 173 1
105 103 173 1
25 27 193 1
27 25 193 1
5 25 129 1
25 5 129 1
103 104 369 1
104 103 369 1
24 25 135 1
25 24 135 1
101 102 595 1
102 101 595 1
48 49 410 1
49 48 410 1
49 51 172 1
51 49 172 1
14 28 286 1
28 14 286 1
44 48 114 1
48 44 114 1
12 13 959 1
13 12 959 1
58 66 198 1
66 58 198 1
30 31 127 1
31 30 127 1
9 15 219 1
15 9 219 1
95 109 146 1
109 95 146 1
42 49 396 1
49 42 396 1
16 56 380 1
56 16 380 1
51 53 271 1
53 51 271 1
113 114 95 1
114 113 95 1
97 109 174 1
109 97 174 1
70 71 263 1
71 70 263 1
43 49 240 1
49 43 240 1
43 45 199 1
45 43 199 1
70 77 376 1
77 70 376 1
17 81 182 1
81 17 182 1
54 96 167 1
96 54 167 1
42 46 173 1
46 42 173 1
58 59 496 1
59 58 496 1
14 82 179 1
82 14 179 1
48 91 808 1
91 48 808 1
2 6 165 1
6 2 165 1
38 39 465 1
39 38 465 1
22 24 386 1
24 22 386 1
8 9 638 1
9 8 638 1
46 47 309 1
47 46 309 1
51 91 505 1
91 51 505 1
83 85 549 1
85 83 549 1
16 81 1063 1
81 16 1063 1
44 51 440 1
51 44 440 1
45 47 345 1
47 45 345 1
13 65 935 1
65 13 935 1
52 53 746 1
53 52 746 1
48 50 202 1
50 48 202 1
29 78 851 1
78 29 851 1
55 96 492 1
96 55 492 1
101 104 464 1
104 101 464 1
54 55 651 1
55 54 651 1
6 7 710 1
7 6 710 1
22 27 524 1
27 22 524 1
23 31 199 1
31 23 199 1
106 107 486 1
107 106 486 1
4 14 255 1
14 4 255 1
48 90 628 1
90 48 628 1
106 114 322 1
114 106 322 1
29 79 257 1
79 29 257 1
29 81 342 1
81 29 342 1
22 25 402 1
25 22 402 1
43 44 290 1
44 43 290 1
52 54 402 1
54 52 402 1
97 99 180 1
99 97 180 1
11 13 168 1
13 11 168 1
23 24 403 1
24 23 403 1
35 67 262 1
67 35 262 1
66 67 177 1
67 66 177 1
16 80 152 1
80 16 152 1
8 14 205 1
14 8 205 1
14 27 449 1
27 14 449 1
90 98 163 1
98 90 163 1
90 92 135 1
92 90 135 1
38 54 263 1
54 38 263 1
75 77 210 1
77 75 210 1
26 82 411 1
82 26 411 1
51 90 888 1
90 51 888 1
83 87 158 1
87 83 158 1
42 45 300 1
45 42 300 1
73 75 84 1
75 73 84 1
95 97 97 1
97 95 97 1
32 33 149 1
33 32 149 1
42 44 208 1
44 42 208 1
92 93 608 1
93 92 608 1
38 55 598 1
55 38 598 1
43 46 341 1
46 43 341 1
100 101 656 1
101 100 656 1
44 47 404 1
47 44 404 1
23 27 506 1
27 23 506 1
28 72 116 1
72 28 116 1
19 69 323 1
69 19 323 1
48 98 566 1
98 48 566 1
17 29 223 1
29 17 223 1
25 26 225 1
26 25 225 1
29 95 532 1
95 29 532 1
14 22 562 1
22 14 562 1
81 95 542 1
95 81 542 1
35 110 305 1
110 35 305 1
4 24 144 1
24 4 144 1
71 77 297 1
77 71 297 1
60 65 898 1
65 60 898 1
23 82 788 1
82 23 788 1
78 79 878 1
79 78 878 1
23 25 373 1
25 23 373 1
48 112 575 1
112 48 575 1
16 78 122 1
78 16 122 1
47 49 380 1
49 47 380 1
56 81 1090 1
81 56 1090 1
93 100 653 1
100 93 653 1
107 114 333 1
114 107 333 1
56 80 431 1
80 56 431 1
101 103 106 1
103 101 106 1
17 78 955 1
78 17 955 1
37 55 221 1
55 37 221 1
28 77 540 1
77 28 540 1
60 61 893 1
61 60 893 1
36 37 542 1
37 36 542 1
50 66 475 1
66 50 475 1
93 102 600 1
102 93 600 1
88 89 1035 1
89 88 1035 1
91 92 669 1
92 91 669 1
14 26 321 1
26 14 321 1
17 80 1070 1
80 17 1070 1
27 82 524 1
82 27 524 1
46 111 189 1
111 46 189 1
102 106 217 1
106 102 217 1
91 112 368 1
112 91 368 1
19 95 883 1
95 19 883 1
45 48 304 1
48 45 304 1
44 111 448 1
111 44 448 1
46 55 584 1
55 46 584 1
104 107 401 1
107 104 401 1
22 31 234 1
31 22 234 1
22 82 706 1
82 22 706 1
48 59 599 1
59 48 599 1
24 27 252 1
27 24 252 1
50 67 562 1
67 50 562 1
90 112 377 1
112 90 377 1
3 7 185 1
7 3 185 1
50 51 698 1
51 50 698 1
92 100 157 1
100 92 157 1
48 53 654 1
53 48 654 1
91 98 616 1
98 91 616 1
93 101 103 1
101 93 103 1
1 57 172 1
57 1 172 1
11 12 972 1
12 11 972 1
23 26 522 1
26 23 522 1
45 51 254 1
51 45 254 1
8 28 459 1
28 8 459 1
32 60 487 1
60 32 487 1
25 31 272 1
31 25 272 1
71 75 163 1
75 71 163 1
78 97 697 1
97 78 697 1
56 78 391 1
78 56 391 1
57 68 520 1
68 57 520 1
95 99 272 1
99 95 272 1
14 23 650 1
23 14 650 1
62 63 1134 1
63 62 1134 1
10 12 181 1
12 10 181 1
38 96 284 1
96 38 284 1
7 65 934 1
65 7 934 1
82 88 444 1
88 82 444 1
60 62 241 1
62 60 241 1
78 95 636 1
95 78 636 1
29 73 113 1
73 29 113 1
73 79 296 1
79 73 296 1
39 55 254 1
55 39 254 1
79 99 574 1
99 79 574 1
1 68 549 1
68 1 549 1
61 63 238 1
63 61 238 1
24 31 318 1
31 24 318 1
25 84 1066 1
84 25 1066 1
29 99 709 1
99 29 709 1
95 108 123 1
108 95 123 1
22 26 505 1
26 22 505 1
28 34 618 1
34 28 618 1
3 64 1134 1
64 3 1134 1
13 32 767 1
32 13 767 1
105 107 233 1
107 105 233 1
15 28 819 1
28 15 819 1
26 83 578 1
83 26 578 1
106 113 395 1
113 106 395 1
19 81 772 1
81 19 772 1
51 98 763 1
98 51 763 1
4 9 500 1
9 4 500 1
21 71 214 1
71 21 214 1
17 79 135 1
79 17 135 1
13 60 1245 1
60 13 1245 1
4 82 403 1
82 4 403 1
75 108 484 1
108 75 484 1
16 17 998 1
17 16 998 1
45 111 467 1
111 45 467 1
55 79 394 1
79 55 394 1
52 55 814 1
55 52 814 1
34 77 351 1
77 34 351 1
17 74 721 1
74 17 721 1
2 7 566 1
7 2 566 1
29 80 961 1
80 29 961 1
32 78 484 1
78 32 484 1
80 95 719 1
95 80 719 1
80 97 779 1
97 80 779 1
33 60 632 1
60 33 632 1
34 84 580 1
84 34 580 1
75 76 374 1
76 75 374 1
37 79 267 1
79 37 267 1
57 69 378 1
69 57 378 1
4 26 161 1
26 4 161 1
29 41 234 1
41 29 234 1
31 84 971 1
84 31 971 1
5 14 572 1
14 5 572 1
8 15 741 1
15 8 741 1
72 74 76 1
74 72 76 1
38 41 513 1
41 38 513 1
57 63 249 1
63 57 249 1
81 97 523 1
97 81 523 1
27 77 594 1
77 27 594 1
67 110 507 1
110 67 507 1
2 22 228 1
22 2 228 1
28 75 567 1
75 28 567 1
28 108 624 1
108 28 624 1
100 106 280 1
106 100 280 1
79 81 136 1
81 79 136 1
32 80 590 1
80 32 590 1
69 86 1203 1
86 69 1203 1
102 104 159 1
104 102 159 1
25 34 1006 1
34 25 1006 1
56 63 1014 1
63 56 1014 1
17 95 598 1
95 17 598 1
97 115 218 1
115 97 218 1
17 56 1024 1
56 17 1024 1
32 81 728 1
81 32 728 1
73 77 274 1
77 73 274 1
45 67 282 1
67 45 282 1
22 88 1044 1
88 22 1044 1
31 82 641 1
82 31 641 1
78 99 844 1
99 78 844 1
96 97 322 1
97 96 322 1
101 107 310 1
107 101 310 1
14 25 491 1
25 14 491 1
47 111 188 1
111 47 188 1
52 63 1131 1
63 52 1131 1
14 77 716 1
77 14 716 1
82 83 881 1
83 82 881 1
10 22 580 1
22 10 580 1
19 80 851 1
80 19 851 1
33 77 332 1
77 33 332 1
51 112 579 1
112 51 579 1
4 27 279 1
27 4 279 1
16 79 934 1
79 16 934 1
24 84 1013 1
84 24 1013 1
81 109 623 1
109 81 623 1
24 30 283 1
30 24 283 1
14 15 772 1
15 14 772 1
51 59 486 1
59 51 486 1
77 108 373 1
108 77 373 1
78 109 527 1
109 78 527 1
11 29 239 1
29 11 239 1
55 98 606 1
98 55 606 1
71 73 163 1
73 71 163 1
1 59 541 1
59 1 541 1
10 14 380 1
14 10 380 1
50 58 486 1
58 50 486 1
58 91 1077 1
91 58 1077 1
98 99 479 1
99 98 479 1
28 76 345 1
76 28 345 1
35 45 385 1
45 35 385 1
37 38 515 1
38 37 515 1
73 76 450 1
76 73 450 1
16 57 981 1
57 16 981 1
32 96 657 1
96 32 657 1
82 108 675 1
108 82 675 1
19 97 912 1
97 19 912 1
34 35 126 1
35 34 126 1
9 65 1235 1
65 9 1235 1
67 68 440 1
68 67 440 1
102 103 508 1
103 102 508 1
39 103 503 1
103 39 503 1
49 91 630 1
91 49 630 1
21 77 387 1
77 21 387 1
68 69 164 1
69 68 164 1
50 59 774 1
59 50 774 1
4 6 536 1
6 4 536 1
14 24 389 1
24 14 389 1
33 65 634 1
65 33 634 1
56 99 1051 1
99 56 1051 1
69 95 876 1
95 69 876 1
38 52 654 1
52 38 654 1
61 106 1151 1
106 61 1151 1
70 76 285 1
76 70 285 1
78 96 453 1
96 78 453 1
37 54 645 1
54 37 645 1
41 74 484 1
74 41 484 1
4 28 477 1
28 4 477 1
44 50 287 1
50 44 287 1
49 53 406 1
53 49 406 1
36 38 122 1
38 36 122 1
46 96 270 1
96 46 270 1
26 108 761 1
108 26 761 1
19 78 749 1
78 19 749 1
44 98 563 1
98 44 563 1
70 73 402 1
73 70 402 1
92 102 211 1
102 92 211 1
52 58 705 1
58 52 705 1
1 69 441 1
69 1 441 1
95 96 288 1
96 95 288 1
0 93 1314 1
93 0 1314 1
7 60 1133 1
60 7 1133 1
8 72 485 1
72 8 485 1
36 72 276 1
72 36 276 1
85 87 616 1
87 85 616 1
101 106 633 1
106 101 633 1
4 5 350 1
5 4 350 1
29 56 983 1
56 29 983 1
46 49 541 1
49 46 541 1
7 94 992 1
94 7 992 1
43 111 293 1
111 43 293 1
16 29 882 1
29 16 882 1
38 74 265 1
74 38 265 1
39 98 655 1
98 39 655 1
72 79 733 1
79 72 733 1
29 97 574 1
97 29 574 1
45 110 453 1
110 45 453 1
9 79 739 1
79 9 739 1
19 56 574 1
56 19 574 1
39 54 618 1
54 39 618 1
59 67 245 1
67 59 245 1
9 28 835 1
28 9 835 1
23 30 259 1
30 23 259 1
80 85 1121 1
85 80 1121 1
1 86 1182 1
86 1 1182 1
8 60 1121 1
60 8 1121 1
45 50 474 1
50 45 474 1
79 96 717 1
96 79 717 1
2 4 569 1
4 2 569 1
21 109 565 1
109 21 565 1
36 76 232 1
76 36 232 1
82 89 1043 1
89 82 1043 1
14 34 879 1
34 14 879 1
44 112 534 1
112 44 534 1
48 58 400 1
58 48 400 1
50 52 243 1
52 50 243 1
14 84 681 1
84 14 681 1
14 108 790 1
108 14 790 1
18 23 573 1
23 18 573 1
58 112 884 1
112 58 884 1
79 95 480 1
95 79 480 1
26 77 632 1
77 26 632 1
96 111 286 1
111 96 286 1
98 111 265 1
111 98 265 1
21 70 303 1
70 21 303 1
26 88 791 1
88 26 791 1
49 112 609 1
112 49 609 1
101 105 274 1
105 101 274 1
15 83 194 1
83 15 194 1
25 77 710 1
77 25 710 1
94 97 266 1
97 94 266 1
98 112 277 1
112 98 277 1
102 107 560 1
107 102 560 1
0 61 943 1
61 0 943 1
9 13 376 1
13 9 376 1
21 40 380 1
40 21 380 1
29 109 610 1
109 29 610 1
32 39 692 1
39 32 692 1
49 111 530 1
111 49 530 1
4 76 685 1
76 4 685 1
19 57 426 1
57 19 426 1
77 84 711 1
84 77 711 1
9 11 523 1
11 9 523 1
16 109 631 1
109 16 631 1
17 57 439 1
57 17 439 1
17 69 744 1
69 17 744 1
33 72 507 1
72 33 507 1
79 80 991 1
80 79 991 1
14 76 580 1
76 14 580 1
54 89 853 1
89 54 853 1
110 111 172 1
111 110 172 1
50 53 744 1
53 50 744 1
55 63 600 1
63 55 600 1
18 26 857 1
26 18 857 1
56 100 1019 1
100 56 1019 1
5 77 694 1
77 5 694 1
12 41 846 1
41 12 846 1
44 91 726 1
91 44 726 1
53 91 265 1
91 53 265 1
56 102 1030 1
102 56 1030 1
57 80 1050 1
80 57 1050 1
57 59 382 1
59 57 382 1
70 75 355 1
75 70 355 1
71 78 647 1
78 71 647 1
84 85 1130 1
85 84 1130 1
1 61 385 1
61 1 385 1
8 42 1322 1
42 8 1322 1
16 95 729 1
95 16 729 1
39 96 494 1
96 39 494 1
5 24 252 1
24 5 252 1
13 15 277 1
15 13 277 1
32 65 681 1
65 32 681 1
24 26 201 1
26 24 201 1
40 97 584 1
97 40 584 1
49 98 742 1
98 49 742 1
72 77 430 1
77 72 430 1
92 101 634 1
101 92 634 1
102 113 317 1
113 102 317 1
27 84 956 1
84 27 956 1
102 114 295 1
114 102 295 1
11 15 385 1
15 11 385 1
19 29 673 1
29 19 673 1
22 30 218 1
30 22 218 1
32 62 548 1
62 32 548 1
34 71 603 1
71 34 603 1
39 105 458 1
105 39 458 1
5 9 157 1
9 5 157 1
5 82 673 1
82 5 673 1
17 54 969 1
54 17 969 1
57 81 488 1
81 57 488 1
31 64 1128 1
64 31 1128 1
27 76 622 1
76 27 622 1
100 113 356 1
113 100 356 1
16 102 798 1
102 16 798 1
37 39 117 1
39 37 117 1
90 93 690 1
93 90 690 1
5 83 447 1
83 5 447 1
14 75 659 1
75 14 659 1
18 82 891 1
82 18 891 1
40 95 491 1
95 40 491 1
58 90 890 1
90 58 890 1
9 42 1383 1
42 9 1383 1
48 66 357 1
66 48 357 1
59 91 926 1
91 59 926 1
42 112 333 1
112 42 333 1
59 68 484 1
68 59 484 1
86 91 1101 1
91 86 1101 1
44 67 332 1
67 44 332 1
10 28 213 1
28 10 213 1
15 77 606 1
77 15 606 1
56 95 883 1
95 56 883 1
58 88 918 1
88 58 918 1
99 115 285 1
115 99 285 1
25 30 292 1
30 25 292 1
44 46 353 1
46 44 353 1
55 78 841 1
78 55 841 1
59 63 501 1
63 59 501 1
9 43 1284 1
43 9 1284 1
28 84 456 1
84 28 456 1
12 65 1303 1
65 12 1303 1
18 83 953 1
83 18 953 1
26 70 383 1
70 26 383 1
2 66 917 1
66 2 917 1
25 75 536 1
75 25 536 1
40 41 506 1
41 40 506 1
52 90 240 1
90 52 240 1
69 81 801 1
81 69 801 1
72 75 453 1
75 72 453 1
5 70 530 1
70 5 530 1
19 113 1158 1
113 19 1158 1
34 76 309 1
76 34 309 1
50 86 1077 1
86 50 1077 1
55 111 434 1
111 55 434 1
64 65 897 1
65 64 897 1
90 99 615 1
99 90 615 1
4 15 597 1
15 4 597 1
28 36 321 1
36 28 321 1
69 97 875 1
97 69 875 1
80 96 505 1
96 80 505 1
7 64 1244 1
64 7 1244 1
13 62 1248 1
62 13 1248 1
20 71 311 1
71 20 311 1
20 75 348 1
75 20 348 1
27 83 450 1
83 27 450 1
28 33 585 1
33 28 585 1
50 91 845 1
91 50 845 1
75 95 407 1
95 75 407 1
3 5 603 1
5 3 603 1
17 55 513 1
55 17 513 1
75 84 839 1
84 75 839 1
61 100 1241 1
100 61 1241 1
67 69 345 1
69 67 345 1
80 99 917 1
99 80 917 1
0 100 1107 1
100 0 1107 1
39 41 161 1
41 39 161 1
86 90 814 1
90 86 814 1
0 102 1108 1
102 0 1108 1
61 65 175 1
65 61 175 1
3 65 942 1
65 3 942 1
5 8 493 1
8 5 493 1
5 108 888 1
108 5 888 1
47 55 367 1
55 47 367 1
24 34 1021 1
34 24 1021 1
52 98 272 1
98 52 272 1
60 94 741 1
94 60 741 1
68 110 813 1
110 68 813 1
97 108 170 1
108 97 170 1
1 91 1007 1
91 1 1007 1
24 76 734 1
76 24 734 1
27 34 903 1
34 27 903 1
37 73 278 1
73 37 278 1
49 50 585 1
50 49 585 1
2 23 340 1
23 2 340 1
45 46 448 1
46 45 448 1
49 90 859 1
90 49 859 1
5 15 278 1
15 5 278 1
27 108 748 1
108 27 748 1
29 75 189 1
75 29 189 1
36 54 228 1
54 36 228 1
48 67 417 1
67 48 417 1
54 110 373 1
110 54 373 1
59 90 1104 1
90 59 1104 1
99 109 321 1
109 99 321 1
9 12 856 1
12 9 856 1
19 114 1115 1
114 19 1115 1
36 46 482 1
46 36 482 1
82 87 849 1
87 82 849 1
40 81 874 1
81 40 874 1
56 109 765 1
109 56 765 1
4 73 633 1
73 4 633 1
16 100 798 1
100 16 798 1
27 70 417 1
70 27 417 1
80 109 607 1
109 80 607 1
11 17 224 1
17 11 224 1
81 96 799 1
96 81 799 1
3 18 417 1
18 3 417 1
4 77 744 1
77 4 744 1
30 84 877 1
84 30 877 1
52 62 619 1
62 52 619 1
52 86 965 1
86 52 965 1
55 97 173 1
97 55 173 1
66 69 349 1
69 66 349 1
11 65 770 1
65 11 770 1
52 59 956 1
59 52 956 1
52 74 808 1
74 52 808 1
61 97 738 1
97 61 738 1
0 60 405 1
60 0 405 1
2 24 548 1
24 2 548 1
4 70 430 1
70 4 430 1
59 112 915 1
112 59 915 1
75 79 318 1
79 75 318 1
8 77 827 1
77 8 827 1
40 100 662 1
100 40 662 1
42 55 629 1
55 42 629 1
92 114 349 1
114 92 349 1
0 58 565 1
58 0 565 1
72 76 257 1
76 72 257 1
5 73 471 1
73 5 471 1
17 111 850 1
111 17 850 1
22 34 922 1
34 22 922 1
54 79 860 1
79 54 860 1
17 38 824 1
38 17 824 1
42 111 258 1
111 42 258 1
77 82 682 1
82 77 682 1
93 106 650 1
106 93 650 1
13 54 1130 1
54 13 1130 1
17 96 834 1
96 17 834 1
99 108 310 1
108 99 310 1
10 23 699 1
23 10 699 1
20 73 397 1
73 20 397 1
33 76 380 1
76 33 380 1
42 51 463 1
51 42 463 1
91 93 118 1
93 91 118 1
17 63 324 1
63 17 324 1
70 106 687 1
106 70 687 1
76 108 370 1
108 76 370 1
14 113 1044 1
113 14 1044 1
17 73 298 1
73 17 298 1
17 109 666 1
109 17 666 1
46 53 547 1
53 46 547 1
12 15 906 1
15 12 906 1
33 80 703 1
80 33 703 1
62 103 1159 1
103 62 1159 1
1 58 829 1
58 1 829 1
20 21 185 1
21 20 185 1
102 108 413 1
108 102 413 1
108 109 87 1
109 108 87 1
28 82 255 1
82 28 255 1
51 52 786 1
52 51 786 1
80 111 747 1
111 80 747 1
5 95 829 1
95 5 829 1
6 8 485 1
8 6 485 1
8 70 477 1
70 8 477 1
37 41 217 1
41 37 217 1
56 68 408 1
68 56 408 1
58 93 1138 1
93 58 1138 1
81 99 581 1
99 81 581 1
8 43 1334 1
43 8 1334 1
12 54 794 1
54 12 794 1
17 62 1129 1
62 17 1129 1
37 96 506 1
96 37 506 1
50 112 538 1
112 50 538 1
71 95 547 1
95 71 547 1
11 16 1004 1
16 11 1004 1
36 63 945 1
63 36 945 1
8 73 750 1
73 8 750 1
5 75 500 1
75 5 500 1
66 68 378 1
68 66 378 1
24 82 536 1
82 24 536 1
44 53 562 1
53 44 562 1
55 99 216 1
99 55 216 1
79 97 479 1
97 79 479 1
103 107 239 1
107 103 239 1
1 90 1264 1
90 1 1264 1
16 99 951 1
99 16 951 1
27 88 863 1
88 27 863 1
28 113 881 1
113 28 881 1
29 40 655 1
40 29 655 1
38 110 451 1
110 38 451 1
40 93 908 1
93 40 908 1
48 92 683 1
92 48 683 1
70 108 590 1
108 70 590 1
71 76 392 1
76 71 392 1
10 27 715 1
27 10 715 1
32 79 600 1
79 32 600 1
34 106 693 1
106 34 693 1
12 32 661 1
32 12 661 1
45 53 435 1
53 45 435 1
99 111 265 1
111 99 265 1
12 86 512 1
86 12 512 1
25 82 617 1
82 25 617 1
58 98 810 1
98 58 810 1
59 115 981 1
115 59 981 1
101 114 359 1
114 101 359 1
1 52 1206 1
52 1 1206 1
25 73 516 1
73 25 516 1
28 71 506 1
71 28 506 1
40 78 376 1
78 40 376 1
14 83 858 1
83 14 858 1
23 84 1113 1
84 23 1113 1
29 72 629 1
72 29 629 1
36 39 517 1
39 36 517 1
52 91 777 1
91 52 777 1
59 69 338 1
69 59 338 1
71 96 683 1
96 71 683 1
100 109 518 1
109 100 518 1
11 78 988 1
78 11 988 1
28 70 247 1
70 28 247 1
31 34 815 1
34 31 815 1
40 102 619 1
102 40 619 1
71 79 426 1
79 71 426 1
5 22 506 1
22 5 506 1
17 52 1166 1
52 17 1166 1
20 96 592 1
96 20 592 1
22 84 1027 1
84 22 1027 1
23 83 710 1
83 23 710 1
48 52 415 1
52 48 415 1
78 115 652 1
115 78 652 1
27 31 339 1
31 27 339 1
37 75 239 1
75 37 239 1
72 78 300 1
78 72 300 1
3 25 566 1
25 3 566 1
20 95 541 1
95 20 541 1
26 87 560 1
87 26 560 1
30 64 1064 1
64 30 1064 1
36 77 422 1
77 36 422 1
45 91 637 1
91 45 637 1
45 112 552 1
112 45 552 1
73 95 476 1
95 73 476 1
96 109 176 1
109 96 176 1
99 113 264 1
113 99 264 1
15 33 738 1
33 15 738 1
19 99 1048 1
99 19 1048 1
4 25 258 1
25 4 258 1
5 89 870 1
89 5 870 1
9 29 484 1
29 9 484 1
17 41 414 1
41 17 414 1
56 61 920 1
61 56 920 1
27 89 807 1
89 27 807 1
33 61 545 1
61 33 545 1
53 55 448 1
55 53 448 1
83 108 716 1
108 83 716 1
21 81 634 1
81 21 634 1
35 50 559 1
50 35 559 1
36 40 213 1
40 36 213 1
38 46 544 1
46 38 544 1
46 54 354 1
54 46 354 1
53 90 787 1
90 53 787 1
72 84 493 1
84 72 493 1
81 85 175 1
85 81 175 1
32 97 697 1
97 32 697 1
56 97 920 1
97 56 920 1
58 60 266 1
60 58 266 1
8 27 425 1
27 8 425 1
8 76 729 1
76 8 729 1
32 61 611 1
61 32 611 1
68 86 1151 1
86 68 1151 1
87 108 698 1
108 87 698 1
19 109 838 1
109 19 838 1
62 81 1169 1
81 62 1169 1
69 78 773 1
78 69 773 1
77 106 633 1
106 77 633 1
80 108 630 1
108 80 630 1
89 110 588 1
110 89 588 1
8 82 379 1
82 8 379 1
28 31 545 1
31 28 545 1
31 75 419 1
75 31 419 1
51 92 878 1
92 51 878 1
55 74 679 1
74 55 679 1
12 62 664 1
62 12 664 1
34 70 564 1
70 34 564 1
54 98 204 1
98 54 204 1
69 96 887 1
96 69 887 1
102 109 475 1
109 102 475 1
6 60 799 1
60 6 799 1
19 85 882 1
85 19 882 1
23 88 1119 1
88 23 1119 1
4 23 506 1
23 4 506 1
10 25 735 1
25 10 735 1
16 62 313 1
62 16 313 1
25 76 733 1
76 25 733 1
37 40 562 1
40 37 562 1
39 52 892 1
52 39 892 1
71 81 550 1
81 71 550 1
95 100 576 1
100 95 576 1
100 103 576 1
103 100 576 1
3 85 893 1
85 3 893 1
9 60 1369 1
60 9 1369 1
72 108 541 1
108 72 541 1
7 92 1445 1
92 7 1445 1
8 46 1191 1
46 8 1191 1
8 47 1265 1
47 8 1265 1
21 95 510 1
95 21 510 1
106 108 322 1
108 106 322 1
18 19 147 1
19 18 147 1
20 40 225 1
40 20 225 1
54 74 471 1
74 54 471 1
8 26 300 1
26 8 300 1
36 55 626 1
55 36 626 1
45 98 655 1
98 45 655 1
57 78 938 1
78 57 938 1
59 98 975 1
98 59 975 1
63 80 1146 1
80 63 1146 1
66 91 902 1
91 66 902 1
73 108 560 1
108 73 560 1
79 111 717 1
111 79 717 1
92 106 400 1
106 92 400 1
1 66 683 1
66 1 683 1
34 75 559 1
75 34 559 1
40 99 752 1
99 40 752 1
1 19 351 1
19 1 351 1
11 86 1027 1
86 11 1027 1
61 80 1112 1
80 61 1112 1
3 83 681 1
83 3 681 1
23 114 1244 1
114 23 1244 1
33 108 673 1
108 33 673 1
49 99 587 1
99 49 587 1
92 112 325 1
112 92 325 1
8 24 258 1
24 8 258 1
24 77 754 1
77 24 754 1
56 69 542 1
69 56 542 1
81 111 760 1
111 81 760 1
17 19 648 1
19 17 648 1
36 74 242 1
74 36 242 1
58 61 717 1
61 58 717 1
97 100 590 1
100 97 590 1
9 37 724 1
37 9 724 1
16 32 504 1
32 16 504 1
26 101 1114 1
101 26 1114 1
40 109 467 1
109 40 467 1
60 101 1230 1
101 60 1230 1
23 89 1070 1
89 23 1070 1
52 66 667 1
66 52 667 1
72 73 517 1
73 72 517 1
2 10 438 1
10 2 438 1
14 72 328 1
72 14 328 1
56 79 965 1
79 56 965 1
66 112 753 1
112 66 753 1
0 106 981 1
106 0 981 1
12 60 825 1
60 12 825 1
15 36 848 1
36 15 848 1
37 76 441 1
76 37 441 1
16 97 797 1
97 16 797 1
76 84 486 1
84 76 486 1
6 93 1425 1
93 6 1425 1
37 72 595 1
72 37 595 1
44 90 651 1
90 44 651 1
54 62 567 1
62 54 567 1
59 93 1026 1
93 59 1026 1
66 103 1026 1
103 66 1026 1
85 108 596 1
108 85 596 1
0 56 174 1
56 0 174 1
3 33 424 1
33 3 424 1
5 23 453 1
23 5 453 1
14 36 526 1
36 14 526 1
49 79 702 1
79 49 702 1
71 72 402 1
72 71 402 1
75 82 661 1
82 75 661 1
75 96 592 1
96 75 592 1
100 108 467 1
108 100 467 1
8 71 624 1
71 8 624 1
9 46 1294 1
46 9 1294 1
14 31 528 1
31 14 528 1
24 73 599 1
73 24 599 1
53 98 671 1
98 53 671 1
61 78 1006 1
78 61 1006 1
63 78 1033 1
78 63 1033 1
4 42 1278 1
42 4 1278 1
29 37 304 1
37 29 304 1
38 105 521 1
105 38 521 1
43 51 245 1
51 43 245 1
49 92 871 1
92 49 871 1
50 68 811 1
68 50 811 1
57 61 216 1
61 57 216 1
0 101 1354 1
101 0 1354 1
13 52 1405 1
52 13 1405 1
19 84 968 1
84 19 968 1
21 76 440 1
76 21 440 1
28 73 629 1
73 28 629 1
8 36 713 1
36 8 713 1
10 11 986 1
11 10 986 1
27 73 417 1
73 27 417 1
61 108 835 1
108 61 835 1
80 84 162 1
84 80 162 1
9 33 834 1
33 9 834 1
13 38 919 1
38 13 919 1
71 108 604 1
108 71 604 1
100 114 352 1
114 100 352 1
3 26 678 1
26 3 678 1
4 18 866 1
18 4 866 1
34 113 628 1
113 34 628 1
86 89 1016 1
89 86 1016 1
5 88 1026 1
88 5 1026 1
18 22 537 1
22 18 537 1
26 104 905 1
104 26 905 1
53 86 1248 1
86 53 1248 1
3 23 271 1
23 3 271 1
7 13 237 1
13 7 237 1
33 75 426 1
75 33 426 1
73 81 406 1
81 73 406 1
73 84 919 1
84 73 919 1
10 26 620 1
26 10 620 1
17 32 646 1
32 17 646 1
34 43 397 1
43 34 397 1
41 73 204 1
73 41 204 1
42 48 243 1
48 42 243 1
43 112 376 1
112 43 376 1
63 81 293 1
81 63 293 1
87 109 723 1
109 87 723 1
92 113 313 1
113 92 313 1
8 10 505 1
10 8 505 1
9 14 725 1
14 9 725 1
17 75 351 1
75 17 351 1
19 68 313 1
68 19 313 1
24 64 1287 1
64 24 1287 1
24 75 604 1
75 24 604 1
47 112 265 1
112 47 265 1
2 3 405 1
3 2 405 1
18 87 1063 1
87 18 1063 1
22 89 1126 1
89 22 1126 1
29 100 1082 1
100 29 1082 1
50 110 492 1
110 50 492 1
54 63 1046 1
63 54 1046 1
61 95 778 1
95 61 778 1
1 50 1095 1
50 1 1095 1
11 79 342 1
79 11 342 1
13 61 843 1
61 13 843 1
33 107 867 1
107 33 867 1
39 46 678 1
46 39 678 1
56 113 1026 1
113 56 1026 1
59 107 1064 1
107 59 1064 1
68 98 994 1
98 68 994 1
2 18 379 1
18 2 379 1
4 22 457 1
22 4 457 1
13 41 490 1
41 13 490 1
14 42 1146 1
42 14 1146 1
14 88 613 1
88 14 613 1
15 85 720 1
85 15 720 1
41 81 452 1
81 41 452 1
51 67 436 1
67 51 436 1
26 76 608 1
76 26 608 1
60 103 1182 1
103 60 1182 1
94 115 181 1
115 94 181 1
0 108 876 1
108 0 876 1
1 67 578 1
67 1 578 1
4 72 467 1
72 4 467 1
16 108 661 1
108 16 661 1
23 113 1322 1
113 23 1322 1
67 86 1148 1
86 67 1148 1
70 100 918 1
100 70 918 1
6 104 1174 1
104 6 1174 1
19 87 1016 1
87 19 1016 1
27 28 565 1
28 27 565 1
32 72 471 1
72 32 471 1
70 95 587 1
95 70 587 1
26 89 900 1
89 26 900 1
54 111 422 1
111 54 422 1
69 109 801 1
109 69 801 1
87 97 649 1
97 87 649 1
99 100 610 1
100 99 610 1
28 43 949 1
43 28 949 1
71 80 755 1
80 71 755 1
4 75 618 1
75 4 618 1
33 34 394 1
34 33 394 1
37 52 879 1
52 37 879 1
67 91 790 1
91 67 790 1
71 109 576 1
109 71 576 1
82 84 544 1
84 82 544 1
17 86 1035 1
86 17 1035 1
91 99 166 1
99 91 166 1
33 81 613 1
81 33 613 1
33 85 703 1
85 33 703 1
16 103 1073 1
103 16 1073 1
18 27 862 1
27 18 862 1
73 74 458 1
74 73 458 1
11 54 1068 1
54 11 1068 1
32 56 384 1
56 32 384 1
39 63 657 1
63 39 657 1
41 85 509 1
85 41 509 1
64 88 675 1
88 64 675 1
70 109 564 1
109 70 564 1
107 115 298 1
115 107 298 1
2 21 636 1
21 2 636 1
8 12 346 1
12 8 346 1
10 15 968 1
15 10 968 1
10 18 609 1
18 10 609 1
19 111 1024 1
111 19 1024 1
25 28 633 1
28 25 633 1
30 33 526 1
33 30 526 1
49 55 664 1
55 49 664 1
75 78 667 1
78 75 667 1
3 27 634 1
27 3 634 1
9 71 488 1
71 9 488 1
17 99 704 1
99 17 704 1
32 55 771 1
55 32 771 1
37 77 246 1
77 37 246 1
41 95 382 1
95 41 382 1
70 82 411 1
82 70 411 1
2 93 1417 1
93 2 1417 1
21 97 595 1
97 21 595 1
22 67 1070 1
67 22 1070 1
52 96 418 1
96 52 418 1
92 98 220 1
98 92 220 1
100 104 240 1
104 100 240 1
5 76 752 1
76 5 752 1
11 95 744 1
95 11 744 1
12 38 624 1
38 12 624 1
15 65 1052 1
65 15 1052 1
20 70 213 1
70 20 213 1
38 103 677 1
103 38 677 1
101 113 350 1
113 101 350 1
18 24 845 1
24 18 845 1
28 60 684 1
60 28 684 1
28 83 861 1
83 28 861 1
38 63 974 1
63 38 974 1
93 112 343 1
112 93 343 1
99 102 560 1
102 99 560 1
14 18 837 1
18 14 837 1
23 101 1406 1
101 23 1406 1
50 90 473 1
90 50 473 1
61 102 1213 1
102 61 1213 1
62 80 268 1
80 62 268 1
79 109 545 1
109 79 545 1
93 104 478 1
104 93 478 1
17 40 824 1
40 17 824 1
25 70 480 1
70 25 480 1
25 89 956 1
89 25 956 1
31 88 956 1
88 31 956 1
43 55 485 1
55 43 485 1
43 99 372 1
99 43 372 1
57 111 890 1
111 57 890 1
66 107 978 1
107 66 978 1
17 72 781 1
72 17 781 1
26 102 984 1
102 26 984 1
39 62 975 1
62 39 975 1
57 66 576 1
66 57 576 1
70 72 158 1
72 70 158 1
78 111 693 1
111 78 693 1
4 71 523 1
71 4 523 1
21 103 830 1
103 21 830 1
29 83 227 1
83 29 227 1
34 85 678 1
85 34 678 1
34 108 452 1
108 34 452 1
55 115 361 1
115 55 361 1
99 106 562 1
106 99 562 1
28 106 619 1
106 28 619 1
37 63 543 1
63 37 543 1
53 68 1064 1
68 53 1064 1
58 67 368 1
67 58 368 1
66 93 972 1
93 66 972 1
69 111 906 1
111 69 906 1
2 27 659 1
27 2 659 1
9 47 1209 1
47 9 1209 1
52 69 993 1
69 52 993 1
67 114 792 1
114 67 792 1
0 88 782 1
88 0 782 1
2 64 992 1
64 2 992 1
7 101 1268 1
101 7 1268 1
13 33 629 1
33 13 629 1
28 37 709 1
37 28 709 1
41 75 187 1
75 41 187 1
0 10 381 1
10 0 381 1
9 94 994 1
94 9 994 1
27 87 439 1
87 27 439 1
37 74 520 1
74 37 520 1
63 105 957 1
105 63 957 1
2 88 959 1
88 2 959 1
34 82 812 1
82 34 812 1
77 83 539 1
83 77 539 1
92 99 572 1
99 92 572 1
108 115 135 1
115 108 135 1
15 70 606 1
70 15 606 1
18 31 574 1
31 18 574 1
26 31 365 1
31 26 365 1
27 75 419 1
75 27 419 1
35 44 409 1
44 35 409 1
76 82 520 1
82 76 520 1
80 83 1100 1
83 80 1100 1
29 32 631 1
32 29 631 1
33 84 801 1
84 33 801 1
44 110 439 1
110 44 439 1
54 88 224 1
88 54 224 1
58 103 1188 1
103 58 1188 1
15 60 1288 1
60 15 1288 1
20 81 779 1
81 20 779 1
58 68 392 1
68 58 392 1
63 74 885 1
74 63 885 1
70 94 557 1
94 70 557 1
98 110 300 1
110 98 300 1
2 26 618 1
26 2 618 1
8 37 922 1
37 8 922 1
51 86 1310 1
86 51 1310 1
78 108 559 1
108 78 559 1
102 105 355 1
105 102 355 1
28 29 741 1
29 28 741 1
31 73 397 1
73 31 397 1
43 48 391 1
48 43 391 1
60 104 980 1
104 60 980 1
9 70 641 1
70 9 641 1
11 81 403 1
81 11 403 1
17 20 694 1
20 17 694 1
94 101 576 1
101 94 576 1
24 28 571 1
28 24 571 1
30 34 790 1
34 30 790 1
35 68 531 1
68 35 531 1
38 98 432 1
98 38 432 1
59 88 1182 1
88 59 1182 1
77 100 819 1
100 77 819 1
81 108 656 1
108 81 656 1
24 72 544 1
72 24 544 1
31 77 552 1
77 31 552 1
32 71 466 1
71 32 466 1
37 98 666 1
98 37 666 1
47 98 442 1
98 47 442 1
47 110 210 1
110 47 210 1
56 98 821 1
98 56 821 1
57 103 1078 1
103 57 1078 1
58 63 892 1
63 58 892 1
72 80 384 1
80 72 384 1
99 112 272 1
112 99 272 1
5 28 699 1
28 5 699 1
11 32 663 1
32 11 663 1
15 26 469 1
26 15 469 1
16 33 609 1
33 16 609 1
18 25 840 1
25 18 840 1
19 20 766 1
20 19 766 1
23 76 746 1
76 23 746 1
55 89 213 1
89 55 213 1
66 88 875 1
88 66 875 1
86 88 460 1
88 86 460 1
16 40 399 1
40 16 399 1
21 26 271 1
26 21 271 1
26 73 503 1
73 26 503 1
40 106 412 1
106 40 412 1
41 109 485 1
109 41 485 1
53 112 421 1
112 53 421 1
66 90 828 1
90 66 828 1
9 32 937 1
32 9 937 1
32 37 626 1
37 32 626 1
37 46 651 1
46 37 651 1
2 58 959 1
58 2 959 1
4 60 1138 1
60 4 1138 1
4 83 726 1
83 4 726 1
32 103 1045 1
103 32 1045 1
35 84 678 1
84 35 678 1
52 89 1027 1
89 52 1027 1
57 113 1031 1
113 57 1031 1
89 98 818 1
98 89 818 1
0 82 741 1
82 0 741 1
20 76 380 1
76 20 380 1
69 80 866 1
80 69 866 1
83 113 937 1
113 83 937 1
90 111 396 1
111 90 396 1
96 99 428 1
99 96 428 1
9 72 761 1
72 9 761 1
14 43 1181 1
43 14 1181 1
18 85 983 1
85 18 983 1
28 42 898 1
42 28 898 1
51 66 580 1
66 51 580 1
51 111 516 1
111 51 516 1
59 61 271 1
61 59 271 1
95 102 514 1
102 95 514 1
9 73 497 1
73 9 497 1
10 86 544 1
86 10 544 1
13 17 364 1
17 13 364 1
13 81 530 1
81 13 530 1
46 72 723 1
72 46 723 1
47 51 339 1
51 47 339 1
96 110 214 1
110 96 214 1
23 104 1270 1
104 23 1270 1
34 72 552 1
72 34 552 1
39 104 557 1
104 39 557 1
2 8 554 1
8 2 554 1
33 83 733 1
83 33 733 1
47 53 268 1
53 47 268 1
63 107 821 1
107 63 821 1
70 102 879 1
102 70 879 1
98 103 555 1
103 98 555 1
0 109 816 1
109 0 816 1
29 108 631 1
108 29 631 1
41 83 252 1
83 41 252 1
8 79 1040 1
79 8 1040 1
10 82 401 1
82 10 401 1
15 108 821 1
108 15 821 1
32 109 589 1
109 32 589 1
43 79 634 1
79 43 634 1
54 78 385 1
78 54 385 1
61 70 908 1
70 61 908 1
75 109 462 1
109 75 462 1
79 115 682 1
115 79 682 1
85 114 680 1
114 85 680 1
13 78 1046 1
78 13 1046 1
15 41 349 1
41 15 349 1
18 88 1010 1
88 18 1010 1
25 64 1312 1
64 25 1312 1
36 41 570 1
41 36 570 1
38 89 763 1
89 38 763 1
46 79 801 1
79 46 801 1
63 66 706 1
66 63 706 1
76 100 714 1
100 76 714 1
81 84 1146 1
84 81 1146 1
85 106 897 1
106 85 897 1
5 34 1016 1
34 5 1016 1
17 37 368 1
37 17 368 1
17 97 605 1
97 17 605 1
20 53 1075 1
53 20 1075 1
1 63 334 1
63 1 334 1
6 101 1437 1
101 6 1437 1
8 75 728 1
75 8 728 1
24 50 1395 1
50 24 1395 1
42 99 482 1
99 42 482 1
52 112 417 1
112 52 417 1
93 107 357 1
107 93 357 1
94 102 378 1
102 94 378 1
3 95 915 1
95 3 915 1
14 89 1093 1
89 14 1093 1
40 80 433 1
80 40 433 1
55 72 755 1
72 55 755 1
93 103 173 1
103 93 173 1
97 111 292 1
111 97 292 1
9 55 921 1
55 9 921 1
14 70 380 1
70 14 380 1
26 84 884 1
84 26 884 1
41 96 611 1
96 41 611 1
59 103 1115 1
103 59 1115 1
63 115 886 1
115 63 886 1
74 79 666 1
79 74 666 1
77 102 773 1
102 77 773 1
83 84 1154 1
84 83 1154 1
0 18 364 1
18 0 364 1
30 75 454 1
75 30 454 1
32 54 715 1
54 32 715 1
36 52 586 1
52 36 586 1
39 109 356 1
109 39 356 1
81 83 446 1
83 81 446 1
11 92 1324 1
92 11 1324 1
16 73 769 1
73 16 769 1
60 70 749 1
70 60 749 1
5 31 333 1
31 5 333 1
16 19 740 1
19 16 740 1
16 72 287 1
72 16 287 1
48 111 498 1
111 48 498 1
55 81 401 1
81 55 401 1
1 56 851 1
56 1 851 1
8 94 907 1
94 8 907 1
14 47 1110 1
47 14 1110 1
16 63 1092 1
63 16 1092 1
20 52 976 1
52 20 976 1
32 38 642 1
38 32 642 1
33 102 1043 1
102 33 1043 1
42 53 475 1
53 42 475 1
55 62 1031 1
62 55 1031 1
58 62 503 1
62 58 503 1
66 86 1121 1
86 66 1121 1
19 83 893 1
83 19 893 1
23 93 1407 1
93 23 1407 1
36 75 517 1
75 36 517 1
61 113 968 1
113 61 968 1
73 78 740 1
78 73 740 1
5 71 431 1
71 5 431 1
5 99 1070 1
99 5 1070 1
21 80 756 1
80 21 756 1
27 104 911 1
104 27 911 1
28 47 900 1
47 28 900 1
31 76 584 1
76 31 584 1
38 62 642 1
62 38 642 1
53 63 685 1
63 53 685 1
58 104 1061 1
104 58 1061 1
65 94 821 1
94 65 821 1
97 102 534 1
102 97 534 1
3 31 315 1
31 3 315 1
13 96 1032 1
96 13 1032 1
40 70 311 1
70 40 311 1
71 97 615 1
97 71 615 1
2 14 572 1
14 2 572 1
20 38 349 1
38 20 349 1
21 96 648 1
96 21 648 1
53 59 742 1
59 53 742 1
62 96 632 1
96 62 632 1
66 104 942 1
104 66 942 1
70 93 1035 1
93 70 1035 1
71 84 847 1
84 71 847 1
15 42 1223 1
42 15 1223 1
21 36 510 1
36 21 510 1
21 100 934 1
100 21 934 1
38 40 158 1
40 38 158 1
57 102 1241 1
102 57 1241 1
77 85 495 1
85 77 495 1
6 12 248 1
12 6 248 1
19 75 628 1
75 19 628 1
25 71 434 1
71 25 434 1
26 106 767 1
106 26 767 1
29 55 507 1
55 29 507 1
37 78 740 1
78 37 740 1
57 115 958 1
115 57 958 1
61 77 605 1
77 61 605 1
70 79 638 1
79 70 638 1
3 92 1420 1
92 3 1420 1
6 23 465 1
23 6 465 1
15 75 396 1
75 15 396 1
32 94 642 1
94 32 642 1
40 108 451 1
108 40 451 1
54 75 692 1
75 54 692 1
66 105 960 1
105 66 960 1
71 94 614 1
94 71 614 1
102 115 318 1
115 102 318 1
4 101 1261 1
101 4 1261 1
18 62 706 1
62 18 706 1
18 109 857 1
109 18 857 1
22 66 1066 1
66 22 1066 1
83 102 1059 1
102 83 1059 1
107 113 400 1
113 107 400 1
2 104 1217 1
104 2 1217 1
10 88 586 1
88 10 586 1
11 90 1290 1
90 11 1290 1
12 72 358 1
72 12 358 1
14 114 959 1
114 14 959 1
18 77 606 1
77 18 606 1
22 64 1169 1
64 22 1169 1
53 74 995 1
74 53 995 1
12 29 886 1
29 12 886 1
12 37 930 1
37 12 930 1
15 27 336 1
27 15 336 1
15 76 747 1
76 15 747 1
23 34 949 1
34 23 949 1
52 79 1040 1
79 52 1040 1
60 72 692 1
72 60 692 1
70 78 427 1
78 70 427 1
91 111 390 1
111 91 390 1
15 37 533 1
37 15 533 1
38 53 897 1
53 38 897 1
41 72 550 1
72 41 550 1
43 113 467 1
113 43 467 1
47 48 490 1
48 47 490 1
54 69 967 1
69 54 967 1
69 99 970 1
99 69 970 1
109 115 211 1
115 109 211 1
4 34 986 1
34 4 986 1
39 110 466 1
110 39 466 1
40 96 436 1
96 40 436 1
3 19 382 1
19 3 382 1
4 112 1211 1
112 4 1211 1
14 73 703 1
73 14 703 1
22 28 590 1
28 22 590 1
40 73 549 1
73 40 549 1
57 67 447 1
67 57 447 1
57 99 846 1
99 57 846 1
78 84 235 1
84 78 235 1
87 89 476 1
89 87 476 1
94 100 422 1
100 94 422 1
111 112 111 1
112 111 111 1
5 29 493 1
29 5 493 1
13 79 476 1
79 13 476 1
18 89 1085 1
89 18 1085 1
30 82 534 1
82 30 534 1
33 78 590 1
78 33 590 1
50 54 543 1
54 50 543 1
50 69 818 1
69 50 818 1
94 114 259 1
114 94 259 1
15 61 998 1
61 15 998 1
20 77 434 1
77 20 434 1
24 70 465 1
70 24 465 1
38 75 499 1
75 38 499 1
52 68 984 1
68 52 984 1
74 75 389 1
75 74 389 1
79 108 585 1
108 79 585 1
22 58 1138 1
58 22 1138 1
23 28 680 1
28 23 680 1
33 74 480 1
74 33 480 1
52 88 542 1
88 52 542 1
93 114 346 1
114 93 346 1
4 93 1288 1
93 4 1288 1
7 9 490 1
9 7 490 1
15 72 724 1
72 15 724 1
22 76 708 1
76 22 708 1
24 71 494 1
71 24 494 1
55 112 466 1
112 55 466 1
57 100 1273 1
100 57 1273 1
61 94 881 1
94 61 881 1
74 89 810 1
89 74 810 1
0 87 1191 1
87 0 1191 1
3 41 686 1
41 3 686 1
13 39 622 1
39 13 622 1
35 66 331 1
66 35 331 1
41 54 714 1
54 41 714 1
46 80 618 1
80 46 618 1
48 86 1184 1
86 48 1184 1
51 99 497 1
99 51 497 1
52 61 1057 1
61 52 1057 1
58 101 1214 1
101 58 1214 1
62 79 1049 1
79 62 1049 1
0 59 847 1
59 0 847 1
