116 2668
42 43 239 1
43 42 239 1
42 46 173 1
46 42 173 1
42 47 281 1
47 42 281 1
30 31 127 1
31 30 127 1
28 72 116 1
72 28 116 1
73 74 458 1
74 73 458 1
46 47 309 1
47 46 309 1
16 17 998 1
17 16 998 1
43 47 146 1
47 43 146 1
86 87 805 1
87 86 805 1
29 72 629 1
72 29 629 1
25 31 272 1
31 25 272 1
91 93 118 1
93 91 118 1
25 27 193 1
27 25 193 1
80 81 1113 1
81 80 1113 1
52 53 746 1
53 52 746 1
28 81 975 1
81 28 975 1
49 51 172 1
51 49 172 1
103 104 369 1
104 103 369 1
46 98 212 1
98 46 212 1
73 75 84 1
75 73 84 1
37 39 117 1
39 37 117 1
0 56 174 1
56 0 174 1
16 81 1063 1
81 16 1063 1
24 25 135 1
25 24 135 1
62 63 1134 1
63 62 1134 1
7 65 934 1
65 7 934 1
3 5 603 1
5 3 603 1
17 28 894 1
28 17 894 1
23 25 373 1
25 23 373 1
55 98 606 1
98 55 606 1
45 49 111 1
49 45 111 1
20 21 185 1
21 20 185 1
58 66 198 1
66 58 198 1
43 46 341 1
46 43 341 1
84 85 1130 1
85 84 1130 1
11 13 168 1
13 11 168 1
98 99 479 1
99 98 479 1
102 103 508 1
103 102 508 1
82 86 143 1
86 82 143 1
17 81 182 1
81 17 182 1
48 90 628 1
90 48 628 1
48 51 548 1
51 48 548 1
16 28 220 1
28 16 220 1
3 23 271 1
23 3 271 1
43 45 199 1
45 43 199 1
23 31 199 1
31 23 199 1
20 31 387 1
31 20 387 1
74 75 389 1
75 74 389 1
22 27 524 1
27 22 524 1
98 111 265 1
111 98 265 1
16 80 152 1
80 16 152 1
38 39 465 1
39 38 465 1
72 81 860 1
81 72 860 1
20 25 402 1
25 20 402 1
28 29 741 1
29 28 741 1
31 85 906 1
85 31 906 1
50 51 698 1
51 50 698 1
44 45 194 1
45 44 194 1
36 37 542 1
37 36 542 1
48 50 202 1
50 48 202 1
76 77 238 1
77 76 238 1
3 25 566 1
25 3 566 1
8 9 638 1
9 8 638 1
25 30 292 1
30 25 292 1
32 33 149 1
33 32 149 1
23 24 403 1
24 23 403 1
45 47 345 1
47 45 345 1
99 112 272 1
112 99 272 1
47 98 442 1
98 47 442 1
39 110 466 1
110 39 466 1
20 30 328 1
30 20 328 1
21 25 360 1
25 21 360 1
51 90 888 1
90 51 888 1
90 91 735 1
91 90 735 1
18 32 279 1
32 18 279 1
21 27 209 1
27 21 209 1
95 108 123 1
108 95 123 1
102 104 159 1
104 102 159 1
74 76 203 1
76 74 203 1
106 107 486 1
107 106 486 1
61 101 1003 1
101 61 1003 1
56 57 840 1
57 56 840 1
111 112 111 1
112 111 111 1
48 49 410 1
49 48 410 1
55 96 492 1
96 55 492 1
58 59 496 1
59 58 496 1
15 65 1052 1
65 15 1052 1
20 27 271 1
27 20 271 1
5 26 263 1
26 5 263 1
12 48 1186 1
48 12 1186 1
21 31 344 1
31 21 344 1
78 80 116 1
80 78 116 1
94 96 89 1
96 94 89 1
23 27 506 1
27 23 506 1
37 41 217 1
41 37 217 1
42 98 381 1
98 42 381 1
47 111 188 1
111 47 188 1
92 93 608 1
93 92 608 1
22 30 218 1
30 22 218 1
30 85 964 1
85 30 964 1
24 31 318 1
31 24 318 1
100 102 87 1
102 100 87 1
48 52 415 1
52 48 415 1
54 96 167 1
96 54 167 1
3 31 315 1
31 3 315 1
49 90 859 1
90 49 859 1
27 88 863 1
88 27 863 1
29 81 342 1
81 29 342 1
0 1 800 1
1 0 800 1
39 96 494 1
96 39 494 1
68 69 164 1
69 68 164 1
46 55 584 1
55 46 584 1
1 57 172 1
57 1 172 1
24 30 283 1
30 24 283 1
19 69 323 1
69 19 323 1
63 80 1146 1
80 63 1146 1
25 85 1018 1
85 25 1018 1
54 55 651 1
55 54 651 1
95 96 288 1
96 95 288 1
73 76 450 1
76 73 450 1
96 97 322 1
97 96 322 1
5 25 129 1
25 5 129 1
26 30 321 1
30 26 321 1
60 63 1021 1
63 60 1021 1
17 80 1070 1
80 17 1070 1
5 23 453 1
23 5 453 1
98 112 277 1
112 98 277 1
17 79 135 1
79 17 135 1
22 24 386 1
24 22 386 1
60 62 241 1
62 60 241 1
94 97 266 1
97 94 266 1
27 30 343 1
30 27 343 1
45 67 282 1
67 45 282 1
62 80 268 1
80 62 268 1
3 7 185 1
7 3 185 1
90 100 182 1
100 90 182 1
47 49 380 1
49 47 380 1
60 61 893 1
61 60 893 1
0 60 405 1
60 0 405 1
37 110 431 1
110 37 431 1
17 72 781 1
72 17 781 1
29 40 655 1
40 29 655 1
37 38 515 1
38 37 515 1
25 88 998 1
88 25 998 1
26 27 135 1
27 26 135 1
48 58 400 1
58 48 400 1
52 61 1057 1
61 52 1057 1
58 91 1077 1
91 58 1077 1
27 31 339 1
31 27 339 1
25 71 434 1
71 25 434 1
97 109 174 1
109 97 174 1
99 111 265 1
111 99 265 1
48 91 808 1
91 48 808 1
59 90 1104 1
90 59 1104 1
11 29 239 1
29 11 239 1
17 29 223 1
29 17 223 1
20 71 311 1
71 20 311 1
48 100 791 1
100 48 791 1
25 110 1042 1
110 25 1042 1
59 91 926 1
91 59 926 1
105 107 233 1
107 105 233 1
64 85 1107 1
85 64 1107 1
8 58 1298 1
58 8 1298 1
3 85 893 1
85 3 893 1
28 32 528 1
32 28 528 1
51 100 973 1
100 51 973 1
22 23 140 1
23 22 140 1
36 72 276 1
72 36 276 1
91 102 669 1
102 91 669 1
19 68 313 1
68 19 313 1
42 45 300 1
45 42 300 1
79 81 136 1
81 79 136 1
95 97 97 1
97 95 97 1
5 31 333 1
31 5 333 1
61 63 238 1
63 61 238 1
96 110 214 1
110 96 214 1
103 106 532 1
106 103 532 1
67 91 790 1
91 67 790 1
21 23 542 1
23 21 542 1
55 99 216 1
99 55 216 1
58 102 1067 1
102 58 1067 1
28 80 329 1
80 28 329 1
88 92 521 1
92 88 521 1
52 90 240 1
90 52 240 1
7 13 237 1
13 7 237 1
31 71 265 1
71 31 265 1
36 40 213 1
40 36 213 1
40 83 731 1
83 40 731 1
88 89 1035 1
89 88 1035 1
37 40 562 1
40 37 562 1
59 61 271 1
61 59 271 1
100 104 240 1
104 100 240 1
7 15 461 1
15 7 461 1
50 92 549 1
92 50 549 1
44 49 304 1
49 44 304 1
1 61 385 1
61 1 385 1
39 97 289 1
97 39 289 1
57 79 431 1
79 57 431 1
66 102 974 1
102 66 974 1
51 52 786 1
52 51 786 1
57 108 842 1
108 57 842 1
28 79 847 1
79 28 847 1
56 63 1014 1
63 56 1014 1
36 77 422 1
77 36 422 1
58 61 717 1
61 58 717 1
43 44 290 1
44 43 290 1
52 100 420 1
100 52 420 1
25 86 638 1
86 25 638 1
32 76 341 1
76 32 341 1
42 44 208 1
44 42 208 1
66 91 902 1
91 66 902 1
113 114 95 1
114 113 95 1
97 99 180 1
99 97 180 1
1 19 351 1
19 1 351 1
2 22 228 1
22 2 228 1
49 50 585 1
50 49 585 1
16 72 287 1
72 16 287 1
101 102 595 1
102 101 595 1
35 67 262 1
67 35 262 1
58 93 1138 1
93 58 1138 1
48 93 850 1
93 48 850 1
53 61 678 1
61 53 678 1
17 63 324 1
63 17 324 1
51 53 271 1
53 51 271 1
3 15 589 1
15 3 589 1
0 63 1010 1
63 0 1010 1
44 47 404 1
47 44 404 1
42 111 258 1
111 42 258 1
16 56 380 1
56 16 380 1
27 86 519 1
86 27 519 1
24 27 252 1
27 24 252 1
96 99 428 1
99 96 428 1
32 72 471 1
72 32 471 1
32 57 493 1
57 32 493 1
36 39 517 1
39 36 517 1
91 100 719 1
100 91 719 1
100 101 656 1
101 100 656 1
101 106 633 1
106 101 633 1
82 87 849 1
87 82 849 1
97 110 221 1
110 97 221 1
0 57 825 1
57 0 825 1
12 61 1246 1
61 12 1246 1
14 82 179 1
82 14 179 1
40 72 200 1
72 40 200 1
21 110 690 1
110 21 690 1
23 30 259 1
30 23 259 1
9 58 1436 1
58 9 1436 1
48 59 599 1
59 48 599 1
105 109 371 1
109 105 371 1
48 53 654 1
53 48 654 1
46 111 189 1
111 46 189 1
50 90 473 1
90 50 473 1
100 106 280 1
106 100 280 1
0 99 1111 1
99 0 1111 1
5 20 424 1
20 5 424 1
5 88 1026 1
88 5 1026 1
5 89 870 1
89 5 870 1
29 73 113 1
73 29 113 1
24 26 201 1
26 24 201 1
93 102 600 1
102 93 600 1
20 41 386 1
41 20 386 1
72 80 384 1
80 72 384 1
51 91 505 1
91 51 505 1
5 27 165 1
27 5 165 1
38 40 158 1
40 38 158 1
29 80 961 1
80 29 961 1
32 56 384 1
56 32 384 1
10 84 516 1
84 10 516 1
19 57 426 1
57 19 426 1
28 36 321 1
36 28 321 1
57 77 533 1
77 57 533 1
18 33 288 1
33 18 288 1
38 110 451 1
110 38 451 1
45 92 789 1
92 45 789 1
101 103 106 1
103 101 106 1
23 85 1053 1
85 23 1053 1
28 40 248 1
40 28 248 1
39 54 618 1
54 39 618 1
38 54 263 1
54 38 263 1
40 41 506 1
41 40 506 1
105 115 176 1
115 105 176 1
18 19 147 1
19 18 147 1
33 75 426 1
75 33 426 1
53 90 787 1
90 53 787 1
91 92 669 1
92 91 669 1
3 20 648 1
20 3 648 1
52 54 402 1
54 52 402 1
27 110 890 1
110 27 890 1
30 33 526 1
33 30 526 1
78 81 1002 1
81 78 1002 1
44 46 353 1
46 44 353 1
5 7 538 1
7 5 538 1
5 24 252 1
24 5 252 1
102 106 217 1
106 102 217 1
22 25 402 1
25 22 402 1
103 107 239 1
107 103 239 1
42 55 629 1
55 42 629 1
57 76 691 1
76 57 691 1
66 67 177 1
67 66 177 1
16 63 1092 1
63 16 1092 1
32 81 728 1
81 32 728 1
37 77 246 1
77 37 246 1
25 92 1338 1
92 25 1338 1
27 85 894 1
85 27 894 1
35 65 453 1
65 35 453 1
59 66 363 1
66 59 363 1
13 15 277 1
15 13 277 1
20 23 575 1
23 20 575 1
59 67 245 1
67 59 245 1
14 22 562 1
22 14 562 1
56 60 232 1
60 56 232 1
97 111 292 1
111 97 292 1
29 36 705 1
36 29 705 1
93 103 173 1
103 93 173 1
102 115 318 1
115 102 318 1
7 11 254 1
11 7 254 1
29 74 571 1
74 29 571 1
32 79 600 1
79 32 600 1
72 73 517 1
73 72 517 1
21 30 349 1
30 21 349 1
22 31 234 1
31 22 234 1
18 94 904 1
94 18 904 1
21 41 236 1
41 21 236 1
39 55 254 1
55 39 254 1
91 106 697 1
106 91 697 1
55 97 173 1
97 55 173 1
86 88 460 1
88 86 460 1
3 30 397 1
30 3 397 1
25 37 745 1
37 25 745 1
43 98 522 1
98 43 522 1
0 32 356 1
32 0 356 1
18 30 564 1
30 18 564 1
28 63 1049 1
63 28 1049 1
30 71 303 1
71 30 303 1
57 68 520 1
68 57 520 1
4 8 148 1
8 4 148 1
34 66 268 1
66 34 268 1
3 65 942 1
65 3 942 1
1 101 1148 1
101 1 1148 1
36 80 330 1
80 36 330 1
35 41 612 1
41 35 612 1
37 83 399 1
83 37 399 1
52 101 819 1
101 52 819 1
54 63 1046 1
63 54 1046 1
94 95 213 1
95 94 213 1
16 57 981 1
57 16 981 1
20 85 844 1
85 20 844 1
24 86 569 1
86 24 569 1
29 75 189 1
75 29 189 1
39 95 233 1
95 39 233 1
46 112 262 1
112 46 262 1
47 55 367 1
55 47 367 1
56 80 431 1
80 56 431 1
66 93 972 1
93 66 972 1
93 100 653 1
100 93 653 1
92 100 157 1
100 92 157 1
1 108 882 1
108 1 882 1
2 6 165 1
6 2 165 1
91 103 258 1
103 91 258 1
95 99 272 1
99 95 272 1
96 114 265 1
114 96 265 1
48 65 674 1
65 48 674 1
49 91 630 1
91 49 630 1
71 85 660 1
85 71 660 1
51 58 753 1
58 51 753 1
23 71 443 1
71 23 443 1
89 92 938 1
92 89 938 1
31 84 971 1
84 31 971 1
56 99 1051 1
99 56 1051 1
94 99 399 1
99 94 399 1
97 114 263 1
114 97 263 1
5 85 946 1
85 5 946 1
5 30 380 1
30 5 380 1
93 104 478 1
104 93 478 1
53 98 671 1
98 53 671 1
72 74 76 1
74 72 76 1
17 32 646 1
32 17 646 1
24 88 947 1
88 24 947 1
47 112 265 1
112 47 265 1
3 21 582 1
21 3 582 1
13 29 290 1
29 13 290 1
67 93 875 1
93 67 875 1
21 71 214 1
71 21 214 1
35 45 385 1
45 35 385 1
8 48 1406 1
48 8 1406 1
26 31 365 1
31 26 365 1
32 63 656 1
63 32 656 1
50 52 243 1
52 50 243 1
72 76 257 1
76 72 257 1
72 79 733 1
79 72 733 1
31 86 707 1
86 31 707 1
45 51 254 1
51 45 254 1
51 92 878 1
92 51 878 1
20 26 232 1
26 20 232 1
56 62 252 1
62 56 252 1
58 90 890 1
90 58 890 1
11 15 385 1
15 11 385 1
42 49 396 1
49 42 396 1
10 19 724 1
19 10 724 1
11 17 224 1
17 11 224 1
45 93 714 1
93 45 714 1
50 93 862 1
93 50 862 1
20 110 682 1
110 20 682 1
6 12 248 1
12 6 248 1
54 77 571 1
77 54 571 1
61 100 1241 1
100 61 1241 1
93 106 650 1
106 93 650 1
13 65 935 1
65 13 935 1
22 26 505 1
26 22 505 1
0 61 943 1
61 0 943 1
3 71 399 1
71 3 399 1
38 55 598 1
55 38 598 1
3 92 1420 1
92 3 1420 1
42 112 333 1
112 42 333 1
63 81 293 1
81 63 293 1
5 15 278 1
15 5 278 1
21 37 403 1
37 21 403 1
55 111 434 1
111 55 434 1
41 75 187 1
75 41 187 1
101 104 464 1
104 101 464 1
105 111 367 1
111 105 367 1
20 37 510 1
37 20 510 1
58 60 266 1
60 58 266 1
5 45 1343 1
45 5 1343 1
48 61 765 1
61 48 765 1
97 113 312 1
113 97 312 1
12 13 959 1
13 12 959 1
16 79 934 1
79 16 934 1
23 88 1119 1
88 23 1119 1
59 106 1174 1
106 59 1174 1
96 98 184 1
98 96 184 1
3 27 634 1
27 3 634 1
39 40 508 1
40 39 508 1
49 59 382 1
59 49 382 1
53 101 452 1
101 53 452 1
33 71 374 1
71 33 374 1
54 98 204 1
98 54 204 1
38 96 284 1
96 38 284 1
48 66 357 1
66 48 357 1
10 18 609 1
18 10 609 1
34 35 126 1
35 34 126 1
45 91 637 1
91 45 637 1
58 101 1214 1
101 58 1214 1
22 88 1044 1
88 22 1044 1
32 74 456 1
74 32 456 1
63 72 944 1
72 63 944 1
5 92 1324 1
92 5 1324 1
28 83 861 1
83 28 861 1
54 95 438 1
95 54 438 1
59 93 1026 1
93 59 1026 1
85 86 1120 1
86 85 1120 1
85 89 220 1
89 85 220 1
9 50 1509 1
50 9 1509 1
37 71 401 1
71 37 401 1
0 76 525 1
76 0 525 1
22 85 1113 1
85 22 1113 1
36 76 232 1
76 36 232 1
41 83 252 1
83 41 252 1
49 58 594 1
58 49 594 1
29 79 257 1
79 29 257 1
59 101 1108 1
101 59 1108 1
71 84 847 1
84 71 847 1
109 111 273 1
111 109 273 1
38 97 469 1
97 38 469 1
95 112 395 1
112 95 395 1
29 76 555 1
76 29 555 1
29 83 227 1
83 29 227 1
81 83 446 1
83 81 446 1
20 24 393 1
24 20 393 1
1 32 484 1
32 1 484 1
9 49 1399 1
49 9 1399 1
18 114 1134 1
114 18 1134 1
49 67 315 1
67 49 315 1
50 91 845 1
91 50 845 1
55 94 428 1
94 55 428 1
66 100 968 1
100 66 968 1
90 93 690 1
93 90 690 1
96 113 315 1
113 96 315 1
49 93 719 1
93 49 719 1
2 18 379 1
18 2 379 1
16 32 504 1
32 16 504 1
70 71 263 1
71 70 263 1
83 84 1154 1
84 83 1154 1
99 101 266 1
101 99 266 1
1 52 1206 1
52 1 1206 1
94 115 181 1
115 94 181 1
16 78 122 1
78 16 122 1
31 37 658 1
37 31 658 1
61 90 1156 1
90 61 1156 1
76 79 567 1
79 76 567 1
3 88 1145 1
88 3 1145 1
16 29 882 1
29 16 882 1
43 86 1110 1
86 43 1110 1
66 90 828 1
90 66 828 1
87 95 598 1
95 87 598 1
9 48 1507 1
48 9 1507 1
12 60 825 1
60 12 825 1
36 54 228 1
54 36 228 1
41 73 204 1
73 41 204 1
58 100 1047 1
100 58 1047 1
88 93 930 1
93 88 930 1
90 101 719 1
101 90 719 1
37 97 271 1
97 37 271 1
46 49 541 1
49 46 541 1
4 6 536 1
6 4 536 1
36 83 816 1
83 36 816 1
17 56 1024 1
56 17 1024 1
29 41 234 1
41 29 234 1
32 73 550 1
73 32 550 1
24 85 1108 1
85 24 1108 1
25 45 1358 1
45 25 1358 1
46 99 446 1
99 46 446 1
56 95 883 1
95 56 883 1
83 87 158 1
87 83 158 1
16 62 313 1
62 16 313 1
17 57 439 1
57 17 439 1
45 46 448 1
46 45 448 1
28 78 272 1
78 28 272 1
54 101 738 1
101 54 738 1
67 102 981 1
102 67 981 1
69 73 777 1
73 69 777 1
69 115 1010 1
115 69 1010 1
9 59 1335 1
59 9 1335 1
40 81 874 1
81 40 874 1
53 58 934 1
58 53 934 1
73 84 919 1
84 73 919 1
1 10 979 1
10 1 979 1
10 28 213 1
28 10 213 1
11 74 727 1
74 11 727 1
23 45 1302 1
45 23 1302 1
34 51 562 1
51 34 562 1
52 58 705 1
58 52 705 1
104 106 195 1
106 104 195 1
80 83 1100 1
83 80 1100 1
39 83 378 1
83 39 378 1
6 7 710 1
7 6 710 1
10 85 1188 1
85 10 1188 1
21 85 716 1
85 21 716 1
51 65 287 1
65 51 287 1
13 17 364 1
17 13 364 1
39 77 312 1
77 39 312 1
71 75 163 1
75 71 163 1
17 83 381 1
83 17 381 1
32 114 865 1
114 32 865 1
55 95 221 1
95 55 221 1
57 87 938 1
87 57 938 1
61 106 1151 1
106 61 1151 1
5 64 1350 1
64 5 1350 1
95 103 393 1
103 95 393 1
32 99 839 1
99 32 839 1
67 90 867 1
90 67 867 1
1 14 1077 1
14 1 1077 1
1 103 1135 1
103 1 1135 1
52 59 956 1
59 52 956 1
54 97 484 1
97 54 484 1
56 79 965 1
79 56 965 1
61 102 1213 1
102 61 1213 1
76 99 626 1
99 76 626 1
0 101 1354 1
101 0 1354 1
2 19 481 1
19 2 481 1
3 64 1134 1
64 3 1134 1
25 26 225 1
26 25 225 1
56 108 829 1
108 56 829 1
57 95 781 1
95 57 781 1
63 101 920 1
101 63 920 1
65 90 1061 1
90 65 1061 1
95 114 280 1
114 95 280 1
34 92 737 1
92 34 737 1
43 55 485 1
55 43 485 1
68 75 797 1
75 68 797 1
8 60 1121 1
60 8 1121 1
33 73 444 1
73 33 444 1
35 44 409 1
44 35 409 1
43 87 1011 1
87 43 1011 1
56 81 1090 1
81 56 1090 1
90 92 135 1
92 90 135 1
21 38 458 1
38 21 458 1
22 86 800 1
86 22 800 1
43 111 293 1
111 43 293 1
3 24 623 1
24 3 623 1
94 109 127 1
109 94 127 1
104 115 184 1
115 104 184 1
19 32 289 1
32 19 289 1
19 73 625 1
73 19 625 1
33 74 480 1
74 33 480 1
96 112 337 1
112 96 337 1
103 115 322 1
115 103 322 1
8 59 1427 1
59 8 1427 1
49 100 971 1
100 49 971 1
75 76 374 1
76 75 374 1
1 100 1327 1
100 1 1327 1
85 88 1097 1
88 85 1097 1
91 104 542 1
104 91 542 1
24 71 494 1
71 24 494 1
43 112 376 1
112 43 376 1
52 91 777 1
91 52 777 1
53 54 818 1
54 53 818 1
53 63 685 1
63 53 685 1
53 100 830 1
100 53 830 1
10 32 558 1
32 10 558 1
27 39 536 1
39 27 536 1
59 100 1223 1
100 59 1223 1
82 102 762 1
102 82 762 1
90 106 378 1
106 90 378 1
9 90 1391 1
90 9 1391 1
45 50 474 1
50 45 474 1
51 93 605 1
93 51 605 1
20 33 587 1
33 20 587 1
25 35 978 1
35 25 978 1
7 35 816 1
35 7 816 1
32 80 590 1
80 32 590 1
36 78 263 1
78 36 263 1
45 90 767 1
90 45 767 1
54 99 587 1
99 54 587 1
0 94 819 1
94 0 819 1
49 111 530 1
111 49 530 1
67 86 1148 1
86 67 1148 1
71 78 647 1
78 71 647 1
2 105 1253 1
105 2 1253 1
30 64 1064 1
64 30 1064 1
20 64 962 1
64 20 962 1
34 88 672 1
88 34 672 1
38 41 513 1
41 38 513 1
43 49 240 1
49 43 240 1
11 28 875 1
28 11 875 1
21 39 356 1
39 21 356 1
39 87 370 1
87 39 370 1
48 101 937 1
101 48 937 1
59 102 1214 1
102 59 1214 1
97 108 170 1
108 97 170 1
20 88 611 1
88 20 611 1
50 65 837 1
65 50 837 1
57 94 878 1
94 57 878 1
63 99 719 1
99 63 719 1
97 98 437 1
98 97 437 1
2 93 1417 1
93 2 1417 1
9 65 1235 1
65 9 1235 1
28 99 923 1
99 28 923 1
50 100 650 1
100 50 650 1
72 99 831 1
99 72 831 1
94 98 264 1
98 94 264 1
0 62 386 1
62 0 386 1
34 48 431 1
48 34 431 1
53 55 448 1
55 53 448 1
87 108 698 1
108 87 698 1
100 103 576 1
103 100 576 1
31 33 517 1
33 31 517 1
31 64 1128 1
64 31 1128 1
32 108 663 1
108 32 663 1
32 113 906 1
113 32 906 1
37 78 740 1
78 37 740 1
77 96 456 1
96 77 456 1
88 110 590 1
110 88 590 1
17 76 648 1
76 17 648 1
31 110 923 1
110 31 923 1
16 83 1029 1
83 16 1029 1
45 86 1232 1
86 45 1232 1
60 101 1230 1
101 60 1230 1
3 45 1118 1
45 3 1118 1
108 113 292 1
113 108 292 1
11 65 770 1
65 11 770 1
12 52 1107 1
52 12 1107 1
24 43 1300 1
43 24 1300 1
39 113 565 1
113 39 565 1
10 22 580 1
22 10 580 1
19 109 838 1
109 19 838 1
56 87 1244 1
87 56 1244 1
22 64 1169 1
64 22 1169 1
37 96 506 1
96 37 506 1
99 114 265 1
114 99 265 1
30 84 877 1
84 30 877 1
32 36 555 1
36 32 555 1
44 98 563 1
98 44 563 1
1 102 1288 1
102 1 1288 1
4 26 161 1
26 4 161 1
36 95 408 1
95 36 408 1
50 53 744 1
53 50 744 1
77 87 602 1
87 77 602 1
18 95 915 1
95 18 915 1
19 94 903 1
94 19 903 1
55 63 600 1
63 55 600 1
28 84 456 1
84 28 456 1
45 89 806 1
89 45 806 1
48 92 683 1
92 48 683 1
51 66 580 1
66 51 580 1
67 100 988 1
100 67 988 1
91 101 197 1
101 91 197 1
38 77 447 1
77 38 447 1
62 89 1215 1
89 62 1215 1
30 86 614 1
86 30 614 1
49 92 871 1
92 49 871 1
50 58 486 1
58 50 486 1
96 103 531 1
103 96 531 1
3 11 395 1
11 3 395 1
5 21 332 1
21 5 332 1
14 57 1154 1
57 14 1154 1
29 32 631 1
32 29 631 1
28 33 585 1
33 28 585 1
93 105 305 1
105 93 305 1
18 96 925 1
96 18 925 1
48 67 417 1
67 48 417 1
55 62 1031 1
62 55 1031 1
77 110 393 1
110 77 393 1
112 113 116 1
113 112 116 1
23 92 1466 1
92 23 1466 1
51 67 436 1
67 51 436 1
52 60 638 1
60 52 638 1
5 65 1232 1
65 5 1232 1
13 63 653 1
63 13 653 1
28 56 545 1
56 28 545 1
39 78 740 1
78 39 740 1
55 112 466 1
112 55 466 1
10 73 783 1
73 10 783 1
12 59 1240 1
59 12 1240 1
16 99 951 1
99 16 951 1
60 99 983 1
99 60 983 1
85 87 616 1
87 85 616 1
98 101 623 1
101 98 623 1
6 18 473 1
18 6 473 1
18 26 857 1
26 18 857 1
33 84 801 1
84 33 801 1
34 50 475 1
50 34 475 1
79 96 717 1
96 79 717 1
58 106 1039 1
106 58 1039 1
69 75 761 1
75 69 761 1
99 103 258 1
103 99 258 1
109 115 211 1
115 109 211 1
21 34 706 1
34 21 706 1
24 92 1330 1
92 24 1330 1
33 81 613 1
81 33 613 1
53 76 824 1
76 53 824 1
0 17 982 1
17 0 982 1
0 52 934 1
52 0 934 1
21 24 413 1
24 21 413 1
36 81 848 1
81 36 848 1
68 108 915 1
108 68 915 1
80 84 162 1
84 80 162 1
28 76 345 1
76 28 345 1
52 63 1131 1
63 52 1131 1
67 88 939 1
88 67 939 1
70 73 402 1
73 70 402 1
79 80 991 1
80 79 991 1
9 44 1434 1
44 9 1434 1
10 30 501 1
30 10 501 1
34 100 771 1
100 34 771 1
35 90 713 1
90 35 713 1
37 86 777 1
86 37 777 1
99 104 430 1
104 99 430 1
8 12 346 1
12 8 346 1
51 59 486 1
59 51 486 1
52 106 576 1
106 52 576 1
19 115 1045 1
115 19 1045 1
25 39 702 1
39 25 702 1
25 87 575 1
87 25 575 1
94 103 496 1
103 94 496 1
105 106 359 1
106 105 359 1
1 68 549 1
68 1 549 1
41 85 509 1
85 41 509 1
49 53 406 1
53 49 406 1
56 76 519 1
76 56 519 1
68 94 894 1
94 68 894 1
36 41 570 1
41 36 570 1
54 109 337 1
109 54 337 1
71 110 676 1
110 71 676 1
103 105 173 1
105 103 173 1
22 43 1259 1
43 22 1259 1
27 87 439 1
87 27 439 1
46 96 270 1
96 46 270 1
19 76 599 1
76 19 599 1
37 54 645 1
54 37 645 1
66 82 1038 1
82 66 1038 1
1 53 949 1
53 1 949 1
13 62 1248 1
62 13 1248 1
32 75 514 1
75 32 514 1
43 110 298 1
110 43 298 1
89 91 402 1
91 89 402 1
26 83 578 1
83 26 578 1
57 81 488 1
81 57 488 1
36 96 257 1
96 36 257 1
52 66 667 1
66 52 667 1
86 110 816 1
110 86 816 1
20 38 349 1
38 20 349 1
27 92 1167 1
92 27 1167 1
54 62 567 1
62 54 567 1
56 77 690 1
77 56 690 1
0 53 1230 1
53 0 1230 1
17 84 1128 1
84 17 1128 1
37 87 433 1
87 37 433 1
40 110 582 1
110 40 582 1
52 104 543 1
104 52 543 1
57 69 378 1
69 57 378 1
11 33 518 1
33 11 518 1
24 45 1393 1
45 24 1393 1
49 65 308 1
65 49 308 1
87 110 837 1
110 87 837 1
8 14 205 1
14 8 205 1
52 77 798 1
77 52 798 1
1 56 851 1
56 1 851 1
17 73 298 1
73 17 298 1
67 104 923 1
104 67 923 1
12 65 1303 1
65 12 1303 1
24 110 1066 1
110 24 1066 1
26 85 985 1
85 26 985 1
58 103 1188 1
103 58 1188 1
59 68 484 1
68 59 484 1
90 102 246 1
102 90 246 1
11 72 773 1
72 11 773 1
77 108 373 1
108 77 373 1
6 13 864 1
13 6 864 1
19 75 628 1
75 19 628 1
25 43 1261 1
43 25 1261 1
93 101 103 1
101 93 103 1
20 39 459 1
39 20 459 1
29 63 531 1
63 29 531 1
30 113 1109 1
113 30 1109 1
36 56 615 1
56 36 615 1
61 91 822 1
91 61 822 1
68 115 1040 1
115 68 1040 1
95 113 351 1
113 95 351 1
7 71 395 1
71 7 395 1
21 109 565 1
109 21 565 1
31 88 956 1
88 31 956 1
34 65 549 1
65 34 549 1
39 94 407 1
94 39 407 1
76 96 361 1
96 76 361 1
9 91 1212 1
91 9 1212 1
12 58 1025 1
58 12 1025 1
27 37 597 1
37 27 597 1
31 78 755 1
78 31 755 1
31 83 561 1
83 31 561 1
94 110 220 1
110 94 220 1
94 114 259 1
114 94 259 1
2 14 572 1
14 2 572 1
26 88 791 1
88 26 791 1
27 71 367 1
71 27 367 1
48 102 819 1
102 48 819 1
27 43 1124 1
43 27 1124 1
32 94 642 1
94 32 642 1
39 41 161 1
41 39 161 1
14 18 837 1
18 14 837 1
23 84 1113 1
84 23 1113 1
29 33 510 1
33 29 510 1
36 108 330 1
108 36 330 1
41 110 601 1
110 41 601 1
86 102 712 1
102 86 712 1
5 44 1368 1
44 5 1368 1
48 106 864 1
106 48 864 1
57 96 913 1
96 57 913 1
8 101 1359 1
101 8 1359 1
21 88 754 1
88 21 754 1
36 52 586 1
52 36 586 1
68 109 832 1
109 68 832 1
20 35 677 1
35 20 677 1
36 38 122 1
38 36 122 1
47 90 580 1
90 47 580 1
0 108 876 1
108 0 876 1
3 35 775 1
35 3 775 1
10 33 638 1
33 10 638 1
21 22 558 1
22 21 558 1
65 92 1075 1
92 65 1075 1
8 61 1371 1
61 8 1371 1
36 99 637 1
99 36 637 1
57 63 249 1
63 57 249 1
66 92 904 1
92 66 904 1
94 104 298 1
104 94 298 1
5 43 1235 1
43 5 1235 1
12 90 1061 1
90 12 1061 1
18 22 537 1
22 18 537 1
21 35 666 1
35 21 666 1
41 71 317 1
71 41 317 1
69 70 750 1
70 69 750 1
70 74 155 1
74 70 155 1
0 18 364 1
18 0 364 1
18 76 581 1
76 18 581 1
19 33 238 1
33 19 238 1
23 26 522 1
26 23 522 1
77 95 322 1
95 77 322 1
7 44 1214 1
44 7 1214 1
8 66 1233 1
66 8 1233 1
32 96 657 1
96 32 657 1
68 77 657 1
77 68 657 1
72 75 453 1
75 72 453 1
5 35 974 1
35 5 974 1
5 71 431 1
71 5 431 1
10 17 1029 1
17 10 1029 1
18 28 651 1
28 18 651 1
36 63 945 1
63 36 945 1
42 99 482 1
99 42 482 1
70 90 900 1
90 70 900 1
16 76 379 1
76 16 379 1
62 98 668 1
98 62 668 1
98 109 329 1
109 98 329 1
7 64 1244 1
64 7 1244 1
10 57 1032 1
57 10 1032 1
23 64 1238 1
64 23 1238 1
52 65 959 1
65 52 959 1
0 12 517 1
12 0 517 1
1 104 1183 1
104 1 1183 1
25 41 554 1
41 25 554 1
30 110 901 1
110 30 901 1
41 84 910 1
84 41 910 1
58 67 368 1
67 58 368 1
1 18 493 1
18 1 493 1
3 89 961 1
89 3 961 1
54 103 653 1
103 54 653 1
54 110 373 1
110 54 373 1
99 113 264 1
113 99 264 1
8 51 1496 1
51 8 1496 1
12 101 1369 1
101 12 1369 1
29 37 304 1
37 29 304 1
61 103 1017 1
103 61 1017 1
87 96 843 1
96 87 843 1
0 95 915 1
95 0 915 1
18 99 1100 1
99 18 1100 1
64 89 1175 1
89 64 1175 1
76 108 370 1
108 76 370 1
77 82 682 1
82 77 682 1
31 39 657 1
39 31 657 1
31 87 639 1
87 31 639 1
79 94 650 1
94 79 650 1
6 99 1231 1
99 6 1231 1
25 84 1066 1
84 25 1066 1
31 40 592 1
40 31 592 1
44 65 564 1
65 44 564 1
71 92 1069 1
92 71 1069 1
30 37 688 1
37 30 688 1
35 49 434 1
49 35 434 1
71 73 163 1
73 71 163 1
1 76 689 1
76 1 689 1
14 96 772 1
96 14 772 1
26 43 1155 1
43 26 1155 1
28 73 629 1
73 28 629 1
48 98 566 1
98 48 566 1
54 66 740 1
66 54 740 1
56 61 920 1
61 56 920 1
67 92 922 1
92 67 922 1
101 111 463 1
111 101 463 1
10 14 380 1
14 10 380 1
23 43 1259 1
43 23 1259 1
28 57 964 1
57 28 964 1
30 40 513 1
40 30 513 1
33 72 507 1
72 33 507 1
37 92 835 1
92 37 835 1
40 97 584 1
97 40 584 1
47 105 464 1
105 47 464 1
49 98 742 1
98 49 742 1
54 61 1045 1
61 54 1045 1
57 99 846 1
99 57 846 1
66 70 775 1
70 66 775 1
11 73 310 1
73 11 310 1
13 80 1155 1
80 13 1155 1
17 53 802 1
53 17 802 1
18 57 564 1
57 18 564 1
26 41 487 1
41 26 487 1
96 104 297 1
104 96 297 1
107 111 490 1
111 107 490 1
109 114 278 1
114 109 278 1
0 103 1292 1
103 0 1292 1
50 88 679 1
88 50 679 1
53 59 742 1
59 53 742 1
58 104 1061 1
104 58 1061 1
62 78 287 1
78 62 287 1
68 74 749 1
74 68 749 1
21 40 380 1
40 21 380 1
45 88 963 1
88 45 963 1
47 91 332 1
91 47 332 1
79 82 965 1
82 79 965 1
81 84 1146 1
84 81 1146 1
51 61 458 1
61 51 458 1
53 77 709 1
77 53 709 1
64 84 478 1
84 64 478 1
65 100 1146 1
100 65 1146 1
48 112 575 1
112 48 575 1
69 74 789 1
74 69 789 1
92 106 400 1
106 92 400 1
98 104 286 1
104 98 286 1
2 109 940 1
109 2 940 1
15 92 1292 1
92 15 1292 1
17 99 704 1
99 17 704 1
30 83 641 1
83 30 641 1
4 101 1261 1
101 4 1261 1
51 101 699 1
101 51 699 1
62 99 1000 1
99 62 1000 1
0 96 812 1
96 0 812 1
14 87 842 1
87 14 842 1
8 50 1336 1
50 8 1336 1
18 113 1181 1
113 18 1181 1
38 109 342 1
109 38 342 1
47 93 394 1
93 47 394 1
54 100 319 1
100 54 319 1
63 98 1024 1
98 63 1024 1
73 77 274 1
77 73 274 1
79 99 574 1
99 79 574 1
88 91 958 1
91 88 958 1
6 72 449 1
72 6 449 1
9 45 1389 1
45 9 1389 1
14 79 974 1
79 14 974 1
14 95 814 1
95 14 814 1
17 55 513 1
55 17 513 1
43 96 503 1
96 43 503 1
67 106 941 1
106 67 941 1
86 89 1016 1
89 86 1016 1
97 105 299 1
105 97 299 1
1 63 334 1
63 1 334 1
22 82 706 1
82 22 706 1
24 37 815 1
37 24 815 1
27 93 1095 1
93 27 1095 1
45 48 304 1
48 45 304 1
110 114 289 1
114 110 289 1
16 36 349 1
36 16 349 1
26 42 1183 1
42 26 1183 1
30 87 699 1
87 30 699 1
36 74 242 1
74 36 242 1
85 110 584 1
110 85 584 1
11 75 388 1
75 11 388 1
12 53 1414 1
53 12 1414 1
35 71 557 1
71 35 557 1
70 77 376 1
77 70 376 1
11 80 1102 1
80 11 1102 1
45 65 388 1
65 45 388 1
62 81 1169 1
81 62 1169 1
0 6 417 1
6 0 417 1
8 93 1382 1
93 8 1382 1
28 74 188 1
74 28 188 1
76 112 647 1
112 76 647 1
97 115 218 1
115 97 218 1
104 114 171 1
114 104 171 1
110 113 304 1
113 110 304 1
10 108 812 1
108 10 812 1
36 79 738 1
79 36 738 1
50 66 475 1
66 50 475 1
56 94 768 1
94 56 768 1
61 66 546 1
66 61 546 1
93 111 397 1
111 93 397 1
0 16 380 1
16 0 380 1
20 84 687 1
84 20 687 1
32 95 664 1
95 32 664 1
34 90 664 1
90 34 664 1
61 104 1114 1
104 61 1114 1
67 115 767 1
115 67 767 1
70 75 355 1
75 70 355 1
4 46 1152 1
46 4 1152 1
30 41 563 1
41 30 563 1
32 60 487 1
60 32 487 1
60 66 370 1
66 60 370 1
37 88 804 1
88 37 804 1
42 105 625 1
105 42 625 1
47 51 339 1
51 47 339 1
76 94 331 1
94 76 331 1
4 9 500 1
9 4 500 1
46 53 547 1
53 46 547 1
46 62 638 1
62 46 638 1
5 107 867 1
107 5 867 1
59 69 338 1
69 59 338 1
67 103 944 1
103 67 944 1
75 84 839 1
84 75 839 1
82 88 444 1
88 82 444 1
104 105 204 1
105 104 204 1
2 91 1366 1
91 2 1366 1
16 55 931 1
55 16 931 1
35 75 492 1
75 35 492 1
51 106 972 1
106 51 972 1
68 76 626 1
76 68 626 1
70 106 687 1
106 70 687 1
75 77 210 1
77 75 210 1
86 103 950 1
103 86 950 1
109 110 135 1
110 109 135 1
9 111 1239 1
111 9 1239 1
17 78 955 1
78 17 955 1
30 114 1027 1
114 30 1027 1
35 68 531 1
68 35 531 1
64 65 897 1
65 64 897 1
71 86 672 1
86 71 672 1
74 113 753 1
113 74 753 1
83 85 549 1
85 83 549 1
95 110 248 1
110 95 248 1
1 106 1164 1
106 1 1164 1
23 110 1096 1
110 23 1096 1
25 64 1312 1
64 25 1312 1
46 107 643 1
107 46 643 1
70 76 285 1
76 70 285 1
103 108 420 1
108 103 420 1
104 107 401 1
107 104 401 1
2 4 569 1
4 2 569 1
8 49 1478 1
49 8 1478 1
23 33 604 1
33 23 604 1
24 40 584 1
40 24 584 1
31 43 1106 1
43 31 1106 1
53 106 847 1
106 53 847 1
54 94 226 1
94 54 226 1
55 109 337 1
109 55 337 1
57 115 958 1
115 57 958 1
68 73 821 1
73 68 821 1
78 110 569 1
110 78 569 1
84 86 610 1
86 84 610 1
0 28 492 1
28 0 492 1
9 46 1294 1
46 9 1294 1
48 111 498 1
111 48 498 1
74 77 362 1
77 74 362 1
108 112 335 1
112 108 335 1
0 79 944 1
79 0 944 1
3 22 347 1
22 3 347 1
52 103 773 1
103 52 773 1
69 94 883 1
94 69 883 1
89 93 471 1
93 89 471 1
90 98 163 1
98 90 163 1
1 95 815 1
95 1 815 1
18 79 755 1
79 18 755 1
29 84 1027 1
84 29 1027 1
41 74 484 1
74 41 484 1
44 62 682 1
62 44 682 1
46 105 514 1
105 46 514 1
57 101 1081 1
101 57 1081 1
78 84 235 1
84 78 235 1
2 64 992 1
64 2 992 1
20 22 544 1
22 20 544 1
43 88 861 1
88 43 861 1
66 103 1026 1
103 66 1026 1
67 82 1079 1
82 67 1079 1
77 83 539 1
83 77 539 1
78 85 1017 1
85 78 1017 1
17 74 721 1
74 17 721 1
43 89 647 1
89 43 647 1
50 59 774 1
59 50 774 1
18 63 774 1
63 18 774 1
43 85 559 1
85 43 559 1
68 110 813 1
110 68 813 1
86 92 882 1
92 86 882 1
4 24 144 1
24 4 144 1
15 20 521 1
20 15 521 1
16 46 699 1
46 16 699 1
36 55 626 1
55 36 626 1
37 95 241 1
95 37 241 1
48 104 822 1
104 48 822 1
55 107 232 1
107 55 232 1
76 114 580 1
114 76 580 1
108 114 218 1
114 108 218 1
19 22 594 1
22 19 594 1
37 114 513 1
114 37 513 1
93 115 401 1
115 93 401 1
94 108 97 1
108 94 97 1
0 54 794 1
54 0 794 1
8 91 1373 1
91 8 1373 1
13 28 892 1
28 13 892 1
14 15 772 1
15 14 772 1
17 36 828 1
36 17 828 1
18 103 1302 1
103 18 1302 1
23 44 1318 1
44 23 1318 1
55 110 380 1
110 55 380 1
68 70 709 1
70 68 709 1
0 77 681 1
77 0 681 1
7 29 417 1
29 7 417 1
21 26 271 1
26 21 271 1
46 83 1042 1
83 46 1042 1
56 96 743 1
96 56 743 1
62 95 844 1
95 62 844 1
71 77 297 1
77 71 297 1
42 107 734 1
107 42 734 1
45 111 467 1
111 45 467 1
11 113 1085 1
113 11 1085 1
17 33 512 1
33 17 512 1
23 89 1070 1
89 23 1070 1
27 105 897 1
105 27 897 1
36 71 552 1
71 36 552 1
38 111 560 1
111 38 560 1
52 108 555 1
108 52 555 1
53 72 1064 1
72 53 1064 1
58 82 1100 1
82 58 1100 1
2 24 548 1
24 2 548 1
6 26 607 1
26 6 607 1
6 33 588 1
33 6 588 1
10 74 381 1
74 10 381 1
22 87 870 1
87 22 870 1
37 55 221 1
55 37 221 1
50 67 562 1
67 50 562 1
76 113 641 1
113 76 641 1
87 103 754 1
103 87 754 1
94 113 328 1
113 94 328 1
98 107 585 1
107 98 585 1
0 98 918 1
98 0 918 1
8 65 1425 1
65 8 1425 1
9 51 1357 1
51 9 1357 1
14 86 272 1
86 14 272 1
38 79 739 1
79 38 739 1
42 96 429 1
96 42 429 1
44 90 651 1
90 44 651 1
57 61 216 1
61 57 216 1
66 77 590 1
77 66 590 1
86 108 664 1
108 86 664 1
12 79 1029 1
79 12 1029 1
28 55 861 1
55 28 861 1
43 92 652 1
92 43 652 1
64 88 675 1
88 64 675 1
79 113 788 1
113 79 788 1
98 105 417 1
105 98 417 1
8 53 1492 1
53 8 1492 1
11 84 1188 1
84 11 1188 1
24 78 835 1
78 24 835 1
26 40 419 1
40 26 419 1
60 103 1182 1
103 60 1182 1
78 79 878 1
79 78 878 1
79 108 585 1
108 79 585 1
83 86 863 1
86 83 863 1
96 108 167 1
108 96 167 1
7 49 1147 1
49 7 1147 1
23 86 866 1
86 23 866 1
27 41 398 1
41 27 398 1
33 68 378 1
68 33 378 1
35 100 802 1
100 35 802 1
37 80 842 1
80 37 842 1
47 87 906 1
87 47 906 1
54 90 282 1
90 54 282 1
16 84 311 1
84 16 311 1
25 67 1191 1
67 25 1191 1
35 70 574 1
70 35 574 1
0 19 488 1
19 0 488 1
1 12 1022 1
12 1 1022 1
39 80 834 1
80 39 834 1
44 67 332 1
67 44 332 1
52 62 619 1
62 52 619 1
52 68 984 1
68 52 984 1
13 52 1405 1
52 13 1405 1
29 53 887 1
53 29 887 1
54 76 415 1
76 54 415 1
55 72 755 1
72 55 755 1
55 105 373 1
105 55 373 1
70 91 1000 1
91 70 1000 1
91 111 390 1
111 91 390 1
2 27 659 1
27 2 659 1
4 99 1138 1
99 4 1138 1
25 34 1006 1
34 25 1006 1
34 41 686 1
41 34 686 1
35 59 475 1
59 35 475 1
37 85 343 1
85 37 343 1
66 108 706 1
108 66 706 1
87 88 1035 1
88 87 1035 1
9 93 1250 1
93 9 1250 1
36 73 600 1
73 36 600 1
44 55 743 1
55 44 743 1
51 54 884 1
54 51 884 1
66 106 937 1
106 66 937 1
97 112 339 1
112 97 339 1
6 32 555 1
32 6 555 1
25 82 617 1
82 25 617 1
40 71 481 1
71 40 481 1
58 115 947 1
115 58 947 1
95 104 381 1
104 95 381 1
33 85 703 1
85 33 703 1
35 88 741 1
88 35 741 1
36 70 395 1
70 36 395 1
73 81 406 1
81 73 406 1
95 98 433 1
98 95 433 1
2 103 1363 1
103 2 1363 1
23 35 930 1
35 23 930 1
54 60 681 1
60 54 681 1
60 65 898 1
65 60 898 1
4 63 1183 1
63 4 1183 1
7 45 1151 1
45 7 1151 1
9 47 1209 1
47 9 1209 1
18 60 647 1
60 18 647 1
27 38 594 1
38 27 594 1
30 39 678 1
39 30 678 1
67 70 784 1
70 67 784 1
74 79 666 1
79 74 666 1
12 34 841 1
34 12 841 1
18 97 954 1
97 18 954 1
23 78 887 1
78 23 887 1
39 86 698 1
86 39 698 1
57 82 1164 1
82 57 1164 1
60 98 728 1
98 60 728 1
76 98 527 1
98 76 527 1
112 114 196 1
114 112 196 1
0 68 414 1
68 0 414 1
14 27 449 1
27 14 449 1
19 74 670 1
74 19 670 1
19 108 910 1
108 19 910 1
27 82 524 1
82 27 524 1
37 82 780 1
82 37 780 1
39 99 432 1
99 39 432 1
49 52 718 1
52 49 718 1
0 115 997 1
115 0 997 1
19 103 1259 1
103 19 1259 1
34 77 351 1
77 34 351 1
36 57 914 1
57 36 914 1
73 79 296 1
79 73 296 1
77 94 396 1
94 77 396 1
81 99 581 1
99 81 581 1
83 115 786 1
115 83 786 1
20 40 225 1
40 20 225 1
40 55 690 1
55 40 690 1
63 76 747 1
76 63 747 1
72 83 754 1
83 72 754 1
72 108 541 1
108 72 541 1
3 44 1158 1
44 3 1158 1
12 17 1046 1
17 12 1046 1
13 53 1148 1
53 13 1148 1
13 72 796 1
72 13 796 1
21 75 222 1
75 21 222 1
29 38 680 1
38 29 680 1
42 86 1057 1
86 42 1057 1
69 109 801 1
109 69 801 1
77 99 529 1
99 77 529 1
103 111 432 1
111 103 432 1
14 112 1099 1
112 14 1099 1
44 48 114 1
48 44 114 1
45 85 677 1
85 45 677 1
45 105 804 1
105 45 804 1
98 103 555 1
103 98 555 1
9 98 1256 1
98 9 1256 1
9 112 1293 1
112 9 1293 1
27 84 956 1
84 27 956 1
51 102 955 1
102 51 955 1
53 99 316 1
99 53 316 1
54 78 385 1
78 54 385 1
80 99 917 1
99 80 917 1
95 109 146 1
109 95 146 1
104 112 332 1
112 104 332 1
7 20 669 1
20 7 669 1
14 19 916 1
19 14 916 1
34 37 540 1
37 34 540 1
34 58 424 1
58 34 424 1
35 91 647 1
91 35 647 1
91 105 371 1
105 91 371 1
4 107 958 1
107 4 958 1
10 76 495 1
76 10 495 1
31 89 902 1
89 31 902 1
55 80 931 1
80 55 931 1
64 114 838 1
114 64 838 1
91 115 428 1
115 91 428 1
94 101 576 1
101 94 576 1
99 108 310 1
108 99 310 1
4 98 1069 1
98 4 1069 1
7 92 1445 1
92 7 1445 1
