116 2668
44 45 194 1
45 44 194 1
4 8 148 1
8 4 148 1
48 49 410 1
49 48 410 1
44 49 304 1
49 44 304 1
10 12 181 1
12 10 181 1
9 15 219 1
15 9 219 1
42 43 239 1
43 42 239 1
5 27 165 1
27 5 165 1
80 81 1113 1
81 80 1113 1
30 31 127 1
31 30 127 1
58 59 496 1
59 58 496 1
100 102 87 1
102 100 87 1
3 7 185 1
7 3 185 1
19 68 313 1
68 19 313 1
1 68 549 1
68 1 549 1
93 101 103 1
101 93 103 1
45 49 111 1
49 45 111 1
2 3 405 1
3 2 405 1
56 57 840 1
57 56 840 1
88 89 1035 1
89 88 1035 1
39 94 407 1
94 39 407 1
3 18 417 1
18 3 417 1
42 44 208 1
44 42 208 1
28 72 116 1
72 28 116 1
46 47 309 1
47 46 309 1
103 104 369 1
104 103 369 1
51 53 271 1
53 51 271 1
82 83 881 1
83 82 881 1
34 35 126 1
35 34 126 1
1 57 172 1
57 1 172 1
42 46 173 1
46 42 173 1
2 7 566 1
7 2 566 1
22 88 1044 1
88 22 1044 1
55 96 492 1
96 55 492 1
8 9 638 1
9 8 638 1
24 25 135 1
25 24 135 1
4 9 500 1
9 4 500 1
43 47 146 1
47 43 146 1
1 19 351 1
19 1 351 1
8 14 205 1
14 8 205 1
84 85 1130 1
85 84 1130 1
94 97 266 1
97 94 266 1
57 68 520 1
68 57 520 1
54 96 167 1
96 54 167 1
62 63 1134 1
63 62 1134 1
52 53 746 1
53 52 746 1
42 47 281 1
47 42 281 1
95 108 123 1
108 95 123 1
11 13 168 1
13 11 168 1
0 57 825 1
57 0 825 1
4 26 161 1
26 4 161 1
18 19 147 1
19 18 147 1
22 23 140 1
23 22 140 1
9 24 385 1
24 9 385 1
0 68 414 1
68 0 414 1
23 88 1119 1
88 23 1119 1
26 27 135 1
27 26 135 1
0 1 800 1
1 0 800 1
4 14 255 1
14 4 255 1
66 67 177 1
67 66 177 1
21 27 209 1
27 21 209 1
43 46 341 1
46 43 341 1
42 49 396 1
49 42 396 1
106 107 486 1
107 106 486 1
26 82 411 1
82 26 411 1
29 72 629 1
72 29 629 1
48 51 548 1
51 48 548 1
12 60 825 1
60 12 825 1
38 39 465 1
39 38 465 1
0 56 174 1
56 0 174 1
68 69 164 1
69 68 164 1
2 18 379 1
18 2 379 1
103 105 173 1
105 103 173 1
101 103 106 1
103 101 106 1
42 45 300 1
45 42 300 1
27 82 524 1
82 27 524 1
59 66 363 1
66 59 363 1
42 111 258 1
111 42 258 1
104 105 204 1
105 104 204 1
46 55 584 1
55 46 584 1
101 102 595 1
102 101 595 1
60 61 893 1
61 60 893 1
78 81 1002 1
81 78 1002 1
8 15 741 1
15 8 741 1
5 21 332 1
21 5 332 1
36 40 213 1
40 36 213 1
97 107 263 1
107 97 263 1
99 112 272 1
112 99 272 1
12 13 959 1
13 12 959 1
44 48 114 1
48 44 114 1
25 31 272 1
31 25 272 1
43 44 290 1
44 43 290 1
24 26 201 1
26 24 201 1
10 11 986 1
11 10 986 1
21 39 356 1
39 21 356 1
76 77 238 1
77 76 238 1
19 69 323 1
69 19 323 1
44 111 448 1
111 44 448 1
94 114 259 1
114 94 259 1
26 83 578 1
83 26 578 1
39 97 289 1
97 39 289 1
97 108 170 1
108 97 170 1
4 5 350 1
5 4 350 1
16 56 380 1
56 16 380 1
16 78 122 1
78 16 122 1
47 55 367 1
55 47 367 1
46 51 585 1
51 46 585 1
49 51 172 1
51 49 172 1
9 26 419 1
26 9 419 1
95 109 146 1
109 95 146 1
16 17 998 1
17 16 998 1
46 111 189 1
111 46 189 1
21 26 271 1
26 21 271 1
6 7 710 1
7 6 710 1
49 111 530 1
111 49 530 1
16 81 1063 1
81 16 1063 1
4 15 597 1
15 4 597 1
11 12 972 1
12 11 972 1
14 26 321 1
26 14 321 1
108 109 87 1
109 108 87 1
36 81 848 1
81 36 848 1
23 27 506 1
27 23 506 1
36 80 330 1
80 36 330 1
58 66 198 1
66 58 198 1
4 21 414 1
21 4 414 1
93 102 600 1
102 93 600 1
36 37 542 1
37 36 542 1
13 60 1245 1
60 13 1245 1
43 45 199 1
45 43 199 1
0 19 488 1
19 0 488 1
4 27 279 1
27 4 279 1
62 64 300 1
64 62 300 1
5 82 673 1
82 5 673 1
9 25 252 1
25 9 252 1
40 83 731 1
83 40 731 1
51 52 786 1
52 51 786 1
97 109 174 1
109 97 174 1
28 80 329 1
80 28 329 1
56 68 408 1
68 56 408 1
12 48 1186 1
48 12 1186 1
21 94 569 1
94 21 569 1
1 69 441 1
69 1 441 1
69 78 773 1
78 69 773 1
70 71 263 1
71 70 263 1
100 101 656 1
101 100 656 1
17 79 135 1
79 17 135 1
78 80 116 1
80 78 116 1
4 24 144 1
24 4 144 1
37 38 515 1
38 37 515 1
20 21 185 1
21 20 185 1
44 46 353 1
46 44 353 1
46 53 547 1
53 46 547 1
5 26 263 1
26 5 263 1
47 111 188 1
111 47 188 1
28 81 975 1
81 28 975 1
82 108 675 1
108 82 675 1
2 22 228 1
22 2 228 1
20 26 232 1
26 20 232 1
3 5 603 1
5 3 603 1
23 89 1070 1
89 23 1070 1
16 79 934 1
79 16 934 1
38 87 730 1
87 38 730 1
4 25 258 1
25 4 258 1
34 114 610 1
114 34 610 1
8 25 389 1
25 8 389 1
8 26 300 1
26 8 300 1
16 57 981 1
57 16 981 1
96 110 214 1
110 96 214 1
28 29 741 1
29 28 741 1
82 95 720 1
95 82 720 1
2 27 659 1
27 2 659 1
26 95 736 1
95 26 736 1
33 72 507 1
72 33 507 1
29 49 928 1
49 29 928 1
29 30 533 1
30 29 533 1
82 97 814 1
97 82 814 1
33 79 486 1
79 33 486 1
17 33 512 1
33 17 512 1
45 48 304 1
48 45 304 1
17 72 781 1
72 17 781 1
94 108 97 1
108 94 97 1
7 89 868 1
89 7 868 1
47 98 442 1
98 47 442 1
92 93 608 1
93 92 608 1
98 99 479 1
99 98 479 1
2 23 340 1
23 2 340 1
10 60 650 1
60 10 650 1
65 89 679 1
89 65 679 1
6 100 1229 1
100 6 1229 1
12 29 886 1
29 12 886 1
48 98 566 1
98 48 566 1
7 92 1445 1
92 7 1445 1
55 98 606 1
98 55 606 1
71 73 163 1
73 71 163 1
2 5 685 1
5 2 685 1
22 89 1126 1
89 22 1126 1
13 63 653 1
63 13 653 1
1 18 493 1
18 1 493 1
12 64 932 1
64 12 932 1
32 81 728 1
81 32 728 1
4 113 1150 1
113 4 1150 1
23 107 1121 1
107 23 1121 1
33 60 632 1
60 33 632 1
95 97 97 1
97 95 97 1
18 68 315 1
68 18 315 1
23 82 788 1
82 23 788 1
94 115 181 1
115 94 181 1
2 88 959 1
88 2 959 1
57 81 488 1
81 57 488 1
0 97 963 1
97 0 963 1
38 106 276 1
106 38 276 1
42 48 243 1
48 42 243 1
10 48 1025 1
48 10 1025 1
61 65 175 1
65 61 175 1
19 57 426 1
57 19 426 1
60 64 187 1
64 60 187 1
107 108 333 1
108 107 333 1
7 65 934 1
65 7 934 1
16 80 152 1
80 16 152 1
105 106 359 1
106 105 359 1
10 13 1004 1
13 10 1004 1
27 39 536 1
39 27 536 1
5 37 688 1
37 5 688 1
14 15 772 1
15 14 772 1
15 65 1052 1
65 15 1052 1
49 98 742 1
98 49 742 1
94 109 127 1
109 94 127 1
99 111 265 1
111 99 265 1
4 83 726 1
83 4 726 1
15 83 194 1
83 15 194 1
21 95 510 1
95 21 510 1
72 81 860 1
81 72 860 1
32 62 548 1
62 32 548 1
37 41 217 1
41 37 217 1
42 51 463 1
51 42 463 1
2 21 636 1
21 2 636 1
45 111 467 1
111 45 467 1
96 98 184 1
98 96 184 1
59 68 484 1
68 59 484 1
6 102 1207 1
102 6 1207 1
20 27 271 1
27 20 271 1
29 44 1005 1
44 29 1005 1
43 49 240 1
49 43 240 1
93 114 346 1
114 93 346 1
99 100 610 1
100 99 610 1
25 30 292 1
30 25 292 1
108 115 135 1
115 108 135 1
54 55 651 1
55 54 651 1
1 56 851 1
56 1 851 1
15 24 514 1
24 15 514 1
26 108 761 1
108 26 761 1
27 84 956 1
84 27 956 1
89 92 938 1
92 89 938 1
27 95 702 1
95 27 702 1
40 80 433 1
80 40 433 1
50 110 492 1
110 50 492 1
79 81 136 1
81 79 136 1
7 23 337 1
23 7 337 1
13 30 546 1
30 13 546 1
21 82 511 1
82 21 511 1
83 95 609 1
95 83 609 1
27 108 748 1
108 27 748 1
29 45 930 1
45 29 930 1
38 41 513 1
41 38 513 1
42 55 629 1
55 42 629 1
5 20 424 1
20 5 424 1
11 29 239 1
29 11 239 1
12 62 664 1
62 12 664 1
94 107 417 1
107 94 417 1
38 110 451 1
110 38 451 1
87 112 968 1
112 87 968 1
1 59 541 1
59 1 541 1
44 47 404 1
47 44 404 1
7 18 581 1
18 7 581 1
12 33 709 1
33 12 709 1
76 82 520 1
82 76 520 1
46 49 541 1
49 46 541 1
21 109 565 1
109 21 565 1
37 39 117 1
39 37 117 1
56 58 427 1
58 56 427 1
30 64 1064 1
64 30 1064 1
43 55 485 1
55 43 485 1
47 96 412 1
96 47 412 1
3 19 382 1
19 3 382 1
9 83 411 1
83 9 411 1
93 100 653 1
100 93 653 1
102 113 317 1
113 102 317 1
8 24 258 1
24 8 258 1
18 59 713 1
59 18 713 1
21 97 595 1
97 21 595 1
27 85 894 1
85 27 894 1
43 111 293 1
111 43 293 1
0 59 847 1
59 0 847 1
36 38 122 1
38 36 122 1
60 63 1021 1
63 60 1021 1
34 94 438 1
94 34 438 1
37 40 562 1
40 37 562 1
39 87 370 1
87 39 370 1
28 44 945 1
44 28 945 1
30 62 878 1
62 30 878 1
3 82 903 1
82 3 903 1
4 93 1288 1
93 4 1288 1
5 39 639 1
39 5 639 1
3 83 681 1
83 3 681 1
72 79 733 1
79 72 733 1
27 97 789 1
97 27 789 1
38 107 545 1
107 38 545 1
97 115 218 1
115 97 218 1
5 83 447 1
83 5 447 1
2 89 1170 1
89 2 1170 1
95 107 258 1
107 95 258 1
12 63 1218 1
63 12 1218 1
91 99 166 1
99 91 166 1
27 37 597 1
37 27 597 1
93 94 560 1
94 93 560 1
66 106 937 1
106 66 937 1
39 114 488 1
114 39 488 1
50 52 243 1
52 50 243 1
92 113 313 1
113 92 313 1
29 62 1067 1
62 29 1067 1
48 111 498 1
111 48 498 1
0 58 565 1
58 0 565 1
93 113 317 1
113 93 317 1
5 18 901 1
18 5 901 1
32 33 149 1
33 32 149 1
82 109 693 1
109 82 693 1
17 28 894 1
28 17 894 1
47 49 380 1
49 47 380 1
73 74 458 1
74 73 458 1
22 27 524 1
27 22 524 1
31 64 1128 1
64 31 1128 1
32 80 590 1
80 32 590 1
6 92 1291 1
92 6 1291 1
17 81 182 1
81 17 182 1
39 82 719 1
82 39 719 1
62 78 287 1
78 62 287 1
102 115 318 1
115 102 318 1
22 25 402 1
25 22 402 1
37 75 239 1
75 37 239 1
9 82 826 1
82 9 826 1
107 109 392 1
109 107 392 1
9 14 725 1
14 9 725 1
5 9 157 1
9 5 157 1
12 30 419 1
30 12 419 1
39 115 411 1
115 39 411 1
58 68 392 1
68 58 392 1
104 106 195 1
106 104 195 1
3 27 634 1
27 3 634 1
13 31 424 1
31 13 424 1
31 62 966 1
62 31 966 1
13 64 1328 1
64 13 1328 1
63 79 303 1
79 63 303 1
5 8 493 1
8 5 493 1
28 78 272 1
78 28 272 1
62 103 1159 1
103 62 1159 1
6 101 1437 1
101 6 1437 1
9 21 431 1
21 9 431 1
46 98 212 1
98 46 212 1
16 105 923 1
105 16 923 1
21 93 922 1
93 21 922 1
22 92 1425 1
92 22 1425 1
29 31 454 1
31 29 454 1
77 95 322 1
95 77 322 1
91 98 616 1
98 91 616 1
10 33 638 1
33 10 638 1
14 83 858 1
83 14 858 1
23 26 522 1
26 23 522 1
40 82 231 1
82 40 231 1
47 51 339 1
51 47 339 1
88 92 521 1
92 88 521 1
91 113 366 1
113 91 366 1
18 69 392 1
69 18 392 1
45 46 448 1
46 45 448 1
77 107 536 1
107 77 536 1
36 83 816 1
83 36 816 1
7 21 555 1
21 7 555 1
52 87 1253 1
87 52 1253 1
18 66 623 1
66 18 623 1
92 100 157 1
100 92 157 1
93 103 173 1
103 93 173 1
5 75 500 1
75 5 500 1
43 51 245 1
51 43 245 1
15 26 469 1
26 15 469 1
20 37 510 1
37 20 510 1
23 92 1466 1
92 23 1466 1
38 97 469 1
97 38 469 1
75 76 374 1
76 75 374 1
20 40 225 1
40 20 225 1
22 67 1070 1
67 22 1070 1
28 32 528 1
32 28 528 1
35 94 438 1
94 35 438 1
14 27 449 1
27 14 449 1
27 88 863 1
88 27 863 1
46 96 270 1
96 46 270 1
86 110 816 1
110 86 816 1
4 92 1237 1
92 4 1237 1
6 93 1425 1
93 6 1425 1
72 80 384 1
80 72 384 1
1 80 1054 1
80 1 1054 1
3 22 347 1
22 3 347 1
9 92 1428 1
92 9 1428 1
12 17 1046 1
17 12 1046 1
30 74 403 1
74 30 403 1
35 114 586 1
114 35 586 1
4 20 334 1
20 4 334 1
12 49 1320 1
49 12 1320 1
65 92 1075 1
92 65 1075 1
48 62 640 1
62 48 640 1
7 82 962 1
82 7 962 1
20 82 329 1
82 20 329 1
55 111 434 1
111 55 434 1
60 65 898 1
65 60 898 1
5 7 538 1
7 5 538 1
17 48 1051 1
48 17 1051 1
21 24 413 1
24 21 413 1
54 110 373 1
110 54 373 1
55 110 380 1
110 55 380 1
15 29 295 1
29 15 295 1
38 94 246 1
94 38 246 1
27 83 450 1
83 27 450 1
32 72 471 1
72 32 471 1
40 81 874 1
81 40 874 1
46 52 244 1
52 46 244 1
67 85 682 1
85 67 682 1
82 87 849 1
87 82 849 1
29 48 1093 1
48 29 1093 1
107 114 333 1
114 107 333 1
13 29 290 1
29 13 290 1
29 63 531 1
63 29 531 1
33 107 867 1
107 33 867 1
38 96 284 1
96 38 284 1
69 113 1075 1
113 69 1075 1
7 100 1408 1
100 7 1408 1
35 67 262 1
67 35 262 1
42 98 381 1
98 42 381 1
56 79 965 1
79 56 965 1
68 81 913 1
81 68 913 1
87 97 649 1
97 87 649 1
13 62 1248 1
62 13 1248 1
19 81 772 1
81 19 772 1
50 67 562 1
67 50 562 1
57 80 1050 1
80 57 1050 1
63 78 1033 1
78 63 1033 1
67 110 507 1
110 67 507 1
4 39 755 1
39 4 755 1
44 51 440 1
51 44 440 1
47 53 268 1
53 47 268 1
54 98 204 1
98 54 204 1
1 58 829 1
58 1 829 1
3 23 271 1
23 3 271 1
21 23 542 1
23 21 542 1
21 108 562 1
108 21 562 1
36 75 517 1
75 36 517 1
38 55 598 1
55 38 598 1
39 112 619 1
112 39 619 1
23 77 719 1
77 23 719 1
24 83 669 1
83 24 669 1
29 33 510 1
33 29 510 1
40 41 506 1
41 40 506 1
73 75 84 1
75 73 84 1
102 103 508 1
103 102 508 1
3 6 559 1
6 3 559 1
14 76 580 1
76 14 580 1
25 29 556 1
29 25 556 1
31 72 482 1
72 31 482 1
38 71 546 1
71 38 546 1
49 72 1014 1
72 49 1014 1
75 87 423 1
87 75 423 1
76 95 396 1
95 76 396 1
87 89 476 1
89 87 476 1
23 67 1077 1
67 23 1077 1
27 109 761 1
109 27 761 1
43 53 293 1
53 43 293 1
1 81 501 1
81 1 501 1
7 102 1355 1
102 7 1355 1
30 72 390 1
72 30 390 1
57 78 938 1
78 57 938 1
59 87 1210 1
87 59 1210 1
10 79 992 1
79 10 992 1
35 45 385 1
45 35 385 1
35 110 305 1
110 35 305 1
44 72 894 1
72 44 894 1
66 107 978 1
107 66 978 1
70 73 402 1
73 70 402 1
84 88 224 1
88 84 224 1
4 100 1129 1
100 4 1129 1
7 27 597 1
27 7 597 1
14 82 179 1
82 14 179 1
62 72 566 1
72 62 566 1
14 28 286 1
28 14 286 1
16 103 1073 1
103 16 1073 1
28 49 1091 1
49 28 1091 1
91 103 258 1
103 91 258 1
99 102 560 1
102 99 560 1
2 6 165 1
6 2 165 1
17 63 324 1
63 17 324 1
25 26 225 1
26 25 225 1
32 64 603 1
64 32 603 1
100 113 356 1
113 100 356 1
15 92 1292 1
92 15 1292 1
2 35 833 1
35 2 833 1
25 64 1312 1
64 25 1312 1
41 106 653 1
106 41 653 1
8 83 868 1
83 8 868 1
17 49 813 1
49 17 813 1
2 66 917 1
66 2 917 1
4 82 403 1
82 4 403 1
26 39 604 1
39 26 604 1
27 94 748 1
94 27 748 1
48 63 912 1
63 48 912 1
49 53 406 1
53 49 406 1
50 96 527 1
96 50 527 1
51 55 568 1
55 51 568 1
2 67 952 1
67 2 952 1
2 109 940 1
109 2 940 1
23 108 1031 1
108 23 1031 1
62 74 590 1
74 62 590 1
11 63 488 1
63 11 488 1
64 65 897 1
65 64 897 1
4 102 1078 1
102 4 1078 1
39 70 540 1
70 39 540 1
76 83 717 1
83 76 717 1
3 90 1350 1
90 3 1350 1
11 30 584 1
30 11 584 1
29 64 1119 1
64 29 1119 1
51 111 516 1
111 51 516 1
97 114 263 1
114 97 263 1
98 112 277 1
112 98 277 1
2 93 1417 1
93 2 1417 1
40 75 477 1
75 40 477 1
75 77 210 1
77 75 210 1
76 108 370 1
108 76 370 1
86 87 805 1
87 86 805 1
90 92 135 1
92 90 135 1
8 113 1216 1
113 8 1216 1
10 74 381 1
74 10 381 1
19 80 851 1
80 19 851 1
33 64 737 1
64 33 737 1
11 28 875 1
28 11 875 1
50 51 698 1
51 50 698 1
64 92 764 1
92 64 764 1
27 115 829 1
115 27 829 1
32 63 656 1
63 32 656 1
37 95 241 1
95 37 241 1
54 89 853 1
89 54 853 1
3 92 1420 1
92 3 1420 1
3 109 922 1
109 3 922 1
19 59 618 1
59 19 618 1
38 105 521 1
105 38 521 1
51 98 763 1
98 51 763 1
77 82 682 1
82 77 682 1
3 89 961 1
89 3 961 1
9 29 484 1
29 9 484 1
14 114 959 1
114 14 959 1
44 55 743 1
55 44 743 1
49 99 587 1
99 49 587 1
74 75 389 1
75 74 389 1
10 62 483 1
62 10 483 1
17 60 1082 1
60 17 1082 1
67 88 939 1
88 67 939 1
5 113 1156 1
113 5 1156 1
13 92 1402 1
92 13 1402 1
26 115 841 1
115 26 841 1
15 25 386 1
25 15 386 1
56 78 391 1
78 56 391 1
72 74 76 1
74 72 76 1
15 100 1225 1
100 15 1225 1
65 100 1146 1
100 65 1146 1
87 96 843 1
96 87 843 1
99 101 266 1
101 99 266 1
0 66 594 1
66 0 594 1
5 24 252 1
24 5 252 1
36 41 570 1
41 36 570 1
56 105 1117 1
105 56 1117 1
10 54 681 1
54 10 681 1
37 82 780 1
82 37 780 1
83 109 722 1
109 83 722 1
13 65 935 1
65 13 935 1
22 84 1027 1
84 22 1027 1
24 27 252 1
27 24 252 1
61 89 738 1
89 61 738 1
101 113 350 1
113 101 350 1
0 107 1161 1
107 0 1161 1
40 95 491 1
95 40 491 1
42 53 475 1
53 42 475 1
64 74 751 1
74 64 751 1
69 81 801 1
81 69 801 1
87 95 598 1
95 87 598 1
101 106 633 1
106 101 633 1
9 93 1250 1
93 9 1250 1
15 82 832 1
82 15 832 1
21 37 403 1
37 21 403 1
86 96 642 1
96 86 642 1
94 95 213 1
95 94 213 1
5 40 642 1
40 5 642 1
68 80 778 1
80 68 778 1
76 109 320 1
109 76 320 1
86 98 757 1
98 86 757 1
8 114 1127 1
114 8 1127 1
17 111 850 1
111 17 850 1
26 41 487 1
41 26 487 1
45 51 254 1
51 45 254 1
49 62 929 1
62 49 929 1
55 99 216 1
99 55 216 1
56 81 1090 1
81 56 1090 1
0 18 364 1
18 0 364 1
15 61 998 1
61 15 998 1
17 44 951 1
44 17 951 1
17 78 955 1
78 17 955 1
40 112 757 1
112 40 757 1
48 60 501 1
60 48 501 1
50 53 744 1
53 50 744 1
32 74 456 1
74 32 456 1
45 72 948 1
72 45 948 1
21 25 360 1
25 21 360 1
40 76 327 1
76 40 327 1
90 94 414 1
94 90 414 1
23 97 1057 1
97 23 1057 1
26 93 1144 1
93 26 1144 1
39 107 280 1
107 39 280 1
80 83 1100 1
83 80 1100 1
82 115 739 1
115 82 739 1
3 21 582 1
21 3 582 1
30 63 932 1
63 30 932 1
93 107 357 1
107 93 357 1
5 84 1110 1
84 5 1110 1
10 64 755 1
64 10 755 1
25 27 193 1
27 25 193 1
40 53 1023 1
53 40 1023 1
60 79 1000 1
79 60 1000 1
0 14 728 1
14 0 728 1
5 109 897 1
109 5 897 1
7 88 1209 1
88 7 1209 1
9 100 1346 1
100 9 1346 1
18 90 1192 1
90 18 1192 1
32 78 484 1
78 32 484 1
65 77 615 1
77 65 615 1
87 98 1003 1
98 87 1003 1
3 113 1250 1
113 3 1250 1
20 71 311 1
71 20 311 1
37 83 399 1
83 37 399 1
63 64 1058 1
64 63 1058 1
65 88 1179 1
88 65 1179 1
86 104 694 1
104 86 694 1
101 104 464 1
104 101 464 1
8 27 425 1
27 8 425 1
58 87 1355 1
87 58 1355 1
16 62 313 1
62 16 313 1
17 45 840 1
45 17 840 1
23 25 373 1
25 23 373 1
44 98 563 1
98 44 563 1
51 59 486 1
59 51 486 1
63 80 1146 1
80 63 1146 1
67 84 830 1
84 67 830 1
67 114 792 1
114 67 792 1
53 111 406 1
111 53 406 1
56 60 232 1
60 56 232 1
81 111 760 1
111 81 760 1
97 106 471 1
106 97 471 1
9 113 1235 1
113 9 1235 1
14 84 681 1
84 14 681 1
46 48 368 1
48 46 368 1
63 81 293 1
81 63 293 1
102 114 295 1
114 102 295 1
3 88 1145 1
88 3 1145 1
39 41 161 1
41 39 161 1
58 61 717 1
61 58 717 1
86 105 797 1
105 86 797 1
90 102 246 1
102 90 246 1
91 92 669 1
92 91 669 1
11 60 1139 1
60 11 1139 1
32 79 600 1
79 32 600 1
59 96 904 1
96 59 904 1
75 112 790 1
112 75 790 1
21 114 752 1
114 21 752 1
28 79 847 1
79 28 847 1
4 94 850 1
94 4 850 1
5 95 829 1
95 5 829 1
13 15 277 1
15 13 277 1
15 77 606 1
77 15 606 1
33 65 634 1
65 33 634 1
37 77 246 1
77 37 246 1
45 47 345 1
47 45 345 1
82 94 609 1
94 82 609 1
83 115 786 1
115 83 786 1
98 111 265 1
111 98 265 1
9 65 1235 1
65 9 1235 1
101 115 407 1
115 101 407 1
0 109 816 1
109 0 816 1
8 21 536 1
21 8 536 1
17 80 1070 1
80 17 1070 1
23 85 1053 1
85 23 1053 1
31 74 479 1
74 31 479 1
56 61 920 1
61 56 920 1
100 103 576 1
103 100 576 1
11 15 385 1
15 11 385 1
12 74 431 1
74 12 431 1
70 112 906 1
112 70 906 1
77 97 366 1
97 77 366 1
80 111 747 1
111 80 747 1
10 16 218 1
16 10 218 1
28 45 1018 1
45 28 1018 1
39 83 378 1
83 39 378 1
4 37 812 1
37 4 812 1
26 40 419 1
40 26 419 1
5 76 752 1
76 5 752 1
6 9 834 1
9 6 834 1
8 93 1382 1
93 8 1382 1
49 55 664 1
55 49 664 1
57 79 431 1
79 57 431 1
69 80 866 1
80 69 866 1
73 81 406 1
81 73 406 1
83 108 716 1
108 83 716 1
95 115 205 1
115 95 205 1
20 83 565 1
83 20 565 1
36 57 914 1
57 36 914 1
36 82 401 1
82 36 401 1
51 96 733 1
96 51 733 1
52 86 965 1
86 52 965 1
55 97 173 1
97 55 173 1
72 78 300 1
78 72 300 1
3 4 707 1
4 3 707 1
8 72 485 1
72 8 485 1
39 93 576 1
93 39 576 1
58 73 998 1
73 58 998 1
24 92 1330 1
92 24 1330 1
28 40 248 1
40 28 248 1
113 115 188 1
115 113 188 1
1 36 918 1
36 1 918 1
2 34 808 1
34 2 808 1
4 114 1058 1
114 4 1058 1
26 109 775 1
109 26 775 1
93 109 510 1
109 93 510 1
15 89 653 1
89 15 653 1
71 87 510 1
87 71 510 1
5 115 972 1
115 5 972 1
21 83 382 1
83 21 382 1
22 35 922 1
35 22 922 1
39 95 233 1
95 39 233 1
89 113 633 1
113 89 633 1
4 40 486 1
40 4 486 1
5 87 460 1
87 5 460 1
10 29 893 1
29 10 893 1
11 48 1197 1
48 11 1197 1
16 28 220 1
28 16 220 1
22 86 800 1
86 22 800 1
52 98 272 1
98 52 272 1
101 114 359 1
114 101 359 1
10 28 213 1
28 10 213 1
14 57 1154 1
57 14 1154 1
16 72 287 1
72 16 287 1
29 100 1082 1
100 29 1082 1
36 87 808 1
87 36 808 1
8 92 1269 1
92 8 1269 1
10 98 865 1
98 10 865 1
12 79 1029 1
79 12 1029 1
17 29 223 1
29 17 223 1
105 110 411 1
110 105 411 1
9 40 778 1
40 9 778 1
9 112 1293 1
112 9 1293 1
19 66 600 1
66 19 600 1
20 41 386 1
41 20 386 1
26 94 743 1
94 26 743 1
5 25 129 1
25 5 129 1
7 108 971 1
108 7 971 1
9 95 899 1
95 9 899 1
27 76 622 1
76 27 622 1
58 60 266 1
60 58 266 1
20 39 459 1
39 20 459 1
27 67 1105 1
67 27 1105 1
36 39 517 1
39 36 517 1
46 97 424 1
97 46 424 1
52 58 705 1
58 52 705 1
57 69 378 1
69 57 378 1
78 79 878 1
79 78 878 1
6 77 737 1
77 6 737 1
24 82 536 1
82 24 536 1
39 101 561 1
101 39 561 1
58 96 780 1
96 58 780 1
4 90 1167 1
90 4 1167 1
11 31 475 1
31 11 475 1
14 94 734 1
94 14 734 1
27 38 594 1
38 27 594 1
34 67 275 1
67 34 275 1
58 75 949 1
75 58 949 1
90 100 182 1
100 90 182 1
20 70 213 1
70 20 213 1
18 109 857 1
109 18 857 1
26 102 984 1
102 26 984 1
27 87 439 1
87 27 439 1
28 111 842 1
111 28 842 1
53 86 1248 1
86 53 1248 1
56 59 788 1
59 56 788 1
28 36 321 1
36 28 321 1
3 26 678 1
26 3 678 1
7 112 1259 1
112 7 1259 1
17 32 646 1
32 17 646 1
19 36 821 1
36 19 821 1
46 99 446 1
99 46 446 1
62 91 1158 1
91 62 1158 1
4 95 869 1
95 4 869 1
8 100 1159 1
100 8 1159 1
90 91 735 1
91 90 735 1
5 38 756 1
38 5 756 1
5 93 1207 1
93 5 1207 1
14 41 702 1
41 14 702 1
25 92 1338 1
92 25 1338 1
62 81 1169 1
81 62 1169 1
70 101 1040 1
101 70 1040 1
90 99 615 1
99 90 615 1
103 106 532 1
106 103 532 1
7 113 1243 1
113 7 1243 1
21 38 458 1
38 21 458 1
24 31 318 1
31 24 318 1
27 114 923 1
114 27 923 1
32 44 667 1
44 32 667 1
37 76 441 1
76 37 441 1
66 68 378 1
68 66 378 1
99 113 264 1
113 99 264 1
112 113 116 1
113 112 116 1
13 33 629 1
33 13 629 1
40 52 792 1
52 40 792 1
3 102 1340 1
102 3 1340 1
7 109 932 1
109 7 932 1
12 44 1177 1
44 12 1177 1
18 40 807 1
40 18 807 1
60 62 241 1
62 60 241 1
76 97 459 1
97 76 459 1
83 97 654 1
97 83 654 1
2 59 1058 1
59 2 1058 1
12 32 661 1
32 12 661 1
51 58 753 1
58 51 753 1
64 88 675 1
88 64 675 1
28 30 436 1
30 28 436 1
54 87 939 1
87 54 939 1
87 108 698 1
108 87 698 1
102 109 475 1
109 102 475 1
5 94 896 1
94 5 896 1
7 22 454 1
22 7 454 1
8 29 833 1
29 8 833 1
10 49 1190 1
49 10 1190 1
14 85 1160 1
85 14 1160 1
25 88 998 1
88 25 998 1
43 48 391 1
48 43 391 1
58 71 951 1
71 58 951 1
66 109 621 1
109 66 621 1
16 32 504 1
32 16 504 1
82 84 544 1
84 82 544 1
5 23 453 1
23 5 453 1
23 95 987 1
95 23 987 1
34 107 734 1
107 34 734 1
41 72 550 1
72 41 550 1
52 96 418 1
96 52 418 1
94 106 271 1
106 94 271 1
13 74 757 1
74 13 757 1
47 110 210 1
110 47 210 1
0 61 943 1
61 0 943 1
6 99 1231 1
99 6 1231 1
16 63 1092 1
63 16 1092 1
32 49 731 1
49 32 731 1
41 95 382 1
95 41 382 1
47 52 540 1
52 47 540 1
48 53 654 1
53 48 654 1
48 71 1030 1
71 48 1030 1
50 86 1077 1
86 50 1077 1
77 108 373 1
108 77 373 1
91 104 542 1
104 91 542 1
4 115 964 1
115 4 964 1
5 88 1026 1
88 5 1026 1
5 108 888 1
108 5 888 1
14 36 526 1
36 14 526 1
16 74 335 1
74 16 335 1
27 40 481 1
40 27 481 1
34 70 564 1
70 34 564 1
7 83 551 1
83 7 551 1
38 75 499 1
75 38 499 1
54 58 818 1
58 54 818 1
60 74 699 1
74 60 699 1
63 72 944 1
72 63 944 1
15 113 1069 1
113 15 1069 1
38 54 263 1
54 38 263 1
52 59 956 1
59 52 956 1
62 79 1049 1
79 62 1049 1
66 110 549 1
110 66 549 1
82 88 444 1
88 82 444 1
93 115 401 1
115 93 401 1
22 24 386 1
24 22 386 1
58 106 1039 1
106 58 1039 1
2 102 1269 1
102 2 1269 1
3 40 822 1
40 3 822 1
14 108 790 1
108 14 790 1
24 86 569 1
86 24 569 1
41 107 419 1
107 41 419 1
43 50 494 1
50 43 494 1
61 107 939 1
107 61 939 1
10 17 1029 1
17 10 1029 1
13 17 364 1
17 13 364 1
27 66 1140 1
66 27 1140 1
51 71 950 1
71 51 950 1
90 113 376 1
113 90 376 1
49 91 630 1
91 49 630 1
9 20 557 1
20 9 557 1
16 36 349 1
36 16 349 1
4 7 733 1
7 4 733 1
7 25 539 1
25 7 539 1
10 30 501 1
30 10 501 1
23 114 1244 1
114 23 1244 1
25 40 618 1
40 25 618 1
40 46 685 1
46 40 685 1
49 78 930 1
78 49 930 1
56 73 886 1
73 56 886 1
91 105 371 1
105 91 371 1
91 112 368 1
112 91 368 1
104 107 401 1
107 104 401 1
20 36 396 1
36 20 396 1
22 114 1232 1
114 22 1232 1
27 89 807 1
89 27 807 1
78 111 693 1
111 78 693 1
114 115 96 1
115 114 96 1
3 112 1257 1
112 3 1257 1
17 65 592 1
65 17 592 1
24 85 1108 1
85 24 1108 1
44 53 562 1
53 44 562 1
21 107 601 1
107 21 601 1
22 34 922 1
34 22 922 1
37 87 433 1
87 37 433 1
39 106 557 1
106 39 557 1
44 99 632 1
99 44 632 1
50 54 543 1
54 50 543 1
54 106 240 1
106 54 240 1
76 107 636 1
107 76 636 1
5 14 572 1
14 5 572 1
18 27 862 1
27 18 862 1
39 99 432 1
99 39 432 1
99 115 285 1
115 99 285 1
3 93 1309 1
93 3 1309 1
8 20 420 1
20 8 420 1
9 89 869 1
89 9 869 1
10 78 335 1
78 10 335 1
33 61 545 1
61 33 545 1
33 74 480 1
74 33 480 1
48 50 202 1
50 48 202 1
74 104 675 1
104 74 675 1
1 66 683 1
66 1 683 1
18 102 1258 1
102 18 1258 1
21 115 657 1
115 21 657 1
93 104 478 1
104 93 478 1
21 102 871 1
102 21 871 1
29 65 759 1
65 29 759 1
74 103 864 1
103 74 864 1
93 106 650 1
106 93 650 1
95 106 414 1
106 95 414 1
7 61 813 1
61 7 813 1
18 112 1158 1
112 18 1158 1
21 41 236 1
41 21 236 1
28 76 345 1
76 28 345 1
56 104 1033 1
104 56 1033 1
69 90 1119 1
90 69 1119 1
36 95 408 1
95 36 408 1
48 105 862 1
105 48 862 1
64 89 1175 1
89 64 1175 1
66 97 717 1
97 66 717 1
1 97 819 1
97 1 819 1
2 20 581 1
20 2 581 1
4 41 642 1
41 4 642 1
28 42 898 1
42 28 898 1
29 79 257 1
79 29 257 1
48 52 415 1
52 48 415 1
50 85 1013 1
85 50 1013 1
61 71 775 1
71 61 775 1
79 80 991 1
80 79 991 1
2 82 688 1
82 2 688 1
60 89 1195 1
89 60 1195 1
63 74 885 1
74 63 885 1
64 103 1097 1
103 64 1097 1
66 84 731 1
84 66 731 1
88 107 781 1
107 88 781 1
12 78 490 1
78 12 490 1
37 112 610 1
112 37 610 1
47 54 568 1
54 47 568 1
56 103 1239 1
103 56 1239 1
9 27 309 1
27 9 309 1
11 14 937 1
14 11 937 1
14 97 909 1
97 14 909 1
23 24 403 1
24 23 403 1
44 81 890 1
81 44 890 1
64 100 818 1
100 64 818 1
92 101 634 1
101 92 634 1
8 31 485 1
31 8 485 1
14 19 916 1
19 14 916 1
25 113 1193 1
113 25 1193 1
36 112 594 1
112 36 594 1
77 109 318 1
109 77 318 1
21 92 1010 1
92 21 1010 1
0 84 624 1
84 0 624 1
5 85 946 1
85 5 946 1
7 26 675 1
26 7 675 1
83 90 1178 1
90 83 1178 1
5 22 506 1
22 5 506 1
6 18 473 1
18 6 473 1
7 93 1261 1
93 7 1261 1
10 63 1159 1
63 10 1159 1
16 91 1117 1
91 16 1117 1
30 32 574 1
32 30 574 1
52 75 976 1
75 52 976 1
55 112 466 1
112 55 466 1
73 103 803 1
103 73 803 1
74 105 731 1
105 74 731 1
84 114 684 1
114 84 684 1
28 33 585 1
33 28 585 1
53 112 421 1
112 53 421 1
82 89 1043 1
89 82 1043 1
0 94 819 1
94 0 819 1
1 14 1077 1
14 1 1077 1
5 97 910 1
97 5 910 1
24 93 1326 1
93 24 1326 1
2 92 1350 1
92 2 1350 1
3 108 970 1
108 3 970 1
22 82 706 1
82 22 706 1
39 109 356 1
109 39 356 1
95 102 514 1
102 95 514 1
3 25 566 1
25 3 566 1
23 109 1001 1
109 23 1001 1
106 108 322 1
108 106 322 1
0 76 525 1
76 0 525 1
8 76 729 1
76 8 729 1
36 68 821 1
68 36 821 1
70 77 376 1
77 70 376 1
71 77 297 1
77 71 297 1
14 113 1044 1
113 14 1044 1
34 109 367 1
109 34 367 1
48 99 711 1
99 48 711 1
54 71 757 1
71 54 757 1
70 111 827 1
111 70 827 1
10 44 1024 1
44 10 1024 1
24 30 283 1
30 24 283 1
27 93 1095 1
93 27 1095 1
57 59 382 1
59 57 382 1
67 94 677 1
94 67 677 1
74 76 203 1
76 74 203 1
94 101 576 1
101 94 576 1
10 32 558 1
32 10 558 1
14 21 487 1
21 14 487 1
46 71 860 1
71 46 860 1
54 88 224 1
88 54 224 1
55 87 559 1
87 55 559 1
64 91 1046 1
91 64 1046 1
83 94 771 1
94 83 771 1
84 110 598 1
110 84 598 1
87 107 525 1
107 87 525 1
0 69 556 1
69 0 556 1
13 78 1046 1
78 13 1046 1
16 33 609 1
33 16 609 1
34 84 580 1
84 34 580 1
39 108 341 1
108 39 341 1
48 91 808 1
91 48 808 1
67 106 941 1
106 67 941 1
2 100 1297 1
100 2 1297 1
8 40 521 1
40 8 521 1
9 39 688 1
39 9 688 1
24 64 1287 1
64 24 1287 1
39 55 254 1
55 39 254 1
8 37 922 1
37 8 922 1
19 75 628 1
75 19 628 1
22 93 1426 1
93 22 1426 1
45 55 662 1
55 45 662 1
53 70 1067 1
70 53 1067 1
71 106 782 1
106 71 782 1
74 98 633 1
98 74 633 1
92 102 211 1
102 92 211 1
106 110 467 1
110 106 467 1
2 112 1277 1
112 2 1277 1
16 68 706 1
68 16 706 1
21 87 397 1
87 21 397 1
26 97 829 1
97 26 829 1
29 60 1067 1
60 29 1067 1
59 67 245 1
67 59 245 1
96 104 297 1
104 96 297 1
26 37 668 1
37 26 668 1
26 92 1145 1
92 26 1145 1
33 77 332 1
77 33 332 1
38 112 604 1
112 38 604 1
41 76 493 1
76 41 493 1
48 70 972 1
70 48 972 1
61 63 238 1
63 61 238 1
62 80 268 1
80 62 268 1
83 102 1059 1
102 83 1059 1
91 102 669 1
102 91 669 1
111 112 111 1
112 111 111 1
8 94 907 1
94 8 907 1
18 113 1181 1
113 18 1181 1
20 109 557 1
109 20 557 1
31 92 1282 1
92 31 1282 1
47 48 490 1
48 47 490 1
49 71 957 1
71 49 957 1
70 114 802 1
114 70 802 1
77 83 539 1
83 77 539 1
84 97 749 1
97 84 749 1
3 94 975 1
94 3 975 1
6 112 1257 1
112 6 1257 1
7 90 1390 1
90 7 1390 1
11 62 1169 1
62 11 1169 1
31 32 596 1
32 31 596 1
48 58 400 1
58 48 400 1
59 105 1100 1
105 59 1100 1
62 98 668 1
98 62 668 1
0 106 981 1
106 0 981 1
6 113 1243 1
113 6 1243 1
6 115 1087 1
115 6 1087 1
7 77 619 1
77 7 619 1
16 104 808 1
104 16 808 1
21 22 558 1
22 21 558 1
48 79 933 1
79 48 933 1
49 81 721 1
81 49 721 1
87 106 830 1
106 87 830 1
101 112 405 1
112 101 405 1
5 89 870 1
89 5 870 1
9 77 753 1
77 9 753 1
13 61 843 1
61 13 843 1
49 52 718 1
52 49 718 1
51 99 497 1
99 51 497 1
61 90 1156 1
90 61 1156 1
64 67 549 1
67 64 549 1
20 24 393 1
24 20 393 1
39 102 700 1
102 39 700 1
49 70 1008 1
70 49 1008 1
53 87 998 1
87 53 998 1
64 72 754 1
72 64 754 1
74 78 322 1
78 74 322 1
4 101 1261 1
101 4 1261 1
13 48 1332 1
48 13 1332 1
23 65 1169 1
65 23 1169 1
23 93 1407 1
93 23 1407 1
27 107 753 1
107 27 753 1
42 52 325 1
52 42 325 1
66 94 692 1
94 66 692 1
83 87 158 1
87 83 158 1
5 112 1217 1
112 5 1217 1
21 55 604 1
55 21 604 1
27 75 419 1
75 27 419 1
36 97 483 1
97 36 483 1
46 112 262 1
112 46 262 1
54 86 568 1
86 54 568 1
26 113 1029 1
113 26 1029 1
48 103 924 1
103 48 924 1
57 73 601 1
73 57 601 1
66 85 836 1
85 66 836 1
70 103 965 1
103 70 965 1
74 79 666 1
79 74 666 1
4 108 880 1
108 4 880 1
12 45 1250 1
45 12 1250 1
14 23 650 1
23 14 650 1
44 62 682 1
62 44 682 1
67 93 875 1
93 67 875 1
9 76 849 1
76 9 849 1
11 51 955 1
51 11 955 1
29 32 631 1
32 29 631 1
34 88 672 1
88 34 672 1
40 72 200 1
72 40 200 1
52 110 456 1
110 52 456 1
53 55 448 1
55 53 448 1
57 58 735 1
58 57 735 1
67 107 894 1
107 67 894 1
90 93 690 1
93 90 690 1
102 108 413 1
108 102 413 1
27 77 594 1
77 27 594 1
28 43 949 1
43 28 949 1
31 86 707 1
86 31 707 1
38 95 382 1
95 38 382 1
70 99 848 1
99 70 848 1
79 105 747 1
105 79 747 1
96 108 167 1
108 96 167 1
14 20 320 1
20 14 320 1
14 72 328 1
72 14 328 1
54 56 722 1
56 54 722 1
91 100 719 1
100 91 719 1
28 31 545 1
31 28 545 1
37 110 431 1
110 37 431 1
41 75 187 1
75 41 187 1
41 79 379 1
79 41 379 1
56 80 431 1
80 56 431 1
58 105 1107 1
105 58 1107 1
66 115 807 1
115 66 807 1
78 113 766 1
113 78 766 1
1 75 562 1
75 1 562 1
23 84 1113 1
84 23 1113 1
1 109 814 1
109 1 814 1
22 64 1169 1
64 22 1169 1
25 86 638 1
86 25 638 1
28 83 861 1
83 28 861 1
33 106 906 1
106 33 906 1
36 76 232 1
76 36 232 1
45 53 435 1
53 45 435 1
14 68 1034 1
68 14 1034 1
25 72 583 1
72 25 583 1
28 48 960 1
48 28 960 1
29 91 799 1
91 29 799 1
46 87 1047 1
87 46 1047 1
55 108 332 1
108 55 332 1
106 109 391 1
109 106 391 1
1 78 939 1
78 1 939 1
7 9 490 1
9 7 490 1
8 39 869 1
39 8 869 1
9 101 1217 1
101 9 1217 1
13 72 796 1
72 13 796 1
34 93 788 1
93 34 788 1
34 97 481 1
97 34 481 1
35 66 331 1
66 35 331 1
50 55 863 1
55 50 863 1
50 84 554 1
84 50 554 1
55 95 221 1
95 55 221 1
79 106 876 1
106 79 876 1
82 107 847 1
107 82 847 1
100 115 381 1
115 100 381 1
6 15 884 1
15 6 884 1
12 98 986 1
98 12 986 1
18 73 675 1
73 18 675 1
19 90 1212 1
90 19 1212 1
20 73 397 1
73 20 397 1
21 90 964 1
90 21 964 1
35 44 409 1
44 35 409 1
36 84 341 1
84 36 341 1
83 85 549 1
85 83 549 1
88 113 635 1
113 88 635 1
5 59 1317 1
59 5 1317 1
6 65 1218 1
65 6 1218 1
12 16 384 1
16 12 384 1
25 85 1018 1
85 25 1018 1
77 87 602 1
87 77 602 1
78 91 1010 1
91 78 1010 1
86 88 460 1
88 86 460 1
1 16 963 1
16 1 963 1
5 36 815 1
36 5 815 1
9 99 1119 1
99 9 1119 1
9 102 1277 1
102 9 1277 1
13 100 1359 1
100 13 1359 1
15 60 1288 1
60 15 1288 1
15 91 1009 1
91 15 1009 1
16 60 498 1
60 16 498 1
23 35 930 1
35 23 930 1
40 111 707 1
111 40 707 1
66 96 666 1
96 66 666 1
68 78 695 1
78 68 695 1
87 94 753 1
94 87 753 1
3 9 596 1
9 3 596 1
3 100 1385 1
100 3 1385 1
6 64 941 1
64 6 941 1
14 95 814 1
95 14 814 1
42 71 934 1
71 42 934 1
51 87 1076 1
87 51 1076 1
59 69 338 1
69 59 338 1
84 86 610 1
86 84 610 1
10 104 970 1
104 10 970 1
21 88 754 1
88 21 754 1
34 66 268 1
66 34 268 1
48 64 369 1
64 48 369 1
48 72 921 1
72 48 921 1
52 112 417 1
112 52 417 1
79 104 860 1
104 79 860 1
0 73 829 1
73 0 829 1
3 35 775 1
35 3 775 1
7 95 897 1
95 7 897 1
11 17 224 1
17 11 224 1
16 73 769 1
73 16 769 1
21 71 214 1
71 21 214 1
25 83 553 1
83 25 553 1
73 105 753 1
105 73 753 1
94 102 378 1
102 94 378 1
5 66 1239 1
66 5 1239 1
27 102 1008 1
102 27 1008 1
36 111 534 1
111 36 534 1
59 109 798 1
109 59 798 1
66 87 1186 1
87 66 1186 1
68 73 821 1
73 68 821 1
70 90 900 1
90 70 900 1
85 86 1120 1
86 85 1120 1
96 97 322 1
97 96 322 1
2 26 618 1
26 2 618 1
8 82 379 1
82 8 379 1
14 93 1238 1
93 14 1238 1
18 83 953 1
83 18 953 1
25 62 1130 1
62 25 1130 1
46 77 585 1
77 46 585 1
48 78 724 1
78 48 724 1
57 97 767 1
97 57 767 1
85 110 584 1
110 85 584 1
95 112 395 1
112 95 395 1
6 12 248 1
12 6 248 1
39 71 417 1
71 39 417 1
61 75 723 1
75 61 723 1
71 98 866 1
98 71 866 1
98 104 286 1
104 98 286 1
109 114 278 1
114 109 278 1
7 99 1088 1
99 7 1088 1
15 28 819 1
28 15 819 1
15 76 747 1
76 15 747 1
17 77 417 1
77 17 417 1
19 73 625 1
73 19 625 1
21 112 894 1
112 21 894 1
62 86 828 1
86 62 828 1
65 107 863 1
107 65 863 1
2 25 585 1
25 2 585 1
5 19 902 1
19 5 902 1
17 100 1170 1
100 17 1170 1
18 20 736 1
20 18 736 1
18 34 602 1
34 18 602 1
21 34 706 1
34 21 706 1
35 107 663 1
107 35 663 1
47 50 544 1
50 47 544 1
0 114 1065 1
114 0 1065 1
1 73 531 1
73 1 531 1
11 83 383 1
83 11 383 1
35 88 741 1
88 35 741 1
40 51 1061 1
51 40 1061 1
47 86 1016 1
86 47 1016 1
57 61 216 1
61 57 216 1
59 75 858 1
75 59 858 1
68 75 797 1
75 68 797 1
82 114 823 1
114 82 823 1
9 11 523 1
11 9 523 1
12 72 358 1
72 12 358 1
27 113 1016 1
113 27 1016 1
19 56 574 1
56 19 574 1
21 35 666 1
35 21 666 1
21 40 380 1
40 21 380 1
23 76 746 1
76 23 746 1
23 87 803 1
87 23 803 1
31 114 1052 1
114 31 1052 1
33 41 611 1
41 33 611 1
59 71 893 1
71 59 893 1
61 77 605 1
77 61 605 1
71 75 163 1
75 71 163 1
82 93 1124 1
93 82 1124 1
2 97 1046 1
97 2 1046 1
