116 2668
5 26 263 1
26 5 263 1
44 45 194 1
45 44 194 1
80 81 1113 1
81 80 1113 1
4 5 350 1
5 4 350 1
4 26 161 1
26 4 161 1
42 43 239 1
43 42 239 1
8 9 638 1
9 8 638 1
5 24 252 1
24 5 252 1
4 8 148 1
8 4 148 1
24 27 252 1
27 24 252 1
24 26 201 1
26 24 201 1
42 46 173 1
46 42 173 1
4 24 144 1
24 4 144 1
4 9 500 1
9 4 500 1
26 27 135 1
27 26 135 1
95 109 146 1
109 95 146 1
5 27 165 1
27 5 165 1
44 49 304 1
49 44 304 1
5 15 278 1
15 5 278 1
56 57 840 1
57 56 840 1
78 81 1002 1
81 78 1002 1
95 97 97 1
97 95 97 1
18 19 147 1
19 18 147 1
24 25 135 1
25 24 135 1
4 15 597 1
15 4 597 1
49 51 172 1
51 49 172 1
20 24 393 1
24 20 393 1
4 20 334 1
20 4 334 1
94 97 266 1
97 94 266 1
9 24 385 1
24 9 385 1
84 85 1130 1
85 84 1130 1
15 26 469 1
26 15 469 1
22 23 140 1
23 22 140 1
5 20 424 1
20 5 424 1
78 80 116 1
80 78 116 1
5 9 157 1
9 5 157 1
15 20 521 1
20 15 521 1
48 50 202 1
50 48 202 1
43 46 341 1
46 43 341 1
25 27 193 1
27 25 193 1
45 49 111 1
49 45 111 1
20 26 232 1
26 20 232 1
4 14 255 1
14 4 255 1
73 75 84 1
75 73 84 1
97 109 174 1
109 97 174 1
16 81 1063 1
81 16 1063 1
42 44 208 1
44 42 208 1
59 66 363 1
66 59 363 1
16 80 152 1
80 16 152 1
28 72 116 1
72 28 116 1
5 21 332 1
21 5 332 1
14 82 179 1
82 14 179 1
16 78 122 1
78 16 122 1
9 20 557 1
20 9 557 1
23 85 1053 1
85 23 1053 1
42 49 396 1
49 42 396 1
8 24 258 1
24 8 258 1
9 15 219 1
15 9 219 1
8 26 300 1
26 8 300 1
9 26 419 1
26 9 419 1
23 84 1113 1
84 23 1113 1
5 8 493 1
8 5 493 1
44 48 114 1
48 44 114 1
62 63 1134 1
63 62 1134 1
15 24 514 1
24 15 514 1
114 115 96 1
115 114 96 1
48 49 410 1
49 48 410 1
23 31 199 1
31 23 199 1
79 81 136 1
81 79 136 1
8 20 420 1
20 8 420 1
4 27 279 1
27 4 279 1
21 27 209 1
27 21 209 1
48 51 548 1
51 48 548 1
57 81 488 1
81 57 488 1
105 106 359 1
106 105 359 1
28 80 329 1
80 28 329 1
97 115 218 1
115 97 218 1
43 49 240 1
49 43 240 1
41 75 187 1
75 41 187 1
59 61 271 1
61 59 271 1
104 105 204 1
105 104 204 1
94 115 181 1
115 94 181 1
51 52 786 1
52 51 786 1
43 44 290 1
44 43 290 1
28 29 741 1
29 28 741 1
44 46 353 1
46 44 353 1
98 99 479 1
99 98 479 1
30 31 127 1
31 30 127 1
36 72 276 1
72 36 276 1
46 47 309 1
47 46 309 1
54 89 853 1
89 54 853 1
58 59 496 1
59 58 496 1
9 73 497 1
73 9 497 1
20 27 271 1
27 20 271 1
42 47 281 1
47 42 281 1
21 24 413 1
24 21 413 1
91 93 118 1
93 91 118 1
43 47 146 1
47 43 146 1
42 45 300 1
45 42 300 1
44 47 404 1
47 44 404 1
63 81 293 1
81 63 293 1
45 47 345 1
47 45 345 1
5 14 572 1
14 5 572 1
0 1 800 1
1 0 800 1
16 56 380 1
56 16 380 1
56 81 1090 1
81 56 1090 1
60 61 893 1
61 60 893 1
8 14 205 1
14 8 205 1
2 6 165 1
6 2 165 1
25 26 225 1
26 25 225 1
99 111 265 1
111 99 265 1
5 25 129 1
25 5 129 1
78 79 878 1
79 78 878 1
28 36 321 1
36 28 321 1
16 28 220 1
28 16 220 1
46 49 541 1
49 46 541 1
46 51 585 1
51 46 585 1
45 48 304 1
48 45 304 1
22 31 234 1
31 22 234 1
43 45 199 1
45 43 199 1
82 83 881 1
83 82 881 1
14 26 321 1
26 14 321 1
21 26 271 1
26 21 271 1
50 51 698 1
51 50 698 1
3 7 185 1
7 3 185 1
57 80 1050 1
80 57 1050 1
63 80 1146 1
80 63 1146 1
20 25 402 1
25 20 402 1
27 88 863 1
88 27 863 1
4 25 258 1
25 4 258 1
41 73 204 1
73 41 204 1
14 24 389 1
24 14 389 1
15 27 336 1
27 15 336 1
44 51 440 1
51 44 440 1
14 20 320 1
20 14 320 1
22 25 402 1
25 22 402 1
21 25 360 1
25 21 360 1
31 84 971 1
84 31 971 1
52 61 1057 1
61 52 1057 1
58 61 717 1
61 58 717 1
92 93 608 1
93 92 608 1
96 98 184 1
98 96 184 1
4 21 414 1
21 4 414 1
19 68 313 1
68 19 313 1
15 25 386 1
25 15 386 1
56 80 431 1
80 56 431 1
45 46 448 1
46 45 448 1
16 63 1092 1
63 16 1092 1
29 80 961 1
80 29 961 1
38 39 465 1
39 38 465 1
44 50 287 1
50 44 287 1
102 104 159 1
104 102 159 1
14 27 449 1
27 14 449 1
26 41 487 1
41 26 487 1
3 92 1420 1
92 3 1420 1
18 68 315 1
68 18 315 1
49 50 585 1
50 49 585 1
5 41 483 1
41 5 483 1
8 15 741 1
15 8 741 1
47 49 380 1
49 47 380 1
42 51 463 1
51 42 463 1
45 51 254 1
51 45 254 1
111 112 111 1
112 111 111 1
1 59 541 1
59 1 541 1
58 60 266 1
60 58 266 1
84 88 224 1
88 84 224 1
43 55 485 1
55 43 485 1
79 80 991 1
80 79 991 1
28 78 272 1
78 28 272 1
50 52 243 1
52 50 243 1
94 114 259 1
114 94 259 1
9 75 548 1
75 9 548 1
23 88 1119 1
88 23 1119 1
43 51 245 1
51 43 245 1
64 84 478 1
84 64 478 1
70 71 263 1
71 70 263 1
34 35 126 1
35 34 126 1
88 89 1035 1
89 88 1035 1
24 41 633 1
41 24 633 1
20 73 397 1
73 20 397 1
57 68 520 1
68 57 520 1
2 7 566 1
7 2 566 1
46 55 584 1
55 46 584 1
85 88 1097 1
88 85 1097 1
31 64 1128 1
64 31 1128 1
62 80 268 1
80 62 268 1
15 41 349 1
41 15 349 1
39 89 325 1
89 39 325 1
14 15 772 1
15 14 772 1
99 112 272 1
112 99 272 1
22 84 1027 1
84 22 1027 1
16 36 349 1
36 16 349 1
82 86 143 1
86 82 143 1
17 79 135 1
79 17 135 1
58 66 198 1
66 58 198 1
22 27 524 1
27 22 524 1
22 88 1044 1
88 22 1044 1
24 73 599 1
73 24 599 1
95 115 205 1
115 95 205 1
17 81 182 1
81 17 182 1
82 84 544 1
84 82 544 1
84 86 610 1
86 84 610 1
23 64 1238 1
64 23 1238 1
8 27 425 1
27 8 425 1
16 72 287 1
72 16 287 1
29 72 629 1
72 29 629 1
71 75 163 1
75 71 163 1
14 88 613 1
88 14 613 1
109 115 211 1
115 109 211 1
16 57 981 1
57 16 981 1
27 41 398 1
41 27 398 1
29 78 851 1
78 29 851 1
109 113 333 1
113 109 333 1
9 14 725 1
14 9 725 1
54 108 319 1
108 54 319 1
15 83 194 1
83 15 194 1
17 78 955 1
78 17 955 1
30 72 390 1
72 30 390 1
1 61 385 1
61 1 385 1
52 59 956 1
59 52 956 1
9 27 309 1
27 9 309 1
47 55 367 1
55 47 367 1
20 21 185 1
21 20 185 1
98 112 277 1
112 98 277 1
0 56 174 1
56 0 174 1
72 78 300 1
78 72 300 1
14 83 858 1
83 14 858 1
16 76 379 1
76 16 379 1
48 59 599 1
59 48 599 1
51 61 458 1
61 51 458 1
63 78 1033 1
78 63 1033 1
16 29 882 1
29 16 882 1
16 17 998 1
17 16 998 1
36 76 232 1
76 36 232 1
16 62 313 1
62 16 313 1
20 41 386 1
41 20 386 1
36 77 422 1
77 36 422 1
45 50 474 1
50 45 474 1
62 81 1169 1
81 62 1169 1
17 29 223 1
29 17 223 1
0 101 1354 1
101 0 1354 1
52 58 705 1
58 52 705 1
103 110 496 1
110 103 496 1
17 80 1070 1
80 17 1070 1
3 23 271 1
23 3 271 1
57 78 938 1
78 57 938 1
96 109 176 1
109 96 176 1
32 33 149 1
33 32 149 1
42 50 271 1
50 42 271 1
9 25 252 1
25 9 252 1
56 78 391 1
78 56 391 1
9 41 527 1
41 9 527 1
47 51 339 1
51 47 339 1
51 59 486 1
59 51 486 1
5 73 471 1
73 5 471 1
37 75 239 1
75 37 239 1
46 50 303 1
50 46 303 1
8 73 750 1
73 8 750 1
28 81 975 1
81 28 975 1
40 41 506 1
41 40 506 1
72 80 384 1
80 72 384 1
15 21 348 1
21 15 348 1
14 21 487 1
21 14 487 1
24 75 604 1
75 24 604 1
29 81 342 1
81 29 342 1
10 11 986 1
11 10 986 1
20 75 348 1
75 20 348 1
38 88 311 1
88 38 311 1
63 79 303 1
79 63 303 1
103 105 173 1
105 103 173 1
6 7 710 1
7 6 710 1
50 58 486 1
58 50 486 1
74 76 203 1
76 74 203 1
4 41 642 1
41 4 642 1
113 115 188 1
115 113 188 1
25 31 272 1
31 25 272 1
27 84 956 1
84 27 956 1
5 75 500 1
75 5 500 1
91 92 669 1
92 91 669 1
27 89 807 1
89 27 807 1
23 82 788 1
82 23 788 1
90 109 492 1
109 90 492 1
62 78 287 1
78 62 287 1
67 92 922 1
92 67 922 1
59 60 718 1
60 59 718 1
17 75 351 1
75 17 351 1
29 36 705 1
36 29 705 1
48 58 400 1
58 48 400 1
42 55 629 1
55 42 629 1
51 55 568 1
55 51 568 1
74 77 362 1
77 74 362 1
97 114 263 1
114 97 263 1
96 99 428 1
99 96 428 1
38 82 362 1
82 38 362 1
75 76 374 1
76 75 374 1
103 113 295 1
113 103 295 1
82 85 1121 1
85 82 1121 1
103 104 369 1
104 103 369 1
29 62 1067 1
62 29 1067 1
30 33 526 1
33 30 526 1
7 65 934 1
65 7 934 1
22 24 386 1
24 22 386 1
23 27 506 1
27 23 506 1
99 109 321 1
109 99 321 1
51 58 753 1
58 51 753 1
39 88 762 1
88 39 762 1
50 59 774 1
59 50 774 1
55 98 606 1
98 55 606 1
36 80 330 1
80 36 330 1
23 25 373 1
25 23 373 1
52 53 746 1
53 52 746 1
26 73 503 1
73 26 503 1
16 74 335 1
74 16 335 1
29 32 631 1
32 29 631 1
46 52 244 1
52 46 244 1
48 52 415 1
52 48 415 1
38 84 429 1
84 38 429 1
3 88 1145 1
88 3 1145 1
21 22 558 1
22 21 558 1
36 78 263 1
78 36 263 1
40 72 200 1
72 40 200 1
44 98 563 1
98 44 563 1
25 84 1066 1
84 25 1066 1
27 39 536 1
39 27 536 1
49 112 609 1
112 49 609 1
56 63 1014 1
63 56 1014 1
15 73 336 1
73 15 336 1
22 64 1169 1
64 22 1169 1
22 85 1113 1
85 22 1113 1
23 86 866 1
86 23 866 1
49 52 718 1
52 49 718 1
94 95 213 1
95 94 213 1
103 109 477 1
109 103 477 1
14 25 491 1
25 14 491 1
3 85 893 1
85 3 893 1
44 112 534 1
112 44 534 1
46 48 368 1
48 46 368 1
90 110 460 1
110 90 460 1
98 111 265 1
111 98 265 1
24 88 947 1
88 24 947 1
19 82 964 1
82 19 964 1
13 65 935 1
65 13 935 1
33 35 375 1
35 33 375 1
85 86 1120 1
86 85 1120 1
94 107 417 1
107 94 417 1
101 112 405 1
112 101 405 1
109 110 135 1
110 109 135 1
1 101 1148 1
101 1 1148 1
16 79 934 1
79 16 934 1
21 89 648 1
89 21 648 1
28 30 436 1
30 28 436 1
31 85 906 1
85 31 906 1
96 110 214 1
110 96 214 1
72 74 76 1
74 72 76 1
3 22 347 1
22 3 347 1
57 63 249 1
63 57 249 1
65 67 361 1
67 65 361 1
4 73 633 1
73 4 633 1
71 73 163 1
73 71 163 1
0 80 485 1
80 0 485 1
26 75 488 1
75 26 488 1
57 79 431 1
79 57 431 1
84 87 1148 1
87 84 1148 1
59 101 1108 1
101 59 1108 1
28 62 527 1
62 28 527 1
14 84 681 1
84 14 681 1
36 40 213 1
40 36 213 1
62 111 802 1
111 62 802 1
97 113 312 1
113 97 312 1
49 55 664 1
55 49 664 1
0 51 1107 1
51 0 1107 1
34 84 580 1
84 34 580 1
8 75 728 1
75 8 728 1
23 89 1070 1
89 23 1070 1
37 41 217 1
41 37 217 1
1 51 787 1
51 1 787 1
3 65 942 1
65 3 942 1
70 73 402 1
73 70 402 1
52 60 638 1
60 52 638 1
19 85 882 1
85 19 882 1
46 98 212 1
98 46 212 1
51 60 912 1
60 51 912 1
72 76 257 1
76 72 257 1
15 75 396 1
75 15 396 1
29 63 531 1
63 29 531 1
45 55 662 1
55 45 662 1
3 27 634 1
27 3 634 1
42 48 243 1
48 42 243 1
43 112 376 1
112 43 376 1
89 108 535 1
108 89 535 1
14 89 1093 1
89 14 1093 1
17 76 648 1
76 17 648 1
27 38 594 1
38 27 594 1
102 107 560 1
107 102 560 1
10 28 213 1
28 10 213 1
42 112 333 1
112 42 333 1
45 98 655 1
98 45 655 1
48 66 357 1
66 48 357 1
3 89 961 1
89 3 961 1
10 49 1190 1
49 10 1190 1
17 73 298 1
73 17 298 1
3 67 879 1
67 3 879 1
5 88 1026 1
88 5 1026 1
34 85 678 1
85 34 678 1
38 86 366 1
86 38 366 1
50 66 475 1
66 50 475 1
72 77 430 1
77 72 430 1
12 92 1168 1
92 12 1168 1
25 88 998 1
88 25 998 1
29 76 555 1
76 29 555 1
32 63 656 1
63 32 656 1
45 112 552 1
112 45 552 1
47 52 540 1
52 47 540 1
9 17 669 1
17 9 669 1
103 108 420 1
108 103 420 1
4 75 618 1
75 4 618 1
39 108 341 1
108 39 341 1
51 98 763 1
98 51 763 1
7 15 461 1
15 7 461 1
82 88 444 1
88 82 444 1
108 109 87 1
109 108 87 1
28 76 345 1
76 28 345 1
48 98 566 1
98 48 566 1
56 68 408 1
68 56 408 1
70 75 355 1
75 70 355 1
100 104 240 1
104 100 240 1
8 41 768 1
41 8 768 1
26 89 900 1
89 26 900 1
31 86 707 1
86 31 707 1
90 95 589 1
95 90 589 1
104 106 195 1
106 104 195 1
32 62 548 1
62 32 548 1
39 86 698 1
86 39 698 1
47 48 490 1
48 47 490 1
49 61 452 1
61 49 452 1
100 102 87 1
102 100 87 1
21 54 704 1
54 21 704 1
68 88 1023 1
88 68 1023 1
90 108 470 1
108 90 470 1
10 51 1261 1
51 10 1261 1
54 90 282 1
90 54 282 1
54 98 204 1
98 54 204 1
1 99 923 1
99 1 923 1
9 21 431 1
21 9 431 1
19 84 968 1
84 19 968 1
55 112 466 1
112 55 466 1
58 94 820 1
94 58 820 1
64 85 1107 1
85 64 1107 1
72 81 860 1
81 72 860 1
67 94 677 1
94 67 677 1
102 103 508 1
103 102 508 1
25 86 638 1
86 25 638 1
95 96 288 1
96 95 288 1
2 3 405 1
3 2 405 1
7 92 1445 1
92 7 1445 1
12 13 959 1
13 12 959 1
19 57 426 1
57 19 426 1
24 39 767 1
39 24 767 1
39 54 618 1
54 39 618 1
1 66 683 1
66 1 683 1
19 109 838 1
109 19 838 1
35 77 284 1
77 35 284 1
65 104 1022 1
104 65 1022 1
5 7 538 1
7 5 538 1
14 22 562 1
22 14 562 1
44 55 743 1
55 44 743 1
96 97 322 1
97 96 322 1
18 85 983 1
85 18 983 1
4 82 403 1
82 4 403 1
26 88 791 1
88 26 791 1
113 114 95 1
114 113 95 1
0 55 1069 1
55 0 1069 1
0 63 1010 1
63 0 1010 1
86 113 874 1
113 86 874 1
7 104 1243 1
104 7 1243 1
67 93 875 1
93 67 875 1
5 89 870 1
89 5 870 1
12 93 1368 1
93 12 1368 1
65 92 1075 1
92 65 1075 1
12 65 1303 1
65 12 1303 1
38 89 763 1
89 38 763 1
61 63 238 1
63 61 238 1
95 103 393 1
103 95 393 1
95 108 123 1
108 95 123 1
8 25 389 1
25 8 389 1
49 59 382 1
59 49 382 1
3 39 792 1
39 3 792 1
0 112 1084 1
112 0 1084 1
37 76 441 1
76 37 441 1
95 99 272 1
99 95 272 1
1 98 1107 1
98 1 1107 1
64 65 897 1
65 64 897 1
66 69 349 1
69 66 349 1
1 57 172 1
57 1 172 1
10 60 650 1
60 10 650 1
12 64 932 1
64 12 932 1
35 65 453 1
65 35 453 1
6 11 866 1
11 6 866 1
27 73 417 1
73 27 417 1
32 80 590 1
80 32 590 1
74 78 322 1
78 74 322 1
95 110 248 1
110 95 248 1
0 60 405 1
60 0 405 1
0 62 386 1
62 0 386 1
4 83 726 1
83 4 726 1
16 32 504 1
32 16 504 1
43 48 391 1
48 43 391 1
60 101 1230 1
101 60 1230 1
85 87 616 1
87 85 616 1
43 50 494 1
50 43 494 1
48 60 501 1
60 48 501 1
3 25 566 1
25 3 566 1
19 97 912 1
97 19 912 1
49 66 437 1
66 49 437 1
14 38 497 1
38 14 497 1
51 112 579 1
112 51 579 1
76 78 312 1
78 76 312 1
17 63 324 1
63 17 324 1
18 82 891 1
82 18 891 1
96 113 315 1
113 96 315 1
25 41 554 1
41 25 554 1
0 10 381 1
10 0 381 1
0 16 380 1
16 0 380 1
27 85 894 1
85 27 894 1
43 98 522 1
98 43 522 1
51 53 271 1
53 51 271 1
69 112 1017 1
112 69 1017 1
22 82 706 1
82 22 706 1
50 60 475 1
60 50 475 1
54 99 587 1
99 54 587 1
85 89 220 1
89 85 220 1
21 39 356 1
39 21 356 1
38 85 837 1
85 38 837 1
62 79 1049 1
79 62 1049 1
4 7 733 1
7 4 733 1
20 88 611 1
88 20 611 1
99 108 310 1
108 99 310 1
40 76 327 1
76 40 327 1
46 112 262 1
112 46 262 1
61 66 546 1
66 61 546 1
0 57 825 1
57 0 825 1
27 86 519 1
86 27 519 1
95 113 351 1
113 95 351 1
2 67 952 1
67 2 952 1
36 74 242 1
74 36 242 1
56 79 965 1
79 56 965 1
86 88 460 1
88 86 460 1
32 72 471 1
72 32 471 1
97 99 180 1
99 97 180 1
25 82 617 1
82 25 617 1
0 61 943 1
61 0 943 1
21 88 754 1
88 21 754 1
40 80 433 1
80 40 433 1
21 86 520 1
86 21 520 1
25 83 553 1
83 25 553 1
1 112 1078 1
112 1 1078 1
29 40 655 1
40 29 655 1
33 34 394 1
34 33 394 1
1 60 923 1
60 1 923 1
21 23 542 1
23 21 542 1
21 82 511 1
82 21 511 1
42 52 325 1
52 42 325 1
8 17 1036 1
17 8 1036 1
64 88 675 1
88 64 675 1
1 56 851 1
56 1 851 1
4 88 829 1
88 4 829 1
36 81 848 1
81 36 848 1
0 52 934 1
52 0 934 1
28 32 528 1
32 28 528 1
27 82 524 1
82 27 524 1
49 98 742 1
98 49 742 1
71 110 676 1
110 71 676 1
28 63 1049 1
63 28 1049 1
73 76 450 1
76 73 450 1
3 21 582 1
21 3 582 1
32 81 728 1
81 32 728 1
67 107 894 1
107 67 894 1
5 39 639 1
39 5 639 1
7 26 675 1
26 7 675 1
32 78 484 1
78 32 484 1
68 90 1109 1
90 68 1109 1
5 54 1015 1
54 5 1015 1
25 73 516 1
73 25 516 1
71 92 1069 1
92 71 1069 1
6 64 941 1
64 6 941 1
35 76 333 1
76 35 333 1
99 103 258 1
103 99 258 1
14 23 650 1
23 14 650 1
66 101 1048 1
101 66 1048 1
20 83 565 1
83 20 565 1
39 68 969 1
68 39 969 1
0 81 1076 1
81 0 1076 1
14 86 272 1
86 14 272 1
18 84 897 1
84 18 897 1
39 84 850 1
84 39 850 1
43 76 617 1
76 43 617 1
47 111 188 1
111 47 188 1
68 85 974 1
85 68 974 1
17 28 894 1
28 17 894 1
0 43 962 1
43 0 962 1
100 105 430 1
105 100 430 1
17 62 1129 1
62 17 1129 1
18 97 954 1
97 18 954 1
35 67 262 1
67 35 262 1
37 73 278 1
73 37 278 1
51 66 580 1
66 51 580 1
63 76 747 1
76 63 747 1
61 94 881 1
94 61 881 1
26 39 604 1
39 26 604 1
37 74 520 1
74 37 520 1
42 98 381 1
98 42 381 1
48 112 575 1
112 48 575 1
26 83 578 1
83 26 578 1
31 82 641 1
82 31 641 1
35 71 557 1
71 35 557 1
61 111 816 1
111 61 816 1
18 109 857 1
109 18 857 1
27 75 419 1
75 27 419 1
60 112 882 1
112 60 882 1
90 103 653 1
103 90 653 1
0 28 492 1
28 0 492 1
0 111 985 1
111 0 985 1
1 58 829 1
58 1 829 1
1 63 334 1
63 1 334 1
3 64 1134 1
64 3 1134 1
60 66 370 1
66 60 370 1
62 72 566 1
72 62 566 1
56 62 252 1
62 56 252 1
89 99 398 1
99 89 398 1
21 41 236 1
41 21 236 1
25 85 1018 1
85 25 1018 1
47 91 332 1
91 47 332 1
8 21 536 1
21 8 536 1
13 37 594 1
37 13 594 1
30 36 645 1
36 30 645 1
40 78 376 1
78 40 376 1
47 50 544 1
50 47 544 1
58 107 1147 1
107 58 1147 1
94 109 127 1
109 94 127 1
99 115 285 1
115 99 285 1
99 101 266 1
101 99 266 1
24 86 569 1
86 24 569 1
45 96 643 1
96 45 643 1
66 94 692 1
94 66 692 1
10 44 1024 1
44 10 1024 1
49 69 641 1
69 49 641 1
69 101 1234 1
101 69 1234 1
16 40 399 1
40 16 399 1
50 61 923 1
61 50 923 1
60 62 241 1
62 60 241 1
21 108 562 1
108 21 562 1
0 99 1111 1
99 0 1111 1
82 89 1043 1
89 82 1043 1
4 22 457 1
22 4 457 1
10 45 1113 1
45 10 1113 1
22 86 800 1
86 22 800 1
42 111 258 1
111 42 258 1
21 95 510 1
95 21 510 1
43 111 293 1
111 43 293 1
6 10 299 1
10 6 299 1
14 85 1160 1
85 14 1160 1
25 39 702 1
39 25 702 1
48 61 765 1
61 48 765 1
67 102 981 1
102 67 981 1
76 80 424 1
80 76 424 1
11 29 239 1
29 11 239 1
18 86 1008 1
86 18 1008 1
19 23 597 1
23 19 597 1
25 70 480 1
70 25 480 1
42 76 612 1
76 42 612 1
61 62 1047 1
62 61 1047 1
76 77 238 1
77 76 238 1
84 89 1110 1
89 84 1110 1
1 111 979 1
111 1 979 1
5 83 447 1
83 5 447 1
19 86 1069 1
86 19 1069 1
20 22 544 1
22 20 544 1
23 30 259 1
30 23 259 1
0 49 1001 1
49 0 1001 1
7 67 937 1
67 7 937 1
37 39 117 1
39 37 117 1
2 22 228 1
22 2 228 1
18 57 564 1
57 18 564 1
22 105 1261 1
105 22 1261 1
25 38 749 1
38 25 749 1
75 105 690 1
105 75 690 1
29 79 257 1
79 29 257 1
39 90 806 1
90 39 806 1
0 47 988 1
47 0 988 1
37 105 506 1
105 37 506 1
67 114 792 1
114 67 792 1
5 108 888 1
108 5 888 1
7 64 1244 1
64 7 1244 1
24 38 730 1
38 24 730 1
77 91 668 1
91 77 668 1
0 42 911 1
42 0 911 1
5 22 506 1
22 5 506 1
22 89 1126 1
89 22 1126 1
31 33 517 1
33 31 517 1
44 66 318 1
66 44 318 1
98 101 623 1
101 98 623 1
0 46 865 1
46 0 865 1
26 108 761 1
108 26 761 1
31 34 815 1
34 31 815 1
42 72 843 1
72 42 843 1
22 26 505 1
26 22 505 1
28 53 1155 1
53 28 1155 1
66 67 177 1
67 66 177 1
54 100 319 1
100 54 319 1
2 4 569 1
4 2 569 1
43 52 553 1
52 43 553 1
46 53 547 1
53 46 547 1
26 54 816 1
54 26 816 1
26 82 411 1
82 26 411 1
17 41 414 1
41 17 414 1
59 94 905 1
94 59 905 1
9 71 488 1
71 9 488 1
37 71 401 1
71 37 401 1
37 106 622 1
106 37 622 1
38 79 739 1
79 38 739 1
61 101 1003 1
101 61 1003 1
1 69 441 1
69 1 441 1
24 70 465 1
70 24 465 1
33 72 507 1
72 33 507 1
64 92 764 1
92 64 764 1
101 102 595 1
102 101 595 1
108 110 194 1
110 108 194 1
13 76 778 1
76 13 778 1
14 54 716 1
54 14 716 1
19 83 893 1
83 19 893 1
40 55 690 1
55 40 690 1
53 72 1064 1
72 53 1064 1
54 95 438 1
95 54 438 1
58 77 753 1
77 58 753 1
19 95 883 1
95 19 883 1
23 38 892 1
38 23 892 1
27 54 856 1
54 27 856 1
32 69 338 1
69 32 338 1
32 76 341 1
76 32 341 1
40 53 1023 1
53 40 1023 1
43 96 503 1
96 43 503 1
73 105 753 1
105 73 753 1
3 5 603 1
5 3 603 1
7 9 490 1
9 7 490 1
34 67 275 1
67 34 275 1
68 81 913 1
81 68 913 1
90 92 135 1
92 90 135 1
4 89 1056 1
89 4 1056 1
13 73 358 1
73 13 358 1
60 99 983 1
99 60 983 1
64 93 1076 1
93 64 1076 1
10 48 1025 1
48 10 1025 1
75 106 695 1
106 75 695 1
3 84 1110 1
84 3 1110 1
20 39 459 1
39 20 459 1
31 115 958 1
115 31 958 1
48 55 832 1
55 48 832 1
4 39 755 1
39 4 755 1
16 77 611 1
77 16 611 1
22 30 218 1
30 22 218 1
24 82 536 1
82 24 536 1
60 94 741 1
94 60 741 1
68 79 805 1
79 68 805 1
10 29 893 1
29 10 893 1
13 75 440 1
75 13 440 1
41 70 482 1
70 41 482 1
48 104 822 1
104 48 822 1
79 86 986 1
86 79 986 1
18 23 573 1
23 18 573 1
60 63 1021 1
63 60 1021 1
61 112 910 1
112 61 910 1
71 77 297 1
77 71 297 1
86 89 1016 1
89 86 1016 1
96 115 214 1
115 96 214 1
0 69 556 1
69 0 556 1
5 70 530 1
70 5 530 1
10 72 309 1
72 10 309 1
15 70 606 1
70 15 606 1
18 88 1010 1
88 18 1010 1
67 97 637 1
97 67 637 1
15 39 506 1
39 15 506 1
39 110 466 1
110 39 466 1
62 76 527 1
76 62 527 1
14 39 770 1
39 14 770 1
18 90 1192 1
90 18 1192 1
20 71 311 1
71 20 311 1
23 34 949 1
34 23 949 1
51 69 746 1
69 51 746 1
71 76 392 1
76 71 392 1
98 108 315 1
108 98 315 1
1 52 1206 1
52 1 1206 1
20 70 213 1
70 20 213 1
24 89 1045 1
89 24 1045 1
34 78 466 1
78 34 466 1
15 88 1097 1
88 15 1097 1
18 95 915 1
95 18 915 1
37 38 515 1
38 37 515 1
46 96 270 1
96 46 270 1
0 98 918 1
98 0 918 1
5 82 673 1
82 5 673 1
28 56 545 1
56 28 545 1
30 35 784 1
35 30 784 1
49 62 929 1
62 49 929 1
54 109 337 1
109 54 337 1
59 99 857 1
99 59 857 1
65 102 1120 1
102 65 1120 1
14 108 790 1
108 14 790 1
37 40 562 1
40 37 562 1
62 112 883 1
112 62 883 1
102 105 355 1
105 102 355 1
30 78 663 1
78 30 663 1
77 94 396 1
94 77 396 1
18 110 887 1
110 18 887 1
38 41 513 1
41 38 513 1
42 96 429 1
96 42 429 1
49 111 530 1
111 49 530 1
93 110 487 1
110 93 487 1
17 37 368 1
37 17 368 1
21 109 565 1
109 21 565 1
31 114 1052 1
114 31 1052 1
40 79 762 1
79 40 762 1
53 80 1109 1
80 53 1109 1
55 99 216 1
99 55 216 1
86 96 642 1
96 86 642 1
94 96 89 1
96 94 89 1
28 40 248 1
40 28 248 1
49 76 758 1
76 49 758 1
71 105 832 1
105 71 832 1
4 108 880 1
108 4 880 1
10 62 483 1
62 10 483 1
10 101 1302 1
101 10 1302 1
47 53 268 1
53 47 268 1
86 87 805 1
87 86 805 1
106 108 322 1
108 106 322 1
47 98 442 1
98 47 442 1
54 88 224 1
88 54 224 1
59 69 338 1
69 59 338 1
1 46 993 1
46 1 993 1
18 93 1308 1
93 18 1308 1
38 40 158 1
40 38 158 1
38 68 922 1
68 38 922 1
36 56 615 1
56 36 615 1
92 104 310 1
104 92 310 1
103 111 432 1
111 103 432 1
1 49 776 1
49 1 776 1
20 38 349 1
38 20 349 1
63 100 1236 1
100 63 1236 1
10 16 218 1
16 10 218 1
23 39 847 1
39 23 847 1
40 81 874 1
81 40 874 1
41 79 379 1
79 41 379 1
63 111 831 1
111 63 831 1
1 19 351 1
19 1 351 1
7 20 669 1
20 7 669 1
21 83 382 1
83 21 382 1
39 92 812 1
92 39 812 1
69 111 906 1
111 69 906 1
11 34 799 1
34 11 799 1
42 74 795 1
74 42 795 1
54 103 653 1
103 54 653 1
36 91 802 1
91 36 802 1
44 52 464 1
52 44 464 1
57 62 1000 1
62 57 1000 1
10 58 862 1
58 10 862 1
14 79 974 1
79 14 974 1
48 102 819 1
102 48 819 1
88 105 671 1
105 88 671 1
24 84 1013 1
84 24 1013 1
66 97 717 1
97 66 717 1
33 94 670 1
94 33 670 1
36 37 542 1
37 36 542 1
71 103 908 1
103 71 908 1
12 67 1065 1
67 12 1065 1
49 60 773 1
60 49 773 1
15 71 394 1
71 15 394 1
30 34 790 1
34 30 790 1
30 77 559 1
77 30 559 1
46 61 843 1
61 46 843 1
48 69 703 1
69 48 703 1
64 67 549 1
67 64 549 1
7 21 555 1
21 7 555 1
47 112 265 1
112 47 265 1
59 112 915 1
112 59 915 1
90 91 735 1
91 90 735 1
27 31 339 1
31 27 339 1
89 98 818 1
98 89 818 1
18 89 1085 1
89 18 1085 1
29 33 510 1
33 29 510 1
29 74 571 1
74 29 571 1
52 66 667 1
66 52 667 1
56 72 566 1
72 56 566 1
79 82 965 1
82 79 965 1
33 77 332 1
77 33 332 1
39 82 719 1
82 39 719 1
40 63 1007 1
63 40 1007 1
58 101 1214 1
101 58 1214 1
3 93 1309 1
93 3 1309 1
3 104 1246 1
104 3 1246 1
15 82 832 1
82 15 832 1
55 96 492 1
96 55 492 1
58 67 368 1
67 58 368 1
83 84 1154 1
84 83 1154 1
92 109 522 1
109 92 522 1
0 59 847 1
59 0 847 1
27 105 897 1
105 27 897 1
40 74 182 1
74 40 182 1
21 38 458 1
38 21 458 1
28 77 540 1
77 28 540 1
11 12 972 1
12 11 972 1
43 62 845 1
62 43 845 1
52 63 1131 1
63 52 1131 1
93 114 346 1
114 93 346 1
8 88 819 1
88 8 819 1
13 17 364 1
17 13 364 1
19 56 574 1
56 19 574 1
21 31 344 1
31 21 344 1
23 24 403 1
24 23 403 1
42 61 760 1
61 42 760 1
59 102 1214 1
102 59 1214 1
71 90 1013 1
90 71 1013 1
90 99 615 1
99 90 615 1
7 8 828 1
8 7 828 1
32 57 493 1
57 32 493 1
42 62 705 1
62 42 705 1
100 106 280 1
106 100 280 1
110 113 304 1
113 110 304 1
17 32 646 1
32 17 646 1
24 105 1115 1
105 24 1115 1
33 102 1043 1
102 33 1043 1
44 96 580 1
96 44 580 1
64 105 985 1
105 64 985 1
8 79 1040 1
79 8 1040 1
9 13 376 1
13 9 376 1
32 36 555 1
36 32 555 1
11 28 875 1
28 11 875 1
29 53 887 1
53 29 887 1
62 74 590 1
74 62 590 1
83 97 654 1
97 83 654 1
105 108 296 1
108 105 296 1
10 61 1158 1
61 10 1158 1
22 34 922 1
34 22 922 1
40 43 865 1
43 40 865 1
53 61 678 1
61 53 678 1
73 79 296 1
79 73 296 1
16 37 809 1
37 16 809 1
33 36 610 1
36 33 610 1
49 58 594 1
58 49 594 1
53 56 1149 1
56 53 1149 1
68 84 871 1
84 68 871 1
84 113 718 1
113 84 718 1
97 103 349 1
103 97 349 1
4 54 890 1
54 4 890 1
19 88 1069 1
88 19 1069 1
34 107 734 1
107 34 734 1
33 100 1072 1
100 33 1072 1
34 86 880 1
86 34 880 1
43 72 870 1
72 43 870 1
51 101 699 1
101 51 699 1
60 107 1124 1
107 60 1124 1
99 113 264 1
113 99 264 1
4 86 435 1
86 4 435 1
7 22 454 1
22 7 454 1
48 54 669 1
54 48 669 1
57 85 575 1
85 57 575 1
70 77 376 1
77 70 376 1
4 38 638 1
38 4 638 1
11 13 168 1
13 11 168 1
23 87 803 1
87 23 803 1
25 75 536 1
75 25 536 1
40 73 549 1
73 40 549 1
45 66 369 1
66 45 369 1
17 57 439 1
57 17 439 1
24 83 669 1
83 24 669 1
27 68 1083 1
68 27 1083 1
31 88 956 1
88 31 956 1
68 86 1151 1
86 68 1151 1
24 108 938 1
108 24 938 1
39 85 433 1
85 39 433 1
48 65 674 1
65 48 674 1
77 92 835 1
92 77 835 1
97 101 398 1
101 97 398 1
15 22 650 1
22 15 650 1
28 74 188 1
74 28 188 1
38 54 263 1
54 38 263 1
64 87 1344 1
87 64 1344 1
95 98 433 1
98 95 433 1
7 89 868 1
89 7 868 1
25 113 1193 1
113 25 1193 1
33 78 590 1
78 33 590 1
67 115 767 1
115 67 767 1
77 93 729 1
93 77 729 1
101 107 310 1
107 101 310 1
103 106 532 1
106 103 532 1
110 111 172 1
111 110 172 1
1 10 979 1
10 1 979 1
12 114 1083 1
114 12 1083 1
28 33 585 1
33 28 585 1
30 76 537 1
76 30 537 1
74 80 415 1
80 74 415 1
75 79 318 1
79 75 318 1
9 70 641 1
70 9 641 1
10 40 460 1
40 10 460 1
54 106 240 1
106 54 240 1
58 92 982 1
92 58 982 1
96 103 531 1
103 96 531 1
26 38 554 1
38 26 554 1
27 83 450 1
83 27 450 1
35 92 768 1
92 35 768 1
42 53 475 1
53 42 475 1
19 108 910 1
108 19 910 1
28 42 898 1
42 28 898 1
39 96 494 1
96 39 494 1
86 115 706 1
115 86 706 1
7 105 1186 1
105 7 1186 1
24 54 987 1
54 24 987 1
63 112 915 1
112 63 915 1
68 82 1040 1
82 68 1040 1
68 110 813 1
110 68 813 1
14 19 916 1
19 14 916 1
19 31 589 1
31 19 589 1
65 105 928 1
105 65 928 1
103 115 322 1
115 103 322 1
1 55 789 1
55 1 789 1
7 14 868 1
14 7 868 1
7 27 597 1
27 7 597 1
10 36 501 1
36 10 501 1
46 111 189 1
111 46 189 1
58 97 887 1
97 58 887 1
102 112 391 1
112 102 391 1
0 53 1230 1
53 0 1230 1
1 48 985 1
48 1 985 1
27 108 748 1
108 27 748 1
54 96 167 1
96 54 167 1
24 79 893 1
79 24 893 1
27 70 417 1
70 27 417 1
58 91 1077 1
91 58 1077 1
93 109 510 1
109 93 510 1
2 64 992 1
64 2 992 1
3 24 623 1
24 3 623 1
3 26 678 1
26 3 678 1
98 102 260 1
102 98 260 1
98 109 329 1
109 98 329 1
18 87 1063 1
87 18 1063 1
31 113 1132 1
113 31 1132 1
43 61 571 1
61 43 571 1
46 59 785 1
59 46 785 1
4 70 430 1
70 4 430 1
97 107 263 1
107 97 263 1
13 71 401 1
71 13 401 1
20 82 329 1
82 20 329 1
38 83 760 1
83 38 760 1
52 55 814 1
55 52 814 1
94 99 399 1
99 94 399 1
94 113 328 1
113 94 328 1
3 15 589 1
15 3 589 1
10 42 1010 1
42 10 1010 1
28 83 861 1
83 28 861 1
47 99 231 1
99 47 231 1
76 81 691 1
81 76 691 1
9 105 1106 1
105 9 1106 1
17 24 864 1
24 17 864 1
36 42 628 1
42 36 628 1
46 99 446 1
99 46 446 1
63 72 944 1
72 63 944 1
66 107 978 1
107 66 978 1
96 101 608 1
101 96 608 1
6 67 991 1
67 6 991 1
21 97 595 1
97 21 595 1
39 87 370 1
87 39 370 1
0 36 643 1
36 0 643 1
10 76 495 1
76 10 495 1
29 111 842 1
111 29 842 1
30 64 1064 1
64 30 1064 1
34 114 610 1
114 34 610 1
36 53 880 1
53 36 880 1
37 91 517 1
91 37 517 1
39 109 356 1
109 39 356 1
41 81 452 1
81 41 452 1
66 112 753 1
112 66 753 1
92 110 485 1
110 92 485 1
111 115 269 1
115 111 269 1
21 90 964 1
90 21 964 1
44 59 517 1
59 44 517 1
68 89 1110 1
89 68 1110 1
71 91 911 1
91 71 911 1
95 101 458 1
101 95 458 1
5 86 673 1
86 5 673 1
20 84 687 1
84 20 687 1
22 38 846 1
38 22 846 1
25 114 1103 1
114 25 1103 1
31 38 708 1
38 31 708 1
36 47 622 1
47 36 622 1
88 92 521 1
92 88 521 1
2 92 1350 1
92 2 1350 1
10 63 1159 1
63 10 1159 1
16 42 811 1
42 16 811 1
22 39 876 1
39 22 876 1
43 63 639 1
63 43 639 1
64 104 887 1
104 64 887 1
90 97 593 1
97 90 593 1
101 109 540 1
109 101 540 1
21 84 830 1
84 21 830 1
21 110 690 1
110 21 690 1
63 74 885 1
74 63 885 1
68 80 778 1
80 68 778 1
96 111 286 1
111 96 286 1
0 72 516 1
72 0 516 1
11 83 383 1
83 11 383 1
13 41 490 1
41 13 490 1
13 104 1167 1
104 13 1167 1
19 115 1045 1
115 19 1045 1
83 114 861 1
114 83 861 1
97 110 221 1
110 97 221 1
3 70 520 1
70 3 520 1
17 56 1024 1
56 17 1024 1
29 30 533 1
30 29 533 1
38 87 730 1
87 38 730 1
41 71 317 1
71 41 317 1
45 52 615 1
52 45 615 1
55 111 434 1
111 55 434 1
68 70 709 1
70 68 709 1
74 81 792 1
81 74 792 1
82 97 814 1
97 82 814 1
83 86 863 1
86 83 863 1
2 14 572 1
14 2 572 1
8 108 951 1
108 8 951 1
10 66 852 1
66 10 852 1
11 35 710 1
35 11 710 1
13 92 1402 1
92 13 1402 1
19 99 1048 1
99 19 1048 1
41 76 493 1
76 41 493 1
74 91 918 1
91 74 918 1
96 107 486 1
107 96 486 1
55 62 1031 1
62 55 1031 1
91 110 456 1
110 91 456 1
96 112 337 1
112 96 337 1
10 112 1075 1
112 10 1075 1
21 92 1010 1
92 21 1010 1
32 112 880 1
112 32 880 1
56 74 591 1
74 56 591 1
66 102 974 1
102 66 974 1
66 115 807 1
115 66 807 1
24 31 318 1
31 24 318 1
33 67 474 1
67 33 474 1
83 85 549 1
85 83 549 1
14 31 528 1
31 14 528 1
30 84 877 1
84 30 877 1
60 111 787 1
111 60 787 1
36 62 525 1
62 36 525 1
42 60 630 1
60 42 630 1
51 99 497 1
99 51 497 1
62 69 736 1
69 62 736 1
69 98 991 1
98 69 991 1
77 114 582 1
114 77 582 1
89 109 541 1
109 89 541 1
11 67 846 1
67 11 846 1
13 15 277 1
15 13 277 1
13 61 843 1
61 13 843 1
15 17 481 1
17 15 481 1
21 103 830 1
103 21 830 1
28 79 847 1
79 28 847 1
55 72 755 1
72 55 755 1
61 99 773 1
99 61 773 1
3 18 417 1
18 3 417 1
18 108 925 1
108 18 925 1
24 106 959 1
106 24 959 1
26 86 416 1
86 26 416 1
31 72 482 1
72 31 482 1
39 93 576 1
93 39 576 1
44 111 448 1
111 44 448 1
67 104 923 1
104 67 923 1
109 114 278 1
114 109 278 1
7 108 971 1
108 7 971 1
8 82 379 1
82 8 379 1
9 88 1163 1
88 9 1163 1
14 73 703 1
73 14 703 1
19 90 1212 1
90 19 1212 1
32 74 456 1
74 32 456 1
34 94 438 1
94 34 438 1
49 53 406 1
53 49 406 1
59 103 1115 1
103 59 1115 1
2 65 1144 1
65 2 1144 1
3 20 648 1
20 3 648 1
21 75 222 1
75 21 222 1
23 113 1322 1
113 23 1322 1
63 101 920 1
101 63 920 1
5 38 756 1
38 5 756 1
19 89 1004 1
89 19 1004 1
21 99 765 1
99 21 765 1
21 104 765 1
104 21 765 1
31 83 561 1
83 31 561 1
37 68 886 1
68 37 886 1
47 110 210 1
110 47 210 1
51 63 543 1
63 51 543 1
53 78 1035 1
78 53 1035 1
54 55 651 1
55 54 651 1
89 103 468 1
103 89 468 1
2 71 519 1
71 2 519 1
15 89 653 1
89 15 653 1
18 113 1181 1
113 18 1181 1
52 90 240 1
90 52 240 1
59 90 1104 1
90 59 1104 1
59 97 823 1
97 59 823 1
0 58 565 1
58 0 565 1
2 9 760 1
9 2 760 1
8 70 477 1
70 8 477 1
14 41 702 1
41 14 702 1
21 73 247 1
73 21 247 1
59 98 975 1
98 59 975 1
79 85 260 1
85 79 260 1
5 105 1032 1
105 5 1032 1
17 20 694 1
20 17 694 1
18 115 1061 1
115 18 1061 1
20 89 778 1
89 20 778 1
24 71 494 1
71 24 494 1
28 94 557 1
94 28 557 1
32 101 1092 1
101 32 1092 1
34 82 812 1
82 34 812 1
39 105 458 1
105 39 458 1
47 69 806 1
69 47 806 1
72 83 754 1
83 72 754 1
75 100 924 1
100 75 924 1
83 115 786 1
115 83 786 1
92 113 313 1
113 92 313 1
1 96 958 1
96 1 958 1
17 26 792 1
26 17 792 1
17 100 1170 1
100 17 1170 1
69 99 970 1
99 69 970 1
25 89 956 1
89 25 956 1
34 64 445 1
64 34 445 1
47 74 751 1
74 47 751 1
66 103 1026 1
103 66 1026 1
89 113 633 1
113 89 633 1
0 66 594 1
66 0 594 1
7 75 499 1
75 7 499 1
7 83 551 1
83 7 551 1
12 91 1349 1
91 12 1349 1
16 30 615 1
30 16 615 1
25 71 434 1
71 25 434 1
29 57 596 1
57 29 596 1
40 51 1061 1
51 40 1061 1
44 58 416 1
58 44 416 1
48 99 711 1
99 48 711 1
10 50 948 1
50 10 948 1
13 58 1244 1
58 13 1244 1
47 76 575 1
76 47 575 1
47 96 412 1
96 47 412 1
48 107 958 1
107 48 958 1
50 65 837 1
65 50 837 1
66 96 666 1
96 66 666 1
67 91 790 1
91 67 790 1
72 94 485 1
94 72 485 1
98 107 585 1
107 98 585 1
2 93 1417 1
93 2 1417 1
49 101 814 1
101 49 814 1
68 108 915 1
108 68 915 1
96 108 167 1
108 96 167 1
3 108 970 1
108 3 970 1
7 103 1229 1
103 7 1229 1
35 36 502 1
36 35 502 1
68 78 695 1
78 68 695 1
16 43 905 1
43 16 905 1
17 71 423 1
71 17 423 1
21 113 840 1
113 21 840 1
26 106 767 1
106 26 767 1
27 106 796 1
106 27 796 1
40 83 731 1
83 40 731 1
86 107 792 1
107 86 792 1
94 111 316 1
111 94 316 1
2 25 585 1
25 2 585 1
3 105 1215 1
105 3 1215 1
34 77 351 1
77 34 351 1
39 79 371 1
79 39 371 1
41 83 252 1
83 41 252 1
47 90 580 1
90 47 580 1
55 56 1043 1
56 55 1043 1
65 100 1146 1
100 65 1146 1
41 54 714 1
54 41 714 1
104 108 301 1
108 104 301 1
1 42 969 1
42 1 969 1
19 93 1252 1
93 19 1252 1
45 111 467 1
111 45 467 1
56 87 1244 1
87 56 1244 1
60 115 895 1
115 60 895 1
77 97 366 1
97 77 366 1
92 103 574 1
103 92 574 1
94 102 378 1
102 94 378 1
0 18 364 1
18 0 364 1
50 53 744 1
53 50 744 1
102 106 217 1
106 102 217 1
3 14 804 1
14 3 804 1
13 35 841 1
35 13 841 1
17 106 979 1
106 17 979 1
23 26 522 1
26 23 522 1
26 84 884 1
84 26 884 1
30 86 614 1
86 30 614 1
40 75 477 1
75 40 477 1
71 93 964 1
93 71 964 1
7 102 1355 1
102 7 1355 1
9 79 739 1
79 9 739 1
33 65 634 1
65 33 634 1
34 57 567 1
57 34 567 1
38 81 841 1
81 38 841 1
41 55 403 1
55 41 403 1
107 112 482 1
112 107 482 1
23 68 876 1
68 23 876 1
26 70 383 1
70 26 383 1
37 47 493 1
47 37 493 1
45 69 625 1
69 45 625 1
57 87 938 1
87 57 938 1
59 111 815 1
111 59 815 1
4 17 918 1
17 4 918 1
4 79 928 1
79 4 928 1
7 24 631 1
24 7 631 1
27 37 597 1
37 27 597 1
28 57 964 1
57 28 964 1
99 102 560 1
102 99 560 1
1 18 493 1
18 1 493 1
25 115 1008 1
115 25 1008 1
45 65 388 1
65 45 388 1
54 104 337 1
104 54 337 1
55 63 600 1
63 55 600 1
18 39 896 1
39 18 896 1
67 77 525 1
77 67 525 1
82 87 849 1
87 82 849 1
107 115 298 1
115 107 298 1
10 52 956 1
52 10 956 1
10 98 865 1
98 10 865 1
17 105 863 1
105 17 863 1
20 37 510 1
37 20 510 1
46 58 646 1
58 46 646 1
47 72 816 1
72 47 816 1
48 106 864 1
106 48 864 1
79 100 1051 1
100 79 1051 1
