116 2668
76 77 238 1
77 76 238 1
95 97 97 1
97 95 97 1
91 93 118 1
93 91 118 1
80 81 1113 1
81 80 1113 1
45 49 111 1
49 45 111 1
58 59 496 1
59 58 496 1
4 9 500 1
9 4 500 1
29 72 629 1
72 29 629 1
34 35 126 1
35 34 126 1
66 67 177 1
67 66 177 1
28 29 741 1
29 28 741 1
28 72 116 1
72 28 116 1
38 39 465 1
39 38 465 1
42 43 239 1
43 42 239 1
62 63 1134 1
63 62 1134 1
95 108 123 1
108 95 123 1
4 8 148 1
8 4 148 1
30 31 127 1
31 30 127 1
64 65 897 1
65 64 897 1
68 69 164 1
69 68 164 1
55 96 492 1
96 55 492 1
95 109 146 1
109 95 146 1
16 17 998 1
17 16 998 1
94 108 97 1
108 94 97 1
44 45 194 1
45 44 194 1
96 97 322 1
97 96 322 1
72 74 76 1
74 72 76 1
100 102 87 1
102 100 87 1
36 37 542 1
37 36 542 1
49 51 172 1
51 49 172 1
94 115 181 1
115 94 181 1
48 49 410 1
49 48 410 1
73 74 458 1
74 73 458 1
32 33 149 1
33 32 149 1
47 110 210 1
110 47 210 1
22 23 140 1
23 22 140 1
5 27 165 1
27 5 165 1
39 97 289 1
97 39 289 1
75 77 210 1
77 75 210 1
96 110 214 1
110 96 214 1
55 97 173 1
97 55 173 1
5 26 263 1
26 5 263 1
39 55 254 1
55 39 254 1
103 104 369 1
104 103 369 1
25 27 193 1
27 25 193 1
40 41 506 1
41 40 506 1
24 25 135 1
25 24 135 1
72 73 517 1
73 72 517 1
108 109 87 1
109 108 87 1
17 80 1070 1
80 17 1070 1
73 75 84 1
75 73 84 1
8 9 638 1
9 8 638 1
74 76 203 1
76 74 203 1
45 48 304 1
48 45 304 1
3 22 347 1
22 3 347 1
92 93 608 1
93 92 608 1
42 46 173 1
46 42 173 1
104 105 204 1
105 104 204 1
113 114 95 1
114 113 95 1
94 114 259 1
114 94 259 1
111 112 111 1
112 111 111 1
99 111 265 1
111 99 265 1
31 33 517 1
33 31 517 1
5 25 129 1
25 5 129 1
88 89 1035 1
89 88 1035 1
54 89 853 1
89 54 853 1
10 12 181 1
12 10 181 1
73 77 274 1
77 73 274 1
28 80 329 1
80 28 329 1
39 96 494 1
96 39 494 1
72 80 384 1
80 72 384 1
40 72 200 1
72 40 200 1
19 69 323 1
69 19 323 1
26 27 135 1
27 26 135 1
90 92 135 1
92 90 135 1
97 99 180 1
99 97 180 1
3 23 271 1
23 3 271 1
1 57 172 1
57 1 172 1
91 92 669 1
92 91 669 1
41 73 204 1
73 41 204 1
17 28 894 1
28 17 894 1
106 107 486 1
107 106 486 1
74 77 362 1
77 74 362 1
12 13 959 1
13 12 959 1
74 75 389 1
75 74 389 1
41 72 550 1
72 41 550 1
44 48 114 1
48 44 114 1
0 10 381 1
10 0 381 1
22 65 1204 1
65 22 1204 1
55 99 216 1
99 55 216 1
17 79 135 1
79 17 135 1
40 74 182 1
74 40 182 1
54 55 651 1
55 54 651 1
114 115 96 1
115 114 96 1
2 6 165 1
6 2 165 1
48 50 202 1
50 48 202 1
55 111 434 1
111 55 434 1
29 73 113 1
73 29 113 1
39 95 233 1
95 39 233 1
38 96 284 1
96 38 284 1
75 76 374 1
76 75 374 1
19 68 313 1
68 19 313 1
43 47 146 1
47 43 146 1
3 65 942 1
65 3 942 1
17 72 781 1
72 17 781 1
109 114 278 1
114 109 278 1
25 31 272 1
31 25 272 1
25 65 1263 1
65 25 1263 1
93 101 103 1
101 93 103 1
109 113 333 1
113 109 333 1
32 40 629 1
40 32 629 1
104 107 401 1
107 104 401 1
38 55 598 1
55 38 598 1
6 7 710 1
7 6 710 1
17 81 182 1
81 17 182 1
73 76 450 1
76 73 450 1
92 100 157 1
100 92 157 1
39 99 432 1
99 39 432 1
63 81 293 1
81 63 293 1
16 80 152 1
80 16 152 1
54 98 204 1
98 54 204 1
46 55 584 1
55 46 584 1
97 109 174 1
109 97 174 1
91 101 197 1
101 91 197 1
17 29 223 1
29 17 223 1
100 101 656 1
101 100 656 1
28 81 975 1
81 28 975 1
28 74 188 1
74 28 188 1
94 95 213 1
95 94 213 1
96 111 286 1
111 96 286 1
37 39 117 1
39 37 117 1
97 111 292 1
111 97 292 1
48 51 548 1
51 48 548 1
79 80 991 1
80 79 991 1
29 81 342 1
81 29 342 1
72 81 860 1
81 72 860 1
84 85 1130 1
85 84 1130 1
97 108 170 1
108 97 170 1
2 91 1366 1
91 2 1366 1
37 96 506 1
96 37 506 1
94 109 127 1
109 94 127 1
95 96 288 1
96 95 288 1
21 27 209 1
27 21 209 1
29 74 571 1
74 29 571 1
46 47 309 1
47 46 309 1
60 61 893 1
61 60 893 1
22 34 922 1
34 22 922 1
30 33 526 1
33 30 526 1
36 76 232 1
76 36 232 1
97 110 221 1
110 97 221 1
40 73 549 1
73 40 549 1
78 80 116 1
80 78 116 1
2 3 405 1
3 2 405 1
73 81 406 1
81 73 406 1
82 86 143 1
86 82 143 1
23 25 373 1
25 23 373 1
54 96 167 1
96 54 167 1
47 96 412 1
96 47 412 1
14 15 772 1
15 14 772 1
63 80 1146 1
80 63 1146 1
74 80 415 1
80 74 415 1
14 82 179 1
82 14 179 1
29 80 961 1
80 29 961 1
37 55 221 1
55 37 221 1
46 53 547 1
53 46 547 1
72 75 453 1
75 72 453 1
101 102 595 1
102 101 595 1
45 51 254 1
51 45 254 1
22 91 1377 1
91 22 1377 1
38 54 263 1
54 38 263 1
11 15 385 1
15 11 385 1
55 95 221 1
95 55 221 1
79 114 741 1
114 79 741 1
99 112 272 1
112 99 272 1
110 111 172 1
111 110 172 1
22 27 524 1
27 22 524 1
41 75 187 1
75 41 187 1
1 19 351 1
19 1 351 1
42 55 629 1
55 42 629 1
25 64 1312 1
64 25 1312 1
58 66 198 1
66 58 198 1
108 114 218 1
114 108 218 1
70 71 263 1
71 70 263 1
25 26 225 1
26 25 225 1
95 114 280 1
114 95 280 1
11 74 727 1
74 11 727 1
103 105 173 1
105 103 173 1
5 23 453 1
23 5 453 1
37 43 584 1
43 37 584 1
47 111 188 1
111 47 188 1
53 55 448 1
55 53 448 1
79 81 136 1
81 79 136 1
96 99 428 1
99 96 428 1
2 22 228 1
22 2 228 1
23 92 1466 1
92 23 1466 1
43 46 341 1
46 43 341 1
16 72 287 1
72 16 287 1
101 103 106 1
103 101 106 1
108 113 292 1
113 108 292 1
108 115 135 1
115 108 135 1
37 38 515 1
38 37 515 1
37 77 246 1
77 37 246 1
43 110 298 1
110 43 298 1
20 21 185 1
21 20 185 1
79 94 650 1
94 79 650 1
44 49 304 1
49 44 304 1
18 68 315 1
68 18 315 1
22 64 1169 1
64 22 1169 1
34 65 549 1
65 34 549 1
21 33 567 1
33 21 567 1
22 25 402 1
25 22 402 1
55 98 606 1
98 55 606 1
82 83 881 1
83 82 881 1
2 58 959 1
58 2 959 1
29 75 189 1
75 29 189 1
41 74 484 1
74 41 484 1
70 73 402 1
73 70 402 1
78 81 1002 1
81 78 1002 1
21 31 344 1
31 21 344 1
28 79 847 1
79 28 847 1
72 78 300 1
78 72 300 1
76 109 320 1
109 76 320 1
74 81 792 1
81 74 792 1
58 60 266 1
60 58 266 1
95 113 351 1
113 95 351 1
37 76 441 1
76 37 441 1
38 97 469 1
97 38 469 1
39 111 575 1
111 39 575 1
42 111 258 1
111 42 258 1
62 78 287 1
78 62 287 1
109 115 211 1
115 109 211 1
44 46 353 1
46 44 353 1
50 52 243 1
52 50 243 1
55 110 380 1
110 55 380 1
2 93 1417 1
93 2 1417 1
29 40 655 1
40 29 655 1
76 79 567 1
79 76 567 1
78 86 556 1
86 78 556 1
22 24 386 1
24 22 386 1
17 63 324 1
63 17 324 1
20 26 232 1
26 20 232 1
29 41 234 1
41 29 234 1
39 109 356 1
109 39 356 1
56 57 840 1
57 56 840 1
39 54 618 1
54 39 618 1
34 64 445 1
64 34 445 1
47 55 367 1
55 47 367 1
98 99 479 1
99 98 479 1
39 110 466 1
110 39 466 1
11 13 168 1
13 11 168 1
27 65 1171 1
65 27 1171 1
32 41 693 1
41 32 693 1
21 26 271 1
26 21 271 1
90 91 735 1
91 90 735 1
59 66 363 1
66 59 363 1
79 113 788 1
113 79 788 1
19 57 426 1
57 19 426 1
80 115 707 1
115 80 707 1
24 65 1330 1
65 24 1330 1
28 115 724 1
115 28 724 1
29 78 851 1
78 29 851 1
50 51 698 1
51 50 698 1
56 62 252 1
62 56 252 1
16 28 220 1
28 16 220 1
36 96 257 1
96 36 257 1
63 78 1033 1
78 63 1033 1
29 76 555 1
76 29 555 1
23 24 403 1
24 23 403 1
37 73 278 1
73 37 278 1
46 98 212 1
98 46 212 1
5 22 506 1
22 5 506 1
36 73 600 1
73 36 600 1
42 47 281 1
47 42 281 1
43 111 293 1
111 43 293 1
40 78 376 1
78 40 376 1
43 113 467 1
113 43 467 1
70 72 158 1
72 70 158 1
105 107 233 1
107 105 233 1
2 88 959 1
88 2 959 1
23 27 506 1
27 23 506 1
36 109 326 1
109 36 326 1
37 110 431 1
110 37 431 1
38 110 451 1
110 38 451 1
79 115 682 1
115 79 682 1
10 13 1004 1
13 10 1004 1
77 113 641 1
113 77 641 1
40 62 664 1
62 40 664 1
72 76 257 1
76 72 257 1
98 111 265 1
111 98 265 1
43 96 503 1
96 43 503 1
3 25 566 1
25 3 566 1
77 109 318 1
109 77 318 1
36 77 422 1
77 36 422 1
5 65 1232 1
65 5 1232 1
104 106 195 1
106 104 195 1
29 79 257 1
79 29 257 1
46 111 189 1
111 46 189 1
63 83 697 1
83 63 697 1
28 78 272 1
78 28 272 1
6 60 799 1
60 6 799 1
10 14 380 1
14 10 380 1
28 73 629 1
73 28 629 1
30 32 574 1
32 30 574 1
42 53 475 1
53 42 475 1
2 66 917 1
66 2 917 1
3 92 1420 1
92 3 1420 1
25 34 1006 1
34 25 1006 1
40 87 708 1
87 40 708 1
0 99 1111 1
99 0 1111 1
74 79 666 1
79 74 666 1
3 5 603 1
5 3 603 1
31 64 1128 1
64 31 1128 1
33 40 654 1
40 33 654 1
65 67 361 1
67 65 361 1
0 54 794 1
54 0 794 1
3 24 623 1
24 3 623 1
73 80 850 1
80 73 850 1
95 99 272 1
99 95 272 1
24 34 1021 1
34 24 1021 1
5 67 1194 1
67 5 1194 1
41 63 682 1
63 41 682 1
6 58 957 1
58 6 957 1
76 81 691 1
81 76 691 1
17 87 519 1
87 17 519 1
72 87 771 1
87 72 771 1
23 91 1352 1
91 23 1352 1
27 31 339 1
31 27 339 1
29 83 227 1
83 29 227 1
93 100 653 1
100 93 653 1
29 63 531 1
63 29 531 1
53 111 406 1
111 53 406 1
80 87 1107 1
87 80 1107 1
18 19 147 1
19 18 147 1
64 85 1107 1
85 64 1107 1
79 109 545 1
109 79 545 1
92 102 211 1
102 92 211 1
7 9 490 1
9 7 490 1
41 81 452 1
81 41 452 1
74 87 714 1
87 74 714 1
94 113 328 1
113 94 328 1
98 112 277 1
112 98 277 1
24 64 1287 1
64 24 1287 1
43 55 485 1
55 43 485 1
23 34 949 1
34 23 949 1
36 55 626 1
55 36 626 1
36 97 483 1
97 36 483 1
38 99 625 1
99 38 625 1
40 75 477 1
75 40 477 1
62 81 1169 1
81 62 1169 1
39 108 341 1
108 39 341 1
76 113 641 1
113 76 641 1
90 93 690 1
93 90 690 1
21 25 360 1
25 21 360 1
22 93 1426 1
93 22 1426 1
63 72 944 1
72 63 944 1
79 87 531 1
87 79 531 1
103 107 239 1
107 103 239 1
16 40 399 1
40 16 399 1
17 74 721 1
74 17 721 1
32 63 656 1
63 32 656 1
86 87 805 1
87 86 805 1
10 11 986 1
11 10 986 1
36 95 408 1
95 36 408 1
58 88 918 1
88 58 918 1
37 97 271 1
97 37 271 1
53 98 671 1
98 53 671 1
3 88 1145 1
88 3 1145 1
10 28 213 1
28 10 213 1
28 63 1049 1
63 28 1049 1
92 101 634 1
101 92 634 1
3 34 810 1
34 3 810 1
5 34 1016 1
34 5 1016 1
12 61 1246 1
61 12 1246 1
28 87 873 1
87 28 873 1
28 94 557 1
94 28 557 1
54 88 224 1
88 54 224 1
95 110 248 1
110 95 248 1
20 41 386 1
41 20 386 1
23 65 1169 1
65 23 1169 1
23 88 1119 1
88 23 1119 1
40 82 231 1
82 40 231 1
16 62 313 1
62 16 313 1
36 39 517 1
39 36 517 1
2 101 1431 1
101 2 1431 1
22 88 1044 1
88 22 1044 1
29 77 357 1
77 29 357 1
37 54 645 1
54 37 645 1
40 63 1007 1
63 40 1007 1
0 98 918 1
98 0 918 1
0 111 985 1
111 0 985 1
27 34 903 1
34 27 903 1
40 81 874 1
81 40 874 1
66 107 978 1
107 66 978 1
95 115 205 1
115 95 205 1
27 64 1222 1
64 27 1222 1
42 96 429 1
96 42 429 1
57 68 520 1
68 57 520 1
28 83 861 1
83 28 861 1
29 36 705 1
36 29 705 1
41 80 868 1
80 41 868 1
62 83 1241 1
83 62 1241 1
36 38 122 1
38 36 122 1
37 109 343 1
109 37 343 1
2 7 566 1
7 2 566 1
11 14 937 1
14 11 937 1
77 81 453 1
81 77 453 1
2 34 808 1
34 2 808 1
40 80 433 1
80 40 433 1
52 54 402 1
54 52 402 1
96 98 184 1
98 96 184 1
17 73 298 1
73 17 298 1
75 81 434 1
81 75 434 1
4 26 161 1
26 4 161 1
22 92 1425 1
92 22 1425 1
26 31 365 1
31 26 365 1
37 42 712 1
42 37 712 1
62 80 268 1
80 62 268 1
72 79 733 1
79 72 733 1
74 78 322 1
78 74 322 1
81 87 551 1
87 81 551 1
37 111 552 1
111 37 552 1
55 109 337 1
109 55 337 1
113 115 188 1
115 113 188 1
5 21 332 1
21 5 332 1
16 81 1063 1
81 16 1063 1
0 76 525 1
76 0 525 1
59 60 718 1
60 59 718 1
3 91 1236 1
91 3 1236 1
25 33 765 1
33 25 765 1
42 98 381 1
98 42 381 1
5 24 252 1
24 5 252 1
30 62 878 1
62 30 878 1
23 90 1391 1
90 23 1391 1
28 76 345 1
76 28 345 1
33 64 737 1
64 33 737 1
72 77 430 1
77 72 430 1
54 99 587 1
99 54 587 1
77 79 329 1
79 77 329 1
96 109 176 1
109 96 176 1
39 42 762 1
42 39 762 1
99 110 299 1
110 99 299 1
109 111 273 1
111 109 273 1
15 61 998 1
61 15 998 1
24 26 201 1
26 24 201 1
41 78 770 1
78 41 770 1
42 113 437 1
113 42 437 1
53 54 818 1
54 53 818 1
88 91 958 1
91 88 958 1
88 93 930 1
93 88 930 1
31 62 966 1
62 31 966 1
41 87 263 1
87 41 263 1
17 115 802 1
115 17 802 1
28 70 247 1
70 28 247 1
32 62 548 1
62 32 548 1
38 41 513 1
41 38 513 1
89 98 818 1
98 89 818 1
0 89 1205 1
89 0 1205 1
11 28 875 1
28 11 875 1
39 77 312 1
77 39 312 1
81 83 446 1
83 81 446 1
28 82 255 1
82 28 255 1
102 103 508 1
103 102 508 1
49 50 585 1
50 49 585 1
17 94 764 1
94 17 764 1
41 77 345 1
77 41 345 1
100 114 352 1
114 100 352 1
41 83 252 1
83 41 252 1
95 111 347 1
111 95 347 1
10 70 382 1
70 10 382 1
45 46 448 1
46 45 448 1
78 83 999 1
83 78 999 1
99 113 264 1
113 99 264 1
3 64 1134 1
64 3 1134 1
54 97 484 1
97 54 484 1
59 102 1214 1
102 59 1214 1
99 109 321 1
109 99 321 1
6 61 1132 1
61 6 1132 1
11 40 844 1
40 11 844 1
12 15 906 1
15 12 906 1
29 46 914 1
46 29 914 1
30 82 534 1
82 30 534 1
76 87 753 1
87 76 753 1
4 5 350 1
5 4 350 1
29 82 824 1
82 29 824 1
37 99 410 1
99 37 410 1
40 83 731 1
83 40 731 1
6 101 1437 1
101 6 1437 1
37 98 666 1
98 37 666 1
59 67 245 1
67 59 245 1
14 84 681 1
84 14 681 1
70 100 918 1
100 70 918 1
28 40 248 1
40 28 248 1
38 111 560 1
111 38 560 1
3 67 879 1
67 3 879 1
11 61 675 1
61 11 675 1
23 93 1407 1
93 23 1407 1
30 40 513 1
40 30 513 1
39 98 655 1
98 39 655 1
111 113 191 1
113 111 191 1
16 29 882 1
29 16 882 1
16 63 1092 1
63 16 1092 1
46 96 270 1
96 46 270 1
70 114 802 1
114 70 802 1
0 53 1230 1
53 0 1230 1
27 33 729 1
33 27 729 1
41 62 1018 1
62 41 1018 1
80 94 538 1
94 80 538 1
21 71 214 1
71 21 214 1
32 72 471 1
72 32 471 1
67 107 894 1
107 67 894 1
36 54 228 1
54 36 228 1
38 86 366 1
86 38 366 1
28 41 661 1
41 28 661 1
42 112 333 1
112 42 333 1
82 87 849 1
87 82 849 1
89 91 402 1
91 89 402 1
25 67 1191 1
67 25 1191 1
28 75 567 1
75 28 567 1
72 115 649 1
115 72 649 1
91 103 258 1
103 91 258 1
37 41 217 1
41 37 217 1
39 41 161 1
41 39 161 1
47 53 268 1
53 47 268 1
53 96 662 1
96 53 662 1
77 87 602 1
87 77 602 1
5 92 1324 1
92 5 1324 1
37 47 493 1
47 37 493 1
42 44 208 1
44 42 208 1
56 63 1014 1
63 56 1014 1
94 100 422 1
100 94 422 1
48 52 415 1
52 48 415 1
65 85 476 1
85 65 476 1
67 69 345 1
69 67 345 1
91 100 719 1
100 91 719 1
0 12 517 1
12 0 517 1
34 67 275 1
67 34 275 1
0 55 1069 1
55 0 1069 1
10 61 1158 1
61 10 1158 1
24 27 252 1
27 24 252 1
35 65 453 1
65 35 453 1
36 110 412 1
110 36 412 1
81 82 1081 1
82 81 1081 1
30 78 663 1
78 30 663 1
52 58 705 1
58 52 705 1
38 95 382 1
95 38 382 1
3 35 775 1
35 3 775 1
11 80 1102 1
80 11 1102 1
22 35 922 1
35 22 922 1
36 74 242 1
74 36 242 1
59 88 1182 1
88 59 1182 1
39 76 461 1
76 39 461 1
48 98 566 1
98 48 566 1
64 84 478 1
84 64 478 1
39 86 698 1
86 39 698 1
62 82 720 1
82 62 720 1
67 103 944 1
103 67 944 1
78 87 1016 1
87 78 1016 1
1 18 493 1
18 1 493 1
3 7 185 1
7 3 185 1
7 61 813 1
61 7 813 1
43 44 290 1
44 43 290 1
99 101 266 1
101 99 266 1
1 68 549 1
68 1 549 1
28 114 809 1
114 28 809 1
46 76 517 1
76 46 517 1
71 90 1013 1
90 71 1013 1
2 67 952 1
67 2 952 1
39 113 565 1
113 39 565 1
51 52 786 1
52 51 786 1
58 61 717 1
61 58 717 1
15 83 194 1
83 15 194 1
16 78 122 1
78 16 122 1
17 40 824 1
40 17 824 1
53 97 456 1
97 53 456 1
63 73 569 1
73 63 569 1
76 114 580 1
114 76 580 1
30 41 563 1
41 30 563 1
32 73 550 1
73 32 550 1
13 15 277 1
15 13 277 1
29 87 356 1
87 29 356 1
39 87 370 1
87 39 370 1
94 97 266 1
97 94 266 1
14 74 378 1
74 14 378 1
77 111 559 1
111 77 559 1
7 65 934 1
65 7 934 1
46 77 585 1
77 46 585 1
97 113 312 1
113 97 312 1
109 112 348 1
112 109 348 1
36 40 213 1
40 36 213 1
39 43 659 1
43 39 659 1
81 115 734 1
115 81 734 1
16 74 335 1
74 16 335 1
39 94 407 1
94 39 407 1
52 98 272 1
98 52 272 1
2 59 1058 1
59 2 1058 1
3 93 1309 1
93 3 1309 1
12 14 278 1
14 12 278 1
36 81 848 1
81 36 848 1
55 77 412 1
77 55 412 1
11 72 773 1
72 11 773 1
17 114 865 1
114 17 865 1
49 67 315 1
67 49 315 1
62 72 566 1
72 62 566 1
70 74 155 1
74 70 155 1
33 41 611 1
41 33 611 1
42 76 612 1
76 42 612 1
42 77 643 1
77 42 643 1
78 82 455 1
82 78 455 1
14 18 837 1
18 14 837 1
36 79 738 1
79 36 738 1
37 40 562 1
40 37 562 1
42 54 525 1
54 42 525 1
44 50 287 1
50 44 287 1
45 47 345 1
47 45 345 1
70 75 355 1
75 70 355 1
72 83 754 1
83 72 754 1
29 97 574 1
97 29 574 1
75 80 775 1
80 75 775 1
93 102 600 1
102 93 600 1
0 58 565 1
58 0 565 1
36 99 637 1
99 36 637 1
43 45 199 1
45 43 199 1
11 73 310 1
73 11 310 1
18 69 392 1
69 18 392 1
5 90 1279 1
90 5 1279 1
17 78 955 1
78 17 955 1
21 41 236 1
41 21 236 1
29 95 532 1
95 29 532 1
30 64 1064 1
64 30 1064 1
40 76 327 1
76 40 327 1
40 77 472 1
77 40 472 1
58 93 1138 1
93 58 1138 1
36 113 562 1
113 36 562 1
75 113 758 1
113 75 758 1
93 103 173 1
103 93 173 1
87 115 746 1
115 87 746 1
97 114 263 1
114 97 263 1
41 82 687 1
82 41 687 1
73 78 740 1
78 73 740 1
75 79 318 1
79 75 318 1
75 87 423 1
87 75 423 1
35 67 262 1
67 35 262 1
39 73 305 1
73 39 305 1
76 111 559 1
111 76 559 1
104 110 417 1
110 104 417 1
59 69 338 1
69 59 338 1
91 102 669 1
102 91 669 1
11 12 972 1
12 11 972 1
11 84 1188 1
84 11 1188 1
37 113 578 1
113 37 578 1
37 95 241 1
95 37 241 1
39 78 740 1
78 39 740 1
39 112 619 1
112 39 619 1
6 66 934 1
66 6 934 1
29 109 610 1
109 29 610 1
42 45 300 1
45 42 300 1
66 103 1026 1
103 66 1026 1
30 63 932 1
63 30 932 1
39 115 411 1
115 39 411 1
55 108 332 1
108 55 332 1
100 108 467 1
108 100 467 1
0 112 1084 1
112 0 1084 1
2 103 1363 1
103 2 1363 1
34 91 729 1
91 34 729 1
47 104 532 1
104 47 532 1
52 60 638 1
60 52 638 1
56 60 232 1
60 56 232 1
6 93 1425 1
93 6 1425 1
13 14 902 1
14 13 902 1
108 110 194 1
110 108 194 1
5 9 157 1
9 5 157 1
17 113 917 1
113 17 917 1
36 43 693 1
43 36 693 1
43 112 376 1
112 43 376 1
76 99 626 1
99 76 626 1
102 114 295 1
114 102 295 1
12 58 1025 1
58 12 1025 1
16 41 813 1
41 16 813 1
73 79 296 1
79 73 296 1
80 114 765 1
114 80 765 1
11 16 1004 1
16 11 1004 1
23 26 522 1
26 23 522 1
29 70 512 1
70 29 512 1
33 62 690 1
62 33 690 1
44 51 440 1
51 44 440 1
85 89 220 1
89 85 220 1
74 114 677 1
114 74 677 1
83 86 863 1
86 83 863 1
94 102 378 1
102 94 378 1
31 32 596 1
32 31 596 1
55 112 466 1
112 55 466 1
59 103 1115 1
103 59 1115 1
73 99 684 1
99 73 684 1
77 99 529 1
99 77 529 1
45 50 474 1
50 45 474 1
96 108 167 1
108 96 167 1
0 14 728 1
14 0 728 1
11 17 224 1
17 11 224 1
29 39 339 1
39 29 339 1
63 74 885 1
74 63 885 1
76 95 396 1
95 76 396 1
28 109 610 1
109 28 610 1
29 99 709 1
99 29 709 1
62 84 326 1
84 62 326 1
76 78 312 1
78 76 312 1
29 115 730 1
115 29 730 1
17 62 1129 1
62 17 1129 1
20 53 1075 1
53 20 1075 1
30 72 390 1
72 30 390 1
81 84 1146 1
84 81 1146 1
4 6 536 1
6 4 536 1
15 82 832 1
82 15 832 1
16 115 757 1
115 16 757 1
42 99 482 1
99 42 482 1
73 87 395 1
87 73 395 1
11 30 584 1
30 11 584 1
16 87 1049 1
87 16 1049 1
18 76 581 1
76 18 581 1
21 38 458 1
38 21 458 1
23 67 1077 1
67 23 1077 1
60 62 241 1
62 60 241 1
10 86 544 1
86 10 544 1
41 76 493 1
76 41 493 1
76 115 499 1
115 76 499 1
0 13 1027 1
13 0 1027 1
43 77 556 1
77 43 556 1
43 109 418 1
109 43 418 1
88 92 521 1
92 88 521 1
2 65 1144 1
65 2 1144 1
12 60 825 1
60 12 825 1
25 30 292 1
30 25 292 1
26 68 1080 1
68 26 1080 1
2 92 1350 1
92 2 1350 1
4 7 733 1
7 4 733 1
29 32 631 1
32 29 631 1
36 72 276 1
72 36 276 1
37 46 651 1
46 37 651 1
38 98 432 1
98 38 432 1
43 76 617 1
76 43 617 1
110 112 272 1
112 110 272 1
20 30 328 1
30 20 328 1
24 67 1223 1
67 24 1223 1
33 65 634 1
65 33 634 1
66 69 349 1
69 66 349 1
66 106 937 1
106 66 937 1
70 99 848 1
99 70 848 1
54 58 818 1
58 54 818 1
2 23 340 1
23 2 340 1
5 35 974 1
35 5 974 1
44 98 563 1
98 44 563 1
51 98 763 1
98 51 763 1
99 115 285 1
115 99 285 1
10 99 1105 1
99 10 1105 1
11 82 992 1
82 11 992 1
59 61 271 1
61 59 271 1
65 92 1075 1
92 65 1075 1
78 79 878 1
79 78 878 1
104 111 377 1
111 104 377 1
13 61 843 1
61 13 843 1
23 64 1238 1
64 23 1238 1
42 109 434 1
109 42 434 1
55 76 571 1
76 55 571 1
2 24 548 1
24 2 548 1
25 68 1101 1
68 25 1101 1
41 70 482 1
70 41 482 1
53 82 1252 1
82 53 1252 1
62 73 961 1
73 62 961 1
109 110 135 1
110 109 135 1
96 112 337 1
112 96 337 1
21 32 632 1
32 21 632 1
57 69 378 1
69 57 378 1
58 89 1156 1
89 58 1156 1
63 82 1211 1
82 63 1211 1
28 36 321 1
36 28 321 1
31 65 1062 1
65 31 1062 1
55 89 213 1
89 55 213 1
59 93 1026 1
93 59 1026 1
76 80 424 1
80 76 424 1
76 97 459 1
97 76 459 1
18 82 891 1
82 18 891 1
37 75 239 1
75 37 239 1
44 47 404 1
47 44 404 1
67 93 875 1
93 67 875 1
90 102 246 1
102 90 246 1
16 73 769 1
73 16 769 1
37 112 610 1
112 37 610 1
70 76 285 1
76 70 285 1
79 108 585 1
108 79 585 1
8 14 205 1
14 8 205 1
90 100 182 1
100 90 182 1
6 9 834 1
9 6 834 1
7 8 828 1
8 7 828 1
53 106 847 1
106 53 847 1
67 92 922 1
92 67 922 1
87 113 899 1
113 87 899 1
0 39 963 1
39 0 963 1
0 77 681 1
77 0 681 1
17 41 414 1
41 17 414 1
18 57 564 1
57 18 564 1
38 89 763 1
89 38 763 1
11 86 1027 1
86 11 1027 1
15 74 683 1
74 15 683 1
32 74 456 1
74 32 456 1
3 90 1350 1
90 3 1350 1
11 62 1169 1
62 11 1169 1
16 79 934 1
79 16 934 1
20 75 348 1
75 20 348 1
35 64 566 1
64 35 566 1
41 56 991 1
56 41 991 1
74 113 753 1
113 74 753 1
89 93 471 1
93 89 471 1
97 112 339 1
112 97 339 1
12 48 1186 1
48 12 1186 1
27 67 1105 1
67 27 1105 1
32 56 384 1
56 32 384 1
46 112 262 1
112 46 262 1
10 115 915 1
115 10 915 1
33 63 547 1
63 33 547 1
39 114 488 1
114 39 488 1
5 31 333 1
31 5 333 1
6 8 485 1
8 6 485 1
13 74 757 1
74 13 757 1
36 111 534 1
111 36 534 1
47 98 442 1
98 47 442 1
72 99 831 1
99 72 831 1
89 92 938 1
92 89 938 1
42 97 497 1
97 42 497 1
5 105 1032 1
105 5 1032 1
26 30 321 1
30 26 321 1
28 62 527 1
62 28 527 1
47 112 265 1
112 47 265 1
99 108 310 1
108 99 310 1
29 114 809 1
114 29 809 1
38 73 580 1
73 38 580 1
39 81 431 1
81 39 431 1
74 109 457 1
109 74 457 1
103 106 532 1
106 103 532 1
2 35 833 1
35 2 833 1
16 94 579 1
94 16 579 1
51 53 271 1
53 51 271 1
6 91 1386 1
91 6 1386 1
38 78 371 1
78 38 371 1
67 91 790 1
91 67 790 1
77 114 582 1
114 77 582 1
102 108 413 1
108 102 413 1
21 30 349 1
30 21 349 1
21 40 380 1
40 21 380 1
29 62 1067 1
62 29 1067 1
42 110 303 1
110 42 303 1
77 95 322 1
95 77 322 1
83 87 158 1
87 83 158 1
24 90 1265 1
90 24 1265 1
28 86 383 1
86 28 383 1
32 83 847 1
83 32 847 1
38 53 897 1
53 38 897 1
46 110 220 1
110 46 220 1
74 82 336 1
82 74 336 1
82 84 544 1
84 82 544 1
10 15 968 1
15 10 968 1
13 44 1244 1
44 13 1244 1
16 56 380 1
56 16 380 1
29 86 839 1
86 29 839 1
46 48 368 1
48 46 368 1
53 83 977 1
83 53 977 1
74 115 586 1
115 74 586 1
77 97 366 1
97 77 366 1
80 82 469 1
82 80 469 1
93 105 305 1
105 93 305 1
14 28 286 1
28 14 286 1
31 40 592 1
40 31 592 1
59 106 1174 1
106 59 1174 1
101 108 495 1
108 101 495 1
108 111 286 1
111 108 286 1
17 75 351 1
75 17 351 1
22 103 1359 1
103 22 1359 1
29 30 533 1
30 29 533 1
29 94 678 1
94 29 678 1
39 46 678 1
46 39 678 1
47 97 280 1
97 47 280 1
72 82 298 1
82 72 298 1
80 83 1100 1
83 80 1100 1
22 101 1426 1
101 22 1426 1
70 77 376 1
77 70 376 1
0 97 963 1
97 0 963 1
41 98 784 1
98 41 784 1
78 115 652 1
115 78 652 1
1 14 1077 1
14 1 1077 1
3 66 920 1
66 3 920 1
10 81 1126 1
81 10 1126 1
11 29 239 1
29 11 239 1
28 77 540 1
77 28 540 1
47 105 464 1
105 47 464 1
55 113 437 1
113 55 437 1
71 93 964 1
93 71 964 1
17 109 666 1
109 17 666 1
65 91 690 1
91 65 690 1
75 99 632 1
99 75 632 1
15 60 1288 1
60 15 1288 1
39 89 325 1
89 39 325 1
42 79 812 1
79 42 812 1
46 99 446 1
99 46 446 1
60 63 1021 1
63 60 1021 1
67 104 923 1
104 67 923 1
74 86 416 1
86 74 416 1
10 74 381 1
74 10 381 1
3 27 634 1
27 3 634 1
5 93 1207 1
93 5 1207 1
9 15 219 1
15 9 219 1
65 66 537 1
66 65 537 1
66 104 942 1
104 66 942 1
84 87 1148 1
87 84 1148 1
16 114 827 1
114 16 827 1
17 44 951 1
44 17 951 1
23 35 930 1
35 23 930 1
27 105 897 1
105 27 897 1
70 102 879 1
102 70 879 1
14 87 842 1
87 14 842 1
17 70 666 1
70 17 666 1
73 97 530 1
97 73 530 1
75 114 683 1
114 75 683 1
85 88 1097 1
88 85 1097 1
8 109 958 1
109 8 958 1
32 75 514 1
75 32 514 1
40 86 262 1
86 40 262 1
82 85 1121 1
85 82 1121 1
15 40 725 1
40 15 725 1
24 31 318 1
31 24 318 1
43 79 634 1
79 43 634 1
79 95 480 1
95 79 480 1
96 104 297 1
104 96 297 1
22 90 1341 1
90 22 1341 1
29 37 304 1
37 29 304 1
75 109 462 1
109 75 462 1
81 94 732 1
94 81 732 1
84 86 610 1
86 84 610 1
88 103 842 1
103 88 842 1
1 82 1112 1
82 1 1112 1
5 47 1154 1
47 5 1154 1
43 97 409 1
97 43 409 1
70 98 776 1
98 70 776 1
72 114 738 1
114 72 738 1
80 86 567 1
86 80 567 1
105 106 359 1
106 105 359 1
0 42 911 1
42 0 911 1
13 17 364 1
17 13 364 1
17 76 648 1
76 17 648 1
20 71 311 1
71 20 311 1
24 66 1233 1
66 24 1233 1
29 55 507 1
55 29 507 1
34 66 268 1
66 34 268 1
5 104 1063 1
104 5 1063 1
9 30 478 1
30 9 478 1
10 84 516 1
84 10 516 1
11 63 488 1
63 11 488 1
70 109 564 1
109 70 564 1
70 113 878 1
113 70 878 1
33 82 804 1
82 33 804 1
43 108 477 1
108 43 477 1
58 67 368 1
67 58 368 1
93 112 343 1
112 93 343 1
6 12 248 1
12 6 248 1
11 78 988 1
78 11 988 1
11 81 403 1
81 11 403 1
44 55 743 1
55 44 743 1
100 115 381 1
115 100 381 1
0 38 744 1
38 0 744 1
31 82 641 1
82 31 641 1
38 85 837 1
85 38 837 1
81 86 1091 1
86 81 1091 1
96 113 315 1
113 96 315 1
97 115 218 1
115 97 218 1
7 64 1244 1
64 7 1244 1
11 115 948 1
115 11 948 1
63 79 303 1
79 63 303 1
2 89 1170 1
89 2 1170 1
11 114 1023 1
114 11 1023 1
14 76 580 1
76 14 580 1
36 84 341 1
84 36 341 1
22 67 1070 1
67 22 1070 1
38 87 730 1
87 38 730 1
44 113 636 1
113 44 636 1
46 83 1042 1
83 46 1042 1
47 107 509 1
107 47 509 1
20 60 911 1
60 20 911 1
27 71 367 1
71 27 367 1
30 86 614 1
86 30 614 1
36 75 517 1
75 36 517 1
37 74 520 1
74 37 520 1
52 61 1057 1
61 52 1057 1
54 111 422 1
111 54 422 1
30 73 455 1
73 30 455 1
38 77 447 1
77 38 447 1
53 99 316 1
99 53 316 1
53 104 704 1
104 53 704 1
71 92 1069 1
92 71 1069 1
12 49 1320 1
49 12 1320 1
19 79 658 1
79 19 658 1
15 18 910 1
18 15 910 1
17 36 828 1
36 17 828 1
26 69 1109 1
69 26 1109 1
73 113 827 1
113 73 827 1
73 114 754 1
114 73 754 1
25 35 978 1
35 25 978 1
36 114 494 1
114 36 494 1
42 108 485 1
108 42 485 1
46 75 767 1
75 46 767 1
99 103 258 1
103 99 258 1
6 107 1177 1
107 6 1177 1
58 103 1188 1
103 58 1188 1
2 104 1217 1
104 2 1217 1
7 92 1445 1
92 7 1445 1
31 71 265 1
71 31 265 1
37 87 433 1
87 37 433 1
99 100 610 1
100 99 610 1
99 114 265 1
114 99 265 1
103 110 496 1
110 103 496 1
0 56 174 1
56 0 174 1
4 20 334 1
20 4 334 1
7 11 254 1
11 7 254 1
23 103 1345 1
103 23 1345 1
73 109 538 1
109 73 538 1
80 84 162 1
84 80 162 1
87 94 753 1
94 87 753 1
14 20 320 1
20 14 320 1
16 32 504 1
32 16 504 1
25 90 1282 1
90 25 1282 1
71 91 911 1
91 71 911 1
100 109 518 1
109 100 518 1
0 109 816 1
109 0 816 1
10 102 973 1
102 10 973 1
30 87 699 1
87 30 699 1
39 85 433 1
85 39 433 1
49 66 437 1
66 49 437 1
67 105 903 1
105 67 903 1
77 80 662 1
80 77 662 1
0 6 417 1
6 0 417 1
2 107 1169 1
107 2 1169 1
9 82 826 1
82 9 826 1
11 75 388 1
75 11 388 1
62 85 1177 1
85 62 1177 1
105 112 319 1
112 105 319 1
110 113 304 1
113 110 304 1
0 88 782 1
88 0 782 1
3 89 961 1
89 3 961 1
5 91 1178 1
91 5 1178 1
15 75 396 1
75 15 396 1
23 89 1070 1
89 23 1070 1
27 88 863 1
88 27 863 1
49 98 742 1
98 49 742 1
59 100 1223 1
100 59 1223 1
39 53 692 1
53 39 692 1
89 99 398 1
99 89 398 1
5 64 1350 1
64 5 1350 1
5 107 867 1
107 5 867 1
6 59 1126 1
59 6 1126 1
11 87 539 1
87 11 539 1
16 70 409 1
70 16 409 1
8 15 741 1
15 8 741 1
22 26 505 1
26 22 505 1
96 103 531 1
103 96 531 1
101 104 464 1
104 101 464 1
15 30 522 1
30 15 522 1
17 83 381 1
83 17 381 1
32 82 768 1
82 32 768 1
56 78 391 1
78 56 391 1
72 86 399 1
86 72 399 1
24 68 1109 1
68 24 1109 1
62 74 590 1
74 62 590 1
77 78 550 1
78 77 550 1
89 96 700 1
96 89 700 1
91 105 371 1
105 91 371 1
1 56 851 1
56 1 851 1
10 80 357 1
80 10 357 1
43 99 372 1
99 43 372 1
44 87 1225 1
87 44 1225 1
40 56 722 1
56 40 722 1
41 86 672 1
86 41 672 1
70 115 709 1
115 70 709 1
0 61 943 1
61 0 943 1
5 68 1146 1
68 5 1146 1
20 32 609 1
32 20 609 1
22 85 1113 1
85 22 1113 1
22 89 1126 1
89 22 1126 1
39 72 575 1
72 39 575 1
56 97 920 1
97 56 920 1
74 99 759 1
99 74 759 1
20 70 213 1
70 20 213 1
25 69 1122 1
69 25 1122 1
32 78 484 1
78 32 484 1
53 56 1149 1
56 53 1149 1
85 86 1120 1
86 85 1120 1
97 98 437 1
98 97 437 1
10 87 1058 1
87 10 1058 1
13 80 1155 1
80 13 1155 1
26 33 750 1
33 26 750 1
50 63 1042 1
63 50 1042 1
53 89 552 1
89 53 552 1
91 112 368 1
112 91 368 1
7 31 345 1
31 7 345 1
21 105 742 1
105 21 742 1
36 108 330 1
108 36 330 1
38 47 654 1
47 38 654 1
46 54 354 1
54 46 354 1
54 95 438 1
95 54 438 1
56 82 787 1
82 56 787 1
26 107 808 1
107 26 808 1
30 74 403 1
74 30 403 1
60 66 370 1
66 60 370 1
65 84 1120 1
84 65 1120 1
8 61 1371 1
61 8 1371 1
38 40 158 1
40 38 158 1
65 93 802 1
93 65 802 1
1 69 441 1
69 1 441 1
15 28 819 1
28 15 819 1
20 74 213 1
74 20 213 1
28 100 825 1
100 28 825 1
0 36 643 1
36 0 643 1
31 41 528 1
41 31 528 1
77 96 456 1
96 77 456 1
0 46 865 1
46 0 865 1
10 71 639 1
71 10 639 1
13 79 476 1
79 13 476 1
92 103 574 1
103 92 574 1
13 49 1151 1
49 13 1151 1
13 115 1018 1
115 13 1018 1
32 81 728 1
81 32 728 1
37 79 267 1
79 37 267 1
73 83 298 1
83 73 298 1
0 60 405 1
60 0 405 1
13 28 892 1
28 13 892 1
18 84 897 1
84 18 897 1
24 91 1303 1
91 24 1303 1
45 67 282 1
67 45 282 1
66 88 875 1
88 66 875 1
105 110 411 1
110 105 411 1
112 113 116 1
113 112 116 1
31 86 707 1
86 31 707 1
38 42 697 1
42 38 697 1
46 97 424 1
97 46 424 1
52 59 956 1
59 52 956 1
62 86 828 1
86 62 828 1
73 86 744 1
86 73 744 1
2 5 685 1
5 2 685 1
38 43 745 1
43 38 745 1
59 104 1146 1
104 59 1146 1
70 81 769 1
81 70 769 1
93 104 478 1
104 93 478 1
102 115 318 1
115 102 318 1
0 96 812 1
96 0 812 1
27 47 1038 1
47 27 1038 1
27 107 753 1
107 27 753 1
29 113 879 1
113 29 879 1
37 81 336 1
81 37 336 1
26 104 905 1
104 26 905 1
33 83 733 1
83 33 733 1
36 98 402 1
98 36 402 1
81 109 623 1
109 81 623 1
89 90 968 1
90 89 968 1
15 41 349 1
41 15 349 1
20 72 238 1
72 20 238 1
39 79 371 1
79 39 371 1
57 59 382 1
59 57 382 1
81 113 820 1
113 81 820 1
81 114 782 1
114 81 782 1
36 80 330 1
80 36 330 1
67 106 941 1
106 67 941 1
108 112 335 1
112 108 335 1
4 107 958 1
107 4 958 1
10 100 983 1
100 10 983 1
20 73 397 1
73 20 397 1
36 87 808 1
87 36 808 1
48 71 1030 1
71 48 1030 1
53 112 421 1
112 53 421 1
58 91 1077 1
91 58 1077 1
88 90 414 1
90 88 414 1
92 94 455 1
94 92 455 1
104 112 332 1
112 104 332 1
9 26 419 1
26 9 419 1
10 54 681 1
54 10 681 1
37 72 595 1
72 37 595 1
39 75 260 1
75 39 260 1
42 51 463 1
51 42 463 1
46 109 326 1
109 46 326 1
55 104 526 1
104 55 526 1
99 102 560 1
102 99 560 1
9 33 834 1
33 9 834 1
30 83 641 1
83 30 641 1
72 109 524 1
109 72 524 1
77 110 393 1
110 77 393 1
100 112 410 1
112 100 410 1
5 33 790 1
33 5 790 1
11 41 473 1
41 11 473 1
39 40 508 1
40 39 508 1
39 47 551 1
47 39 551 1
77 86 724 1
86 77 724 1
7 33 515 1
33 7 515 1
10 98 865 1
98 10 865 1
25 66 1220 1
66 25 1220 1
28 46 774 1
46 28 774 1
31 78 755 1
78 31 755 1
37 70 546 1
70 37 546 1
101 112 405 1
112 101 405 1
0 1 800 1
1 0 800 1
5 69 1149 1
69 5 1149 1
10 48 1025 1
48 10 1025 1
12 28 275 1
28 12 275 1
25 92 1338 1
92 25 1338 1
57 79 431 1
79 57 431 1
73 82 720 1
82 73 720 1
100 113 356 1
113 100 356 1
6 103 1362 1
103 6 1362 1
13 48 1332 1
48 13 1332 1
15 62 1246 1
62 15 1246 1
45 98 655 1
98 45 655 1
49 107 859 1
107 49 859 1
58 102 1067 1
102 58 1067 1
76 82 520 1
82 76 520 1
78 97 697 1
97 78 697 1
28 30 436 1
30 28 436 1
43 95 483 1
95 43 483 1
0 74 551 1
74 0 551 1
14 70 380 1
70 14 380 1
15 63 805 1
63 15 805 1
19 59 618 1
59 19 618 1
20 40 225 1
40 20 225 1
20 46 831 1
46 20 831 1
66 93 972 1
93 66 972 1
14 86 272 1
86 14 272 1
54 86 568 1
86 54 568 1
55 86 895 1
86 55 895 1
17 19 648 1
19 17 648 1
17 32 646 1
32 17 646 1
49 90 859 1
90 49 859 1
76 94 331 1
94 76 331 1
81 99 581 1
99 81 581 1
95 100 576 1
100 95 576 1
10 72 309 1
72 10 309 1
20 38 349 1
38 20 349 1
26 34 907 1
34 26 907 1
36 41 570 1
41 36 570 1
57 63 249 1
63 57 249 1
70 87 695 1
87 70 695 1
75 111 718 1
111 75 718 1
75 115 597 1
115 75 597 1
5 88 1026 1
88 5 1026 1
11 64 1218 1
64 11 1218 1
22 107 1142 1
107 22 1142 1
28 95 668 1
95 28 668 1
58 104 1061 1
104 58 1061 1
4 30 322 1
30 4 322 1
4 53 1405 1
53 4 1405 1
11 76 704 1
76 11 704 1
20 27 271 1
27 20 271 1
20 98 764 1
98 20 764 1
21 104 765 1
104 21 765 1
28 44 945 1
44 28 945 1
28 99 923 1
99 28 923 1
87 114 818 1
114 87 818 1
9 31 394 1
31 9 394 1
20 77 434 1
77 20 434 1
33 47 731 1
47 33 731 1
78 94 474 1
94 78 474 1
86 89 1016 1
89 86 1016 1
18 30 564 1
30 18 564 1
27 35 871 1
35 27 871 1
32 110 609 1
110 32 609 1
36 70 395 1
70 36 395 1
36 85 845 1
85 36 845 1
38 109 342 1
109 38 342 1
59 90 1104 1
90 59 1104 1
73 95 476 1
95 73 476 1
90 101 719 1
101 90 719 1
95 112 395 1
112 95 395 1
12 45 1250 1
45 12 1250 1
14 81 1094 1
81 14 1094 1
21 47 833 1
47 21 833 1
28 102 802 1
102 28 802 1
40 84 485 1
84 40 485 1
43 53 293 1
53 43 293 1
43 98 522 1
98 43 522 1
44 112 534 1
112 44 534 1
76 98 527 1
98 76 527 1
4 33 810 1
33 4 810 1
17 77 417 1
77 17 417 1
36 42 628 1
42 36 628 1
40 79 762 1
79 40 762 1
56 73 886 1
73 56 886 1
85 97 439 1
97 85 439 1
91 104 542 1
104 91 542 1
94 101 576 1
101 94 576 1
26 71 422 1
71 26 422 1
47 49 380 1
49 47 380 1
58 98 810 1
98 58 810 1
70 112 906 1
112 70 906 1
11 77 511 1
77 11 511 1
13 100 1359 1
100 13 1359 1
30 52 1201 1
52 30 1201 1
39 74 501 1
74 39 501 1
47 48 490 1
48 47 490 1
8 95 956 1
95 8 956 1
27 68 1083 1
68 27 1083 1
36 82 401 1
82 36 401 1
45 106 909 1
106 45 909 1
47 103 476 1
103 47 476 1
77 115 503 1
115 77 503 1
100 103 576 1
103 100 576 1
2 108 982 1
108 2 982 1
6 53 1419 1
53 6 1419 1
51 54 884 1
54 51 884 1
10 89 1185 1
89 10 1185 1
27 93 1095 1
93 27 1095 1
31 63 863 1
63 31 863 1
47 99 231 1
99 47 231 1
78 95 636 1
95 78 636 1
105 111 367 1
111 105 367 1
0 70 525 1
70 0 525 1
1 84 1139 1
84 1 1139 1
10 82 401 1
82 10 401 1
32 64 603 1
64 32 603 1
80 102 700 1
102 80 700 1
80 113 810 1
113 80 810 1
102 109 475 1
109 102 475 1
10 45 1113 1
45 10 1113 1
26 105 921 1
105 26 921 1
30 50 1195 1
50 30 1195 1
30 80 748 1
80 30 748 1
35 94 438 1
94 35 438 1
12 59 1240 1
59 12 1240 1
18 74 626 1
74 18 626 1
39 80 834 1
80 39 834 1
42 95 547 1
95 42 547 1
48 107 958 1
107 48 958 1
53 88 1043 1
88 53 1043 1
58 101 1214 1
101 58 1214 1
