116 2668
42 43 239 1
43 42 239 1
4 14 255 1
14 4 255 1
4 8 148 1
8 4 148 1
24 25 135 1
25 24 135 1
74 75 389 1
75 74 389 1
73 74 458 1
74 73 458 1
5 9 157 1
9 5 157 1
41 73 204 1
73 41 204 1
73 75 84 1
75 73 84 1
30 31 127 1
31 30 127 1
74 76 203 1
76 74 203 1
8 14 205 1
14 8 205 1
75 76 374 1
76 75 374 1
62 63 1134 1
63 62 1134 1
28 29 741 1
29 28 741 1
76 77 238 1
77 76 238 1
3 23 271 1
23 3 271 1
78 79 878 1
79 78 878 1
2 6 165 1
6 2 165 1
9 15 219 1
15 9 219 1
75 77 210 1
77 75 210 1
29 72 629 1
72 29 629 1
1 57 172 1
57 1 172 1
41 74 484 1
74 41 484 1
28 72 116 1
72 28 116 1
36 40 213 1
40 36 213 1
17 79 135 1
79 17 135 1
41 75 187 1
75 41 187 1
40 41 506 1
41 40 506 1
45 49 111 1
49 45 111 1
32 33 149 1
33 32 149 1
72 74 76 1
74 72 76 1
44 45 194 1
45 44 194 1
44 49 304 1
49 44 304 1
68 69 164 1
69 68 164 1
60 61 893 1
61 60 893 1
73 76 450 1
76 73 450 1
17 78 955 1
78 17 955 1
11 13 168 1
13 11 168 1
17 80 1070 1
80 17 1070 1
105 115 176 1
115 105 176 1
58 59 496 1
59 58 496 1
17 29 223 1
29 17 223 1
52 58 705 1
58 52 705 1
59 61 271 1
61 59 271 1
5 15 278 1
15 5 278 1
70 71 263 1
71 70 263 1
72 76 257 1
76 72 257 1
7 65 934 1
65 7 934 1
41 72 550 1
72 41 550 1
74 77 362 1
77 74 362 1
98 111 265 1
111 98 265 1
29 78 851 1
78 29 851 1
26 27 135 1
27 26 135 1
52 60 638 1
60 52 638 1
22 23 140 1
23 22 140 1
91 93 118 1
93 91 118 1
104 105 204 1
105 104 204 1
33 44 737 1
44 33 737 1
72 73 517 1
73 72 517 1
94 108 97 1
108 94 97 1
25 30 292 1
30 25 292 1
37 39 117 1
39 37 117 1
31 33 517 1
33 31 517 1
13 15 277 1
15 13 277 1
39 96 494 1
96 39 494 1
3 7 185 1
7 3 185 1
0 61 943 1
61 0 943 1
36 80 330 1
80 36 330 1
72 75 453 1
75 72 453 1
38 39 465 1
39 38 465 1
37 41 217 1
41 37 217 1
98 99 479 1
99 98 479 1
12 61 1246 1
61 12 1246 1
7 92 1445 1
92 7 1445 1
24 30 283 1
30 24 283 1
78 80 116 1
80 78 116 1
40 74 182 1
74 40 182 1
2 22 228 1
22 2 228 1
48 66 357 1
66 48 357 1
4 70 430 1
70 4 430 1
36 72 276 1
72 36 276 1
87 89 476 1
89 87 476 1
4 5 350 1
5 4 350 1
57 63 249 1
63 57 249 1
72 78 300 1
78 72 300 1
95 109 146 1
109 95 146 1
28 32 528 1
32 28 528 1
10 18 609 1
18 10 609 1
35 67 262 1
67 35 262 1
95 108 123 1
108 95 123 1
58 60 266 1
60 58 266 1
73 77 274 1
77 73 274 1
90 102 246 1
102 90 246 1
101 103 106 1
103 101 106 1
59 66 363 1
66 59 363 1
85 87 616 1
87 85 616 1
14 70 380 1
70 14 380 1
30 33 526 1
33 30 526 1
29 36 705 1
36 29 705 1
29 80 961 1
80 29 961 1
92 100 157 1
100 92 157 1
60 62 241 1
62 60 241 1
23 92 1466 1
92 23 1466 1
37 73 278 1
73 37 278 1
108 115 135 1
115 108 135 1
42 46 173 1
46 42 173 1
36 78 263 1
78 36 263 1
58 66 198 1
66 58 198 1
36 41 570 1
41 36 570 1
83 87 158 1
87 83 158 1
25 31 272 1
31 25 272 1
37 77 246 1
77 37 246 1
3 92 1420 1
92 3 1420 1
12 60 825 1
60 12 825 1
52 59 956 1
59 52 956 1
104 106 195 1
106 104 195 1
37 38 515 1
38 37 515 1
71 77 297 1
77 71 297 1
79 80 991 1
80 79 991 1
15 27 336 1
27 15 336 1
40 72 200 1
72 40 200 1
48 59 599 1
59 48 599 1
29 73 113 1
73 29 113 1
52 61 1057 1
61 52 1057 1
5 8 493 1
8 5 493 1
9 14 725 1
14 9 725 1
9 25 252 1
25 9 252 1
34 35 126 1
35 34 126 1
55 98 606 1
98 55 606 1
38 40 158 1
40 38 158 1
80 81 1113 1
81 80 1113 1
20 21 185 1
21 20 185 1
41 76 493 1
76 41 493 1
60 63 1021 1
63 60 1021 1
103 104 369 1
104 103 369 1
60 89 1195 1
89 60 1195 1
99 111 265 1
111 99 265 1
0 60 405 1
60 0 405 1
7 9 490 1
9 7 490 1
8 9 638 1
9 8 638 1
29 79 257 1
79 29 257 1
79 81 136 1
81 79 136 1
23 85 1053 1
85 23 1053 1
43 46 341 1
46 43 341 1
90 91 735 1
91 90 735 1
90 106 378 1
106 90 378 1
105 114 152 1
114 105 152 1
5 14 572 1
14 5 572 1
28 78 272 1
78 28 272 1
33 35 375 1
35 33 375 1
99 101 266 1
101 99 266 1
40 73 549 1
73 40 549 1
64 65 897 1
65 64 897 1
17 81 182 1
81 17 182 1
29 33 510 1
33 29 510 1
36 79 738 1
79 36 738 1
102 106 217 1
106 102 217 1
54 55 651 1
55 54 651 1
59 60 718 1
60 59 718 1
3 85 893 1
85 3 893 1
101 104 464 1
104 101 464 1
28 36 321 1
36 28 321 1
39 83 378 1
83 39 378 1
1 63 334 1
63 1 334 1
99 103 258 1
103 99 258 1
2 50 1192 1
50 2 1192 1
35 110 305 1
110 35 305 1
102 104 159 1
104 102 159 1
5 25 129 1
25 5 129 1
102 103 508 1
103 102 508 1
29 76 555 1
76 29 555 1
18 19 147 1
19 18 147 1
46 96 270 1
96 46 270 1
93 101 103 1
101 93 103 1
7 64 1244 1
64 7 1244 1
4 9 500 1
9 4 500 1
10 11 986 1
11 10 986 1
48 52 415 1
52 48 415 1
2 93 1417 1
93 2 1417 1
48 58 400 1
58 48 400 1
63 80 1146 1
80 63 1146 1
8 70 477 1
70 8 477 1
27 85 894 1
85 27 894 1
40 75 477 1
75 40 477 1
36 74 242 1
74 36 242 1
47 110 210 1
110 47 210 1
104 115 184 1
115 104 184 1
17 36 828 1
36 17 828 1
46 55 584 1
55 46 584 1
101 102 595 1
102 101 595 1
1 73 531 1
73 1 531 1
12 48 1186 1
48 12 1186 1
5 7 538 1
7 5 538 1
17 72 781 1
72 17 781 1
90 92 135 1
92 90 135 1
94 95 213 1
95 94 213 1
98 102 260 1
102 98 260 1
2 91 1366 1
91 2 1366 1
3 65 942 1
65 3 942 1
8 12 346 1
12 8 346 1
43 45 199 1
45 43 199 1
29 41 234 1
41 29 234 1
0 58 565 1
58 0 565 1
1 62 1027 1
62 1 1027 1
3 64 1134 1
64 3 1134 1
29 32 631 1
32 29 631 1
36 95 408 1
95 36 408 1
93 104 478 1
104 93 478 1
36 73 600 1
73 36 600 1
62 80 268 1
80 62 268 1
28 33 585 1
33 28 585 1
48 51 548 1
51 48 548 1
33 45 716 1
45 33 716 1
41 77 345 1
77 41 345 1
58 61 717 1
61 58 717 1
37 40 562 1
40 37 562 1
8 51 1496 1
51 8 1496 1
57 62 1000 1
62 57 1000 1
29 74 571 1
74 29 571 1
52 89 1027 1
89 52 1027 1
6 93 1425 1
93 6 1425 1
10 82 401 1
82 10 401 1
12 14 278 1
14 12 278 1
38 96 284 1
96 38 284 1
4 12 434 1
12 4 434 1
35 45 385 1
45 35 385 1
12 52 1107 1
52 12 1107 1
31 45 1171 1
45 31 1171 1
32 78 484 1
78 32 484 1
37 75 239 1
75 37 239 1
55 96 492 1
96 55 492 1
71 75 163 1
75 71 163 1
37 74 520 1
74 37 520 1
114 115 96 1
115 114 96 1
15 25 386 1
25 15 386 1
34 110 327 1
110 34 327 1
46 47 309 1
47 46 309 1
10 16 218 1
16 10 218 1
35 44 409 1
44 35 409 1
99 112 272 1
112 99 272 1
28 80 329 1
80 28 329 1
79 95 480 1
95 79 480 1
7 15 461 1
15 7 461 1
37 43 584 1
43 37 584 1
56 79 965 1
79 56 965 1
29 37 304 1
37 29 304 1
62 81 1169 1
81 62 1169 1
83 96 859 1
96 83 859 1
12 59 1240 1
59 12 1240 1
36 38 122 1
38 36 122 1
36 76 232 1
76 36 232 1
103 106 532 1
106 103 532 1
13 61 843 1
61 13 843 1
22 84 1027 1
84 22 1027 1
111 112 111 1
112 111 111 1
82 84 544 1
84 82 544 1
5 65 1232 1
65 5 1232 1
28 76 345 1
76 28 345 1
36 37 542 1
37 36 542 1
21 27 209 1
27 21 209 1
29 95 532 1
95 29 532 1
31 44 1185 1
44 31 1185 1
90 105 516 1
105 90 516 1
20 26 232 1
26 20 232 1
42 83 1110 1
83 42 1110 1
3 6 559 1
6 3 559 1
65 92 1075 1
92 65 1075 1
78 95 636 1
95 78 636 1
0 12 517 1
12 0 517 1
37 83 399 1
83 37 399 1
90 104 351 1
104 90 351 1
37 42 712 1
42 37 712 1
29 75 189 1
75 29 189 1
6 7 710 1
7 6 710 1
37 96 506 1
96 37 506 1
5 24 252 1
24 5 252 1
15 21 348 1
21 15 348 1
32 80 590 1
80 32 590 1
72 80 384 1
80 72 384 1
28 75 567 1
75 28 567 1
23 27 506 1
27 23 506 1
34 67 275 1
67 34 275 1
32 79 600 1
79 32 600 1
0 59 847 1
59 0 847 1
6 91 1386 1
91 6 1386 1
91 101 197 1
101 91 197 1
96 110 214 1
110 96 214 1
52 90 240 1
90 52 240 1
102 105 355 1
105 102 355 1
76 78 312 1
78 76 312 1
17 57 439 1
57 17 439 1
31 43 1106 1
43 31 1106 1
43 110 298 1
110 43 298 1
90 98 163 1
98 90 163 1
110 111 172 1
111 110 172 1
7 23 337 1
23 7 337 1
93 103 173 1
103 93 173 1
97 113 312 1
113 97 312 1
17 95 598 1
95 17 598 1
28 40 248 1
40 28 248 1
88 89 1035 1
89 88 1035 1
23 64 1238 1
64 23 1238 1
28 73 629 1
73 28 629 1
92 93 608 1
93 92 608 1
97 99 180 1
99 97 180 1
29 31 454 1
31 29 454 1
30 32 574 1
32 30 574 1
94 97 266 1
97 94 266 1
66 69 349 1
69 66 349 1
32 44 667 1
44 32 667 1
29 77 357 1
77 29 357 1
39 41 161 1
41 39 161 1
96 97 322 1
97 96 322 1
38 83 760 1
83 38 760 1
42 110 303 1
110 42 303 1
1 17 391 1
17 1 391 1
28 74 188 1
74 28 188 1
51 53 271 1
53 51 271 1
58 69 426 1
69 58 426 1
106 107 486 1
107 106 486 1
46 97 424 1
97 46 424 1
12 13 959 1
13 12 959 1
16 28 220 1
28 16 220 1
28 41 661 1
41 28 661 1
41 95 382 1
95 41 382 1
17 62 1129 1
62 17 1129 1
26 85 985 1
85 26 985 1
15 65 1052 1
65 15 1052 1
25 49 1387 1
49 25 1387 1
37 87 433 1
87 37 433 1
52 66 667 1
66 52 667 1
71 76 392 1
76 71 392 1
83 85 549 1
85 83 549 1
24 31 318 1
31 24 318 1
30 44 1163 1
44 30 1163 1
0 52 934 1
52 0 934 1
39 40 508 1
40 39 508 1
108 109 87 1
109 108 87 1
23 113 1322 1
113 23 1322 1
17 56 1024 1
56 17 1024 1
72 79 733 1
79 72 733 1
16 80 152 1
80 16 152 1
2 3 405 1
3 2 405 1
32 72 471 1
72 32 471 1
14 15 772 1
15 14 772 1
20 70 213 1
70 20 213 1
29 40 655 1
40 29 655 1
40 78 376 1
78 40 376 1
68 80 778 1
80 68 778 1
3 22 347 1
22 3 347 1
20 24 393 1
24 20 393 1
12 58 1025 1
58 12 1025 1
103 113 295 1
113 103 295 1
40 76 327 1
76 40 327 1
104 114 171 1
114 104 171 1
25 45 1358 1
45 25 1358 1
64 92 764 1
92 64 764 1
91 92 669 1
92 91 669 1
32 36 555 1
36 32 555 1
39 43 659 1
43 39 659 1
90 93 690 1
93 90 690 1
37 76 441 1
76 37 441 1
45 110 453 1
110 45 453 1
65 100 1146 1
100 65 1146 1
94 115 181 1
115 94 181 1
9 24 385 1
24 9 385 1
17 28 894 1
28 17 894 1
19 69 323 1
69 19 323 1
40 79 762 1
79 40 762 1
40 95 491 1
95 40 491 1
93 106 650 1
106 93 650 1
9 65 1235 1
65 9 1235 1
17 63 324 1
63 17 324 1
43 44 290 1
44 43 290 1
57 60 868 1
60 57 868 1
79 97 479 1
97 79 479 1
70 72 158 1
72 70 158 1
78 97 697 1
97 78 697 1
52 63 1131 1
63 52 1131 1
22 82 706 1
82 22 706 1
0 13 1027 1
13 0 1027 1
61 89 738 1
89 61 738 1
56 78 391 1
78 56 391 1
82 83 881 1
83 82 881 1
4 24 144 1
24 4 144 1
32 56 384 1
56 32 384 1
43 83 972 1
83 43 972 1
67 110 507 1
110 67 507 1
73 95 476 1
95 73 476 1
90 100 182 1
100 90 182 1
99 108 310 1
108 99 310 1
22 50 1336 1
50 22 1336 1
30 45 1169 1
45 30 1169 1
100 102 87 1
102 100 87 1
38 41 513 1
41 38 513 1
66 67 177 1
67 66 177 1
97 111 292 1
111 97 292 1
39 87 370 1
87 39 370 1
56 68 408 1
68 56 408 1
72 77 430 1
77 72 430 1
23 65 1169 1
65 23 1169 1
25 27 193 1
27 25 193 1
105 106 359 1
106 105 359 1
57 98 1043 1
98 57 1043 1
3 67 879 1
67 3 879 1
20 27 271 1
27 20 271 1
99 102 560 1
102 99 560 1
1 41 715 1
41 1 715 1
36 68 821 1
68 36 821 1
42 45 300 1
45 42 300 1
87 96 843 1
96 87 843 1
105 111 367 1
111 105 367 1
92 113 313 1
113 92 313 1
95 115 205 1
115 95 205 1
54 83 966 1
83 54 966 1
72 95 570 1
95 72 570 1
82 86 143 1
86 82 143 1
11 16 1004 1
16 11 1004 1
14 51 1362 1
51 14 1362 1
43 47 146 1
47 43 146 1
52 69 993 1
69 52 993 1
20 31 387 1
31 20 387 1
37 110 431 1
110 37 431 1
91 99 166 1
99 91 166 1
100 104 240 1
104 100 240 1
70 75 355 1
75 70 355 1
84 85 1130 1
85 84 1130 1
14 20 320 1
20 14 320 1
29 109 610 1
109 29 610 1
31 49 1198 1
49 31 1198 1
36 56 615 1
56 36 615 1
36 75 517 1
75 36 517 1
36 96 257 1
96 36 257 1
6 64 941 1
64 6 941 1
9 13 376 1
13 9 376 1
54 96 167 1
96 54 167 1
61 63 238 1
63 61 238 1
99 104 430 1
104 99 430 1
1 98 1107 1
98 1 1107 1
9 21 431 1
21 9 431 1
18 28 651 1
28 18 651 1
93 99 208 1
99 93 208 1
43 96 503 1
96 43 503 1
19 90 1212 1
90 19 1212 1
101 105 274 1
105 101 274 1
33 49 744 1
49 33 744 1
33 77 332 1
77 33 332 1
45 67 282 1
67 45 282 1
59 63 501 1
63 59 501 1
52 53 746 1
53 52 746 1
11 15 385 1
15 11 385 1
57 102 1241 1
102 57 1241 1
78 94 474 1
94 78 474 1
98 112 277 1
112 98 277 1
29 96 758 1
96 29 758 1
30 43 1104 1
43 30 1104 1
63 72 944 1
72 63 944 1
24 49 1432 1
49 24 1432 1
33 110 636 1
110 33 636 1
8 52 1288 1
52 8 1288 1
20 25 402 1
25 20 402 1
29 30 533 1
30 29 533 1
34 44 373 1
44 34 373 1
52 107 835 1
107 52 835 1
80 95 719 1
95 80 719 1
101 106 633 1
106 101 633 1
8 61 1371 1
61 8 1371 1
29 63 531 1
63 29 531 1
7 11 254 1
11 7 254 1
22 27 524 1
27 22 524 1
50 84 554 1
84 50 554 1
16 18 646 1
18 16 646 1
44 46 353 1
46 44 353 1
57 80 1050 1
80 57 1050 1
102 111 440 1
111 102 440 1
8 59 1427 1
59 8 1427 1
14 24 389 1
24 14 389 1
40 96 436 1
96 40 436 1
42 96 429 1
96 42 429 1
46 80 618 1
80 46 618 1
67 85 682 1
85 67 682 1
73 79 296 1
79 73 296 1
91 106 697 1
106 91 697 1
50 51 698 1
51 50 698 1
86 88 460 1
88 86 460 1
98 101 623 1
101 98 623 1
0 10 381 1
10 0 381 1
16 32 504 1
32 16 504 1
24 38 730 1
38 24 730 1
56 97 920 1
97 56 920 1
76 79 567 1
79 76 567 1
6 50 1151 1
50 6 1151 1
84 86 610 1
86 84 610 1
89 90 968 1
90 89 968 1
90 101 719 1
101 90 719 1
96 111 286 1
111 96 286 1
22 110 1082 1
110 22 1082 1
98 105 417 1
105 98 417 1
104 108 301 1
108 104 301 1
44 110 439 1
110 44 439 1
54 98 204 1
98 54 204 1
74 78 322 1
78 74 322 1
97 112 339 1
112 97 339 1
29 44 1005 1
44 29 1005 1
29 46 914 1
46 29 914 1
79 94 650 1
94 79 650 1
93 102 600 1
102 93 600 1
21 25 360 1
25 21 360 1
30 79 725 1
79 30 725 1
33 111 803 1
111 33 803 1
39 42 762 1
42 39 762 1
101 111 463 1
111 101 463 1
42 44 208 1
44 42 208 1
42 47 281 1
47 42 281 1
53 58 934 1
58 53 934 1
53 63 685 1
63 53 685 1
94 114 259 1
114 94 259 1
0 16 380 1
16 0 380 1
38 87 730 1
87 38 730 1
63 73 569 1
73 63 569 1
69 105 1158 1
105 69 1158 1
47 111 188 1
111 47 188 1
70 76 285 1
76 70 285 1
92 102 211 1
102 92 211 1
104 111 377 1
111 104 377 1
30 49 1208 1
49 30 1208 1
6 92 1291 1
92 6 1291 1
12 16 384 1
16 12 384 1
22 92 1425 1
92 22 1425 1
54 89 853 1
89 54 853 1
63 89 569 1
89 63 569 1
28 77 540 1
77 28 540 1
93 100 653 1
100 93 653 1
15 20 521 1
20 15 521 1
26 87 560 1
87 26 560 1
46 98 212 1
98 46 212 1
52 62 619 1
62 52 619 1
62 89 1215 1
89 62 1215 1
53 55 448 1
55 53 448 1
106 114 322 1
114 106 322 1
21 31 344 1
31 21 344 1
0 89 1205 1
89 0 1205 1
4 61 1291 1
61 4 1291 1
14 61 1285 1
61 14 1285 1
57 69 378 1
69 57 378 1
77 109 318 1
109 77 318 1
81 83 446 1
83 81 446 1
85 89 220 1
89 85 220 1
96 98 184 1
98 96 184 1
30 78 663 1
78 30 663 1
103 105 173 1
105 103 173 1
6 22 333 1
22 6 333 1
18 91 1236 1
91 18 1236 1
21 71 214 1
71 21 214 1
31 42 1171 1
42 31 1171 1
36 94 246 1
94 36 246 1
10 84 516 1
84 10 516 1
18 93 1308 1
93 18 1308 1
37 95 241 1
95 37 241 1
73 109 538 1
109 73 538 1
75 78 667 1
78 75 667 1
3 113 1250 1
113 3 1250 1
17 32 646 1
32 17 646 1
31 32 596 1
32 31 596 1
84 88 224 1
88 84 224 1
90 99 615 1
99 90 615 1
102 108 413 1
108 102 413 1
7 100 1408 1
100 7 1408 1
30 39 678 1
39 30 678 1
36 97 483 1
97 36 483 1
46 81 867 1
81 46 867 1
92 104 310 1
104 92 310 1
0 11 958 1
11 0 958 1
56 80 431 1
80 56 431 1
58 89 1156 1
89 58 1156 1
95 97 97 1
97 95 97 1
11 92 1324 1
92 11 1324 1
12 90 1061 1
90 12 1061 1
31 79 660 1
79 31 660 1
33 76 380 1
76 33 380 1
69 104 1167 1
104 69 1167 1
1 75 562 1
75 1 562 1
68 79 805 1
79 68 805 1
81 84 1146 1
84 81 1146 1
33 78 590 1
78 33 590 1
51 70 1035 1
70 51 1035 1
99 106 562 1
106 99 562 1
33 72 507 1
72 33 507 1
31 65 1062 1
65 31 1062 1
31 77 552 1
77 31 552 1
1 72 829 1
72 1 829 1
22 64 1169 1
64 22 1169 1
46 49 541 1
49 46 541 1
31 78 755 1
78 31 755 1
69 101 1234 1
101 69 1234 1
11 61 675 1
61 11 675 1
21 54 704 1
54 21 704 1
60 66 370 1
66 60 370 1
69 90 1119 1
90 69 1119 1
20 49 1095 1
49 20 1095 1
32 74 456 1
74 32 456 1
37 72 595 1
72 37 595 1
53 69 959 1
69 53 959 1
55 97 173 1
97 55 173 1
61 90 1156 1
90 61 1156 1
1 81 501 1
81 1 501 1
14 59 1320 1
59 14 1320 1
24 45 1393 1
45 24 1393 1
69 115 1010 1
115 69 1010 1
73 78 740 1
78 73 740 1
105 107 233 1
107 105 233 1
1 74 790 1
74 1 790 1
23 67 1077 1
67 23 1077 1
34 45 409 1
45 34 409 1
39 73 305 1
73 39 305 1
52 57 1117 1
57 52 1117 1
90 114 392 1
114 90 392 1
33 79 486 1
79 33 486 1
51 52 786 1
52 51 786 1
73 96 674 1
96 73 674 1
18 74 626 1
74 18 626 1
22 43 1259 1
43 22 1259 1
30 38 642 1
38 30 642 1
8 48 1406 1
48 8 1406 1
13 16 1048 1
16 13 1048 1
17 73 298 1
73 17 298 1
19 93 1252 1
93 19 1252 1
38 43 745 1
43 38 745 1
41 78 770 1
78 41 770 1
74 79 666 1
79 74 666 1
104 107 401 1
107 104 401 1
38 110 451 1
110 38 451 1
41 96 611 1
96 41 611 1
1 87 873 1
87 1 873 1
2 23 340 1
23 2 340 1
4 51 1418 1
51 4 1418 1
5 27 165 1
27 5 165 1
19 98 1076 1
98 19 1076 1
103 107 239 1
107 103 239 1
15 24 514 1
24 15 514 1
20 71 311 1
71 20 311 1
32 40 629 1
40 32 629 1
55 99 216 1
99 55 216 1
91 103 258 1
103 91 258 1
102 113 317 1
113 102 317 1
10 13 1004 1
13 10 1004 1
18 76 581 1
76 18 581 1
32 76 341 1
76 32 341 1
73 87 395 1
87 73 395 1
94 104 298 1
104 94 298 1
3 50 1273 1
50 3 1273 1
30 35 784 1
35 30 784 1
46 111 189 1
111 46 189 1
47 90 580 1
90 47 580 1
15 26 469 1
26 15 469 1
28 79 847 1
79 28 847 1
48 61 765 1
61 48 765 1
106 115 278 1
115 106 278 1
41 87 263 1
87 41 263 1
48 60 501 1
60 48 501 1
85 92 1003 1
92 85 1003 1
33 36 610 1
36 33 610 1
17 96 834 1
96 17 834 1
78 96 453 1
96 78 453 1
4 20 334 1
20 4 334 1
28 30 436 1
30 28 436 1
42 79 812 1
79 42 812 1
1 60 923 1
60 1 923 1
1 80 1054 1
80 1 1054 1
12 70 392 1
70 12 392 1
27 92 1167 1
92 27 1167 1
33 37 555 1
37 33 555 1
6 18 473 1
18 6 473 1
13 82 976 1
82 13 976 1
52 102 475 1
102 52 475 1
57 58 735 1
58 57 735 1
70 77 376 1
77 70 376 1
76 109 320 1
109 76 320 1
58 63 892 1
63 58 892 1
69 106 1139 1
106 69 1139 1
36 39 517 1
39 36 517 1
92 106 400 1
106 92 400 1
1 29 521 1
29 1 521 1
5 13 461 1
13 5 461 1
32 68 304 1
68 32 304 1
47 67 492 1
67 47 492 1
49 51 172 1
51 49 172 1
68 78 695 1
78 68 695 1
96 112 337 1
112 96 337 1
15 92 1292 1
92 15 1292 1
17 46 930 1
46 17 930 1
42 85 771 1
85 42 771 1
70 74 155 1
74 70 155 1
33 43 715 1
43 33 715 1
43 49 240 1
49 43 240 1
54 88 224 1
88 54 224 1
18 75 668 1
75 18 668 1
46 83 1042 1
83 46 1042 1
56 69 542 1
69 56 542 1
3 27 634 1
27 3 634 1
5 92 1324 1
92 5 1324 1
52 101 819 1
101 52 819 1
87 110 837 1
110 87 837 1
102 115 318 1
115 102 318 1
5 12 722 1
12 5 722 1
22 113 1310 1
113 22 1310 1
25 43 1261 1
43 25 1261 1
36 63 945 1
63 36 945 1
4 59 1372 1
59 4 1372 1
22 38 846 1
38 22 846 1
25 38 749 1
38 25 749 1
33 80 703 1
80 33 703 1
2 64 992 1
64 2 992 1
7 90 1390 1
90 7 1390 1
9 70 641 1
70 9 641 1
25 65 1263 1
65 25 1263 1
84 87 1148 1
87 84 1148 1
105 108 296 1
108 105 296 1
17 97 605 1
97 17 605 1
47 106 636 1
106 47 636 1
63 98 1024 1
98 63 1024 1
66 101 1048 1
101 66 1048 1
11 100 1299 1
100 11 1299 1
103 111 432 1
111 103 432 1
8 58 1298 1
58 8 1298 1
11 18 691 1
18 11 691 1
91 102 669 1
102 91 669 1
98 106 320 1
106 98 320 1
106 108 322 1
108 106 322 1
22 85 1113 1
85 22 1113 1
24 35 1010 1
35 24 1010 1
30 72 390 1
72 30 390 1
31 37 658 1
37 31 658 1
97 108 170 1
108 97 170 1
98 104 286 1
104 98 286 1
99 105 287 1
105 99 287 1
99 113 264 1
113 99 264 1
24 27 252 1
27 24 252 1
29 62 1067 1
62 29 1067 1
89 100 936 1
100 89 936 1
97 115 218 1
115 97 218 1
33 40 654 1
40 33 654 1
97 114 263 1
114 97 263 1
0 107 1161 1
107 0 1161 1
7 13 237 1
13 7 237 1
13 27 531 1
27 13 531 1
91 104 542 1
104 91 542 1
112 113 116 1
113 112 116 1
36 83 816 1
83 36 816 1
37 109 343 1
109 37 343 1
43 77 556 1
77 43 556 1
53 54 818 1
54 53 818 1
77 78 550 1
78 77 550 1
1 95 815 1
95 1 815 1
19 99 1048 1
99 19 1048 1
23 43 1259 1
43 23 1259 1
40 94 393 1
94 40 393 1
63 81 293 1
81 63 293 1
79 96 717 1
96 79 717 1
24 43 1300 1
43 24 1300 1
107 114 333 1
114 107 333 1
18 84 897 1
84 18 897 1
25 35 978 1
35 25 978 1
30 40 513 1
40 30 513 1
36 81 848 1
81 36 848 1
57 81 488 1
81 57 488 1
71 74 359 1
74 71 359 1
93 111 397 1
111 93 397 1
16 101 1154 1
101 16 1154 1
17 33 512 1
33 17 512 1
18 99 1100 1
99 18 1100 1
26 39 604 1
39 26 604 1
42 97 497 1
97 42 497 1
65 67 361 1
67 65 361 1
66 103 1026 1
103 66 1026 1
79 115 682 1
115 79 682 1
89 105 535 1
105 89 535 1
90 115 420 1
115 90 420 1
5 61 1171 1
61 5 1171 1
9 51 1357 1
51 9 1357 1
32 49 731 1
49 32 731 1
36 77 422 1
77 36 422 1
62 101 1225 1
101 62 1225 1
3 84 1110 1
84 3 1110 1
9 27 309 1
27 9 309 1
24 26 201 1
26 24 201 1
37 79 267 1
79 37 267 1
38 45 872 1
45 38 872 1
94 105 354 1
105 94 354 1
100 106 280 1
106 100 280 1
28 95 668 1
95 28 668 1
40 77 472 1
77 40 472 1
46 54 354 1
54 46 354 1
31 76 584 1
76 31 584 1
59 89 931 1
89 59 931 1
61 100 1241 1
100 61 1241 1
97 110 221 1
110 97 221 1
2 92 1350 1
92 2 1350 1
40 83 731 1
83 40 731 1
43 113 467 1
113 43 467 1
44 96 580 1
96 44 580 1
51 55 568 1
55 51 568 1
1 111 979 1
111 1 979 1
15 23 561 1
23 15 561 1
50 67 562 1
67 50 562 1
2 18 379 1
18 2 379 1
17 41 414 1
41 17 414 1
19 108 910 1
108 19 910 1
31 46 1090 1
46 31 1090 1
38 73 580 1
73 38 580 1
108 111 286 1
111 108 286 1
22 30 218 1
30 22 218 1
32 97 697 1
97 32 697 1
35 49 434 1
49 35 434 1
54 62 567 1
62 54 567 1
18 82 891 1
82 18 891 1
23 50 1386 1
50 23 1386 1
72 109 524 1
109 72 524 1
78 81 1002 1
81 78 1002 1
19 111 1024 1
111 19 1024 1
28 37 709 1
37 28 709 1
53 60 1040 1
60 53 1040 1
55 89 213 1
89 55 213 1
68 94 894 1
94 68 894 1
95 96 288 1
96 95 288 1
14 48 1233 1
48 14 1233 1
29 39 339 1
39 29 339 1
2 67 952 1
67 2 952 1
63 95 704 1
95 63 704 1
92 114 349 1
114 92 349 1
10 91 1269 1
91 10 1269 1
31 35 790 1
35 31 790 1
32 81 728 1
81 32 728 1
33 41 611 1
41 33 611 1
52 55 814 1
55 52 814 1
89 102 866 1
102 89 866 1
24 34 1021 1
34 24 1021 1
35 77 284 1
77 35 284 1
50 64 302 1
64 50 302 1
58 101 1214 1
101 58 1214 1
22 88 1044 1
88 22 1044 1
29 81 342 1
81 29 342 1
30 64 1064 1
64 30 1064 1
13 21 494 1
21 13 494 1
38 74 265 1
74 38 265 1
46 79 801 1
79 46 801 1
47 98 442 1
98 47 442 1
74 95 497 1
95 74 497 1
84 113 718 1
113 84 718 1
98 103 555 1
103 98 555 1
16 17 998 1
17 16 998 1
17 40 824 1
40 17 824 1
17 94 764 1
94 17 764 1
97 107 263 1
107 97 263 1
34 49 481 1
49 34 481 1
41 79 379 1
79 41 379 1
46 110 220 1
110 46 220 1
9 20 557 1
20 9 557 1
13 14 902 1
14 13 902 1
34 38 552 1
38 34 552 1
35 37 446 1
37 35 446 1
13 100 1359 1
100 13 1359 1
45 46 448 1
46 45 448 1
57 95 781 1
95 57 781 1
60 101 1230 1
101 60 1230 1
68 97 933 1
97 68 933 1
99 115 285 1
115 99 285 1
29 97 574 1
97 29 574 1
30 76 537 1
76 30 537 1
32 96 657 1
96 32 657 1
33 73 444 1
73 33 444 1
33 75 426 1
75 33 426 1
43 85 559 1
85 43 559 1
48 55 832 1
55 48 832 1
57 89 760 1
89 57 760 1
82 88 444 1
88 82 444 1
87 88 1035 1
88 87 1035 1
101 108 495 1
108 101 495 1
23 31 199 1
31 23 199 1
26 38 554 1
38 26 554 1
32 73 550 1
73 32 550 1
80 98 568 1
98 80 568 1
110 113 304 1
113 110 304 1
28 44 945 1
44 28 945 1
32 75 514 1
75 32 514 1
42 67 468 1
67 42 468 1
43 97 409 1
97 43 409 1
75 109 462 1
109 75 462 1
12 69 975 1
69 12 975 1
35 43 347 1
43 35 347 1
37 45 726 1
45 37 726 1
41 109 485 1
109 41 485 1
62 98 668 1
98 62 668 1
2 35 833 1
35 2 833 1
11 12 972 1
12 11 972 1
64 88 675 1
88 64 675 1
17 30 703 1
30 17 703 1
31 39 657 1
39 31 657 1
41 70 482 1
70 41 482 1
85 113 705 1
113 85 705 1
101 115 407 1
115 101 407 1
36 42 628 1
42 36 628 1
43 79 634 1
79 43 634 1
53 90 787 1
90 53 787 1
3 100 1385 1
100 3 1385 1
10 93 1289 1
93 10 1289 1
13 83 347 1
83 13 347 1
23 42 1326 1
42 23 1326 1
36 46 482 1
46 36 482 1
38 86 366 1
86 38 366 1
45 84 881 1
84 45 881 1
62 72 566 1
72 62 566 1
89 107 337 1
107 89 337 1
17 37 368 1
37 17 368 1
17 38 824 1
38 17 824 1
20 30 328 1
30 20 328 1
57 79 431 1
79 57 431 1
69 94 883 1
94 69 883 1
0 99 1111 1
99 0 1111 1
3 88 1145 1
88 3 1145 1
5 64 1350 1
64 5 1350 1
6 23 465 1
23 6 465 1
12 63 1218 1
63 12 1218 1
18 77 606 1
77 18 606 1
22 42 1301 1
42 22 1301 1
22 45 1298 1
45 22 1298 1
33 74 480 1
74 33 480 1
43 67 388 1
67 43 388 1
52 106 576 1
106 52 576 1
55 80 931 1
80 55 931 1
73 80 850 1
80 73 850 1
5 70 530 1
70 5 530 1
14 58 1155 1
58 14 1155 1
38 42 697 1
42 38 697 1
38 79 739 1
79 38 739 1
108 113 292 1
113 108 292 1
19 115 1045 1
115 19 1045 1
44 67 332 1
67 44 332 1
86 92 882 1
92 86 882 1
111 113 191 1
113 111 191 1
11 82 992 1
82 11 992 1
38 78 371 1
78 38 371 1
69 108 886 1
108 69 886 1
90 107 713 1
107 90 713 1
93 105 305 1
105 93 305 1
23 45 1302 1
45 23 1302 1
52 91 777 1
91 52 777 1
26 83 578 1
83 26 578 1
28 96 577 1
96 28 577 1
31 64 1128 1
64 31 1128 1
19 104 1200 1
104 19 1200 1
75 79 318 1
79 75 318 1
106 113 395 1
113 106 395 1
111 115 269 1
115 111 269 1
33 109 602 1
109 33 602 1
17 111 850 1
111 17 850 1
23 84 1113 1
84 23 1113 1
52 98 272 1
98 52 272 1
89 98 818 1
98 89 818 1
1 37 646 1
37 1 646 1
4 7 733 1
7 4 733 1
29 38 680 1
38 29 680 1
62 95 844 1
95 62 844 1
68 115 1040 1
115 68 1040 1
99 107 302 1
107 99 302 1
95 110 248 1
110 95 248 1
97 103 349 1
103 97 349 1
8 60 1121 1
60 8 1121 1
10 28 213 1
28 10 213 1
14 25 491 1
25 14 491 1
23 88 1119 1
88 23 1119 1
32 111 773 1
111 32 773 1
41 63 682 1
63 41 682 1
62 102 862 1
102 62 862 1
81 111 760 1
111 81 760 1
88 90 414 1
90 88 414 1
17 31 618 1
31 17 618 1
17 76 648 1
76 17 648 1
27 88 863 1
88 27 863 1
47 102 619 1
102 47 619 1
53 80 1109 1
80 53 1109 1
101 107 310 1
107 101 310 1
4 15 597 1
15 4 597 1
8 90 1188 1
90 8 1188 1
16 19 740 1
19 16 740 1
33 112 908 1
112 33 908 1
86 102 712 1
102 86 712 1
100 105 430 1
105 100 430 1
7 8 828 1
8 7 828 1
20 43 937 1
43 20 937 1
22 26 505 1
26 22 505 1
28 31 545 1
31 28 545 1
28 109 610 1
109 28 610 1
48 70 972 1
70 48 972 1
83 86 863 1
86 83 863 1
22 96 1047 1
96 22 1047 1
25 34 1006 1
34 25 1006 1
32 45 684 1
45 32 684 1
52 54 402 1
54 52 402 1
58 107 1147 1
107 58 1147 1
11 90 1290 1
90 11 1290 1
19 68 313 1
68 19 313 1
19 105 1190 1
105 19 1190 1
57 105 1066 1
105 57 1066 1
59 90 1104 1
90 59 1104 1
9 12 856 1
12 9 856 1
13 60 1245 1
60 13 1245 1
28 112 911 1
112 28 911 1
29 42 967 1
42 29 967 1
53 57 825 1
57 53 825 1
55 62 1031 1
62 55 1031 1
67 92 922 1
92 67 922 1
77 110 393 1
110 77 393 1
80 97 779 1
97 80 779 1
91 114 389 1
114 91 389 1
16 56 380 1
56 16 380 1
39 46 678 1
46 39 678 1
42 50 271 1
50 42 271 1
1 89 788 1
89 1 788 1
8 63 1282 1
63 8 1282 1
16 68 706 1
68 16 706 1
29 43 829 1
43 29 829 1
57 73 601 1
73 57 601 1
59 101 1108 1
101 59 1108 1
69 114 1057 1
114 69 1057 1
2 84 897 1
84 2 897 1
4 25 258 1
25 4 258 1
18 68 315 1
68 18 315 1
26 89 900 1
89 26 900 1
40 56 722 1
56 40 722 1
47 103 476 1
103 47 476 1
63 102 1192 1
102 63 1192 1
85 88 1097 1
88 85 1097 1
100 113 356 1
113 100 356 1
19 91 1171 1
91 19 1171 1
21 26 271 1
26 21 271 1
41 83 252 1
83 41 252 1
53 56 1149 1
56 53 1149 1
54 63 1046 1
63 54 1046 1
11 23 552 1
23 11 552 1
21 30 349 1
30 21 349 1
28 63 1049 1
63 28 1049 1
44 77 681 1
77 44 681 1
57 104 1139 1
104 57 1139 1
58 90 890 1
90 58 890 1
20 45 1046 1
45 20 1046 1
28 38 358 1
38 28 358 1
30 42 1143 1
42 30 1143 1
41 80 868 1
80 41 868 1
44 79 832 1
79 44 832 1
92 108 488 1
108 92 488 1
103 110 496 1
110 103 496 1
106 111 487 1
111 106 487 1
0 100 1107 1
100 0 1107 1
2 110 1015 1
110 2 1015 1
16 115 757 1
115 16 757 1
21 83 382 1
83 21 382 1
25 67 1191 1
67 25 1191 1
42 77 643 1
77 42 643 1
42 81 865 1
81 42 865 1
48 101 937 1
101 48 937 1
52 99 661 1
99 52 661 1
14 60 967 1
60 14 967 1
19 106 1134 1
106 19 1134 1
27 83 450 1
83 27 450 1
33 42 788 1
42 33 788 1
37 78 740 1
78 37 740 1
55 58 998 1
58 55 998 1
62 87 1274 1
87 62 1274 1
91 111 390 1
111 91 390 1
0 48 847 1
48 0 847 1
30 96 854 1
96 30 854 1
34 66 268 1
66 34 268 1
40 43 865 1
43 40 865 1
98 115 287 1
115 98 287 1
50 66 475 1
66 50 475 1
53 62 1123 1
62 53 1123 1
60 100 938 1
100 60 938 1
60 107 1124 1
107 60 1124 1
0 82 741 1
82 0 741 1
1 19 351 1
19 1 351 1
1 102 1288 1
102 1 1288 1
32 110 609 1
110 32 609 1
46 56 752 1
56 46 752 1
48 53 654 1
53 48 654 1
2 103 1363 1
103 2 1363 1
31 71 265 1
71 31 265 1
46 78 577 1
78 46 577 1
78 115 652 1
115 78 652 1
98 108 315 1
108 98 315 1
6 65 1218 1
65 6 1218 1
24 70 465 1
70 24 465 1
26 114 936 1
114 26 936 1
40 42 830 1
42 40 830 1
49 67 315 1
67 49 315 1
59 62 914 1
62 59 914 1
63 74 885 1
74 63 885 1
75 95 407 1
95 75 407 1
80 111 747 1
111 80 747 1
11 27 611 1
27 11 611 1
36 62 525 1
62 36 525 1
47 107 509 1
107 47 509 1
50 113 625 1
113 50 625 1
74 96 467 1
96 74 467 1
77 79 329 1
79 77 329 1
0 18 364 1
18 0 364 1
18 32 279 1
32 18 279 1
54 87 939 1
87 54 939 1
42 87 1132 1
87 42 1132 1
60 90 787 1
90 60 787 1
82 87 849 1
87 82 849 1
91 105 371 1
105 91 371 1
4 48 1379 1
48 4 1379 1
22 93 1426 1
93 22 1426 1
39 74 501 1
74 39 501 1
42 84 665 1
84 42 665 1
62 73 961 1
73 62 961 1
85 86 1120 1
86 85 1120 1
103 114 282 1
114 103 282 1
6 90 1185 1
90 6 1185 1
9 49 1399 1
49 9 1399 1
16 78 122 1
78 16 122 1
20 44 1027 1
44 20 1027 1
30 65 1102 1
65 30 1102 1
33 34 394 1
34 33 394 1
37 85 343 1
85 37 343 1
43 84 824 1
84 43 824 1
54 60 681 1
60 54 681 1
23 82 788 1
82 23 788 1
23 86 866 1
86 23 866 1
24 67 1223 1
67 24 1223 1
39 85 433 1
85 39 433 1
40 80 433 1
80 40 433 1
100 103 576 1
103 100 576 1
4 52 1272 1
52 4 1272 1
5 100 1233 1
100 5 1233 1
19 77 567 1
77 19 567 1
36 115 416 1
115 36 416 1
38 72 305 1
72 38 305 1
40 68 919 1
68 40 919 1
47 114 366 1
114 47 366 1
51 58 753 1
58 51 753 1
57 101 1081 1
101 57 1081 1
74 80 415 1
80 74 415 1
83 89 464 1
89 83 464 1
89 114 592 1
114 89 592 1
109 115 211 1
115 109 211 1
6 67 991 1
67 6 991 1
29 111 842 1
111 29 842 1
31 109 819 1
109 31 819 1
33 96 703 1
96 33 703 1
51 98 763 1
98 51 763 1
89 101 462 1
101 89 462 1
100 101 656 1
101 100 656 1
7 27 597 1
27 7 597 1
19 112 1132 1
112 19 1132 1
30 37 688 1
37 30 688 1
81 86 1091 1
86 81 1091 1
93 98 589 1
98 93 589 1
93 108 478 1
108 93 478 1
16 29 882 1
29 16 882 1
22 86 800 1
86 22 800 1
49 56 904 1
56 49 904 1
76 95 396 1
95 76 396 1
110 112 272 1
112 110 272 1
7 31 345 1
31 7 345 1
34 69 465 1
69 34 465 1
39 75 260 1
75 39 260 1
41 57 760 1
57 41 760 1
43 50 494 1
50 43 494 1
44 80 785 1
80 44 785 1
48 69 703 1
69 48 703 1
64 84 478 1
84 64 478 1
86 87 805 1
87 86 805 1
92 105 456 1
105 92 456 1
3 15 589 1
15 3 589 1
11 14 937 1
14 11 937 1
19 95 883 1
95 19 883 1
29 112 910 1
112 29 910 1
47 91 332 1
91 47 332 1
56 95 883 1
95 56 883 1
58 104 1061 1
104 58 1061 1
63 101 920 1
101 63 920 1
87 114 818 1
114 87 818 1
5 102 1167 1
102 5 1167 1
19 101 1295 1
101 19 1295 1
24 44 1385 1
44 24 1385 1
35 65 453 1
65 35 453 1
93 115 401 1
115 93 401 1
27 114 923 1
114 27 923 1
40 82 231 1
82 40 231 1
48 49 410 1
49 48 410 1
69 80 866 1
80 69 866 1
1 28 918 1
28 1 918 1
1 36 918 1
36 1 918 1
10 26 620 1
26 10 620 1
31 72 482 1
72 31 482 1
47 105 464 1
105 47 464 1
53 101 452 1
101 53 452 1
113 114 95 1
114 113 95 1
32 46 706 1
46 32 706 1
35 38 574 1
38 35 574 1
39 77 312 1
77 39 312 1
54 81 951 1
81 54 951 1
57 59 382 1
59 57 382 1
87 95 598 1
95 87 598 1
9 92 1428 1
92 9 1428 1
20 33 587 1
33 20 587 1
33 39 630 1
39 33 630 1
45 96 643 1
96 45 643 1
79 108 585 1
108 79 585 1
89 104 710 1
104 89 710 1
4 58 1292 1
58 4 1292 1
7 12 856 1
12 7 856 1
14 52 1090 1
52 14 1090 1
17 115 802 1
115 17 802 1
22 39 876 1
39 22 876 1
34 114 610 1
114 34 610 1
39 110 466 1
110 39 466 1
52 114 516 1
114 52 516 1
68 95 921 1
95 68 921 1
94 101 576 1
101 94 576 1
99 110 299 1
110 99 299 1
9 102 1277 1
102 9 1277 1
10 22 580 1
22 10 580 1
22 35 922 1
35 22 922 1
24 39 767 1
39 24 767 1
34 104 710 1
104 34 710 1
44 56 714 1
56 44 714 1
58 62 503 1
62 58 503 1
68 106 1131 1
106 68 1131 1
79 109 545 1
109 79 545 1
12 66 1000 1
66 12 1000 1
31 113 1132 1
113 31 1132 1
44 73 947 1
73 44 947 1
45 85 677 1
85 45 677 1
45 112 552 1
112 45 552 1
56 72 566 1
72 56 566 1
61 62 1047 1
62 61 1047 1
102 114 295 1
114 102 295 1
111 114 232 1
114 111 232 1
47 97 280 1
97 47 280 1
50 85 1013 1
85 50 1013 1
50 88 679 1
88 50 679 1
65 113 852 1
113 65 852 1
91 100 719 1
100 91 719 1
8 24 258 1
24 8 258 1
15 64 1349 1
64 15 1349 1
37 81 336 1
81 37 336 1
44 78 731 1
78 44 731 1
56 115 941 1
115 56 941 1
57 111 890 1
111 57 890 1
61 101 1003 1
101 61 1003 1
76 80 424 1
80 76 424 1
79 110 592 1
110 79 592 1
97 98 437 1
98 97 437 1
4 72 467 1
72 4 467 1
9 64 1448 1
64 9 1448 1
25 44 1369 1
44 25 1369 1
36 43 693 1
43 36 693 1
36 44 727 1
44 36 727 1
52 68 984 1
68 52 984 1
54 80 402 1
80 54 402 1
57 87 938 1
87 57 938 1
71 93 964 1
93 71 964 1
89 91 402 1
91 89 402 1
45 77 650 1
77 45 650 1
62 79 1049 1
79 62 1049 1
92 115 404 1
115 92 404 1
104 110 417 1
110 104 417 1
7 14 868 1
14 7 868 1
20 37 510 1
37 20 510 1
26 67 1128 1
67 26 1128 1
26 82 411 1
82 26 411 1
27 45 1240 1
45 27 1240 1
34 40 622 1
40 34 622 1
34 105 727 1
105 34 727 1
48 98 566 1
98 48 566 1
58 103 1188 1
103 58 1188 1
71 73 163 1
73 71 163 1
80 109 607 1
109 80 607 1
97 104 399 1
104 97 399 1
1 96 958 1
96 1 958 1
16 61 1070 1
61 16 1070 1
17 74 721 1
74 17 721 1
18 110 887 1
110 18 887 1
23 87 803 1
87 23 803 1
27 82 524 1
82 27 524 1
32 112 880 1
112 32 880 1
38 94 246 1
94 38 246 1
55 111 434 1
111 55 434 1
68 72 754 1
72 68 754 1
54 105 491 1
105 54 491 1
57 72 874 1
72 57 874 1
62 83 1241 1
83 62 1241 1
66 68 378 1
68 66 378 1
69 107 1110 1
107 69 1110 1
74 109 457 1
109 74 457 1
86 90 814 1
90 86 814 1
10 71 639 1
71 10 639 1
16 63 1092 1
63 16 1092 1
32 43 699 1
43 32 699 1
44 76 656 1
76 44 656 1
52 105 664 1
105 52 664 1
17 109 666 1
109 17 666 1
48 63 912 1
63 48 912 1
53 89 552 1
89 53 552 1
76 112 647 1
112 76 647 1
94 96 89 1
96 94 89 1
10 75 732 1
75 10 732 1
22 40 716 1
40 22 716 1
22 47 1230 1
47 22 1230 1
27 38 594 1
38 27 594 1
27 64 1222 1
64 27 1222 1
35 71 557 1
71 35 557 1
91 98 616 1
98 91 616 1
53 98 671 1
98 53 671 1
83 84 1154 1
84 83 1154 1
95 111 347 1
111 95 347 1
39 55 254 1
55 39 254 1
47 86 1016 1
86 47 1016 1
48 103 924 1
103 48 924 1
61 107 939 1
107 61 939 1
77 96 456 1
96 77 456 1
3 86 986 1
86 3 986 1
5 108 888 1
108 5 888 1
8 57 1217 1
57 8 1217 1
16 62 313 1
62 16 313 1
19 80 851 1
80 19 851 1
22 25 402 1
25 22 402 1
28 68 788 1
68 28 788 1
37 46 651 1
46 37 651 1
38 84 429 1
84 38 429 1
