116 2668
44 45 194 1
45 44 194 1
2 6 165 1
6 2 165 1
4 8 148 1
8 4 148 1
30 31 127 1
31 30 127 1
72 74 76 1
74 72 76 1
3 7 185 1
7 3 185 1
2 22 228 1
22 2 228 1
42 43 239 1
43 42 239 1
44 49 304 1
49 44 304 1
99 111 265 1
111 99 265 1
29 73 113 1
73 29 113 1
73 75 84 1
75 73 84 1
38 40 158 1
40 38 158 1
42 46 173 1
46 42 173 1
93 101 103 1
101 93 103 1
28 72 116 1
72 28 116 1
45 49 111 1
49 45 111 1
91 93 118 1
93 91 118 1
104 105 204 1
105 104 204 1
2 3 405 1
3 2 405 1
7 23 337 1
23 7 337 1
3 22 347 1
22 3 347 1
26 27 135 1
27 26 135 1
5 26 263 1
26 5 263 1
111 112 111 1
112 111 111 1
2 23 340 1
23 2 340 1
42 44 208 1
44 42 208 1
3 23 271 1
23 3 271 1
24 25 135 1
25 24 135 1
4 24 144 1
24 4 144 1
79 81 136 1
81 79 136 1
101 103 106 1
103 101 106 1
2 7 566 1
7 2 566 1
99 112 272 1
112 99 272 1
76 77 238 1
77 76 238 1
9 24 385 1
24 9 385 1
6 22 333 1
22 6 333 1
16 80 152 1
80 16 152 1
43 44 290 1
44 43 290 1
95 97 97 1
97 95 97 1
22 23 140 1
23 22 140 1
92 93 608 1
93 92 608 1
8 24 258 1
24 8 258 1
95 108 123 1
108 95 123 1
91 92 669 1
92 91 669 1
3 18 417 1
18 3 417 1
48 50 202 1
50 48 202 1
6 7 710 1
7 6 710 1
29 75 189 1
75 29 189 1
67 69 345 1
69 67 345 1
43 46 341 1
46 43 341 1
17 81 182 1
81 17 182 1
36 38 122 1
38 36 122 1
43 45 199 1
45 43 199 1
6 23 465 1
23 6 465 1
8 9 638 1
9 8 638 1
11 13 168 1
13 11 168 1
55 95 221 1
95 55 221 1
55 97 173 1
97 55 173 1
40 72 200 1
72 40 200 1
47 98 442 1
98 47 442 1
58 59 496 1
59 58 496 1
3 6 559 1
6 3 559 1
4 22 457 1
22 4 457 1
28 40 248 1
40 28 248 1
36 40 213 1
40 36 213 1
58 66 198 1
66 58 198 1
92 102 211 1
102 92 211 1
4 9 500 1
9 4 500 1
42 49 396 1
49 42 396 1
44 48 114 1
48 44 114 1
96 110 214 1
110 96 214 1
22 24 386 1
24 22 386 1
100 102 87 1
102 100 87 1
5 27 165 1
27 5 165 1
14 20 320 1
20 14 320 1
29 81 342 1
81 29 342 1
112 113 116 1
113 112 116 1
42 45 300 1
45 42 300 1
28 74 188 1
74 28 188 1
18 19 147 1
19 18 147 1
46 111 189 1
111 46 189 1
113 114 95 1
114 113 95 1
7 22 454 1
22 7 454 1
97 109 174 1
109 97 174 1
40 74 182 1
74 40 182 1
43 49 240 1
49 43 240 1
97 99 180 1
99 97 180 1
81 85 175 1
85 81 175 1
17 29 223 1
29 17 223 1
46 47 309 1
47 46 309 1
67 90 867 1
90 67 867 1
55 96 492 1
96 55 492 1
95 109 146 1
109 95 146 1
1 19 351 1
19 1 351 1
9 25 252 1
25 9 252 1
2 4 569 1
4 2 569 1
40 41 506 1
41 40 506 1
2 18 379 1
18 2 379 1
36 76 232 1
76 36 232 1
48 49 410 1
49 48 410 1
29 41 234 1
41 29 234 1
92 100 157 1
100 92 157 1
2 9 760 1
9 2 760 1
42 50 271 1
50 42 271 1
48 51 548 1
51 48 548 1
46 96 270 1
96 46 270 1
8 22 480 1
22 8 480 1
50 52 243 1
52 50 243 1
37 41 217 1
41 37 217 1
50 51 698 1
51 50 698 1
2 8 554 1
8 2 554 1
93 103 173 1
103 93 173 1
14 24 389 1
24 14 389 1
70 71 263 1
71 70 263 1
32 33 149 1
33 32 149 1
7 9 490 1
9 7 490 1
29 72 629 1
72 29 629 1
47 111 188 1
111 47 188 1
85 95 486 1
95 85 486 1
9 15 219 1
15 9 219 1
41 74 484 1
74 41 484 1
6 8 485 1
8 6 485 1
68 69 164 1
69 68 164 1
14 82 179 1
82 14 179 1
43 47 146 1
47 43 146 1
44 46 353 1
46 44 353 1
9 70 641 1
70 9 641 1
63 81 293 1
81 63 293 1
29 74 571 1
74 29 571 1
41 73 204 1
73 41 204 1
53 111 406 1
111 53 406 1
47 110 210 1
110 47 210 1
52 53 746 1
53 52 746 1
58 67 368 1
67 58 368 1
79 85 260 1
85 79 260 1
45 48 304 1
48 45 304 1
55 85 300 1
85 55 300 1
9 22 564 1
22 9 564 1
69 90 1119 1
90 69 1119 1
36 77 422 1
77 36 422 1
42 111 258 1
111 42 258 1
97 114 263 1
114 97 263 1
18 22 537 1
22 18 537 1
14 15 772 1
15 14 772 1
4 6 536 1
6 4 536 1
108 109 87 1
109 108 87 1
91 101 197 1
101 91 197 1
2 5 685 1
5 2 685 1
6 12 248 1
12 6 248 1
42 47 281 1
47 42 281 1
66 67 177 1
67 66 177 1
22 25 402 1
25 22 402 1
55 99 216 1
99 55 216 1
73 74 458 1
74 73 458 1
63 79 303 1
79 63 303 1
4 23 506 1
23 4 506 1
97 115 218 1
115 97 218 1
4 14 255 1
14 4 255 1
113 115 188 1
115 113 188 1
0 18 364 1
18 0 364 1
20 24 393 1
24 20 393 1
36 74 242 1
74 36 242 1
14 30 414 1
30 14 414 1
30 71 303 1
71 30 303 1
55 109 337 1
109 55 337 1
92 101 634 1
101 92 634 1
73 81 406 1
81 73 406 1
15 20 521 1
20 15 521 1
17 79 135 1
79 17 135 1
21 26 271 1
26 21 271 1
24 30 283 1
30 24 283 1
28 80 329 1
80 28 329 1
35 67 262 1
67 35 262 1
38 86 366 1
86 38 366 1
46 55 584 1
55 46 584 1
12 14 278 1
14 12 278 1
2 24 548 1
24 2 548 1
99 113 264 1
113 99 264 1
38 41 513 1
41 38 513 1
9 23 475 1
23 9 475 1
31 71 265 1
71 31 265 1
58 60 266 1
60 58 266 1
3 9 596 1
9 3 596 1
60 62 241 1
62 60 241 1
71 73 163 1
73 71 163 1
97 108 170 1
108 97 170 1
5 22 506 1
22 5 506 1
20 30 328 1
30 20 328 1
90 91 735 1
91 90 735 1
6 18 473 1
18 6 473 1
74 75 389 1
75 74 389 1
47 96 412 1
96 47 412 1
55 111 434 1
111 55 434 1
4 26 161 1
26 4 161 1
41 72 550 1
72 41 550 1
51 53 271 1
53 51 271 1
60 64 187 1
64 60 187 1
85 97 439 1
97 85 439 1
8 14 205 1
14 8 205 1
8 23 562 1
23 8 562 1
41 75 187 1
75 41 187 1
14 26 321 1
26 14 321 1
36 72 276 1
72 36 276 1
29 79 257 1
79 29 257 1
72 80 384 1
80 72 384 1
13 71 401 1
71 13 401 1
77 110 393 1
110 77 393 1
9 71 488 1
71 9 488 1
25 30 292 1
30 25 292 1
1 57 172 1
57 1 172 1
5 21 332 1
21 5 332 1
6 9 834 1
9 6 834 1
53 99 316 1
99 53 316 1
60 66 370 1
66 60 370 1
0 56 174 1
56 0 174 1
103 105 173 1
105 103 173 1
22 27 524 1
27 22 524 1
97 113 312 1
113 97 312 1
37 40 562 1
40 37 562 1
5 25 129 1
25 5 129 1
79 95 480 1
95 79 480 1
97 111 292 1
111 97 292 1
46 50 303 1
50 46 303 1
5 6 733 1
6 5 733 1
20 31 387 1
31 20 387 1
7 18 581 1
18 7 581 1
42 48 243 1
48 42 243 1
46 112 262 1
112 46 262 1
95 115 205 1
115 95 205 1
17 63 324 1
63 17 324 1
22 26 505 1
26 22 505 1
36 37 542 1
37 36 542 1
97 112 339 1
112 97 339 1
111 113 191 1
113 111 191 1
38 39 465 1
39 38 465 1
49 51 172 1
51 49 172 1
11 29 239 1
29 11 239 1
13 73 358 1
73 13 358 1
20 71 311 1
71 20 311 1
21 87 397 1
87 21 397 1
75 81 434 1
81 75 434 1
14 22 562 1
22 14 562 1
50 111 478 1
111 50 478 1
1 33 355 1
33 1 355 1
28 82 255 1
82 28 255 1
29 83 227 1
83 29 227 1
47 99 231 1
99 47 231 1
53 112 421 1
112 53 421 1
95 114 280 1
114 95 280 1
2 25 585 1
25 2 585 1
19 33 238 1
33 19 238 1
19 68 313 1
68 19 313 1
5 9 157 1
9 5 157 1
38 72 305 1
72 38 305 1
54 96 167 1
96 54 167 1
108 114 218 1
114 108 218 1
28 38 358 1
38 28 358 1
90 92 135 1
92 90 135 1
95 99 272 1
99 95 272 1
7 13 237 1
13 7 237 1
53 55 448 1
55 53 448 1
53 113 487 1
113 53 487 1
72 75 453 1
75 72 453 1
72 78 300 1
78 72 300 1
74 81 792 1
81 74 792 1
17 75 351 1
75 17 351 1
74 80 415 1
80 74 415 1
1 18 493 1
18 1 493 1
13 15 277 1
15 13 277 1
85 89 220 1
89 85 220 1
90 98 163 1
98 90 163 1
2 27 659 1
27 2 659 1
82 83 881 1
83 82 881 1
9 20 557 1
20 9 557 1
11 83 383 1
83 11 383 1
25 71 434 1
71 25 434 1
46 52 244 1
52 46 244 1
99 114 265 1
114 99 265 1
101 113 350 1
113 101 350 1
38 74 265 1
74 38 265 1
54 55 651 1
55 54 651 1
55 115 361 1
115 55 361 1
4 5 350 1
5 4 350 1
4 27 279 1
27 4 279 1
44 50 287 1
50 44 287 1
78 80 116 1
80 78 116 1
7 8 828 1
8 7 828 1
74 78 322 1
78 74 322 1
15 83 194 1
83 15 194 1
50 53 744 1
53 50 744 1
71 75 163 1
75 71 163 1
101 102 595 1
102 101 595 1
102 103 508 1
103 102 508 1
11 17 224 1
17 11 224 1
13 29 290 1
29 13 290 1
34 35 126 1
35 34 126 1
100 101 656 1
101 100 656 1
2 26 618 1
26 2 618 1
23 24 403 1
24 23 403 1
72 73 517 1
73 72 517 1
110 111 172 1
111 110 172 1
43 96 503 1
96 43 503 1
17 73 298 1
73 17 298 1
37 38 515 1
38 37 515 1
52 54 402 1
54 52 402 1
52 98 272 1
98 52 272 1
55 108 332 1
108 55 332 1
74 79 666 1
79 74 666 1
96 97 322 1
97 96 322 1
6 26 607 1
26 6 607 1
47 112 265 1
112 47 265 1
12 22 481 1
22 12 481 1
16 78 122 1
78 16 122 1
21 25 360 1
25 21 360 1
81 95 542 1
95 81 542 1
3 4 707 1
4 3 707 1
43 111 293 1
111 43 293 1
95 113 351 1
113 95 351 1
3 25 566 1
25 3 566 1
8 12 346 1
12 8 346 1
28 41 661 1
41 28 661 1
55 79 394 1
79 55 394 1
82 86 143 1
86 82 143 1
109 110 135 1
110 109 135 1
3 5 603 1
5 3 603 1
3 19 382 1
19 3 382 1
18 23 573 1
23 18 573 1
46 98 212 1
98 46 212 1
78 79 878 1
79 78 878 1
96 111 286 1
111 96 286 1
41 81 452 1
81 41 452 1
15 24 514 1
24 15 514 1
19 23 597 1
23 19 597 1
93 102 600 1
102 93 600 1
28 29 741 1
29 28 741 1
42 53 475 1
53 42 475 1
4 25 258 1
25 4 258 1
6 24 555 1
24 6 555 1
20 21 185 1
21 20 185 1
20 25 402 1
25 20 402 1
91 99 166 1
99 91 166 1
25 31 272 1
31 25 272 1
37 95 241 1
95 37 241 1
12 30 419 1
30 12 419 1
29 40 655 1
40 29 655 1
4 7 733 1
7 4 733 1
6 70 405 1
70 6 405 1
42 96 429 1
96 42 429 1
67 98 738 1
98 67 738 1
85 113 705 1
113 85 705 1
99 109 321 1
109 99 321 1
18 33 288 1
33 18 288 1
24 71 494 1
71 24 494 1
74 76 203 1
76 74 203 1
40 86 262 1
86 40 262 1
47 50 544 1
50 47 544 1
102 104 159 1
104 102 159 1
104 107 401 1
107 104 401 1
46 54 354 1
54 46 354 1
112 114 196 1
114 112 196 1
6 27 679 1
27 6 679 1
21 27 209 1
27 21 209 1
42 112 333 1
112 42 333 1
75 79 318 1
79 75 318 1
86 88 460 1
88 86 460 1
91 102 669 1
102 91 669 1
45 46 448 1
46 45 448 1
46 99 446 1
99 46 446 1
15 71 394 1
71 15 394 1
22 30 218 1
30 22 218 1
42 55 629 1
55 42 629 1
4 12 434 1
12 4 434 1
28 78 272 1
78 28 272 1
38 54 263 1
54 38 263 1
14 21 487 1
21 14 487 1
10 16 218 1
16 10 218 1
3 24 623 1
24 3 623 1
39 41 161 1
41 39 161 1
1 3 446 1
3 1 446 1
72 79 733 1
79 72 733 1
109 111 273 1
111 109 273 1
82 88 444 1
88 82 444 1
108 113 292 1
113 108 292 1
13 75 440 1
75 13 440 1
24 70 465 1
70 24 465 1
11 73 310 1
73 11 310 1
96 109 176 1
109 96 176 1
41 83 252 1
83 41 252 1
28 30 436 1
30 28 436 1
36 41 570 1
41 36 570 1
57 63 249 1
63 57 249 1
16 72 287 1
72 16 287 1
24 31 318 1
31 24 318 1
37 77 246 1
77 37 246 1
44 51 440 1
51 44 440 1
72 81 860 1
81 72 860 1
85 115 651 1
115 85 651 1
9 14 725 1
14 9 725 1
52 112 417 1
112 52 417 1
59 66 363 1
66 59 363 1
55 89 213 1
89 55 213 1
55 112 466 1
112 55 466 1
91 103 258 1
103 91 258 1
97 110 221 1
110 97 221 1
28 31 545 1
31 28 545 1
40 80 433 1
80 40 433 1
55 113 437 1
113 55 437 1
2 70 412 1
70 2 412 1
13 31 424 1
31 13 424 1
73 79 296 1
79 73 296 1
31 82 641 1
82 31 641 1
46 110 220 1
110 46 220 1
47 52 540 1
52 47 540 1
15 29 295 1
29 15 295 1
36 54 228 1
54 36 228 1
46 53 547 1
53 46 547 1
43 55 485 1
55 43 485 1
12 70 392 1
70 12 392 1
14 25 491 1
25 14 491 1
37 39 117 1
39 37 117 1
72 76 257 1
76 72 257 1
93 100 653 1
100 93 653 1
98 111 265 1
111 98 265 1
112 115 269 1
115 112 269 1
10 12 181 1
12 10 181 1
54 115 339 1
115 54 339 1
103 104 369 1
104 103 369 1
20 82 329 1
82 20 329 1
22 88 1044 1
88 22 1044 1
28 83 861 1
83 28 861 1
52 111 398 1
111 52 398 1
7 12 856 1
12 7 856 1
93 113 317 1
113 93 317 1
55 110 380 1
110 55 380 1
89 97 385 1
97 89 385 1
15 73 336 1
73 15 336 1
30 82 534 1
82 30 534 1
61 65 175 1
65 61 175 1
1 7 452 1
7 1 452 1
5 8 493 1
8 5 493 1
8 27 425 1
27 8 425 1
11 75 388 1
75 11 388 1
25 27 193 1
27 25 193 1
98 110 300 1
110 98 300 1
3 8 773 1
8 3 773 1
3 15 589 1
15 3 589 1
8 70 477 1
70 8 477 1
5 15 278 1
15 5 278 1
15 30 522 1
30 15 522 1
37 81 336 1
81 37 336 1
85 108 596 1
108 85 596 1
20 86 362 1
86 20 362 1
83 86 863 1
86 83 863 1
2 12 394 1
12 2 394 1
7 19 519 1
19 7 519 1
8 26 300 1
26 8 300 1
16 28 220 1
28 16 220 1
6 25 624 1
25 6 624 1
8 25 389 1
25 8 389 1
42 51 463 1
51 42 463 1
96 99 428 1
99 96 428 1
99 104 430 1
104 99 430 1
14 28 286 1
28 14 286 1
92 112 325 1
112 92 325 1
3 12 737 1
12 3 737 1
25 26 225 1
26 25 225 1
14 27 449 1
27 14 449 1
46 49 541 1
49 46 541 1
50 112 538 1
112 50 538 1
35 90 713 1
90 35 713 1
79 108 585 1
108 79 585 1
95 112 395 1
112 95 395 1
96 98 184 1
98 96 184 1
13 30 546 1
30 13 546 1
92 103 574 1
103 92 574 1
93 99 208 1
99 93 208 1
34 66 268 1
66 34 268 1
12 23 607 1
23 12 607 1
45 51 254 1
51 45 254 1
99 110 299 1
110 99 299 1
7 24 631 1
24 7 631 1
14 31 528 1
31 14 528 1
50 98 448 1
98 50 448 1
5 24 252 1
24 5 252 1
95 96 288 1
96 95 288 1
95 111 347 1
111 95 347 1
9 13 376 1
13 9 376 1
25 70 480 1
70 25 480 1
43 50 494 1
50 43 494 1
67 68 440 1
68 67 440 1
99 115 285 1
115 99 285 1
61 63 238 1
63 61 238 1
78 81 1002 1
81 78 1002 1
105 114 152 1
114 105 152 1
15 22 650 1
22 15 650 1
53 85 491 1
85 53 491 1
81 108 656 1
108 81 656 1
93 112 343 1
112 93 343 1
99 108 310 1
108 99 310 1
14 83 858 1
83 14 858 1
18 26 857 1
26 18 857 1
42 113 437 1
113 42 437 1
49 65 308 1
65 49 308 1
80 84 162 1
84 80 162 1
53 97 456 1
97 53 456 1
109 114 278 1
114 109 278 1
36 80 330 1
80 36 330 1
54 111 422 1
111 54 422 1
21 30 349 1
30 21 349 1
23 25 373 1
25 23 373 1
62 78 287 1
78 62 287 1
94 97 266 1
97 94 266 1
97 105 299 1
105 97 299 1
24 26 201 1
26 24 201 1
28 36 321 1
36 28 321 1
39 94 407 1
94 39 407 1
42 99 482 1
99 42 482 1
5 14 572 1
14 5 572 1
8 15 741 1
15 8 741 1
15 21 348 1
21 15 348 1
85 109 570 1
109 85 570 1
109 115 211 1
115 109 211 1
4 20 334 1
20 4 334 1
46 113 335 1
113 46 335 1
12 82 376 1
82 12 376 1
28 75 567 1
75 28 567 1
29 37 304 1
37 29 304 1
53 95 553 1
95 53 553 1
99 103 258 1
103 99 258 1
114 115 96 1
115 114 96 1
40 83 731 1
83 40 731 1
101 114 359 1
114 101 359 1
15 25 386 1
25 15 386 1
41 79 379 1
79 41 379 1
37 75 239 1
75 37 239 1
0 1 800 1
1 0 800 1
4 15 597 1
15 4 597 1
17 85 352 1
85 17 352 1
20 28 320 1
28 20 320 1
79 97 479 1
97 79 479 1
3 13 410 1
13 3 410 1
5 7 538 1
7 5 538 1
17 37 368 1
37 17 368 1
80 81 1113 1
81 80 1113 1
89 95 416 1
95 89 416 1
64 66 392 1
66 64 392 1
94 110 220 1
110 94 220 1
17 61 534 1
61 17 534 1
21 82 511 1
82 21 511 1
92 113 313 1
113 92 313 1
17 74 721 1
74 17 721 1
34 64 445 1
64 34 445 1
36 96 257 1
96 36 257 1
58 69 426 1
69 58 426 1
5 87 460 1
87 5 460 1
7 70 592 1
70 7 592 1
11 81 403 1
81 11 403 1
20 41 386 1
41 20 386 1
66 69 349 1
69 66 349 1
2 19 481 1
19 2 481 1
30 75 454 1
75 30 454 1
53 115 576 1
115 53 576 1
36 110 412 1
110 36 412 1
56 62 252 1
62 56 252 1
63 85 364 1
85 63 364 1
108 115 135 1
115 108 135 1
7 15 461 1
15 7 461 1
54 97 484 1
97 54 484 1
12 24 517 1
24 12 517 1
16 74 335 1
74 16 335 1
28 86 383 1
86 28 383 1
42 52 325 1
52 42 325 1
46 97 424 1
97 46 424 1
47 53 268 1
53 47 268 1
79 109 545 1
109 79 545 1
99 101 266 1
101 99 266 1
11 41 473 1
41 11 473 1
15 31 431 1
31 15 431 1
4 70 430 1
70 4 430 1
10 84 516 1
84 10 516 1
85 99 448 1
99 85 448 1
105 107 233 1
107 105 233 1
22 70 443 1
70 22 443 1
29 71 259 1
71 29 259 1
94 105 354 1
105 94 354 1
95 110 248 1
110 95 248 1
6 19 593 1
19 6 593 1
46 109 326 1
109 46 326 1
57 61 216 1
61 57 216 1
91 111 390 1
111 91 390 1
96 115 214 1
115 96 214 1
110 115 264 1
115 110 264 1
0 19 488 1
19 0 488 1
47 55 367 1
55 47 367 1
72 77 430 1
77 72 430 1
7 25 539 1
25 7 539 1
11 71 374 1
71 11 374 1
30 73 455 1
73 30 455 1
34 110 327 1
110 34 327 1
41 86 672 1
86 41 672 1
43 48 391 1
48 43 391 1
1 13 546 1
13 1 546 1
43 53 293 1
53 43 293 1
92 99 572 1
99 92 572 1
96 104 297 1
104 96 297 1
98 112 277 1
112 98 277 1
111 115 269 1
115 111 269 1
34 67 275 1
67 34 275 1
49 50 585 1
50 49 585 1
99 105 287 1
105 99 287 1
3 88 1145 1
88 3 1145 1
8 20 420 1
20 8 420 1
55 114 395 1
114 55 395 1
56 57 840 1
57 56 840 1
83 87 158 1
87 83 158 1
37 73 278 1
73 37 278 1
11 31 475 1
31 11 475 1
101 112 405 1
112 101 405 1
34 47 428 1
47 34 428 1
58 90 890 1
90 58 890 1
85 114 680 1
114 85 680 1
91 100 719 1
100 91 719 1
1 11 394 1
11 1 394 1
17 57 439 1
57 17 439 1
37 115 443 1
115 37 443 1
39 86 698 1
86 39 698 1
40 81 874 1
81 40 874 1
54 112 454 1
112 54 454 1
59 67 245 1
67 59 245 1
72 83 754 1
83 72 754 1
103 113 295 1
113 103 295 1
63 80 1146 1
80 63 1146 1
3 26 678 1
26 3 678 1
37 110 431 1
110 37 431 1
41 80 868 1
80 41 868 1
54 104 337 1
104 54 337 1
5 18 901 1
18 5 901 1
36 78 263 1
78 36 263 1
54 110 373 1
110 54 373 1
93 114 346 1
114 93 346 1
3 30 397 1
30 3 397 1
20 83 565 1
83 20 565 1
40 77 472 1
77 40 472 1
43 51 245 1
51 43 245 1
53 109 560 1
109 53 560 1
10 82 401 1
82 10 401 1
12 26 521 1
26 12 521 1
18 82 891 1
82 18 891 1
94 96 89 1
96 94 89 1
15 70 606 1
70 15 606 1
53 89 552 1
89 53 552 1
17 72 781 1
72 17 781 1
29 30 533 1
30 29 533 1
44 111 448 1
111 44 448 1
91 112 368 1
112 91 368 1
111 114 232 1
114 111 232 1
12 31 545 1
31 12 545 1
19 69 323 1
69 19 323 1
29 31 454 1
31 29 454 1
62 84 326 1
84 62 326 1
40 78 376 1
78 40 376 1
20 70 213 1
70 20 213 1
68 90 1109 1
90 68 1109 1
36 79 738 1
79 36 738 1
54 95 438 1
95 54 438 1
56 60 232 1
60 56 232 1
76 110 394 1
110 76 394 1
9 26 419 1
26 9 419 1
15 75 396 1
75 15 396 1
23 70 494 1
70 23 494 1
29 85 473 1
85 29 473 1
43 112 376 1
112 43 376 1
76 78 312 1
78 76 312 1
96 112 337 1
112 96 337 1
2 14 572 1
14 2 572 1
93 111 397 1
111 93 397 1
104 111 377 1
111 104 377 1
110 112 272 1
112 110 272 1
13 17 364 1
17 13 364 1
63 74 885 1
74 63 885 1
100 113 356 1
113 100 356 1
29 63 531 1
63 29 531 1
92 111 381 1
111 92 381 1
29 95 532 1
95 29 532 1
14 70 380 1
70 14 380 1
15 26 469 1
26 15 469 1
22 31 234 1
31 22 234 1
97 104 399 1
104 97 399 1
23 88 1119 1
88 23 1119 1
43 110 298 1
110 43 298 1
54 98 204 1
98 54 204 1
69 98 991 1
98 69 991 1
7 71 395 1
71 7 395 1
31 83 561 1
83 31 561 1
10 28 213 1
28 10 213 1
15 82 832 1
82 15 832 1
17 95 598 1
95 17 598 1
34 111 469 1
111 34 469 1
36 105 576 1
105 36 576 1
50 99 730 1
99 50 730 1
70 73 402 1
73 70 402 1
73 83 298 1
83 73 298 1
108 111 286 1
111 108 286 1
9 88 1163 1
88 9 1163 1
12 13 959 1
13 12 959 1
54 99 587 1
99 54 587 1
98 102 260 1
102 98 260 1
36 81 848 1
81 36 848 1
41 71 317 1
71 41 317 1
13 83 347 1
83 13 347 1
46 48 368 1
48 46 368 1
54 89 853 1
89 54 853 1
85 111 651 1
111 85 651 1
108 112 335 1
112 108 335 1
17 40 824 1
40 17 824 1
21 83 382 1
83 21 382 1
66 98 720 1
98 66 720 1
85 112 702 1
112 85 702 1
9 12 856 1
12 9 856 1
37 85 343 1
85 37 343 1
38 77 447 1
77 38 447 1
58 98 810 1
98 58 810 1
12 15 906 1
15 12 906 1
30 83 641 1
83 30 641 1
46 104 454 1
104 46 454 1
105 108 296 1
108 105 296 1
109 112 348 1
112 109 348 1
20 73 397 1
73 20 397 1
95 105 309 1
105 95 309 1
0 33 480 1
33 0 480 1
1 23 707 1
23 1 707 1
5 70 530 1
70 5 530 1
11 30 584 1
30 11 584 1
40 75 477 1
75 40 477 1
85 96 743 1
96 85 743 1
22 82 706 1
82 22 706 1
74 83 697 1
83 74 697 1
79 96 717 1
96 79 717 1
90 102 246 1
102 90 246 1
24 27 252 1
27 24 252 1
35 91 647 1
91 35 647 1
51 52 786 1
52 51 786 1
3 71 399 1
71 3 399 1
45 50 474 1
50 45 474 1
9 30 478 1
30 9 478 1
34 60 439 1
60 34 439 1
54 113 426 1
113 54 426 1
73 80 850 1
80 73 850 1
81 83 446 1
83 81 446 1
13 70 648 1
70 13 648 1
42 98 381 1
98 42 381 1
74 77 362 1
77 74 362 1
77 109 318 1
109 77 318 1
98 99 479 1
99 98 479 1
6 14 476 1
14 6 476 1
17 41 414 1
41 17 414 1
20 29 497 1
29 20 497 1
34 98 528 1
98 34 528 1
40 73 549 1
73 40 549 1
14 71 582 1
71 14 582 1
25 83 553 1
83 25 553 1
2 88 959 1
88 2 959 1
29 80 961 1
80 29 961 1
31 41 528 1
41 31 528 1
37 55 221 1
55 37 221 1
37 79 267 1
79 37 267 1
90 93 690 1
93 90 690 1
21 22 558 1
22 21 558 1
37 54 645 1
54 37 645 1
44 47 404 1
47 44 404 1
60 67 538 1
67 60 538 1
39 40 508 1
40 39 508 1
51 111 516 1
111 51 516 1
3 14 804 1
14 3 804 1
3 70 520 1
70 3 520 1
4 18 866 1
18 4 866 1
12 25 617 1
25 12 617 1
54 108 319 1
108 54 319 1
28 73 629 1
73 28 629 1
35 69 473 1
69 35 473 1
47 109 317 1
109 47 317 1
52 113 478 1
113 52 478 1
10 80 357 1
80 10 357 1
62 76 527 1
76 62 527 1
82 84 544 1
84 82 544 1
83 88 1071 1
88 83 1071 1
28 81 975 1
81 28 975 1
37 74 520 1
74 37 520 1
45 65 388 1
65 45 388 1
0 2 460 1
2 0 460 1
13 20 655 1
20 13 655 1
36 84 341 1
84 36 341 1
38 84 429 1
84 38 429 1
42 110 303 1
110 42 303 1
43 99 372 1
99 43 372 1
74 108 474 1
108 74 474 1
76 96 361 1
96 76 361 1
77 79 329 1
79 77 329 1
79 80 991 1
80 79 991 1
43 109 418 1
109 43 418 1
43 113 467 1
113 43 467 1
77 96 456 1
96 77 456 1
40 54 405 1
54 40 405 1
52 99 661 1
99 52 661 1
63 72 944 1
72 63 944 1
11 15 385 1
15 11 385 1
14 88 613 1
88 14 613 1
45 47 345 1
47 45 345 1
109 113 333 1
113 109 333 1
46 95 451 1
95 46 451 1
54 109 337 1
109 54 337 1
62 80 268 1
80 62 268 1
9 18 946 1
18 9 946 1
103 114 282 1
114 103 282 1
9 27 309 1
27 9 309 1
20 22 544 1
22 20 544 1
20 26 232 1
26 20 232 1
31 73 397 1
73 31 397 1
46 115 378 1
115 46 378 1
63 78 1033 1
78 63 1033 1
76 79 567 1
79 76 567 1
104 114 171 1
114 104 171 1
3 27 634 1
27 3 634 1
79 115 682 1
115 79 682 1
3 31 315 1
31 3 315 1
14 86 272 1
86 14 272 1
55 81 401 1
81 55 401 1
89 115 561 1
115 89 561 1
42 85 771 1
85 42 771 1
104 112 332 1
112 104 332 1
104 115 184 1
115 104 184 1
73 85 516 1
85 73 516 1
75 95 407 1
95 75 407 1
31 40 592 1
40 31 592 1
38 88 311 1
88 38 311 1
104 113 229 1
113 104 229 1
20 75 348 1
75 20 348 1
36 108 330 1
108 36 330 1
38 80 426 1
80 38 426 1
52 55 814 1
55 52 814 1
70 75 355 1
75 70 355 1
0 6 417 1
6 0 417 1
17 80 1070 1
80 17 1070 1
31 75 419 1
75 31 419 1
52 115 545 1
115 52 545 1
100 103 576 1
103 100 576 1
38 83 760 1
83 38 760 1
40 82 231 1
82 40 231 1
40 84 485 1
84 40 485 1
12 20 477 1
20 12 477 1
30 70 259 1
70 30 259 1
31 86 707 1
86 31 707 1
34 50 475 1
50 34 475 1
40 76 327 1
76 40 327 1
100 104 240 1
104 100 240 1
5 12 722 1
12 5 722 1
66 68 378 1
68 66 378 1
10 14 380 1
14 10 380 1
10 72 309 1
72 10 309 1
75 80 775 1
80 75 775 1
11 80 1102 1
80 11 1102 1
77 108 373 1
108 77 373 1
9 21 431 1
21 9 431 1
11 74 727 1
74 11 727 1
30 72 390 1
72 30 390 1
32 78 484 1
78 32 484 1
4 30 322 1
30 4 322 1
56 80 431 1
80 56 431 1
35 64 566 1
64 35 566 1
37 76 441 1
76 37 441 1
52 89 1027 1
89 52 1027 1
97 107 263 1
107 97 263 1
103 112 375 1
112 103 375 1
7 88 1209 1
88 7 1209 1
12 21 630 1
21 12 630 1
15 18 910 1
18 15 910 1
18 27 862 1
27 18 862 1
26 82 411 1
82 26 411 1
54 114 381 1
114 54 381 1
99 107 302 1
107 99 302 1
10 11 986 1
11 10 986 1
14 18 837 1
18 14 837 1
28 71 506 1
71 28 506 1
81 109 623 1
109 81 623 1
96 113 315 1
113 96 315 1
7 30 462 1
30 7 462 1
16 56 380 1
56 16 380 1
39 83 378 1
83 39 378 1
102 111 440 1
111 102 440 1
29 38 680 1
38 29 680 1
64 67 549 1
67 64 549 1
99 102 560 1
102 99 560 1
11 16 1004 1
16 11 1004 1
11 61 675 1
61 11 675 1
22 71 471 1
71 22 471 1
55 105 373 1
105 55 373 1
13 25 519 1
25 13 519 1
38 82 362 1
82 38 362 1
38 94 246 1
94 38 246 1
63 75 591 1
75 63 591 1
101 111 463 1
111 101 463 1
0 22 675 1
22 0 675 1
96 108 167 1
108 96 167 1
107 115 298 1
115 107 298 1
2 21 636 1
21 2 636 1
11 72 773 1
72 11 773 1
84 86 610 1
86 84 610 1
100 112 410 1
112 100 410 1
103 111 432 1
111 103 432 1
105 110 411 1
110 105 411 1
16 70 409 1
70 16 409 1
29 87 356 1
87 29 356 1
71 88 827 1
88 71 827 1
46 108 360 1
108 46 360 1
66 104 942 1
104 66 942 1
3 21 582 1
21 3 582 1
21 31 344 1
31 21 344 1
94 104 298 1
104 94 298 1
11 57 518 1
57 11 518 1
37 72 595 1
72 37 595 1
52 96 418 1
96 52 418 1
18 25 840 1
25 18 840 1
37 108 355 1
108 37 355 1
92 114 349 1
114 92 349 1
8 71 624 1
71 8 624 1
15 87 271 1
87 15 271 1
21 24 413 1
24 21 413 1
41 77 345 1
77 41 345 1
71 83 425 1
83 71 425 1
80 82 469 1
82 80 469 1
102 105 355 1
105 102 355 1
0 82 741 1
82 0 741 1
2 15 805 1
15 2 805 1
36 39 517 1
39 36 517 1
55 104 526 1
104 55 526 1
73 95 476 1
95 73 476 1
81 97 523 1
97 81 523 1
0 3 712 1
3 0 712 1
0 32 356 1
32 0 356 1
15 88 1097 1
88 15 1097 1
18 88 1010 1
88 18 1010 1
33 57 394 1
57 33 394 1
66 102 974 1
102 66 974 1
94 107 417 1
107 94 417 1
25 82 617 1
82 25 617 1
72 108 541 1
108 72 541 1
12 71 631 1
71 12 631 1
20 74 213 1
74 20 213 1
44 65 564 1
65 44 564 1
63 73 569 1
73 63 569 1
77 95 322 1
95 77 322 1
105 113 210 1
113 105 210 1
108 110 194 1
110 108 194 1
11 20 668 1
20 11 668 1
12 28 275 1
28 12 275 1
17 36 828 1
36 17 828 1
29 108 631 1
108 29 631 1
69 107 1110 1
107 69 1110 1
19 22 594 1
22 19 594 1
21 71 214 1
71 21 214 1
23 27 506 1
27 23 506 1
37 97 271 1
97 37 271 1
84 88 224 1
88 84 224 1
10 21 662 1
21 10 662 1
25 88 998 1
88 25 998 1
26 87 560 1
87 26 560 1
41 95 382 1
95 41 382 1
43 98 522 1
98 43 522 1
47 91 332 1
91 47 332 1
53 54 818 1
54 53 818 1
62 63 1134 1
63 62 1134 1
18 24 845 1
24 18 845 1
54 85 906 1
85 54 906 1
58 68 392 1
68 58 392 1
19 57 426 1
57 19 426 1
20 72 238 1
72 20 238 1
25 41 554 1
41 25 554 1
66 90 828 1
90 66 828 1
66 111 646 1
111 66 646 1
81 84 1146 1
84 81 1146 1
44 96 580 1
96 44 580 1
48 52 415 1
52 48 415 1
60 69 564 1
69 60 564 1
104 110 417 1
110 104 417 1
4 88 829 1
88 4 829 1
16 63 1092 1
63 16 1092 1
38 76 305 1
76 38 305 1
42 95 547 1
95 42 547 1
51 92 878 1
92 51 878 1
94 114 259 1
114 94 259 1
96 105 387 1
105 96 387 1
102 112 391 1
112 102 391 1
3 82 903 1
82 3 903 1
12 18 670 1
18 12 670 1
42 97 497 1
97 42 497 1
44 112 534 1
112 44 534 1
70 88 635 1
88 70 635 1
3 83 681 1
83 3 681 1
7 31 345 1
31 7 345 1
10 83 1031 1
83 10 1031 1
65 85 476 1
85 65 476 1
5 23 453 1
23 5 453 1
25 87 575 1
87 25 575 1
32 40 629 1
40 32 629 1
62 64 300 1
64 62 300 1
84 85 1130 1
85 84 1130 1
3 20 648 1
20 3 648 1
6 30 365 1
30 6 365 1
28 79 847 1
79 28 847 1
32 74 456 1
74 32 456 1
32 79 600 1
79 32 600 1
59 61 271 1
61 59 271 1
12 27 629 1
27 12 629 1
40 79 762 1
79 40 762 1
77 78 550 1
78 77 550 1
105 115 176 1
115 105 176 1
74 86 416 1
86 74 416 1
13 80 1155 1
80 13 1155 1
14 87 842 1
87 14 842 1
17 77 417 1
77 17 417 1
20 39 459 1
39 20 459 1
71 72 402 1
72 71 402 1
77 94 396 1
94 77 396 1
17 108 703 1
108 17 703 1
37 105 506 1
105 37 506 1
38 108 316 1
108 38 316 1
75 83 351 1
83 75 351 1
3 11 395 1
11 3 395 1
3 33 424 1
33 3 424 1
43 85 559 1
85 43 559 1
51 112 579 1
112 51 579 1
98 104 286 1
104 98 286 1
34 42 401 1
42 34 401 1
36 62 525 1
62 36 525 1
53 101 452 1
101 53 452 1
8 30 385 1
30 8 385 1
40 105 656 1
105 40 656 1
42 109 434 1
109 42 434 1
44 113 636 1
113 44 636 1
48 66 357 1
66 48 357 1
48 98 566 1
98 48 566 1
9 31 394 1
31 9 394 1
13 22 606 1
22 13 606 1
13 23 488 1
23 13 488 1
37 96 506 1
96 37 506 1
50 113 625 1
113 50 625 1
66 110 549 1
110 66 549 1
53 91 265 1
91 53 265 1
64 88 675 1
88 64 675 1
1 61 385 1
61 1 385 1
2 30 317 1
30 2 317 1
7 11 254 1
11 7 254 1
16 84 311 1
84 16 311 1
34 45 409 1
45 34 409 1
50 110 492 1
110 50 492 1
30 41 563 1
41 30 563 1
31 72 482 1
72 31 482 1
42 65 644 1
65 42 644 1
63 95 704 1
95 63 704 1
16 82 421 1
82 16 421 1
31 80 848 1
80 31 848 1
46 85 782 1
85 46 782 1
51 93 605 1
93 51 605 1
56 78 391 1
78 56 391 1
78 108 559 1
108 78 559 1
85 110 584 1
110 85 584 1
0 26 879 1
26 0 879 1
6 21 662 1
21 6 662 1
9 73 497 1
73 9 497 1
11 79 342 1
79 11 342 1
75 108 484 1
108 75 484 1
80 86 567 1
86 80 567 1
21 74 343 1
74 21 343 1
37 94 426 1
94 37 426 1
43 97 409 1
97 43 409 1
45 111 467 1
111 45 467 1
46 51 585 1
51 46 585 1
59 68 484 1
68 59 484 1
19 67 590 1
67 19 590 1
28 84 456 1
84 28 456 1
29 78 851 1
78 29 851 1
63 108 791 1
108 63 791 1
71 74 359 1
74 71 359 1
89 109 541 1
109 89 541 1
13 24 641 1
24 13 641 1
48 111 498 1
111 48 498 1
53 96 662 1
96 53 662 1
100 114 352 1
114 100 352 1
13 16 1048 1
16 13 1048 1
18 32 279 1
32 18 279 1
20 40 225 1
40 20 225 1
75 76 374 1
76 75 374 1
75 85 521 1
85 75 521 1
21 28 487 1
28 21 487 1
23 31 199 1
31 23 199 1
23 90 1391 1
90 23 1391 1
7 27 597 1
27 7 597 1
16 29 882 1
29 16 882 1
32 72 471 1
72 32 471 1
42 108 485 1
108 42 485 1
81 115 734 1
115 81 734 1
106 107 486 1
107 106 486 1
55 63 600 1
63 55 600 1
91 114 389 1
114 91 389 1
2 71 519 1
71 2 519 1
5 88 1026 1
88 5 1026 1
15 86 825 1
86 15 825 1
30 74 403 1
74 30 403 1
51 91 505 1
91 51 505 1
92 98 220 1
98 92 220 1
1 16 963 1
16 1 963 1
9 83 411 1
83 9 411 1
23 71 443 1
71 23 443 1
47 97 280 1
97 47 280 1
99 100 610 1
100 99 610 1
49 87 1159 1
87 49 1159 1
72 86 399 1
86 72 399 1
91 113 366 1
113 91 366 1
101 105 274 1
105 101 274 1
11 28 875 1
28 11 875 1
43 108 477 1
108 43 477 1
47 51 339 1
51 47 339 1
81 105 772 1
105 81 772 1
2 20 581 1
20 2 581 1
18 83 953 1
83 18 953 1
10 78 335 1
78 10 335 1
16 36 349 1
36 16 349 1
35 98 563 1
98 35 563 1
62 74 590 1
74 62 590 1
5 30 380 1
30 5 380 1
10 74 381 1
74 10 381 1
12 16 384 1
16 12 384 1
27 64 1222 1
64 27 1222 1
34 77 351 1
77 34 351 1
45 98 655 1
98 45 655 1
47 48 490 1
48 47 490 1
11 63 488 1
63 11 488 1
26 30 321 1
30 26 321 1
32 62 548 1
62 32 548 1
33 68 378 1
68 33 378 1
47 76 575 1
76 47 575 1
60 98 728 1
98 60 728 1
64 69 676 1
69 64 676 1
72 87 771 1
87 72 771 1
11 86 1027 1
86 11 1027 1
17 78 955 1
78 17 955 1
32 36 555 1
36 32 555 1
37 86 777 1
86 37 777 1
40 108 451 1
108 40 451 1
47 54 568 1
54 47 568 1
54 84 309 1
84 54 309 1
67 102 981 1
102 67 981 1
73 87 395 1
87 73 395 1
75 77 210 1
77 75 210 1
79 84 1035 1
84 79 1035 1
10 30 501 1
30 10 501 1
11 40 844 1
40 11 844 1
16 40 399 1
40 16 399 1
30 87 699 1
87 30 699 1
34 46 395 1
46 34 395 1
41 76 493 1
76 41 493 1
47 77 509 1
77 47 509 1
49 53 406 1
53 49 406 1
66 107 978 1
107 66 978 1
75 78 667 1
78 75 667 1
78 84 235 1
84 78 235 1
81 114 782 1
114 81 782 1
102 113 317 1
113 102 317 1
1 2 743 1
2 1 743 1
20 27 271 1
27 20 271 1
23 35 930 1
35 23 930 1
32 105 956 1
105 32 956 1
38 73 580 1
73 38 580 1
48 65 674 1
65 48 674 1
17 109 666 1
109 17 666 1
36 94 246 1
94 36 246 1
57 80 1050 1
80 57 1050 1
95 104 381 1
104 95 381 1
16 73 769 1
73 16 769 1
32 63 656 1
63 32 656 1
53 110 473 1
110 53 473 1
72 82 298 1
82 72 298 1
12 19 781 1
19 12 781 1
29 39 339 1
39 29 339 1
27 88 863 1
88 27 863 1
32 108 663 1
108 32 663 1
34 48 431 1
48 34 431 1
64 84 478 1
84 64 478 1
105 111 367 1
111 105 367 1
6 15 884 1
15 6 884 1
17 28 894 1
28 17 894 1
36 86 441 1
86 36 441 1
38 105 521 1
105 38 521 1
39 82 719 1
82 39 719 1
42 54 525 1
54 42 525 1
49 55 664 1
55 49 664 1
73 108 560 1
108 73 560 1
34 44 373 1
44 34 373 1
105 109 371 1
109 105 371 1
1 22 766 1
22 1 766 1
20 80 604 1
80 20 604 1
30 80 748 1
80 30 748 1
38 75 499 1
75 38 499 1
44 53 562 1
53 44 562 1
44 55 743 1
55 44 743 1
49 63 596 1
63 49 596 1
67 91 790 1
91 67 790 1
89 114 592 1
114 89 592 1
20 87 562 1
87 20 562 1
48 58 400 1
58 48 400 1
56 58 427 1
58 56 427 1
57 81 488 1
81 57 488 1
89 99 398 1
99 89 398 1
4 71 523 1
71 4 523 1
7 20 669 1
20 7 669 1
8 18 880 1
18 8 880 1
10 87 1058 1
87 10 1058 1
44 66 318 1
66 44 318 1
50 96 527 1
96 50 527 1
94 108 97 1
108 94 97 1
41 78 770 1
78 41 770 1
53 108 584 1
108 53 584 1
55 94 428 1
94 55 428 1
88 106 334 1
106 88 334 1
32 81 728 1
81 32 728 1
43 79 634 1
79 43 634 1
44 98 563 1
98 44 563 1
51 65 287 1
65 51 287 1
51 113 663 1
113 51 663 1
76 80 424 1
80 76 424 1
100 111 457 1
111 100 457 1
1 12 1022 1
12 1 1022 1
6 88 860 1
88 6 860 1
27 87 439 1
87 27 439 1
89 112 666 1
112 89 666 1
98 107 585 1
107 98 585 1
0 62 386 1
62 0 386 1
7 26 675 1
26 7 675 1
13 81 530 1
81 13 530 1
28 76 345 1
76 28 345 1
32 77 383 1
77 32 383 1
76 108 370 1
108 76 370 1
110 113 304 1
113 110 304 1
13 41 490 1
41 13 490 1
16 17 998 1
17 16 998 1
24 88 947 1
88 24 947 1
32 76 341 1
76 32 341 1
105 112 319 1
112 105 319 1
28 37 709 1
37 28 709 1
38 78 371 1
78 38 371 1
89 113 633 1
113 89 633 1
16 83 1029 1
83 16 1029 1
18 57 564 1
57 18 564 1
32 41 693 1
41 32 693 1
49 113 706 1
113 49 706 1
39 77 312 1
77 39 312 1
50 92 549 1
92 50 549 1
52 110 456 1
110 52 456 1
0 83 1120 1
83 0 1120 1
15 23 561 1
23 15 561 1
17 55 513 1
55 17 513 1
24 82 536 1
82 24 536 1
77 105 632 1
105 77 632 1
23 30 259 1
30 23 259 1
74 95 497 1
95 74 497 1
16 79 934 1
79 16 934 1
54 77 571 1
77 54 571 1
18 68 315 1
68 18 315 1
47 67 492 1
67 47 492 1
66 105 960 1
105 66 960 1
74 87 714 1
87 74 714 1
80 83 1100 1
83 80 1100 1
1 83 729 1
83 1 729 1
8 88 819 1
88 8 819 1
21 86 520 1
86 21 520 1
25 73 516 1
73 25 516 1
34 62 521 1
62 34 521 1
37 83 399 1
83 37 399 1
52 109 539 1
109 52 539 1
79 114 741 1
114 79 741 1
100 106 280 1
106 100 280 1
7 33 515 1
33 7 515 1
37 84 862 1
84 37 862 1
37 109 343 1
109 37 343 1
39 54 618 1
54 39 618 1
44 64 436 1
64 44 436 1
0 60 405 1
60 0 405 1
10 49 1190 1
49 10 1190 1
24 73 599 1
73 24 599 1
35 66 331 1
66 35 331 1
36 104 476 1
104 36 476 1
42 104 603 1
104 42 603 1
43 95 483 1
95 43 483 1
54 105 491 1
105 54 491 1
92 104 310 1
104 92 310 1
11 37 515 1
37 11 515 1
37 89 294 1
89 37 294 1
39 72 575 1
72 39 575 1
47 90 580 1
90 47 580 1
49 111 530 1
111 49 530 1
82 87 849 1
87 82 849 1
1 68 549 1
68 1 549 1
45 96 643 1
96 45 643 1
21 70 303 1
70 21 303 1
23 33 604 1
33 23 604 1
28 39 686 1
39 28 686 1
36 75 517 1
75 36 517 1
53 114 535 1
114 53 535 1
14 23 650 1
23 14 650 1
61 81 506 1
81 61 506 1
64 65 897 1
65 64 897 1
65 108 767 1
108 65 767 1
18 20 736 1
20 18 736 1
27 82 524 1
82 27 524 1
28 32 528 1
32 28 528 1
28 77 540 1
77 28 540 1
34 92 737 1
92 34 737 1
20 38 349 1
38 20 349 1
29 36 705 1
36 29 705 1
36 115 416 1
115 36 416 1
41 63 682 1
63 41 682 1
51 101 699 1
101 51 699 1
53 93 353 1
93 53 353 1
91 98 616 1
98 91 616 1
7 14 868 1
14 7 868 1
45 66 369 1
66 45 369 1
65 95 715 1
95 65 715 1
0 57 825 1
57 0 825 1
4 31 397 1
31 4 397 1
14 72 328 1
72 14 328 1
16 75 702 1
75 16 702 1
25 28 633 1
28 25 633 1
39 96 494 1
96 39 494 1
