116 2668
44 45 194 1
45 44 194 1
42 43 239 1
43 42 239 1
30 31 127 1
31 30 127 1
43 46 341 1
46 43 341 1
80 81 1113 1
81 80 1113 1
49 51 172 1
51 49 172 1
26 38 554 1
38 26 554 1
62 63 1134 1
63 62 1134 1
48 50 202 1
50 48 202 1
44 48 114 1
48 44 114 1
44 49 304 1
49 44 304 1
43 47 146 1
47 43 146 1
42 46 173 1
46 42 173 1
5 9 157 1
9 5 157 1
4 5 350 1
5 4 350 1
48 49 410 1
49 48 410 1
5 15 278 1
15 5 278 1
48 51 548 1
51 48 548 1
82 83 881 1
83 82 881 1
20 21 185 1
21 20 185 1
46 98 212 1
98 46 212 1
43 49 240 1
49 43 240 1
17 81 182 1
81 17 182 1
46 49 541 1
49 46 541 1
47 98 442 1
98 47 442 1
46 47 309 1
47 46 309 1
4 15 597 1
15 4 597 1
22 23 140 1
23 22 140 1
28 72 116 1
72 28 116 1
46 51 585 1
51 46 585 1
42 47 281 1
47 42 281 1
16 17 998 1
17 16 998 1
78 81 1002 1
81 78 1002 1
91 93 118 1
93 91 118 1
4 8 148 1
8 4 148 1
29 72 629 1
72 29 629 1
29 75 189 1
75 29 189 1
16 63 1092 1
63 16 1092 1
102 103 508 1
103 102 508 1
43 51 245 1
51 43 245 1
16 81 1063 1
81 16 1063 1
100 102 87 1
102 100 87 1
101 103 106 1
103 101 106 1
15 26 469 1
26 15 469 1
42 49 396 1
49 42 396 1
2 22 228 1
22 2 228 1
17 72 781 1
72 17 781 1
43 98 522 1
98 43 522 1
16 80 152 1
80 16 152 1
15 83 194 1
83 15 194 1
11 13 168 1
13 11 168 1
45 49 111 1
49 45 111 1
42 51 463 1
51 42 463 1
1 57 172 1
57 1 172 1
8 15 741 1
15 8 741 1
42 98 381 1
98 42 381 1
29 73 113 1
73 29 113 1
2 6 165 1
6 2 165 1
4 26 161 1
26 4 161 1
44 51 440 1
51 44 440 1
63 80 1146 1
80 63 1146 1
99 111 265 1
111 99 265 1
98 99 479 1
99 98 479 1
14 82 179 1
82 14 179 1
70 71 263 1
71 70 263 1
60 62 241 1
62 60 241 1
42 44 208 1
44 42 208 1
90 91 735 1
91 90 735 1
16 62 313 1
62 16 313 1
9 15 219 1
15 9 219 1
1 63 334 1
63 1 334 1
21 26 271 1
26 21 271 1
91 100 719 1
100 91 719 1
45 48 304 1
48 45 304 1
25 27 193 1
27 25 193 1
90 100 182 1
100 90 182 1
58 59 496 1
59 58 496 1
101 102 595 1
102 101 595 1
20 83 565 1
83 20 565 1
42 53 475 1
53 42 475 1
8 26 300 1
26 8 300 1
57 81 488 1
81 57 488 1
14 15 772 1
15 14 772 1
14 88 613 1
88 14 613 1
92 100 157 1
100 92 157 1
13 29 290 1
29 13 290 1
10 12 181 1
12 10 181 1
10 14 380 1
14 10 380 1
100 103 576 1
103 100 576 1
5 26 263 1
26 5 263 1
105 114 152 1
114 105 152 1
32 33 149 1
33 32 149 1
86 87 805 1
87 86 805 1
96 110 214 1
110 96 214 1
11 12 972 1
12 11 972 1
78 80 116 1
80 78 116 1
15 82 832 1
82 15 832 1
5 8 493 1
8 5 493 1
42 48 243 1
48 42 243 1
51 53 271 1
53 51 271 1
91 103 258 1
103 91 258 1
98 111 265 1
111 98 265 1
11 28 875 1
28 11 875 1
47 51 339 1
51 47 339 1
76 77 238 1
77 76 238 1
15 20 521 1
20 15 521 1
16 72 287 1
72 16 287 1
30 71 303 1
71 30 303 1
46 48 368 1
48 46 368 1
20 26 232 1
26 20 232 1
43 44 290 1
44 43 290 1
57 111 890 1
111 57 890 1
101 104 464 1
104 101 464 1
17 80 1070 1
80 17 1070 1
99 103 258 1
103 99 258 1
4 9 500 1
9 4 500 1
8 9 638 1
9 8 638 1
23 31 199 1
31 23 199 1
81 111 760 1
111 81 760 1
6 7 710 1
7 6 710 1
103 104 369 1
104 103 369 1
17 63 324 1
63 17 324 1
63 81 293 1
81 63 293 1
69 91 1081 1
91 69 1081 1
1 17 391 1
17 1 391 1
17 79 135 1
79 17 135 1
8 14 205 1
14 8 205 1
47 111 188 1
111 47 188 1
52 53 746 1
53 52 746 1
82 88 444 1
88 82 444 1
48 53 654 1
53 48 654 1
69 110 773 1
110 69 773 1
62 80 268 1
80 62 268 1
26 27 135 1
27 26 135 1
15 38 793 1
38 15 793 1
47 110 210 1
110 47 210 1
60 63 1021 1
63 60 1021 1
16 78 122 1
78 16 122 1
74 76 203 1
76 74 203 1
21 83 382 1
83 21 382 1
44 46 353 1
46 44 353 1
50 51 698 1
51 50 698 1
99 112 272 1
112 99 272 1
47 49 380 1
49 47 380 1
17 29 223 1
29 17 223 1
23 64 1238 1
64 23 1238 1
28 29 741 1
29 28 741 1
44 50 287 1
50 44 287 1
0 60 405 1
60 0 405 1
109 110 135 1
110 109 135 1
29 30 533 1
30 29 533 1
43 45 199 1
45 43 199 1
8 82 379 1
82 8 379 1
5 24 252 1
24 5 252 1
5 89 870 1
89 5 870 1
90 103 653 1
103 90 653 1
1 81 501 1
81 1 501 1
73 74 458 1
74 73 458 1
1 16 963 1
16 1 963 1
45 47 345 1
47 45 345 1
12 13 959 1
13 12 959 1
15 21 348 1
21 15 348 1
35 67 262 1
67 35 262 1
45 67 282 1
67 45 282 1
4 38 638 1
38 4 638 1
43 48 391 1
48 43 391 1
104 105 204 1
105 104 204 1
5 38 756 1
38 5 756 1
15 88 1097 1
88 15 1097 1
42 45 300 1
45 42 300 1
22 27 524 1
27 22 524 1
20 38 349 1
38 20 349 1
47 99 231 1
99 47 231 1
72 76 257 1
76 72 257 1
8 21 536 1
21 8 536 1
2 23 340 1
23 2 340 1
8 38 679 1
38 8 679 1
54 89 853 1
89 54 853 1
4 20 334 1
20 4 334 1
4 88 829 1
88 4 829 1
70 75 355 1
75 70 355 1
1 80 1054 1
80 1 1054 1
95 97 97 1
97 95 97 1
3 7 185 1
7 3 185 1
19 69 323 1
69 19 323 1
49 50 585 1
50 49 585 1
46 53 547 1
53 46 547 1
66 69 349 1
69 66 349 1
78 79 878 1
79 78 878 1
105 115 176 1
115 105 176 1
57 80 1050 1
80 57 1050 1
67 91 790 1
91 67 790 1
97 108 170 1
108 97 170 1
59 66 363 1
66 59 363 1
91 92 669 1
92 91 669 1
3 31 315 1
31 3 315 1
16 76 379 1
76 16 379 1
47 96 412 1
96 47 412 1
49 53 406 1
53 49 406 1
67 93 875 1
93 67 875 1
21 82 511 1
82 21 511 1
94 109 127 1
109 94 127 1
111 112 111 1
112 111 111 1
17 28 894 1
28 17 894 1
31 71 265 1
71 31 265 1
42 50 271 1
50 42 271 1
45 51 254 1
51 45 254 1
104 113 229 1
113 104 229 1
3 23 271 1
23 3 271 1
90 99 615 1
99 90 615 1
91 110 456 1
110 91 456 1
49 98 742 1
98 49 742 1
16 79 934 1
79 16 934 1
29 71 259 1
71 29 259 1
10 11 986 1
11 10 986 1
50 53 744 1
53 50 744 1
66 67 177 1
67 66 177 1
105 107 233 1
107 105 233 1
17 62 1129 1
62 17 1129 1
72 74 76 1
74 72 76 1
13 28 892 1
28 13 892 1
80 111 747 1
111 80 747 1
2 64 992 1
64 2 992 1
11 72 773 1
72 11 773 1
5 88 1026 1
88 5 1026 1
29 70 512 1
70 29 512 1
46 55 584 1
55 46 584 1
51 98 763 1
98 51 763 1
58 66 198 1
66 58 198 1
72 73 517 1
73 72 517 1
101 111 463 1
111 101 463 1
97 114 263 1
114 97 263 1
103 111 432 1
111 103 432 1
11 29 239 1
29 11 239 1
14 22 562 1
22 14 562 1
44 47 404 1
47 44 404 1
53 90 787 1
90 53 787 1
45 46 448 1
46 45 448 1
21 38 458 1
38 21 458 1
15 41 349 1
41 15 349 1
31 33 517 1
33 31 517 1
110 111 172 1
111 110 172 1
30 72 390 1
72 30 390 1
12 28 275 1
28 12 275 1
102 104 159 1
104 102 159 1
111 113 191 1
113 111 191 1
20 82 329 1
82 20 329 1
25 35 978 1
35 25 978 1
23 35 930 1
35 23 930 1
22 31 234 1
31 22 234 1
97 105 299 1
105 97 299 1
21 40 380 1
40 21 380 1
22 64 1169 1
64 22 1169 1
71 75 163 1
75 71 163 1
47 69 806 1
69 47 806 1
90 98 163 1
98 90 163 1
17 78 955 1
78 17 955 1
28 30 436 1
30 28 436 1
83 88 1071 1
88 83 1071 1
14 84 681 1
84 14 681 1
73 75 84 1
75 73 84 1
90 102 246 1
102 90 246 1
10 28 213 1
28 10 213 1
13 71 401 1
71 13 401 1
21 71 214 1
71 21 214 1
64 65 897 1
65 64 897 1
72 75 453 1
75 72 453 1
72 79 733 1
79 72 733 1
4 54 890 1
54 4 890 1
27 38 594 1
38 27 594 1
14 83 858 1
83 14 858 1
38 54 263 1
54 38 263 1
8 20 420 1
20 8 420 1
8 88 819 1
88 8 819 1
38 41 513 1
41 38 513 1
98 112 277 1
112 98 277 1
54 88 224 1
88 54 224 1
60 61 893 1
61 60 893 1
0 1 800 1
1 0 800 1
13 75 440 1
75 13 440 1
43 53 293 1
53 43 293 1
70 73 402 1
73 70 402 1
100 101 656 1
101 100 656 1
4 89 1056 1
89 4 1056 1
67 109 581 1
109 67 581 1
72 81 860 1
81 72 860 1
4 21 414 1
21 4 414 1
95 109 146 1
109 95 146 1
3 22 347 1
22 3 347 1
17 76 648 1
76 17 648 1
69 109 801 1
109 69 801 1
37 39 117 1
39 37 117 1
47 53 268 1
53 47 268 1
69 103 1214 1
103 69 1214 1
92 93 608 1
93 92 608 1
22 30 218 1
30 22 218 1
91 101 197 1
101 91 197 1
61 63 238 1
63 61 238 1
69 90 1119 1
90 69 1119 1
91 102 669 1
102 91 669 1
10 13 1004 1
13 10 1004 1
26 88 791 1
88 26 791 1
82 84 544 1
84 82 544 1
105 106 359 1
106 105 359 1
32 63 656 1
63 32 656 1
39 95 233 1
95 39 233 1
67 110 507 1
110 67 507 1
90 92 135 1
92 90 135 1
62 81 1169 1
81 62 1169 1
16 28 220 1
28 16 220 1
47 90 580 1
90 47 580 1
14 28 286 1
28 14 286 1
46 112 262 1
112 46 262 1
5 27 165 1
27 5 165 1
88 89 1035 1
89 88 1035 1
67 69 345 1
69 67 345 1
91 109 486 1
109 91 486 1
60 80 480 1
80 60 480 1
79 81 136 1
81 79 136 1
93 103 173 1
103 93 173 1
113 114 95 1
114 113 95 1
47 91 332 1
91 47 332 1
53 98 671 1
98 53 671 1
106 114 322 1
114 106 322 1
6 22 333 1
22 6 333 1
10 84 516 1
84 10 516 1
99 101 266 1
101 99 266 1
1 62 1027 1
62 1 1027 1
2 18 379 1
18 2 379 1
98 103 555 1
103 98 555 1
2 14 572 1
14 2 572 1
15 89 653 1
89 15 653 1
41 73 204 1
73 41 204 1
103 113 295 1
113 103 295 1
4 82 403 1
82 4 403 1
4 83 726 1
83 4 726 1
20 41 386 1
41 20 386 1
26 41 487 1
41 26 487 1
8 83 868 1
83 8 868 1
59 61 271 1
61 59 271 1
19 57 426 1
57 19 426 1
23 25 373 1
25 23 373 1
38 39 465 1
39 38 465 1
3 83 681 1
83 3 681 1
11 14 937 1
14 11 937 1
47 103 476 1
103 47 476 1
57 63 249 1
63 57 249 1
2 3 405 1
3 2 405 1
28 74 188 1
74 28 188 1
38 88 311 1
88 38 311 1
47 109 317 1
109 47 317 1
0 80 485 1
80 0 485 1
13 72 796 1
72 13 796 1
9 89 869 1
89 9 869 1
40 83 731 1
83 40 731 1
47 112 265 1
112 47 265 1
106 110 467 1
110 106 467 1
41 83 252 1
83 41 252 1
73 76 450 1
76 73 450 1
113 115 188 1
115 113 188 1
59 69 338 1
69 59 338 1
84 88 224 1
88 84 224 1
14 26 321 1
26 14 321 1
95 108 123 1
108 95 123 1
97 109 174 1
109 97 174 1
5 14 572 1
14 5 572 1
10 82 401 1
82 10 401 1
18 82 891 1
82 18 891 1
93 110 487 1
110 93 487 1
104 114 171 1
114 104 171 1
12 14 278 1
14 12 278 1
26 71 422 1
71 26 422 1
5 20 424 1
20 5 424 1
11 31 475 1
31 11 475 1
37 75 239 1
75 37 239 1
62 72 566 1
72 62 566 1
101 112 405 1
112 101 405 1
30 73 455 1
73 30 455 1
46 99 446 1
99 46 446 1
97 110 221 1
110 97 221 1
6 30 365 1
30 6 365 1
29 41 234 1
41 29 234 1
44 53 562 1
53 44 562 1
43 111 293 1
111 43 293 1
102 113 317 1
113 102 317 1
112 113 116 1
113 112 116 1
16 74 335 1
74 16 335 1
17 74 721 1
74 17 721 1
20 71 311 1
71 20 311 1
42 111 258 1
111 42 258 1
84 85 1130 1
85 84 1130 1
36 38 122 1
38 36 122 1
47 101 478 1
101 47 478 1
64 85 1107 1
85 64 1107 1
16 60 498 1
60 16 498 1
28 31 545 1
31 28 545 1
29 37 304 1
37 29 304 1
11 76 704 1
76 11 704 1
57 99 846 1
99 57 846 1
5 25 129 1
25 5 129 1
21 27 209 1
27 21 209 1
22 84 1027 1
84 22 1027 1
59 102 1214 1
102 59 1214 1
72 80 384 1
80 72 384 1
3 8 773 1
8 3 773 1
28 76 345 1
76 28 345 1
61 65 175 1
65 61 175 1
101 113 350 1
113 101 350 1
4 24 144 1
24 4 144 1
43 112 376 1
112 43 376 1
52 58 705 1
58 52 705 1
99 102 560 1
102 99 560 1
5 54 1015 1
54 5 1015 1
30 75 454 1
75 30 454 1
16 29 882 1
29 16 882 1
26 54 816 1
54 26 816 1
30 33 526 1
33 30 526 1
57 96 913 1
96 57 913 1
96 97 322 1
97 96 322 1
5 41 483 1
41 5 483 1
69 93 1169 1
93 69 1169 1
3 71 399 1
71 3 399 1
14 64 1035 1
64 14 1035 1
25 26 225 1
26 25 225 1
103 105 173 1
105 103 173 1
42 99 482 1
99 42 482 1
42 52 325 1
52 42 325 1
43 50 494 1
50 43 494 1
59 101 1108 1
101 59 1108 1
69 101 1234 1
101 69 1234 1
75 77 210 1
77 75 210 1
17 57 439 1
57 17 439 1
18 20 736 1
20 18 736 1
28 80 329 1
80 28 329 1
44 67 332 1
67 44 332 1
76 79 567 1
79 76 567 1
9 83 411 1
83 9 411 1
11 83 383 1
83 11 383 1
29 79 257 1
79 29 257 1
63 72 944 1
72 63 944 1
71 77 297 1
77 71 297 1
99 100 610 1
100 99 610 1
17 75 351 1
75 17 351 1
91 94 561 1
94 91 561 1
3 30 397 1
30 3 397 1
23 27 506 1
27 23 506 1
28 79 847 1
79 28 847 1
76 81 691 1
81 76 691 1
66 103 1026 1
103 66 1026 1
108 109 87 1
109 108 87 1
79 80 991 1
80 79 991 1
0 63 1010 1
63 0 1010 1
3 18 417 1
18 3 417 1
11 30 584 1
30 11 584 1
15 85 720 1
85 15 720 1
57 78 938 1
78 57 938 1
66 101 1048 1
101 66 1048 1
9 14 725 1
14 9 725 1
12 72 358 1
72 12 358 1
51 55 568 1
55 51 568 1
18 83 953 1
83 18 953 1
26 82 411 1
82 26 411 1
36 40 213 1
40 36 213 1
52 90 240 1
90 52 240 1
71 72 402 1
72 71 402 1
5 83 447 1
83 5 447 1
63 78 1033 1
78 63 1033 1
64 88 675 1
88 64 675 1
14 18 837 1
18 14 837 1
14 38 497 1
38 14 497 1
6 64 941 1
64 6 941 1
16 75 702 1
75 16 702 1
29 76 555 1
76 29 555 1
2 30 317 1
30 2 317 1
45 66 369 1
66 45 369 1
48 55 832 1
55 48 832 1
101 106 633 1
106 101 633 1
30 76 537 1
76 30 537 1
5 55 887 1
55 5 887 1
10 22 580 1
22 10 580 1
15 40 725 1
40 15 725 1
42 90 472 1
90 42 472 1
3 20 648 1
20 3 648 1
75 76 374 1
76 75 374 1
30 70 259 1
70 30 259 1
32 60 487 1
60 32 487 1
43 99 372 1
99 43 372 1
6 12 248 1
12 6 248 1
15 29 295 1
29 15 295 1
16 77 611 1
77 16 611 1
22 34 922 1
34 22 922 1
47 48 490 1
48 47 490 1
106 115 278 1
115 106 278 1
1 60 923 1
60 1 923 1
18 26 857 1
26 18 857 1
21 88 754 1
88 21 754 1
8 25 389 1
25 8 389 1
13 30 546 1
30 13 546 1
45 53 435 1
53 45 435 1
91 99 166 1
99 91 166 1
15 54 1028 1
54 15 1028 1
42 112 333 1
112 42 333 1
8 85 1245 1
85 8 1245 1
13 31 424 1
31 13 424 1
16 57 981 1
57 16 981 1
29 74 571 1
74 29 571 1
52 98 272 1
98 52 272 1
26 83 578 1
83 26 578 1
58 102 1067 1
102 58 1067 1
93 100 653 1
100 93 653 1
93 101 103 1
101 93 103 1
5 21 332 1
21 5 332 1
102 111 440 1
111 102 440 1
104 106 195 1
106 104 195 1
15 55 721 1
55 15 721 1
29 31 454 1
31 29 454 1
36 54 228 1
54 36 228 1
59 90 1104 1
90 59 1104 1
74 80 415 1
80 74 415 1
32 62 548 1
62 32 548 1
44 98 563 1
98 44 563 1
104 111 377 1
111 104 377 1
14 27 449 1
27 14 449 1
65 67 361 1
67 65 361 1
71 73 163 1
73 71 163 1
34 35 126 1
35 34 126 1
114 115 96 1
115 114 96 1
33 63 547 1
63 33 547 1
45 50 474 1
50 45 474 1
47 100 643 1
100 47 643 1
75 78 667 1
78 75 667 1
1 29 521 1
29 1 521 1
2 31 377 1
31 2 377 1
18 19 147 1
19 18 147 1
43 96 503 1
96 43 503 1
57 101 1081 1
101 57 1081 1
80 113 810 1
113 80 810 1
14 21 487 1
21 14 487 1
49 55 664 1
55 49 664 1
96 111 286 1
111 96 286 1
100 104 240 1
104 100 240 1
4 55 1003 1
55 4 1003 1
7 9 490 1
9 7 490 1
11 71 374 1
71 11 374 1
50 64 302 1
64 50 302 1
80 102 700 1
102 80 700 1
22 25 402 1
25 22 402 1
93 109 510 1
109 93 510 1
17 73 298 1
73 17 298 1
25 38 749 1
38 25 749 1
33 65 634 1
65 33 634 1
45 109 572 1
109 45 572 1
95 110 248 1
110 95 248 1
103 112 375 1
112 103 375 1
11 74 727 1
74 11 727 1
23 34 949 1
34 23 949 1
44 66 318 1
66 44 318 1
52 89 1027 1
89 52 1027 1
7 61 813 1
61 7 813 1
39 110 466 1
110 39 466 1
54 55 651 1
55 54 651 1
55 89 213 1
89 55 213 1
97 106 471 1
106 97 471 1
101 105 274 1
105 101 274 1
101 110 541 1
110 101 541 1
22 88 1044 1
88 22 1044 1
53 91 265 1
91 53 265 1
68 69 164 1
69 68 164 1
74 79 666 1
79 74 666 1
21 41 236 1
41 21 236 1
29 62 1067 1
62 29 1067 1
53 100 830 1
100 53 830 1
57 102 1241 1
102 57 1241 1
9 24 385 1
24 9 385 1
17 30 703 1
30 17 703 1
37 78 740 1
78 37 740 1
59 100 1223 1
100 59 1223 1
73 87 395 1
87 73 395 1
15 18 910 1
18 15 910 1
47 102 619 1
102 47 619 1
0 18 364 1
18 0 364 1
26 70 383 1
70 26 383 1
96 101 608 1
101 96 608 1
14 30 414 1
30 14 414 1
17 77 417 1
77 17 417 1
100 113 356 1
113 100 356 1
4 14 255 1
14 4 255 1
18 56 478 1
56 18 478 1
37 41 217 1
41 37 217 1
43 55 485 1
55 43 485 1
72 78 300 1
78 72 300 1
96 98 184 1
98 96 184 1
0 16 380 1
16 0 380 1
2 88 959 1
88 2 959 1
15 71 394 1
71 15 394 1
38 83 760 1
83 38 760 1
3 21 582 1
21 3 582 1
20 88 611 1
88 20 611 1
40 82 231 1
82 40 231 1
94 97 266 1
97 94 266 1
98 102 260 1
102 98 260 1
42 103 682 1
103 42 682 1
52 59 956 1
59 52 956 1
1 78 939 1
78 1 939 1
6 31 464 1
31 6 464 1
7 65 934 1
65 7 934 1
46 90 324 1
90 46 324 1
55 98 606 1
98 55 606 1
0 58 565 1
58 0 565 1
13 14 902 1
14 13 902 1
34 64 445 1
64 34 445 1
57 69 378 1
69 57 378 1
59 89 931 1
89 59 931 1
2 27 659 1
27 2 659 1
67 103 944 1
103 67 944 1
69 94 883 1
94 69 883 1
18 71 561 1
71 18 561 1
23 93 1407 1
93 23 1407 1
48 98 566 1
98 48 566 1
64 84 478 1
84 64 478 1
58 101 1214 1
101 58 1214 1
103 110 496 1
110 103 496 1
0 62 386 1
62 0 386 1
14 20 320 1
20 14 320 1
27 88 863 1
88 27 863 1
45 110 453 1
110 45 453 1
62 75 893 1
75 62 893 1
1 72 829 1
72 1 829 1
3 41 686 1
41 3 686 1
10 31 619 1
31 10 619 1
24 27 252 1
27 24 252 1
24 96 985 1
96 24 985 1
42 96 429 1
96 42 429 1
53 112 421 1
112 53 421 1
28 84 456 1
84 28 456 1
30 79 725 1
79 30 725 1
70 72 158 1
72 70 158 1
90 94 414 1
94 90 414 1
1 61 385 1
61 1 385 1
11 82 992 1
82 11 992 1
17 60 1082 1
60 17 1082 1
70 77 376 1
77 70 376 1
99 113 264 1
113 99 264 1
1 75 562 1
75 1 562 1
23 30 259 1
30 23 259 1
50 52 243 1
52 50 243 1
7 31 345 1
31 7 345 1
27 39 536 1
39 27 536 1
41 70 482 1
70 41 482 1
99 105 287 1
105 99 287 1
105 113 210 1
113 105 210 1
2 8 554 1
8 2 554 1
3 6 559 1
6 3 559 1
26 36 616 1
36 26 616 1
28 81 975 1
81 28 975 1
52 112 417 1
112 52 417 1
100 112 410 1
112 100 410 1
25 85 1018 1
85 25 1018 1
74 81 792 1
81 74 792 1
74 86 416 1
86 74 416 1
107 114 333 1
114 107 333 1
0 81 1076 1
81 0 1076 1
10 64 755 1
64 10 755 1
51 52 786 1
52 51 786 1
61 100 1241 1
100 61 1241 1
13 83 347 1
83 13 347 1
104 107 401 1
107 104 401 1
12 60 825 1
60 12 825 1
25 39 702 1
39 25 702 1
61 102 1213 1
102 61 1213 1
106 113 395 1
113 106 395 1
18 21 751 1
21 18 751 1
24 25 135 1
25 24 135 1
46 50 303 1
50 46 303 1
99 104 430 1
104 99 430 1
1 76 689 1
76 1 689 1
9 88 1163 1
88 9 1163 1
10 30 501 1
30 10 501 1
12 29 886 1
29 12 886 1
63 102 1192 1
102 63 1192 1
69 96 887 1
96 69 887 1
16 30 615 1
30 16 615 1
29 40 655 1
40 29 655 1
61 62 1047 1
62 61 1047 1
105 112 319 1
112 105 319 1
0 57 825 1
57 0 825 1
2 84 897 1
84 2 897 1
13 16 1048 1
16 13 1048 1
48 52 415 1
52 48 415 1
102 112 391 1
112 102 391 1
104 115 184 1
115 104 184 1
14 31 528 1
31 14 528 1
21 31 344 1
31 21 344 1
68 110 813 1
110 68 813 1
78 111 693 1
111 78 693 1
4 58 1292 1
58 4 1292 1
31 72 482 1
72 31 482 1
9 92 1428 1
92 9 1428 1
16 32 504 1
32 16 504 1
90 101 719 1
101 90 719 1
97 115 218 1
115 97 218 1
28 73 629 1
73 28 629 1
96 105 387 1
105 96 387 1
72 77 430 1
77 72 430 1
3 11 395 1
11 3 395 1
25 64 1312 1
64 25 1312 1
34 79 586 1
79 34 586 1
57 103 1078 1
103 57 1078 1
7 64 1244 1
64 7 1244 1
29 81 342 1
81 29 342 1
60 81 1111 1
81 60 1111 1
109 111 273 1
111 109 273 1
20 54 606 1
54 20 606 1
35 106 708 1
106 35 708 1
46 52 244 1
52 46 244 1
51 112 579 1
112 51 579 1
94 103 496 1
103 94 496 1
18 28 651 1
28 18 651 1
18 84 897 1
84 18 897 1
38 82 362 1
82 38 362 1
42 110 303 1
110 42 303 1
63 79 303 1
79 63 303 1
18 41 854 1
41 18 854 1
35 110 305 1
110 35 305 1
91 111 390 1
111 91 390 1
96 99 428 1
99 96 428 1
112 114 196 1
114 112 196 1
1 18 493 1
18 1 493 1
51 90 888 1
90 51 888 1
108 115 135 1
115 108 135 1
13 74 757 1
74 13 757 1
37 87 433 1
87 37 433 1
66 96 666 1
96 66 666 1
66 109 621 1
109 66 621 1
74 78 322 1
78 74 322 1
98 101 623 1
101 98 623 1
31 64 1128 1
64 31 1128 1
94 110 220 1
110 94 220 1
13 61 843 1
61 13 843 1
27 34 903 1
34 27 903 1
42 109 434 1
109 42 434 1
47 66 579 1
66 47 579 1
73 86 744 1
86 73 744 1
75 81 434 1
81 75 434 1
3 73 493 1
73 3 493 1
6 18 473 1
18 6 473 1
32 80 590 1
80 32 590 1
53 99 316 1
99 53 316 1
57 113 1031 1
113 57 1031 1
66 91 902 1
91 66 902 1
76 78 312 1
78 76 312 1
78 113 766 1
113 78 766 1
0 19 488 1
19 0 488 1
3 14 804 1
14 3 804 1
7 15 461 1
15 7 461 1
7 73 434 1
73 7 434 1
9 20 557 1
20 9 557 1
31 73 397 1
73 31 397 1
39 97 289 1
97 39 289 1
92 101 634 1
101 92 634 1
8 27 425 1
27 8 425 1
24 55 1018 1
55 24 1018 1
46 111 189 1
111 46 189 1
0 32 356 1
32 0 356 1
8 41 768 1
41 8 768 1
11 73 310 1
73 11 310 1
41 75 187 1
75 41 187 1
45 98 655 1
98 45 655 1
45 96 643 1
96 45 643 1
57 107 955 1
107 57 955 1
70 76 285 1
76 70 285 1
94 95 213 1
95 94 213 1
3 15 589 1
15 3 589 1
6 60 799 1
60 6 799 1
7 83 551 1
83 7 551 1
9 25 252 1
25 9 252 1
39 41 161 1
41 39 161 1
62 78 287 1
78 62 287 1
2 10 438 1
10 2 438 1
15 70 606 1
70 15 606 1
21 25 360 1
25 21 360 1
66 102 974 1
102 66 974 1
104 112 332 1
112 104 332 1
107 115 298 1
115 107 298 1
1 19 351 1
19 1 351 1
91 106 697 1
106 91 697 1
0 12 517 1
12 0 517 1
13 17 364 1
17 13 364 1
67 106 941 1
106 67 941 1
92 112 325 1
112 92 325 1
8 18 880 1
18 8 880 1
18 38 861 1
38 18 861 1
67 100 988 1
100 67 988 1
101 107 310 1
107 101 310 1
3 13 410 1
13 3 410 1
13 70 648 1
70 13 648 1
15 27 336 1
27 15 336 1
62 79 1049 1
79 62 1049 1
69 111 906 1
111 69 906 1
90 112 377 1
112 90 377 1
92 103 574 1
103 92 574 1
12 30 419 1
30 12 419 1
31 86 707 1
86 31 707 1
69 106 1139 1
106 69 1139 1
0 56 174 1
56 0 174 1
13 37 594 1
37 13 594 1
74 75 389 1
75 74 389 1
13 79 476 1
79 13 476 1
33 78 590 1
78 33 590 1
35 93 718 1
93 35 718 1
37 73 278 1
73 37 278 1
47 67 492 1
67 47 492 1
67 92 922 1
92 67 922 1
67 105 903 1
105 67 903 1
106 111 487 1
111 106 487 1
9 26 419 1
26 9 419 1
9 41 527 1
41 9 527 1
36 72 276 1
72 36 276 1
58 89 1156 1
89 58 1156 1
92 94 455 1
94 92 455 1
13 40 857 1
40 13 857 1
28 63 1049 1
63 28 1049 1
37 72 595 1
72 37 595 1
41 71 317 1
71 41 317 1
52 100 420 1
100 52 420 1
36 83 816 1
83 36 816 1
38 70 414 1
70 38 414 1
57 112 990 1
112 57 990 1
63 74 885 1
74 63 885 1
28 82 255 1
82 28 255 1
40 75 477 1
75 40 477 1
67 94 677 1
94 67 677 1
6 14 476 1
14 6 476 1
9 82 826 1
82 9 826 1
10 88 586 1
88 10 586 1
39 94 407 1
94 39 407 1
57 110 760 1
110 57 760 1
96 112 337 1
112 96 337 1
10 86 544 1
86 10 544 1
11 86 1027 1
86 11 1027 1
31 87 639 1
87 31 639 1
60 72 692 1
72 60 692 1
66 110 549 1
110 66 549 1
13 73 358 1
73 13 358 1
22 82 706 1
82 22 706 1
28 71 506 1
71 28 506 1
44 110 439 1
110 44 439 1
57 68 520 1
68 57 520 1
0 17 982 1
17 0 982 1
5 85 946 1
85 5 946 1
19 68 313 1
68 19 313 1
59 103 1115 1
103 59 1115 1
5 39 639 1
39 5 639 1
7 85 812 1
85 7 812 1
16 73 769 1
73 16 769 1
30 77 559 1
77 30 559 1
42 91 584 1
91 42 584 1
85 88 1097 1
88 85 1097 1
2 12 394 1
12 2 394 1
6 23 465 1
23 6 465 1
29 83 227 1
83 29 227 1
29 87 356 1
87 29 356 1
36 77 422 1
77 36 422 1
69 99 970 1
99 69 970 1
28 62 527 1
62 28 527 1
47 57 743 1
57 47 743 1
107 112 482 1
112 107 482 1
4 41 642 1
41 4 642 1
8 71 624 1
71 8 624 1
13 76 778 1
76 13 778 1
37 76 441 1
76 37 441 1
47 55 367 1
55 47 367 1
33 64 737 1
64 33 737 1
37 70 546 1
70 37 546 1
40 41 506 1
41 40 506 1
52 99 661 1
99 52 661 1
60 89 1195 1
89 60 1195 1
63 76 747 1
76 63 747 1
90 111 396 1
111 90 396 1
7 41 617 1
41 7 617 1
8 64 1208 1
64 8 1208 1
14 71 582 1
71 14 582 1
18 72 618 1
72 18 618 1
26 40 419 1
40 26 419 1
28 40 248 1
40 28 248 1
31 40 592 1
40 31 592 1
35 45 385 1
45 35 385 1
66 104 942 1
104 66 942 1
93 94 560 1
94 93 560 1
14 29 801 1
29 14 801 1
44 109 562 1
109 44 562 1
80 103 1029 1
103 80 1029 1
94 99 399 1
99 94 399 1
99 109 321 1
109 99 321 1
103 109 477 1
109 103 477 1
3 38 907 1
38 3 907 1
3 82 903 1
82 3 903 1
11 79 342 1
79 11 342 1
33 62 690 1
62 33 690 1
13 63 653 1
63 13 653 1
25 31 272 1
31 25 272 1
33 35 375 1
35 33 375 1
58 61 717 1
61 58 717 1
28 75 567 1
75 28 567 1
29 78 851 1
78 29 851 1
35 39 531 1
39 35 531 1
49 112 609 1
112 49 609 1
93 106 650 1
106 93 650 1
2 26 618 1
26 2 618 1
105 108 296 1
108 105 296 1
11 77 511 1
77 11 511 1
14 85 1160 1
85 14 1160 1
47 106 636 1
106 47 636 1
101 115 407 1
115 101 407 1
1 13 546 1
13 1 546 1
2 7 566 1
7 2 566 1
18 88 1010 1
88 18 1010 1
21 30 349 1
30 21 349 1
19 56 574 1
56 19 574 1
29 36 705 1
36 29 705 1
31 35 790 1
35 31 790 1
40 85 900 1
85 40 900 1
4 27 279 1
27 4 279 1
7 11 254 1
11 7 254 1
9 21 431 1
21 9 431 1
9 38 880 1
38 9 880 1
68 91 1170 1
91 68 1170 1
10 33 638 1
33 10 638 1
12 63 1218 1
63 12 1218 1
15 24 514 1
24 15 514 1
91 104 542 1
104 91 542 1
25 67 1191 1
67 25 1191 1
38 40 158 1
40 38 158 1
69 95 876 1
95 69 876 1
81 113 820 1
113 81 820 1
108 110 194 1
110 108 194 1
1 102 1288 1
102 1 1288 1
11 75 388 1
75 11 388 1
49 96 720 1
96 49 720 1
52 103 773 1
103 52 773 1
9 85 935 1
85 9 935 1
15 84 1175 1
84 15 1175 1
16 33 609 1
33 16 609 1
17 71 423 1
71 17 423 1
18 22 537 1
22 18 537 1
23 33 604 1
33 23 604 1
45 69 625 1
69 45 625 1
52 61 1057 1
61 52 1057 1
54 83 966 1
83 54 966 1
57 104 1139 1
104 57 1139 1
71 83 425 1
83 71 425 1
78 110 569 1
110 78 569 1
8 40 521 1
40 8 521 1
26 85 985 1
85 26 985 1
28 33 585 1
33 28 585 1
58 60 266 1
60 58 266 1
69 102 1226 1
102 69 1226 1
81 99 581 1
99 81 581 1
12 62 664 1
62 12 664 1
44 55 743 1
55 44 743 1
68 101 1309 1
101 68 1309 1
97 99 180 1
99 97 180 1
13 82 976 1
82 13 976 1
26 39 604 1
39 26 604 1
83 84 1154 1
84 83 1154 1
96 109 176 1
109 96 176 1
11 18 691 1
18 11 691 1
61 90 1156 1
90 61 1156 1
105 111 367 1
111 105 367 1
12 16 384 1
16 12 384 1
15 36 848 1
36 15 848 1
38 85 837 1
85 38 837 1
51 59 486 1
59 51 486 1
92 102 211 1
102 92 211 1
57 98 1043 1
98 57 1043 1
67 104 923 1
104 67 923 1
5 82 673 1
82 5 673 1
13 62 1248 1
62 13 1248 1
24 89 1045 1
89 24 1045 1
34 65 549 1
65 34 549 1
36 75 517 1
75 36 517 1
31 79 660 1
79 31 660 1
36 70 395 1
70 36 395 1
91 95 424 1
95 91 424 1
97 111 292 1
111 97 292 1
3 29 515 1
29 3 515 1
9 13 376 1
13 9 376 1
11 87 539 1
87 11 539 1
32 61 611 1
61 32 611 1
43 110 298 1
110 43 298 1
91 98 616 1
98 91 616 1
103 106 532 1
106 103 532 1
1 74 790 1
74 1 790 1
24 26 201 1
26 24 201 1
43 52 553 1
52 43 553 1
81 98 940 1
98 81 940 1
98 100 250 1
100 98 250 1
12 82 376 1
82 12 376 1
56 99 1051 1
99 56 1051 1
65 85 476 1
85 65 476 1
71 82 622 1
82 71 622 1
96 114 265 1
114 96 265 1
99 110 299 1
110 99 299 1
7 8 828 1
8 7 828 1
15 73 336 1
73 15 336 1
22 35 922 1
35 22 922 1
25 40 618 1
40 25 618 1
27 85 894 1
85 27 894 1
29 63 531 1
63 29 531 1
96 106 277 1
106 96 277 1
3 26 678 1
26 3 678 1
7 29 417 1
29 7 417 1
37 77 246 1
77 37 246 1
44 96 580 1
96 44 580 1
96 103 531 1
103 96 531 1
13 87 493 1
87 13 493 1
28 60 684 1
60 28 684 1
46 96 270 1
96 46 270 1
61 101 1003 1
101 61 1003 1
96 108 167 1
108 96 167 1
31 77 552 1
77 31 552 1
39 109 356 1
109 39 356 1
67 101 953 1
101 67 953 1
73 79 296 1
79 73 296 1
20 70 213 1
70 20 213 1
45 55 662 1
55 45 662 1
4 59 1372 1
59 4 1372 1
19 99 1048 1
99 19 1048 1
29 80 961 1
80 29 961 1
49 111 530 1
111 49 530 1
56 57 840 1
57 56 840 1
67 95 667 1
95 67 667 1
111 115 269 1
115 111 269 1
2 21 636 1
21 2 636 1
2 82 688 1
82 2 688 1
31 34 815 1
34 31 815 1
31 74 479 1
74 31 479 1
31 75 419 1
75 31 419 1
47 68 881 1
68 47 881 1
51 100 973 1
100 51 973 1
56 76 519 1
76 56 519 1
58 103 1188 1
103 58 1188 1
92 106 400 1
106 92 400 1
4 36 686 1
36 4 686 1
6 82 587 1
82 6 587 1
24 39 767 1
39 24 767 1
45 105 804 1
105 45 804 1
76 80 424 1
80 76 424 1
2 34 808 1
34 2 808 1
12 75 743 1
75 12 743 1
13 86 1003 1
86 13 1003 1
20 56 790 1
56 20 790 1
9 65 1235 1
65 9 1235 1
32 81 728 1
81 32 728 1
47 59 671 1
59 47 671 1
80 99 917 1
99 80 917 1
8 84 881 1
84 8 881 1
18 30 564 1
30 18 564 1
22 26 505 1
26 22 505 1
35 87 863 1
87 35 863 1
102 115 318 1
115 102 318 1
103 107 239 1
107 103 239 1
8 10 505 1
10 8 505 1
23 84 1113 1
84 23 1113 1
77 81 453 1
81 77 453 1
93 99 208 1
99 93 208 1
19 111 1024 1
111 19 1024 1
26 84 884 1
84 26 884 1
27 64 1222 1
64 27 1222 1
36 37 542 1
37 36 542 1
60 74 699 1
74 60 699 1
63 111 831 1
111 63 831 1
0 101 1354 1
101 0 1354 1
25 30 292 1
30 25 292 1
31 76 584 1
76 31 584 1
36 94 246 1
94 36 246 1
68 104 1183 1
104 68 1183 1
75 79 318 1
79 75 318 1
90 109 492 1
109 90 492 1
99 107 302 1
107 99 302 1
3 9 596 1
9 3 596 1
6 33 588 1
33 6 588 1
13 77 608 1
77 13 608 1
38 84 429 1
84 38 429 1
80 104 734 1
104 80 734 1
3 25 566 1
25 3 566 1
8 22 480 1
22 8 480 1
10 18 609 1
18 10 609 1
39 108 341 1
108 39 341 1
52 102 475 1
102 52 475 1
3 70 520 1
70 3 520 1
4 25 258 1
25 4 258 1
11 17 224 1
17 11 224 1
42 100 606 1
100 42 606 1
49 52 718 1
52 49 718 1
51 99 497 1
99 51 497 1
83 89 464 1
89 83 464 1
1 32 484 1
32 1 484 1
3 5 603 1
5 3 603 1
12 71 631 1
71 12 631 1
28 86 383 1
86 28 383 1
36 41 570 1
41 36 570 1
51 96 733 1
96 51 733 1
53 55 448 1
55 53 448 1
54 58 818 1
58 54 818 1
55 88 845 1
88 55 845 1
57 106 1143 1
106 57 1143 1
74 77 362 1
77 74 362 1
92 99 572 1
99 92 572 1
1 28 918 1
28 1 918 1
14 40 342 1
40 14 342 1
45 91 637 1
91 45 637 1
57 62 1000 1
62 57 1000 1
71 79 426 1
79 71 426 1
29 85 473 1
85 29 473 1
38 71 546 1
71 38 546 1
40 71 481 1
71 40 481 1
45 106 909 1
106 45 909 1
71 76 392 1
76 71 392 1
80 101 1111 1
101 80 1111 1
97 113 312 1
113 97 312 1
106 107 486 1
107 106 486 1
1 37 646 1
37 1 646 1
38 55 598 1
55 38 598 1
51 58 753 1
58 51 753 1
7 30 462 1
30 7 462 1
16 111 812 1
111 16 812 1
20 40 225 1
40 20 225 1
50 67 562 1
67 50 562 1
69 100 1235 1
100 69 1235 1
81 102 1052 1
102 81 1052 1
108 114 218 1
114 108 218 1
8 13 868 1
13 8 868 1
14 41 702 1
41 14 702 1
35 65 453 1
65 35 453 1
37 97 271 1
97 37 271 1
90 104 351 1
104 90 351 1
105 110 411 1
110 105 411 1
13 21 494 1
21 13 494 1
30 86 614 1
86 30 614 1
41 85 509 1
85 41 509 1
98 113 276 1
113 98 276 1
27 40 481 1
40 27 481 1
47 113 338 1
113 47 338 1
6 28 413 1
28 6 413 1
9 40 778 1
40 9 778 1
9 54 1133 1
54 9 1133 1
13 15 277 1
15 13 277 1
21 84 830 1
84 21 830 1
25 41 554 1
41 25 554 1
30 74 403 1
74 30 403 1
43 90 649 1
90 43 649 1
90 93 690 1
93 90 690 1
93 102 600 1
102 93 600 1
94 100 422 1
100 94 422 1
7 87 691 1
87 7 691 1
9 61 1165 1
61 9 1165 1
10 71 639 1
71 10 639 1
33 80 703 1
80 33 703 1
37 71 401 1
71 37 401 1
47 52 540 1
52 47 540 1
56 80 431 1
80 56 431 1
74 87 714 1
87 74 714 1
97 112 339 1
112 97 339 1
1 79 428 1
79 1 428 1
23 86 866 1
86 23 866 1
47 93 394 1
93 47 394 1
64 86 1029 1
86 64 1029 1
11 16 1004 1
16 11 1004 1
14 89 1093 1
89 14 1093 1
35 64 566 1
64 35 566 1
42 55 629 1
55 42 629 1
42 113 437 1
113 42 437 1
49 99 587 1
99 49 587 1
68 111 952 1
111 68 952 1
69 92 1197 1
92 69 1197 1
77 79 329 1
79 77 329 1
94 108 97 1
108 94 97 1
6 32 555 1
32 6 555 1
8 70 477 1
70 8 477 1
27 41 398 1
41 27 398 1
41 82 687 1
82 41 687 1
67 108 667 1
108 67 667 1
12 74 431 1
74 12 431 1
62 73 961 1
73 62 961 1
68 106 1131 1
106 68 1131 1
8 58 1298 1
58 8 1298 1
32 78 484 1
78 32 484 1
45 59 413 1
59 45 413 1
68 103 1277 1
103 68 1277 1
3 64 1134 1
64 3 1134 1
20 27 271 1
27 20 271 1
22 38 846 1
38 22 846 1
22 86 800 1
86 22 800 1
26 55 856 1
55 26 856 1
29 60 1067 1
60 29 1067 1
33 34 394 1
34 33 394 1
45 112 552 1
112 45 552 1
47 104 532 1
104 47 532 1
51 113 663 1
113 51 663 1
66 68 378 1
68 66 378 1
108 111 286 1
111 108 286 1
0 28 492 1
28 0 492 1
14 23 650 1
23 14 650 1
22 24 386 1
24 22 386 1
33 81 613 1
81 33 613 1
106 109 391 1
109 106 391 1
110 113 304 1
113 110 304 1
6 72 449 1
72 6 449 1
18 77 606 1
77 18 606 1
25 108 916 1
108 25 916 1
44 105 811 1
105 44 811 1
52 60 638 1
60 52 638 1
0 102 1108 1
102 0 1108 1
7 23 337 1
23 7 337 1
10 34 709 1
34 10 709 1
56 68 408 1
68 56 408 1
9 55 921 1
55 9 921 1
13 65 935 1
65 13 935 1
43 113 467 1
113 43 467 1
48 67 417 1
67 48 417 1
63 75 591 1
75 63 591 1
92 104 310 1
104 92 310 1
6 71 586 1
71 6 586 1
25 65 1263 1
65 25 1263 1
40 88 385 1
88 40 385 1
56 83 1181 1
83 56 1181 1
82 85 1121 1
85 82 1121 1
93 95 447 1
95 93 447 1
0 76 525 1
76 0 525 1
7 92 1445 1
92 7 1445 1
8 89 1179 1
89 8 1179 1
34 50 475 1
50 34 475 1
34 67 275 1
67 34 275 1
44 106 847 1
106 44 847 1
50 98 448 1
98 50 448 1
93 96 582 1
96 93 582 1
96 104 297 1
104 96 297 1
101 109 540 1
109 101 540 1
12 76 591 1
76 12 591 1
16 37 809 1
37 16 809 1
20 84 687 1
84 20 687 1
60 75 915 1
75 60 915 1
61 113 968 1
113 61 968 1
98 110 300 1
110 98 300 1
2 38 808 1
38 2 808 1
23 87 803 1
87 23 803 1
68 93 1248 1
93 68 1248 1
102 106 217 1
106 102 217 1
107 113 400 1
113 107 400 1
0 111 985 1
111 0 985 1
17 33 512 1
33 17 512 1
36 88 289 1
88 36 289 1
2 33 510 1
33 2 510 1
30 40 513 1
40 30 513 1
42 101 698 1
101 42 698 1
53 103 508 1
103 53 508 1
78 104 706 1
104 78 706 1
0 2 460 1
2 0 460 1
1 56 851 1
56 1 851 1
6 29 840 1
29 6 840 1
17 70 666 1
70 17 666 1
18 54 967 1
54 18 967 1
42 66 473 1
66 42 473 1
62 74 590 1
74 62 590 1
1 107 981 1
107 1 981 1
10 65 1203 1
65 10 1203 1
17 111 850 1
111 17 850 1
36 81 848 1
81 36 848 1
47 50 544 1
50 47 544 1
67 96 668 1
96 67 668 1
69 104 1167 1
104 69 1167 1
104 110 417 1
110 104 417 1
3 88 1145 1
88 3 1145 1
19 81 772 1
81 19 772 1
25 34 1006 1
34 25 1006 1
40 72 200 1
72 40 200 1
3 75 534 1
75 3 534 1
3 85 893 1
85 3 893 1
5 36 815 1
36 5 815 1
6 11 866 1
11 6 866 1
6 84 795 1
84 6 795 1
8 24 258 1
24 8 258 1
8 54 913 1
54 8 913 1
11 41 473 1
41 11 473 1
18 76 581 1
76 18 581 1
23 88 1119 1
88 23 1119 1
31 82 641 1
82 31 641 1
37 81 336 1
81 37 336 1
56 112 990 1
112 56 990 1
69 97 875 1
97 69 875 1
3 87 809 1
87 3 809 1
30 41 563 1
41 30 563 1
31 84 971 1
84 31 971 1
34 76 309 1
76 34 309 1
39 96 494 1
96 39 494 1
11 40 844 1
40 11 844 1
21 22 558 1
22 21 558 1
22 71 471 1
71 22 471 1
26 89 900 1
89 26 900 1
43 101 611 1
101 43 611 1
51 66 580 1
66 51 580 1
59 91 926 1
91 59 926 1
66 93 972 1
93 66 972 1
100 106 280 1
106 100 280 1
111 114 232 1
114 111 232 1
19 77 567 1
77 19 567 1
32 65 681 1
65 32 681 1
39 69 918 1
69 39 918 1
43 103 618 1
103 43 618 1
52 55 814 1
55 52 814 1
55 96 492 1
96 55 492 1
87 107 525 1
107 87 525 1
28 83 861 1
83 28 861 1
57 105 1066 1
105 57 1066 1
76 86 587 1
86 76 587 1
97 104 399 1
104 97 399 1
101 114 359 1
114 101 359 1
1 70 706 1
70 1 706 1
13 78 1046 1
78 13 1046 1
28 77 540 1
77 28 540 1
33 87 839 1
87 33 839 1
69 105 1158 1
105 69 1158 1
78 115 652 1
115 78 652 1
4 18 866 1
18 4 866 1
6 10 299 1
10 6 299 1
6 15 884 1
15 6 884 1
35 108 425 1
108 35 425 1
47 94 415 1
94 47 415 1
60 76 576 1
76 60 576 1
92 109 522 1
109 92 522 1
93 104 478 1
104 93 478 1
2 25 585 1
25 2 585 1
6 8 485 1
8 6 485 1
