116 2668
58 59 496 1
59 58 496 1
28 29 741 1
29 28 741 1
30 31 127 1
31 30 127 1
42 43 239 1
43 42 239 1
73 74 458 1
74 73 458 1
91 93 118 1
93 91 118 1
72 74 76 1
74 72 76 1
29 72 629 1
72 29 629 1
17 79 135 1
79 17 135 1
78 80 116 1
80 78 116 1
2 6 165 1
6 2 165 1
8 14 205 1
14 8 205 1
80 81 1113 1
81 80 1113 1
91 92 669 1
92 91 669 1
16 28 220 1
28 16 220 1
28 72 116 1
72 28 116 1
29 73 113 1
73 29 113 1
73 75 84 1
75 73 84 1
42 46 173 1
46 42 173 1
92 93 608 1
93 92 608 1
14 15 772 1
15 14 772 1
2 7 566 1
7 2 566 1
28 78 272 1
78 28 272 1
54 55 651 1
55 54 651 1
103 104 369 1
104 103 369 1
28 80 329 1
80 28 329 1
32 33 149 1
33 32 149 1
29 78 851 1
78 29 851 1
20 21 185 1
21 20 185 1
78 81 1002 1
81 78 1002 1
39 94 407 1
94 39 407 1
44 45 194 1
45 44 194 1
13 15 277 1
15 13 277 1
16 80 152 1
80 16 152 1
94 108 97 1
108 94 97 1
13 14 902 1
14 13 902 1
29 81 342 1
81 29 342 1
43 46 341 1
46 43 341 1
79 81 136 1
81 79 136 1
3 7 185 1
7 3 185 1
13 30 546 1
30 13 546 1
90 91 735 1
91 90 735 1
16 78 122 1
78 16 122 1
2 3 405 1
3 2 405 1
28 81 975 1
81 28 975 1
72 73 517 1
73 72 517 1
10 16 218 1
16 10 218 1
29 80 961 1
80 29 961 1
8 15 741 1
15 8 741 1
95 108 123 1
108 95 123 1
91 103 258 1
103 91 258 1
105 107 233 1
107 105 233 1
8 13 868 1
13 8 868 1
29 74 571 1
74 29 571 1
59 67 245 1
67 59 245 1
39 97 289 1
97 39 289 1
104 105 204 1
105 104 204 1
78 79 878 1
79 78 878 1
30 80 748 1
80 30 748 1
75 79 318 1
79 75 318 1
90 92 135 1
92 90 135 1
31 80 848 1
80 31 848 1
6 7 710 1
7 6 710 1
70 71 263 1
71 70 263 1
49 51 172 1
51 49 172 1
11 79 342 1
79 11 342 1
106 107 486 1
107 106 486 1
90 93 690 1
93 90 690 1
29 79 257 1
79 29 257 1
103 105 173 1
105 103 173 1
94 97 266 1
97 94 266 1
10 28 213 1
28 10 213 1
12 30 419 1
30 12 419 1
16 29 882 1
29 16 882 1
16 31 718 1
31 16 718 1
45 49 111 1
49 45 111 1
29 75 189 1
75 29 189 1
76 77 238 1
77 76 238 1
95 97 97 1
97 95 97 1
74 75 389 1
75 74 389 1
24 30 283 1
30 24 283 1
47 110 210 1
110 47 210 1
11 17 224 1
17 11 224 1
28 62 527 1
62 28 527 1
16 81 1063 1
81 16 1063 1
19 69 323 1
69 19 323 1
109 110 135 1
110 109 135 1
10 31 619 1
31 10 619 1
58 66 198 1
66 58 198 1
90 103 653 1
103 90 653 1
17 81 182 1
81 17 182 1
82 83 881 1
83 82 881 1
102 103 508 1
103 102 508 1
104 107 401 1
107 104 401 1
67 69 345 1
69 67 345 1
16 30 615 1
30 16 615 1
0 1 800 1
1 0 800 1
35 67 262 1
67 35 262 1
13 71 401 1
71 13 401 1
8 9 638 1
9 8 638 1
28 74 188 1
74 28 188 1
13 29 290 1
29 13 290 1
9 15 219 1
15 9 219 1
24 25 135 1
25 24 135 1
64 84 478 1
84 64 478 1
14 30 414 1
30 14 414 1
51 53 271 1
53 51 271 1
16 62 313 1
62 16 313 1
72 80 384 1
80 72 384 1
13 16 1048 1
16 13 1048 1
28 79 847 1
79 28 847 1
38 54 263 1
54 38 263 1
38 39 465 1
39 38 465 1
90 105 516 1
105 90 516 1
30 71 303 1
71 30 303 1
90 104 351 1
104 90 351 1
10 12 181 1
12 10 181 1
8 30 385 1
30 8 385 1
91 102 669 1
102 91 669 1
28 40 248 1
40 28 248 1
28 31 545 1
31 28 545 1
40 72 200 1
72 40 200 1
73 81 406 1
81 73 406 1
12 13 959 1
13 12 959 1
114 115 96 1
115 114 96 1
43 44 290 1
44 43 290 1
71 73 163 1
73 71 163 1
13 80 1155 1
80 13 1155 1
105 106 359 1
106 105 359 1
12 31 545 1
31 12 545 1
48 58 400 1
58 48 400 1
75 81 434 1
81 75 434 1
21 80 756 1
80 21 756 1
91 105 371 1
105 91 371 1
17 63 324 1
63 17 324 1
25 30 292 1
30 25 292 1
39 108 341 1
108 39 341 1
90 102 246 1
102 90 246 1
58 67 368 1
67 58 368 1
58 91 1077 1
91 58 1077 1
93 103 173 1
103 93 173 1
14 29 801 1
29 14 801 1
59 90 1104 1
90 59 1104 1
13 24 641 1
24 13 641 1
97 108 170 1
108 97 170 1
9 30 478 1
30 9 478 1
34 35 126 1
35 34 126 1
51 52 786 1
52 51 786 1
29 40 655 1
40 29 655 1
28 73 629 1
73 28 629 1
16 72 287 1
72 16 287 1
17 78 955 1
78 17 955 1
11 63 488 1
63 11 488 1
89 91 402 1
91 89 402 1
48 59 599 1
59 48 599 1
39 96 494 1
96 39 494 1
98 111 265 1
111 98 265 1
102 104 159 1
104 102 159 1
13 78 1046 1
78 13 1046 1
14 24 389 1
24 14 389 1
67 90 867 1
90 67 867 1
79 80 991 1
80 79 991 1
59 66 363 1
66 59 363 1
59 91 926 1
91 59 926 1
99 111 265 1
111 99 265 1
43 45 199 1
45 43 199 1
106 115 278 1
115 106 278 1
12 16 384 1
16 12 384 1
21 27 209 1
27 21 209 1
66 104 942 1
104 66 942 1
73 80 850 1
80 73 850 1
17 80 1070 1
80 17 1070 1
72 81 860 1
81 72 860 1
26 27 135 1
27 26 135 1
72 78 300 1
78 72 300 1
14 28 286 1
28 14 286 1
15 30 522 1
30 15 522 1
93 102 600 1
102 93 600 1
11 28 875 1
28 11 875 1
59 93 1026 1
93 59 1026 1
29 30 533 1
30 29 533 1
58 90 890 1
90 58 890 1
21 30 349 1
30 21 349 1
89 104 710 1
104 89 710 1
95 109 146 1
109 95 146 1
28 30 436 1
30 28 436 1
13 28 892 1
28 13 892 1
59 102 1214 1
102 59 1214 1
92 103 574 1
103 92 574 1
97 110 221 1
110 97 221 1
15 24 514 1
24 15 514 1
75 76 374 1
76 75 374 1
2 92 1350 1
92 2 1350 1
31 72 482 1
72 31 482 1
17 29 223 1
29 17 223 1
8 12 346 1
12 8 346 1
62 72 566 1
72 62 566 1
92 105 456 1
105 92 456 1
67 93 875 1
93 67 875 1
12 62 664 1
62 12 664 1
21 25 360 1
25 21 360 1
96 97 322 1
97 96 322 1
3 6 559 1
6 3 559 1
62 78 287 1
78 62 287 1
16 24 782 1
24 16 782 1
30 78 663 1
78 30 663 1
58 93 1138 1
93 58 1138 1
1 57 172 1
57 1 172 1
11 29 239 1
29 11 239 1
15 71 394 1
71 15 394 1
64 65 897 1
65 64 897 1
13 31 424 1
31 13 424 1
17 28 894 1
28 17 894 1
42 44 208 1
44 42 208 1
10 30 501 1
30 10 501 1
52 53 746 1
53 52 746 1
55 96 492 1
96 55 492 1
13 62 1248 1
62 13 1248 1
91 104 542 1
104 91 542 1
13 73 358 1
73 13 358 1
56 57 840 1
57 56 840 1
96 110 214 1
110 96 214 1
22 64 1169 1
64 22 1169 1
8 24 258 1
24 8 258 1
8 25 389 1
25 8 389 1
9 14 725 1
14 9 725 1
20 26 232 1
26 20 232 1
73 78 740 1
78 73 740 1
12 14 278 1
14 12 278 1
60 61 893 1
61 60 893 1
24 80 900 1
80 24 900 1
28 75 567 1
75 28 567 1
29 31 454 1
31 29 454 1
54 115 339 1
115 54 339 1
2 66 917 1
66 2 917 1
29 83 227 1
83 29 227 1
62 63 1134 1
63 62 1134 1
67 91 790 1
91 67 790 1
12 80 516 1
80 12 516 1
20 108 552 1
108 20 552 1
30 72 390 1
72 30 390 1
31 78 755 1
78 31 755 1
40 74 182 1
74 40 182 1
74 81 792 1
81 74 792 1
88 92 521 1
92 88 521 1
91 106 697 1
106 91 697 1
46 96 270 1
96 46 270 1
97 109 174 1
109 97 174 1
9 12 856 1
12 9 856 1
70 72 158 1
72 70 158 1
70 74 155 1
74 70 155 1
113 114 95 1
114 113 95 1
15 29 295 1
29 15 295 1
98 99 479 1
99 98 479 1
58 102 1067 1
102 58 1067 1
63 79 303 1
79 63 303 1
40 82 231 1
82 40 231 1
29 82 824 1
82 29 824 1
14 82 179 1
82 14 179 1
34 36 459 1
36 34 459 1
54 89 853 1
89 54 853 1
94 95 213 1
95 94 213 1
35 69 473 1
69 35 473 1
38 96 284 1
96 38 284 1
43 49 240 1
49 43 240 1
74 80 415 1
80 74 415 1
24 78 835 1
78 24 835 1
10 62 483 1
62 10 483 1
75 78 667 1
78 75 667 1
31 81 775 1
81 31 775 1
52 89 1027 1
89 52 1027 1
16 79 934 1
79 16 934 1
7 58 1136 1
58 7 1136 1
29 62 1067 1
62 29 1067 1
11 74 727 1
74 11 727 1
92 106 400 1
106 92 400 1
108 109 87 1
109 108 87 1
9 13 376 1
13 9 376 1
16 17 998 1
17 16 998 1
69 109 801 1
109 69 801 1
11 75 388 1
75 11 388 1
14 78 546 1
78 14 546 1
18 19 147 1
19 18 147 1
46 47 309 1
47 46 309 1
59 89 931 1
89 59 931 1
59 104 1146 1
104 59 1146 1
74 79 666 1
79 74 666 1
88 89 1035 1
89 88 1035 1
21 24 413 1
24 21 413 1
14 80 575 1
80 14 575 1
40 83 731 1
83 40 731 1
59 107 1064 1
107 59 1064 1
14 16 483 1
16 14 483 1
17 72 781 1
72 17 781 1
31 74 479 1
74 31 479 1
92 102 211 1
102 92 211 1
44 49 304 1
49 44 304 1
43 76 617 1
76 43 617 1
43 47 146 1
47 43 146 1
12 15 906 1
15 12 906 1
30 81 847 1
81 30 847 1
37 110 431 1
110 37 431 1
89 103 468 1
103 89 468 1
103 107 239 1
107 103 239 1
10 33 638 1
33 10 638 1
24 31 318 1
31 24 318 1
28 82 255 1
82 28 255 1
84 85 1130 1
85 84 1130 1
59 92 1150 1
92 59 1150 1
73 79 296 1
79 73 296 1
66 89 963 1
89 66 963 1
67 102 981 1
102 67 981 1
70 73 402 1
73 70 402 1
99 112 272 1
112 99 272 1
10 13 1004 1
13 10 1004 1
25 31 272 1
31 25 272 1
40 80 433 1
80 40 433 1
21 31 344 1
31 21 344 1
58 92 982 1
92 58 982 1
12 28 275 1
28 12 275 1
21 81 634 1
81 21 634 1
66 107 978 1
107 66 978 1
68 69 164 1
69 68 164 1
2 91 1366 1
91 2 1366 1
14 62 796 1
62 14 796 1
14 71 582 1
71 14 582 1
58 105 1107 1
105 58 1107 1
66 91 902 1
91 66 902 1
69 110 773 1
110 69 773 1
93 106 650 1
106 93 650 1
0 56 174 1
56 0 174 1
11 72 773 1
72 11 773 1
13 25 519 1
25 13 519 1
16 73 769 1
73 16 769 1
94 109 127 1
109 94 127 1
20 95 541 1
95 20 541 1
38 87 730 1
87 38 730 1
58 89 1156 1
89 58 1156 1
89 90 968 1
90 89 968 1
14 25 491 1
25 14 491 1
16 25 843 1
25 16 843 1
61 63 238 1
63 61 238 1
4 9 500 1
9 4 500 1
5 102 1167 1
102 5 1167 1
10 80 357 1
80 10 357 1
47 111 188 1
111 47 188 1
54 105 491 1
105 54 491 1
93 104 478 1
104 93 478 1
59 105 1100 1
105 59 1100 1
66 102 974 1
102 66 974 1
93 105 305 1
105 93 305 1
62 80 268 1
80 62 268 1
3 92 1420 1
92 3 1420 1
53 55 448 1
55 53 448 1
9 24 385 1
24 9 385 1
71 72 402 1
72 71 402 1
11 78 988 1
78 11 988 1
32 63 656 1
63 32 656 1
39 54 618 1
54 39 618 1
55 89 213 1
89 55 213 1
2 22 228 1
22 2 228 1
13 81 530 1
81 13 530 1
67 92 922 1
92 67 922 1
98 112 277 1
112 98 277 1
44 46 353 1
46 44 353 1
48 50 202 1
50 48 202 1
38 115 384 1
115 38 384 1
28 63 1049 1
63 28 1049 1
72 79 733 1
79 72 733 1
75 80 775 1
80 75 775 1
80 84 162 1
84 80 162 1
16 74 335 1
74 16 335 1
41 73 204 1
73 41 204 1
50 51 698 1
51 50 698 1
40 41 506 1
41 40 506 1
21 29 329 1
29 21 329 1
95 110 248 1
110 95 248 1
29 71 259 1
71 29 259 1
32 76 341 1
76 32 341 1
59 103 1115 1
103 59 1115 1
21 78 664 1
78 21 664 1
23 84 1113 1
84 23 1113 1
33 61 545 1
61 33 545 1
54 96 167 1
96 54 167 1
2 58 959 1
58 2 959 1
48 52 415 1
52 48 415 1
7 92 1445 1
92 7 1445 1
11 81 403 1
81 11 403 1
37 96 506 1
96 37 506 1
58 104 1061 1
104 58 1061 1
28 83 861 1
83 28 861 1
16 21 674 1
21 16 674 1
30 62 878 1
62 30 878 1
41 83 252 1
83 41 252 1
11 40 844 1
40 11 844 1
58 60 266 1
60 58 266 1
47 98 442 1
98 47 442 1
58 103 1188 1
103 58 1188 1
46 55 584 1
55 46 584 1
71 80 755 1
80 71 755 1
1 56 851 1
56 1 851 1
3 88 1145 1
88 3 1145 1
21 71 214 1
71 21 214 1
38 55 598 1
55 38 598 1
21 108 562 1
108 21 562 1
32 62 548 1
62 32 548 1
103 106 532 1
106 103 532 1
13 21 494 1
21 13 494 1
6 92 1291 1
92 6 1291 1
31 40 592 1
40 31 592 1
40 81 874 1
81 40 874 1
46 98 212 1
98 46 212 1
74 78 322 1
78 74 322 1
88 90 414 1
90 88 414 1
2 93 1417 1
93 2 1417 1
25 78 882 1
78 25 882 1
94 96 89 1
96 94 89 1
31 62 966 1
62 31 966 1
52 58 705 1
58 52 705 1
3 50 1273 1
50 3 1273 1
12 24 517 1
24 12 517 1
10 29 893 1
29 10 893 1
47 77 509 1
77 47 509 1
10 63 1159 1
63 10 1159 1
10 72 309 1
72 10 309 1
88 93 930 1
93 88 930 1
90 107 713 1
107 90 713 1
53 99 316 1
99 53 316 1
16 33 609 1
33 16 609 1
55 115 361 1
115 55 361 1
82 86 143 1
86 82 143 1
32 60 487 1
60 32 487 1
31 73 397 1
73 31 397 1
95 96 288 1
96 95 288 1
106 114 322 1
114 106 322 1
8 71 624 1
71 8 624 1
14 81 1094 1
81 14 1094 1
17 84 1128 1
84 17 1128 1
6 66 934 1
66 6 934 1
7 48 1293 1
48 7 1293 1
10 74 381 1
74 10 381 1
59 88 1182 1
88 59 1182 1
92 104 310 1
104 92 310 1
101 103 106 1
103 101 106 1
23 64 1238 1
64 23 1238 1
38 40 158 1
40 38 158 1
55 87 559 1
87 55 559 1
0 18 364 1
18 0 364 1
16 75 702 1
75 16 702 1
28 33 585 1
33 28 585 1
42 45 300 1
45 42 300 1
66 92 904 1
92 66 904 1
30 73 455 1
73 30 455 1
31 71 265 1
71 31 265 1
59 69 338 1
69 59 338 1
87 89 476 1
89 87 476 1
91 107 371 1
107 91 371 1
40 78 376 1
78 40 376 1
31 33 517 1
33 31 517 1
89 92 938 1
92 89 938 1
3 22 347 1
22 3 347 1
15 80 1098 1
80 15 1098 1
54 87 939 1
87 54 939 1
72 75 453 1
75 72 453 1
7 59 970 1
59 7 970 1
71 74 359 1
74 71 359 1
89 93 471 1
93 89 471 1
89 107 337 1
107 89 337 1
12 81 1161 1
81 12 1161 1
66 105 960 1
105 66 960 1
75 77 210 1
77 75 210 1
36 40 213 1
40 36 213 1
40 73 549 1
73 40 549 1
20 70 213 1
70 20 213 1
21 26 271 1
26 21 271 1
58 107 1147 1
107 58 1147 1
90 106 378 1
106 90 378 1
103 114 282 1
114 103 282 1
47 69 806 1
69 47 806 1
79 84 1035 1
84 79 1035 1
21 79 530 1
79 21 530 1
66 67 177 1
67 66 177 1
10 64 755 1
64 10 755 1
72 83 754 1
83 72 754 1
94 110 220 1
110 94 220 1
39 55 254 1
55 39 254 1
46 49 541 1
49 46 541 1
40 79 762 1
79 40 762 1
48 67 417 1
67 48 417 1
52 59 956 1
59 52 956 1
54 104 337 1
104 54 337 1
7 50 1347 1
50 7 1347 1
20 29 497 1
29 20 497 1
55 99 216 1
99 55 216 1
2 50 1192 1
50 2 1192 1
2 88 959 1
88 2 959 1
26 84 884 1
84 26 884 1
37 77 246 1
77 37 246 1
2 89 1170 1
89 2 1170 1
16 63 1092 1
63 16 1092 1
66 103 1026 1
103 66 1026 1
107 115 298 1
115 107 298 1
42 49 396 1
49 42 396 1
63 72 944 1
72 63 944 1
8 29 833 1
29 8 833 1
11 80 1102 1
80 11 1102 1
21 95 510 1
95 21 510 1
0 52 934 1
52 0 934 1
17 64 1130 1
64 17 1130 1
97 99 180 1
99 97 180 1
25 80 959 1
80 25 959 1
39 110 466 1
110 39 466 1
60 66 370 1
66 60 370 1
69 77 618 1
77 69 618 1
89 115 561 1
115 89 561 1
15 73 336 1
73 15 336 1
32 61 611 1
61 32 611 1
59 106 1174 1
106 59 1174 1
86 87 805 1
87 86 805 1
11 73 310 1
73 11 310 1
92 101 634 1
101 92 634 1
21 73 247 1
73 21 247 1
6 93 1425 1
93 6 1425 1
20 80 604 1
80 20 604 1
24 84 1013 1
84 24 1013 1
66 93 972 1
93 66 972 1
105 115 176 1
115 105 176 1
20 25 402 1
25 20 402 1
63 74 885 1
74 63 885 1
66 90 828 1
90 66 828 1
66 68 378 1
68 66 378 1
68 103 1277 1
103 68 1277 1
78 83 999 1
83 78 999 1
19 68 313 1
68 19 313 1
37 41 217 1
41 37 217 1
48 90 628 1
90 48 628 1
105 114 152 1
114 105 152 1
7 91 1186 1
91 7 1186 1
36 38 122 1
38 36 122 1
48 51 548 1
51 48 548 1
55 98 606 1
98 55 606 1
8 16 655 1
16 8 655 1
9 80 1146 1
80 9 1146 1
14 73 703 1
73 14 703 1
28 76 345 1
76 28 345 1
98 104 286 1
104 98 286 1
54 114 381 1
114 54 381 1
69 107 1110 1
107 69 1110 1
85 112 702 1
112 85 702 1
88 91 958 1
91 88 958 1
30 74 403 1
74 30 403 1
58 88 918 1
88 58 918 1
67 105 903 1
105 67 903 1
68 90 1109 1
90 68 1109 1
48 104 822 1
104 48 822 1
56 99 1051 1
99 56 1051 1
62 73 961 1
73 62 961 1
23 25 373 1
25 23 373 1
24 71 494 1
71 24 494 1
81 84 1146 1
84 81 1146 1
4 7 733 1
7 4 733 1
7 66 1007 1
66 7 1007 1
8 78 729 1
78 8 729 1
20 30 328 1
30 20 328 1
24 81 998 1
81 24 998 1
35 47 370 1
47 35 370 1
40 75 477 1
75 40 477 1
2 90 1252 1
90 2 1252 1
11 31 475 1
31 11 475 1
10 81 1126 1
81 10 1126 1
13 72 796 1
72 13 796 1
20 27 271 1
27 20 271 1
28 32 528 1
32 28 528 1
55 112 466 1
112 55 466 1
15 28 819 1
28 15 819 1
41 76 493 1
76 41 493 1
8 62 964 1
62 8 964 1
24 29 657 1
29 24 657 1
10 24 654 1
24 10 654 1
53 98 671 1
98 53 671 1
2 4 569 1
4 2 569 1
76 83 717 1
83 76 717 1
96 108 167 1
108 96 167 1
15 21 348 1
21 15 348 1
16 71 654 1
71 16 654 1
41 74 484 1
74 41 484 1
47 67 492 1
67 47 492 1
9 31 394 1
31 9 394 1
24 27 252 1
27 24 252 1
40 62 664 1
62 40 664 1
59 60 718 1
60 59 718 1
93 101 103 1
101 93 103 1
46 112 262 1
112 46 262 1
89 105 535 1
105 89 535 1
14 72 328 1
72 14 328 1
41 75 187 1
75 41 187 1
62 71 867 1
71 62 867 1
69 90 1119 1
90 69 1119 1
33 62 690 1
62 33 690 1
20 79 665 1
79 20 665 1
21 84 830 1
84 21 830 1
42 47 281 1
47 42 281 1
38 114 469 1
114 38 469 1
82 84 544 1
84 82 544 1
88 102 433 1
102 88 433 1
92 107 674 1
107 92 674 1
37 97 271 1
97 37 271 1
48 102 819 1
102 48 819 1
54 107 612 1
107 54 612 1
63 75 591 1
75 63 591 1
7 102 1355 1
102 7 1355 1
19 77 567 1
77 19 567 1
67 104 923 1
104 67 923 1
68 92 1202 1
92 68 1202 1
7 67 937 1
67 7 937 1
7 88 1209 1
88 7 1209 1
54 106 240 1
106 54 240 1
96 99 428 1
99 96 428 1
108 110 194 1
110 108 194 1
7 89 868 1
89 7 868 1
63 78 1033 1
78 63 1033 1
81 85 175 1
85 81 175 1
10 14 380 1
14 10 380 1
110 111 172 1
111 110 172 1
3 26 678 1
26 3 678 1
39 95 233 1
95 39 233 1
73 76 450 1
76 73 450 1
17 75 351 1
75 17 351 1
15 78 1000 1
78 15 1000 1
20 24 393 1
24 20 393 1
25 29 556 1
29 25 556 1
75 83 351 1
83 75 351 1
81 83 446 1
83 81 446 1
108 115 135 1
115 108 135 1
15 16 1006 1
16 15 1006 1
18 68 315 1
68 18 315 1
22 31 234 1
31 22 234 1
33 63 547 1
63 33 547 1
96 98 184 1
98 96 184 1
14 31 528 1
31 14 528 1
23 31 199 1
31 23 199 1
67 107 894 1
107 67 894 1
86 109 700 1
109 86 700 1
39 86 698 1
86 39 698 1
62 81 1169 1
81 62 1169 1
98 103 555 1
103 98 555 1
25 81 899 1
81 25 899 1
72 82 298 1
82 72 298 1
26 50 1256 1
50 26 1256 1
36 41 570 1
41 36 570 1
39 109 356 1
109 39 356 1
74 83 697 1
83 74 697 1
17 40 824 1
40 17 824 1
17 74 721 1
74 17 721 1
37 109 343 1
109 37 343 1
91 101 197 1
101 91 197 1
93 100 653 1
100 93 653 1
5 27 165 1
27 5 165 1
5 58 1366 1
58 5 1366 1
48 66 357 1
66 48 357 1
76 79 567 1
79 76 567 1
21 28 487 1
28 21 487 1
38 108 316 1
108 38 316 1
87 115 746 1
115 87 746 1
6 22 333 1
22 6 333 1
6 50 1151 1
50 6 1151 1
7 93 1261 1
93 7 1261 1
32 72 471 1
72 32 471 1
34 76 309 1
76 34 309 1
69 91 1081 1
91 69 1081 1
78 82 455 1
82 78 455 1
20 73 397 1
73 20 397 1
22 23 140 1
23 22 140 1
83 85 549 1
85 83 549 1
0 66 594 1
66 0 594 1
7 22 454 1
22 7 454 1
18 85 983 1
85 18 983 1
37 85 343 1
85 37 343 1
20 71 311 1
71 20 311 1
71 81 550 1
81 71 550 1
25 28 633 1
28 25 633 1
29 63 531 1
63 29 531 1
48 89 1015 1
89 48 1015 1
51 112 579 1
112 51 579 1
17 31 618 1
31 17 618 1
25 27 193 1
27 25 193 1
25 79 804 1
79 25 804 1
26 88 791 1
88 26 791 1
65 84 1120 1
84 65 1120 1
74 82 336 1
82 74 336 1
79 83 420 1
83 79 420 1
89 102 866 1
102 89 866 1
33 64 737 1
64 33 737 1
54 103 653 1
103 54 653 1
58 106 1039 1
106 58 1039 1
74 76 203 1
76 74 203 1
16 64 567 1
64 16 567 1
19 83 893 1
83 19 893 1
28 84 456 1
84 28 456 1
33 60 632 1
60 33 632 1
10 65 1203 1
65 10 1203 1
53 111 406 1
111 53 406 1
63 73 569 1
73 63 569 1
89 106 787 1
106 89 787 1
0 19 488 1
19 0 488 1
23 33 604 1
33 23 604 1
31 64 1128 1
64 31 1128 1
48 60 501 1
60 48 501 1
5 26 263 1
26 5 263 1
12 78 490 1
78 12 490 1
21 72 388 1
72 21 388 1
31 79 660 1
79 31 660 1
41 72 550 1
72 41 550 1
61 65 175 1
65 61 175 1
78 84 235 1
84 78 235 1
10 73 783 1
73 10 783 1
11 16 1004 1
16 11 1004 1
21 39 356 1
39 21 356 1
31 63 863 1
63 31 863 1
47 109 317 1
109 47 317 1
2 48 1199 1
48 2 1199 1
21 40 380 1
40 21 380 1
71 75 163 1
75 71 163 1
73 82 720 1
82 73 720 1
101 102 595 1
102 101 595 1
30 70 259 1
70 30 259 1
0 68 414 1
68 0 414 1
4 22 457 1
22 4 457 1
6 88 860 1
88 6 860 1
15 72 724 1
72 15 724 1
20 86 362 1
86 20 362 1
53 89 552 1
89 53 552 1
68 91 1170 1
91 68 1170 1
7 104 1243 1
104 7 1243 1
10 84 516 1
84 10 516 1
59 61 271 1
61 59 271 1
60 62 241 1
62 60 241 1
77 82 682 1
82 77 682 1
17 65 592 1
65 17 592 1
24 28 571 1
28 24 571 1
68 107 1166 1
107 68 1166 1
98 101 623 1
101 98 623 1
0 112 1084 1
112 0 1084 1
46 53 547 1
53 46 547 1
1 112 1078 1
112 1 1078 1
15 81 596 1
81 15 596 1
16 40 399 1
40 16 399 1
25 71 434 1
71 25 434 1
36 62 525 1
62 36 525 1
28 71 506 1
71 28 506 1
41 77 345 1
77 41 345 1
50 52 243 1
52 50 243 1
63 81 293 1
81 63 293 1
77 110 393 1
110 77 393 1
97 115 218 1
115 97 218 1
6 91 1386 1
91 6 1386 1
9 21 431 1
21 9 431 1
10 78 335 1
78 10 335 1
20 74 213 1
74 20 213 1
0 51 1107 1
51 0 1107 1
2 67 952 1
67 2 952 1
9 25 252 1
25 9 252 1
12 29 886 1
29 12 886 1
22 50 1336 1
50 22 1336 1
27 84 956 1
84 27 956 1
77 83 539 1
83 77 539 1
96 111 286 1
111 96 286 1
2 59 1058 1
59 2 1058 1
13 75 440 1
75 13 440 1
27 85 894 1
85 27 894 1
36 76 232 1
76 36 232 1
38 94 246 1
94 38 246 1
73 83 298 1
83 73 298 1
90 114 392 1
114 90 392 1
30 40 513 1
40 30 513 1
95 115 205 1
115 95 205 1
106 108 322 1
108 106 322 1
0 76 525 1
76 0 525 1
2 104 1217 1
104 2 1217 1
6 58 957 1
58 6 957 1
18 76 581 1
76 18 581 1
37 39 117 1
39 37 117 1
48 93 850 1
93 48 850 1
67 103 944 1
103 67 944 1
26 95 736 1
95 26 736 1
35 91 647 1
91 35 647 1
52 98 272 1
98 52 272 1
101 104 464 1
104 101 464 1
111 113 191 1
113 111 191 1
0 32 356 1
32 0 356 1
8 80 764 1
80 8 764 1
25 84 1066 1
84 25 1066 1
62 76 527 1
76 62 527 1
86 108 664 1
108 86 664 1
7 90 1390 1
90 7 1390 1
29 76 555 1
76 29 555 1
79 95 480 1
95 79 480 1
16 76 379 1
76 16 379 1
48 49 410 1
49 48 410 1
49 52 718 1
52 49 718 1
16 84 311 1
84 16 311 1
38 41 513 1
41 38 513 1
38 105 521 1
105 38 521 1
45 51 254 1
51 45 254 1
81 113 820 1
113 81 820 1
17 73 298 1
73 17 298 1
43 75 740 1
75 43 740 1
91 114 389 1
114 91 389 1
3 89 961 1
89 3 961 1
5 90 1279 1
90 5 1279 1
20 78 525 1
78 20 525 1
45 84 881 1
84 45 881 1
76 78 312 1
78 76 312 1
93 107 357 1
107 93 357 1
104 106 195 1
106 104 195 1
3 65 942 1
65 3 942 1
9 20 557 1
20 9 557 1
15 20 521 1
20 15 521 1
15 25 386 1
25 15 386 1
28 64 752 1
64 28 752 1
52 66 667 1
66 52 667 1
10 25 735 1
25 10 735 1
42 51 463 1
51 42 463 1
66 88 875 1
88 66 875 1
96 112 337 1
112 96 337 1
1 52 1206 1
52 1 1206 1
11 76 704 1
76 11 704 1
42 96 429 1
96 42 429 1
44 51 440 1
51 44 440 1
71 78 647 1
78 71 647 1
15 31 431 1
31 15 431 1
20 94 527 1
94 20 527 1
39 106 557 1
106 39 557 1
46 51 585 1
51 46 585 1
47 104 532 1
104 47 532 1
2 105 1253 1
105 2 1253 1
6 67 991 1
67 6 991 1
42 76 612 1
76 42 612 1
44 78 731 1
78 44 731 1
54 66 740 1
66 54 740 1
80 113 810 1
113 80 810 1
1 32 484 1
32 1 484 1
10 32 558 1
32 10 558 1
10 71 639 1
71 10 639 1
76 82 520 1
82 76 520 1
102 105 355 1
105 102 355 1
3 5 603 1
5 3 603 1
8 73 750 1
73 8 750 1
21 74 343 1
74 21 343 1
25 33 765 1
33 25 765 1
26 108 761 1
108 26 761 1
46 110 220 1
110 46 220 1
47 107 509 1
107 47 509 1
83 86 863 1
86 83 863 1
104 114 171 1
114 104 171 1
16 32 504 1
32 16 504 1
0 57 825 1
57 0 825 1
8 31 485 1
31 8 485 1
42 55 629 1
55 42 629 1
75 82 661 1
82 75 661 1
0 6 417 1
6 0 417 1
0 98 918 1
98 0 918 1
20 81 779 1
81 20 779 1
49 50 585 1
50 49 585 1
69 93 1169 1
93 69 1169 1
88 106 334 1
106 88 334 1
21 70 303 1
70 21 303 1
56 112 990 1
112 56 990 1
63 76 747 1
76 63 747 1
77 109 318 1
109 77 318 1
88 103 842 1
103 88 842 1
11 33 518 1
33 11 518 1
13 20 655 1
20 13 655 1
14 83 858 1
83 14 858 1
52 88 542 1
88 52 542 1
101 106 633 1
106 101 633 1
3 85 893 1
85 3 893 1
8 28 459 1
28 8 459 1
3 66 920 1
66 3 920 1
9 71 488 1
71 9 488 1
12 72 358 1
72 12 358 1
25 110 1042 1
110 25 1042 1
31 113 1132 1
113 31 1132 1
34 112 579 1
112 34 579 1
67 88 939 1
88 67 939 1
98 102 260 1
102 98 260 1
3 51 1145 1
51 3 1145 1
7 52 1400 1
52 7 1400 1
11 32 663 1
32 11 663 1
19 67 590 1
67 19 590 1
34 56 491 1
56 34 491 1
50 65 837 1
65 50 837 1
57 74 830 1
74 57 830 1
3 93 1309 1
93 3 1309 1
20 39 459 1
39 20 459 1
21 86 520 1
86 21 520 1
35 102 781 1
102 35 781 1
41 81 452 1
81 41 452 1
52 112 417 1
112 52 417 1
62 74 590 1
74 62 590 1
15 62 1246 1
62 15 1246 1
53 112 421 1
112 53 421 1
37 40 562 1
40 37 562 1
39 87 370 1
87 39 370 1
43 51 245 1
51 43 245 1
95 99 272 1
99 95 272 1
37 95 241 1
95 37 241 1
39 115 411 1
115 39 411 1
44 48 114 1
48 44 114 1
51 98 763 1
98 51 763 1
67 106 941 1
106 67 941 1
86 106 508 1
106 86 508 1
2 102 1269 1
102 2 1269 1
3 4 707 1
4 3 707 1
33 76 380 1
76 33 380 1
38 86 366 1
86 38 366 1
38 97 469 1
97 38 469 1
86 94 606 1
94 86 606 1
2 103 1363 1
103 2 1363 1
10 23 699 1
23 10 699 1
15 82 832 1
82 15 832 1
20 72 238 1
72 20 238 1
26 109 775 1
109 26 775 1
38 72 305 1
72 38 305 1
60 76 576 1
76 60 576 1
4 26 161 1
26 4 161 1
22 84 1027 1
84 22 1027 1
35 77 284 1
77 35 284 1
46 76 517 1
76 46 517 1
55 104 526 1
104 55 526 1
102 107 560 1
107 102 560 1
43 77 556 1
77 43 556 1
46 111 189 1
111 46 189 1
6 60 799 1
60 6 799 1
20 84 687 1
84 20 687 1
77 100 819 1
100 77 819 1
16 56 380 1
56 16 380 1
48 88 830 1
88 48 830 1
12 71 631 1
71 12 631 1
21 94 569 1
94 21 569 1
60 63 1021 1
63 60 1021 1
75 113 758 1
113 75 758 1
7 103 1229 1
103 7 1229 1
42 83 1110 1
83 42 1110 1
63 80 1146 1
80 63 1146 1
68 104 1183 1
104 68 1183 1
86 97 801 1
97 86 801 1
99 108 310 1
108 99 310 1
10 11 986 1
11 10 986 1
13 74 757 1
74 13 757 1
21 38 458 1
38 21 458 1
31 75 419 1
75 31 419 1
32 74 456 1
74 32 456 1
53 103 508 1
103 53 508 1
6 59 1126 1
59 6 1126 1
21 75 222 1
75 21 222 1
26 79 796 1
79 26 796 1
31 96 900 1
96 31 900 1
33 65 634 1
65 33 634 1
3 90 1350 1
90 3 1350 1
8 81 1156 1
81 8 1156 1
37 46 651 1
46 37 651 1
24 64 1287 1
64 24 1287 1
43 112 376 1
112 43 376 1
55 105 373 1
105 55 373 1
56 81 1090 1
81 56 1090 1
31 70 334 1
70 31 334 1
47 103 476 1
103 47 476 1
53 104 704 1
104 53 704 1
59 100 1223 1
100 59 1223 1
65 85 476 1
85 65 476 1
23 50 1386 1
50 23 1386 1
55 107 232 1
107 55 232 1
58 69 426 1
69 58 426 1
14 21 487 1
21 14 487 1
47 53 268 1
53 47 268 1
7 51 1137 1
51 7 1137 1
37 76 441 1
76 37 441 1
97 107 263 1
107 97 263 1
6 102 1207 1
102 6 1207 1
18 52 1125 1
52 18 1125 1
27 56 1022 1
56 27 1022 1
32 56 384 1
56 32 384 1
50 84 554 1
84 50 554 1
55 111 434 1
111 55 434 1
3 91 1236 1
91 3 1236 1
53 90 787 1
90 53 787 1
69 106 1139 1
106 69 1139 1
20 75 348 1
75 20 348 1
24 113 1216 1
113 24 1216 1
56 85 1128 1
85 56 1128 1
64 80 500 1
80 64 500 1
101 107 310 1
107 101 310 1
4 5 350 1
5 4 350 1
17 62 1129 1
62 17 1129 1
29 41 234 1
41 29 234 1
33 78 590 1
78 33 590 1
43 96 503 1
96 43 503 1
65 79 512 1
79 65 512 1
67 110 507 1
110 67 507 1
90 115 420 1
115 90 420 1
2 106 1085 1
106 2 1085 1
20 109 557 1
109 20 557 1
45 75 846 1
75 45 846 1
66 106 937 1
106 66 937 1
99 115 285 1
115 99 285 1
10 15 968 1
15 10 968 1
10 40 460 1
40 10 460 1
18 50 1005 1
50 18 1005 1
21 97 595 1
97 21 595 1
48 61 765 1
61 48 765 1
51 89 661 1
89 51 661 1
53 54 818 1
54 53 818 1
69 102 1226 1
102 69 1226 1
72 76 257 1
76 72 257 1
104 115 184 1
115 104 184 1
3 68 689 1
68 3 689 1
48 91 808 1
91 48 808 1
82 87 849 1
87 82 849 1
6 89 1224 1
89 6 1224 1
55 114 395 1
114 55 395 1
64 79 1031 1
79 64 1031 1
69 92 1197 1
92 69 1197 1
14 84 681 1
84 14 681 1
17 21 542 1
21 17 542 1
24 45 1393 1
45 24 1393 1
36 87 808 1
87 36 808 1
37 83 399 1
83 37 399 1
37 112 610 1
112 37 610 1
47 102 619 1
102 47 619 1
2 68 671 1
68 2 671 1
11 83 383 1
83 11 383 1
41 80 868 1
80 41 868 1
11 95 744 1
95 11 744 1
23 110 1096 1
110 23 1096 1
52 102 475 1
102 52 475 1
63 65 312 1
65 63 312 1
68 93 1248 1
93 68 1248 1
1 18 493 1
18 1 493 1
37 47 493 1
47 37 493 1
73 113 827 1
113 73 827 1
88 104 496 1
104 88 496 1
5 88 1026 1
88 5 1026 1
11 62 1169 1
62 11 1169 1
18 53 1191 1
53 18 1191 1
29 84 1027 1
84 29 1027 1
45 64 610 1
64 45 610 1
91 115 428 1
115 91 428 1
94 99 399 1
99 94 399 1
96 115 214 1
115 96 214 1
3 102 1340 1
102 3 1340 1
10 21 662 1
21 10 662 1
29 95 532 1
95 29 532 1
74 113 753 1
113 74 753 1
15 83 194 1
83 15 194 1
37 75 239 1
75 37 239 1
47 96 412 1
96 47 412 1
69 105 1158 1
105 69 1158 1
94 106 271 1
106 94 271 1
18 51 1036 1
51 18 1036 1
46 99 446 1
99 46 446 1
54 98 204 1
98 54 204 1
87 114 818 1
114 87 818 1
6 48 1184 1
48 6 1184 1
11 64 1218 1
64 11 1218 1
12 25 617 1
25 12 617 1
12 113 1157 1
113 12 1157 1
15 70 606 1
70 15 606 1
34 66 268 1
66 34 268 1
39 41 161 1
41 39 161 1
43 98 522 1
98 43 522 1
50 85 1013 1
85 50 1013 1
61 62 1047 1
62 61 1047 1
35 36 502 1
36 35 502 1
89 101 462 1
101 89 462 1
99 101 266 1
101 99 266 1
103 111 432 1
111 103 432 1
80 82 469 1
82 80 469 1
97 111 292 1
111 97 292 1
19 90 1212 1
90 19 1212 1
42 111 258 1
111 42 258 1
68 89 1110 1
89 68 1110 1
16 44 837 1
44 16 837 1
16 113 881 1
113 16 881 1
35 58 514 1
58 35 514 1
45 78 840 1
78 45 840 1
52 90 240 1
90 52 240 1
63 64 1058 1
64 63 1058 1
87 99 759 1
99 87 759 1
0 53 1230 1
53 0 1230 1
10 79 992 1
79 10 992 1
47 76 575 1
76 47 575 1
55 103 351 1
103 55 351 1
101 115 407 1
115 101 407 1
11 84 1188 1
84 11 1188 1
55 97 173 1
97 55 173 1
81 82 1081 1
82 81 1081 1
6 104 1174 1
104 6 1174 1
34 60 439 1
60 34 439 1
42 97 497 1
97 42 497 1
44 47 404 1
47 44 404 1
57 83 805 1
83 57 805 1
76 81 691 1
81 76 691 1
76 112 647 1
112 76 647 1
20 97 635 1
97 20 635 1
25 95 871 1
95 25 871 1
27 65 1171 1
65 27 1171 1
41 57 760 1
57 41 760 1
49 112 609 1
112 49 609 1
57 63 249 1
63 57 249 1
44 76 656 1
76 44 656 1
2 107 1169 1
107 2 1169 1
30 56 778 1
56 30 778 1
49 53 406 1
53 49 406 1
86 95 706 1
95 86 706 1
0 60 405 1
60 0 405 1
1 61 385 1
61 1 385 1
10 61 1158 1
61 10 1158 1
37 69 822 1
69 37 822 1
41 62 1018 1
62 41 1018 1
51 104 868 1
104 51 868 1
68 102 1226 1
102 68 1226 1
68 105 1200 1
105 68 1200 1
94 111 316 1
111 94 316 1
3 52 1342 1
52 3 1342 1
5 59 1317 1
59 5 1317 1
10 75 732 1
75 10 732 1
16 41 813 1
41 16 813 1
51 65 287 1
65 51 287 1
57 79 431 1
79 57 431 1
77 102 773 1
102 77 773 1
83 84 1154 1
84 83 1154 1
111 112 111 1
112 111 111 1
3 58 1025 1
58 3 1025 1
35 59 475 1
59 35 475 1
35 68 531 1
68 35 531 1
1 19 351 1
19 1 351 1
4 24 144 1
24 4 144 1
4 103 1174 1
103 4 1174 1
5 103 1104 1
103 5 1104 1
32 78 484 1
78 32 484 1
70 86 500 1
86 70 500 1
91 100 719 1
100 91 719 1
1 99 923 1
99 1 923 1
12 33 709 1
33 12 709 1
16 23 833 1
23 16 833 1
86 88 460 1
88 86 460 1
35 93 718 1
93 35 718 1
45 79 723 1
79 45 723 1
5 89 870 1
89 5 870 1
41 71 317 1
71 41 317 1
19 107 1100 1
107 19 1100 1
20 31 387 1
31 20 387 1
25 40 618 1
40 25 618 1
42 75 840 1
75 42 840 1
47 90 580 1
90 47 580 1
73 77 274 1
77 73 274 1
100 109 518 1
109 100 518 1
23 24 403 1
24 23 403 1
31 84 971 1
84 31 971 1
38 106 276 1
106 38 276 1
43 111 293 1
111 43 293 1
47 100 643 1
100 47 643 1
57 68 520 1
68 57 520 1
67 109 581 1
109 67 581 1
69 100 1235 1
100 69 1235 1
28 41 661 1
41 28 661 1
30 86 614 1
86 30 614 1
30 96 854 1
96 30 854 1
35 110 305 1
110 35 305 1
37 79 267 1
79 37 267 1
60 67 538 1
67 60 538 1
77 95 322 1
95 77 322 1
19 110 862 1
110 19 862 1
40 63 1007 1
63 40 1007 1
46 97 424 1
97 46 424 1
51 85 514 1
85 51 514 1
68 77 657 1
77 68 657 1
0 61 943 1
61 0 943 1
14 40 342 1
40 14 342 1
34 87 945 1
87 34 945 1
5 91 1178 1
91 5 1178 1
20 38 349 1
38 20 349 1
34 62 521 1
62 34 521 1
45 82 1188 1
82 45 1188 1
69 103 1214 1
103 69 1214 1
87 96 843 1
96 87 843 1
8 21 536 1
21 8 536 1
11 61 675 1
61 11 675 1
17 26 792 1
26 17 792 1
42 112 333 1
112 42 333 1
1 11 394 1
11 1 394 1
32 40 629 1
40 32 629 1
39 105 458 1
105 39 458 1
54 99 587 1
99 54 587 1
67 100 988 1
100 67 988 1
70 108 590 1
108 70 590 1
75 95 407 1
95 75 407 1
80 83 1100 1
83 80 1100 1
6 90 1185 1
90 6 1185 1
18 56 478 1
56 18 478 1
45 81 759 1
81 45 759 1
48 103 924 1
103 48 924 1
19 76 599 1
76 19 599 1
31 32 596 1
32 31 596 1
51 55 568 1
55 51 568 1
54 91 742 1
91 54 742 1
20 40 225 1
40 20 225 1
26 65 1232 1
65 26 1232 1
32 82 768 1
82 32 768 1
42 98 381 1
98 42 381 1
52 104 543 1
104 52 543 1
69 86 1203 1
86 69 1203 1
2 54 984 1
54 2 984 1
19 47 942 1
47 19 942 1
34 64 445 1
64 34 445 1
35 60 562 1
60 35 562 1
62 82 720 1
82 62 720 1
90 98 163 1
98 90 163 1
103 115 322 1
115 103 322 1
1 63 334 1
63 1 334 1
4 12 434 1
12 4 434 1
11 65 770 1
65 11 770 1
12 22 481 1
22 12 481 1
18 83 953 1
83 18 953 1
22 65 1204 1
65 22 1204 1
40 84 485 1
84 40 485 1
40 76 327 1
76 40 327 1
41 46 810 1
46 41 810 1
54 94 226 1
94 54 226 1
60 102 963 1
102 60 963 1
86 110 816 1
110 86 816 1
106 109 391 1
109 106 391 1
3 27 634 1
27 3 634 1
18 49 957 1
49 18 957 1
43 57 691 1
57 43 691 1
77 93 729 1
93 77 729 1
96 109 176 1
109 96 176 1
9 70 641 1
70 9 641 1
18 84 897 1
84 18 897 1
23 30 259 1
30 23 259 1
54 90 282 1
90 54 282 1
5 20 424 1
20 5 424 1
8 44 1378 1
44 8 1378 1
11 97 774 1
97 11 774 1
16 83 1029 1
83 16 1029 1
25 86 638 1
86 25 638 1
33 40 654 1
40 33 654 1
49 65 308 1
65 49 308 1
70 80 524 1
80 70 524 1
5 66 1239 1
66 5 1239 1
10 45 1113 1
45 10 1113 1
12 73 783 1
73 12 783 1
18 32 279 1
32 18 279 1
29 70 512 1
70 29 512 1
67 68 440 1
68 67 440 1
99 110 299 1
110 99 299 1
17 57 439 1
57 17 439 1
55 66 814 1
66 55 814 1
101 111 463 1
111 101 463 1
10 17 1029 1
17 10 1029 1
13 82 976 1
82 13 976 1
20 83 565 1
83 20 565 1
20 106 592 1
106 20 592 1
23 65 1169 1
65 23 1169 1
23 82 788 1
82 23 788 1
36 72 276 1
72 36 276 1
45 76 694 1
76 45 694 1
48 92 683 1
92 48 683 1
84 88 224 1
88 84 224 1
97 106 471 1
106 97 471 1
90 111 396 1
111 90 396 1
95 106 414 1
106 95 414 1
5 7 538 1
7 5 538 1
35 90 713 1
90 35 713 1
42 99 482 1
99 42 482 1
57 84 1116 1
84 57 1116 1
68 88 1023 1
88 68 1023 1
14 45 1272 1
45 14 1272 1
27 57 990 1
57 27 990 1
12 63 1218 1
63 12 1218 1
16 43 905 1
43 16 905 1
25 113 1193 1
113 25 1193 1
45 46 448 1
46 45 448 1
88 107 781 1
107 88 781 1
1 98 1107 1
98 1 1107 1
17 76 648 1
76 17 648 1
17 85 352 1
85 17 352 1
19 109 838 1
109 19 838 1
24 73 599 1
73 24 599 1
25 94 912 1
94 25 912 1
37 68 886 1
68 37 886 1
45 65 388 1
65 45 388 1
56 83 1181 1
83 56 1181 1
33 72 507 1
72 33 507 1
38 74 265 1
74 38 265 1
52 91 777 1
91 52 777 1
94 105 354 1
105 94 354 1
18 112 1158 1
112 18 1158 1
24 79 893 1
79 24 893 1
30 33 526 1
33 30 526 1
37 57 643 1
57 37 643 1
71 87 510 1
87 71 510 1
111 114 232 1
114 111 232 1
0 2 460 1
2 0 460 1
8 82 379 1
82 8 379 1
9 78 1057 1
78 9 1057 1
33 35 375 1
35 33 375 1
38 95 382 1
95 38 382 1
44 80 785 1
80 44 785 1
56 78 391 1
78 56 391 1
102 106 217 1
106 102 217 1
5 68 1146 1
68 5 1146 1
17 83 381 1
83 17 381 1
73 87 395 1
87 73 395 1
0 65 1009 1
65 0 1009 1
8 100 1159 1
100 8 1159 1
8 113 1216 1
113 8 1216 1
33 113 927 1
113 33 927 1
52 103 773 1
103 52 773 1
4 20 334 1
20 4 334 1
14 20 320 1
20 14 320 1
58 68 392 1
68 58 392 1
89 99 398 1
99 89 398 1
6 107 1177 1
107 6 1177 1
11 13 168 1
13 11 168 1
24 62 1081 1
62 24 1081 1
32 34 327 1
34 32 327 1
43 110 298 1
110 43 298 1
0 99 1111 1
99 0 1111 1
4 58 1292 1
58 4 1292 1
29 32 631 1
32 29 631 1
37 74 520 1
74 37 520 1
39 99 432 1
99 39 432 1
