116 2668
66 67 177 1
67 66 177 1
72 74 76 1
74 72 76 1
34 35 126 1
35 34 126 1
16 81 1063 1
81 16 1063 1
28 72 116 1
72 28 116 1
5 27 165 1
27 5 165 1
90 92 135 1
92 90 135 1
102 103 508 1
103 102 508 1
68 69 164 1
69 68 164 1
6 60 799 1
60 6 799 1
74 76 203 1
76 74 203 1
76 77 238 1
77 76 238 1
36 40 213 1
40 36 213 1
54 55 651 1
55 54 651 1
5 25 129 1
25 5 129 1
16 17 998 1
17 16 998 1
17 63 324 1
63 17 324 1
75 77 210 1
77 75 210 1
78 81 1002 1
81 78 1002 1
59 61 271 1
61 59 271 1
25 27 193 1
27 25 193 1
79 81 136 1
81 79 136 1
76 78 312 1
78 76 312 1
96 97 322 1
97 96 322 1
72 76 257 1
76 72 257 1
0 57 825 1
57 0 825 1
16 79 934 1
79 16 934 1
44 45 194 1
45 44 194 1
7 9 490 1
9 7 490 1
57 63 249 1
63 57 249 1
16 78 122 1
78 16 122 1
17 29 223 1
29 17 223 1
73 75 84 1
75 73 84 1
10 56 466 1
56 10 466 1
70 75 355 1
75 70 355 1
36 37 542 1
37 36 542 1
56 57 840 1
57 56 840 1
28 76 345 1
76 28 345 1
18 19 147 1
19 18 147 1
38 40 158 1
40 38 158 1
28 29 741 1
29 28 741 1
74 81 792 1
81 74 792 1
38 95 382 1
95 38 382 1
17 81 182 1
81 17 182 1
70 73 402 1
73 70 402 1
21 27 209 1
27 21 209 1
78 80 116 1
80 78 116 1
35 66 331 1
66 35 331 1
16 74 335 1
74 16 335 1
34 66 268 1
66 34 268 1
101 103 106 1
103 101 106 1
91 93 118 1
93 91 118 1
73 74 458 1
74 73 458 1
28 78 272 1
78 28 272 1
72 73 517 1
73 72 517 1
17 79 135 1
79 17 135 1
28 74 188 1
74 28 188 1
74 79 666 1
79 74 666 1
64 66 392 1
66 64 392 1
58 59 496 1
59 58 496 1
60 61 893 1
61 60 893 1
35 67 262 1
67 35 262 1
73 77 274 1
77 73 274 1
74 77 362 1
77 74 362 1
7 65 934 1
65 7 934 1
37 38 515 1
38 37 515 1
72 81 860 1
81 72 860 1
28 81 975 1
81 28 975 1
8 15 741 1
15 8 741 1
14 83 858 1
83 14 858 1
28 63 1049 1
63 28 1049 1
46 110 220 1
110 46 220 1
13 15 277 1
15 13 277 1
94 95 213 1
95 94 213 1
43 47 146 1
47 43 146 1
25 34 1006 1
34 25 1006 1
17 28 894 1
28 17 894 1
17 72 781 1
72 17 781 1
42 43 239 1
43 42 239 1
6 8 485 1
8 6 485 1
104 105 204 1
105 104 204 1
20 41 386 1
41 20 386 1
46 47 309 1
47 46 309 1
21 25 360 1
25 21 360 1
38 39 465 1
39 38 465 1
56 63 1014 1
63 56 1014 1
96 110 214 1
110 96 214 1
74 78 322 1
78 74 322 1
0 16 380 1
16 0 380 1
63 78 1033 1
78 63 1033 1
3 23 271 1
23 3 271 1
38 54 263 1
54 38 263 1
90 91 735 1
91 90 735 1
39 40 508 1
40 39 508 1
64 67 549 1
67 64 549 1
0 56 174 1
56 0 174 1
6 93 1425 1
93 6 1425 1
10 63 1159 1
63 10 1159 1
47 110 210 1
110 47 210 1
78 79 878 1
79 78 878 1
36 39 517 1
39 36 517 1
94 96 89 1
96 94 89 1
4 6 536 1
6 4 536 1
77 78 550 1
78 77 550 1
37 39 117 1
39 37 117 1
44 48 114 1
48 44 114 1
49 51 172 1
51 49 172 1
72 77 430 1
77 72 430 1
70 71 263 1
71 70 263 1
36 38 122 1
38 36 122 1
71 75 163 1
75 71 163 1
72 79 733 1
79 72 733 1
73 76 450 1
76 73 450 1
76 81 691 1
81 76 691 1
4 8 148 1
8 4 148 1
72 78 300 1
78 72 300 1
45 48 304 1
48 45 304 1
0 74 551 1
74 0 551 1
6 7 710 1
7 6 710 1
9 92 1428 1
92 9 1428 1
22 24 386 1
24 22 386 1
77 81 453 1
81 77 453 1
94 97 266 1
97 94 266 1
22 64 1169 1
64 22 1169 1
17 74 721 1
74 17 721 1
63 72 944 1
72 63 944 1
38 55 598 1
55 38 598 1
54 88 224 1
88 54 224 1
29 78 851 1
78 29 851 1
80 82 469 1
82 80 469 1
39 95 233 1
95 39 233 1
24 25 135 1
25 24 135 1
63 81 293 1
81 63 293 1
96 113 315 1
113 96 315 1
34 64 445 1
64 34 445 1
2 6 165 1
6 2 165 1
29 72 629 1
72 29 629 1
84 86 610 1
86 84 610 1
16 63 1092 1
63 16 1092 1
35 65 453 1
65 35 453 1
49 50 585 1
50 49 585 1
16 72 287 1
72 16 287 1
80 81 1113 1
81 80 1113 1
97 99 180 1
99 97 180 1
99 111 265 1
111 99 265 1
29 63 531 1
63 29 531 1
37 40 562 1
40 37 562 1
22 34 922 1
34 22 922 1
37 95 241 1
95 37 241 1
14 82 179 1
82 14 179 1
17 78 955 1
78 17 955 1
30 31 127 1
31 30 127 1
70 72 158 1
72 70 158 1
24 66 1233 1
66 24 1233 1
10 17 1029 1
17 10 1029 1
10 57 1032 1
57 10 1032 1
34 67 275 1
67 34 275 1
18 68 315 1
68 18 315 1
4 24 144 1
24 4 144 1
8 60 1121 1
60 8 1121 1
76 79 567 1
79 76 567 1
9 65 1235 1
65 9 1235 1
74 80 415 1
80 74 415 1
87 89 476 1
89 87 476 1
22 25 402 1
25 22 402 1
101 102 595 1
102 101 595 1
0 63 1010 1
63 0 1010 1
27 34 903 1
34 27 903 1
62 63 1134 1
63 62 1134 1
0 81 1076 1
81 0 1076 1
28 82 255 1
82 28 255 1
7 60 1133 1
60 7 1133 1
77 79 329 1
79 77 329 1
76 80 424 1
80 76 424 1
17 57 439 1
57 17 439 1
99 101 266 1
101 99 266 1
7 92 1445 1
92 7 1445 1
92 93 608 1
93 92 608 1
24 34 1021 1
34 24 1021 1
95 96 288 1
96 95 288 1
104 106 195 1
106 104 195 1
19 83 893 1
83 19 893 1
55 95 221 1
95 55 221 1
75 76 374 1
76 75 374 1
28 80 329 1
80 28 329 1
29 73 113 1
73 29 113 1
29 79 257 1
79 29 257 1
70 74 155 1
74 70 155 1
2 58 959 1
58 2 959 1
57 78 938 1
78 57 938 1
73 78 740 1
78 73 740 1
9 90 1391 1
90 9 1391 1
25 64 1312 1
64 25 1312 1
4 93 1288 1
93 4 1288 1
0 78 431 1
78 0 431 1
24 91 1303 1
91 24 1303 1
32 64 603 1
64 32 603 1
16 29 882 1
29 16 882 1
1 57 172 1
57 1 172 1
16 77 611 1
77 16 611 1
23 86 866 1
86 23 866 1
70 76 285 1
76 70 285 1
9 24 385 1
24 9 385 1
22 27 524 1
27 22 524 1
23 84 1113 1
84 23 1113 1
100 102 87 1
102 100 87 1
15 61 998 1
61 15 998 1
39 96 494 1
96 39 494 1
16 76 379 1
76 16 379 1
54 96 167 1
96 54 167 1
29 77 357 1
77 29 357 1
98 100 250 1
100 98 250 1
21 89 648 1
89 21 648 1
35 64 566 1
64 35 566 1
28 79 847 1
79 28 847 1
37 47 493 1
47 37 493 1
88 89 1035 1
89 88 1035 1
97 111 292 1
111 97 292 1
55 96 492 1
96 55 492 1
72 75 453 1
75 72 453 1
10 28 213 1
28 10 213 1
56 101 1297 1
101 56 1297 1
0 76 525 1
76 0 525 1
64 65 897 1
65 64 897 1
31 33 517 1
33 31 517 1
6 66 934 1
66 6 934 1
16 57 981 1
57 16 981 1
65 67 361 1
67 65 361 1
1 63 334 1
63 1 334 1
73 81 406 1
81 73 406 1
54 95 438 1
95 54 438 1
70 77 376 1
77 70 376 1
0 10 381 1
10 0 381 1
5 64 1350 1
64 5 1350 1
16 73 769 1
73 16 769 1
29 81 342 1
81 29 342 1
0 72 516 1
72 0 516 1
9 15 219 1
15 9 219 1
32 69 338 1
69 32 338 1
7 90 1390 1
90 7 1390 1
19 63 644 1
63 19 644 1
73 79 296 1
79 73 296 1
74 75 389 1
75 74 389 1
104 113 229 1
113 104 229 1
111 113 191 1
113 111 191 1
1 17 391 1
17 1 391 1
100 103 576 1
103 100 576 1
29 74 571 1
74 29 571 1
63 74 885 1
74 63 885 1
4 60 1138 1
60 4 1138 1
28 77 540 1
77 28 540 1
20 38 349 1
38 20 349 1
17 77 417 1
77 17 417 1
49 59 382 1
59 49 382 1
1 81 501 1
81 1 501 1
5 22 506 1
22 5 506 1
28 73 629 1
73 28 629 1
17 76 648 1
76 17 648 1
18 62 706 1
62 18 706 1
65 92 1075 1
92 65 1075 1
10 78 335 1
78 10 335 1
15 60 1288 1
60 15 1288 1
15 92 1292 1
92 15 1292 1
97 107 263 1
107 97 263 1
96 111 286 1
111 96 286 1
72 80 384 1
80 72 384 1
5 34 1016 1
34 5 1016 1
19 72 678 1
72 19 678 1
49 58 594 1
58 49 594 1
96 104 297 1
104 96 297 1
110 111 172 1
111 110 172 1
16 28 220 1
28 16 220 1
51 89 661 1
89 51 661 1
0 53 1230 1
53 0 1230 1
28 83 861 1
83 28 861 1
0 28 492 1
28 0 492 1
22 91 1377 1
91 22 1377 1
49 89 783 1
89 49 783 1
13 61 843 1
61 13 843 1
11 12 972 1
12 11 972 1
75 78 667 1
78 75 667 1
7 67 937 1
67 7 937 1
10 76 495 1
76 10 495 1
37 96 506 1
96 37 506 1
98 111 265 1
111 98 265 1
4 92 1237 1
92 4 1237 1
27 64 1222 1
64 27 1222 1
27 89 807 1
89 27 807 1
56 59 788 1
59 56 788 1
19 28 732 1
28 19 732 1
20 26 232 1
26 20 232 1
63 73 569 1
73 63 569 1
45 47 345 1
47 45 345 1
97 110 221 1
110 97 221 1
11 65 770 1
65 11 770 1
4 9 500 1
9 4 500 1
18 69 392 1
69 18 392 1
50 51 698 1
51 50 698 1
77 80 662 1
80 77 662 1
91 106 697 1
106 91 697 1
60 93 1168 1
93 60 1168 1
14 18 837 1
18 14 837 1
38 41 513 1
41 38 513 1
64 89 1175 1
89 64 1175 1
107 114 333 1
114 107 333 1
29 76 555 1
76 29 555 1
37 41 217 1
41 37 217 1
99 103 258 1
103 99 258 1
2 60 843 1
60 2 843 1
14 28 286 1
28 14 286 1
18 70 528 1
70 18 528 1
29 75 189 1
75 29 189 1
53 56 1149 1
56 53 1149 1
94 113 328 1
113 94 328 1
24 35 1010 1
35 24 1010 1
32 33 149 1
33 32 149 1
34 65 549 1
65 34 549 1
99 102 560 1
102 99 560 1
10 74 381 1
74 10 381 1
37 54 645 1
54 37 645 1
56 58 427 1
58 56 427 1
10 16 218 1
16 10 218 1
17 73 298 1
73 17 298 1
54 89 853 1
89 54 853 1
98 112 277 1
112 98 277 1
14 19 916 1
19 14 916 1
1 10 979 1
10 1 979 1
22 35 922 1
35 22 922 1
110 113 304 1
113 110 304 1
10 72 309 1
72 10 309 1
2 51 1294 1
51 2 1294 1
42 44 208 1
44 42 208 1
39 94 407 1
94 39 407 1
63 76 747 1
76 63 747 1
65 90 1061 1
90 65 1061 1
0 17 982 1
17 0 982 1
21 34 706 1
34 21 706 1
43 45 199 1
45 43 199 1
21 87 397 1
87 21 397 1
25 35 978 1
35 25 978 1
5 21 332 1
21 5 332 1
40 41 506 1
41 40 506 1
65 66 537 1
66 65 537 1
57 81 488 1
81 57 488 1
104 110 417 1
110 104 417 1
4 91 1276 1
91 4 1276 1
39 54 618 1
54 39 618 1
14 62 796 1
62 14 796 1
72 83 754 1
83 72 754 1
75 81 434 1
81 75 434 1
1 78 939 1
78 1 939 1
19 82 964 1
82 19 964 1
28 75 567 1
75 28 567 1
4 7 733 1
7 4 733 1
24 64 1287 1
64 24 1287 1
40 95 491 1
95 40 491 1
84 85 1130 1
85 84 1130 1
7 66 1007 1
66 7 1007 1
44 47 404 1
47 44 404 1
99 107 302 1
107 99 302 1
10 80 357 1
80 10 357 1
10 81 1126 1
81 10 1126 1
23 31 199 1
31 23 199 1
24 93 1326 1
93 24 1326 1
73 80 850 1
80 73 850 1
0 80 485 1
80 0 485 1
0 101 1354 1
101 0 1354 1
8 13 868 1
13 8 868 1
22 66 1066 1
66 22 1066 1
2 4 569 1
4 2 569 1
19 75 628 1
75 19 628 1
31 71 265 1
71 31 265 1
33 35 375 1
35 33 375 1
35 44 409 1
44 35 409 1
47 48 490 1
48 47 490 1
58 60 266 1
60 58 266 1
102 106 217 1
106 102 217 1
19 62 792 1
62 19 792 1
4 66 1205 1
66 4 1205 1
58 93 1138 1
93 58 1138 1
6 64 941 1
64 6 941 1
9 60 1369 1
60 9 1369 1
91 92 669 1
92 91 669 1
24 67 1223 1
67 24 1223 1
25 91 1244 1
91 25 1244 1
36 96 257 1
96 36 257 1
10 29 893 1
29 10 893 1
19 70 573 1
70 19 573 1
47 96 412 1
96 47 412 1
63 79 303 1
79 63 303 1
98 102 260 1
102 98 260 1
16 80 152 1
80 16 152 1
7 61 813 1
61 7 813 1
29 83 227 1
83 29 227 1
50 58 486 1
58 50 486 1
97 113 312 1
113 97 312 1
5 89 870 1
89 5 870 1
6 13 864 1
13 6 864 1
7 13 237 1
13 7 237 1
28 62 527 1
62 28 527 1
42 47 281 1
47 42 281 1
41 73 204 1
73 41 204 1
71 73 163 1
73 71 163 1
95 112 395 1
112 95 395 1
2 66 917 1
66 2 917 1
32 68 304 1
68 32 304 1
1 28 918 1
28 1 918 1
18 82 891 1
82 18 891 1
20 25 402 1
25 20 402 1
99 113 264 1
113 99 264 1
5 24 252 1
24 5 252 1
5 90 1279 1
90 5 1279 1
55 97 173 1
97 55 173 1
22 65 1204 1
65 22 1204 1
39 97 289 1
97 39 289 1
94 110 220 1
110 94 220 1
36 95 408 1
95 36 408 1
8 93 1382 1
93 8 1382 1
32 66 416 1
66 32 416 1
43 44 290 1
44 43 290 1
111 112 111 1
112 111 111 1
71 77 297 1
77 71 297 1
75 79 318 1
79 75 318 1
0 1 800 1
1 0 800 1
59 60 718 1
60 59 718 1
76 82 520 1
82 76 520 1
28 57 964 1
57 28 964 1
29 80 961 1
80 29 961 1
43 48 391 1
48 43 391 1
66 93 972 1
93 66 972 1
2 93 1417 1
93 2 1417 1
6 67 991 1
67 6 991 1
11 29 239 1
29 11 239 1
62 82 720 1
82 62 720 1
63 82 1211 1
82 63 1211 1
0 70 525 1
70 0 525 1
19 68 313 1
68 19 313 1
23 25 373 1
25 23 373 1
58 107 1147 1
107 58 1147 1
1 76 689 1
76 1 689 1
8 22 480 1
22 8 480 1
7 24 631 1
24 7 631 1
32 67 439 1
67 32 439 1
58 103 1188 1
103 58 1188 1
90 93 690 1
93 90 690 1
17 100 1170 1
100 17 1170 1
6 58 957 1
58 6 957 1
10 62 483 1
62 10 483 1
67 104 923 1
104 67 923 1
18 101 1348 1
101 18 1348 1
28 56 545 1
56 28 545 1
96 112 337 1
112 96 337 1
1 80 1054 1
80 1 1054 1
6 24 555 1
24 6 555 1
31 75 419 1
75 31 419 1
56 62 252 1
62 56 252 1
60 64 187 1
64 60 187 1
4 22 457 1
22 4 457 1
5 65 1232 1
65 5 1232 1
11 83 383 1
83 11 383 1
14 101 1221 1
101 14 1221 1
28 70 247 1
70 28 247 1
38 96 284 1
96 38 284 1
60 65 898 1
65 60 898 1
100 101 656 1
101 100 656 1
4 15 597 1
15 4 597 1
6 22 333 1
22 6 333 1
40 55 690 1
55 40 690 1
108 110 194 1
110 108 194 1
57 101 1081 1
101 57 1081 1
86 88 460 1
88 86 460 1
33 34 394 1
34 33 394 1
42 80 740 1
80 42 740 1
72 82 298 1
82 72 298 1
81 82 1081 1
82 81 1081 1
13 60 1245 1
60 13 1245 1
34 44 373 1
44 34 373 1
80 85 1121 1
85 80 1121 1
82 83 881 1
83 82 881 1
14 23 650 1
23 14 650 1
25 66 1220 1
66 25 1220 1
62 72 566 1
72 62 566 1
63 77 536 1
77 63 536 1
86 89 1016 1
89 86 1016 1
35 108 425 1
108 35 425 1
62 83 1241 1
83 62 1241 1
113 115 188 1
115 113 188 1
7 15 461 1
15 7 461 1
39 55 254 1
55 39 254 1
53 63 685 1
63 53 685 1
38 88 311 1
88 38 311 1
86 87 805 1
87 86 805 1
57 74 830 1
74 57 830 1
48 83 1266 1
83 48 1266 1
90 98 163 1
98 90 163 1
4 26 161 1
26 4 161 1
6 65 1218 1
65 6 1218 1
9 61 1165 1
61 9 1165 1
37 46 651 1
46 37 651 1
40 72 200 1
72 40 200 1
51 64 852 1
64 51 852 1
78 82 455 1
82 78 455 1
14 86 272 1
86 14 272 1
22 23 140 1
23 22 140 1
24 90 1265 1
90 24 1265 1
37 98 666 1
98 37 666 1
63 80 1146 1
80 63 1146 1
1 29 521 1
29 1 521 1
5 35 974 1
35 5 974 1
10 82 401 1
82 10 401 1
36 54 228 1
54 36 228 1
11 15 385 1
15 11 385 1
64 93 1076 1
93 64 1076 1
66 91 902 1
91 66 902 1
68 73 821 1
73 68 821 1
94 111 316 1
111 94 316 1
59 106 1174 1
106 59 1174 1
102 113 317 1
113 102 317 1
21 64 1051 1
64 21 1051 1
52 53 746 1
53 52 746 1
96 114 265 1
114 96 265 1
0 73 829 1
73 0 829 1
1 74 790 1
74 1 790 1
6 91 1386 1
91 6 1386 1
18 72 618 1
72 18 618 1
32 34 327 1
34 32 327 1
43 79 634 1
79 43 634 1
98 99 479 1
99 98 479 1
103 106 532 1
106 103 532 1
1 16 963 1
16 1 963 1
4 65 1344 1
65 4 1344 1
7 35 816 1
35 7 816 1
18 76 581 1
76 18 581 1
27 35 871 1
35 27 871 1
66 104 942 1
104 66 942 1
66 110 549 1
110 66 549 1
81 111 760 1
111 81 760 1
24 65 1330 1
65 24 1330 1
27 88 863 1
88 27 863 1
55 88 845 1
88 55 845 1
98 103 555 1
103 98 555 1
18 99 1100 1
99 18 1100 1
28 53 1155 1
53 28 1155 1
21 71 214 1
71 21 214 1
44 67 332 1
67 44 332 1
44 110 439 1
110 44 439 1
0 19 488 1
19 0 488 1
19 57 426 1
57 19 426 1
19 73 625 1
73 19 625 1
96 107 486 1
107 96 486 1
14 80 575 1
80 14 575 1
27 52 1228 1
52 27 1228 1
75 80 775 1
80 75 775 1
82 86 143 1
86 82 143 1
95 97 97 1
97 95 97 1
70 81 769 1
81 70 769 1
16 75 702 1
75 16 702 1
25 89 956 1
89 25 956 1
35 110 305 1
110 35 305 1
53 57 825 1
57 53 825 1
57 72 874 1
72 57 874 1
1 77 531 1
77 1 531 1
4 90 1167 1
90 4 1167 1
44 46 353 1
46 44 353 1
66 106 937 1
106 66 937 1
24 92 1330 1
92 24 1330 1
57 76 691 1
76 57 691 1
97 114 263 1
114 97 263 1
0 79 944 1
79 0 944 1
3 5 603 1
5 3 603 1
6 15 884 1
15 6 884 1
18 56 478 1
56 18 478 1
36 110 412 1
110 36 412 1
40 99 752 1
99 40 752 1
90 106 378 1
106 90 378 1
3 89 961 1
89 3 961 1
5 23 453 1
23 5 453 1
10 53 1310 1
53 10 1310 1
18 28 651 1
28 18 651 1
44 66 318 1
66 44 318 1
47 111 188 1
111 47 188 1
56 103 1239 1
103 56 1239 1
67 110 507 1
110 67 507 1
83 85 549 1
85 83 549 1
96 109 176 1
109 96 176 1
0 82 741 1
82 0 741 1
17 53 802 1
53 17 802 1
19 74 670 1
74 19 670 1
59 88 1182 1
88 59 1182 1
77 82 682 1
82 77 682 1
6 9 834 1
9 6 834 1
59 89 931 1
89 59 931 1
5 92 1324 1
92 5 1324 1
49 103 837 1
103 49 837 1
105 106 359 1
106 105 359 1
12 84 664 1
84 12 664 1
36 55 626 1
55 36 626 1
74 82 336 1
82 74 336 1
1 62 1027 1
62 1 1027 1
46 96 270 1
96 46 270 1
68 75 797 1
75 68 797 1
94 108 97 1
108 94 97 1
37 55 221 1
55 37 221 1
2 24 548 1
24 2 548 1
16 53 1146 1
53 16 1146 1
25 39 702 1
39 25 702 1
21 35 666 1
35 21 666 1
38 86 366 1
86 38 366 1
67 108 667 1
108 67 667 1
74 83 697 1
83 74 697 1
86 101 1052 1
101 86 1052 1
17 19 648 1
19 17 648 1
24 30 283 1
30 24 283 1
47 95 361 1
95 47 361 1
94 112 366 1
112 94 366 1
0 99 1111 1
99 0 1111 1
8 91 1373 1
91 8 1373 1
43 46 341 1
46 43 341 1
8 9 638 1
9 8 638 1
39 88 762 1
88 39 762 1
79 80 991 1
80 79 991 1
21 52 1052 1
52 21 1052 1
29 53 887 1
53 29 887 1
49 61 452 1
61 49 452 1
22 93 1426 1
93 22 1426 1
10 79 992 1
79 10 992 1
19 77 567 1
77 19 567 1
45 67 282 1
67 45 282 1
46 109 326 1
109 46 326 1
63 75 591 1
75 63 591 1
38 94 246 1
94 38 246 1
42 81 865 1
81 42 865 1
0 103 1292 1
103 0 1292 1
21 22 558 1
22 21 558 1
21 23 542 1
23 21 542 1
57 80 1050 1
80 57 1050 1
57 102 1241 1
102 57 1241 1
25 32 836 1
32 25 836 1
32 107 906 1
107 32 906 1
36 47 622 1
47 36 622 1
49 88 1056 1
88 49 1056 1
16 111 812 1
111 16 812 1
22 67 1070 1
67 22 1070 1
31 73 397 1
73 31 397 1
46 105 514 1
105 46 514 1
7 93 1261 1
93 7 1261 1
18 75 668 1
75 18 668 1
80 84 162 1
84 80 162 1
88 91 958 1
91 88 958 1
2 64 992 1
64 2 992 1
5 105 1032 1
105 5 1032 1
9 11 523 1
11 9 523 1
34 46 395 1
46 34 395 1
56 78 391 1
78 56 391 1
33 71 374 1
71 33 374 1
4 67 1210 1
67 4 1210 1
15 65 1052 1
65 15 1052 1
42 76 612 1
76 42 612 1
63 83 697 1
83 63 697 1
1 72 829 1
72 1 829 1
23 27 506 1
27 23 506 1
27 87 439 1
87 27 439 1
8 92 1269 1
92 8 1269 1
58 106 1039 1
106 58 1039 1
62 70 663 1
70 62 663 1
88 107 781 1
107 88 781 1
94 115 181 1
115 94 181 1
17 56 1024 1
56 17 1024 1
25 88 998 1
88 25 998 1
27 84 956 1
84 27 956 1
1 19 351 1
19 1 351 1
60 66 370 1
66 60 370 1
19 40 851 1
40 19 851 1
48 81 996 1
81 48 996 1
53 74 995 1
74 53 995 1
70 78 427 1
78 70 427 1
16 100 798 1
100 16 798 1
32 35 357 1
35 32 357 1
42 72 843 1
72 42 843 1
42 79 812 1
79 42 812 1
55 104 526 1
104 55 526 1
58 61 717 1
61 58 717 1
14 84 681 1
84 14 681 1
20 27 271 1
27 20 271 1
96 105 387 1
105 96 387 1
1 11 394 1
11 1 394 1
40 86 262 1
86 40 262 1
77 109 318 1
109 77 318 1
105 110 411 1
110 105 411 1
5 20 424 1
20 5 424 1
6 61 1132 1
61 6 1132 1
19 69 323 1
69 19 323 1
35 46 430 1
46 35 430 1
42 48 243 1
48 42 243 1
42 74 795 1
74 42 795 1
55 107 232 1
107 55 232 1
19 101 1295 1
101 19 1295 1
29 57 596 1
57 29 596 1
40 54 405 1
54 40 405 1
42 46 173 1
46 42 173 1
2 18 379 1
18 2 379 1
53 81 650 1
81 53 650 1
95 110 248 1
110 95 248 1
96 99 428 1
99 96 428 1
25 90 1282 1
90 25 1282 1
58 91 1077 1
91 58 1077 1
61 92 1185 1
92 61 1185 1
9 35 1031 1
35 9 1031 1
34 91 729 1
91 34 729 1
3 83 681 1
83 3 681 1
7 8 828 1
8 7 828 1
54 104 337 1
104 54 337 1
56 99 1051 1
99 56 1051 1
94 109 127 1
109 94 127 1
51 67 436 1
67 51 436 1
57 99 846 1
99 57 846 1
62 76 527 1
76 62 527 1
68 70 709 1
70 68 709 1
93 106 650 1
106 93 650 1
112 115 269 1
115 112 269 1
31 70 334 1
70 31 334 1
44 65 564 1
65 44 564 1
64 88 675 1
88 64 675 1
68 76 626 1
76 68 626 1
67 106 941 1
106 67 941 1
80 86 567 1
86 80 567 1
17 62 1129 1
62 17 1129 1
39 114 488 1
114 39 488 1
43 72 870 1
72 43 870 1
66 89 963 1
89 66 963 1
88 93 930 1
93 88 930 1
1 73 531 1
73 1 531 1
17 83 381 1
83 17 381 1
19 81 772 1
81 19 772 1
40 82 231 1
82 40 231 1
41 95 382 1
95 41 382 1
43 74 810 1
74 43 810 1
87 88 1035 1
88 87 1035 1
7 64 1244 1
64 7 1244 1
40 97 584 1
97 40 584 1
53 83 977 1
83 53 977 1
5 9 157 1
9 5 157 1
16 70 409 1
70 16 409 1
63 70 849 1
70 63 849 1
1 82 1112 1
82 1 1112 1
10 101 1302 1
101 10 1302 1
12 14 278 1
14 12 278 1
29 62 1067 1
62 29 1067 1
39 89 325 1
89 39 325 1
47 79 596 1
79 47 596 1
92 100 157 1
100 92 157 1
93 107 357 1
107 93 357 1
47 105 464 1
105 47 464 1
66 88 875 1
88 66 875 1
2 67 952 1
67 2 952 1
4 106 861 1
106 4 861 1
21 31 344 1
31 21 344 1
35 92 768 1
92 35 768 1
57 73 601 1
73 57 601 1
59 93 1026 1
93 59 1026 1
82 85 1121 1
85 82 1121 1
34 88 672 1
88 34 672 1
56 61 920 1
61 56 920 1
66 90 828 1
90 66 828 1
104 112 332 1
112 104 332 1
5 37 688 1
37 5 688 1
6 12 248 1
12 6 248 1
29 41 234 1
41 29 234 1
55 89 213 1
89 55 213 1
73 85 516 1
85 73 516 1
41 85 509 1
85 41 509 1
53 78 1035 1
78 53 1035 1
58 99 956 1
99 58 956 1
64 91 1046 1
91 64 1046 1
68 77 657 1
77 68 657 1
102 104 159 1
104 102 159 1
9 13 376 1
13 9 376 1
43 81 665 1
81 43 665 1
47 109 317 1
109 47 317 1
84 89 1110 1
89 84 1110 1
3 62 1020 1
62 3 1020 1
5 91 1178 1
91 5 1178 1
20 40 225 1
40 20 225 1
24 32 845 1
32 24 845 1
46 52 244 1
52 46 244 1
14 72 328 1
72 14 328 1
19 76 599 1
76 19 599 1
40 96 436 1
96 40 436 1
59 107 1064 1
107 59 1064 1
21 32 632 1
32 21 632 1
30 73 455 1
73 30 455 1
31 77 552 1
77 31 552 1
54 94 226 1
94 54 226 1
55 94 428 1
94 55 428 1
102 115 318 1
115 102 318 1
17 75 351 1
75 17 351 1
30 70 259 1
70 30 259 1
42 45 300 1
45 42 300 1
50 56 674 1
56 50 674 1
57 98 1043 1
98 57 1043 1
81 109 623 1
109 81 623 1
94 114 259 1
114 94 259 1
20 37 510 1
37 20 510 1
24 60 1196 1
60 24 1196 1
57 103 1078 1
103 57 1078 1
84 88 224 1
88 84 224 1
108 115 135 1
115 108 135 1
6 92 1291 1
92 6 1291 1
19 29 673 1
29 19 673 1
25 105 1085 1
105 25 1085 1
38 107 545 1
107 38 545 1
40 74 182 1
74 40 182 1
1 56 851 1
56 1 851 1
17 98 995 1
98 17 995 1
18 32 279 1
32 18 279 1
72 99 831 1
99 72 831 1
15 26 469 1
26 15 469 1
22 89 1126 1
89 22 1126 1
41 75 187 1
75 41 187 1
43 110 298 1
110 43 298 1
79 111 717 1
111 79 717 1
5 84 1110 1
84 5 1110 1
34 90 664 1
90 34 664 1
49 91 630 1
91 49 630 1
75 82 661 1
82 75 661 1
79 109 545 1
109 79 545 1
4 61 1291 1
61 4 1291 1
29 70 512 1
70 29 512 1
47 54 568 1
54 47 568 1
56 80 431 1
80 56 431 1
58 88 918 1
88 58 918 1
8 61 1371 1
61 8 1371 1
66 108 706 1
108 66 706 1
2 30 317 1
30 2 317 1
12 13 959 1
13 12 959 1
13 29 290 1
29 13 290 1
15 59 1185 1
59 15 1185 1
30 33 526 1
33 30 526 1
48 63 912 1
63 48 912 1
54 87 939 1
87 54 939 1
15 90 1267 1
90 15 1267 1
25 67 1191 1
67 25 1191 1
27 86 519 1
86 27 519 1
62 85 1177 1
85 62 1177 1
9 66 1299 1
66 9 1299 1
36 97 483 1
97 36 483 1
18 73 675 1
73 18 675 1
18 83 953 1
83 18 953 1
23 83 710 1
83 23 710 1
49 106 982 1
106 49 982 1
64 84 478 1
84 64 478 1
70 79 638 1
79 70 638 1
89 93 471 1
93 89 471 1
98 113 276 1
113 98 276 1
4 64 1218 1
64 4 1218 1
5 38 756 1
38 5 756 1
5 66 1239 1
66 5 1239 1
7 34 875 1
34 7 875 1
22 90 1341 1
90 22 1341 1
37 94 426 1
94 37 426 1
71 114 814 1
114 71 814 1
74 99 759 1
99 74 759 1
85 87 616 1
87 85 616 1
89 91 402 1
91 89 402 1
47 81 624 1
81 47 624 1
53 72 1064 1
72 53 1064 1
10 77 693 1
77 10 693 1
16 82 421 1
82 16 421 1
22 32 649 1
32 22 649 1
109 110 135 1
110 109 135 1
9 93 1250 1
93 9 1250 1
14 85 1160 1
85 14 1160 1
17 80 1070 1
80 17 1070 1
30 75 454 1
75 30 454 1
70 80 524 1
80 70 524 1
96 106 277 1
106 96 277 1
32 114 865 1
114 32 865 1
33 67 474 1
67 33 474 1
98 101 623 1
101 98 623 1
40 98 586 1
98 40 586 1
55 102 675 1
102 55 675 1
88 104 496 1
104 88 496 1
89 90 968 1
90 89 968 1
90 105 516 1
105 90 516 1
112 113 116 1
113 112 116 1
10 73 783 1
73 10 783 1
26 92 1145 1
92 26 1145 1
34 105 727 1
105 34 727 1
46 104 454 1
104 46 454 1
88 96 385 1
96 88 385 1
16 98 666 1
98 16 666 1
18 86 1008 1
86 18 1008 1
46 95 451 1
95 46 451 1
77 83 539 1
83 77 539 1
24 27 252 1
27 24 252 1
28 42 898 1
42 28 898 1
40 94 393 1
94 40 393 1
66 105 960 1
105 66 960 1
3 90 1350 1
90 3 1350 1
11 85 574 1
85 11 574 1
23 89 1070 1
89 23 1070 1
47 55 367 1
55 47 367 1
76 99 626 1
99 76 626 1
45 65 388 1
65 45 388 1
46 108 360 1
108 46 360 1
47 98 442 1
98 47 442 1
70 82 411 1
82 70 411 1
0 18 364 1
18 0 364 1
1 83 729 1
83 1 729 1
11 13 168 1
13 11 168 1
18 63 774 1
63 18 774 1
25 46 1214 1
46 25 1214 1
39 107 280 1
107 39 280 1
42 78 692 1
78 42 692 1
62 101 1225 1
101 62 1225 1
67 105 903 1
105 67 903 1
68 72 754 1
72 68 754 1
11 28 875 1
28 11 875 1
39 41 161 1
41 39 161 1
45 110 453 1
110 45 453 1
57 77 533 1
77 57 533 1
67 89 830 1
89 67 830 1
11 74 727 1
74 11 727 1
11 80 1102 1
80 11 1102 1
21 24 413 1
24 21 413 1
29 56 983 1
56 29 983 1
35 90 713 1
90 35 713 1
37 114 513 1
114 37 513 1
54 102 313 1
102 54 313 1
92 98 220 1
98 92 220 1
2 103 1363 1
103 2 1363 1
3 9 596 1
9 3 596 1
5 54 1015 1
54 5 1015 1
11 76 704 1
76 11 704 1
16 47 880 1
47 16 880 1
27 46 1065 1
46 27 1065 1
42 77 643 1
77 42 643 1
57 59 382 1
59 57 382 1
58 101 1214 1
101 58 1214 1
8 24 258 1
24 8 258 1
36 46 482 1
46 36 482 1
48 98 566 1
98 48 566 1
55 99 216 1
99 55 216 1
56 72 566 1
72 56 566 1
19 48 943 1
48 19 943 1
28 48 960 1
48 28 960 1
37 105 506 1
105 37 506 1
59 114 1002 1
114 59 1002 1
107 113 400 1
113 107 400 1
7 51 1137 1
51 7 1137 1
8 64 1208 1
64 8 1208 1
9 91 1212 1
91 9 1212 1
27 54 856 1
54 27 856 1
47 104 532 1
104 47 532 1
63 101 920 1
101 63 920 1
105 113 210 1
113 105 210 1
0 29 925 1
29 0 925 1
6 35 860 1
35 6 860 1
25 31 272 1
31 25 272 1
68 114 1093 1
114 68 1093 1
80 83 1100 1
83 80 1100 1
106 113 395 1
113 106 395 1
7 22 454 1
22 7 454 1
10 12 181 1
12 10 181 1
28 40 248 1
40 28 248 1
57 82 1164 1
82 57 1164 1
5 39 639 1
39 5 639 1
18 107 1141 1
107 18 1141 1
40 101 898 1
101 40 898 1
51 84 1058 1
84 51 1058 1
54 86 568 1
86 54 568 1
0 77 681 1
77 0 681 1
3 27 634 1
27 3 634 1
16 41 813 1
41 16 813 1
17 82 1011 1
82 17 1011 1
19 56 574 1
56 19 574 1
21 39 356 1
39 21 356 1
53 80 1109 1
80 53 1109 1
54 97 484 1
97 54 484 1
60 67 538 1
67 60 538 1
75 83 351 1
83 75 351 1
94 104 298 1
104 94 298 1
1 79 428 1
79 1 428 1
34 89 759 1
89 34 759 1
47 112 265 1
112 47 265 1
81 83 446 1
83 81 446 1
88 106 334 1
106 88 334 1
0 75 786 1
75 0 786 1
31 83 561 1
83 31 561 1
40 63 1007 1
63 40 1007 1
45 66 369 1
66 45 369 1
51 66 580 1
66 51 580 1
56 76 519 1
76 56 519 1
58 89 1156 1
89 58 1156 1
6 69 829 1
69 6 829 1
9 89 869 1
89 9 869 1
32 60 487 1
60 32 487 1
54 105 491 1
105 54 491 1
76 83 717 1
83 76 717 1
2 107 1169 1
107 2 1169 1
9 34 1087 1
34 9 1087 1
10 99 1105 1
99 10 1105 1
20 85 844 1
85 20 844 1
37 112 610 1
112 37 610 1
56 107 1138 1
107 56 1138 1
60 92 903 1
92 60 903 1
78 109 527 1
109 78 527 1
1 12 1022 1
12 1 1022 1
10 50 948 1
50 10 948 1
16 43 905 1
43 16 905 1
29 82 824 1
82 29 824 1
40 85 900 1
85 40 900 1
41 70 482 1
70 41 482 1
51 58 753 1
58 51 753 1
62 74 590 1
74 62 590 1
2 101 1431 1
101 2 1431 1
6 32 555 1
32 6 555 1
9 67 1237 1
67 9 1237 1
21 108 562 1
108 21 562 1
28 99 923 1
99 28 923 1
30 71 303 1
71 30 303 1
37 110 431 1
110 37 431 1
54 107 612 1
107 54 612 1
18 58 669 1
58 18 669 1
24 106 959 1
106 24 959 1
49 87 1159 1
87 49 1159 1
90 108 470 1
108 90 470 1
92 112 325 1
112 92 325 1
1 13 546 1
13 1 546 1
35 105 686 1
105 35 686 1
46 48 368 1
48 46 368 1
84 87 1148 1
87 84 1148 1
94 99 399 1
99 94 399 1
4 58 1292 1
58 4 1292 1
8 58 1298 1
58 8 1298 1
17 48 1051 1
48 17 1051 1
26 38 554 1
38 26 554 1
38 112 604 1
112 38 604 1
55 103 351 1
103 55 351 1
56 82 787 1
82 56 787 1
89 92 938 1
92 89 938 1
95 108 123 1
108 95 123 1
16 48 829 1
48 16 829 1
21 84 830 1
84 21 830 1
43 80 868 1
80 43 868 1
55 105 373 1
105 55 373 1
96 115 214 1
115 96 214 1
109 113 333 1
113 109 333 1
11 77 511 1
77 11 511 1
19 78 749 1
78 19 749 1
36 111 534 1
111 36 534 1
41 78 770 1
78 41 770 1
91 103 258 1
103 91 258 1
97 109 174 1
109 97 174 1
104 108 301 1
108 104 301 1
43 63 639 1
63 43 639 1
73 82 720 1
82 73 720 1
1 53 949 1
53 1 949 1
14 40 342 1
40 14 342 1
20 88 611 1
88 20 611 1
21 88 754 1
88 21 754 1
57 79 431 1
79 57 431 1
67 90 867 1
90 67 867 1
95 115 205 1
115 95 205 1
10 18 609 1
18 10 609 1
49 93 719 1
93 49 719 1
85 86 1120 1
86 85 1120 1
8 66 1233 1
66 8 1233 1
19 53 1115 1
53 19 1115 1
24 33 797 1
33 24 797 1
25 93 1273 1
93 25 1273 1
42 85 771 1
85 42 771 1
46 94 338 1
94 46 338 1
62 80 268 1
80 62 268 1
91 98 616 1
98 91 616 1
95 104 381 1
104 95 381 1
100 106 280 1
106 100 280 1
20 39 459 1
39 20 459 1
33 108 673 1
108 33 673 1
39 108 341 1
108 39 341 1
46 113 335 1
113 46 335 1
57 100 1273 1
100 57 1273 1
60 107 1124 1
107 60 1124 1
65 108 767 1
108 65 767 1
52 89 1027 1
89 52 1027 1
96 98 184 1
98 96 184 1
111 115 269 1
115 111 269 1
17 70 666 1
70 17 666 1
30 85 964 1
85 30 964 1
56 74 591 1
74 56 591 1
4 13 743 1
13 4 743 1
28 101 1105 1
101 28 1105 1
32 108 663 1
108 32 663 1
58 66 198 1
66 58 198 1
67 93 875 1
93 67 875 1
11 84 1188 1
84 11 1188 1
23 85 1053 1
85 23 1053 1
29 48 1093 1
48 29 1093 1
33 115 808 1
115 33 808 1
34 93 788 1
93 34 788 1
40 83 731 1
83 40 731 1
46 54 354 1
54 46 354 1
46 66 543 1
66 46 543 1
73 83 298 1
83 73 298 1
21 86 520 1
86 21 520 1
27 90 1121 1
90 27 1121 1
37 109 343 1
109 37 343 1
91 113 366 1
113 91 366 1
11 92 1324 1
92 11 1324 1
17 43 764 1
43 17 764 1
26 103 1030 1
103 26 1030 1
30 83 641 1
83 30 641 1
35 45 385 1
45 35 385 1
48 53 654 1
53 48 654 1
54 113 426 1
113 54 426 1
64 114 838 1
114 64 838 1
2 50 1192 1
50 2 1192 1
5 41 483 1
41 5 483 1
7 11 254 1
11 7 254 1
39 86 698 1
86 39 698 1
39 110 466 1
110 39 466 1
39 113 565 1
113 39 565 1
54 110 373 1
110 54 373 1
15 29 295 1
29 15 295 1
18 74 626 1
74 18 626 1
20 91 956 1
91 20 956 1
25 38 749 1
38 25 749 1
27 38 594 1
38 27 594 1
33 66 503 1
66 33 503 1
35 88 741 1
88 35 741 1
37 43 584 1
43 37 584 1
50 62 545 1
62 50 545 1
103 104 369 1
104 103 369 1
104 111 377 1
111 104 377 1
0 102 1108 1
102 0 1108 1
6 107 1177 1
107 6 1177 1
15 52 1350 1
52 15 1350 1
26 93 1144 1
93 26 1144 1
41 98 784 1
98 41 784 1
49 104 900 1
104 49 900 1
97 104 399 1
104 97 399 1
2 7 566 1
7 2 566 1
22 60 1035 1
60 22 1035 1
22 92 1425 1
92 22 1425 1
36 94 246 1
94 36 246 1
68 79 805 1
79 68 805 1
110 112 272 1
112 110 272 1
5 26 263 1
26 5 263 1
21 114 752 1
114 21 752 1
27 91 1074 1
91 27 1074 1
36 114 494 1
114 36 494 1
62 73 961 1
73 62 961 1
92 106 400 1
106 92 400 1
2 49 1238 1
49 2 1238 1
5 52 1379 1
52 5 1379 1
25 84 1066 1
84 25 1066 1
41 79 379 1
79 41 379 1
65 89 679 1
89 65 679 1
9 22 564 1
22 9 564 1
10 58 862 1
58 10 862 1
12 80 516 1
80 12 516 1
23 71 443 1
71 23 443 1
25 86 638 1
86 25 638 1
27 32 793 1
32 27 793 1
27 39 536 1
39 27 536 1
38 115 384 1
115 38 384 1
62 84 326 1
84 62 326 1
64 108 748 1
108 64 748 1
78 111 693 1
111 78 693 1
5 88 1026 1
88 5 1026 1
7 91 1186 1
91 7 1186 1
16 19 740 1
19 16 740 1
27 108 748 1
108 27 748 1
49 90 859 1
90 49 859 1
3 84 1110 1
84 3 1110 1
4 35 987 1
35 4 987 1
25 108 916 1
108 25 916 1
25 110 1042 1
110 25 1042 1
28 43 949 1
43 28 949 1
36 41 570 1
41 36 570 1
60 69 564 1
69 60 564 1
28 109 610 1
109 28 610 1
63 100 1236 1
100 63 1236 1
108 113 292 1
113 108 292 1
5 108 888 1
108 5 888 1
13 59 1042 1
59 13 1042 1
67 88 939 1
88 67 939 1
81 98 940 1
98 81 940 1
3 52 1342 1
52 3 1342 1
34 52 574 1
52 34 574 1
34 110 327 1
110 34 327 1
47 94 415 1
94 47 415 1
56 102 1030 1
102 56 1030 1
80 101 1111 1
101 80 1111 1
3 21 582 1
21 3 582 1
29 85 473 1
85 29 473 1
36 99 637 1
99 36 637 1
41 80 868 1
80 41 868 1
44 64 436 1
64 44 436 1
95 98 433 1
98 95 433 1
0 100 1107 1
100 0 1107 1
34 92 737 1
92 34 737 1
51 103 737 1
103 51 737 1
95 111 347 1
111 95 347 1
13 17 364 1
17 13 364 1
59 69 338 1
69 59 338 1
62 75 893 1
75 62 893 1
69 106 1139 1
106 69 1139 1
106 110 467 1
110 106 467 1
26 41 487 1
41 26 487 1
32 97 697 1
97 32 697 1
40 111 707 1
111 40 707 1
58 69 426 1
69 58 426 1
23 39 847 1
39 23 847 1
34 108 452 1
108 34 452 1
46 67 554 1
67 46 554 1
20 95 541 1
95 20 541 1
22 51 1360 1
51 22 1360 1
38 78 371 1
78 38 371 1
38 82 362 1
82 38 362 1
42 109 434 1
109 42 434 1
43 53 293 1
53 43 293 1
54 108 319 1
108 54 319 1
2 8 554 1
8 2 554 1
13 92 1402 1
92 13 1402 1
36 98 402 1
98 36 402 1
41 74 484 1
74 41 484 1
45 87 1158 1
87 45 1158 1
68 107 1166 1
107 68 1166 1
96 108 167 1
108 96 167 1
3 65 942 1
65 3 942 1
25 65 1263 1
65 25 1263 1
27 65 1171 1
65 27 1171 1
27 66 1140 1
66 27 1140 1
29 31 454 1
31 29 454 1
38 97 469 1
97 38 469 1
51 85 514 1
85 51 514 1
5 46 1206 1
46 5 1206 1
11 14 937 1
14 11 937 1
13 69 925 1
69 13 925 1
33 69 363 1
69 33 363 1
39 115 411 1
115 39 411 1
59 103 1115 1
103 59 1115 1
61 65 175 1
65 61 175 1
0 43 962 1
43 0 962 1
32 115 797 1
115 32 797 1
50 103 905 1
103 50 905 1
61 69 456 1
69 61 456 1
62 68 629 1
68 62 629 1
68 99 1044 1
99 68 1044 1
88 105 671 1
105 88 671 1
37 57 643 1
57 37 643 1
82 101 1107 1
101 82 1107 1
103 113 295 1
113 103 295 1
3 11 395 1
11 3 395 1
37 78 740 1
78 37 740 1
46 90 324 1
90 46 324 1
50 59 774 1
59 50 774 1
78 99 844 1
99 78 844 1
3 19 382 1
19 3 382 1
11 53 1019 1
53 11 1019 1
14 76 580 1
76 14 580 1
20 21 185 1
21 20 185 1
23 40 770 1
40 23 770 1
38 98 432 1
98 38 432 1
41 72 550 1
72 41 550 1
71 109 576 1
109 71 576 1
91 104 542 1
104 91 542 1
99 100 610 1
100 99 610 1
25 41 554 1
41 25 554 1
54 103 653 1
103 54 653 1
56 70 605 1
70 56 605 1
99 112 272 1
112 99 272 1
1 85 630 1
85 1 630 1
7 106 1176 1
106 7 1176 1
19 99 1048 1
99 19 1048 1
19 102 1271 1
102 19 1271 1
37 100 814 1
100 37 814 1
41 77 345 1
77 41 345 1
49 84 982 1
84 49 982 1
59 91 926 1
91 59 926 1
68 74 749 1
74 68 749 1
93 112 343 1
112 93 343 1
8 52 1288 1
52 8 1288 1
11 72 773 1
72 11 773 1
15 69 1077 1
69 15 1077 1
27 37 597 1
37 27 597 1
29 109 610 1
109 29 610 1
33 68 378 1
68 33 378 1
36 88 289 1
88 36 289 1
8 59 1427 1
59 8 1427 1
8 65 1425 1
65 8 1425 1
12 89 1220 1
89 12 1220 1
38 80 426 1
80 38 426 1
43 77 556 1
77 43 556 1
46 111 189 1
111 46 189 1
64 107 1075 1
107 64 1075 1
88 95 625 1
95 88 625 1
13 68 978 1
68 13 978 1
14 63 1216 1
63 14 1216 1
40 57 982 1
57 40 982 1
51 88 1099 1
88 51 1099 1
52 90 240 1
90 52 240 1
64 105 985 1
105 64 985 1
91 107 371 1
107 91 371 1
96 102 343 1
102 96 343 1
3 22 347 1
22 3 347 1
5 86 673 1
86 5 673 1
10 19 724 1
19 10 724 1
18 77 606 1
77 18 606 1
20 103 873 1
103 20 873 1
23 34 949 1
34 23 949 1
29 37 304 1
37 29 304 1
39 64 1003 1
64 39 1003 1
74 111 713 1
111 74 713 1
102 108 413 1
108 102 413 1
102 111 440 1
111 102 440 1
42 63 848 1
63 42 848 1
47 80 841 1
80 47 841 1
63 68 745 1
68 63 745 1
2 99 1219 1
99 2 1219 1
22 30 218 1
30 22 218 1
23 91 1352 1
91 23 1352 1
52 92 317 1
92 52 317 1
6 34 815 1
34 6 815 1
17 37 368 1
37 17 368 1
61 93 934 1
93 61 934 1
29 43 829 1
43 29 829 1
34 45 409 1
45 34 409 1
35 93 718 1
93 35 718 1
35 104 705 1
104 35 705 1
49 102 965 1
102 49 965 1
72 101 1016 1
101 72 1016 1
3 92 1420 1
92 3 1420 1
