116 2668
95 108 123 1
108 95 123 1
97 109 174 1
109 97 174 1
95 109 146 1
109 95 146 1
95 97 97 1
97 95 97 1
73 75 84 1
75 73 84 1
94 108 97 1
108 94 97 1
103 105 173 1
105 103 173 1
42 43 239 1
43 42 239 1
94 109 127 1
109 94 127 1
36 85 845 1
85 36 845 1
96 97 322 1
97 96 322 1
108 109 87 1
109 108 87 1
97 108 170 1
108 97 170 1
94 95 213 1
95 94 213 1
102 104 159 1
104 102 159 1
34 35 126 1
35 34 126 1
96 109 176 1
109 96 176 1
0 56 174 1
56 0 174 1
94 97 266 1
97 94 266 1
32 33 149 1
33 32 149 1
55 96 492 1
96 55 492 1
55 85 300 1
85 55 300 1
85 96 743 1
96 85 743 1
85 94 684 1
94 85 684 1
85 110 584 1
110 85 584 1
29 81 342 1
81 29 342 1
37 40 562 1
40 37 562 1
55 94 428 1
94 55 428 1
29 108 631 1
108 29 631 1
94 96 89 1
96 94 89 1
1 57 172 1
57 1 172 1
37 96 506 1
96 37 506 1
93 103 173 1
103 93 173 1
96 110 214 1
110 96 214 1
78 80 116 1
80 78 116 1
29 95 532 1
95 29 532 1
11 63 488 1
63 11 488 1
36 40 213 1
40 36 213 1
54 96 167 1
96 54 167 1
73 77 274 1
77 73 274 1
56 60 232 1
60 56 232 1
34 76 309 1
76 34 309 1
2 6 165 1
6 2 165 1
29 36 705 1
36 29 705 1
93 105 305 1
105 93 305 1
29 73 113 1
73 29 113 1
36 96 257 1
96 36 257 1
18 19 147 1
19 18 147 1
104 105 204 1
105 104 204 1
29 94 678 1
94 29 678 1
29 109 610 1
109 29 610 1
37 97 271 1
97 37 271 1
54 98 204 1
98 54 204 1
85 108 596 1
108 85 596 1
37 109 343 1
109 37 343 1
40 96 436 1
96 40 436 1
85 109 570 1
109 85 570 1
95 96 288 1
96 95 288 1
3 7 185 1
7 3 185 1
36 109 326 1
109 36 326 1
29 75 189 1
75 29 189 1
36 110 412 1
110 36 412 1
75 77 210 1
77 75 210 1
40 110 582 1
110 40 582 1
55 108 332 1
108 55 332 1
55 97 173 1
97 55 173 1
1 61 385 1
61 1 385 1
36 94 246 1
94 36 246 1
40 55 690 1
55 40 690 1
0 60 405 1
60 0 405 1
54 97 484 1
97 54 484 1
20 21 185 1
21 20 185 1
28 72 116 1
72 28 116 1
42 46 173 1
46 42 173 1
29 85 473 1
85 29 473 1
37 55 221 1
55 37 221 1
17 79 135 1
79 17 135 1
96 108 167 1
108 96 167 1
55 109 337 1
109 55 337 1
85 97 439 1
97 85 439 1
74 75 389 1
75 74 389 1
43 46 341 1
46 43 341 1
2 22 228 1
22 2 228 1
55 89 213 1
89 55 213 1
103 113 295 1
113 103 295 1
36 55 626 1
55 36 626 1
94 111 316 1
111 94 316 1
5 27 165 1
27 5 165 1
40 97 584 1
97 40 584 1
42 50 271 1
50 42 271 1
48 50 202 1
50 48 202 1
103 104 369 1
104 103 369 1
55 111 434 1
111 55 434 1
55 110 380 1
110 55 380 1
29 77 357 1
77 29 357 1
36 108 330 1
108 36 330 1
72 74 76 1
74 72 76 1
30 31 127 1
31 30 127 1
40 109 467 1
109 40 467 1
97 110 221 1
110 97 221 1
37 74 520 1
74 37 520 1
39 94 407 1
94 39 407 1
17 78 955 1
78 17 955 1
105 114 152 1
114 105 152 1
38 96 284 1
96 38 284 1
40 85 900 1
85 40 900 1
109 110 135 1
110 109 135 1
36 37 542 1
37 36 542 1
44 48 114 1
48 44 114 1
98 111 265 1
111 98 265 1
54 55 651 1
55 54 651 1
75 81 434 1
81 75 434 1
72 75 453 1
75 72 453 1
73 81 406 1
81 73 406 1
74 109 457 1
109 74 457 1
55 95 221 1
95 55 221 1
1 7 452 1
7 1 452 1
96 111 286 1
111 96 286 1
29 97 574 1
97 29 574 1
37 54 645 1
54 37 645 1
39 55 254 1
55 39 254 1
45 50 474 1
50 45 474 1
75 95 407 1
95 75 407 1
100 101 656 1
101 100 656 1
36 97 483 1
97 36 483 1
72 76 257 1
76 72 257 1
38 40 158 1
40 38 158 1
54 95 438 1
95 54 438 1
36 81 848 1
81 36 848 1
54 109 337 1
109 54 337 1
91 93 118 1
93 91 118 1
85 95 486 1
95 85 486 1
44 45 194 1
45 44 194 1
53 89 552 1
89 53 552 1
28 76 345 1
76 28 345 1
94 110 220 1
110 94 220 1
54 111 422 1
111 54 422 1
37 95 241 1
95 37 241 1
38 110 451 1
110 38 451 1
37 94 426 1
94 37 426 1
8 14 205 1
14 8 205 1
17 34 689 1
34 17 689 1
75 109 462 1
109 75 462 1
54 94 226 1
94 54 226 1
36 95 408 1
95 36 408 1
57 63 249 1
63 57 249 1
73 74 458 1
74 73 458 1
74 97 582 1
97 74 582 1
105 115 176 1
115 105 176 1
40 54 405 1
54 40 405 1
40 94 393 1
94 40 393 1
102 103 508 1
103 102 508 1
29 40 655 1
40 29 655 1
24 70 465 1
70 24 465 1
72 73 517 1
73 72 517 1
81 85 175 1
85 81 175 1
17 76 648 1
76 17 648 1
75 79 318 1
79 75 318 1
29 96 758 1
96 29 758 1
73 79 296 1
79 73 296 1
74 95 497 1
95 74 497 1
37 38 515 1
38 37 515 1
11 13 168 1
13 11 168 1
37 110 431 1
110 37 431 1
77 79 329 1
79 77 329 1
91 103 258 1
103 91 258 1
37 39 117 1
39 37 117 1
85 111 651 1
111 85 651 1
92 103 574 1
103 92 574 1
0 58 565 1
58 0 565 1
37 85 343 1
85 37 343 1
39 109 356 1
109 39 356 1
40 108 451 1
108 40 451 1
48 49 410 1
49 48 410 1
21 75 222 1
75 21 222 1
29 74 571 1
74 29 571 1
97 111 292 1
111 97 292 1
0 6 417 1
6 0 417 1
73 95 476 1
95 73 476 1
102 105 355 1
105 102 355 1
108 110 194 1
110 108 194 1
39 108 341 1
108 39 341 1
108 111 286 1
111 108 286 1
7 59 970 1
59 7 970 1
7 61 813 1
61 7 813 1
42 45 300 1
45 42 300 1
105 113 210 1
113 105 210 1
51 81 628 1
81 51 628 1
91 105 371 1
105 91 371 1
22 23 140 1
23 22 140 1
96 98 184 1
98 96 184 1
2 23 340 1
23 2 340 1
29 55 507 1
55 29 507 1
92 105 456 1
105 92 456 1
10 12 181 1
12 10 181 1
29 37 304 1
37 29 304 1
58 59 496 1
59 58 496 1
92 93 608 1
93 92 608 1
77 95 322 1
95 77 322 1
77 81 453 1
81 77 453 1
39 95 233 1
95 39 233 1
45 48 304 1
48 45 304 1
13 52 1405 1
52 13 1405 1
29 110 702 1
110 29 702 1
54 108 319 1
108 54 319 1
3 59 922 1
59 3 922 1
28 79 847 1
79 28 847 1
40 74 182 1
74 40 182 1
79 81 136 1
81 79 136 1
104 115 184 1
115 104 184 1
39 97 289 1
97 39 289 1
40 95 491 1
95 40 491 1
1 3 446 1
3 1 446 1
102 113 317 1
113 102 317 1
25 74 582 1
74 25 582 1
55 98 606 1
98 55 606 1
36 38 122 1
38 36 122 1
91 99 166 1
99 91 166 1
73 76 450 1
76 73 450 1
75 97 469 1
97 75 469 1
93 104 478 1
104 93 478 1
109 111 273 1
111 109 273 1
57 61 216 1
61 57 216 1
114 115 96 1
115 114 96 1
17 72 781 1
72 17 781 1
34 78 466 1
78 34 466 1
89 111 640 1
111 89 640 1
35 76 333 1
76 35 333 1
74 96 467 1
96 74 467 1
110 111 172 1
111 110 172 1
26 107 808 1
107 26 808 1
38 97 469 1
97 38 469 1
77 109 318 1
109 77 318 1
97 98 437 1
98 97 437 1
37 75 239 1
75 37 239 1
56 66 485 1
66 56 485 1
45 49 111 1
49 45 111 1
74 77 362 1
77 74 362 1
37 41 217 1
41 37 217 1
60 66 370 1
66 60 370 1
103 114 282 1
114 103 282 1
104 113 229 1
113 104 229 1
43 45 199 1
45 43 199 1
54 85 906 1
85 54 906 1
17 28 894 1
28 17 894 1
23 26 522 1
26 23 522 1
36 75 517 1
75 36 517 1
37 108 355 1
108 37 355 1
33 61 545 1
61 33 545 1
38 87 730 1
87 38 730 1
95 111 347 1
111 95 347 1
3 22 347 1
22 3 347 1
18 68 315 1
68 18 315 1
37 98 666 1
98 37 666 1
28 34 618 1
34 28 618 1
0 2 460 1
2 0 460 1
77 108 373 1
108 77 373 1
1 63 334 1
63 1 334 1
75 108 484 1
108 75 484 1
39 85 433 1
85 39 433 1
73 109 538 1
109 73 538 1
72 79 733 1
79 72 733 1
16 76 379 1
76 16 379 1
75 96 592 1
96 75 592 1
100 104 240 1
104 100 240 1
14 24 389 1
24 14 389 1
37 113 578 1
113 37 578 1
47 101 478 1
101 47 478 1
13 71 401 1
71 13 401 1
63 65 312 1
65 63 312 1
77 94 396 1
94 77 396 1
95 115 205 1
115 95 205 1
45 63 653 1
63 45 653 1
58 60 266 1
60 58 266 1
99 102 560 1
102 99 560 1
76 78 312 1
78 76 312 1
99 115 285 1
115 99 285 1
16 78 122 1
78 16 122 1
46 53 547 1
53 46 547 1
19 69 323 1
69 19 323 1
16 17 998 1
17 16 998 1
28 78 272 1
78 28 272 1
64 65 897 1
65 64 897 1
36 115 416 1
115 36 416 1
93 114 346 1
114 93 346 1
95 110 248 1
110 95 248 1
75 94 515 1
94 75 515 1
100 102 87 1
102 100 87 1
109 115 211 1
115 109 211 1
3 61 814 1
61 3 814 1
13 63 653 1
63 13 653 1
20 75 348 1
75 20 348 1
54 75 692 1
75 54 692 1
29 79 257 1
79 29 257 1
58 66 198 1
66 58 198 1
39 96 494 1
96 39 494 1
8 71 624 1
71 8 624 1
15 21 348 1
21 15 348 1
16 28 220 1
28 16 220 1
36 74 242 1
74 36 242 1
47 110 210 1
110 47 210 1
21 95 510 1
95 21 510 1
6 58 957 1
58 6 957 1
37 77 246 1
77 37 246 1
38 41 513 1
41 38 513 1
46 50 303 1
50 46 303 1
36 77 422 1
77 36 422 1
93 113 317 1
113 93 317 1
92 113 313 1
113 92 313 1
11 65 770 1
65 11 770 1
64 66 392 1
66 64 392 1
16 34 555 1
34 16 555 1
44 49 304 1
49 44 304 1
91 92 669 1
92 91 669 1
35 67 262 1
67 35 262 1
50 52 243 1
52 50 243 1
26 27 135 1
27 26 135 1
38 109 342 1
109 38 342 1
99 101 266 1
101 99 266 1
38 85 837 1
85 38 837 1
47 99 231 1
99 47 231 1
16 35 644 1
35 16 644 1
40 75 477 1
75 40 477 1
43 50 494 1
50 43 494 1
73 97 530 1
97 73 530 1
59 66 363 1
66 59 363 1
99 103 258 1
103 99 258 1
73 108 560 1
108 73 560 1
89 98 818 1
98 89 818 1
15 55 721 1
55 15 721 1
21 73 247 1
73 21 247 1
20 26 232 1
26 20 232 1
35 78 557 1
78 35 557 1
35 100 802 1
100 35 802 1
74 108 474 1
108 74 474 1
1 33 355 1
33 1 355 1
24 81 998 1
81 24 998 1
29 39 339 1
39 29 339 1
37 111 552 1
111 37 552 1
89 96 700 1
96 89 700 1
6 22 333 1
22 6 333 1
7 22 454 1
22 7 454 1
15 29 295 1
29 15 295 1
16 80 152 1
80 16 152 1
40 98 586 1
98 40 586 1
54 110 373 1
110 54 373 1
81 94 732 1
94 81 732 1
91 101 197 1
101 91 197 1
113 115 188 1
115 113 188 1
15 39 506 1
39 15 506 1
50 83 1292 1
83 50 1292 1
104 114 171 1
114 104 171 1
40 111 707 1
111 40 707 1
20 115 646 1
115 20 646 1
28 35 670 1
35 28 670 1
29 54 871 1
54 29 871 1
35 80 658 1
80 35 658 1
47 91 332 1
91 47 332 1
52 53 746 1
53 52 746 1
6 23 465 1
23 6 465 1
29 111 842 1
111 29 842 1
38 113 550 1
113 38 550 1
39 40 508 1
40 39 508 1
52 89 1027 1
89 52 1027 1
81 108 656 1
108 81 656 1
81 109 623 1
109 81 623 1
21 109 565 1
109 21 565 1
36 39 517 1
39 36 517 1
61 63 238 1
63 61 238 1
74 81 792 1
81 74 792 1
81 110 659 1
110 81 659 1
56 64 404 1
64 56 404 1
62 64 300 1
64 62 300 1
77 97 366 1
97 77 366 1
103 115 322 1
115 103 322 1
36 54 228 1
54 36 228 1
99 112 272 1
112 99 272 1
102 115 318 1
115 102 318 1
40 87 708 1
87 40 708 1
15 95 730 1
95 15 730 1
55 74 679 1
74 55 679 1
17 73 298 1
73 17 298 1
81 95 542 1
95 81 542 1
101 104 464 1
104 101 464 1
42 53 475 1
53 42 475 1
99 113 264 1
113 99 264 1
93 101 103 1
101 93 103 1
99 104 430 1
104 99 430 1
38 103 677 1
103 38 677 1
75 76 374 1
76 75 374 1
23 27 506 1
27 23 506 1
38 105 521 1
105 38 521 1
22 60 1035 1
60 22 1035 1
38 54 263 1
54 38 263 1
52 55 814 1
55 52 814 1
99 105 287 1
105 99 287 1
15 94 858 1
94 15 858 1
15 108 821 1
108 15 821 1
40 89 829 1
89 40 829 1
74 94 426 1
94 74 426 1
22 64 1169 1
64 22 1169 1
54 77 571 1
77 54 571 1
58 69 426 1
69 58 426 1
2 58 959 1
58 2 959 1
13 53 1148 1
53 13 1148 1
37 73 278 1
73 37 278 1
54 89 853 1
89 54 853 1
76 79 567 1
79 76 567 1
52 90 240 1
90 52 240 1
10 16 218 1
16 10 218 1
29 115 730 1
115 29 730 1
21 74 343 1
74 21 343 1
91 113 366 1
113 91 366 1
97 115 218 1
115 97 218 1
21 115 657 1
115 21 657 1
24 51 1429 1
51 24 1429 1
40 113 703 1
113 40 703 1
50 53 744 1
53 50 744 1
60 64 187 1
64 60 187 1
24 47 1229 1
47 24 1229 1
34 65 549 1
65 34 549 1
49 50 585 1
50 49 585 1
77 96 456 1
96 77 456 1
15 109 824 1
109 15 824 1
17 75 351 1
75 17 351 1
38 47 654 1
47 38 654 1
1 11 394 1
11 1 394 1
46 52 244 1
52 46 244 1
82 86 143 1
86 82 143 1
5 23 453 1
23 5 453 1
1 80 1054 1
80 1 1054 1
11 61 675 1
61 11 675 1
36 111 534 1
111 36 534 1
0 66 594 1
66 0 594 1
28 73 629 1
73 28 629 1
33 60 632 1
60 33 632 1
39 111 575 1
111 39 575 1
73 96 674 1
96 73 674 1
94 98 264 1
98 94 264 1
20 105 754 1
105 20 754 1
40 81 874 1
81 40 874 1
72 77 430 1
77 72 430 1
66 67 177 1
67 66 177 1
98 110 300 1
110 98 300 1
50 63 1042 1
63 50 1042 1
37 115 443 1
115 37 443 1
43 84 824 1
84 43 824 1
8 13 868 1
13 8 868 1
38 102 472 1
102 38 472 1
51 73 868 1
73 51 868 1
59 61 271 1
61 59 271 1
73 94 596 1
94 73 596 1
21 26 271 1
26 21 271 1
33 64 737 1
64 33 737 1
45 46 448 1
46 45 448 1
61 64 928 1
64 61 928 1
74 85 839 1
85 74 839 1
86 91 1101 1
91 86 1101 1
1 59 541 1
59 1 541 1
20 73 397 1
73 20 397 1
93 102 600 1
102 93 600 1
25 37 745 1
37 25 745 1
28 75 567 1
75 28 567 1
37 81 336 1
81 37 336 1
50 57 991 1
57 50 991 1
54 74 471 1
74 54 471 1
3 57 605 1
57 3 605 1
74 110 560 1
110 74 560 1
81 96 799 1
96 81 799 1
108 115 135 1
115 108 135 1
62 65 1049 1
65 62 1049 1
27 106 796 1
106 27 796 1
77 85 495 1
85 77 495 1
5 49 1365 1
49 5 1365 1
15 85 720 1
85 15 720 1
36 73 600 1
73 36 600 1
42 84 665 1
84 42 665 1
48 83 1266 1
83 48 1266 1
87 90 1142 1
90 87 1142 1
21 97 595 1
97 21 595 1
33 66 503 1
66 33 503 1
53 83 977 1
83 53 977 1
80 84 162 1
84 80 162 1
21 29 329 1
29 21 329 1
28 80 329 1
80 28 329 1
2 60 843 1
60 2 843 1
17 35 579 1
35 17 579 1
42 48 243 1
48 42 243 1
86 103 950 1
103 86 950 1
16 79 934 1
79 16 934 1
74 79 666 1
79 74 666 1
87 113 899 1
113 87 899 1
98 109 329 1
109 98 329 1
38 99 625 1
99 38 625 1
6 60 799 1
60 6 799 1
87 110 837 1
110 87 837 1
29 72 629 1
72 29 629 1
60 61 893 1
61 60 893 1
85 89 220 1
89 85 220 1
7 30 462 1
30 7 462 1
23 49 1325 1
49 23 1325 1
41 87 263 1
87 41 263 1
101 105 274 1
105 101 274 1
56 58 427 1
58 56 427 1
89 106 787 1
106 89 787 1
5 48 1432 1
48 5 1432 1
41 92 949 1
92 41 949 1
89 94 629 1
94 89 629 1
2 27 659 1
27 2 659 1
38 94 246 1
94 38 246 1
75 85 521 1
85 75 521 1
2 66 917 1
66 2 917 1
14 47 1110 1
47 14 1110 1
17 65 592 1
65 17 592 1
32 60 487 1
60 32 487 1
39 110 466 1
110 39 466 1
39 54 618 1
54 39 618 1
26 49 1309 1
49 26 1309 1
27 58 1265 1
58 27 1265 1
81 97 523 1
97 81 523 1
14 90 988 1
90 14 988 1
54 73 776 1
73 54 776 1
33 56 531 1
56 33 531 1
13 45 1163 1
45 13 1163 1
21 27 209 1
27 21 209 1
21 37 403 1
37 21 403 1
75 115 597 1
115 75 597 1
78 79 878 1
79 78 878 1
25 75 536 1
75 25 536 1
57 59 382 1
59 57 382 1
57 60 868 1
60 57 868 1
95 98 433 1
98 95 433 1
1 60 923 1
60 1 923 1
39 89 325 1
89 39 325 1
21 40 380 1
40 21 380 1
27 107 753 1
107 27 753 1
34 73 620 1
73 34 620 1
6 19 593 1
19 6 593 1
42 52 325 1
52 42 325 1
27 49 1272 1
49 27 1272 1
36 99 637 1
99 36 637 1
61 65 175 1
65 61 175 1
86 105 797 1
105 86 797 1
28 81 975 1
81 28 975 1
34 80 560 1
80 34 560 1
47 51 339 1
51 47 339 1
70 72 158 1
72 70 158 1
20 107 666 1
107 20 666 1
96 115 214 1
115 96 214 1
11 80 1102 1
80 11 1102 1
37 87 433 1
87 37 433 1
37 89 294 1
89 37 294 1
35 65 453 1
65 35 453 1
38 115 384 1
115 38 384 1
42 83 1110 1
83 42 1110 1
65 78 1008 1
78 65 1008 1
72 81 860 1
81 72 860 1
94 115 181 1
115 94 181 1
6 12 248 1
12 6 248 1
40 115 529 1
115 40 529 1
17 81 182 1
81 17 182 1
20 114 742 1
114 20 742 1
40 77 472 1
77 40 472 1
76 81 691 1
81 76 691 1
2 5 685 1
5 2 685 1
32 100 1015 1
100 32 1015 1
85 115 651 1
115 85 651 1
38 55 598 1
55 38 598 1
34 72 552 1
72 34 552 1
44 50 287 1
50 44 287 1
91 115 428 1
115 91 428 1
5 58 1366 1
58 5 1366 1
11 78 988 1
78 11 988 1
19 58 678 1
58 19 678 1
25 72 583 1
72 25 583 1
63 82 1211 1
82 63 1211 1
63 84 1189 1
84 63 1189 1
70 76 285 1
76 70 285 1
19 68 313 1
68 19 313 1
24 35 1010 1
35 24 1010 1
29 38 680 1
38 29 680 1
45 84 881 1
84 45 881 1
8 70 477 1
70 8 477 1
47 102 619 1
102 47 619 1
81 115 734 1
115 81 734 1
63 80 1146 1
80 63 1146 1
38 75 499 1
75 38 499 1
70 75 355 1
75 70 355 1
76 102 684 1
102 76 684 1
5 50 1417 1
50 5 1417 1
18 66 623 1
66 18 623 1
55 77 412 1
77 55 412 1
14 71 582 1
71 14 582 1
21 54 704 1
54 21 704 1
89 110 588 1
110 89 588 1
102 112 391 1
112 102 391 1
43 44 290 1
44 43 290 1
76 77 238 1
77 76 238 1
12 30 419 1
30 12 419 1
13 42 1233 1
42 13 1233 1
38 95 382 1
95 38 382 1
93 99 208 1
99 93 208 1
99 110 299 1
110 99 299 1
107 114 333 1
114 107 333 1
51 77 677 1
77 51 677 1
97 99 180 1
99 97 180 1
11 57 518 1
57 11 518 1
33 82 804 1
82 33 804 1
47 90 580 1
90 47 580 1
57 82 1164 1
82 57 1164 1
74 113 753 1
113 74 753 1
21 36 510 1
36 21 510 1
40 73 549 1
73 40 549 1
98 108 315 1
108 98 315 1
2 56 626 1
56 2 626 1
20 95 541 1
95 20 541 1
21 108 562 1
108 21 562 1
38 74 265 1
74 38 265 1
43 83 972 1
83 43 972 1
49 107 859 1
107 49 859 1
29 51 876 1
51 29 876 1
75 110 565 1
110 75 565 1
37 72 595 1
72 37 595 1
39 52 892 1
52 39 892 1
58 93 1138 1
93 58 1138 1
41 96 611 1
96 41 611 1
84 86 610 1
86 84 610 1
102 114 295 1
114 102 295 1
40 41 506 1
41 40 506 1
53 55 448 1
55 53 448 1
65 82 1280 1
82 65 1280 1
85 98 861 1
98 85 861 1
33 35 375 1
35 33 375 1
59 60 718 1
60 59 718 1
66 82 1038 1
82 66 1038 1
15 36 848 1
36 15 848 1
59 68 484 1
68 59 484 1
110 113 304 1
113 110 304 1
47 86 1016 1
86 47 1016 1
2 64 992 1
64 2 992 1
5 106 957 1
106 5 957 1
44 82 1116 1
82 44 1116 1
91 104 542 1
104 91 542 1
93 115 401 1
115 93 401 1
5 59 1317 1
59 5 1317 1
59 67 245 1
67 59 245 1
28 77 540 1
77 28 540 1
1 82 1112 1
82 1 1112 1
2 62 788 1
62 2 788 1
6 31 464 1
31 6 464 1
16 70 409 1
70 16 409 1
22 27 524 1
27 22 524 1
22 56 830 1
56 22 830 1
25 113 1193 1
113 25 1193 1
45 83 1099 1
83 45 1099 1
26 75 488 1
75 26 488 1
17 80 1070 1
80 17 1070 1
21 81 634 1
81 21 634 1
22 26 505 1
26 22 505 1
26 73 503 1
73 26 503 1
35 82 851 1
82 35 851 1
36 113 562 1
113 36 562 1
56 65 961 1
65 56 961 1
74 111 713 1
111 74 713 1
86 101 1052 1
101 86 1052 1
113 114 95 1
114 113 95 1
38 98 432 1
98 38 432 1
41 113 720 1
113 41 720 1
3 5 603 1
5 3 603 1
35 51 483 1
51 35 483 1
74 115 586 1
115 74 586 1
87 96 843 1
96 87 843 1
110 115 264 1
115 110 264 1
3 23 271 1
23 3 271 1
5 83 447 1
83 5 447 1
13 84 1247 1
84 13 1247 1
27 59 1253 1
59 27 1253 1
15 111 1071 1
111 15 1071 1
22 31 234 1
31 22 234 1
32 76 341 1
76 32 341 1
43 48 391 1
48 43 391 1
68 106 1131 1
106 68 1131 1
85 99 448 1
99 85 448 1
97 113 312 1
113 97 312 1
22 88 1044 1
88 22 1044 1
45 53 435 1
53 45 435 1
47 67 492 1
67 47 492 1
51 75 837 1
75 51 837 1
73 115 669 1
115 73 669 1
18 83 953 1
83 18 953 1
34 100 771 1
100 34 771 1
96 113 315 1
113 96 315 1
21 114 752 1
114 21 752 1
73 85 516 1
85 73 516 1
34 79 586 1
79 34 586 1
50 90 473 1
90 50 473 1
67 86 1148 1
86 67 1148 1
14 110 912 1
110 14 912 1
47 100 643 1
100 47 643 1
50 84 554 1
84 50 554 1
70 71 263 1
71 70 263 1
22 66 1066 1
66 22 1066 1
45 52 615 1
52 45 615 1
99 109 321 1
109 99 321 1
7 57 615 1
57 7 615 1
8 90 1188 1
90 8 1188 1
13 50 1383 1
50 13 1383 1
54 87 939 1
87 54 939 1
87 89 476 1
89 87 476 1
21 94 569 1
94 21 569 1
38 104 427 1
104 38 427 1
21 105 742 1
105 21 742 1
25 73 516 1
73 25 516 1
30 70 259 1
70 30 259 1
34 81 688 1
81 34 688 1
52 63 1131 1
63 52 1131 1
46 84 530 1
84 46 530 1
55 81 401 1
81 55 401 1
89 97 385 1
97 89 385 1
46 83 1042 1
83 46 1042 1
53 69 959 1
69 53 959 1
77 111 559 1
111 77 559 1
18 82 891 1
82 18 891 1
73 102 944 1
102 73 944 1
15 97 790 1
97 15 790 1
46 112 262 1
112 46 262 1
55 87 559 1
87 55 559 1
76 80 424 1
80 76 424 1
1 56 851 1
56 1 851 1
20 109 557 1
109 20 557 1
27 88 863 1
88 27 863 1
2 49 1238 1
49 2 1238 1
22 33 600 1
33 22 600 1
29 99 709 1
99 29 709 1
43 53 293 1
53 43 293 1
5 107 867 1
107 5 867 1
21 96 648 1
96 21 648 1
24 100 1231 1
100 24 1231 1
39 98 655 1
98 39 655 1
89 108 535 1
108 89 535 1
9 15 219 1
15 9 219 1
34 66 268 1
66 34 268 1
21 77 387 1
77 21 387 1
52 111 398 1
111 52 398 1
38 86 366 1
86 38 366 1
54 79 860 1
79 54 860 1
86 93 1081 1
93 86 1081 1
101 103 106 1
103 101 106 1
0 18 364 1
18 0 364 1
5 26 263 1
26 5 263 1
38 39 465 1
39 38 465 1
26 74 432 1
74 26 432 1
33 57 394 1
57 33 394 1
55 75 460 1
75 55 460 1
2 26 618 1
26 2 618 1
6 27 679 1
27 6 679 1
20 74 213 1
74 20 213 1
38 108 316 1
108 38 316 1
45 57 653 1
57 45 653 1
47 113 338 1
113 47 338 1
8 24 258 1
24 8 258 1
24 25 135 1
25 24 135 1
56 61 920 1
61 56 920 1
92 114 349 1
114 92 349 1
22 30 218 1
30 22 218 1
35 101 778 1
101 35 778 1
46 68 860 1
68 46 860 1
14 15 772 1
15 14 772 1
15 27 336 1
27 15 336 1
28 74 188 1
74 28 188 1
7 31 345 1
31 7 345 1
13 89 713 1
89 13 713 1
18 59 713 1
59 18 713 1
33 34 394 1
34 33 394 1
0 22 675 1
22 0 675 1
8 12 346 1
12 8 346 1
34 51 562 1
51 34 562 1
38 81 841 1
81 38 841 1
44 63 803 1
63 44 803 1
46 98 212 1
98 46 212 1
86 87 805 1
87 86 805 1
95 99 272 1
99 95 272 1
0 19 488 1
19 0 488 1
4 69 1158 1
69 4 1158 1
24 29 657 1
29 24 657 1
33 76 380 1
76 33 380 1
21 55 604 1
55 21 604 1
33 67 474 1
67 33 474 1
36 87 808 1
87 36 808 1
39 77 312 1
77 39 312 1
42 44 208 1
44 42 208 1
54 81 951 1
81 54 951 1
25 110 1042 1
110 25 1042 1
15 81 596 1
81 15 596 1
41 98 784 1
98 41 784 1
79 95 480 1
95 79 480 1
2 10 438 1
10 2 438 1
4 30 322 1
30 4 322 1
11 52 1305 1
52 11 1305 1
24 101 1299 1
101 24 1299 1
24 110 1066 1
110 24 1066 1
26 72 433 1
72 26 433 1
42 112 333 1
112 42 333 1
18 58 669 1
58 18 669 1
36 47 622 1
47 36 622 1
38 73 580 1
73 38 580 1
70 81 769 1
81 70 769 1
84 87 1148 1
87 84 1148 1
87 92 1142 1
92 87 1142 1
25 76 733 1
76 25 733 1
46 48 368 1
48 46 368 1
66 88 875 1
88 66 875 1
9 14 725 1
14 9 725 1
14 85 1160 1
85 14 1160 1
15 96 944 1
96 15 944 1
20 40 225 1
40 20 225 1
24 75 604 1
75 24 604 1
53 90 787 1
90 53 787 1
61 82 1268 1
82 61 1268 1
83 89 464 1
89 83 464 1
91 102 669 1
102 91 669 1
1 22 766 1
22 1 766 1
11 60 1139 1
60 11 1139 1
15 89 653 1
89 15 653 1
24 99 1174 1
99 24 1174 1
85 87 616 1
87 85 616 1
28 100 825 1
100 28 825 1
32 34 327 1
34 32 327 1
23 31 199 1
31 23 199 1
41 54 714 1
54 41 714 1
46 89 794 1
89 46 794 1
67 101 953 1
101 67 953 1
47 105 464 1
105 47 464 1
99 108 310 1
108 99 310 1
41 74 484 1
74 41 484 1
72 95 570 1
95 72 570 1
3 68 689 1
68 3 689 1
72 97 655 1
97 72 655 1
82 88 444 1
88 82 444 1
7 33 515 1
33 7 515 1
15 71 394 1
71 15 394 1
28 70 247 1
70 28 247 1
31 71 265 1
71 31 265 1
101 102 595 1
102 101 595 1
24 28 571 1
28 24 571 1
38 91 783 1
91 38 783 1
51 115 716 1
115 51 716 1
35 47 370 1
47 35 370 1
35 104 705 1
104 35 705 1
52 71 1052 1
71 52 1052 1
72 109 524 1
109 72 524 1
76 100 714 1
100 76 714 1
25 40 618 1
40 25 618 1
25 97 955 1
97 25 955 1
32 61 611 1
61 32 611 1
35 66 331 1
66 35 331 1
45 90 767 1
90 45 767 1
51 79 637 1
79 51 637 1
1 50 1095 1
50 1 1095 1
41 103 653 1
103 41 653 1
41 105 605 1
105 41 605 1
2 18 379 1
18 2 379 1
5 9 157 1
9 5 157 1
25 96 984 1
96 25 984 1
32 66 416 1
66 32 416 1
34 82 812 1
82 34 812 1
81 111 760 1
111 81 760 1
17 29 223 1
29 17 223 1
30 71 303 1
71 30 303 1
47 104 532 1
104 47 532 1
5 15 278 1
15 5 278 1
24 30 283 1
30 24 283 1
26 92 1145 1
92 26 1145 1
72 78 300 1
78 72 300 1
80 82 469 1
82 80 469 1
3 27 634 1
27 3 634 1
4 71 523 1
71 4 523 1
7 60 1133 1
60 7 1133 1
10 64 755 1
64 10 755 1
15 77 606 1
77 15 606 1
20 38 349 1
38 20 349 1
32 56 384 1
56 32 384 1
18 46 984 1
46 18 984 1
25 70 480 1
70 25 480 1
35 86 906 1
86 35 906 1
47 87 906 1
87 47 906 1
59 69 338 1
69 59 338 1
75 102 865 1
102 75 865 1
32 64 603 1
64 32 603 1
39 74 501 1
74 39 501 1
52 85 1026 1
85 52 1026 1
92 104 310 1
104 92 310 1
96 99 428 1
99 96 428 1
3 33 424 1
33 3 424 1
16 72 287 1
72 16 287 1
20 37 510 1
37 20 510 1
26 114 936 1
114 26 936 1
87 98 1003 1
98 87 1003 1
6 18 473 1
18 6 473 1
20 51 1095 1
51 20 1095 1
35 81 565 1
81 35 565 1
41 89 415 1
89 41 415 1
47 81 624 1
81 47 624 1
47 85 508 1
85 47 508 1
48 90 628 1
90 48 628 1
51 76 794 1
76 51 794 1
53 106 847 1
106 53 847 1
74 76 203 1
76 74 203 1
75 111 718 1
111 75 718 1
87 115 746 1
115 87 746 1
11 17 224 1
17 11 224 1
20 29 497 1
29 20 497 1
94 99 399 1
99 94 399 1
36 89 803 1
89 36 803 1
101 115 407 1
115 101 407 1
11 56 1037 1
56 11 1037 1
14 87 842 1
87 14 842 1
23 106 1155 1
106 23 1155 1
25 109 919 1
109 25 919 1
43 47 146 1
47 43 146 1
51 101 699 1
101 51 699 1
70 73 402 1
73 70 402 1
76 104 623 1
104 76 623 1
86 100 753 1
100 86 753 1
28 29 741 1
29 28 741 1
52 84 487 1
84 52 487 1
77 110 393 1
110 77 393 1
24 73 599 1
73 24 599 1
35 102 781 1
102 35 781 1
38 92 603 1
92 38 603 1
41 107 419 1
107 41 419 1
89 90 968 1
90 89 968 1
5 6 733 1
6 5 733 1
37 99 410 1
99 37 410 1
98 113 276 1
113 98 276 1
99 100 610 1
100 99 610 1
6 56 576 1
56 6 576 1
13 90 1367 1
90 13 1367 1
16 88 420 1
88 16 420 1
20 97 635 1
97 20 635 1
112 113 116 1
113 112 116 1
15 37 533 1
37 15 533 1
19 48 943 1
48 19 943 1
20 41 386 1
41 20 386 1
81 99 581 1
99 81 581 1
1 66 683 1
66 1 683 1
1 88 1198 1
88 1 1198 1
16 33 609 1
33 16 609 1
65 86 1324 1
86 65 1324 1
74 105 731 1
105 74 731 1
25 105 1085 1
105 25 1085 1
34 102 761 1
102 34 761 1
49 92 871 1
92 49 871 1
21 106 670 1
106 21 670 1
34 44 373 1
44 34 373 1
64 86 1029 1
86 64 1029 1
74 98 633 1
98 74 633 1
77 115 503 1
115 77 503 1
84 91 1024 1
91 84 1024 1
89 109 541 1
109 89 541 1
8 30 385 1
30 8 385 1
10 56 466 1
56 10 466 1
65 76 769 1
76 65 769 1
73 105 753 1
105 73 753 1
109 113 333 1
113 109 333 1
15 40 725 1
40 15 725 1
21 41 236 1
41 21 236 1
7 88 1209 1
88 7 1209 1
13 57 681 1
57 13 681 1
15 54 1028 1
54 15 1028 1
25 38 749 1
38 25 749 1
43 49 240 1
49 43 240 1
49 83 1093 1
83 49 1093 1
56 78 391 1
78 56 391 1
14 36 526 1
36 14 526 1
22 59 1169 1
59 22 1169 1
24 115 1029 1
115 24 1029 1
34 104 710 1
104 34 710 1
42 57 855 1
57 42 855 1
44 86 1168 1
86 44 1168 1
67 100 988 1
100 67 988 1
18 32 279 1
32 18 279 1
42 49 396 1
49 42 396 1
0 64 574 1
64 0 574 1
4 8 148 1
8 4 148 1
5 21 332 1
21 5 332 1
11 82 992 1
82 11 992 1
22 65 1204 1
65 22 1204 1
36 51 908 1
51 36 908 1
47 84 791 1
84 47 791 1
62 93 1180 1
93 62 1180 1
0 68 414 1
68 0 414 1
2 19 481 1
19 2 481 1
24 102 1176 1
102 24 1176 1
25 41 554 1
41 25 554 1
32 35 357 1
35 32 357 1
34 64 445 1
64 34 445 1
17 26 792 1
26 17 792 1
42 63 848 1
63 42 848 1
73 114 754 1
114 73 754 1
90 98 163 1
98 90 163 1
64 82 943 1
82 64 943 1
86 92 882 1
92 86 882 1
28 51 1138 1
51 28 1138 1
79 94 650 1
94 79 650 1
3 64 1134 1
64 3 1134 1
9 42 1383 1
42 9 1383 1
25 28 633 1
28 25 633 1
68 69 164 1
69 68 164 1
91 114 389 1
114 91 389 1
2 59 1058 1
59 2 1058 1
17 77 417 1
77 17 417 1
21 92 1010 1
92 21 1010 1
33 65 634 1
65 33 634 1
79 109 545 1
109 79 545 1
87 91 820 1
91 87 820 1
25 77 710 1
77 25 710 1
66 68 378 1
68 66 378 1
90 91 735 1
91 90 735 1
105 107 233 1
107 105 233 1
10 22 580 1
22 10 580 1
23 107 1121 1
107 23 1121 1
30 108 817 1
108 30 817 1
33 100 1072 1
100 33 1072 1
49 58 594 1
58 49 594 1
71 84 847 1
84 71 847 1
87 103 754 1
103 87 754 1
20 92 945 1
92 20 945 1
22 61 1099 1
61 22 1099 1
24 76 734 1
76 24 734 1
32 102 997 1
102 32 997 1
34 75 559 1
75 34 559 1
49 93 719 1
93 49 719 1
63 78 1033 1
78 63 1033 1
87 105 742 1
105 87 742 1
56 63 1014 1
63 56 1014 1
11 45 1014 1
45 11 1014 1
2 3 405 1
3 2 405 1
8 110 1076 1
110 8 1076 1
15 53 1143 1
53 15 1143 1
15 73 336 1
73 15 336 1
42 91 584 1
91 42 584 1
51 85 514 1
85 51 514 1
61 66 546 1
66 61 546 1
93 100 653 1
100 93 653 1
39 53 692 1
53 39 692 1
53 111 406 1
111 53 406 1
2 48 1199 1
48 2 1199 1
14 81 1094 1
81 14 1094 1
35 44 409 1
44 35 409 1
44 66 318 1
66 44 318 1
56 57 840 1
57 56 840 1
73 104 820 1
104 73 820 1
48 58 400 1
58 48 400 1
50 106 751 1
106 50 751 1
54 106 240 1
106 54 240 1
12 16 384 1
16 12 384 1
46 111 189 1
111 46 189 1
111 112 111 1
112 111 111 1
3 50 1273 1
50 3 1273 1
14 51 1362 1
51 14 1362 1
25 95 871 1
95 25 871 1
33 80 703 1
80 33 703 1
43 86 1110 1
86 43 1110 1
53 71 983 1
71 53 983 1
55 115 361 1
115 55 361 1
0 12 517 1
12 0 517 1
4 27 279 1
27 4 279 1
15 30 522 1
30 15 522 1
47 103 476 1
103 47 476 1
47 115 383 1
115 47 383 1
51 70 1035 1
70 51 1035 1
60 68 469 1
68 60 469 1
73 110 637 1
110 73 637 1
1 78 939 1
78 1 939 1
24 71 494 1
71 24 494 1
24 77 754 1
77 24 754 1
37 79 267 1
79 37 267 1
16 81 1063 1
81 16 1063 1
20 36 396 1
36 20 396 1
20 93 974 1
93 20 974 1
21 107 601 1
107 21 601 1
32 104 940 1
104 32 940 1
41 49 946 1
49 41 946 1
43 51 245 1
51 43 245 1
49 62 929 1
62 49 929 1
67 91 790 1
91 67 790 1
72 105 795 1
105 72 795 1
90 92 135 1
92 90 135 1
5 42 1309 1
42 5 1309 1
8 84 881 1
84 8 881 1
20 70 213 1
70 20 213 1
38 111 560 1
111 38 560 1
72 113 813 1
113 72 813 1
2 12 394 1
12 2 394 1
26 65 1232 1
65 26 1232 1
53 57 825 1
57 53 825 1
65 80 1107 1
80 65 1107 1
0 32 356 1
32 0 356 1
15 20 521 1
20 15 521 1
21 39 356 1
39 21 356 1
39 90 806 1
90 39 806 1
40 72 200 1
72 40 200 1
40 99 752 1
99 40 752 1
54 72 501 1
72 54 501 1
84 85 1130 1
85 84 1130 1
8 47 1265 1
47 8 1265 1
11 84 1188 1
84 11 1188 1
37 105 506 1
105 37 506 1
36 98 402 1
98 36 402 1
43 112 376 1
112 43 376 1
59 106 1174 1
106 59 1174 1
6 62 702 1
62 6 702 1
15 74 683 1
74 15 683 1
20 108 552 1
108 20 552 1
23 62 1065 1
62 23 1065 1
34 67 275 1
67 34 275 1
39 99 432 1
99 39 432 1
18 102 1258 1
102 18 1258 1
48 53 654 1
53 48 654 1
15 75 396 1
75 15 396 1
21 38 458 1
38 21 458 1
24 104 1101 1
104 24 1101 1
56 62 252 1
62 56 252 1
16 75 702 1
75 16 702 1
20 106 592 1
106 20 592 1
61 86 1324 1
86 61 1324 1
70 74 155 1
74 70 155 1
75 105 690 1
105 75 690 1
83 84 1154 1
84 83 1154 1
59 88 1182 1
88 59 1182 1
4 14 255 1
14 4 255 1
5 93 1207 1
93 5 1207 1
9 71 488 1
71 9 488 1
16 73 769 1
73 16 769 1
44 83 1178 1
83 44 1178 1
50 69 818 1
69 50 818 1
52 98 272 1
98 52 272 1
54 88 224 1
88 54 224 1
72 102 769 1
102 72 769 1
24 67 1223 1
67 24 1223 1
25 87 575 1
87 25 575 1
35 79 470 1
79 35 470 1
46 106 508 1
106 46 508 1
50 89 1065 1
89 50 1065 1
18 112 1158 1
112 18 1158 1
21 85 716 1
85 21 716 1
49 63 596 1
63 49 596 1
53 98 671 1
98 53 671 1
72 96 519 1
96 72 519 1
8 111 1218 1
111 8 1218 1
10 60 650 1
60 10 650 1
23 64 1238 1
64 23 1238 1
23 74 648 1
74 23 648 1
26 106 767 1
106 26 767 1
37 51 673 1
51 37 673 1
65 100 1146 1
100 65 1146 1
75 104 746 1
104 75 746 1
13 14 902 1
14 13 902 1
21 79 530 1
79 21 530 1
57 66 576 1
66 57 576 1
60 63 1021 1
63 60 1021 1
67 69 345 1
69 67 345 1
85 113 705 1
113 85 705 1
100 105 430 1
105 100 430 1
4 9 500 1
9 4 500 1
4 58 1292 1
58 4 1292 1
14 46 1008 1
46 14 1008 1
65 66 537 1
66 65 537 1
69 93 1169 1
93 69 1169 1
79 108 585 1
108 79 585 1
2 65 1144 1
65 2 1144 1
3 18 417 1
18 3 417 1
16 66 708 1
66 16 708 1
81 101 734 1
101 81 734 1
91 110 456 1
110 91 456 1
95 114 280 1
114 95 280 1
25 102 1186 1
102 25 1186 1
36 71 552 1
71 36 552 1
45 86 1232 1
86 45 1232 1
52 110 456 1
110 52 456 1
57 80 1050 1
80 57 1050 1
96 102 343 1
102 96 343 1
15 106 965 1
106 15 965 1
18 42 999 1
42 18 999 1
20 103 873 1
103 20 873 1
33 59 579 1
59 33 579 1
38 72 305 1
72 38 305 1
39 115 411 1
115 39 411 1
57 58 735 1
58 57 735 1
58 68 392 1
68 58 392 1
5 22 506 1
22 5 506 1
16 24 782 1
24 16 782 1
89 95 416 1
95 89 416 1
6 69 829 1
69 6 829 1
14 42 1146 1
42 14 1146 1
26 105 921 1
105 26 921 1
35 73 545 1
73 35 545 1
45 91 637 1
91 45 637 1
52 94 506 1
94 52 506 1
61 80 1112 1
80 61 1112 1
71 112 918 1
112 71 918 1
86 99 956 1
99 86 956 1
92 106 400 1
106 92 400 1
4 31 397 1
31 4 397 1
14 52 1090 1
52 14 1090 1
38 76 305 1
76 38 305 1
50 61 923 1
61 50 923 1
57 68 520 1
68 57 520 1
67 82 1079 1
82 67 1079 1
83 106 894 1
106 83 894 1
90 110 460 1
110 90 460 1
25 79 804 1
79 25 804 1
41 55 403 1
55 41 403 1
88 106 334 1
106 88 334 1
1 64 1017 1
64 1 1017 1
12 68 874 1
68 12 874 1
37 102 749 1
102 37 749 1
48 59 599 1
59 48 599 1
49 114 742 1
114 49 742 1
12 70 392 1
70 12 392 1
15 110 937 1
110 15 937 1
17 74 721 1
74 17 721 1
20 72 238 1
72 20 238 1
29 98 934 1
98 29 934 1
41 97 446 1
97 41 446 1
51 99 497 1
99 51 497 1
60 65 898 1
65 60 898 1
101 113 350 1
113 101 350 1
4 15 597 1
15 4 597 1
13 46 1188 1
46 13 1188 1
39 41 161 1
41 39 161 1
42 86 1057 1
86 42 1057 1
55 71 621 1
71 55 621 1
84 110 598 1
110 84 598 1
104 112 332 1
112 104 332 1
12 18 670 1
18 12 670 1
24 34 1021 1
34 24 1021 1
34 103 810 1
103 34 810 1
47 80 841 1
80 47 841 1
64 67 549 1
67 64 549 1
9 52 1482 1
52 9 1482 1
24 108 938 1
108 24 938 1
25 44 1369 1
44 25 1369 1
30 77 559 1
77 30 559 1
30 81 847 1
81 30 847 1
40 47 783 1
47 40 783 1
3 30 397 1
30 3 397 1
24 36 774 1
36 24 774 1
32 86 868 1
86 32 868 1
86 104 694 1
104 86 694 1
6 93 1425 1
93 6 1425 1
13 112 1199 1
112 13 1199 1
14 84 681 1
84 14 681 1
15 115 902 1
115 15 902 1
33 86 892 1
86 33 892 1
76 103 780 1
103 76 780 1
80 100 687 1
100 80 687 1
87 97 649 1
97 87 649 1
1 65 536 1
65 1 536 1
16 51 1106 1
51 16 1106 1
20 94 527 1
94 20 527 1
23 93 1407 1
93 23 1407 1
25 29 556 1
29 25 556 1
25 34 1006 1
34 25 1006 1
27 114 923 1
114 27 923 1
8 9 638 1
9 8 638 1
20 81 779 1
81 20 779 1
25 54 1008 1
54 25 1008 1
26 95 736 1
95 26 736 1
42 69 789 1
69 42 789 1
55 73 498 1
73 55 498 1
55 113 437 1
113 55 437 1
72 100 801 1
100 72 801 1
16 65 1088 1
65 16 1088 1
19 59 618 1
59 19 618 1
24 80 900 1
80 24 900 1
26 93 1144 1
93 26 1144 1
49 106 982 1
106 49 982 1
14 115 869 1
115 14 869 1
29 76 555 1
76 29 555 1
39 81 431 1
81 39 431 1
78 82 455 1
82 78 455 1
12 14 278 1
14 12 278 1
12 56 631 1
56 12 631 1
14 80 575 1
80 14 575 1
34 62 521 1
62 34 521 1
62 66 562 1
66 62 562 1
82 103 1009 1
103 82 1009 1
19 50 1015 1
50 19 1015 1
27 66 1140 1
66 27 1140 1
30 95 791 1
95 30 791 1
60 88 724 1
88 60 724 1
14 30 414 1
30 14 414 1
23 25 373 1
25 23 373 1
26 41 487 1
41 26 487 1
29 71 259 1
71 29 259 1
18 43 961 1
43 18 961 1
22 32 649 1
32 22 649 1
23 83 710 1
83 23 710 1
0 10 381 1
10 0 381 1
15 52 1350 1
52 15 1350 1
25 103 1172 1
103 25 1172 1
45 82 1188 1
82 45 1188 1
56 82 787 1
82 56 787 1
58 67 368 1
67 58 368 1
77 98 628 1
98 77 628 1
9 69 1181 1
69 9 1181 1
19 83 893 1
83 19 893 1
21 31 344 1
31 21 344 1
27 62 1061 1
62 27 1061 1
43 80 868 1
80 43 868 1
71 85 660 1
85 71 660 1
77 102 773 1
102 77 773 1
97 105 299 1
105 97 299 1
1 42 969 1
42 1 969 1
18 104 1201 1
104 18 1201 1
29 30 533 1
30 29 533 1
10 28 213 1
28 10 213 1
12 66 1000 1
66 12 1000 1
14 29 801 1
29 14 801 1
20 31 387 1
31 20 387 1
31 77 552 1
77 31 552 1
66 104 942 1
104 66 942 1
75 114 683 1
114 75 683 1
82 100 794 1
100 82 794 1
5 114 1065 1
114 5 1065 1
6 26 607 1
26 6 607 1
7 64 1244 1
64 7 1244 1
10 66 852 1
66 10 852 1
36 91 802 1
91 36 802 1
66 100 968 1
100 66 968 1
12 22 481 1
22 12 481 1
33 88 875 1
88 33 875 1
