116 2668
4 8 148 1
8 4 148 1
68 69 164 1
69 68 164 1
42 43 239 1
43 42 239 1
5 9 157 1
9 5 157 1
22 23 140 1
23 22 140 1
9 15 219 1
15 9 219 1
5 15 278 1
15 5 278 1
30 31 127 1
31 30 127 1
80 81 1113 1
81 80 1113 1
4 5 350 1
5 4 350 1
72 74 76 1
74 72 76 1
16 79 934 1
79 16 934 1
4 15 597 1
15 4 597 1
16 80 152 1
80 16 152 1
102 103 508 1
103 102 508 1
73 74 458 1
74 73 458 1
79 81 136 1
81 79 136 1
103 104 369 1
104 103 369 1
78 79 878 1
79 78 878 1
32 33 149 1
33 32 149 1
58 59 496 1
59 58 496 1
84 85 1130 1
85 84 1130 1
10 12 181 1
12 10 181 1
58 60 266 1
60 58 266 1
16 78 122 1
78 16 122 1
44 45 194 1
45 44 194 1
104 105 204 1
105 104 204 1
76 77 238 1
77 76 238 1
16 81 1063 1
81 16 1063 1
73 75 84 1
75 73 84 1
34 35 126 1
35 34 126 1
95 108 123 1
108 95 123 1
17 29 223 1
29 17 223 1
90 91 735 1
91 90 735 1
8 15 741 1
15 8 741 1
28 72 116 1
72 28 116 1
101 103 106 1
103 101 106 1
5 8 493 1
8 5 493 1
79 80 991 1
80 79 991 1
90 92 135 1
92 90 135 1
36 40 213 1
40 36 213 1
91 93 118 1
93 91 118 1
17 79 135 1
79 17 135 1
46 47 309 1
47 46 309 1
88 89 1035 1
89 88 1035 1
4 9 500 1
9 4 500 1
78 81 1002 1
81 78 1002 1
59 61 271 1
61 59 271 1
29 72 629 1
72 29 629 1
98 99 479 1
99 98 479 1
17 81 182 1
81 17 182 1
74 76 203 1
76 74 203 1
97 108 170 1
108 97 170 1
38 39 465 1
39 38 465 1
8 9 638 1
9 8 638 1
101 102 595 1
102 101 595 1
1 57 172 1
57 1 172 1
60 61 893 1
61 60 893 1
47 110 210 1
110 47 210 1
75 77 210 1
77 75 210 1
87 89 476 1
89 87 476 1
6 7 710 1
7 6 710 1
7 13 237 1
13 7 237 1
16 17 998 1
17 16 998 1
102 104 159 1
104 102 159 1
90 93 690 1
93 90 690 1
111 112 111 1
112 111 111 1
72 73 517 1
73 72 517 1
99 112 272 1
112 99 272 1
95 97 97 1
97 95 97 1
97 99 180 1
99 97 180 1
73 76 450 1
76 73 450 1
48 49 410 1
49 48 410 1
19 68 313 1
68 19 313 1
57 63 249 1
63 57 249 1
5 24 252 1
24 5 252 1
9 26 419 1
26 9 419 1
24 25 135 1
25 24 135 1
48 51 548 1
51 48 548 1
4 26 161 1
26 4 161 1
12 60 825 1
60 12 825 1
110 111 172 1
111 110 172 1
18 19 147 1
19 18 147 1
19 69 323 1
69 19 323 1
92 100 157 1
100 92 157 1
28 29 741 1
29 28 741 1
93 102 600 1
102 93 600 1
22 25 402 1
25 22 402 1
48 50 202 1
50 48 202 1
70 71 263 1
71 70 263 1
96 97 322 1
97 96 322 1
44 49 304 1
49 44 304 1
57 79 431 1
79 57 431 1
36 73 600 1
73 36 600 1
82 83 881 1
83 82 881 1
93 101 103 1
101 93 103 1
98 111 265 1
111 98 265 1
99 111 265 1
111 99 265 1
17 78 955 1
78 17 955 1
71 75 163 1
75 71 163 1
55 97 173 1
97 55 173 1
92 93 608 1
93 92 608 1
96 110 214 1
110 96 214 1
39 55 254 1
55 39 254 1
58 61 717 1
61 58 717 1
62 80 268 1
80 62 268 1
74 75 389 1
75 74 389 1
5 26 263 1
26 5 263 1
29 81 342 1
81 29 342 1
38 41 513 1
41 38 513 1
62 63 1134 1
63 62 1134 1
91 111 390 1
111 91 390 1
28 80 329 1
80 28 329 1
55 96 492 1
96 55 492 1
58 66 198 1
66 58 198 1
0 56 174 1
56 0 174 1
24 27 252 1
27 24 252 1
94 97 266 1
97 94 266 1
61 65 175 1
65 61 175 1
36 72 276 1
72 36 276 1
54 89 853 1
89 54 853 1
54 55 651 1
55 54 651 1
23 25 373 1
25 23 373 1
26 27 135 1
27 26 135 1
49 51 172 1
51 49 172 1
112 113 116 1
113 112 116 1
86 87 805 1
87 86 805 1
90 100 182 1
100 90 182 1
22 30 218 1
30 22 218 1
113 115 188 1
115 113 188 1
78 80 116 1
80 78 116 1
28 62 527 1
62 28 527 1
111 115 269 1
115 111 269 1
66 67 177 1
67 66 177 1
7 65 934 1
65 7 934 1
8 14 205 1
14 8 205 1
57 68 520 1
68 57 520 1
64 65 897 1
65 64 897 1
91 101 197 1
101 91 197 1
111 113 191 1
113 111 191 1
29 79 257 1
79 29 257 1
105 115 176 1
115 105 176 1
98 112 277 1
112 98 277 1
29 80 961 1
80 29 961 1
36 74 242 1
74 36 242 1
7 11 254 1
11 7 254 1
11 13 168 1
13 11 168 1
28 36 321 1
36 28 321 1
16 29 882 1
29 16 882 1
56 57 840 1
57 56 840 1
93 100 653 1
100 93 653 1
2 22 228 1
22 2 228 1
6 12 248 1
12 6 248 1
93 103 173 1
103 93 173 1
8 26 300 1
26 8 300 1
17 80 1070 1
80 17 1070 1
70 77 376 1
77 70 376 1
7 61 813 1
61 7 813 1
99 108 310 1
108 99 310 1
72 76 257 1
76 72 257 1
28 40 248 1
40 28 248 1
31 34 815 1
34 31 815 1
4 24 144 1
24 4 144 1
36 81 848 1
81 36 848 1
39 41 161 1
41 39 161 1
10 11 986 1
11 10 986 1
75 76 374 1
76 75 374 1
91 102 669 1
102 91 669 1
91 112 368 1
112 91 368 1
90 101 719 1
101 90 719 1
12 13 959 1
13 12 959 1
103 111 432 1
111 103 432 1
45 49 111 1
49 45 111 1
50 51 698 1
51 50 698 1
4 14 255 1
14 4 255 1
4 58 1292 1
58 4 1292 1
95 113 351 1
113 95 351 1
40 72 200 1
72 40 200 1
46 52 244 1
52 46 244 1
62 81 1169 1
81 62 1169 1
90 103 653 1
103 90 653 1
11 64 1218 1
64 11 1218 1
22 31 234 1
31 22 234 1
2 6 165 1
6 2 165 1
16 76 379 1
76 16 379 1
78 105 821 1
105 78 821 1
16 62 313 1
62 16 313 1
22 84 1027 1
84 22 1027 1
8 24 258 1
24 8 258 1
57 69 378 1
69 57 378 1
36 37 542 1
37 36 542 1
73 77 274 1
77 73 274 1
59 60 718 1
60 59 718 1
96 99 428 1
99 96 428 1
108 112 335 1
112 108 335 1
91 110 456 1
110 91 456 1
24 26 201 1
26 24 201 1
38 40 158 1
40 38 158 1
65 88 1179 1
88 65 1179 1
68 79 805 1
79 68 805 1
54 88 224 1
88 54 224 1
43 47 146 1
47 43 146 1
97 111 292 1
111 97 292 1
39 96 494 1
96 39 494 1
101 104 464 1
104 101 464 1
91 92 669 1
92 91 669 1
40 73 549 1
73 40 549 1
104 115 184 1
115 104 184 1
15 26 469 1
26 15 469 1
29 36 705 1
36 29 705 1
39 97 289 1
97 39 289 1
105 113 210 1
113 105 210 1
112 115 269 1
115 112 269 1
25 31 272 1
31 25 272 1
36 80 330 1
80 36 330 1
43 110 298 1
110 43 298 1
100 103 576 1
103 100 576 1
91 98 616 1
98 91 616 1
17 72 781 1
72 17 781 1
90 102 246 1
102 90 246 1
91 103 258 1
103 91 258 1
54 86 568 1
86 54 568 1
76 79 567 1
79 76 567 1
105 111 367 1
111 105 367 1
6 64 941 1
64 6 941 1
95 109 146 1
109 95 146 1
108 113 292 1
113 108 292 1
4 60 1138 1
60 4 1138 1
37 40 562 1
40 37 562 1
0 58 565 1
58 0 565 1
86 88 460 1
88 86 460 1
40 74 182 1
74 40 182 1
103 112 375 1
112 103 375 1
36 76 232 1
76 36 232 1
12 58 1025 1
58 12 1025 1
23 30 259 1
30 23 259 1
103 105 173 1
105 103 173 1
103 113 295 1
113 103 295 1
105 110 411 1
110 105 411 1
6 11 866 1
11 6 866 1
3 7 185 1
7 3 185 1
31 109 819 1
109 31 819 1
103 115 322 1
115 103 322 1
38 54 263 1
54 38 263 1
64 84 478 1
84 64 478 1
4 59 1372 1
59 4 1372 1
8 60 1121 1
60 8 1121 1
73 81 406 1
81 73 406 1
37 39 117 1
39 37 117 1
39 54 618 1
54 39 618 1
87 88 1035 1
88 87 1035 1
29 78 851 1
78 29 851 1
34 77 351 1
77 34 351 1
5 27 165 1
27 5 165 1
28 81 975 1
81 28 975 1
8 12 346 1
12 8 346 1
16 57 981 1
57 16 981 1
23 84 1113 1
84 23 1113 1
40 81 874 1
81 40 874 1
17 28 894 1
28 17 894 1
31 77 552 1
77 31 552 1
35 45 385 1
45 35 385 1
59 66 363 1
66 59 363 1
90 104 351 1
104 90 351 1
100 101 656 1
101 100 656 1
29 74 571 1
74 29 571 1
36 75 517 1
75 36 517 1
43 79 634 1
79 43 634 1
94 96 89 1
96 94 89 1
48 52 415 1
52 48 415 1
16 28 220 1
28 16 220 1
55 99 216 1
99 55 216 1
72 80 384 1
80 72 384 1
76 78 312 1
78 76 312 1
72 75 453 1
75 72 453 1
77 109 318 1
109 77 318 1
76 81 691 1
81 76 691 1
99 113 264 1
113 99 264 1
8 58 1298 1
58 8 1298 1
11 65 770 1
65 11 770 1
23 85 1053 1
85 23 1053 1
29 40 655 1
40 29 655 1
31 44 1185 1
44 31 1185 1
36 38 122 1
38 36 122 1
37 77 246 1
77 37 246 1
3 88 1145 1
88 3 1145 1
29 73 113 1
73 29 113 1
12 61 1246 1
61 12 1246 1
25 84 1066 1
84 25 1066 1
20 41 386 1
41 20 386 1
38 55 598 1
55 38 598 1
43 109 418 1
109 43 418 1
97 110 221 1
110 97 221 1
102 111 440 1
111 102 440 1
109 110 135 1
110 109 135 1
100 102 87 1
102 100 87 1
60 65 898 1
65 60 898 1
108 115 135 1
115 108 135 1
37 75 239 1
75 37 239 1
55 108 332 1
108 55 332 1
57 78 938 1
78 57 938 1
16 72 287 1
72 16 287 1
105 108 296 1
108 105 296 1
9 24 385 1
24 9 385 1
21 86 520 1
86 21 520 1
38 86 366 1
86 38 366 1
2 25 585 1
25 2 585 1
3 65 942 1
65 3 942 1
37 41 217 1
41 37 217 1
98 103 555 1
103 98 555 1
114 115 96 1
115 114 96 1
4 66 1205 1
66 4 1205 1
16 43 905 1
43 16 905 1
49 50 585 1
50 49 585 1
82 88 444 1
88 82 444 1
36 78 263 1
78 36 263 1
95 115 205 1
115 95 205 1
104 113 229 1
113 104 229 1
113 114 95 1
114 113 95 1
13 61 843 1
61 13 843 1
39 94 407 1
94 39 407 1
22 50 1336 1
50 22 1336 1
101 112 405 1
112 101 405 1
104 111 377 1
111 104 377 1
29 76 555 1
76 29 555 1
31 71 265 1
71 31 265 1
60 66 370 1
66 60 370 1
3 23 271 1
23 3 271 1
98 102 260 1
102 98 260 1
6 8 485 1
8 6 485 1
7 60 1133 1
60 7 1133 1
16 56 380 1
56 16 380 1
67 90 867 1
90 67 867 1
70 75 355 1
75 70 355 1
69 103 1214 1
103 69 1214 1
57 81 488 1
81 57 488 1
71 73 163 1
73 71 163 1
76 80 424 1
80 76 424 1
10 60 650 1
60 10 650 1
37 38 515 1
38 37 515 1
37 73 278 1
73 37 278 1
20 88 611 1
88 20 611 1
47 96 412 1
96 47 412 1
8 107 1063 1
107 8 1063 1
34 75 559 1
75 34 559 1
86 89 1016 1
89 86 1016 1
96 108 167 1
108 96 167 1
97 105 299 1
105 97 299 1
28 82 255 1
82 28 255 1
69 93 1169 1
93 69 1169 1
1 69 441 1
69 1 441 1
14 82 179 1
82 14 179 1
22 85 1113 1
85 22 1113 1
74 77 362 1
77 74 362 1
16 73 769 1
73 16 769 1
23 31 199 1
31 23 199 1
25 67 1191 1
67 25 1191 1
63 79 303 1
79 63 303 1
74 81 792 1
81 74 792 1
21 31 344 1
31 21 344 1
96 109 176 1
109 96 176 1
104 110 417 1
110 104 417 1
2 7 566 1
7 2 566 1
30 109 796 1
109 30 796 1
32 56 384 1
56 32 384 1
43 78 794 1
78 43 794 1
54 87 939 1
87 54 939 1
73 79 296 1
79 73 296 1
27 89 807 1
89 27 807 1
91 104 542 1
104 91 542 1
50 52 243 1
52 50 243 1
90 112 377 1
112 90 377 1
108 109 87 1
109 108 87 1
46 49 541 1
49 46 541 1
42 47 281 1
47 42 281 1
46 96 270 1
96 46 270 1
62 72 566 1
72 62 566 1
63 81 293 1
81 63 293 1
90 111 396 1
111 90 396 1
94 108 97 1
108 94 97 1
13 60 1245 1
60 13 1245 1
55 94 428 1
94 55 428 1
14 88 613 1
88 14 613 1
25 30 292 1
30 25 292 1
71 77 297 1
77 71 297 1
21 71 214 1
71 21 214 1
22 64 1169 1
64 22 1169 1
91 99 166 1
99 91 166 1
0 1 800 1
1 0 800 1
90 98 163 1
98 90 163 1
94 99 399 1
99 94 399 1
0 107 1161 1
107 0 1161 1
54 96 167 1
96 54 167 1
99 103 258 1
103 99 258 1
101 107 310 1
107 101 310 1
16 74 335 1
74 16 335 1
35 67 262 1
67 35 262 1
85 89 220 1
89 85 220 1
15 24 514 1
24 15 514 1
40 78 376 1
78 40 376 1
44 48 114 1
48 44 114 1
50 85 1013 1
85 50 1013 1
56 78 391 1
78 56 391 1
1 63 334 1
63 1 334 1
20 89 778 1
89 20 778 1
93 104 478 1
104 93 478 1
0 59 847 1
59 0 847 1
63 80 1146 1
80 63 1146 1
28 74 188 1
74 28 188 1
30 71 303 1
71 30 303 1
82 86 143 1
86 82 143 1
32 41 693 1
41 32 693 1
40 80 433 1
80 40 433 1
50 84 554 1
84 50 554 1
70 73 402 1
73 70 402 1
19 112 1132 1
112 19 1132 1
98 108 315 1
108 98 315 1
2 18 379 1
18 2 379 1
55 105 373 1
105 55 373 1
96 98 184 1
98 96 184 1
97 98 437 1
98 97 437 1
99 107 302 1
107 99 302 1
20 82 329 1
82 20 329 1
27 51 1246 1
51 27 1246 1
36 79 738 1
79 36 738 1
68 78 695 1
78 68 695 1
91 115 428 1
115 91 428 1
108 111 286 1
111 108 286 1
1 102 1288 1
102 1 1288 1
56 79 965 1
79 56 965 1
6 13 864 1
13 6 864 1
25 64 1312 1
64 25 1312 1
41 75 187 1
75 41 187 1
54 104 337 1
104 54 337 1
0 18 364 1
18 0 364 1
96 111 286 1
111 96 286 1
11 12 972 1
12 11 972 1
19 80 851 1
80 19 851 1
19 103 1259 1
103 19 1259 1
23 64 1238 1
64 23 1238 1
72 78 300 1
78 72 300 1
99 115 285 1
115 99 285 1
15 59 1185 1
59 15 1185 1
69 90 1119 1
90 69 1119 1
73 80 850 1
80 73 850 1
5 58 1366 1
58 5 1366 1
62 79 1049 1
79 62 1049 1
4 12 434 1
12 4 434 1
15 58 1327 1
58 15 1327 1
46 50 303 1
50 46 303 1
6 60 799 1
60 6 799 1
72 81 860 1
81 72 860 1
95 111 347 1
111 95 347 1
3 11 395 1
11 3 395 1
26 56 972 1
56 26 972 1
88 107 781 1
107 88 781 1
7 12 856 1
12 7 856 1
16 36 349 1
36 16 349 1
23 50 1386 1
50 23 1386 1
1 68 549 1
68 1 549 1
33 44 737 1
44 33 737 1
72 79 733 1
79 72 733 1
92 103 574 1
103 92 574 1
95 112 395 1
112 95 395 1
14 60 967 1
60 14 967 1
34 109 367 1
109 34 367 1
38 114 469 1
114 38 469 1
56 68 408 1
68 56 408 1
65 67 361 1
67 65 361 1
8 59 1427 1
59 8 1427 1
21 75 222 1
75 21 222 1
99 105 287 1
105 99 287 1
74 80 415 1
80 74 415 1
91 100 719 1
100 91 719 1
16 63 1092 1
63 16 1092 1
29 62 1067 1
62 29 1067 1
59 67 245 1
67 59 245 1
69 91 1081 1
91 69 1081 1
14 58 1155 1
58 14 1155 1
34 45 409 1
45 34 409 1
8 66 1233 1
66 8 1233 1
24 52 1359 1
52 24 1359 1
42 49 396 1
49 42 396 1
31 35 790 1
35 31 790 1
92 104 310 1
104 92 310 1
11 61 675 1
61 11 675 1
67 92 922 1
92 67 922 1
29 31 454 1
31 29 454 1
31 33 517 1
33 31 517 1
34 44 373 1
44 34 373 1
47 55 367 1
55 47 367 1
16 68 706 1
68 16 706 1
37 74 520 1
74 37 520 1
30 44 1163 1
44 30 1163 1
36 39 517 1
39 36 517 1
69 79 707 1
79 69 707 1
83 84 1154 1
84 83 1154 1
110 113 304 1
113 110 304 1
8 61 1371 1
61 8 1371 1
12 15 906 1
15 12 906 1
22 48 1339 1
48 22 1339 1
25 35 978 1
35 25 978 1
26 59 1291 1
59 26 1291 1
60 63 1021 1
63 60 1021 1
31 75 419 1
75 31 419 1
33 35 375 1
35 33 375 1
97 113 312 1
113 97 312 1
57 80 1050 1
80 57 1050 1
3 22 347 1
22 3 347 1
18 32 279 1
32 18 279 1
0 32 356 1
32 0 356 1
14 15 772 1
15 14 772 1
14 89 1093 1
89 14 1093 1
38 72 305 1
72 38 305 1
46 48 368 1
48 46 368 1
46 55 584 1
55 46 584 1
29 38 680 1
38 29 680 1
36 77 422 1
77 36 422 1
0 61 943 1
61 0 943 1
3 49 1127 1
49 3 1127 1
10 13 1004 1
13 10 1004 1
17 43 764 1
43 17 764 1
17 62 1129 1
62 17 1129 1
28 79 847 1
79 28 847 1
37 76 441 1
76 37 441 1
56 80 431 1
80 56 431 1
69 102 1226 1
102 69 1226 1
97 115 218 1
115 97 218 1
1 19 351 1
19 1 351 1
41 73 204 1
73 41 204 1
56 63 1014 1
63 56 1014 1
0 101 1354 1
101 0 1354 1
5 59 1317 1
59 5 1317 1
41 49 946 1
49 41 946 1
57 102 1241 1
102 57 1241 1
60 64 187 1
64 60 187 1
92 101 634 1
101 92 634 1
2 3 405 1
3 2 405 1
31 72 482 1
72 31 482 1
36 41 570 1
41 36 570 1
39 110 466 1
110 39 466 1
40 76 327 1
76 40 327 1
68 80 778 1
80 68 778 1
95 99 272 1
99 95 272 1
19 111 1024 1
111 19 1024 1
24 50 1395 1
50 24 1395 1
42 45 300 1
45 42 300 1
64 82 943 1
82 64 943 1
109 111 273 1
111 109 273 1
4 27 279 1
27 4 279 1
4 61 1291 1
61 4 1291 1
58 65 718 1
65 58 718 1
103 110 496 1
110 103 496 1
4 107 958 1
107 4 958 1
34 67 275 1
67 34 275 1
41 74 484 1
74 41 484 1
76 109 320 1
109 76 320 1
17 36 828 1
36 17 828 1
68 103 1277 1
103 68 1277 1
34 70 564 1
70 34 564 1
42 44 208 1
44 42 208 1
11 83 383 1
83 11 383 1
28 76 345 1
76 28 345 1
38 74 265 1
74 38 265 1
60 62 241 1
62 60 241 1
10 28 213 1
28 10 213 1
21 54 704 1
54 21 704 1
23 83 710 1
83 23 710 1
25 27 193 1
27 25 193 1
37 96 506 1
96 37 506 1
98 105 417 1
105 98 417 1
99 110 299 1
110 99 299 1
17 76 648 1
76 17 648 1
25 34 1006 1
34 25 1006 1
83 87 158 1
87 83 158 1
92 102 211 1
102 92 211 1
95 96 288 1
96 95 288 1
110 115 264 1
115 110 264 1
6 10 299 1
10 6 299 1
7 8 828 1
8 7 828 1
24 48 1432 1
48 24 1432 1
43 76 617 1
76 43 617 1
102 115 318 1
115 102 318 1
17 40 824 1
40 17 824 1
99 101 266 1
101 99 266 1
4 52 1272 1
52 4 1272 1
17 73 298 1
73 17 298 1
40 75 477 1
75 40 477 1
46 51 585 1
51 46 585 1
67 100 988 1
100 67 988 1
97 107 263 1
107 97 263 1
21 72 388 1
72 21 388 1
27 65 1171 1
65 27 1171 1
30 95 791 1
95 30 791 1
10 61 1158 1
61 10 1158 1
73 78 740 1
78 73 740 1
28 73 629 1
73 28 629 1
40 62 664 1
62 40 664 1
42 46 173 1
46 42 173 1
43 51 245 1
51 43 245 1
75 109 462 1
109 75 462 1
91 108 473 1
108 91 473 1
99 102 560 1
102 99 560 1
34 71 603 1
71 34 603 1
17 74 721 1
74 17 721 1
20 21 185 1
21 20 185 1
53 55 448 1
55 53 448 1
35 77 284 1
77 35 284 1
65 92 1075 1
92 65 1075 1
30 34 790 1
34 30 790 1
43 45 199 1
45 43 199 1
74 78 322 1
78 74 322 1
88 90 414 1
90 88 414 1
97 112 339 1
112 97 339 1
28 83 861 1
83 28 861 1
30 77 559 1
77 30 559 1
82 87 849 1
87 82 849 1
90 99 615 1
99 90 615 1
2 11 744 1
11 2 744 1
40 79 762 1
79 40 762 1
46 83 1042 1
83 46 1042 1
30 64 1064 1
64 30 1064 1
67 93 875 1
93 67 875 1
83 85 549 1
85 83 549 1
90 115 420 1
115 90 420 1
105 112 319 1
112 105 319 1
2 64 992 1
64 2 992 1
35 70 574 1
70 35 574 1
94 114 259 1
114 94 259 1
22 49 1332 1
49 22 1332 1
30 75 454 1
75 30 454 1
51 55 568 1
55 51 568 1
13 65 935 1
65 13 935 1
36 62 525 1
62 36 525 1
43 80 868 1
80 43 868 1
79 105 747 1
105 79 747 1
2 67 952 1
67 2 952 1
12 14 278 1
14 12 278 1
13 58 1244 1
58 13 1244 1
18 107 1141 1
107 18 1141 1
31 70 334 1
70 31 334 1
43 105 608 1
105 43 608 1
98 101 623 1
101 98 623 1
14 64 1035 1
64 14 1035 1
21 38 458 1
38 21 458 1
65 89 679 1
89 65 679 1
94 115 181 1
115 94 181 1
102 106 217 1
106 102 217 1
31 45 1171 1
45 31 1171 1
70 74 155 1
74 70 155 1
26 52 1199 1
52 26 1199 1
56 81 1090 1
81 56 1090 1
74 79 666 1
79 74 666 1
19 32 289 1
32 19 289 1
38 94 246 1
94 38 246 1
77 95 322 1
95 77 322 1
97 114 263 1
114 97 263 1
3 83 681 1
83 3 681 1
16 42 811 1
42 16 811 1
19 102 1271 1
102 19 1271 1
23 92 1466 1
92 23 1466 1
32 80 590 1
80 32 590 1
41 56 991 1
56 41 991 1
97 109 174 1
109 97 174 1
100 104 240 1
104 100 240 1
3 107 1071 1
107 3 1071 1
55 95 221 1
95 55 221 1
38 73 580 1
73 38 580 1
82 84 544 1
84 82 544 1
89 92 938 1
92 89 938 1
19 101 1295 1
101 19 1295 1
89 90 968 1
90 89 968 1
98 110 300 1
110 98 300 1
31 40 592 1
40 31 592 1
51 52 786 1
52 51 786 1
0 7 871 1
7 0 871 1
19 98 1076 1
98 19 1076 1
52 59 956 1
59 52 956 1
62 78 287 1
78 62 287 1
78 104 706 1
104 78 706 1
91 105 371 1
105 91 371 1
101 115 407 1
115 101 407 1
21 87 397 1
87 21 397 1
29 37 304 1
37 29 304 1
49 55 664 1
55 49 664 1
71 82 622 1
82 71 622 1
34 64 445 1
64 34 445 1
38 78 371 1
78 38 371 1
69 101 1234 1
101 69 1234 1
98 104 286 1
104 98 286 1
100 106 280 1
106 100 280 1
1 56 851 1
56 1 851 1
7 45 1151 1
45 7 1151 1
26 58 1249 1
58 26 1249 1
35 44 409 1
44 35 409 1
47 52 540 1
52 47 540 1
2 13 744 1
13 2 744 1
40 77 472 1
77 40 472 1
71 72 402 1
72 71 402 1
109 113 333 1
113 109 333 1
2 23 340 1
23 2 340 1
21 74 343 1
74 21 343 1
38 97 469 1
97 38 469 1
43 46 341 1
46 43 341 1
17 63 324 1
63 17 324 1
15 60 1288 1
60 15 1288 1
39 40 508 1
40 39 508 1
71 95 547 1
95 71 547 1
72 77 430 1
77 72 430 1
102 112 391 1
112 102 391 1
15 52 1350 1
52 15 1350 1
29 75 189 1
75 29 189 1
40 86 262 1
86 40 262 1
90 113 376 1
113 90 376 1
104 108 301 1
108 104 301 1
20 34 683 1
34 20 683 1
29 77 357 1
77 29 357 1
98 100 250 1
100 98 250 1
2 31 377 1
31 2 377 1
28 44 945 1
44 28 945 1
42 109 434 1
109 42 434 1
44 46 353 1
46 44 353 1
95 114 280 1
114 95 280 1
104 112 332 1
112 104 332 1
5 95 829 1
95 5 829 1
27 59 1253 1
59 27 1253 1
31 95 797 1
95 31 797 1
47 111 188 1
111 47 188 1
17 105 863 1
105 17 863 1
24 59 1364 1
59 24 1364 1
24 67 1223 1
67 24 1223 1
40 54 405 1
54 40 405 1
46 53 547 1
53 46 547 1
46 110 220 1
110 46 220 1
0 26 879 1
26 0 879 1
2 30 317 1
30 2 317 1
11 60 1139 1
60 11 1139 1
21 89 648 1
89 21 648 1
64 83 1303 1
83 64 1303 1
32 62 548 1
62 32 548 1
38 62 642 1
62 38 642 1
38 105 521 1
105 38 521 1
43 81 665 1
81 43 665 1
110 112 272 1
112 110 272 1
43 44 290 1
44 43 290 1
103 106 532 1
106 103 532 1
19 91 1171 1
91 19 1171 1
36 105 576 1
105 36 576 1
54 97 484 1
97 54 484 1
57 62 1000 1
62 57 1000 1
90 108 470 1
108 90 470 1
99 104 430 1
104 99 430 1
26 107 808 1
107 26 808 1
27 52 1228 1
52 27 1228 1
40 82 231 1
82 40 231 1
42 80 740 1
80 42 740 1
77 111 559 1
111 77 559 1
77 113 641 1
113 77 641 1
95 105 309 1
105 95 309 1
104 106 195 1
106 104 195 1
6 71 586 1
71 6 586 1
23 48 1375 1
48 23 1375 1
33 34 394 1
34 33 394 1
47 51 339 1
51 47 339 1
52 55 814 1
55 52 814 1
59 89 931 1
89 59 931 1
59 90 1104 1
90 59 1104 1
3 75 534 1
75 3 534 1
55 89 213 1
89 55 213 1
55 98 606 1
98 55 606 1
62 74 590 1
74 62 590 1
69 78 773 1
78 69 773 1
10 72 309 1
72 10 309 1
14 53 1349 1
53 14 1349 1
29 30 533 1
30 29 533 1
43 97 409 1
97 43 409 1
71 87 510 1
87 71 510 1
88 92 521 1
92 88 521 1
5 107 867 1
107 5 867 1
9 107 919 1
107 9 919 1
37 110 431 1
110 37 431 1
77 114 582 1
114 77 582 1
3 18 417 1
18 3 417 1
27 67 1105 1
67 27 1105 1
44 72 894 1
72 44 894 1
107 114 333 1
114 107 333 1
0 88 782 1
88 0 782 1
7 58 1136 1
58 7 1136 1
10 82 401 1
82 10 401 1
16 19 740 1
19 16 740 1
19 33 238 1
33 19 238 1
68 93 1248 1
93 68 1248 1
87 96 843 1
96 87 843 1
63 66 706 1
66 63 706 1
77 110 393 1
110 77 393 1
98 109 329 1
109 98 329 1
14 52 1090 1
52 14 1090 1
31 64 1128 1
64 31 1128 1
59 100 1223 1
100 59 1223 1
68 102 1226 1
102 68 1226 1
100 113 356 1
113 100 356 1
1 93 1107 1
93 1 1107 1
26 53 1271 1
53 26 1271 1
7 64 1244 1
64 7 1244 1
7 88 1209 1
88 7 1209 1
34 76 309 1
76 34 309 1
42 110 303 1
110 42 303 1
59 65 304 1
65 59 304 1
6 82 587 1
82 6 587 1
16 40 399 1
40 16 399 1
21 34 706 1
34 21 706 1
24 49 1432 1
49 24 1432 1
58 88 918 1
88 58 918 1
68 105 1200 1
105 68 1200 1
93 98 589 1
98 93 589 1
10 86 544 1
86 10 544 1
26 51 1298 1
51 26 1298 1
55 87 559 1
87 55 559 1
90 110 460 1
110 90 460 1
15 83 194 1
83 15 194 1
36 52 586 1
52 36 586 1
55 110 380 1
110 55 380 1
69 80 866 1
80 69 866 1
91 94 561 1
94 91 561 1
92 111 381 1
111 92 381 1
94 95 213 1
95 94 213 1
5 60 1275 1
60 5 1275 1
21 73 247 1
73 21 247 1
30 72 390 1
72 30 390 1
39 43 659 1
43 39 659 1
51 73 868 1
73 51 868 1
55 107 232 1
107 55 232 1
20 86 362 1
86 20 362 1
47 68 881 1
68 47 881 1
58 63 892 1
63 58 892 1
91 113 366 1
113 91 366 1
92 113 313 1
113 92 313 1
108 110 194 1
110 108 194 1
41 53 839 1
53 41 839 1
43 49 240 1
49 43 240 1
61 100 1241 1
100 61 1241 1
99 114 265 1
114 99 265 1
5 65 1232 1
65 5 1232 1
16 69 803 1
69 16 803 1
27 49 1272 1
49 27 1272 1
54 107 612 1
107 54 612 1
98 113 276 1
113 98 276 1
14 59 1320 1
59 14 1320 1
33 45 716 1
45 33 716 1
39 105 458 1
105 39 458 1
39 114 488 1
114 39 488 1
47 50 544 1
50 47 544 1
101 113 350 1
113 101 350 1
20 32 609 1
32 20 609 1
25 113 1193 1
113 25 1193 1
61 63 238 1
63 61 238 1
94 110 220 1
110 94 220 1
1 86 1182 1
86 1 1182 1
7 9 490 1
9 7 490 1
19 82 964 1
82 19 964 1
68 104 1183 1
104 68 1183 1
13 59 1042 1
59 13 1042 1
20 75 348 1
75 20 348 1
47 69 806 1
69 47 806 1
48 55 832 1
55 48 832 1
6 66 934 1
66 6 934 1
19 79 658 1
79 19 658 1
38 75 499 1
75 38 499 1
39 75 260 1
75 39 260 1
66 93 972 1
93 66 972 1
90 107 713 1
107 90 713 1
1 88 1198 1
88 1 1198 1
2 24 548 1
24 2 548 1
14 83 858 1
83 14 858 1
14 90 988 1
90 14 988 1
25 85 1018 1
85 25 1018 1
52 54 402 1
54 52 402 1
96 112 337 1
112 96 337 1
10 58 862 1
58 10 862 1
29 33 510 1
33 29 510 1
41 72 550 1
72 41 550 1
63 78 1033 1
78 63 1033 1
97 104 399 1
104 97 399 1
0 60 405 1
60 0 405 1
3 64 1134 1
64 3 1134 1
8 65 1425 1
65 8 1425 1
12 59 1240 1
59 12 1240 1
24 58 1328 1
58 24 1328 1
37 72 595 1
72 37 595 1
45 48 304 1
48 45 304 1
54 68 945 1
68 54 945 1
89 96 700 1
96 89 700 1
94 98 264 1
98 94 264 1
6 65 1218 1
65 6 1218 1
39 51 768 1
51 39 768 1
54 105 491 1
105 54 491 1
69 98 991 1
98 69 991 1
31 43 1106 1
43 31 1106 1
61 64 928 1
64 61 928 1
73 95 476 1
95 73 476 1
1 79 428 1
79 1 428 1
1 20 838 1
20 1 838 1
3 20 648 1
20 3 648 1
4 6 536 1
6 4 536 1
67 89 830 1
89 67 830 1
76 95 396 1
95 76 396 1
106 107 486 1
107 106 486 1
24 51 1429 1
51 24 1429 1
27 54 856 1
54 27 856 1
29 109 610 1
109 29 610 1
40 41 506 1
41 40 506 1
43 75 740 1
75 43 740 1
56 69 542 1
69 56 542 1
61 107 939 1
107 61 939 1
68 110 813 1
110 68 813 1
103 108 420 1
108 103 420 1
25 50 1404 1
50 25 1404 1
30 49 1208 1
49 30 1208 1
71 83 425 1
83 71 425 1
75 95 407 1
95 75 407 1
5 12 722 1
12 5 722 1
71 110 676 1
110 71 676 1
81 85 175 1
85 81 175 1
3 50 1273 1
50 3 1273 1
7 59 970 1
59 7 970 1
27 88 863 1
88 27 863 1
37 71 401 1
71 37 401 1
38 96 284 1
96 38 284 1
59 107 1064 1
107 59 1064 1
64 85 1107 1
85 64 1107 1
68 115 1040 1
115 68 1040 1
5 14 572 1
14 5 572 1
7 26 675 1
26 7 675 1
29 43 829 1
43 29 829 1
36 97 483 1
97 36 483 1
43 111 293 1
111 43 293 1
53 94 658 1
94 53 658 1
65 107 863 1
107 65 863 1
12 28 275 1
28 12 275 1
35 71 557 1
71 35 557 1
41 94 523 1
94 41 523 1
55 78 841 1
78 55 841 1
63 69 603 1
69 63 603 1
92 105 456 1
105 92 456 1
4 65 1344 1
65 4 1344 1
10 64 755 1
64 10 755 1
22 24 386 1
24 22 386 1
43 77 556 1
77 43 556 1
44 50 287 1
50 44 287 1
65 100 1146 1
100 65 1146 1
0 20 725 1
20 0 725 1
21 70 303 1
70 21 303 1
21 88 754 1
88 21 754 1
107 108 333 1
108 107 333 1
33 41 611 1
41 33 611 1
34 84 580 1
84 34 580 1
39 89 325 1
89 39 325 1
42 51 463 1
51 42 463 1
66 101 1048 1
101 66 1048 1
15 61 998 1
61 15 998 1
21 109 565 1
109 21 565 1
29 97 574 1
97 29 574 1
42 53 475 1
53 42 475 1
52 89 1027 1
89 52 1027 1
59 88 1182 1
88 59 1182 1
61 66 546 1
66 61 546 1
69 115 1010 1
115 69 1010 1
71 108 604 1
108 71 604 1
73 85 516 1
85 73 516 1
3 6 559 1
6 3 559 1
9 58 1436 1
58 9 1436 1
27 50 1279 1
50 27 1279 1
43 55 485 1
55 43 485 1
69 111 906 1
111 69 906 1
105 109 371 1
109 105 371 1
22 51 1360 1
51 22 1360 1
31 76 584 1
76 31 584 1
31 113 1132 1
113 31 1132 1
6 61 1132 1
61 6 1132 1
7 67 937 1
67 7 937 1
9 95 899 1
95 9 899 1
18 112 1158 1
112 18 1158 1
47 48 490 1
48 47 490 1
64 88 675 1
88 64 675 1
16 111 812 1
111 16 812 1
23 71 443 1
71 23 443 1
28 31 545 1
31 28 545 1
38 79 739 1
79 38 739 1
49 53 406 1
53 49 406 1
53 80 1109 1
80 53 1109 1
68 91 1170 1
91 68 1170 1
78 103 971 1
103 78 971 1
79 98 871 1
98 79 871 1
12 62 664 1
62 12 664 1
40 95 491 1
95 40 491 1
69 110 773 1
110 69 773 1
79 97 479 1
97 79 479 1
26 49 1309 1
49 26 1309 1
33 80 703 1
80 33 703 1
51 53 271 1
53 51 271 1
93 111 397 1
111 93 397 1
2 113 1266 1
113 2 1266 1
19 28 732 1
28 19 732 1
30 76 537 1
76 30 537 1
39 87 370 1
87 39 370 1
40 109 467 1
109 40 467 1
77 105 632 1
105 77 632 1
28 78 272 1
78 28 272 1
28 109 610 1
109 28 610 1
41 62 1018 1
62 41 1018 1
42 75 840 1
75 42 840 1
44 94 628 1
94 44 628 1
72 105 795 1
105 72 795 1
78 115 652 1
115 78 652 1
93 112 343 1
112 93 343 1
6 67 991 1
67 6 991 1
20 37 510 1
37 20 510 1
31 110 923 1
110 31 923 1
32 63 656 1
63 32 656 1
92 98 220 1
98 92 220 1
14 65 1320 1
65 14 1320 1
19 115 1045 1
115 19 1045 1
41 54 714 1
54 41 714 1
55 115 361 1
115 55 361 1
56 62 252 1
62 56 252 1
19 93 1252 1
93 19 1252 1
23 51 1340 1
51 23 1340 1
36 95 408 1
95 36 408 1
8 64 1208 1
64 8 1208 1
15 53 1143 1
53 15 1143 1
21 27 209 1
27 21 209 1
49 72 1014 1
72 49 1014 1
3 85 893 1
85 3 893 1
28 30 436 1
30 28 436 1
47 49 380 1
49 47 380 1
68 81 913 1
81 68 913 1
99 109 321 1
109 99 321 1
3 89 961 1
89 3 961 1
9 59 1335 1
59 9 1335 1
58 67 368 1
67 58 368 1
61 67 382 1
67 61 382 1
68 111 952 1
111 68 952 1
70 76 285 1
76 70 285 1
78 98 547 1
98 78 547 1
101 111 463 1
111 101 463 1
0 66 594 1
66 0 594 1
1 61 385 1
61 1 385 1
18 103 1302 1
103 18 1302 1
50 55 863 1
55 50 863 1
79 111 717 1
111 79 717 1
26 41 487 1
41 26 487 1
34 37 540 1
37 34 540 1
94 107 417 1
107 94 417 1
2 66 917 1
66 2 917 1
19 99 1048 1
99 19 1048 1
26 66 1142 1
66 26 1142 1
31 84 971 1
84 31 971 1
37 81 336 1
81 37 336 1
89 100 936 1
100 89 936 1
107 112 482 1
112 107 482 1
5 52 1379 1
52 5 1379 1
23 87 803 1
87 23 803 1
26 60 1118 1
60 26 1118 1
43 72 870 1
72 43 870 1
76 114 580 1
114 76 580 1
79 94 650 1
94 79 650 1
27 48 1308 1
48 27 1308 1
69 104 1167 1
104 69 1167 1
96 105 387 1
105 96 387 1
0 13 1027 1
13 0 1027 1
6 58 957 1
58 6 957 1
16 105 923 1
105 16 923 1
43 96 503 1
96 43 503 1
49 52 718 1
52 49 718 1
51 98 763 1
98 51 763 1
52 58 705 1
58 52 705 1
55 68 1003 1
68 55 1003 1
72 86 399 1
86 72 399 1
31 73 397 1
73 31 397 1
37 54 645 1
54 37 645 1
85 87 616 1
87 85 616 1
29 44 1005 1
44 29 1005 1
33 60 632 1
60 33 632 1
40 55 690 1
55 40 690 1
43 115 517 1
115 43 517 1
47 97 280 1
97 47 280 1
71 97 615 1
97 71 615 1
102 105 355 1
105 102 355 1
0 10 381 1
10 0 381 1
6 31 464 1
31 6 464 1
35 109 338 1
109 35 338 1
42 76 612 1
76 42 612 1
32 68 304 1
68 32 304 1
33 62 690 1
62 33 690 1
39 47 551 1
47 39 551 1
82 94 609 1
94 82 609 1
89 107 337 1
107 89 337 1
9 53 1347 1
53 9 1347 1
11 44 1105 1
44 11 1105 1
18 68 315 1
68 18 315 1
21 40 380 1
40 21 380 1
31 74 479 1
74 31 479 1
45 51 254 1
51 45 254 1
57 103 1078 1
103 57 1078 1
5 61 1171 1
61 5 1171 1
34 74 510 1
74 34 510 1
28 111 842 1
111 28 842 1
36 54 228 1
54 36 228 1
49 75 865 1
75 49 865 1
51 79 637 1
79 51 637 1
67 103 944 1
103 67 944 1
71 96 683 1
96 71 683 1
78 97 697 1
97 78 697 1
95 107 258 1
107 95 258 1
102 113 317 1
113 102 317 1
14 93 1238 1
93 14 1238 1
22 114 1232 1
114 22 1232 1
40 111 707 1
111 40 707 1
43 108 477 1
108 43 477 1
45 67 282 1
67 45 282 1
46 98 212 1
98 46 212 1
14 27 449 1
27 14 449 1
36 111 534 1
111 36 534 1
60 88 724 1
88 60 724 1
100 112 410 1
112 100 410 1
17 56 1024 1
56 17 1024 1
30 108 817 1
108 30 817 1
36 109 326 1
109 36 326 1
47 109 317 1
109 47 317 1
82 91 1133 1
91 82 1133 1
91 96 589 1
96 91 589 1
3 48 1226 1
48 3 1226 1
10 29 893 1
29 10 893 1
43 68 807 1
68 43 807 1
36 85 845 1
85 36 845 1
42 79 812 1
79 42 812 1
24 66 1233 1
66 24 1233 1
36 84 341 1
84 36 341 1
41 81 452 1
81 41 452 1
58 101 1214 1
101 58 1214 1
61 101 1003 1
101 61 1003 1
64 67 549 1
67 64 549 1
94 111 316 1
111 94 316 1
98 115 287 1
115 98 287 1
3 87 809 1
87 3 809 1
5 7 538 1
7 5 538 1
8 27 425 1
27 8 425 1
12 65 1303 1
65 12 1303 1
18 33 288 1
33 18 288 1
22 27 524 1
27 22 524 1
32 76 341 1
76 32 341 1
41 80 868 1
80 41 868 1
43 73 792 1
73 43 792 1
46 80 618 1
80 46 618 1
72 97 655 1
97 72 655 1
85 86 1120 1
86 85 1120 1
90 105 516 1
105 90 516 1
95 98 433 1
98 95 433 1
3 27 634 1
27 3 634 1
4 7 733 1
7 4 733 1
7 15 461 1
15 7 461 1
9 12 856 1
12 9 856 1
20 87 562 1
87 20 562 1
21 29 329 1
29 21 329 1
22 113 1310 1
113 22 1310 1
28 33 585 1
33 28 585 1
69 112 1017 1
112 69 1017 1
1 103 1135 1
103 1 1135 1
36 114 494 1
114 36 494 1
41 89 415 1
89 41 415 1
42 78 692 1
78 42 692 1
51 85 514 1
85 51 514 1
92 110 485 1
110 92 485 1
102 107 560 1
107 102 560 1
25 65 1263 1
65 25 1263 1
38 56 731 1
56 38 731 1
40 97 584 1
97 40 584 1
84 92 597 1
92 84 597 1
88 101 935 1
101 88 935 1
1 16 963 1
16 1 963 1
11 86 1027 1
86 11 1027 1
17 38 824 1
38 17 824 1
18 77 606 1
77 18 606 1
20 38 349 1
38 20 349 1
37 55 221 1
55 37 221 1
56 58 427 1
58 56 427 1
1 92 1314 1
92 1 1314 1
12 66 1000 1
66 12 1000 1
13 26 645 1
26 13 645 1
14 24 389 1
24 14 389 1
21 41 236 1
41 21 236 1
27 41 398 1
41 27 398 1
27 53 1217 1
53 27 1217 1
29 98 934 1
98 29 934 1
33 77 332 1
77 33 332 1
58 107 1147 1
107 58 1147 1
107 115 298 1
115 107 298 1
6 88 860 1
88 6 860 1
24 34 1021 1
34 24 1021 1
27 58 1265 1
58 27 1265 1
36 55 626 1
55 36 626 1
61 88 1219 1
88 61 1219 1
83 94 771 1
94 83 771 1
15 27 336 1
27 15 336 1
20 73 397 1
73 20 397 1
77 79 329 1
79 77 329 1
79 109 545 1
109 79 545 1
97 103 349 1
103 97 349 1
109 115 211 1
115 109 211 1
6 15 884 1
15 6 884 1
37 52 879 1
52 37 879 1
11 82 992 1
82 11 992 1
45 46 448 1
46 45 448 1
78 111 693 1
111 78 693 1
82 90 824 1
90 82 824 1
0 3 712 1
3 0 712 1
0 19 488 1
19 0 488 1
17 31 618 1
31 17 618 1
18 104 1201 1
104 18 1201 1
20 54 606 1
54 20 606 1
20 83 565 1
83 20 565 1
30 40 513 1
40 30 513 1
40 105 656 1
105 40 656 1
54 99 587 1
99 54 587 1
102 110 495 1
110 102 495 1
31 49 1198 1
49 31 1198 1
84 89 1110 1
89 84 1110 1
93 115 401 1
115 93 401 1
6 35 860 1
35 6 860 1
29 86 839 1
86 29 839 1
37 47 493 1
47 37 493 1
37 86 777 1
86 37 777 1
54 106 240 1
106 54 240 1
59 69 338 1
69 59 338 1
9 27 309 1
27 9 309 1
23 49 1325 1
49 23 1325 1
72 109 524 1
109 72 524 1
6 33 588 1
33 6 588 1
9 13 376 1
13 9 376 1
21 30 349 1
30 21 349 1
24 30 283 1
30 24 283 1
37 85 343 1
85 37 343 1
38 108 316 1
108 38 316 1
41 86 672 1
86 41 672 1
46 94 338 1
94 46 338 1
58 89 1156 1
89 58 1156 1
68 96 891 1
96 68 891 1
83 89 464 1
89 83 464 1
3 5 603 1
5 3 603 1
23 77 719 1
77 23 719 1
25 45 1358 1
45 25 1358 1
27 38 594 1
38 27 594 1
43 98 522 1
98 43 522 1
49 56 904 1
56 49 904 1
59 63 501 1
63 59 501 1
103 107 239 1
107 103 239 1
6 30 365 1
30 6 365 1
6 44 1164 1
44 6 1164 1
6 70 405 1
70 6 405 1
17 57 439 1
57 17 439 1
25 70 480 1
70 25 480 1
38 81 841 1
81 38 841 1
45 47 345 1
47 45 345 1
47 84 791 1
84 47 791 1
48 106 864 1
106 48 864 1
51 56 1024 1
56 51 1024 1
76 106 536 1
106 76 536 1
109 112 348 1
112 109 348 1
42 72 843 1
72 42 843 1
58 100 1047 1
100 58 1047 1
70 85 848 1
85 70 848 1
78 102 697 1
102 78 697 1
87 92 1142 1
92 87 1142 1
88 93 930 1
93 88 930 1
16 98 666 1
98 16 666 1
62 86 828 1
86 62 828 1
75 81 434 1
81 75 434 1
27 56 1022 1
56 27 1022 1
31 36 716 1
36 31 716 1
38 53 897 1
53 38 897 1
68 94 894 1
94 68 894 1
71 74 359 1
74 71 359 1
77 81 453 1
81 77 453 1
5 6 733 1
6 5 733 1
11 71 374 1
71 11 374 1
12 72 358 1
72 12 358 1
19 94 903 1
94 19 903 1
29 105 795 1
105 29 795 1
36 86 441 1
86 36 441 1
37 97 271 1
97 37 271 1
2 70 412 1
70 2 412 1
8 53 1492 1
53 8 1492 1
16 53 1146 1
53 16 1146 1
22 44 1293 1
44 22 1293 1
30 70 259 1
70 30 259 1
36 43 693 1
43 36 693 1
39 99 432 1
99 39 432 1
51 78 1004 1
78 51 1004 1
10 65 1203 1
65 10 1203 1
14 84 681 1
84 14 681 1
22 70 443 1
70 22 443 1
25 114 1103 1
114 25 1103 1
26 48 1303 1
48 26 1303 1
29 95 532 1
95 29 532 1
52 56 797 1
56 52 797 1
1 89 788 1
89 1 788 1
15 107 739 1
107 15 739 1
66 69 349 1
69 66 349 1
67 91 790 1
91 67 790 1
68 97 933 1
97 68 933 1
73 109 538 1
109 73 538 1
77 104 668 1
104 77 668 1
0 102 1108 1
102 0 1108 1
10 17 1029 1
17 10 1029 1
16 51 1106 1
51 16 1106 1
20 52 976 1
52 20 976 1
28 94 557 1
94 28 557 1
29 32 631 1
32 29 631 1
40 96 436 1
96 40 436 1
52 63 1131 1
63 52 1131 1
54 90 282 1
90 54 282 1
67 104 923 1
104 67 923 1
0 11 958 1
11 0 958 1
2 27 659 1
27 2 659 1
3 71 399 1
71 3 399 1
5 66 1239 1
66 5 1239 1
53 108 584 1
108 53 584 1
96 114 265 1
114 96 265 1
17 51 751 1
51 17 751 1
19 104 1200 1
104 19 1200 1
27 55 790 1
55 27 790 1
27 85 894 1
85 27 894 1
34 73 620 1
73 34 620 1
35 64 566 1
64 35 566 1
