116 2668
4 8 148 1
8 4 148 1
62 63 1134 1
63 62 1134 1
42 43 239 1
43 42 239 1
91 93 118 1
93 91 118 1
60 61 893 1
61 60 893 1
30 31 127 1
31 30 127 1
78 81 1002 1
81 78 1002 1
78 80 116 1
80 78 116 1
17 62 1129 1
62 17 1129 1
44 49 304 1
49 44 304 1
28 29 741 1
29 28 741 1
17 81 182 1
81 17 182 1
56 57 840 1
57 56 840 1
90 91 735 1
91 90 735 1
2 22 228 1
22 2 228 1
29 72 629 1
72 29 629 1
7 65 934 1
65 7 934 1
11 13 168 1
13 11 168 1
55 96 492 1
96 55 492 1
68 69 164 1
69 68 164 1
59 61 271 1
61 59 271 1
16 72 287 1
72 16 287 1
80 81 1113 1
81 80 1113 1
28 72 116 1
72 28 116 1
29 81 342 1
81 29 342 1
6 8 485 1
8 6 485 1
39 97 289 1
97 39 289 1
22 84 1027 1
84 22 1027 1
10 12 181 1
12 10 181 1
62 81 1169 1
81 62 1169 1
72 81 860 1
81 72 860 1
17 63 324 1
63 17 324 1
28 78 272 1
78 28 272 1
44 45 194 1
45 44 194 1
22 23 140 1
23 22 140 1
4 6 536 1
6 4 536 1
22 50 1336 1
50 22 1336 1
17 78 955 1
78 17 955 1
42 44 208 1
44 42 208 1
61 63 238 1
63 61 238 1
17 29 223 1
29 17 223 1
84 85 1130 1
85 84 1130 1
105 114 152 1
114 105 152 1
13 15 277 1
15 13 277 1
42 46 173 1
46 42 173 1
49 55 664 1
55 49 664 1
17 72 781 1
72 17 781 1
56 78 391 1
78 56 391 1
2 6 165 1
6 2 165 1
56 80 431 1
80 56 431 1
99 111 265 1
111 99 265 1
17 79 135 1
79 17 135 1
46 55 584 1
55 46 584 1
2 8 554 1
8 2 554 1
2 4 569 1
4 2 569 1
16 62 313 1
62 16 313 1
72 78 300 1
78 72 300 1
28 81 975 1
81 28 975 1
26 27 135 1
27 26 135 1
43 46 341 1
46 43 341 1
105 108 296 1
108 105 296 1
45 49 111 1
49 45 111 1
67 85 682 1
85 67 682 1
91 92 669 1
92 91 669 1
0 1 800 1
1 0 800 1
20 21 185 1
21 20 185 1
2 23 340 1
23 2 340 1
44 46 353 1
46 44 353 1
12 13 959 1
13 12 959 1
39 115 411 1
115 39 411 1
63 81 293 1
81 63 293 1
72 76 257 1
76 72 257 1
29 78 851 1
78 29 851 1
16 63 1092 1
63 16 1092 1
23 84 1113 1
84 23 1113 1
92 93 608 1
93 92 608 1
43 45 199 1
45 43 199 1
73 75 84 1
75 73 84 1
3 67 879 1
67 3 879 1
13 60 1245 1
60 13 1245 1
48 51 548 1
51 48 548 1
3 85 893 1
85 3 893 1
42 45 300 1
45 42 300 1
21 26 271 1
26 21 271 1
5 9 157 1
9 5 157 1
17 28 894 1
28 17 894 1
23 50 1386 1
50 23 1386 1
2 50 1192 1
50 2 1192 1
25 31 272 1
31 25 272 1
100 102 87 1
102 100 87 1
28 80 329 1
80 28 329 1
46 96 270 1
96 46 270 1
49 51 172 1
51 49 172 1
16 28 220 1
28 16 220 1
25 30 292 1
30 25 292 1
60 63 1021 1
63 60 1021 1
29 76 555 1
76 29 555 1
72 80 384 1
80 72 384 1
46 49 541 1
49 46 541 1
1 61 385 1
61 1 385 1
99 112 272 1
112 99 272 1
2 84 897 1
84 2 897 1
46 98 212 1
98 46 212 1
100 103 576 1
103 100 576 1
23 88 1119 1
88 23 1119 1
56 81 1090 1
81 56 1090 1
62 72 566 1
72 62 566 1
50 52 243 1
52 50 243 1
20 26 232 1
26 20 232 1
62 80 268 1
80 62 268 1
28 76 345 1
76 28 345 1
74 76 203 1
76 74 203 1
57 68 520 1
68 57 520 1
16 17 998 1
17 16 998 1
23 67 1077 1
67 23 1077 1
90 93 690 1
93 90 690 1
0 16 380 1
16 0 380 1
3 7 185 1
7 3 185 1
59 60 718 1
60 59 718 1
59 63 501 1
63 59 501 1
51 52 786 1
52 51 786 1
11 15 385 1
15 11 385 1
67 84 830 1
84 67 830 1
34 35 126 1
35 34 126 1
6 7 710 1
7 6 710 1
9 15 219 1
15 9 219 1
102 103 508 1
103 102 508 1
1 11 394 1
11 1 394 1
72 74 76 1
74 72 76 1
90 103 653 1
103 90 653 1
3 23 271 1
23 3 271 1
43 47 146 1
47 43 146 1
62 79 1049 1
79 62 1049 1
43 96 503 1
96 43 503 1
3 25 566 1
25 3 566 1
16 81 1063 1
81 16 1063 1
29 79 257 1
79 29 257 1
37 39 117 1
39 37 117 1
74 75 389 1
75 74 389 1
44 55 743 1
55 44 743 1
60 62 241 1
62 60 241 1
72 73 517 1
73 72 517 1
61 62 1047 1
62 61 1047 1
96 98 184 1
98 96 184 1
43 55 485 1
55 43 485 1
49 96 720 1
96 49 720 1
63 72 944 1
72 63 944 1
23 85 1053 1
85 23 1053 1
49 98 742 1
98 49 742 1
103 105 173 1
105 103 173 1
97 115 218 1
115 97 218 1
76 81 691 1
81 76 691 1
17 80 1070 1
80 17 1070 1
19 33 238 1
33 19 238 1
27 67 1105 1
67 27 1105 1
29 40 655 1
40 29 655 1
11 29 239 1
29 11 239 1
55 98 606 1
98 55 606 1
58 60 266 1
60 58 266 1
13 75 440 1
75 13 440 1
16 74 335 1
74 16 335 1
43 44 290 1
44 43 290 1
54 61 1045 1
61 54 1045 1
0 56 174 1
56 0 174 1
7 8 828 1
8 7 828 1
90 100 182 1
100 90 182 1
17 56 1024 1
56 17 1024 1
84 88 224 1
88 84 224 1
3 84 1110 1
84 3 1110 1
47 110 210 1
110 47 210 1
56 73 886 1
73 56 886 1
67 88 939 1
88 67 939 1
76 78 312 1
78 76 312 1
59 104 1146 1
104 59 1146 1
42 47 281 1
47 42 281 1
48 58 400 1
58 48 400 1
90 92 135 1
92 90 135 1
91 103 258 1
103 91 258 1
3 50 1273 1
50 3 1273 1
45 46 448 1
46 45 448 1
12 48 1186 1
48 12 1186 1
13 61 843 1
61 13 843 1
29 73 113 1
73 29 113 1
54 96 167 1
96 54 167 1
50 85 1013 1
85 50 1013 1
79 81 136 1
81 79 136 1
98 106 320 1
106 98 320 1
16 80 152 1
80 16 152 1
29 80 961 1
80 29 961 1
50 51 698 1
51 50 698 1
62 78 287 1
78 62 287 1
76 77 238 1
77 76 238 1
105 115 176 1
115 105 176 1
36 37 542 1
37 36 542 1
42 55 629 1
55 42 629 1
104 115 184 1
115 104 184 1
2 88 959 1
88 2 959 1
69 93 1169 1
93 69 1169 1
72 79 733 1
79 72 733 1
22 52 1369 1
52 22 1369 1
36 56 615 1
56 36 615 1
36 76 232 1
76 36 232 1
59 66 363 1
66 59 363 1
3 27 634 1
27 3 634 1
16 76 379 1
76 16 379 1
11 12 972 1
12 11 972 1
63 80 1146 1
80 63 1146 1
17 73 298 1
73 17 298 1
36 80 330 1
80 36 330 1
73 74 458 1
74 73 458 1
7 85 812 1
85 7 812 1
73 81 406 1
81 73 406 1
31 33 517 1
33 31 517 1
69 103 1214 1
103 69 1214 1
41 73 204 1
73 41 204 1
2 85 1134 1
85 2 1134 1
22 67 1070 1
67 22 1070 1
50 84 554 1
84 50 554 1
23 27 506 1
27 23 506 1
57 80 1050 1
80 57 1050 1
40 81 874 1
81 40 874 1
69 91 1081 1
91 69 1081 1
57 112 990 1
112 57 990 1
104 114 171 1
114 104 171 1
82 86 143 1
86 82 143 1
29 56 983 1
56 29 983 1
67 89 830 1
89 67 830 1
23 25 373 1
25 23 373 1
40 42 830 1
42 40 830 1
0 61 943 1
61 0 943 1
0 60 405 1
60 0 405 1
1 60 923 1
60 1 923 1
45 98 655 1
98 45 655 1
29 42 967 1
42 29 967 1
56 72 566 1
72 56 566 1
8 12 346 1
12 8 346 1
42 49 396 1
49 42 396 1
67 110 507 1
110 67 507 1
71 105 832 1
105 71 832 1
98 104 286 1
104 98 286 1
103 114 282 1
114 103 282 1
0 76 525 1
76 0 525 1
56 76 519 1
76 56 519 1
28 56 545 1
56 28 545 1
57 81 488 1
81 57 488 1
66 67 177 1
67 66 177 1
0 62 386 1
62 0 386 1
15 74 683 1
74 15 683 1
22 85 1113 1
85 22 1113 1
29 62 1067 1
62 29 1067 1
40 77 472 1
77 40 472 1
36 78 263 1
78 36 263 1
30 33 526 1
33 30 526 1
59 102 1214 1
102 59 1214 1
97 109 174 1
109 97 174 1
108 114 218 1
114 108 218 1
3 89 961 1
89 3 961 1
13 65 935 1
65 13 935 1
22 34 922 1
34 22 922 1
41 80 868 1
80 41 868 1
58 61 717 1
61 58 717 1
0 63 1010 1
63 0 1010 1
45 55 662 1
55 45 662 1
45 96 643 1
96 45 643 1
48 49 410 1
49 48 410 1
2 48 1199 1
48 2 1199 1
14 22 562 1
22 14 562 1
28 41 661 1
41 28 661 1
28 73 629 1
73 28 629 1
28 74 188 1
74 28 188 1
36 57 914 1
57 36 914 1
48 52 415 1
52 48 415 1
14 52 1090 1
52 14 1090 1
24 25 135 1
25 24 135 1
40 79 762 1
79 40 762 1
1 63 334 1
63 1 334 1
18 64 805 1
64 18 805 1
1 13 546 1
13 1 546 1
6 18 473 1
18 6 473 1
23 31 199 1
31 23 199 1
59 62 914 1
62 59 914 1
25 27 193 1
27 25 193 1
51 55 568 1
55 51 568 1
36 81 848 1
81 36 848 1
44 96 580 1
96 44 580 1
57 78 938 1
78 57 938 1
23 35 930 1
35 23 930 1
31 83 561 1
83 31 561 1
104 105 204 1
105 104 204 1
104 112 332 1
112 104 332 1
0 73 829 1
73 0 829 1
47 99 231 1
99 47 231 1
87 104 852 1
104 87 852 1
16 78 122 1
78 16 122 1
22 25 402 1
25 22 402 1
114 115 96 1
115 114 96 1
40 62 664 1
62 40 664 1
0 72 516 1
72 0 516 1
17 57 439 1
57 17 439 1
32 68 304 1
68 32 304 1
68 103 1277 1
103 68 1277 1
93 105 305 1
105 93 305 1
9 58 1436 1
58 9 1436 1
37 115 443 1
115 37 443 1
49 53 406 1
53 49 406 1
111 115 269 1
115 111 269 1
12 75 743 1
75 12 743 1
26 84 884 1
84 26 884 1
101 103 106 1
103 101 106 1
28 62 527 1
62 28 527 1
70 71 263 1
71 70 263 1
0 11 958 1
11 0 958 1
11 75 388 1
75 11 388 1
91 101 197 1
101 91 197 1
15 60 1288 1
60 15 1288 1
22 88 1044 1
88 22 1044 1
29 63 531 1
63 29 531 1
72 77 430 1
77 72 430 1
9 65 1235 1
65 9 1235 1
57 104 1139 1
104 57 1139 1
2 52 1249 1
52 2 1249 1
17 33 512 1
33 17 512 1
73 76 450 1
76 73 450 1
97 105 299 1
105 97 299 1
2 67 952 1
67 2 952 1
9 89 869 1
89 9 869 1
12 15 906 1
15 12 906 1
4 7 733 1
7 4 733 1
57 62 1000 1
62 57 1000 1
22 26 505 1
26 22 505 1
37 77 246 1
77 37 246 1
41 78 770 1
78 41 770 1
63 79 303 1
79 63 303 1
69 88 1077 1
88 69 1077 1
36 40 213 1
40 36 213 1
42 113 437 1
113 42 437 1
57 105 1066 1
105 57 1066 1
101 102 595 1
102 101 595 1
10 11 986 1
11 10 986 1
29 74 571 1
74 29 571 1
37 40 562 1
40 37 562 1
92 100 157 1
100 92 157 1
57 97 767 1
97 57 767 1
36 72 276 1
72 36 276 1
41 56 991 1
56 41 991 1
57 63 249 1
63 57 249 1
25 26 225 1
26 25 225 1
43 98 522 1
98 43 522 1
51 98 763 1
98 51 763 1
56 62 252 1
62 56 252 1
0 13 1027 1
13 0 1027 1
2 14 572 1
14 2 572 1
11 65 770 1
65 11 770 1
44 98 563 1
98 44 563 1
28 79 847 1
79 28 847 1
77 81 453 1
81 77 453 1
25 35 978 1
35 25 978 1
29 112 910 1
112 29 910 1
57 69 378 1
69 57 378 1
10 48 1025 1
48 10 1025 1
16 64 567 1
64 16 567 1
28 40 248 1
40 28 248 1
21 27 209 1
27 21 209 1
32 57 493 1
57 32 493 1
2 10 438 1
10 2 438 1
10 14 380 1
14 10 380 1
25 50 1404 1
50 25 1404 1
93 101 103 1
101 93 103 1
13 74 757 1
74 13 757 1
15 58 1327 1
58 15 1327 1
29 75 189 1
75 29 189 1
37 111 552 1
111 37 552 1
48 54 669 1
54 48 669 1
50 88 679 1
88 50 679 1
99 104 430 1
104 99 430 1
12 54 794 1
54 12 794 1
36 77 422 1
77 36 422 1
42 96 429 1
96 42 429 1
1 57 172 1
57 1 172 1
10 74 381 1
74 10 381 1
56 99 1051 1
99 56 1051 1
56 111 893 1
111 56 893 1
91 100 719 1
100 91 719 1
93 103 173 1
103 93 173 1
36 42 628 1
42 36 628 1
35 110 305 1
110 35 305 1
69 108 886 1
108 69 886 1
13 29 290 1
29 13 290 1
20 115 646 1
115 20 646 1
29 41 234 1
41 29 234 1
39 114 488 1
114 39 488 1
113 114 95 1
114 113 95 1
73 80 850 1
80 73 850 1
103 104 369 1
104 103 369 1
0 74 551 1
74 0 551 1
27 84 956 1
84 27 956 1
32 62 548 1
62 32 548 1
51 96 733 1
96 51 733 1
108 109 87 1
109 108 87 1
68 108 915 1
108 68 915 1
97 111 292 1
111 97 292 1
11 74 727 1
74 11 727 1
54 59 1020 1
59 54 1020 1
78 79 878 1
79 78 878 1
59 115 981 1
115 59 981 1
41 74 484 1
74 41 484 1
77 78 550 1
78 77 550 1
3 35 775 1
35 3 775 1
28 63 1049 1
63 28 1049 1
72 75 453 1
75 72 453 1
1 73 531 1
73 1 531 1
48 50 202 1
50 48 202 1
80 111 747 1
111 80 747 1
6 64 941 1
64 6 941 1
19 91 1171 1
91 19 1171 1
63 78 1033 1
78 63 1033 1
67 69 345 1
69 67 345 1
17 40 824 1
40 17 824 1
69 90 1119 1
90 69 1119 1
9 90 1391 1
90 9 1391 1
10 13 1004 1
13 10 1004 1
23 52 1420 1
52 23 1420 1
32 81 728 1
81 32 728 1
57 103 1078 1
103 57 1078 1
84 110 598 1
110 84 598 1
1 56 851 1
56 1 851 1
54 55 651 1
55 54 651 1
58 59 496 1
59 58 496 1
24 110 1066 1
110 24 1066 1
33 78 590 1
78 33 590 1
69 105 1158 1
105 69 1158 1
16 29 882 1
29 16 882 1
62 73 961 1
73 62 961 1
39 109 356 1
109 39 356 1
68 114 1093 1
114 68 1093 1
41 81 452 1
81 41 452 1
3 22 347 1
22 3 347 1
4 26 161 1
26 4 161 1
4 50 1323 1
50 4 1323 1
10 22 580 1
22 10 580 1
39 105 458 1
105 39 458 1
77 109 318 1
109 77 318 1
11 76 704 1
76 11 704 1
27 71 367 1
71 27 367 1
40 63 1007 1
63 40 1007 1
17 32 646 1
32 17 646 1
47 109 317 1
109 47 317 1
2 7 566 1
7 2 566 1
41 42 897 1
42 41 897 1
60 65 898 1
65 60 898 1
13 58 1244 1
58 13 1244 1
104 113 229 1
113 104 229 1
3 92 1420 1
92 3 1420 1
26 67 1128 1
67 26 1128 1
43 49 240 1
49 43 240 1
23 34 949 1
34 23 949 1
46 95 451 1
95 46 451 1
107 115 298 1
115 107 298 1
4 22 457 1
22 4 457 1
12 60 825 1
60 12 825 1
80 97 779 1
97 80 779 1
14 18 837 1
18 14 837 1
38 51 954 1
51 38 954 1
32 78 484 1
78 32 484 1
10 76 495 1
76 10 495 1
19 108 910 1
108 19 910 1
42 81 865 1
81 42 865 1
47 98 442 1
98 47 442 1
47 55 367 1
55 47 367 1
73 78 740 1
78 73 740 1
99 105 287 1
105 99 287 1
1 59 541 1
59 1 541 1
28 83 861 1
83 28 861 1
56 63 1014 1
63 56 1014 1
0 99 1111 1
99 0 1111 1
16 77 611 1
77 16 611 1
23 38 892 1
38 23 892 1
75 76 374 1
76 75 374 1
3 88 1145 1
88 3 1145 1
16 56 380 1
56 16 380 1
28 42 898 1
42 28 898 1
40 72 200 1
72 40 200 1
46 47 309 1
47 46 309 1
97 104 399 1
104 97 399 1
13 76 778 1
76 13 778 1
22 30 218 1
30 22 218 1
11 28 875 1
28 11 875 1
13 62 1248 1
62 13 1248 1
17 41 414 1
41 17 414 1
22 48 1339 1
48 22 1339 1
71 77 297 1
77 71 297 1
86 99 956 1
99 86 956 1
97 110 221 1
110 97 221 1
45 56 823 1
56 45 823 1
103 112 375 1
112 103 375 1
87 98 1003 1
98 87 1003 1
48 55 832 1
55 48 832 1
54 60 681 1
60 54 681 1
63 73 569 1
73 63 569 1
4 12 434 1
12 4 434 1
29 44 1005 1
44 29 1005 1
32 80 590 1
80 32 590 1
41 72 550 1
72 41 550 1
51 53 271 1
53 51 271 1
59 100 1223 1
100 59 1223 1
99 115 285 1
115 99 285 1
37 97 271 1
97 37 271 1
43 87 1011 1
87 43 1011 1
53 70 1067 1
70 53 1067 1
70 77 376 1
77 70 376 1
80 109 607 1
109 80 607 1
11 60 1139 1
60 11 1139 1
17 76 648 1
76 17 648 1
19 69 323 1
69 19 323 1
22 27 524 1
27 22 524 1
35 67 262 1
67 35 262 1
68 105 1200 1
105 68 1200 1
103 113 295 1
113 103 295 1
26 31 365 1
31 26 365 1
29 77 357 1
77 29 357 1
57 111 890 1
111 57 890 1
20 37 510 1
37 20 510 1
27 50 1279 1
50 27 1279 1
39 54 618 1
54 39 618 1
46 113 335 1
113 46 335 1
1 62 1027 1
62 1 1027 1
6 14 476 1
14 6 476 1
37 57 643 1
57 37 643 1
40 78 376 1
78 40 376 1
74 95 497 1
95 74 497 1
108 110 194 1
110 108 194 1
27 35 871 1
35 27 871 1
29 36 705 1
36 29 705 1
57 99 846 1
99 57 846 1
62 109 711 1
109 62 711 1
26 114 936 1
114 26 936 1
32 59 581 1
59 32 581 1
43 86 1110 1
86 43 1110 1
52 53 746 1
53 52 746 1
1 54 1073 1
54 1 1073 1
2 12 394 1
12 2 394 1
12 58 1025 1
58 12 1025 1
19 64 848 1
64 19 848 1
32 109 589 1
109 32 589 1
58 90 890 1
90 58 890 1
36 62 525 1
62 36 525 1
38 52 654 1
52 38 654 1
42 87 1132 1
87 42 1132 1
98 113 276 1
113 98 276 1
0 10 381 1
10 0 381 1
0 80 485 1
80 0 485 1
6 53 1419 1
53 6 1419 1
22 31 234 1
31 22 234 1
32 103 1045 1
103 32 1045 1
62 111 802 1
111 62 802 1
90 102 246 1
102 90 246 1
23 26 522 1
26 23 522 1
33 72 507 1
72 33 507 1
79 112 791 1
112 79 791 1
86 112 947 1
112 86 947 1
102 104 159 1
104 102 159 1
103 108 420 1
108 103 420 1
47 80 841 1
80 47 841 1
61 104 1114 1
104 61 1114 1
62 97 881 1
97 62 881 1
87 113 899 1
113 87 899 1
11 79 342 1
79 11 342 1
61 73 720 1
73 61 720 1
90 101 719 1
101 90 719 1
9 60 1369 1
60 9 1369 1
10 58 862 1
58 10 862 1
16 73 769 1
73 16 769 1
44 53 562 1
53 44 562 1
63 109 730 1
109 63 730 1
18 19 147 1
19 18 147 1
27 114 923 1
114 27 923 1
33 35 375 1
35 33 375 1
97 107 263 1
107 97 263 1
1 65 536 1
65 1 536 1
56 97 920 1
97 56 920 1
109 115 211 1
115 109 211 1
27 85 894 1
85 27 894 1
37 45 726 1
45 37 726 1
23 30 259 1
30 23 259 1
25 34 1006 1
34 25 1006 1
87 110 837 1
110 87 837 1
88 93 930 1
93 88 930 1
5 65 1232 1
65 5 1232 1
42 98 381 1
98 42 381 1
69 114 1057 1
114 69 1057 1
86 87 805 1
87 86 805 1
112 113 116 1
113 112 116 1
10 15 968 1
15 10 968 1
13 54 1130 1
54 13 1130 1
17 61 534 1
61 17 534 1
17 74 721 1
74 17 721 1
27 110 890 1
110 27 890 1
45 87 1158 1
87 45 1158 1
8 22 480 1
22 8 480 1
19 47 942 1
47 19 942 1
20 24 393 1
24 20 393 1
26 110 904 1
110 26 904 1
32 66 416 1
66 32 416 1
37 56 930 1
56 37 930 1
44 51 440 1
51 44 440 1
81 109 623 1
109 81 623 1
92 102 211 1
102 92 211 1
0 75 786 1
75 0 786 1
14 48 1233 1
48 14 1233 1
37 79 267 1
79 37 267 1
57 73 601 1
73 57 601 1
5 19 902 1
19 5 902 1
19 83 893 1
83 19 893 1
38 50 753 1
50 38 753 1
42 112 333 1
112 42 333 1
24 89 1045 1
89 24 1045 1
88 90 414 1
90 88 414 1
98 100 250 1
100 98 250 1
2 18 379 1
18 2 379 1
47 96 412 1
96 47 412 1
59 106 1174 1
106 59 1174 1
88 92 521 1
92 88 521 1
102 111 440 1
111 102 440 1
41 77 345 1
77 41 345 1
45 47 345 1
47 45 345 1
48 96 608 1
96 48 608 1
96 110 214 1
110 96 214 1
0 12 517 1
12 0 517 1
3 65 942 1
65 3 942 1
20 104 727 1
104 20 727 1
39 40 508 1
40 39 508 1
93 100 653 1
100 93 653 1
6 88 860 1
88 6 860 1
20 113 831 1
113 20 831 1
104 106 195 1
106 104 195 1
32 63 656 1
63 32 656 1
54 104 337 1
104 54 337 1
56 77 690 1
77 56 690 1
9 88 1163 1
88 9 1163 1
22 110 1082 1
110 22 1082 1
30 83 641 1
83 30 641 1
29 33 510 1
33 29 510 1
33 81 613 1
81 33 613 1
63 97 673 1
97 63 673 1
76 80 424 1
80 76 424 1
5 103 1104 1
103 5 1104 1
12 76 591 1
76 12 591 1
28 44 945 1
44 28 945 1
64 94 688 1
94 64 688 1
69 110 773 1
110 69 773 1
15 75 396 1
75 15 396 1
28 36 321 1
36 28 321 1
37 75 239 1
75 37 239 1
79 106 876 1
106 79 876 1
84 89 1110 1
89 84 1110 1
93 108 478 1
108 93 478 1
105 111 367 1
111 105 367 1
0 112 1084 1
112 0 1084 1
16 60 498 1
60 16 498 1
37 80 842 1
80 37 842 1
47 111 188 1
111 47 188 1
72 112 844 1
112 72 844 1
22 35 922 1
35 22 922 1
59 103 1115 1
103 59 1115 1
19 68 313 1
68 19 313 1
19 93 1252 1
93 19 1252 1
36 63 945 1
63 36 945 1
37 99 410 1
99 37 410 1
45 106 909 1
106 45 909 1
49 106 982 1
106 49 982 1
85 88 1097 1
88 85 1097 1
20 87 562 1
87 20 562 1
24 26 201 1
26 24 201 1
28 57 964 1
57 28 964 1
32 104 940 1
104 32 940 1
33 79 486 1
79 33 486 1
44 104 796 1
104 44 796 1
45 115 699 1
115 45 699 1
57 79 431 1
79 57 431 1
16 79 934 1
79 16 934 1
19 100 1295 1
100 19 1295 1
58 100 1047 1
100 58 1047 1
71 93 964 1
93 71 964 1
17 42 942 1
42 17 942 1
34 88 672 1
88 34 672 1
43 99 372 1
99 43 372 1
63 111 831 1
111 63 831 1
77 108 373 1
108 77 373 1
82 84 544 1
84 82 544 1
109 111 273 1
111 109 273 1
6 12 248 1
12 6 248 1
14 15 772 1
15 14 772 1
36 97 483 1
97 36 483 1
56 112 990 1
112 56 990 1
67 108 667 1
108 67 667 1
5 92 1324 1
92 5 1324 1
16 109 631 1
109 16 631 1
21 107 601 1
107 21 601 1
50 67 562 1
67 50 562 1
91 108 473 1
108 91 473 1
8 53 1492 1
53 8 1492 1
25 67 1191 1
67 25 1191 1
36 39 517 1
39 36 517 1
0 36 643 1
36 0 643 1
8 50 1336 1
50 8 1336 1
52 85 1026 1
85 52 1026 1
11 61 675 1
61 11 675 1
45 104 837 1
104 45 837 1
88 89 1035 1
89 88 1035 1
99 109 321 1
109 99 321 1
37 71 401 1
71 37 401 1
47 91 332 1
91 47 332 1
98 99 479 1
99 98 479 1
3 26 678 1
26 3 678 1
6 91 1386 1
91 6 1386 1
9 100 1346 1
100 9 1346 1
5 94 896 1
94 5 896 1
17 36 828 1
36 17 828 1
39 71 417 1
71 39 417 1
42 73 906 1
73 42 906 1
52 84 487 1
84 52 487 1
68 97 933 1
97 68 933 1
79 102 994 1
102 79 994 1
102 106 217 1
106 102 217 1
0 54 794 1
54 0 794 1
42 104 603 1
104 42 603 1
43 113 467 1
113 43 467 1
44 113 636 1
113 44 636 1
68 104 1183 1
104 68 1183 1
81 112 823 1
112 81 823 1
86 104 694 1
104 86 694 1
100 112 410 1
112 100 410 1
107 114 333 1
114 107 333 1
5 15 278 1
15 5 278 1
6 23 465 1
23 6 465 1
12 14 278 1
14 12 278 1
13 17 364 1
17 13 364 1
25 110 1042 1
110 25 1042 1
28 77 540 1
77 28 540 1
33 64 737 1
64 33 737 1
34 38 552 1
38 34 552 1
40 41 506 1
41 40 506 1
55 99 216 1
99 55 216 1
77 80 662 1
80 77 662 1
0 57 825 1
57 0 825 1
5 47 1154 1
47 5 1154 1
11 72 773 1
72 11 773 1
14 50 1150 1
50 14 1150 1
17 97 605 1
97 17 605 1
21 86 520 1
86 21 520 1
28 30 436 1
30 28 436 1
32 33 149 1
33 32 149 1
36 73 600 1
73 36 600 1
17 59 758 1
59 17 758 1
35 93 718 1
93 35 718 1
38 70 414 1
70 38 414 1
71 92 1069 1
92 71 1069 1
72 109 524 1
109 72 524 1
92 103 574 1
103 92 574 1
19 90 1212 1
90 19 1212 1
15 65 1052 1
65 15 1052 1
36 109 326 1
109 36 326 1
70 101 1040 1
101 70 1040 1
74 81 792 1
81 74 792 1
64 66 392 1
66 64 392 1
99 103 258 1
103 99 258 1
23 92 1466 1
92 23 1466 1
39 108 341 1
108 39 341 1
13 72 796 1
72 13 796 1
32 72 471 1
72 32 471 1
42 74 795 1
74 42 795 1
46 51 585 1
51 46 585 1
47 105 464 1
105 47 464 1
85 89 220 1
89 85 220 1
2 26 618 1
26 2 618 1
13 63 653 1
63 13 653 1
16 41 813 1
41 16 813 1
18 91 1236 1
91 18 1236 1
37 81 336 1
81 37 336 1
37 109 343 1
109 37 343 1
40 80 433 1
80 40 433 1
87 96 843 1
96 87 843 1
88 91 958 1
91 88 958 1
17 75 351 1
75 17 351 1
45 51 254 1
51 45 254 1
79 104 860 1
104 79 860 1
106 113 395 1
113 106 395 1
20 25 402 1
25 20 402 1
32 56 384 1
56 32 384 1
78 111 693 1
111 78 693 1
97 114 263 1
114 97 263 1
100 101 656 1
101 100 656 1
108 115 135 1
115 108 135 1
7 11 254 1
11 7 254 1
39 110 466 1
110 39 466 1
61 100 1241 1
100 61 1241 1
106 115 278 1
115 106 278 1
0 81 1076 1
81 0 1076 1
12 74 431 1
74 12 431 1
19 57 426 1
57 19 426 1
29 30 533 1
30 29 533 1
30 78 663 1
78 30 663 1
0 28 492 1
28 0 492 1
14 84 681 1
84 14 681 1
101 113 350 1
113 101 350 1
105 109 371 1
109 105 371 1
13 73 358 1
73 13 358 1
55 61 711 1
61 55 711 1
4 23 506 1
23 4 506 1
6 90 1185 1
90 6 1185 1
38 98 432 1
98 38 432 1
49 115 753 1
115 49 753 1
69 89 1015 1
89 69 1015 1
5 89 870 1
89 5 870 1
17 109 666 1
109 17 666 1
35 108 425 1
108 35 425 1
43 110 298 1
110 43 298 1
46 76 517 1
76 46 517 1
71 114 814 1
114 71 814 1
17 111 850 1
111 17 850 1
30 72 390 1
72 30 390 1
34 53 664 1
53 34 664 1
47 87 906 1
87 47 906 1
62 112 883 1
112 62 883 1
68 93 1248 1
93 68 1248 1
104 111 377 1
111 104 377 1
35 92 768 1
92 35 768 1
47 86 1016 1
86 47 1016 1
61 115 933 1
115 61 933 1
91 99 166 1
99 91 166 1
4 21 414 1
21 4 414 1
37 62 953 1
62 37 953 1
18 30 564 1
30 18 564 1
40 70 311 1
70 40 311 1
88 94 422 1
94 88 422 1
92 101 634 1
101 92 634 1
96 106 277 1
106 96 277 1
5 100 1233 1
100 5 1233 1
49 104 900 1
104 49 900 1
64 74 751 1
74 64 751 1
78 97 697 1
97 78 697 1
17 102 1111 1
102 17 1111 1
51 58 753 1
58 51 753 1
58 65 718 1
65 58 718 1
105 112 319 1
112 105 319 1
8 23 562 1
23 8 562 1
10 84 516 1
84 10 516 1
21 39 356 1
39 21 356 1
32 97 697 1
97 32 697 1
40 43 865 1
43 40 865 1
41 46 810 1
46 41 810 1
19 92 1295 1
92 19 1295 1
22 24 386 1
24 22 386 1
35 107 663 1
107 35 663 1
41 45 931 1
45 41 931 1
56 79 965 1
79 56 965 1
57 115 958 1
115 57 958 1
91 110 456 1
110 91 456 1
98 102 260 1
102 98 260 1
5 64 1350 1
64 5 1350 1
5 91 1178 1
91 5 1178 1
105 110 411 1
110 105 411 1
7 67 937 1
67 7 937 1
10 82 401 1
82 10 401 1
26 50 1256 1
50 26 1256 1
42 99 482 1
99 42 482 1
42 109 434 1
109 42 434 1
68 99 1044 1
99 68 1044 1
97 108 170 1
108 97 170 1
18 88 1010 1
88 18 1010 1
33 108 673 1
108 33 673 1
42 80 740 1
80 42 740 1
62 76 527 1
76 62 527 1
83 84 1154 1
84 83 1154 1
25 39 702 1
39 25 702 1
51 54 884 1
54 51 884 1
12 21 630 1
21 12 630 1
14 113 1044 1
113 14 1044 1
37 78 740 1
78 37 740 1
44 87 1225 1
87 44 1225 1
105 113 210 1
113 105 210 1
1 75 562 1
75 1 562 1
19 79 658 1
79 19 658 1
22 51 1360 1
51 22 1360 1
40 112 757 1
112 40 757 1
64 91 1046 1
91 64 1046 1
1 29 521 1
29 1 521 1
26 35 893 1
35 26 893 1
27 88 863 1
88 27 863 1
0 59 847 1
59 0 847 1
23 89 1070 1
89 23 1070 1
24 93 1326 1
93 24 1326 1
34 50 475 1
50 34 475 1
36 111 534 1
111 36 534 1
38 46 544 1
46 38 544 1
38 88 311 1
88 38 311 1
39 62 975 1
62 39 975 1
39 111 575 1
111 39 575 1
42 86 1057 1
86 42 1057 1
15 61 998 1
61 15 998 1
36 43 693 1
43 36 693 1
37 63 543 1
63 37 543 1
41 75 187 1
75 41 187 1
68 111 952 1
111 68 952 1
102 113 317 1
113 102 317 1
21 25 360 1
25 21 360 1
45 111 467 1
111 45 467 1
55 106 607 1
106 55 607 1
1 45 800 1
45 1 800 1
1 112 1078 1
112 1 1078 1
9 94 994 1
94 9 994 1
12 107 1106 1
107 12 1106 1
20 40 225 1
40 20 225 1
47 97 280 1
97 47 280 1
64 92 764 1
92 64 764 1
91 105 371 1
105 91 371 1
2 3 405 1
3 2 405 1
5 93 1207 1
93 5 1207 1
9 91 1212 1
91 9 1212 1
11 54 1068 1
54 11 1068 1
16 36 349 1
36 16 349 1
20 39 459 1
39 20 459 1
40 76 327 1
76 40 327 1
11 17 224 1
17 11 224 1
17 113 917 1
113 17 917 1
29 46 914 1
46 29 914 1
30 109 796 1
109 30 796 1
38 43 745 1
43 38 745 1
41 76 493 1
76 41 493 1
54 66 740 1
66 54 740 1
68 91 1170 1
91 68 1170 1
6 22 333 1
22 6 333 1
27 69 1092 1
69 27 1092 1
35 88 741 1
88 35 741 1
36 45 799 1
45 36 799 1
38 42 697 1
42 38 697 1
40 82 231 1
82 40 231 1
82 110 802 1
110 82 802 1
4 84 906 1
84 4 906 1
35 53 585 1
53 35 585 1
35 84 678 1
84 35 678 1
36 54 228 1
54 36 228 1
37 105 506 1
105 37 506 1
46 86 899 1
86 46 899 1
52 88 542 1
88 52 542 1
68 109 832 1
109 68 832 1
92 105 456 1
105 92 456 1
94 108 97 1
108 94 97 1
25 33 765 1
33 25 765 1
1 16 963 1
16 1 963 1
6 70 405 1
70 6 405 1
11 16 1004 1
16 11 1004 1
37 106 622 1
106 37 622 1
41 83 252 1
83 41 252 1
42 77 643 1
77 42 643 1
68 87 1214 1
87 68 1214 1
109 110 135 1
110 109 135 1
16 61 1070 1
61 16 1070 1
35 91 647 1
91 35 647 1
42 70 898 1
70 42 898 1
61 111 816 1
111 61 816 1
69 92 1197 1
92 69 1197 1
93 110 487 1
110 93 487 1
101 111 463 1
111 101 463 1
1 76 689 1
76 1 689 1
16 18 646 1
18 16 646 1
16 19 740 1
19 16 740 1
37 73 278 1
73 37 278 1
40 113 703 1
113 40 703 1
42 56 786 1
56 42 786 1
49 52 718 1
52 49 718 1
68 112 1063 1
112 68 1063 1
79 80 991 1
80 79 991 1
93 99 208 1
99 93 208 1
0 29 925 1
29 0 925 1
17 112 924 1
112 17 924 1
21 40 380 1
40 21 380 1
26 113 1029 1
113 26 1029 1
60 64 187 1
64 60 187 1
63 104 1070 1
104 63 1070 1
108 111 286 1
111 108 286 1
17 77 417 1
77 17 417 1
29 57 596 1
57 29 596 1
41 63 682 1
63 41 682 1
70 91 1000 1
91 70 1000 1
9 61 1165 1
61 9 1165 1
10 75 732 1
75 10 732 1
11 73 310 1
73 11 310 1
11 81 403 1
81 11 403 1
19 94 903 1
94 19 903 1
26 87 560 1
87 26 560 1
27 89 807 1
89 27 807 1
34 44 373 1
44 34 373 1
39 61 794 1
61 39 794 1
41 44 981 1
44 41 981 1
47 68 881 1
68 47 881 1
62 77 741 1
77 62 741 1
11 112 1101 1
112 11 1101 1
17 37 368 1
37 17 368 1
18 83 953 1
83 18 953 1
68 110 813 1
110 68 813 1
105 107 233 1
107 105 233 1
14 91 1235 1
91 14 1235 1
31 85 906 1
85 31 906 1
35 69 473 1
69 35 473 1
44 78 731 1
78 44 731 1
59 97 823 1
97 59 823 1
62 102 862 1
102 62 862 1
10 54 681 1
54 10 681 1
11 62 1169 1
62 11 1169 1
14 74 378 1
74 14 378 1
23 69 907 1
69 23 907 1
40 114 619 1
114 40 619 1
43 109 418 1
109 43 418 1
14 24 389 1
24 14 389 1
21 37 403 1
37 21 403 1
29 45 930 1
45 29 930 1
31 84 971 1
84 31 971 1
47 77 509 1
77 47 509 1
58 102 1067 1
102 58 1067 1
61 106 1151 1
106 61 1151 1
24 30 283 1
30 24 283 1
46 106 508 1
106 46 508 1
47 112 265 1
112 47 265 1
6 52 1192 1
52 6 1192 1
13 16 1048 1
16 13 1048 1
19 105 1190 1
105 19 1190 1
36 41 570 1
41 36 570 1
42 72 843 1
72 42 843 1
45 99 570 1
99 45 570 1
53 107 600 1
107 53 600 1
70 93 1035 1
93 70 1035 1
72 95 570 1
95 72 570 1
89 90 968 1
90 89 968 1
0 55 1069 1
55 0 1069 1
5 24 252 1
24 5 252 1
23 24 403 1
24 23 403 1
24 32 845 1
32 24 845 1
29 106 855 1
106 29 855 1
38 87 730 1
87 38 730 1
49 54 854 1
54 49 854 1
56 68 408 1
68 56 408 1
57 72 874 1
72 57 874 1
12 55 1107 1
55 12 1107 1
18 94 904 1
94 18 904 1
22 38 846 1
38 22 846 1
33 109 602 1
109 33 602 1
48 90 628 1
90 48 628 1
81 97 523 1
97 81 523 1
10 52 956 1
52 10 956 1
14 100 965 1
100 14 965 1
21 41 236 1
41 21 236 1
41 113 720 1
113 41 720 1
61 97 738 1
97 61 738 1
62 103 1159 1
103 62 1159 1
76 95 396 1
95 76 396 1
2 64 992 1
64 2 992 1
36 46 482 1
46 36 482 1
38 53 897 1
53 38 897 1
39 104 557 1
104 39 557 1
39 107 280 1
107 39 280 1
49 61 452 1
61 49 452 1
63 74 885 1
74 63 885 1
65 89 679 1
89 65 679 1
5 86 673 1
86 5 673 1
29 43 829 1
43 29 829 1
52 94 506 1
94 52 506 1
55 104 526 1
104 55 526 1
65 75 753 1
75 65 753 1
0 58 565 1
58 0 565 1
7 64 1244 1
64 7 1244 1
9 13 376 1
13 9 376 1
32 69 338 1
69 32 338 1
33 62 690 1
62 33 690 1
48 104 822 1
104 48 822 1
53 91 265 1
91 53 265 1
60 73 975 1
73 60 975 1
62 64 300 1
64 62 300 1
96 104 297 1
104 96 297 1
8 48 1406 1
48 8 1406 1
9 11 523 1
11 9 523 1
16 57 981 1
57 16 981 1
38 94 246 1
94 38 246 1
41 62 1018 1
62 41 1018 1
62 115 846 1
115 62 846 1
73 79 296 1
79 73 296 1
86 113 874 1
113 86 874 1
14 64 1035 1
64 14 1035 1
17 60 1082 1
60 17 1082 1
24 35 1010 1
35 24 1010 1
24 40 584 1
40 24 584 1
33 95 646 1
95 33 646 1
42 78 692 1
78 42 692 1
44 76 656 1
76 44 656 1
57 114 1007 1
114 57 1007 1
59 73 875 1
73 59 875 1
35 89 648 1
89 35 648 1
52 96 418 1
96 52 418 1
58 89 1156 1
89 58 1156 1
63 86 1250 1
86 63 1250 1
1 17 391 1
17 1 391 1
2 51 1294 1
51 2 1294 1
8 88 819 1
88 8 819 1
11 40 844 1
40 11 844 1
15 52 1350 1
52 15 1350 1
21 24 413 1
24 21 413 1
46 83 1042 1
83 46 1042 1
48 98 566 1
98 48 566 1
48 100 791 1
100 48 791 1
64 100 818 1
100 64 818 1
100 104 240 1
104 100 240 1
23 93 1407 1
93 23 1407 1
23 94 1022 1
94 23 1022 1
37 114 513 1
114 37 513 1
57 71 630 1
71 57 630 1
61 102 1213 1
102 61 1213 1
80 99 917 1
99 80 917 1
86 98 757 1
98 86 757 1
0 41 952 1
41 0 952 1
17 19 648 1
19 17 648 1
46 54 354 1
54 46 354 1
59 111 815 1
111 59 815 1
5 112 1217 1
112 5 1217 1
17 105 863 1
105 17 863 1
23 110 1096 1
110 23 1096 1
57 59 382 1
59 57 382 1
60 100 938 1
100 60 938 1
80 115 707 1
115 80 707 1
91 102 669 1
102 91 669 1
3 31 315 1
31 3 315 1
5 45 1343 1
45 5 1343 1
44 48 114 1
48 44 114 1
46 74 677 1
74 46 677 1
6 65 1218 1
65 6 1218 1
7 23 337 1
23 7 337 1
7 88 1209 1
88 7 1209 1
14 23 650 1
23 14 650 1
21 115 657 1
115 21 657 1
26 39 604 1
39 26 604 1
86 111 918 1
111 86 918 1
21 104 765 1
104 21 765 1
62 104 898 1
104 62 898 1
78 109 527 1
109 78 527 1
1 9 878 1
9 1 878 1
7 84 1202 1
84 7 1202 1
11 106 1080 1
106 11 1080 1
19 103 1259 1
103 19 1259 1
25 114 1103 1
114 25 1103 1
28 106 619 1
106 28 619 1
44 47 404 1
47 44 404 1
63 76 747 1
76 63 747 1
6 50 1151 1
50 6 1151 1
9 24 385 1
24 9 385 1
14 88 613 1
88 14 613 1
28 102 802 1
102 28 802 1
52 90 240 1
90 52 240 1
56 115 941 1
115 56 941 1
61 79 487 1
79 61 487 1
66 97 717 1
97 66 717 1
79 113 788 1
113 79 788 1
87 99 759 1
99 87 759 1
1 55 789 1
55 1 789 1
15 70 606 1
70 15 606 1
19 112 1132 1
112 19 1132 1
25 87 575 1
87 25 575 1
29 37 304 1
37 29 304 1
75 77 210 1
77 75 210 1
5 90 1279 1
90 5 1279 1
7 92 1445 1
92 7 1445 1
8 13 868 1
13 8 868 1
11 58 1113 1
58 11 1113 1
32 36 555 1
36 32 555 1
69 94 883 1
94 69 883 1
5 102 1167 1
102 5 1167 1
14 112 1099 1
112 14 1099 1
23 91 1352 1
91 23 1352 1
28 46 774 1
46 28 774 1
35 50 559 1
50 35 559 1
66 104 942 1
104 66 942 1
93 112 343 1
112 93 343 1
4 14 255 1
14 4 255 1
20 111 827 1
111 20 827 1
24 47 1229 1
47 24 1229 1
27 39 536 1
39 27 536 1
31 50 1246 1
50 31 1246 1
1 36 918 1
36 1 918 1
5 74 619 1
74 5 619 1
14 92 1074 1
92 14 1074 1
16 75 702 1
75 16 702 1
28 112 911 1
112 28 911 1
29 83 227 1
83 29 227 1
39 96 494 1
96 39 494 1
56 74 591 1
74 56 591 1
61 75 723 1
75 61 723 1
63 95 704 1
95 63 704 1
71 99 783 1
99 71 783 1
73 106 774 1
106 73 774 1
74 77 362 1
77 74 362 1
103 111 432 1
111 103 432 1
5 108 888 1
108 5 888 1
21 70 303 1
70 21 303 1
24 34 1021 1
34 24 1021 1
25 84 1066 1
84 25 1066 1
26 85 985 1
85 26 985 1
56 105 1117 1
105 56 1117 1
83 94 771 1
94 83 771 1
1 15 757 1
15 1 757 1
4 30 322 1
30 4 322 1
18 101 1348 1
101 18 1348 1
28 113 881 1
113 28 881 1
77 82 682 1
82 77 682 1
92 99 572 1
99 92 572 1
2 27 659 1
27 2 659 1
2 91 1366 1
91 2 1366 1
4 53 1405 1
53 4 1405 1
14 86 272 1
86 14 272 1
26 92 1145 1
92 26 1145 1
26 107 808 1
107 26 808 1
49 113 706 1
113 49 706 1
63 77 536 1
77 63 536 1
70 74 155 1
74 70 155 1
89 93 471 1
93 89 471 1
96 97 322 1
97 96 322 1
0 17 982 1
17 0 982 1
1 97 819 1
97 1 819 1
36 38 122 1
38 36 122 1
39 63 657 1
63 39 657 1
43 106 752 1
106 43 752 1
3 110 994 1
110 3 994 1
14 93 1238 1
93 14 1238 1
28 75 567 1
75 28 567 1
54 97 484 1
97 54 484 1
70 112 906 1
112 70 906 1
102 105 355 1
105 102 355 1
9 103 1158 1
103 9 1158 1
30 34 790 1
34 30 790 1
34 110 327 1
110 34 327 1
62 105 1020 1
105 62 1020 1
5 60 1275 1
60 5 1275 1
15 48 1360 1
48 15 1360 1
19 56 574 1
56 19 574 1
27 92 1167 1
92 27 1167 1
32 79 600 1
79 32 600 1
48 106 864 1
106 48 864 1
60 66 370 1
66 60 370 1
61 66 546 1
66 61 546 1
74 80 415 1
80 74 415 1
110 114 289 1
114 110 289 1
17 115 802 1
115 17 802 1
24 31 318 1
31 24 318 1
26 71 422 1
71 26 422 1
27 31 339 1
31 27 339 1
43 104 661 1
104 43 661 1
46 77 585 1
77 46 585 1
47 56 905 1
56 47 905 1
47 57 743 1
57 47 743 1
53 55 448 1
55 53 448 1
56 104 1033 1
104 56 1033 1
57 87 938 1
87 57 938 1
63 99 719 1
99 63 719 1
67 92 922 1
92 67 922 1
79 114 741 1
114 79 741 1
91 94 561 1
94 91 561 1
5 14 572 1
14 5 572 1
5 17 702 1
17 5 702 1
21 82 511 1
82 21 511 1
31 78 755 1
78 31 755 1
41 47 698 1
47 41 698 1
77 105 632 1
105 77 632 1
1 74 790 1
74 1 790 1
12 61 1246 1
61 12 1246 1
15 112 1123 1
112 15 1123 1
19 72 678 1
72 19 678 1
26 93 1144 1
93 26 1144 1
36 115 416 1
115 36 416 1
37 54 645 1
54 37 645 1
40 44 926 1
44 40 926 1
45 57 653 1
57 45 653 1
48 59 599 1
59 48 599 1
71 111 839 1
111 71 839 1
98 103 555 1
103 98 555 1
5 105 1032 1
105 5 1032 1
15 55 721 1
55 15 721 1
16 95 729 1
95 16 729 1
29 61 711 1
61 29 711 1
48 107 958 1
107 48 958 1
62 74 590 1
74 62 590 1
100 106 280 1
106 100 280 1
2 34 808 1
34 2 808 1
9 64 1448 1
64 9 1448 1
16 40 399 1
40 16 399 1
18 74 626 1
74 18 626 1
19 78 749 1
78 19 749 1
20 114 742 1
114 20 742 1
39 79 371 1
79 39 371 1
64 101 1142 1
101 64 1142 1
2 94 947 1
94 2 947 1
6 15 884 1
15 6 884 1
14 82 179 1
82 14 179 1
18 93 1308 1
93 18 1308 1
18 102 1258 1
102 18 1258 1
38 104 427 1
104 38 427 1
39 57 754 1
57 39 754 1
42 57 855 1
57 42 855 1
46 53 547 1
53 46 547 1
47 108 359 1
108 47 359 1
63 112 915 1
112 63 915 1
65 85 476 1
85 65 476 1
86 94 606 1
94 86 606 1
6 92 1291 1
92 6 1291 1
7 13 237 1
13 7 237 1
14 95 814 1
95 14 814 1
22 96 1047 1
96 22 1047 1
26 86 416 1
86 26 416 1
29 113 879 1
113 29 879 1
58 88 918 1
88 58 918 1
85 94 684 1
94 85 684 1
6 10 299 1
10 6 299 1
14 34 879 1
34 14 879 1
29 55 507 1
55 29 507 1
74 78 322 1
78 74 322 1
75 79 318 1
79 75 318 1
21 54 704 1
54 21 704 1
43 70 885 1
70 43 885 1
46 48 368 1
48 46 368 1
60 74 699 1
74 60 699 1
79 99 574 1
99 79 574 1
79 105 747 1
105 79 747 1
88 110 590 1
110 88 590 1
90 94 414 1
94 90 414 1
98 112 277 1
112 98 277 1
1 12 1022 1
12 1 1022 1
5 62 1190 1
62 5 1190 1
26 104 905 1
104 26 905 1
