116 2668
80 81 1113 1
81 80 1113 1
48 49 410 1
49 48 410 1
44 45 194 1
45 44 194 1
5 9 157 1
9 5 157 1
30 31 127 1
31 30 127 1
29 72 629 1
72 29 629 1
17 81 182 1
81 17 182 1
62 63 1134 1
63 62 1134 1
2 6 165 1
6 2 165 1
62 80 268 1
80 62 268 1
50 51 698 1
51 50 698 1
24 25 135 1
25 24 135 1
85 87 616 1
87 85 616 1
22 64 1169 1
64 22 1169 1
64 84 478 1
84 64 478 1
78 80 116 1
80 78 116 1
36 37 542 1
37 36 542 1
16 17 998 1
17 16 998 1
6 8 485 1
8 6 485 1
43 47 146 1
47 43 146 1
8 9 638 1
9 8 638 1
64 82 943 1
82 64 943 1
46 47 309 1
47 46 309 1
28 29 741 1
29 28 741 1
4 9 500 1
9 4 500 1
62 81 1169 1
81 62 1169 1
28 72 116 1
72 28 116 1
0 10 381 1
10 0 381 1
59 66 363 1
66 59 363 1
73 74 458 1
74 73 458 1
66 67 177 1
67 66 177 1
25 30 292 1
30 25 292 1
48 51 548 1
51 48 548 1
72 74 76 1
74 72 76 1
74 76 203 1
76 74 203 1
49 51 172 1
51 49 172 1
42 43 239 1
43 42 239 1
17 63 324 1
63 17 324 1
26 27 135 1
27 26 135 1
74 75 389 1
75 74 389 1
70 71 263 1
71 70 263 1
56 57 840 1
57 56 840 1
51 52 786 1
52 51 786 1
25 31 272 1
31 25 272 1
24 30 283 1
30 24 283 1
10 14 380 1
14 10 380 1
63 81 293 1
81 63 293 1
78 81 1002 1
81 78 1002 1
17 80 1070 1
80 17 1070 1
16 81 1063 1
81 16 1063 1
43 46 341 1
46 43 341 1
16 80 152 1
80 16 152 1
36 41 570 1
41 36 570 1
4 8 148 1
8 4 148 1
10 22 580 1
22 10 580 1
17 56 1024 1
56 17 1024 1
10 64 755 1
64 10 755 1
20 25 402 1
25 20 402 1
42 46 173 1
46 42 173 1
37 76 441 1
76 37 441 1
79 81 136 1
81 79 136 1
43 45 199 1
45 43 199 1
50 52 243 1
52 50 243 1
20 31 387 1
31 20 387 1
46 55 584 1
55 46 584 1
71 77 297 1
77 71 297 1
32 72 471 1
72 32 471 1
14 82 179 1
82 14 179 1
2 22 228 1
22 2 228 1
55 96 492 1
96 55 492 1
76 77 238 1
77 76 238 1
17 72 781 1
72 17 781 1
20 21 185 1
21 20 185 1
17 79 135 1
79 17 135 1
91 93 118 1
93 91 118 1
84 87 1148 1
87 84 1148 1
43 44 290 1
44 43 290 1
16 56 380 1
56 16 380 1
43 55 485 1
55 43 485 1
31 96 900 1
96 31 900 1
58 60 266 1
60 58 266 1
16 62 313 1
62 16 313 1
37 96 506 1
96 37 506 1
58 66 198 1
66 58 198 1
42 49 396 1
49 42 396 1
4 91 1276 1
91 4 1276 1
5 8 493 1
8 5 493 1
22 84 1027 1
84 22 1027 1
16 72 287 1
72 16 287 1
26 64 1183 1
64 26 1183 1
17 78 955 1
78 17 955 1
48 52 415 1
52 48 415 1
72 81 860 1
81 72 860 1
19 69 323 1
69 19 323 1
22 23 140 1
23 22 140 1
45 49 111 1
49 45 111 1
73 75 84 1
75 73 84 1
16 78 122 1
78 16 122 1
46 49 541 1
49 46 541 1
57 62 1000 1
62 57 1000 1
59 61 271 1
61 59 271 1
67 103 944 1
103 67 944 1
82 83 881 1
83 82 881 1
31 33 517 1
33 31 517 1
57 63 249 1
63 57 249 1
29 81 342 1
81 29 342 1
38 97 469 1
97 38 469 1
84 85 1130 1
85 84 1130 1
4 14 255 1
14 4 255 1
36 76 232 1
76 36 232 1
72 73 517 1
73 72 517 1
6 12 248 1
12 6 248 1
72 75 453 1
75 72 453 1
72 76 257 1
76 72 257 1
1 102 1288 1
102 1 1288 1
23 64 1238 1
64 23 1238 1
54 55 651 1
55 54 651 1
11 13 168 1
13 11 168 1
69 103 1214 1
103 69 1214 1
82 88 444 1
88 82 444 1
17 29 223 1
29 17 223 1
8 58 1298 1
58 8 1298 1
14 64 1035 1
64 14 1035 1
84 86 610 1
86 84 610 1
59 67 245 1
67 59 245 1
85 89 220 1
89 85 220 1
30 96 854 1
96 30 854 1
95 105 309 1
105 95 309 1
19 83 893 1
83 19 893 1
22 24 386 1
24 22 386 1
1 19 351 1
19 1 351 1
59 103 1115 1
103 59 1115 1
63 80 1146 1
80 63 1146 1
70 75 355 1
75 70 355 1
14 22 562 1
22 14 562 1
4 15 597 1
15 4 597 1
42 47 281 1
47 42 281 1
17 62 1129 1
62 17 1129 1
62 78 287 1
78 62 287 1
20 30 328 1
30 20 328 1
14 91 1235 1
91 14 1235 1
32 73 550 1
73 32 550 1
42 44 208 1
44 42 208 1
92 93 608 1
93 92 608 1
2 8 554 1
8 2 554 1
30 40 513 1
40 30 513 1
20 96 592 1
96 20 592 1
58 90 890 1
90 58 890 1
90 91 735 1
91 90 735 1
11 15 385 1
15 11 385 1
29 73 113 1
73 29 113 1
49 53 406 1
53 49 406 1
1 62 1027 1
62 1 1027 1
4 5 350 1
5 4 350 1
22 86 800 1
86 22 800 1
56 60 232 1
60 56 232 1
59 100 1223 1
100 59 1223 1
25 110 1042 1
110 25 1042 1
26 89 900 1
89 26 900 1
60 61 893 1
61 60 893 1
71 75 163 1
75 71 163 1
72 80 384 1
80 72 384 1
79 80 991 1
80 79 991 1
105 114 152 1
114 105 152 1
48 50 202 1
50 48 202 1
67 69 345 1
69 67 345 1
32 74 456 1
74 32 456 1
32 80 590 1
80 32 590 1
104 105 204 1
105 104 204 1
8 91 1373 1
91 8 1373 1
75 76 374 1
76 75 374 1
10 82 401 1
82 10 401 1
24 31 318 1
31 24 318 1
35 67 262 1
67 35 262 1
8 60 1121 1
60 8 1121 1
22 82 706 1
82 22 706 1
36 40 213 1
40 36 213 1
56 81 1090 1
81 56 1090 1
69 105 1158 1
105 69 1158 1
37 74 520 1
74 37 520 1
56 63 1014 1
63 56 1014 1
1 57 172 1
57 1 172 1
47 55 367 1
55 47 367 1
16 74 335 1
74 16 335 1
69 90 1119 1
90 69 1119 1
73 77 274 1
77 73 274 1
82 84 544 1
84 82 544 1
23 24 403 1
24 23 403 1
72 78 300 1
78 72 300 1
21 23 542 1
23 21 542 1
23 84 1113 1
84 23 1113 1
2 93 1417 1
93 2 1417 1
7 9 490 1
9 7 490 1
61 112 910 1
112 61 910 1
94 97 266 1
97 94 266 1
78 79 878 1
79 78 878 1
21 30 349 1
30 21 349 1
44 61 662 1
61 44 662 1
4 58 1292 1
58 4 1292 1
42 45 300 1
45 42 300 1
46 98 212 1
98 46 212 1
21 25 360 1
25 21 360 1
59 69 338 1
69 59 338 1
21 31 344 1
31 21 344 1
23 86 866 1
86 23 866 1
40 72 200 1
72 40 200 1
56 62 252 1
62 56 252 1
21 96 648 1
96 21 648 1
44 47 404 1
47 44 404 1
44 49 304 1
49 44 304 1
43 96 503 1
96 43 503 1
74 79 666 1
79 74 666 1
16 79 934 1
79 16 934 1
21 86 520 1
86 21 520 1
37 73 278 1
73 37 278 1
43 49 240 1
49 43 240 1
72 79 733 1
79 72 733 1
95 114 280 1
114 95 280 1
16 63 1092 1
63 16 1092 1
28 76 345 1
76 28 345 1
29 80 961 1
80 29 961 1
39 110 466 1
110 39 466 1
64 86 1029 1
86 64 1029 1
73 76 450 1
76 73 450 1
75 77 210 1
77 75 210 1
92 113 313 1
113 92 313 1
52 53 746 1
53 52 746 1
9 61 1165 1
61 9 1165 1
17 28 894 1
28 17 894 1
19 104 1200 1
104 19 1200 1
29 63 531 1
63 29 531 1
11 65 770 1
65 11 770 1
25 96 984 1
96 25 984 1
5 7 538 1
7 5 538 1
26 84 884 1
84 26 884 1
40 75 477 1
75 40 477 1
47 49 380 1
49 47 380 1
48 53 654 1
53 48 654 1
29 31 454 1
31 29 454 1
66 103 1026 1
103 66 1026 1
74 81 792 1
81 74 792 1
51 53 271 1
53 51 271 1
1 98 1107 1
98 1 1107 1
61 100 1241 1
100 61 1241 1
2 10 438 1
10 2 438 1
3 65 942 1
65 3 942 1
38 79 739 1
79 38 739 1
45 47 345 1
47 45 345 1
58 59 496 1
59 58 496 1
58 69 426 1
69 58 426 1
84 88 224 1
88 84 224 1
5 67 1194 1
67 5 1194 1
37 41 217 1
41 37 217 1
2 107 1169 1
107 2 1169 1
46 53 547 1
53 46 547 1
49 52 718 1
52 49 718 1
86 87 805 1
87 86 805 1
6 60 799 1
60 6 799 1
114 115 96 1
115 114 96 1
14 93 1238 1
93 14 1238 1
90 92 135 1
92 90 135 1
12 60 825 1
60 12 825 1
68 89 1110 1
89 68 1110 1
9 58 1436 1
58 9 1436 1
29 74 571 1
74 29 571 1
40 74 182 1
74 40 182 1
7 33 515 1
33 7 515 1
59 102 1214 1
102 59 1214 1
8 12 346 1
12 8 346 1
4 60 1138 1
60 4 1138 1
17 57 439 1
57 17 439 1
87 89 476 1
89 87 476 1
49 55 664 1
55 49 664 1
102 103 508 1
103 102 508 1
32 62 548 1
62 32 548 1
57 81 488 1
81 57 488 1
14 15 772 1
15 14 772 1
44 46 353 1
46 44 353 1
64 88 675 1
88 64 675 1
66 69 349 1
69 66 349 1
23 68 876 1
68 23 876 1
38 54 263 1
54 38 263 1
10 18 609 1
18 10 609 1
19 105 1190 1
105 19 1190 1
1 80 1054 1
80 1 1054 1
28 74 188 1
74 28 188 1
0 18 364 1
18 0 364 1
13 71 401 1
71 13 401 1
45 61 513 1
61 45 513 1
37 75 239 1
75 37 239 1
64 68 614 1
68 64 614 1
67 105 903 1
105 67 903 1
69 91 1081 1
91 69 1081 1
92 101 634 1
101 92 634 1
98 99 479 1
99 98 479 1
13 15 277 1
15 13 277 1
29 32 631 1
32 29 631 1
100 102 87 1
102 100 87 1
29 75 189 1
75 29 189 1
57 60 868 1
60 57 868 1
16 32 504 1
32 16 504 1
58 91 1077 1
91 58 1077 1
91 103 258 1
103 91 258 1
96 110 214 1
110 96 214 1
56 80 431 1
80 56 431 1
70 94 557 1
94 70 557 1
28 32 528 1
32 28 528 1
52 89 1027 1
89 52 1027 1
16 76 379 1
76 16 379 1
28 81 975 1
81 28 975 1
30 43 1104 1
43 30 1104 1
29 62 1067 1
62 29 1067 1
70 76 285 1
76 70 285 1
102 111 440 1
111 102 440 1
10 84 516 1
84 10 516 1
21 24 413 1
24 21 413 1
36 74 242 1
74 36 242 1
42 48 243 1
48 42 243 1
102 112 391 1
112 102 391 1
2 14 572 1
14 2 572 1
39 96 494 1
96 39 494 1
101 103 106 1
103 101 106 1
22 26 505 1
26 22 505 1
29 36 705 1
36 29 705 1
62 98 668 1
98 62 668 1
31 39 657 1
39 31 657 1
38 39 465 1
39 38 465 1
28 36 321 1
36 28 321 1
61 66 546 1
66 61 546 1
74 77 362 1
77 74 362 1
1 63 334 1
63 1 334 1
17 36 828 1
36 17 828 1
44 55 743 1
55 44 743 1
46 96 270 1
96 46 270 1
9 67 1237 1
67 9 1237 1
68 85 974 1
85 68 974 1
70 77 376 1
77 70 376 1
98 111 265 1
111 98 265 1
100 112 410 1
112 100 410 1
32 81 728 1
81 32 728 1
102 106 217 1
106 102 217 1
30 33 526 1
33 30 526 1
37 77 246 1
77 37 246 1
49 50 585 1
50 49 585 1
62 73 961 1
73 62 961 1
0 14 728 1
14 0 728 1
44 112 534 1
112 44 534 1
31 55 879 1
55 31 879 1
32 78 484 1
78 32 484 1
35 105 686 1
105 35 686 1
73 80 850 1
80 73 850 1
73 81 406 1
81 73 406 1
74 80 415 1
80 74 415 1
104 114 171 1
114 104 171 1
36 81 848 1
81 36 848 1
63 98 1024 1
98 63 1024 1
72 98 675 1
98 72 675 1
98 102 260 1
102 98 260 1
37 79 267 1
79 37 267 1
57 66 576 1
66 57 576 1
20 24 393 1
24 20 393 1
23 25 373 1
25 23 373 1
37 39 117 1
39 37 117 1
37 40 562 1
40 37 562 1
90 103 653 1
103 90 653 1
94 95 213 1
95 94 213 1
20 55 690 1
55 20 690 1
9 59 1335 1
59 9 1335 1
24 34 1021 1
34 24 1021 1
26 82 411 1
82 26 411 1
89 91 402 1
91 89 402 1
46 51 585 1
51 46 585 1
111 112 111 1
112 111 111 1
24 110 1066 1
110 24 1066 1
58 103 1188 1
103 58 1188 1
76 79 567 1
79 76 567 1
37 70 546 1
70 37 546 1
45 55 662 1
55 45 662 1
7 61 813 1
61 7 813 1
28 80 329 1
80 28 329 1
30 75 454 1
75 30 454 1
31 110 923 1
110 31 923 1
56 78 391 1
78 56 391 1
74 78 322 1
78 74 322 1
13 85 695 1
85 13 695 1
28 78 272 1
78 28 272 1
30 70 259 1
70 30 259 1
34 110 327 1
110 34 327 1
82 86 143 1
86 82 143 1
93 101 103 1
101 93 103 1
18 19 147 1
19 18 147 1
85 86 1120 1
86 85 1120 1
5 59 1317 1
59 5 1317 1
35 114 586 1
114 35 586 1
37 84 862 1
84 37 862 1
8 14 205 1
14 8 205 1
57 61 216 1
61 57 216 1
36 72 276 1
72 36 276 1
57 80 1050 1
80 57 1050 1
68 69 164 1
69 68 164 1
103 106 532 1
106 103 532 1
2 64 992 1
64 2 992 1
18 32 279 1
32 18 279 1
35 69 473 1
69 35 473 1
72 77 430 1
77 72 430 1
105 115 176 1
115 105 176 1
39 115 411 1
115 39 411 1
91 94 561 1
94 91 561 1
17 74 721 1
74 17 721 1
62 72 566 1
72 62 566 1
63 78 1033 1
78 63 1033 1
71 73 163 1
73 71 163 1
19 102 1271 1
102 19 1271 1
58 61 717 1
61 58 717 1
3 19 382 1
19 3 382 1
9 90 1391 1
90 9 1391 1
86 89 1016 1
89 86 1016 1
22 30 218 1
30 22 218 1
42 98 381 1
98 42 381 1
16 28 220 1
28 16 220 1
57 106 1143 1
106 57 1143 1
16 73 769 1
73 16 769 1
6 58 957 1
58 6 957 1
9 60 1369 1
60 9 1369 1
37 54 645 1
54 37 645 1
69 89 1015 1
89 69 1015 1
73 79 296 1
79 73 296 1
33 35 375 1
35 33 375 1
46 54 354 1
54 46 354 1
63 72 944 1
72 63 944 1
12 56 631 1
56 12 631 1
0 22 675 1
22 0 675 1
16 29 882 1
29 16 882 1
29 76 555 1
76 29 555 1
29 30 533 1
30 29 533 1
45 46 448 1
46 45 448 1
26 88 791 1
88 26 791 1
15 60 1288 1
60 15 1288 1
21 37 403 1
37 21 403 1
24 49 1432 1
49 24 1432 1
31 40 592 1
40 31 592 1
91 92 669 1
92 91 669 1
9 35 1031 1
35 9 1031 1
64 89 1175 1
89 64 1175 1
105 109 371 1
109 105 371 1
18 82 891 1
82 18 891 1
31 77 552 1
77 31 552 1
36 79 738 1
79 36 738 1
61 102 1213 1
102 61 1213 1
67 90 867 1
90 67 867 1
90 107 713 1
107 90 713 1
31 43 1106 1
43 31 1106 1
64 93 1076 1
93 64 1076 1
69 106 1139 1
106 69 1139 1
29 40 655 1
40 29 655 1
39 77 312 1
77 39 312 1
67 114 792 1
114 67 792 1
82 107 847 1
107 82 847 1
0 2 460 1
2 0 460 1
5 33 790 1
33 5 790 1
23 105 1262 1
105 23 1262 1
37 38 515 1
38 37 515 1
0 64 574 1
64 0 574 1
8 48 1406 1
48 8 1406 1
14 88 613 1
88 14 613 1
35 90 713 1
90 35 713 1
95 104 381 1
104 95 381 1
8 101 1359 1
101 8 1359 1
31 70 334 1
70 31 334 1
45 67 282 1
67 45 282 1
6 7 710 1
7 6 710 1
32 77 383 1
77 32 383 1
101 112 405 1
112 101 405 1
5 35 974 1
35 5 974 1
10 93 1289 1
93 10 1289 1
27 55 790 1
55 27 790 1
66 100 968 1
100 66 968 1
2 12 394 1
12 2 394 1
29 98 934 1
98 29 934 1
47 53 268 1
53 47 268 1
69 114 1057 1
114 69 1057 1
8 90 1188 1
90 8 1188 1
32 98 795 1
98 32 795 1
40 70 311 1
70 40 311 1
47 96 412 1
96 47 412 1
9 45 1389 1
45 9 1389 1
4 92 1237 1
92 4 1237 1
15 83 194 1
83 15 194 1
16 57 981 1
57 16 981 1
4 93 1288 1
93 4 1288 1
11 77 511 1
77 11 511 1
80 98 568 1
98 80 568 1
9 101 1217 1
101 9 1217 1
17 76 648 1
76 17 648 1
28 40 248 1
40 28 248 1
46 48 368 1
48 46 368 1
23 93 1407 1
93 23 1407 1
24 53 1427 1
53 24 1427 1
32 33 149 1
33 32 149 1
99 111 265 1
111 99 265 1
19 95 883 1
95 19 883 1
20 29 497 1
29 20 497 1
13 77 608 1
77 13 608 1
23 95 987 1
95 23 987 1
32 79 600 1
79 32 600 1
37 55 221 1
55 37 221 1
40 76 327 1
76 40 327 1
70 74 155 1
74 70 155 1
6 9 834 1
9 6 834 1
59 111 815 1
111 59 815 1
26 86 416 1
86 26 416 1
29 33 510 1
33 29 510 1
32 75 514 1
75 32 514 1
1 83 729 1
83 1 729 1
28 30 436 1
30 28 436 1
33 34 394 1
34 33 394 1
37 72 595 1
72 37 595 1
73 99 684 1
99 73 684 1
23 82 788 1
82 23 788 1
24 96 985 1
96 24 985 1
30 55 903 1
55 30 903 1
37 81 336 1
81 37 336 1
42 53 475 1
53 42 475 1
82 87 849 1
87 82 849 1
34 35 126 1
35 34 126 1
64 85 1107 1
85 64 1107 1
76 81 691 1
81 76 691 1
2 91 1366 1
91 2 1366 1
8 93 1382 1
93 8 1382 1
9 66 1299 1
66 9 1299 1
37 85 343 1
85 37 343 1
42 51 463 1
51 42 463 1
66 112 753 1
112 66 753 1
7 8 828 1
8 7 828 1
25 55 952 1
55 25 952 1
55 98 606 1
98 55 606 1
5 45 1343 1
45 5 1343 1
12 52 1107 1
52 12 1107 1
17 32 646 1
32 17 646 1
14 60 967 1
60 14 967 1
22 53 1432 1
53 22 1432 1
65 92 1075 1
92 65 1075 1
17 73 298 1
73 17 298 1
19 103 1259 1
103 19 1259 1
24 86 569 1
86 24 569 1
29 37 304 1
37 29 304 1
67 104 923 1
104 67 923 1
93 107 357 1
107 93 357 1
4 90 1167 1
90 4 1167 1
31 54 940 1
54 31 940 1
11 76 704 1
76 11 704 1
59 112 915 1
112 59 915 1
75 96 592 1
96 75 592 1
30 77 559 1
77 30 559 1
21 84 830 1
84 21 830 1
5 61 1171 1
61 5 1171 1
36 96 257 1
96 36 257 1
62 74 590 1
74 62 590 1
19 114 1115 1
114 19 1115 1
28 41 661 1
41 28 661 1
61 63 238 1
63 61 238 1
67 110 507 1
110 67 507 1
21 55 604 1
55 21 604 1
22 93 1426 1
93 22 1426 1
27 49 1272 1
49 27 1272 1
29 96 758 1
96 29 758 1
41 76 493 1
76 41 493 1
58 92 982 1
92 58 982 1
103 105 173 1
105 103 173 1
15 61 998 1
61 15 998 1
18 76 581 1
76 18 581 1
57 59 382 1
59 57 382 1
64 87 1344 1
87 64 1344 1
23 30 259 1
30 23 259 1
60 66 370 1
66 60 370 1
71 76 392 1
76 71 392 1
1 111 979 1
111 1 979 1
18 80 767 1
80 18 767 1
23 89 1070 1
89 23 1070 1
105 110 411 1
110 105 411 1
39 79 371 1
79 39 371 1
42 55 629 1
55 42 629 1
90 105 516 1
105 90 516 1
92 102 211 1
102 92 211 1
101 113 350 1
113 101 350 1
8 49 1478 1
49 8 1478 1
10 91 1269 1
91 10 1269 1
16 18 646 1
18 16 646 1
23 85 1053 1
85 23 1053 1
10 68 756 1
68 10 756 1
20 37 510 1
37 20 510 1
24 48 1432 1
48 24 1432 1
29 78 851 1
78 29 851 1
41 82 687 1
82 41 687 1
57 90 1197 1
90 57 1197 1
82 89 1043 1
89 82 1043 1
2 48 1199 1
48 2 1199 1
36 73 600 1
73 36 600 1
50 53 744 1
53 50 744 1
64 91 1046 1
91 64 1046 1
9 92 1428 1
92 9 1428 1
39 104 557 1
104 39 557 1
65 67 361 1
67 65 361 1
81 98 940 1
98 81 940 1
7 73 434 1
73 7 434 1
44 98 563 1
98 44 563 1
13 65 935 1
65 13 935 1
18 83 953 1
83 18 953 1
20 110 682 1
110 20 682 1
91 105 371 1
105 91 371 1
43 54 646 1
54 43 646 1
51 113 663 1
113 51 663 1
82 85 1121 1
85 82 1121 1
94 114 259 1
114 94 259 1
35 58 514 1
58 35 514 1
36 84 341 1
84 36 341 1
90 114 392 1
114 90 392 1
104 109 377 1
109 104 377 1
9 111 1239 1
111 9 1239 1
19 57 426 1
57 19 426 1
22 76 708 1
76 22 708 1
5 101 1174 1
101 5 1174 1
10 23 699 1
23 10 699 1
22 48 1339 1
48 22 1339 1
40 41 506 1
41 40 506 1
1 3 446 1
3 1 446 1
11 61 675 1
61 11 675 1
11 71 374 1
71 11 374 1
23 26 522 1
26 23 522 1
93 103 173 1
103 93 173 1
1 81 501 1
81 1 501 1
6 93 1425 1
93 6 1425 1
26 87 560 1
87 26 560 1
27 48 1308 1
48 27 1308 1
35 88 741 1
88 35 741 1
50 97 711 1
97 50 711 1
103 104 369 1
104 103 369 1
20 75 348 1
75 20 348 1
28 75 567 1
75 28 567 1
65 66 537 1
66 65 537 1
75 99 632 1
99 75 632 1
77 97 366 1
97 77 366 1
5 66 1239 1
66 5 1239 1
10 85 1188 1
85 10 1188 1
18 64 805 1
64 18 805 1
25 49 1387 1
49 25 1387 1
92 103 574 1
103 92 574 1
8 103 1268 1
103 8 1268 1
18 78 674 1
78 18 674 1
28 56 545 1
56 28 545 1
32 99 839 1
99 32 839 1
30 37 688 1
37 30 688 1
78 112 768 1
112 78 768 1
82 91 1133 1
91 82 1133 1
21 27 209 1
27 21 209 1
24 26 201 1
26 24 201 1
24 46 1220 1
46 24 1220 1
29 77 357 1
77 29 357 1
20 71 311 1
71 20 311 1
25 33 765 1
33 25 765 1
44 100 799 1
100 44 799 1
47 78 767 1
78 47 767 1
1 113 1104 1
113 1 1104 1
11 83 383 1
83 11 383 1
20 39 459 1
39 20 459 1
22 68 842 1
68 22 842 1
32 63 656 1
63 32 656 1
41 83 252 1
83 41 252 1
9 15 219 1
15 9 219 1
11 73 310 1
73 11 310 1
16 99 951 1
99 16 951 1
42 54 525 1
54 42 525 1
64 65 897 1
65 64 897 1
65 104 1022 1
104 65 1022 1
66 111 646 1
111 66 646 1
68 82 1040 1
82 68 1040 1
29 39 339 1
39 29 339 1
6 107 1177 1
107 6 1177 1
13 37 594 1
37 13 594 1
65 103 905 1
103 65 905 1
91 101 197 1
101 91 197 1
14 26 321 1
26 14 321 1
39 94 407 1
94 39 407 1
47 98 442 1
98 47 442 1
57 102 1241 1
102 57 1241 1
69 88 1077 1
88 69 1077 1
97 110 221 1
110 97 221 1
9 91 1212 1
91 9 1212 1
35 110 305 1
110 35 305 1
74 98 633 1
98 74 633 1
104 115 184 1
115 104 184 1
1 87 873 1
87 1 873 1
3 104 1246 1
104 3 1246 1
18 22 537 1
22 18 537 1
24 109 943 1
109 24 943 1
35 103 749 1
103 35 749 1
87 88 1035 1
88 87 1035 1
27 53 1217 1
53 27 1217 1
73 98 854 1
98 73 854 1
1 59 541 1
59 1 541 1
29 41 234 1
41 29 234 1
58 107 1147 1
107 58 1147 1
5 114 1065 1
114 5 1065 1
7 11 254 1
11 7 254 1
23 31 199 1
31 23 199 1
26 68 1080 1
68 26 1080 1
38 77 447 1
77 38 447 1
76 84 486 1
84 76 486 1
88 91 958 1
91 88 958 1
7 45 1151 1
45 7 1151 1
23 91 1352 1
91 23 1352 1
35 94 438 1
94 35 438 1
77 79 329 1
79 77 329 1
0 52 934 1
52 0 934 1
63 73 569 1
73 63 569 1
1 112 1078 1
112 1 1078 1
5 58 1366 1
58 5 1366 1
15 82 832 1
82 15 832 1
30 76 537 1
76 30 537 1
39 105 458 1
105 39 458 1
40 96 436 1
96 40 436 1
68 84 871 1
84 68 871 1
3 64 1134 1
64 3 1134 1
84 89 1110 1
89 84 1110 1
98 112 277 1
112 98 277 1
24 64 1287 1
64 24 1287 1
45 112 552 1
112 45 552 1
54 96 167 1
96 54 167 1
9 105 1106 1
105 9 1106 1
28 83 861 1
83 28 861 1
37 71 401 1
71 37 401 1
62 112 883 1
112 62 883 1
3 11 395 1
11 3 395 1
14 68 1034 1
68 14 1034 1
28 33 585 1
33 28 585 1
59 106 1174 1
106 59 1174 1
38 70 414 1
70 38 414 1
45 48 304 1
48 45 304 1
53 109 560 1
109 53 560 1
90 115 420 1
115 90 420 1
0 56 174 1
56 0 174 1
5 91 1178 1
91 5 1178 1
7 104 1243 1
104 7 1243 1
20 97 635 1
97 20 635 1
34 58 424 1
58 34 424 1
68 105 1200 1
105 68 1200 1
77 96 456 1
96 77 456 1
98 113 276 1
113 98 276 1
102 115 318 1
115 102 318 1
4 101 1261 1
101 4 1261 1
5 103 1104 1
103 5 1104 1
31 37 658 1
37 31 658 1
38 74 265 1
74 38 265 1
41 107 419 1
107 41 419 1
61 75 723 1
75 61 723 1
24 55 1018 1
55 24 1018 1
25 95 871 1
95 25 871 1
32 76 341 1
76 32 341 1
41 74 484 1
74 41 484 1
46 99 446 1
99 46 446 1
68 91 1170 1
91 68 1170 1
69 107 1110 1
107 69 1110 1
0 107 1161 1
107 0 1161 1
38 78 371 1
78 38 371 1
39 72 575 1
72 39 575 1
49 99 587 1
99 49 587 1
3 73 493 1
73 3 493 1
7 71 395 1
71 7 395 1
14 89 1093 1
89 14 1093 1
52 113 478 1
113 52 478 1
53 84 1054 1
84 53 1054 1
62 79 1049 1
79 62 1049 1
94 105 354 1
105 94 354 1
3 18 417 1
18 3 417 1
24 40 584 1
40 24 584 1
24 43 1300 1
43 24 1300 1
30 46 1051 1
46 30 1051 1
30 110 901 1
110 30 901 1
31 46 1090 1
46 31 1090 1
99 100 610 1
100 99 610 1
2 109 940 1
109 2 940 1
21 22 558 1
22 21 558 1
22 89 1126 1
89 22 1126 1
27 89 807 1
89 27 807 1
28 77 540 1
77 28 540 1
40 109 467 1
109 40 467 1
78 98 547 1
98 78 547 1
100 103 576 1
103 100 576 1
8 107 1063 1
107 8 1063 1
39 73 305 1
73 39 305 1
53 64 953 1
64 53 953 1
60 63 1021 1
63 60 1021 1
73 96 674 1
96 73 674 1
100 111 457 1
111 100 457 1
3 83 681 1
83 3 681 1
5 49 1365 1
49 5 1365 1
31 71 265 1
71 31 265 1
68 94 894 1
94 68 894 1
10 12 181 1
12 10 181 1
15 88 1097 1
88 15 1097 1
25 43 1261 1
43 25 1261 1
28 70 247 1
70 28 247 1
47 48 490 1
48 47 490 1
51 54 884 1
54 51 884 1
12 16 384 1
16 12 384 1
94 115 181 1
115 94 181 1
96 99 428 1
99 96 428 1
18 84 897 1
84 18 897 1
45 110 453 1
110 45 453 1
83 95 609 1
95 83 609 1
10 86 544 1
86 10 544 1
64 76 611 1
76 64 611 1
66 102 974 1
102 66 974 1
100 101 656 1
101 100 656 1
11 14 937 1
14 11 937 1
21 26 271 1
26 21 271 1
56 72 566 1
72 56 566 1
88 89 1035 1
89 88 1035 1
17 37 368 1
37 17 368 1
45 59 413 1
59 45 413 1
4 11 819 1
11 4 819 1
8 92 1269 1
92 8 1269 1
112 113 116 1
113 112 116 1
15 65 1052 1
65 15 1052 1
20 27 271 1
27 20 271 1
45 111 467 1
111 45 467 1
47 110 210 1
110 47 210 1
52 68 984 1
68 52 984 1
66 90 828 1
90 66 828 1
69 102 1226 1
102 69 1226 1
70 72 158 1
72 70 158 1
63 112 915 1
112 63 915 1
70 73 402 1
73 70 402 1
5 6 733 1
6 5 733 1
6 14 476 1
14 6 476 1
20 73 397 1
73 20 397 1
30 71 303 1
71 30 303 1
40 82 231 1
82 40 231 1
3 85 893 1
85 3 893 1
36 80 330 1
80 36 330 1
37 86 777 1
86 37 777 1
38 94 246 1
94 38 246 1
1 16 963 1
16 1 963 1
10 107 1065 1
107 10 1065 1
41 81 452 1
81 41 452 1
57 103 1078 1
103 57 1078 1
82 93 1124 1
93 82 1124 1
1 106 1164 1
106 1 1164 1
2 24 548 1
24 2 548 1
30 72 390 1
72 30 390 1
47 99 231 1
99 47 231 1
55 99 216 1
99 55 216 1
74 99 759 1
99 74 759 1
92 111 381 1
111 92 381 1
94 110 220 1
110 94 220 1
3 82 903 1
82 3 903 1
43 110 298 1
110 43 298 1
58 67 368 1
67 58 368 1
101 102 595 1
102 101 595 1
109 113 333 1
113 109 333 1
3 23 271 1
23 3 271 1
18 28 651 1
28 18 651 1
26 85 985 1
85 26 985 1
51 59 486 1
59 51 486 1
71 93 964 1
93 71 964 1
13 87 493 1
87 13 493 1
18 74 626 1
74 18 626 1
1 78 939 1
78 1 939 1
7 67 937 1
67 7 937 1
14 58 1155 1
58 14 1155 1
18 98 1066 1
98 18 1066 1
63 79 303 1
79 63 303 1
1 61 385 1
61 1 385 1
6 90 1185 1
90 6 1185 1
9 33 834 1
33 9 834 1
11 75 388 1
75 11 388 1
36 75 517 1
75 36 517 1
39 97 289 1
97 39 289 1
54 98 204 1
98 54 204 1
59 89 931 1
89 59 931 1
85 113 705 1
113 85 705 1
6 103 1362 1
103 6 1362 1
21 40 380 1
40 21 380 1
31 72 482 1
72 31 482 1
47 51 339 1
51 47 339 1
70 97 668 1
97 70 668 1
38 96 284 1
96 38 284 1
41 79 379 1
79 41 379 1
61 62 1047 1
62 61 1047 1
8 61 1371 1
61 8 1371 1
8 66 1233 1
66 8 1233 1
31 34 815 1
34 31 815 1
51 89 661 1
89 51 661 1
101 111 463 1
111 101 463 1
5 111 1164 1
111 5 1164 1
16 36 349 1
36 16 349 1
24 84 1013 1
84 24 1013 1
60 90 787 1
90 60 787 1
63 99 719 1
99 63 719 1
95 109 146 1
109 95 146 1
2 49 1238 1
49 2 1238 1
3 32 536 1
32 3 536 1
10 52 956 1
52 10 956 1
25 27 193 1
27 25 193 1
37 46 651 1
46 37 651 1
39 80 834 1
80 39 834 1
49 54 854 1
54 49 854 1
57 58 735 1
58 57 735 1
0 51 1107 1
51 0 1107 1
13 92 1402 1
92 13 1402 1
48 91 808 1
91 48 808 1
54 78 385 1
78 54 385 1
5 105 1032 1
105 5 1032 1
68 87 1214 1
87 68 1214 1
27 87 439 1
87 27 439 1
40 84 485 1
84 40 485 1
95 115 205 1
115 95 205 1
103 111 432 1
111 103 432 1
12 107 1106 1
107 12 1106 1
24 70 465 1
70 24 465 1
44 113 636 1
113 44 636 1
68 88 1023 1
88 68 1023 1
28 63 1049 1
63 28 1049 1
59 90 1104 1
90 59 1104 1
69 87 1163 1
87 69 1163 1
43 53 293 1
53 43 293 1
54 73 776 1
73 54 776 1
57 108 842 1
108 57 842 1
63 74 885 1
74 63 885 1
14 76 580 1
76 14 580 1
21 71 214 1
71 21 214 1
22 25 402 1
25 22 402 1
47 111 188 1
111 47 188 1
54 74 471 1
74 54 471 1
20 77 434 1
77 20 434 1
36 39 517 1
39 36 517 1
79 97 479 1
97 79 479 1
103 114 282 1
114 103 282 1
4 88 829 1
88 4 829 1
15 38 793 1
38 15 793 1
17 41 414 1
41 17 414 1
52 58 705 1
58 52 705 1
56 61 920 1
61 56 920 1
5 104 1063 1
104 5 1063 1
10 11 986 1
11 10 986 1
31 75 419 1
75 31 419 1
35 91 647 1
91 35 647 1
36 54 228 1
54 36 228 1
36 85 845 1
85 36 845 1
47 112 265 1
112 47 265 1
102 113 317 1
113 102 317 1
18 79 755 1
79 18 755 1
37 80 842 1
80 37 842 1
55 86 895 1
86 55 895 1
57 69 378 1
69 57 378 1
75 113 758 1
113 75 758 1
96 97 322 1
97 96 322 1
106 108 322 1
108 106 322 1
3 76 687 1
76 3 687 1
11 92 1324 1
92 11 1324 1
38 75 499 1
75 38 499 1
96 98 184 1
98 96 184 1
2 23 340 1
23 2 340 1
4 6 536 1
6 4 536 1
6 91 1386 1
91 6 1386 1
12 50 1114 1
50 12 1114 1
13 89 713 1
89 13 713 1
80 87 1107 1
87 80 1107 1
5 34 1016 1
34 5 1016 1
7 59 970 1
59 7 970 1
13 73 358 1
73 13 358 1
21 109 565 1
109 21 565 1
30 54 873 1
54 30 873 1
36 95 408 1
95 36 408 1
41 86 672 1
86 41 672 1
67 102 981 1
102 67 981 1
98 100 250 1
100 98 250 1
8 59 1427 1
59 8 1427 1
23 65 1169 1
65 23 1169 1
67 111 605 1
111 67 605 1
70 93 1035 1
93 70 1035 1
5 94 896 1
94 5 896 1
6 34 815 1
34 6 815 1
18 46 984 1
46 18 984 1
27 86 519 1
86 27 519 1
31 38 708 1
38 31 708 1
41 98 784 1
98 41 784 1
44 54 668 1
54 44 668 1
59 101 1108 1
101 59 1108 1
16 98 666 1
98 16 666 1
25 37 745 1
37 25 745 1
39 81 431 1
81 39 431 1
40 81 874 1
81 40 874 1
61 67 382 1
67 61 382 1
67 91 790 1
91 67 790 1
3 89 961 1
89 3 961 1
17 40 824 1
40 17 824 1
19 111 1024 1
111 19 1024 1
20 54 606 1
54 20 606 1
34 97 481 1
97 34 481 1
45 100 889 1
100 45 889 1
0 82 741 1
82 0 741 1
4 61 1291 1
61 4 1291 1
25 53 1369 1
53 25 1369 1
37 98 666 1
98 37 666 1
87 106 830 1
106 87 830 1
22 109 988 1
109 22 988 1
66 106 937 1
106 66 937 1
71 97 615 1
97 71 615 1
72 99 831 1
99 72 831 1
83 87 158 1
87 83 158 1
83 105 806 1
105 83 806 1
5 90 1279 1
90 5 1279 1
10 89 1185 1
89 10 1185 1
20 70 213 1
70 20 213 1
34 67 275 1
67 34 275 1
0 12 517 1
12 0 517 1
8 105 1137 1
105 8 1137 1
25 35 978 1
35 25 978 1
26 38 554 1
38 26 554 1
90 102 246 1
102 90 246 1
3 84 1110 1
84 3 1110 1
3 87 809 1
87 3 809 1
7 34 875 1
34 7 875 1
7 100 1408 1
100 7 1408 1
19 80 851 1
80 19 851 1
19 98 1076 1
98 19 1076 1
23 109 1001 1
109 23 1001 1
4 35 987 1
35 4 987 1
13 21 494 1
21 13 494 1
17 99 704 1
99 17 704 1
19 90 1212 1
90 19 1212 1
40 79 762 1
79 40 762 1
54 79 860 1
79 54 860 1
58 89 1156 1
89 58 1156 1
67 92 922 1
92 67 922 1
2 58 959 1
58 2 959 1
13 86 1003 1
86 13 1003 1
22 46 1224 1
46 22 1224 1
27 51 1246 1
51 27 1246 1
36 70 395 1
70 36 395 1
37 99 410 1
99 37 410 1
46 78 577 1
78 46 577 1
76 80 424 1
80 76 424 1
10 13 1004 1
13 10 1004 1
22 70 443 1
70 22 443 1
27 52 1228 1
52 27 1228 1
35 66 331 1
66 35 331 1
45 99 570 1
99 45 570 1
22 40 716 1
40 22 716 1
50 54 543 1
54 50 543 1
62 106 794 1
106 62 794 1
65 93 802 1
93 65 802 1
4 59 1372 1
59 4 1372 1
16 37 809 1
37 16 809 1
58 93 1138 1
93 58 1138 1
102 104 159 1
104 102 159 1
11 74 727 1
74 11 727 1
15 75 396 1
75 15 396 1
15 89 653 1
89 15 653 1
21 39 356 1
39 21 356 1
23 110 1096 1
110 23 1096 1
38 55 598 1
55 38 598 1
69 83 1050 1
83 69 1050 1
94 103 496 1
103 94 496 1
8 34 1027 1
34 8 1027 1
16 77 611 1
77 16 611 1
19 82 964 1
82 19 964 1
34 70 564 1
70 34 564 1
12 48 1186 1
48 12 1186 1
14 41 702 1
41 14 702 1
14 70 380 1
70 14 380 1
20 33 587 1
33 20 587 1
34 60 439 1
60 34 439 1
53 54 818 1
54 53 818 1
73 78 740 1
78 73 740 1
0 50 829 1
50 0 829 1
10 65 1203 1
65 10 1203 1
18 62 706 1
62 18 706 1
28 82 255 1
82 28 255 1
36 78 263 1
78 36 263 1
37 87 433 1
87 37 433 1
71 74 359 1
74 71 359 1
0 48 847 1
48 0 847 1
19 115 1045 1
115 19 1045 1
29 99 709 1
99 29 709 1
34 48 431 1
48 34 431 1
44 101 868 1
101 44 868 1
65 91 690 1
91 65 690 1
75 98 773 1
98 75 773 1
95 108 123 1
108 95 123 1
9 11 523 1
11 9 523 1
11 28 875 1
28 11 875 1
27 47 1038 1
47 27 1038 1
29 70 512 1
70 29 512 1
29 79 257 1
79 29 257 1
30 109 796 1
109 30 796 1
41 54 714 1
54 41 714 1
44 59 517 1
59 44 517 1
64 107 1075 1
107 64 1075 1
99 102 560 1
102 99 560 1
0 60 405 1
60 0 405 1
9 103 1158 1
103 9 1158 1
23 35 930 1
35 23 930 1
27 68 1083 1
68 27 1083 1
29 56 983 1
56 29 983 1
43 98 522 1
98 43 522 1
50 111 478 1
111 50 478 1
52 71 1052 1
71 52 1052 1
70 91 1000 1
91 70 1000 1
77 110 393 1
110 77 393 1
79 98 871 1
98 79 871 1
108 114 218 1
114 108 218 1
18 81 878 1
81 18 878 1
22 41 756 1
41 22 756 1
25 48 1425 1
48 25 1425 1
28 79 847 1
79 28 847 1
35 95 421 1
95 35 421 1
46 86 899 1
86 46 899 1
76 109 320 1
109 76 320 1
108 115 135 1
115 108 135 1
110 114 289 1
114 110 289 1
5 92 1324 1
92 5 1324 1
8 45 1422 1
45 8 1422 1
10 76 495 1
76 10 495 1
14 71 582 1
71 14 582 1
20 99 812 1
99 20 812 1
51 101 699 1
101 51 699 1
55 75 460 1
75 55 460 1
91 114 389 1
114 91 389 1
39 109 356 1
109 39 356 1
44 78 731 1
78 44 731 1
44 111 448 1
111 44 448 1
99 110 299 1
110 99 299 1
44 48 114 1
48 44 114 1
44 51 440 1
51 44 440 1
52 100 420 1
100 52 420 1
66 92 904 1
92 66 904 1
71 92 1069 1
92 71 1069 1
72 96 519 1
96 72 519 1
76 96 361 1
96 76 361 1
22 91 1377 1
91 22 1377 1
26 91 1131 1
91 26 1131 1
40 54 405 1
54 40 405 1
43 48 391 1
48 43 391 1
57 112 990 1
112 57 990 1
61 101 1003 1
101 61 1003 1
64 109 686 1
109 64 686 1
11 82 992 1
82 11 992 1
14 23 650 1
23 14 650 1
20 43 937 1
43 20 937 1
25 86 638 1
86 25 638 1
25 94 912 1
94 25 912 1
32 56 384 1
56 32 384 1
40 83 731 1
83 40 731 1
69 115 1010 1
115 69 1010 1
109 110 135 1
110 109 135 1
12 49 1320 1
49 12 1320 1
14 18 837 1
18 14 837 1
34 66 268 1
66 34 268 1
49 110 518 1
110 49 518 1
55 73 498 1
73 55 498 1
68 70 709 1
70 68 709 1
21 41 236 1
41 21 236 1
23 27 506 1
27 23 506 1
45 101 807 1
101 45 807 1
68 93 1248 1
93 68 1248 1
3 13 410 1
13 3 410 1
6 105 1236 1
105 6 1236 1
9 44 1434 1
44 9 1434 1
19 106 1134 1
106 19 1134 1
56 107 1138 1
107 56 1138 1
1 69 441 1
69 1 441 1
7 75 499 1
75 7 499 1
8 67 1258 1
67 8 1258 1
25 70 480 1
70 25 480 1
69 82 1105 1
82 69 1105 1
83 88 1071 1
88 83 1071 1
9 114 1147 1
114 9 1147 1
23 37 838 1
37 23 838 1
30 86 614 1
86 30 614 1
63 102 1192 1
102 63 1192 1
63 106 1106 1
106 63 1106 1
4 34 986 1
34 4 986 1
16 75 702 1
75 16 702 1
19 59 618 1
59 19 618 1
24 47 1229 1
47 24 1229 1
41 95 382 1
95 41 382 1
58 106 1039 1
106 58 1039 1
79 85 260 1
85 79 260 1
91 107 371 1
107 91 371 1
9 34 1087 1
34 9 1087 1
11 112 1101 1
112 11 1101 1
22 52 1369 1
52 22 1369 1
24 27 252 1
27 24 252 1
39 114 488 1
114 39 488 1
50 99 730 1
99 50 730 1
60 107 1124 1
107 60 1124 1
1 44 896 1
44 1 896 1
7 60 1133 1
60 7 1133 1
14 52 1090 1
52 14 1090 1
21 87 397 1
87 21 397 1
39 113 565 1
113 39 565 1
44 102 816 1
102 44 816 1
51 68 868 1
68 51 868 1
57 67 447 1
67 57 447 1
79 96 717 1
96 79 717 1
4 65 1344 1
65 4 1344 1
40 113 703 1
113 40 703 1
53 55 448 1
55 53 448 1
86 107 792 1
107 86 792 1
90 101 719 1
101 90 719 1
21 29 329 1
29 21 329 1
28 62 527 1
62 28 527 1
88 94 422 1
94 88 422 1
2 82 688 1
82 2 688 1
4 7 733 1
7 4 733 1
6 48 1184 1
48 6 1184 1
17 98 995 1
98 17 995 1
20 49 1095 1
49 20 1095 1
23 94 1022 1
94 23 1022 1
38 81 841 1
81 38 841 1
44 62 682 1
62 44 682 1
50 89 1065 1
89 50 1065 1
2 60 843 1
60 2 843 1
4 82 403 1
82 4 403 1
6 101 1437 1
101 6 1437 1
25 29 556 1
29 25 556 1
31 73 397 1
73 31 397 1
36 86 441 1
86 36 441 1
48 101 937 1
101 48 937 1
52 54 402 1
54 52 402 1
97 103 349 1
103 97 349 1
10 26 620 1
26 10 620 1
34 45 409 1
45 34 409 1
45 66 369 1
66 45 369 1
88 107 781 1
107 88 781 1
7 66 1007 1
66 7 1007 1
10 48 1025 1
48 10 1025 1
14 84 681 1
84 14 681 1
17 60 1082 1
60 17 1082 1
18 53 1191 1
53 18 1191 1
23 115 1150 1
115 23 1150 1
40 53 1023 1
53 40 1023 1
48 93 850 1
93 48 850 1
67 100 988 1
100 67 988 1
0 89 1205 1
89 0 1205 1
1 73 531 1
73 1 531 1
5 48 1432 1
48 5 1432 1
6 10 299 1
10 6 299 1
9 49 1399 1
49 9 1399 1
14 107 941 1
107 14 941 1
28 31 545 1
31 28 545 1
28 60 684 1
60 28 684 1
36 77 422 1
77 36 422 1
38 80 426 1
80 38 426 1
64 95 830 1
95 64 830 1
68 95 921 1
95 68 921 1
97 106 471 1
106 97 471 1
104 110 417 1
110 104 417 1
25 34 1006 1
34 25 1006 1
25 71 434 1
71 25 434 1
30 36 645 1
36 30 645 1
38 87 730 1
87 38 730 1
4 69 1158 1
69 4 1158 1
25 39 702 1
39 25 702 1
41 96 611 1
96 41 611 1
45 104 837 1
104 45 837 1
58 88 918 1
88 58 918 1
0 26 879 1
26 0 879 1
0 58 565 1
58 0 565 1
2 65 1144 1
65 2 1144 1
14 86 272 1
86 14 272 1
26 53 1271 1
53 26 1271 1
32 40 629 1
40 32 629 1
35 92 768 1
92 35 768 1
39 108 341 1
108 39 341 1
69 85 858 1
85 69 858 1
79 99 574 1
99 79 574 1
84 95 699 1
95 84 699 1
90 106 378 1
106 90 378 1
111 113 191 1
113 111 191 1
7 77 619 1
77 7 619 1
7 90 1390 1
90 7 1390 1
15 71 394 1
71 15 394 1
21 110 690 1
110 21 690 1
41 80 868 1
80 41 868 1
43 99 372 1
99 43 372 1
83 85 549 1
85 83 549 1
83 107 587 1
107 83 587 1
90 93 690 1
93 90 690 1
3 86 986 1
86 3 986 1
10 87 1058 1
87 10 1058 1
29 43 829 1
43 29 829 1
41 72 550 1
72 41 550 1
41 78 770 1
78 41 770 1
47 113 338 1
113 47 338 1
69 92 1197 1
92 69 1197 1
77 81 453 1
81 77 453 1
88 90 414 1
90 88 414 1
99 112 272 1
112 99 272 1
15 91 1009 1
91 15 1009 1
22 49 1332 1
49 22 1332 1
27 84 956 1
84 27 956 1
30 53 1265 1
53 30 1265 1
38 40 158 1
40 38 158 1
38 85 837 1
85 38 837 1
40 64 826 1
64 40 826 1
46 113 335 1
113 46 335 1
50 110 492 1
110 50 492 1
70 96 605 1
96 70 605 1
83 114 861 1
114 83 861 1
5 100 1233 1
100 5 1233 1
7 29 417 1
29 7 417 1
31 47 1060 1
47 31 1060 1
7 32 649 1
32 7 649 1
17 38 824 1
38 17 824 1
17 77 417 1
77 17 417 1
24 33 797 1
33 24 797 1
48 58 400 1
58 48 400 1
70 84 638 1
84 70 638 1
6 45 1217 1
45 6 1217 1
13 38 919 1
38 13 919 1
21 89 648 1
89 21 648 1
23 70 494 1
70 23 494 1
28 73 629 1
73 28 629 1
29 57 596 1
57 29 596 1
35 93 718 1
93 35 718 1
48 68 728 1
68 48 728 1
80 106 591 1
106 80 591 1
84 109 579 1
109 84 579 1
88 105 671 1
105 88 671 1
89 93 471 1
93 89 471 1
6 109 932 1
109 6 932 1
