116 2668
44 49 304 1
49 44 304 1
30 31 127 1
31 30 127 1
5 27 165 1
27 5 165 1
4 8 148 1
8 4 148 1
44 45 194 1
45 44 194 1
25 27 193 1
27 25 193 1
16 80 152 1
80 16 152 1
94 95 213 1
95 94 213 1
5 24 252 1
24 5 252 1
5 25 129 1
25 5 129 1
78 80 116 1
80 78 116 1
21 25 360 1
25 21 360 1
90 92 135 1
92 90 135 1
26 27 135 1
27 26 135 1
45 49 111 1
49 45 111 1
5 26 263 1
26 5 263 1
68 69 164 1
69 68 164 1
114 115 96 1
115 114 96 1
102 103 508 1
103 102 508 1
16 78 122 1
78 16 122 1
58 60 266 1
60 58 266 1
24 25 135 1
25 24 135 1
28 78 272 1
78 28 272 1
105 106 359 1
106 105 359 1
48 49 410 1
49 48 410 1
44 48 114 1
48 44 114 1
4 9 500 1
9 4 500 1
104 114 171 1
114 104 171 1
46 47 309 1
47 46 309 1
16 56 380 1
56 16 380 1
32 33 149 1
33 32 149 1
48 51 548 1
51 48 548 1
104 105 204 1
105 104 204 1
20 26 232 1
26 20 232 1
34 35 126 1
35 34 126 1
48 50 202 1
50 48 202 1
70 71 263 1
71 70 263 1
3 7 185 1
7 3 185 1
54 96 167 1
96 54 167 1
28 72 116 1
72 28 116 1
38 39 465 1
39 38 465 1
57 69 378 1
69 57 378 1
93 101 103 1
101 93 103 1
31 83 561 1
83 31 561 1
42 43 239 1
43 42 239 1
19 69 323 1
69 19 323 1
21 27 209 1
27 21 209 1
95 97 97 1
97 95 97 1
16 62 313 1
62 16 313 1
21 24 413 1
24 21 413 1
37 41 217 1
41 37 217 1
1 57 172 1
57 1 172 1
1 61 385 1
61 1 385 1
99 111 265 1
111 99 265 1
75 77 210 1
77 75 210 1
73 75 84 1
75 73 84 1
79 81 136 1
81 79 136 1
49 51 172 1
51 49 172 1
102 104 159 1
104 102 159 1
8 15 741 1
15 8 741 1
39 55 254 1
55 39 254 1
55 97 173 1
97 55 173 1
2 6 165 1
6 2 165 1
16 81 1063 1
81 16 1063 1
0 56 174 1
56 0 174 1
91 99 166 1
99 91 166 1
28 62 527 1
62 28 527 1
7 60 1133 1
60 7 1133 1
22 23 140 1
23 22 140 1
24 26 201 1
26 24 201 1
50 51 698 1
51 50 698 1
40 110 582 1
110 40 582 1
39 40 508 1
40 39 508 1
60 65 898 1
65 60 898 1
72 76 257 1
76 72 257 1
90 91 735 1
91 90 735 1
9 15 219 1
15 9 219 1
62 81 1169 1
81 62 1169 1
8 9 638 1
9 8 638 1
18 19 147 1
19 18 147 1
98 99 479 1
99 98 479 1
104 115 184 1
115 104 184 1
5 20 424 1
20 5 424 1
42 46 173 1
46 42 173 1
56 78 391 1
78 56 391 1
11 13 168 1
13 11 168 1
20 25 402 1
25 20 402 1
71 77 297 1
77 71 297 1
15 29 295 1
29 15 295 1
38 82 362 1
82 38 362 1
7 65 934 1
65 7 934 1
73 77 274 1
77 73 274 1
96 109 176 1
109 96 176 1
38 40 158 1
40 38 158 1
6 7 710 1
7 6 710 1
6 60 799 1
60 6 799 1
96 110 214 1
110 96 214 1
59 66 363 1
66 59 363 1
80 81 1113 1
81 80 1113 1
56 62 252 1
62 56 252 1
38 96 284 1
96 38 284 1
98 111 265 1
111 98 265 1
20 24 393 1
24 20 393 1
40 82 231 1
82 40 231 1
73 79 296 1
79 73 296 1
105 115 176 1
115 105 176 1
102 113 317 1
113 102 317 1
91 92 669 1
92 91 669 1
90 98 163 1
98 90 163 1
21 41 236 1
41 21 236 1
8 14 205 1
14 8 205 1
95 109 146 1
109 95 146 1
39 97 289 1
97 39 289 1
45 48 304 1
48 45 304 1
94 96 89 1
96 94 89 1
16 28 220 1
28 16 220 1
50 52 243 1
52 50 243 1
92 93 608 1
93 92 608 1
24 27 252 1
27 24 252 1
55 115 361 1
115 55 361 1
56 80 431 1
80 56 431 1
5 21 332 1
21 5 332 1
27 84 956 1
84 27 956 1
47 110 210 1
110 47 210 1
91 111 390 1
111 91 390 1
20 27 271 1
27 20 271 1
56 68 408 1
68 56 408 1
62 80 268 1
80 62 268 1
10 12 181 1
12 10 181 1
74 76 203 1
76 74 203 1
76 77 238 1
77 76 238 1
4 15 597 1
15 4 597 1
38 54 263 1
54 38 263 1
2 22 228 1
22 2 228 1
7 13 237 1
13 7 237 1
18 26 857 1
26 18 857 1
91 93 118 1
93 91 118 1
24 30 283 1
30 24 283 1
60 61 893 1
61 60 893 1
92 112 325 1
112 92 325 1
52 53 746 1
53 52 746 1
103 104 369 1
104 103 369 1
110 111 172 1
111 110 172 1
25 26 225 1
26 25 225 1
70 73 402 1
73 70 402 1
68 80 778 1
80 68 778 1
72 74 76 1
74 72 76 1
14 82 179 1
82 14 179 1
52 54 402 1
54 52 402 1
10 84 516 1
84 10 516 1
13 65 935 1
65 13 935 1
6 58 957 1
58 6 957 1
62 78 287 1
78 62 287 1
61 63 238 1
63 61 238 1
36 40 213 1
40 36 213 1
14 84 681 1
84 14 681 1
44 51 440 1
51 44 440 1
37 77 246 1
77 37 246 1
38 110 451 1
110 38 451 1
39 47 551 1
47 39 551 1
78 81 1002 1
81 78 1002 1
55 104 526 1
104 55 526 1
57 80 1050 1
80 57 1050 1
29 72 629 1
72 29 629 1
58 66 198 1
66 58 198 1
71 73 163 1
73 71 163 1
94 110 220 1
110 94 220 1
22 25 402 1
25 22 402 1
6 12 248 1
12 6 248 1
29 81 342 1
81 29 342 1
96 97 322 1
97 96 322 1
70 77 376 1
77 70 376 1
27 41 398 1
41 27 398 1
42 47 281 1
47 42 281 1
46 53 547 1
53 46 547 1
55 89 213 1
89 55 213 1
82 110 802 1
110 82 802 1
24 31 318 1
31 24 318 1
25 41 554 1
41 25 554 1
18 69 392 1
69 18 392 1
16 68 706 1
68 16 706 1
36 82 401 1
82 36 401 1
94 109 127 1
109 94 127 1
20 31 387 1
31 20 387 1
13 15 277 1
15 13 277 1
30 83 641 1
83 30 641 1
20 21 185 1
21 20 185 1
36 38 122 1
38 36 122 1
64 85 1107 1
85 64 1107 1
90 112 377 1
112 90 377 1
28 76 345 1
76 28 345 1
44 46 353 1
46 44 353 1
24 33 797 1
33 24 797 1
18 27 862 1
27 18 862 1
21 31 344 1
31 21 344 1
29 79 257 1
79 29 257 1
57 68 520 1
68 57 520 1
20 30 328 1
30 20 328 1
27 69 1092 1
69 27 1092 1
31 34 815 1
34 31 815 1
18 68 315 1
68 18 315 1
91 112 368 1
112 91 368 1
6 65 1218 1
65 6 1218 1
40 47 783 1
47 40 783 1
84 93 1016 1
93 84 1016 1
0 10 381 1
10 0 381 1
22 30 218 1
30 22 218 1
6 13 864 1
13 6 864 1
58 65 718 1
65 58 718 1
23 27 506 1
27 23 506 1
36 110 412 1
110 36 412 1
94 97 266 1
97 94 266 1
38 94 246 1
94 38 246 1
66 67 177 1
67 66 177 1
4 24 144 1
24 4 144 1
21 26 271 1
26 21 271 1
17 29 223 1
29 17 223 1
20 33 587 1
33 20 587 1
35 67 262 1
67 35 262 1
21 30 349 1
30 21 349 1
39 110 466 1
110 39 466 1
26 69 1109 1
69 26 1109 1
25 35 978 1
35 25 978 1
21 84 830 1
84 21 830 1
38 95 382 1
95 38 382 1
26 33 750 1
33 26 750 1
36 42 628 1
42 36 628 1
39 96 494 1
96 39 494 1
59 107 1064 1
107 59 1064 1
28 81 975 1
81 28 975 1
44 72 894 1
72 44 894 1
56 69 542 1
69 56 542 1
41 87 263 1
87 41 263 1
40 96 436 1
96 40 436 1
28 80 329 1
80 28 329 1
39 82 719 1
82 39 719 1
29 45 930 1
45 29 930 1
64 84 478 1
84 64 478 1
103 113 295 1
113 103 295 1
103 114 282 1
114 103 282 1
97 109 174 1
109 97 174 1
13 60 1245 1
60 13 1245 1
42 78 692 1
78 42 692 1
73 103 803 1
103 73 803 1
4 14 255 1
14 4 255 1
106 115 278 1
115 106 278 1
4 83 726 1
83 4 726 1
22 31 234 1
31 22 234 1
12 15 906 1
15 12 906 1
17 78 955 1
78 17 955 1
36 87 808 1
87 36 808 1
74 78 322 1
78 74 322 1
88 91 958 1
91 88 958 1
105 107 233 1
107 105 233 1
26 84 884 1
84 26 884 1
30 34 790 1
34 30 790 1
45 51 254 1
51 45 254 1
58 61 717 1
61 58 717 1
36 54 228 1
54 36 228 1
72 81 860 1
81 72 860 1
87 110 837 1
110 87 837 1
25 31 272 1
31 25 272 1
70 93 1035 1
93 70 1035 1
72 78 300 1
78 72 300 1
82 86 143 1
86 82 143 1
101 103 106 1
103 101 106 1
20 41 386 1
41 20 386 1
70 91 1000 1
91 70 1000 1
5 69 1149 1
69 5 1149 1
7 9 490 1
9 7 490 1
16 79 934 1
79 16 934 1
51 59 486 1
59 51 486 1
62 72 566 1
72 62 566 1
2 7 566 1
7 2 566 1
28 29 741 1
29 28 741 1
37 43 584 1
43 37 584 1
45 67 282 1
67 45 282 1
55 79 394 1
79 55 394 1
84 87 1148 1
87 84 1148 1
19 68 313 1
68 19 313 1
9 24 385 1
24 9 385 1
29 44 1005 1
44 29 1005 1
6 15 884 1
15 6 884 1
52 98 272 1
98 52 272 1
18 84 897 1
84 18 897 1
19 26 891 1
26 19 891 1
21 22 558 1
22 21 558 1
22 41 756 1
41 22 756 1
54 98 204 1
98 54 204 1
95 96 288 1
96 95 288 1
13 61 843 1
61 13 843 1
49 50 585 1
50 49 585 1
5 35 974 1
35 5 974 1
66 68 378 1
68 66 378 1
24 32 845 1
32 24 845 1
93 103 173 1
103 93 173 1
44 81 890 1
81 44 890 1
70 76 285 1
76 70 285 1
107 115 298 1
115 107 298 1
3 23 271 1
23 3 271 1
7 112 1259 1
112 7 1259 1
111 113 191 1
113 111 191 1
58 59 496 1
59 58 496 1
3 89 961 1
89 3 961 1
14 83 858 1
83 14 858 1
22 84 1027 1
84 22 1027 1
46 62 638 1
62 46 638 1
12 14 278 1
14 12 278 1
13 29 290 1
29 13 290 1
17 81 182 1
81 17 182 1
5 41 483 1
41 5 483 1
7 58 1136 1
58 7 1136 1
16 69 803 1
69 16 803 1
25 33 765 1
33 25 765 1
37 71 401 1
71 37 401 1
94 111 316 1
111 94 316 1
22 24 386 1
24 22 386 1
25 38 749 1
38 25 749 1
39 95 233 1
95 39 233 1
65 67 361 1
67 65 361 1
95 108 123 1
108 95 123 1
97 110 221 1
110 97 221 1
46 49 541 1
49 46 541 1
26 41 487 1
41 26 487 1
37 39 117 1
39 37 117 1
30 33 526 1
33 30 526 1
51 72 1050 1
72 51 1050 1
24 34 1021 1
34 24 1021 1
24 35 1010 1
35 24 1010 1
95 99 272 1
99 95 272 1
9 101 1217 1
101 9 1217 1
22 27 524 1
27 22 524 1
56 57 840 1
57 56 840 1
25 30 292 1
30 25 292 1
13 63 653 1
63 13 653 1
59 105 1100 1
105 59 1100 1
82 87 849 1
87 82 849 1
32 68 304 1
68 32 304 1
96 111 286 1
111 96 286 1
46 52 244 1
52 46 244 1
61 65 175 1
65 61 175 1
21 71 214 1
71 21 214 1
40 94 393 1
94 40 393 1
102 114 295 1
114 102 295 1
103 115 322 1
115 103 322 1
26 68 1080 1
68 26 1080 1
36 71 552 1
71 36 552 1
39 79 371 1
79 39 371 1
4 45 1366 1
45 4 1366 1
14 93 1238 1
93 14 1238 1
24 41 633 1
41 24 633 1
28 56 545 1
56 28 545 1
30 71 303 1
71 30 303 1
31 41 528 1
41 31 528 1
105 114 152 1
114 105 152 1
28 82 255 1
82 28 255 1
34 83 887 1
83 34 887 1
47 82 1007 1
82 47 1007 1
82 94 609 1
94 82 609 1
38 56 731 1
56 38 731 1
25 84 1066 1
84 25 1066 1
8 44 1378 1
44 8 1378 1
55 96 492 1
96 55 492 1
55 114 395 1
114 55 395 1
5 57 1018 1
57 5 1018 1
17 62 1129 1
62 17 1129 1
18 101 1348 1
101 18 1348 1
104 106 195 1
106 104 195 1
21 35 666 1
35 21 666 1
28 44 945 1
44 28 945 1
30 41 563 1
41 30 563 1
43 80 868 1
80 43 868 1
60 89 1195 1
89 60 1195 1
16 17 998 1
17 16 998 1
24 53 1427 1
53 24 1427 1
39 115 411 1
115 39 411 1
63 65 312 1
65 63 312 1
69 80 866 1
80 69 866 1
28 31 545 1
31 28 545 1
31 71 265 1
71 31 265 1
19 27 874 1
27 19 874 1
97 108 170 1
108 97 170 1
28 30 436 1
30 28 436 1
27 57 990 1
57 27 990 1
27 87 439 1
87 27 439 1
62 68 629 1
68 62 629 1
44 50 287 1
50 44 287 1
48 55 832 1
55 48 832 1
70 74 155 1
74 70 155 1
24 68 1109 1
68 24 1109 1
31 33 517 1
33 31 517 1
5 33 790 1
33 5 790 1
15 61 998 1
61 15 998 1
41 82 687 1
82 41 687 1
38 86 366 1
86 38 366 1
55 95 221 1
95 55 221 1
33 34 394 1
34 33 394 1
41 75 187 1
75 41 187 1
71 75 163 1
75 71 163 1
109 110 135 1
110 109 135 1
12 13 959 1
13 12 959 1
25 36 797 1
36 25 797 1
47 53 268 1
53 47 268 1
55 105 373 1
105 55 373 1
28 42 898 1
42 28 898 1
86 88 460 1
88 86 460 1
17 80 1070 1
80 17 1070 1
29 73 113 1
73 29 113 1
76 99 626 1
99 76 626 1
106 107 486 1
107 106 486 1
2 58 959 1
58 2 959 1
59 106 1174 1
106 59 1174 1
27 33 729 1
33 27 729 1
42 82 1028 1
82 42 1028 1
64 67 549 1
67 64 549 1
17 28 894 1
28 17 894 1
10 64 755 1
64 10 755 1
44 80 785 1
80 44 785 1
51 98 763 1
98 51 763 1
27 35 871 1
35 27 871 1
27 36 659 1
36 27 659 1
37 80 842 1
80 37 842 1
56 96 743 1
96 56 743 1
70 84 638 1
84 70 638 1
96 98 184 1
98 96 184 1
99 113 264 1
113 99 264 1
29 104 885 1
104 29 885 1
31 35 790 1
35 31 790 1
41 68 978 1
68 41 978 1
74 80 415 1
80 74 415 1
12 72 358 1
72 12 358 1
23 25 373 1
25 23 373 1
35 93 718 1
93 35 718 1
36 41 570 1
41 36 570 1
36 78 263 1
78 36 263 1
70 111 827 1
111 70 827 1
21 33 567 1
33 21 567 1
27 93 1095 1
93 27 1095 1
36 46 482 1
46 36 482 1
8 45 1422 1
45 8 1422 1
19 90 1212 1
90 19 1212 1
23 93 1407 1
93 23 1407 1
24 84 1013 1
84 24 1013 1
37 87 433 1
87 37 433 1
36 37 542 1
37 36 542 1
11 63 488 1
63 11 488 1
16 72 287 1
72 16 287 1
83 84 1154 1
84 83 1154 1
91 98 616 1
98 91 616 1
23 110 1096 1
110 23 1096 1
32 56 384 1
56 32 384 1
39 94 407 1
94 39 407 1
83 85 549 1
85 83 549 1
87 97 649 1
97 87 649 1
100 102 87 1
102 100 87 1
13 114 1099 1
114 13 1099 1
27 68 1083 1
68 27 1083 1
97 114 263 1
114 97 263 1
16 44 837 1
44 16 837 1
17 79 135 1
79 17 135 1
45 64 610 1
64 45 610 1
65 114 861 1
114 65 861 1
1 106 1164 1
106 1 1164 1
25 57 1030 1
57 25 1030 1
70 92 982 1
92 70 982 1
90 111 396 1
111 90 396 1
15 65 1052 1
65 15 1052 1
22 35 922 1
35 22 922 1
41 77 345 1
77 41 345 1
78 79 878 1
79 78 878 1
96 99 428 1
99 96 428 1
13 58 1244 1
58 13 1244 1
17 75 351 1
75 17 351 1
20 42 954 1
42 20 954 1
109 114 278 1
114 109 278 1
11 65 770 1
65 11 770 1
2 18 379 1
18 2 379 1
7 59 970 1
59 7 970 1
18 93 1308 1
93 18 1308 1
41 71 317 1
71 41 317 1
42 56 786 1
56 42 786 1
77 87 602 1
87 77 602 1
82 84 544 1
84 82 544 1
5 18 901 1
18 5 901 1
6 112 1257 1
112 6 1257 1
23 91 1352 1
91 23 1352 1
40 87 708 1
87 40 708 1
46 72 723 1
72 46 723 1
89 115 561 1
115 89 561 1
38 99 625 1
99 38 625 1
55 103 351 1
103 55 351 1
7 89 868 1
89 7 868 1
11 114 1023 1
114 11 1023 1
54 110 373 1
110 54 373 1
68 78 695 1
78 68 695 1
112 113 116 1
113 112 116 1
22 93 1426 1
93 22 1426 1
31 42 1171 1
42 31 1171 1
43 46 341 1
46 43 341 1
25 71 434 1
71 25 434 1
46 50 303 1
50 46 303 1
82 83 881 1
83 82 881 1
92 100 157 1
100 92 157 1
5 19 902 1
19 5 902 1
38 42 697 1
42 38 697 1
41 47 698 1
47 41 698 1
43 78 794 1
78 43 794 1
85 87 616 1
87 85 616 1
3 112 1257 1
112 3 1257 1
38 97 469 1
97 38 469 1
43 76 617 1
76 43 617 1
51 52 786 1
52 51 786 1
31 82 641 1
82 31 641 1
34 64 445 1
64 34 445 1
46 80 618 1
80 46 618 1
47 49 380 1
49 47 380 1
49 72 1014 1
72 49 1014 1
41 83 252 1
83 41 252 1
51 74 987 1
74 51 987 1
54 69 967 1
69 54 967 1
79 80 991 1
80 79 991 1
6 10 299 1
10 6 299 1
23 71 443 1
71 23 443 1
46 48 368 1
48 46 368 1
42 62 705 1
62 42 705 1
51 55 568 1
55 51 568 1
8 83 868 1
83 8 868 1
16 46 699 1
46 16 699 1
20 34 683 1
34 20 683 1
36 77 422 1
77 36 422 1
38 47 654 1
47 38 654 1
53 57 825 1
57 53 825 1
61 114 963 1
114 61 963 1
1 63 334 1
63 1 334 1
10 76 495 1
76 10 495 1
22 37 872 1
37 22 872 1
26 88 791 1
88 26 791 1
100 112 410 1
112 100 410 1
1 69 441 1
69 1 441 1
7 15 461 1
15 7 461 1
42 110 303 1
110 42 303 1
76 78 312 1
78 76 312 1
16 57 981 1
57 16 981 1
37 76 441 1
76 37 441 1
41 84 910 1
84 41 910 1
43 47 146 1
47 43 146 1
75 103 753 1
103 75 753 1
77 111 559 1
111 77 559 1
5 23 453 1
23 5 453 1
6 101 1437 1
101 6 1437 1
11 85 574 1
85 11 574 1
39 41 161 1
41 39 161 1
42 80 740 1
80 42 740 1
50 54 543 1
54 50 543 1
57 86 1231 1
86 57 1231 1
65 115 847 1
115 65 847 1
95 111 347 1
111 95 347 1
19 24 888 1
24 19 888 1
19 57 426 1
57 19 426 1
59 98 975 1
98 59 975 1
10 18 609 1
18 10 609 1
24 83 669 1
83 24 669 1
32 63 656 1
63 32 656 1
39 103 503 1
103 39 503 1
98 110 300 1
110 98 300 1
2 91 1366 1
91 2 1366 1
15 83 194 1
83 15 194 1
24 78 835 1
78 24 835 1
45 72 948 1
72 45 948 1
46 56 752 1
56 46 752 1
2 93 1417 1
93 2 1417 1
6 8 485 1
8 6 485 1
6 9 834 1
9 6 834 1
21 34 706 1
34 21 706 1
24 69 1148 1
69 24 1148 1
33 35 375 1
35 33 375 1
97 115 218 1
115 97 218 1
5 84 1110 1
84 5 1110 1
6 93 1425 1
93 6 1425 1
8 29 833 1
29 8 833 1
25 75 536 1
75 25 536 1
34 45 409 1
45 34 409 1
36 83 816 1
83 36 816 1
41 80 868 1
80 41 868 1
62 69 736 1
69 62 736 1
8 12 346 1
12 8 346 1
29 76 555 1
76 29 555 1
40 46 685 1
46 40 685 1
51 89 661 1
89 51 661 1
7 61 813 1
61 7 813 1
10 83 1031 1
83 10 1031 1
20 22 544 1
22 20 544 1
64 83 1303 1
83 64 1303 1
88 92 521 1
92 88 521 1
89 92 938 1
92 89 938 1
89 104 710 1
104 89 710 1
0 66 594 1
66 0 594 1
59 60 718 1
60 59 718 1
60 67 538 1
67 60 538 1
3 92 1420 1
92 3 1420 1
5 68 1146 1
68 5 1146 1
28 46 774 1
46 28 774 1
38 52 654 1
52 38 654 1
10 75 732 1
75 10 732 1
38 55 598 1
55 38 598 1
106 108 322 1
108 106 322 1
19 82 964 1
82 19 964 1
55 106 607 1
106 55 607 1
94 99 399 1
99 94 399 1
1 19 351 1
19 1 351 1
6 64 941 1
64 6 941 1
41 78 770 1
78 41 770 1
3 100 1385 1
100 3 1385 1
25 78 882 1
78 25 882 1
30 35 784 1
35 30 784 1
40 98 586 1
98 40 586 1
14 21 487 1
21 14 487 1
24 82 536 1
82 24 536 1
25 87 575 1
87 25 575 1
38 78 371 1
78 38 371 1
89 90 968 1
90 89 968 1
99 109 321 1
109 99 321 1
100 101 656 1
101 100 656 1
100 103 576 1
103 100 576 1
25 69 1122 1
69 25 1122 1
71 93 964 1
93 71 964 1
84 85 1130 1
85 84 1130 1
39 104 557 1
104 39 557 1
73 81 406 1
81 73 406 1
97 111 292 1
111 97 292 1
7 100 1408 1
100 7 1408 1
19 101 1295 1
101 19 1295 1
23 41 716 1
41 23 716 1
36 84 341 1
84 36 341 1
38 109 342 1
109 38 342 1
56 81 1090 1
81 56 1090 1
58 114 970 1
114 58 970 1
69 78 773 1
78 69 773 1
0 58 565 1
58 0 565 1
5 22 506 1
22 5 506 1
45 50 474 1
50 45 474 1
97 104 399 1
104 97 399 1
0 16 380 1
16 0 380 1
4 35 987 1
35 4 987 1
11 32 663 1
32 11 663 1
20 36 396 1
36 20 396 1
24 57 1099 1
57 24 1099 1
32 57 493 1
57 32 493 1
41 86 672 1
86 41 672 1
49 81 721 1
81 49 721 1
77 84 711 1
84 77 711 1
99 110 299 1
110 99 299 1
17 56 1024 1
56 17 1024 1
23 39 847 1
39 23 847 1
26 35 893 1
35 26 893 1
28 36 321 1
36 28 321 1
34 67 275 1
67 34 275 1
38 87 730 1
87 38 730 1
52 69 993 1
69 52 993 1
0 18 364 1
18 0 364 1
32 80 590 1
80 32 590 1
41 42 897 1
42 41 897 1
46 81 867 1
81 46 867 1
51 106 972 1
106 51 972 1
60 63 1021 1
63 60 1021 1
5 34 1016 1
34 5 1016 1
18 91 1236 1
91 18 1236 1
21 36 510 1
36 21 510 1
41 85 509 1
85 41 509 1
55 102 675 1
102 55 675 1
57 78 938 1
78 57 938 1
35 83 797 1
83 35 797 1
40 86 262 1
86 40 262 1
46 78 577 1
78 46 577 1
88 93 930 1
93 88 930 1
89 114 592 1
114 89 592 1
14 24 389 1
24 14 389 1
28 34 618 1
34 28 618 1
37 73 278 1
73 37 278 1
43 44 290 1
44 43 290 1
46 96 270 1
96 46 270 1
47 96 412 1
96 47 412 1
1 105 1113 1
105 1 1113 1
21 68 929 1
68 21 929 1
40 41 506 1
41 40 506 1
103 105 173 1
105 103 173 1
5 93 1207 1
93 5 1207 1
26 34 907 1
34 26 907 1
26 78 726 1
78 26 726 1
27 38 594 1
38 27 594 1
35 70 574 1
70 35 574 1
38 111 560 1
111 38 560 1
43 81 665 1
81 43 665 1
75 87 423 1
87 75 423 1
89 102 866 1
102 89 866 1
2 23 340 1
23 2 340 1
27 70 417 1
70 27 417 1
31 36 716 1
36 31 716 1
39 46 678 1
46 39 678 1
71 92 1069 1
92 71 1069 1
78 82 455 1
82 78 455 1
97 99 180 1
99 97 180 1
109 113 333 1
113 109 333 1
28 74 188 1
74 28 188 1
39 109 356 1
109 39 356 1
61 115 933 1
115 61 933 1
64 65 897 1
65 64 897 1
1 59 541 1
59 1 541 1
23 87 803 1
87 23 803 1
35 92 768 1
92 35 768 1
38 53 897 1
53 38 897 1
42 53 475 1
53 42 475 1
71 76 392 1
76 71 392 1
79 115 682 1
115 79 682 1
1 115 1005 1
115 1 1005 1
20 38 349 1
38 20 349 1
27 82 524 1
82 27 524 1
44 62 682 1
62 44 682 1
54 109 337 1
109 54 337 1
61 104 1114 1
104 61 1114 1
70 103 965 1
103 70 965 1
88 112 672 1
112 88 672 1
109 111 273 1
111 109 273 1
5 78 933 1
78 5 933 1
10 14 380 1
14 10 380 1
27 88 863 1
88 27 863 1
39 87 370 1
87 39 370 1
41 73 204 1
73 41 204 1
55 109 337 1
109 55 337 1
70 110 664 1
110 70 664 1
32 69 338 1
69 32 338 1
37 42 712 1
42 37 712 1
37 103 537 1
103 37 537 1
6 114 1174 1
114 6 1174 1
17 63 324 1
63 17 324 1
25 68 1101 1
68 25 1101 1
21 82 511 1
82 21 511 1
22 42 1301 1
42 22 1301 1
36 76 232 1
76 36 232 1
2 3 405 1
3 2 405 1
16 32 504 1
32 16 504 1
22 26 505 1
26 22 505 1
40 54 405 1
54 40 405 1
67 92 922 1
92 67 922 1
30 82 534 1
82 30 534 1
35 110 305 1
110 35 305 1
54 56 722 1
56 54 722 1
22 43 1259 1
43 22 1259 1
71 103 908 1
103 71 908 1
75 78 667 1
78 75 667 1
84 101 1042 1
101 84 1042 1
0 68 414 1
68 0 414 1
32 62 548 1
62 32 548 1
37 85 343 1
85 37 343 1
54 55 651 1
55 54 651 1
56 63 1014 1
63 56 1014 1
60 88 724 1
88 60 724 1
71 91 911 1
91 71 911 1
77 85 495 1
85 77 495 1
79 96 717 1
96 79 717 1
94 98 264 1
98 94 264 1
6 29 840 1
29 6 840 1
10 77 693 1
77 10 693 1
20 35 677 1
35 20 677 1
28 53 1155 1
53 28 1155 1
34 43 397 1
43 34 397 1
92 111 381 1
111 92 381 1
93 113 317 1
113 93 317 1
19 92 1295 1
92 19 1295 1
23 111 1265 1
111 23 1265 1
26 57 1052 1
57 26 1052 1
21 69 925 1
69 21 925 1
27 78 793 1
78 27 793 1
34 70 564 1
70 34 564 1
9 83 411 1
83 9 411 1
12 70 392 1
70 12 392 1
25 80 959 1
80 25 959 1
62 74 590 1
74 62 590 1
62 79 1049 1
79 62 1049 1
59 99 857 1
99 59 857 1
75 84 839 1
84 75 839 1
102 109 475 1
109 102 475 1
16 41 813 1
41 16 813 1
50 89 1065 1
89 50 1065 1
57 63 249 1
63 57 249 1
95 103 393 1
103 95 393 1
98 112 277 1
112 98 277 1
15 60 1288 1
60 15 1288 1
21 70 303 1
70 21 303 1
50 55 863 1
55 50 863 1
53 62 1123 1
62 53 1123 1
59 67 245 1
67 59 245 1
15 73 336 1
73 15 336 1
16 74 335 1
74 16 335 1
20 71 311 1
71 20 311 1
25 32 836 1
32 25 836 1
31 84 971 1
84 31 971 1
48 52 415 1
52 48 415 1
40 52 792 1
52 40 792 1
52 59 956 1
59 52 956 1
68 81 913 1
81 68 913 1
73 78 740 1
78 73 740 1
4 44 1341 1
44 4 1341 1
14 31 528 1
31 14 528 1
35 84 678 1
84 35 678 1
50 53 744 1
53 50 744 1
82 95 720 1
95 82 720 1
7 90 1390 1
90 7 1390 1
12 93 1368 1
93 12 1368 1
28 79 847 1
79 28 847 1
42 74 795 1
74 42 795 1
52 57 1117 1
57 52 1117 1
72 80 384 1
80 72 384 1
73 102 944 1
102 73 944 1
74 99 759 1
99 74 759 1
19 52 1141 1
52 19 1141 1
32 78 484 1
78 32 484 1
37 84 862 1
84 37 862 1
41 43 793 1
43 41 793 1
77 103 704 1
103 77 704 1
93 112 343 1
112 93 343 1
14 15 772 1
15 14 772 1
17 43 764 1
43 17 764 1
25 34 1006 1
34 25 1006 1
30 42 1143 1
42 30 1143 1
31 43 1106 1
43 31 1106 1
38 69 945 1
69 38 945 1
49 55 664 1
55 49 664 1
51 67 436 1
67 51 436 1
61 106 1151 1
106 61 1151 1
99 108 310 1
108 99 310 1
5 32 873 1
32 5 873 1
9 53 1347 1
53 9 1347 1
16 42 811 1
42 16 811 1
29 83 227 1
83 29 227 1
33 41 611 1
41 33 611 1
42 68 830 1
68 42 830 1
52 89 1027 1
89 52 1027 1
53 82 1252 1
82 53 1252 1
12 76 591 1
76 12 591 1
17 41 414 1
41 17 414 1
24 80 900 1
80 24 900 1
30 103 1152 1
103 30 1152 1
55 73 498 1
73 55 498 1
4 26 161 1
26 4 161 1
8 24 258 1
24 8 258 1
9 29 484 1
29 9 484 1
21 83 382 1
83 21 382 1
37 79 267 1
79 37 267 1
18 57 564 1
57 18 564 1
18 108 925 1
108 18 925 1
22 34 922 1
34 22 922 1
31 75 419 1
75 31 419 1
99 105 287 1
105 99 287 1
34 84 580 1
84 34 580 1
42 72 843 1
72 42 843 1
45 65 388 1
65 45 388 1
52 90 240 1
90 52 240 1
91 101 197 1
101 91 197 1
7 114 1176 1
114 7 1176 1
19 54 997 1
54 19 997 1
37 75 239 1
75 37 239 1
52 86 965 1
86 52 965 1
0 54 794 1
54 0 794 1
12 60 825 1
60 12 825 1
21 47 833 1
47 21 833 1
23 37 838 1
37 23 838 1
59 69 338 1
69 59 338 1
73 101 851 1
101 73 851 1
95 102 514 1
102 95 514 1
100 113 356 1
113 100 356 1
3 101 1324 1
101 3 1324 1
18 59 713 1
59 18 713 1
23 113 1322 1
113 23 1322 1
60 114 930 1
114 60 930 1
71 111 839 1
111 71 839 1
91 110 456 1
110 91 456 1
113 114 95 1
114 113 95 1
7 88 1209 1
88 7 1209 1
14 18 837 1
18 14 837 1
14 22 562 1
22 14 562 1
17 74 721 1
74 17 721 1
30 93 1229 1
93 30 1229 1
36 70 395 1
70 36 395 1
42 86 1057 1
86 42 1057 1
48 106 864 1
106 48 864 1
89 95 416 1
95 89 416 1
93 100 653 1
100 93 653 1
4 6 536 1
6 4 536 1
19 21 748 1
21 19 748 1
20 28 320 1
28 20 320 1
20 78 525 1
78 20 525 1
24 38 730 1
38 24 730 1
25 39 702 1
39 25 702 1
28 43 949 1
43 28 949 1
60 90 787 1
90 60 787 1
65 104 1022 1
104 65 1022 1
2 65 1144 1
65 2 1144 1
5 30 380 1
30 5 380 1
9 34 1087 1
34 9 1087 1
13 17 364 1
17 13 364 1
23 38 892 1
38 23 892 1
26 32 791 1
32 26 791 1
48 72 921 1
72 48 921 1
52 88 542 1
88 52 542 1
83 87 158 1
87 83 158 1
8 72 485 1
72 8 485 1
13 112 1199 1
112 13 1199 1
14 26 321 1
26 14 321 1
28 45 1018 1
45 28 1018 1
29 114 809 1
114 29 809 1
47 55 367 1
55 47 367 1
44 47 404 1
47 44 404 1
48 100 791 1
100 48 791 1
58 67 368 1
67 58 368 1
29 103 822 1
103 29 822 1
69 86 1203 1
86 69 1203 1
93 111 397 1
111 93 397 1
9 45 1389 1
45 9 1389 1
11 61 675 1
61 11 675 1
19 87 1016 1
87 19 1016 1
21 23 542 1
23 21 542 1
29 49 928 1
49 29 928 1
40 42 830 1
42 40 830 1
51 105 775 1
105 51 775 1
75 97 469 1
97 75 469 1
1 104 1183 1
104 1 1183 1
18 25 840 1
25 18 840 1
20 75 348 1
75 20 348 1
79 103 745 1
103 79 745 1
0 62 386 1
62 0 386 1
7 102 1355 1
102 7 1355 1
9 90 1391 1
90 9 1391 1
20 82 329 1
82 20 329 1
22 33 600 1
33 22 600 1
43 74 810 1
74 43 810 1
46 54 354 1
54 46 354 1
54 99 587 1
99 54 587 1
111 112 111 1
112 111 111 1
0 80 485 1
80 0 485 1
18 20 736 1
20 18 736 1
28 83 861 1
83 28 861 1
33 78 590 1
78 33 590 1
36 47 622 1
47 36 622 1
37 74 520 1
74 37 520 1
39 105 458 1
105 39 458 1
73 76 450 1
76 73 450 1
77 93 729 1
93 77 729 1
8 13 868 1
13 8 868 1
9 13 376 1
13 9 376 1
19 25 860 1
25 19 860 1
24 28 571 1
28 24 571 1
39 114 488 1
114 39 488 1
41 69 935 1
69 41 935 1
41 81 452 1
81 41 452 1
46 51 585 1
51 46 585 1
5 38 756 1
38 5 756 1
15 44 1279 1
44 15 1279 1
49 106 982 1
106 49 982 1
88 90 414 1
90 88 414 1
9 92 1428 1
92 9 1428 1
15 101 1024 1
101 15 1024 1
84 88 224 1
88 84 224 1
89 94 629 1
94 89 629 1
57 84 1116 1
84 57 1116 1
63 106 1106 1
106 63 1106 1
7 107 1014 1
107 7 1014 1
14 101 1221 1
101 14 1221 1
21 57 821 1
57 21 821 1
21 80 756 1
80 21 756 1
22 71 471 1
71 22 471 1
24 93 1326 1
93 24 1326 1
39 78 740 1
78 39 740 1
67 90 867 1
90 67 867 1
74 81 792 1
81 74 792 1
75 83 351 1
83 75 351 1
26 82 411 1
82 26 411 1
29 115 730 1
115 29 730 1
45 46 448 1
46 45 448 1
77 110 393 1
110 77 393 1
95 110 248 1
110 95 248 1
102 111 440 1
111 102 440 1
12 29 886 1
29 12 886 1
31 32 596 1
32 31 596 1
40 111 707 1
111 40 707 1
53 72 1064 1
72 53 1064 1
56 66 485 1
66 56 485 1
58 112 884 1
112 58 884 1
63 105 957 1
105 63 957 1
65 89 679 1
89 65 679 1
71 84 847 1
84 71 847 1
3 85 893 1
85 3 893 1
4 31 397 1
31 4 397 1
23 55 1060 1
55 23 1060 1
27 34 903 1
34 27 903 1
38 68 922 1
68 38 922 1
43 77 556 1
77 43 556 1
5 82 673 1
82 5 673 1
21 93 922 1
93 21 922 1
23 99 1227 1
99 23 1227 1
40 97 584 1
97 40 584 1
70 89 837 1
89 70 837 1
103 111 432 1
111 103 432 1
0 87 1191 1
87 0 1191 1
6 61 1132 1
61 6 1132 1
12 61 1246 1
61 12 1246 1
18 24 845 1
24 18 845 1
20 77 434 1
77 20 434 1
27 110 890 1
110 27 890 1
29 102 1018 1
102 29 1018 1
36 43 693 1
43 36 693 1
40 55 690 1
55 40 690 1
54 88 224 1
88 54 224 1
59 97 823 1
97 59 823 1
70 113 878 1
113 70 878 1
21 87 397 1
87 21 397 1
58 106 1039 1
106 58 1039 1
29 31 454 1
31 29 454 1
31 77 552 1
77 31 552 1
35 71 557 1
71 35 557 1
45 81 759 1
81 45 759 1
71 110 676 1
110 71 676 1
14 86 272 1
86 14 272 1
29 62 1067 1
62 29 1067 1
33 57 394 1
57 33 394 1
37 47 493 1
47 37 493 1
52 96 418 1
96 52 418 1
70 75 355 1
75 70 355 1
75 109 462 1
109 75 462 1
79 113 788 1
113 79 788 1
9 93 1250 1
93 9 1250 1
19 36 821 1
36 19 821 1
22 38 846 1
38 22 846 1
23 47 1228 1
47 23 1228 1
25 77 710 1
77 25 710 1
29 63 531 1
63 29 531 1
38 79 739 1
79 38 739 1
51 104 868 1
104 51 868 1
63 115 886 1
115 63 886 1
104 107 401 1
107 104 401 1
5 9 157 1
9 5 157 1
6 91 1386 1
91 6 1386 1
14 88 613 1
88 14 613 1
17 37 368 1
37 17 368 1
33 75 426 1
75 33 426 1
36 96 257 1
96 36 257 1
60 106 915 1
106 60 915 1
60 112 882 1
112 60 882 1
77 99 529 1
99 77 529 1
1 11 394 1
11 1 394 1
21 37 403 1
37 21 403 1
25 110 1042 1
110 25 1042 1
33 84 801 1
84 33 801 1
45 62 830 1
62 45 830 1
46 82 878 1
82 46 878 1
54 97 484 1
97 54 484 1
70 99 848 1
99 70 848 1
79 106 876 1
106 79 876 1
10 28 213 1
28 10 213 1
12 91 1349 1
91 12 1349 1
16 53 1146 1
53 16 1146 1
18 33 288 1
33 18 288 1
23 30 259 1
30 23 259 1
26 101 1114 1
101 26 1114 1
87 111 938 1
111 87 938 1
103 109 477 1
109 103 477 1
3 102 1340 1
102 3 1340 1
5 53 1317 1
53 5 1317 1
17 39 453 1
39 17 453 1
36 98 402 1
98 36 402 1
38 41 513 1
41 38 513 1
66 107 978 1
107 66 978 1
72 79 733 1
79 72 733 1
75 76 374 1
76 75 374 1
76 111 559 1
111 76 559 1
18 75 668 1
75 18 668 1
23 42 1326 1
42 23 1326 1
33 42 788 1
42 33 788 1
46 68 860 1
68 46 860 1
0 96 812 1
96 0 812 1
16 39 805 1
39 16 805 1
19 84 968 1
84 19 968 1
21 78 664 1
78 21 664 1
59 61 271 1
61 59 271 1
75 79 318 1
79 75 318 1
97 105 299 1
105 97 299 1
2 99 1219 1
99 2 1219 1
7 101 1268 1
101 7 1268 1
18 66 623 1
66 18 623 1
25 82 617 1
82 25 617 1
36 111 534 1
111 36 534 1
59 90 1104 1
90 59 1104 1
73 115 669 1
115 73 669 1
76 103 780 1
103 76 780 1
95 101 458 1
101 95 458 1
10 91 1269 1
91 10 1269 1
23 86 866 1
86 23 866 1
29 75 189 1
75 29 189 1
30 70 259 1
70 30 259 1
50 63 1042 1
63 50 1042 1
54 94 226 1
94 54 226 1
62 96 632 1
96 62 632 1
10 11 986 1
11 10 986 1
15 89 653 1
89 15 653 1
23 102 1355 1
102 23 1355 1
25 108 916 1
108 25 916 1
37 55 221 1
55 37 221 1
77 109 318 1
109 77 318 1
0 11 958 1
11 0 958 1
14 35 910 1
35 14 910 1
16 38 439 1
38 16 439 1
25 93 1273 1
93 25 1273 1
30 84 877 1
84 30 877 1
53 69 959 1
69 53 959 1
74 75 389 1
75 74 389 1
7 92 1445 1
92 7 1445 1
18 88 1010 1
88 18 1010 1
77 91 668 1
91 77 668 1
79 105 747 1
105 79 747 1
89 106 787 1
106 89 787 1
1 75 562 1
75 1 562 1
2 108 982 1
108 2 982 1
4 34 986 1
34 4 986 1
15 72 724 1
72 15 724 1
18 87 1063 1
87 18 1063 1
23 88 1119 1
88 23 1119 1
27 47 1038 1
47 27 1038 1
36 62 525 1
62 36 525 1
37 70 546 1
70 37 546 1
50 106 751 1
106 50 751 1
54 95 438 1
95 54 438 1
101 112 405 1
112 101 405 1
17 99 704 1
99 17 704 1
33 69 363 1
69 33 363 1
36 39 517 1
39 36 517 1
53 78 1035 1
78 53 1035 1
58 88 918 1
88 58 918 1
73 74 458 1
74 73 458 1
6 83 986 1
83 6 986 1
15 45 1217 1
45 15 1217 1
27 54 856 1
54 27 856 1
28 33 585 1
33 28 585 1
34 71 603 1
71 34 603 1
37 86 777 1
86 37 777 1
66 69 349 1
69 66 349 1
91 113 366 1
113 91 366 1
11 94 883 1
94 11 883 1
22 83 792 1
83 22 792 1
27 30 343 1
30 27 343 1
29 61 711 1
61 29 711 1
32 109 589 1
109 32 589 1
108 109 87 1
109 108 87 1
1 97 819 1
97 1 819 1
15 114 987 1
114 15 987 1
20 68 909 1
68 20 909 1
21 39 356 1
39 21 356 1
23 92 1466 1
92 23 1466 1
26 36 616 1
36 26 616 1
43 49 240 1
49 43 240 1
43 75 740 1
75 43 740 1
51 76 794 1
76 51 794 1
51 99 497 1
99 51 497 1
51 107 769 1
107 51 769 1
62 63 1134 1
63 62 1134 1
101 113 350 1
113 101 350 1
15 58 1327 1
58 15 1327 1
22 77 727 1
77 22 727 1
29 43 829 1
43 29 829 1
49 63 596 1
63 49 596 1
56 99 1051 1
99 56 1051 1
89 91 402 1
91 89 402 1
98 102 260 1
102 98 260 1
0 99 1111 1
99 0 1111 1
10 93 1289 1
93 10 1289 1
14 27 449 1
27 14 449 1
25 70 480 1
70 25 480 1
26 62 996 1
62 26 996 1
28 49 1091 1
49 28 1091 1
74 86 416 1
86 74 416 1
101 102 595 1
102 101 595 1
3 6 559 1
6 3 559 1
37 104 610 1
104 37 610 1
60 104 980 1
104 60 980 1
61 89 738 1
89 61 738 1
70 90 900 1
90 70 900 1
27 71 367 1
71 27 367 1
46 98 212 1
98 46 212 1
55 86 895 1
86 55 895 1
89 98 818 1
98 89 818 1
6 92 1291 1
92 6 1291 1
23 36 889 1
36 23 889 1
28 38 358 1
38 28 358 1
35 91 647 1
91 35 647 1
38 57 968 1
57 38 968 1
49 53 406 1
53 49 406 1
49 80 1008 1
80 49 1008 1
70 72 158 1
72 70 158 1
79 101 758 1
101 79 758 1
7 11 254 1
11 7 254 1
9 73 497 1
73 9 497 1
22 64 1169 1
64 22 1169 1
22 110 1082 1
110 22 1082 1
26 93 1144 1
93 26 1144 1
33 68 378 1
68 33 378 1
36 80 330 1
80 36 330 1
40 53 1023 1
53 40 1023 1
69 82 1105 1
82 69 1105 1
2 88 959 1
88 2 959 1
3 9 596 1
9 3 596 1
16 37 809 1
37 16 809 1
27 31 339 1
31 27 339 1
38 46 544 1
46 38 544 1
50 98 448 1
98 50 448 1
51 60 912 1
60 51 912 1
54 86 568 1
86 54 568 1
97 107 263 1
107 97 263 1
98 113 276 1
113 98 276 1
3 109 922 1
109 3 922 1
8 49 1478 1
49 8 1478 1
9 100 1346 1
100 9 1346 1
21 28 487 1
28 21 487 1
50 58 486 1
58 50 486 1
53 68 1064 1
68 53 1064 1
57 82 1164 1
82 57 1164 1
99 112 272 1
112 99 272 1
11 109 804 1
109 11 804 1
16 103 1073 1
103 16 1073 1
26 42 1183 1
42 26 1183 1
29 30 533 1
30 29 533 1
33 82 804 1
82 33 804 1
76 79 567 1
79 76 567 1
76 104 623 1
104 76 623 1
8 60 1121 1
60 8 1121 1
11 115 948 1
115 11 948 1
13 115 1018 1
115 13 1018 1
16 29 882 1
29 16 882 1
27 75 419 1
75 27 419 1
30 78 663 1
78 30 663 1
39 53 692 1
53 39 692 1
56 86 911 1
86 56 911 1
58 89 1156 1
89 58 1156 1
66 105 960 1
105 66 960 1
71 86 672 1
86 71 672 1
73 104 820 1
104 73 820 1
3 77 610 1
77 3 610 1
20 32 609 1
32 20 609 1
40 56 722 1
56 40 722 1
43 45 199 1
45 43 199 1
52 63 1131 1
63 52 1131 1
92 113 313 1
113 92 313 1
94 114 259 1
114 94 259 1
2 109 940 1
109 2 940 1
3 88 1145 1
88 3 1145 1
16 43 905 1
43 16 905 1
27 91 1074 1
91 27 1074 1
45 63 653 1
63 45 653 1
76 102 684 1
102 76 684 1
92 98 220 1
98 92 220 1
97 103 349 1
103 97 349 1
11 17 224 1
17 11 224 1
16 105 923 1
105 16 923 1
27 80 871 1
80 27 871 1
60 92 903 1
92 60 903 1
93 108 478 1
108 93 478 1
33 71 374 1
71 33 374 1
36 75 517 1
75 36 517 1
39 111 575 1
111 39 575 1
46 110 220 1
110 46 220 1
47 51 339 1
51 47 339 1
48 104 822 1
104 48 822 1
67 85 682 1
85 67 682 1
70 88 635 1
88 70 635 1
84 91 1024 1
91 84 1024 1
2 60 843 1
60 2 843 1
5 86 673 1
86 5 673 1
5 101 1174 1
101 5 1174 1
11 75 388 1
75 11 388 1
12 112 1186 1
112 12 1186 1
19 53 1115 1
53 19 1115 1
24 36 774 1
36 24 774 1
36 53 880 1
53 36 880 1
50 59 774 1
59 50 774 1
59 95 862 1
95 59 862 1
74 113 753 1
113 74 753 1
88 89 1035 1
89 88 1035 1
2 114 1198 1
114 2 1198 1
4 7 733 1
7 4 733 1
20 84 687 1
84 20 687 1
27 32 793 1
32 27 793 1
32 43 699 1
43 32 699 1
75 80 775 1
80 75 775 1
85 92 1003 1
92 85 1003 1
18 32 279 1
32 18 279 1
39 86 698 1
86 39 698 1
51 102 955 1
102 51 955 1
53 81 650 1
81 53 650 1
71 100 1020 1
100 71 1020 1
86 99 956 1
99 86 956 1
95 113 351 1
113 95 351 1
1 98 1107 1
98 1 1107 1
6 88 860 1
88 6 860 1
8 48 1406 1
48 8 1406 1
20 23 575 1
23 20 575 1
45 83 1099 1
83 45 1099 1
55 107 232 1
107 55 232 1
57 106 1143 1
106 57 1143 1
4 67 1210 1
67 4 1210 1
21 38 458 1
38 21 458 1
24 42 1334 1
42 24 1334 1
44 53 562 1
53 44 562 1
44 106 847 1
106 44 847 1
48 63 912 1
63 48 912 1
48 86 1184 1
86 48 1184 1
53 73 880 1
73 53 880 1
77 79 329 1
79 77 329 1
105 108 296 1
108 105 296 1
2 64 992 1
64 2 992 1
4 101 1261 1
101 4 1261 1
5 31 333 1
31 5 333 1
16 49 1030 1
49 16 1030 1
23 31 199 1
31 23 199 1
25 37 745 1
37 25 745 1
29 65 759 1
65 29 759 1
36 92 596 1
92 36 596 1
39 73 305 1
73 39 305 1
45 47 345 1
47 45 345 1
56 105 1117 1
105 56 1117 1
58 92 982 1
92 58 982 1
88 99 803 1
99 88 803 1
92 110 485 1
110 92 485 1
17 73 298 1
73 17 298 1
18 38 861 1
38 18 861 1
23 82 788 1
82 23 788 1
27 86 519 1
86 27 519 1
