116 2668
91 93 118 1
93 91 118 1
72 74 76 1
74 72 76 1
42 43 239 1
43 42 239 1
73 75 84 1
75 73 84 1
30 31 127 1
31 30 127 1
32 33 149 1
33 32 149 1
101 103 106 1
103 101 106 1
44 48 114 1
48 44 114 1
93 101 103 1
101 93 103 1
34 35 126 1
35 34 126 1
24 25 135 1
25 24 135 1
63 80 1146 1
80 63 1146 1
29 73 113 1
73 29 113 1
91 101 197 1
101 91 197 1
91 92 669 1
92 91 669 1
2 22 228 1
22 2 228 1
73 77 274 1
77 73 274 1
93 103 173 1
103 93 173 1
74 75 389 1
75 74 389 1
110 111 172 1
111 110 172 1
58 60 266 1
60 58 266 1
73 74 458 1
74 73 458 1
92 93 608 1
93 92 608 1
2 6 165 1
6 2 165 1
100 102 87 1
102 100 87 1
72 73 517 1
73 72 517 1
85 88 1097 1
88 85 1097 1
92 100 157 1
100 92 157 1
91 103 258 1
103 91 258 1
75 77 210 1
77 75 210 1
1 57 172 1
57 1 172 1
28 72 116 1
72 28 116 1
100 101 656 1
101 100 656 1
68 69 164 1
69 68 164 1
57 63 249 1
63 57 249 1
90 92 135 1
92 90 135 1
104 107 401 1
107 104 401 1
43 46 341 1
46 43 341 1
55 97 173 1
97 55 173 1
29 75 189 1
75 29 189 1
97 99 180 1
99 97 180 1
78 80 116 1
80 78 116 1
29 72 629 1
72 29 629 1
72 75 453 1
75 72 453 1
39 97 289 1
97 39 289 1
71 77 297 1
77 71 297 1
42 46 173 1
46 42 173 1
54 88 224 1
88 54 224 1
99 113 264 1
113 99 264 1
101 102 595 1
102 101 595 1
54 97 484 1
97 54 484 1
39 55 254 1
55 39 254 1
91 100 719 1
100 91 719 1
40 41 506 1
41 40 506 1
74 77 362 1
77 74 362 1
76 77 238 1
77 76 238 1
93 100 653 1
100 93 653 1
98 99 479 1
99 98 479 1
45 49 111 1
49 45 111 1
60 62 241 1
62 60 241 1
72 78 300 1
78 72 300 1
78 79 878 1
79 78 878 1
61 62 1047 1
62 61 1047 1
92 101 634 1
101 92 634 1
72 76 257 1
76 72 257 1
22 23 140 1
23 22 140 1
59 61 271 1
61 59 271 1
63 79 303 1
79 63 303 1
55 89 213 1
89 55 213 1
62 63 1134 1
63 62 1134 1
68 103 1277 1
103 68 1277 1
95 97 97 1
97 95 97 1
44 45 194 1
45 44 194 1
90 91 735 1
91 90 735 1
29 77 357 1
77 29 357 1
72 77 430 1
77 72 430 1
101 104 464 1
104 101 464 1
91 105 371 1
105 91 371 1
26 27 135 1
27 26 135 1
95 108 123 1
108 95 123 1
17 72 781 1
72 17 781 1
90 93 690 1
93 90 690 1
37 39 117 1
39 37 117 1
54 113 426 1
113 54 426 1
66 67 177 1
67 66 177 1
18 68 315 1
68 18 315 1
16 80 152 1
80 16 152 1
90 98 163 1
98 90 163 1
49 50 585 1
50 49 585 1
90 101 719 1
101 90 719 1
5 26 263 1
26 5 263 1
74 76 203 1
76 74 203 1
93 104 478 1
104 93 478 1
103 104 369 1
104 103 369 1
17 78 955 1
78 17 955 1
93 107 357 1
107 93 357 1
55 98 606 1
98 55 606 1
90 100 182 1
100 90 182 1
39 95 233 1
95 39 233 1
92 105 456 1
105 92 456 1
63 78 1033 1
78 63 1033 1
102 103 508 1
103 102 508 1
29 78 851 1
78 29 851 1
17 79 135 1
79 17 135 1
97 98 437 1
98 97 437 1
91 104 542 1
104 91 542 1
72 79 733 1
79 72 733 1
39 94 407 1
94 39 407 1
45 50 474 1
50 45 474 1
54 85 906 1
85 54 906 1
73 78 740 1
78 73 740 1
40 72 200 1
72 40 200 1
43 47 146 1
47 43 146 1
79 80 991 1
80 79 991 1
76 78 312 1
78 76 312 1
100 103 576 1
103 100 576 1
29 79 257 1
79 29 257 1
113 114 95 1
114 113 95 1
46 47 309 1
47 46 309 1
48 50 202 1
50 48 202 1
42 51 463 1
51 42 463 1
44 50 287 1
50 44 287 1
47 53 268 1
53 47 268 1
97 113 312 1
113 97 312 1
4 27 279 1
27 4 279 1
8 9 638 1
9 8 638 1
40 74 182 1
74 40 182 1
93 105 305 1
105 93 305 1
41 75 187 1
75 41 187 1
44 49 304 1
49 44 304 1
32 61 611 1
61 32 611 1
92 104 310 1
104 92 310 1
101 107 310 1
107 101 310 1
8 35 1046 1
35 8 1046 1
17 63 324 1
63 17 324 1
73 76 450 1
76 73 450 1
18 93 1308 1
93 18 1308 1
55 99 216 1
99 55 216 1
92 112 325 1
112 92 325 1
97 114 263 1
114 97 263 1
49 51 172 1
51 49 172 1
21 24 413 1
24 21 413 1
33 61 545 1
61 33 545 1
16 78 122 1
78 16 122 1
29 74 571 1
74 29 571 1
35 110 305 1
110 35 305 1
43 51 245 1
51 43 245 1
17 80 1070 1
80 17 1070 1
48 66 357 1
66 48 357 1
10 12 181 1
12 10 181 1
42 47 281 1
47 42 281 1
54 114 381 1
114 54 381 1
89 113 633 1
113 89 633 1
29 76 555 1
76 29 555 1
98 112 277 1
112 98 277 1
103 107 239 1
107 103 239 1
20 26 232 1
26 20 232 1
73 79 296 1
79 73 296 1
0 56 174 1
56 0 174 1
91 112 368 1
112 91 368 1
103 111 432 1
111 103 432 1
76 79 567 1
79 76 567 1
92 103 574 1
103 92 574 1
61 63 238 1
63 61 238 1
74 78 322 1
78 74 322 1
90 112 377 1
112 90 377 1
74 79 666 1
79 74 666 1
21 27 209 1
27 21 209 1
55 96 492 1
96 55 492 1
82 83 881 1
83 82 881 1
2 23 340 1
23 2 340 1
5 9 157 1
9 5 157 1
1 59 541 1
59 1 541 1
28 74 188 1
74 28 188 1
18 91 1236 1
91 18 1236 1
40 75 477 1
75 40 477 1
89 104 710 1
104 89 710 1
24 27 252 1
27 24 252 1
36 54 228 1
54 36 228 1
38 39 465 1
39 38 465 1
37 38 515 1
38 37 515 1
79 81 136 1
81 79 136 1
66 100 968 1
100 66 968 1
100 104 240 1
104 100 240 1
99 114 265 1
114 99 265 1
66 103 1026 1
103 66 1026 1
17 29 223 1
29 17 223 1
57 80 1050 1
80 57 1050 1
21 25 360 1
25 21 360 1
99 112 272 1
112 99 272 1
66 68 378 1
68 66 378 1
54 55 651 1
55 54 651 1
28 30 436 1
30 28 436 1
18 103 1302 1
103 18 1302 1
36 38 122 1
38 36 122 1
17 74 721 1
74 17 721 1
53 55 448 1
55 53 448 1
63 72 944 1
72 63 944 1
47 110 210 1
110 47 210 1
48 49 410 1
49 48 410 1
53 89 552 1
89 53 552 1
54 96 167 1
96 54 167 1
38 95 382 1
95 38 382 1
54 98 204 1
98 54 204 1
91 107 371 1
107 91 371 1
102 104 159 1
104 102 159 1
13 61 843 1
61 13 843 1
3 7 185 1
7 3 185 1
42 49 396 1
49 42 396 1
53 88 1043 1
88 53 1043 1
90 103 653 1
103 90 653 1
103 110 496 1
110 103 496 1
80 81 1113 1
81 80 1113 1
63 74 885 1
74 63 885 1
25 27 193 1
27 25 193 1
39 108 341 1
108 39 341 1
62 80 268 1
80 62 268 1
57 78 938 1
78 57 938 1
45 65 388 1
65 45 388 1
66 102 974 1
102 66 974 1
71 75 163 1
75 71 163 1
71 74 359 1
74 71 359 1
98 113 276 1
113 98 276 1
56 57 840 1
57 56 840 1
78 81 1002 1
81 78 1002 1
93 102 600 1
102 93 600 1
5 15 278 1
15 5 278 1
90 104 351 1
104 90 351 1
39 54 618 1
54 39 618 1
47 96 412 1
96 47 412 1
4 24 144 1
24 4 144 1
101 112 405 1
112 101 405 1
51 52 786 1
52 51 786 1
11 65 770 1
65 11 770 1
71 73 163 1
73 71 163 1
11 84 1188 1
84 11 1188 1
25 31 272 1
31 25 272 1
17 28 894 1
28 17 894 1
17 75 351 1
75 17 351 1
53 113 487 1
113 53 487 1
1 61 385 1
61 1 385 1
20 70 213 1
70 20 213 1
29 31 454 1
31 29 454 1
77 79 329 1
79 77 329 1
41 77 345 1
77 41 345 1
66 110 549 1
110 66 549 1
94 96 89 1
96 94 89 1
28 84 456 1
84 28 456 1
58 62 503 1
62 58 503 1
45 51 254 1
51 45 254 1
6 22 333 1
22 6 333 1
43 49 240 1
49 43 240 1
18 90 1192 1
90 18 1192 1
53 96 662 1
96 53 662 1
81 84 1146 1
84 81 1146 1
90 102 246 1
102 90 246 1
21 37 403 1
37 21 403 1
57 59 382 1
59 57 382 1
66 101 1048 1
101 66 1048 1
53 98 671 1
98 53 671 1
54 86 568 1
86 54 568 1
17 73 298 1
73 17 298 1
27 38 594 1
38 27 594 1
39 98 655 1
98 39 655 1
44 67 332 1
67 44 332 1
63 73 569 1
73 63 569 1
75 79 318 1
79 75 318 1
90 99 615 1
99 90 615 1
93 112 343 1
112 93 343 1
48 67 417 1
67 48 417 1
57 61 216 1
61 57 216 1
54 89 853 1
89 54 853 1
89 90 968 1
90 89 968 1
97 108 170 1
108 97 170 1
99 101 266 1
101 99 266 1
31 72 482 1
72 31 482 1
44 64 436 1
64 44 436 1
75 78 667 1
78 75 667 1
92 102 211 1
102 92 211 1
60 64 187 1
64 60 187 1
4 25 258 1
25 4 258 1
11 13 168 1
13 11 168 1
38 54 263 1
54 38 263 1
17 57 439 1
57 17 439 1
55 90 757 1
90 55 757 1
102 107 560 1
107 102 560 1
6 93 1425 1
93 6 1425 1
102 106 217 1
106 102 217 1
17 77 417 1
77 17 417 1
101 111 463 1
111 101 463 1
14 15 772 1
15 14 772 1
56 78 391 1
78 56 391 1
104 106 195 1
106 104 195 1
41 73 204 1
73 41 204 1
53 90 787 1
90 53 787 1
72 81 860 1
81 72 860 1
75 76 374 1
76 75 374 1
106 107 486 1
107 106 486 1
66 91 902 1
91 66 902 1
94 108 97 1
108 94 97 1
29 40 655 1
40 29 655 1
55 113 437 1
113 55 437 1
16 56 380 1
56 16 380 1
30 72 390 1
72 30 390 1
1 63 334 1
63 1 334 1
16 63 1092 1
63 16 1092 1
32 63 656 1
63 32 656 1
56 80 431 1
80 56 431 1
12 13 959 1
13 12 959 1
39 96 494 1
96 39 494 1
57 79 431 1
79 57 431 1
16 17 998 1
17 16 998 1
89 97 385 1
97 89 385 1
101 105 274 1
105 101 274 1
8 34 1027 1
34 8 1027 1
68 90 1109 1
90 68 1109 1
90 107 713 1
107 90 713 1
74 81 792 1
81 74 792 1
88 97 687 1
97 88 687 1
11 17 224 1
17 11 224 1
66 107 978 1
107 66 978 1
83 88 1071 1
88 83 1071 1
96 98 184 1
98 96 184 1
0 99 1111 1
99 0 1111 1
4 5 350 1
5 4 350 1
91 102 669 1
102 91 669 1
21 74 343 1
74 21 343 1
68 110 813 1
110 68 813 1
72 80 384 1
80 72 384 1
37 41 217 1
41 37 217 1
54 99 587 1
99 54 587 1
100 107 640 1
107 100 640 1
3 6 559 1
6 3 559 1
90 113 376 1
113 90 376 1
93 111 397 1
111 93 397 1
111 112 111 1
112 111 111 1
18 101 1348 1
101 18 1348 1
103 105 173 1
105 103 173 1
6 23 465 1
23 6 465 1
28 40 248 1
40 28 248 1
39 99 432 1
99 39 432 1
16 57 981 1
57 16 981 1
37 94 426 1
94 37 426 1
88 89 1035 1
89 88 1035 1
24 30 283 1
30 24 283 1
36 46 482 1
46 36 482 1
50 51 698 1
51 50 698 1
1 33 355 1
33 1 355 1
92 99 572 1
99 92 572 1
17 81 182 1
81 17 182 1
29 63 531 1
63 29 531 1
38 86 366 1
86 38 366 1
46 51 585 1
51 46 585 1
91 110 456 1
110 91 456 1
21 75 222 1
75 21 222 1
28 31 545 1
31 28 545 1
37 95 241 1
95 37 241 1
1 32 484 1
32 1 484 1
9 15 219 1
15 9 219 1
9 90 1391 1
90 9 1391 1
88 113 635 1
113 88 635 1
100 105 430 1
105 100 430 1
9 100 1346 1
100 9 1346 1
24 31 318 1
31 24 318 1
55 95 221 1
95 55 221 1
63 76 747 1
76 63 747 1
66 93 972 1
93 66 972 1
68 101 1309 1
101 68 1309 1
91 111 390 1
111 91 390 1
92 107 674 1
107 92 674 1
18 104 1201 1
104 18 1201 1
89 99 398 1
99 89 398 1
40 73 549 1
73 40 549 1
55 88 845 1
88 55 845 1
0 59 847 1
59 0 847 1
7 11 254 1
11 7 254 1
47 70 837 1
70 47 837 1
55 106 607 1
106 55 607 1
89 92 938 1
92 89 938 1
7 13 237 1
13 7 237 1
77 78 550 1
78 77 550 1
18 111 1051 1
111 18 1051 1
41 74 484 1
74 41 484 1
76 81 691 1
81 76 691 1
96 97 322 1
97 96 322 1
8 100 1159 1
100 8 1159 1
56 63 1014 1
63 56 1014 1
83 87 158 1
87 83 158 1
15 26 469 1
26 15 469 1
68 93 1248 1
93 68 1248 1
95 114 280 1
114 95 280 1
21 41 236 1
41 21 236 1
46 54 354 1
54 46 354 1
1 78 939 1
78 1 939 1
44 66 318 1
66 44 318 1
98 108 315 1
108 98 315 1
39 89 325 1
89 39 325 1
40 78 376 1
78 40 376 1
68 91 1170 1
91 68 1170 1
32 57 493 1
57 32 493 1
101 106 633 1
106 101 633 1
14 84 681 1
84 14 681 1
56 58 427 1
58 56 427 1
64 65 897 1
65 64 897 1
85 89 220 1
89 85 220 1
9 92 1428 1
92 9 1428 1
47 98 442 1
98 47 442 1
74 84 507 1
84 74 507 1
66 111 646 1
111 66 646 1
63 75 591 1
75 63 591 1
86 87 805 1
87 86 805 1
86 96 642 1
96 86 642 1
17 76 648 1
76 17 648 1
40 77 472 1
77 40 472 1
64 84 478 1
84 64 478 1
10 11 986 1
11 10 986 1
28 81 975 1
81 28 975 1
45 84 881 1
84 45 881 1
46 85 782 1
85 46 782 1
70 110 664 1
110 70 664 1
35 66 331 1
66 35 331 1
72 84 493 1
84 72 493 1
85 86 1120 1
86 85 1120 1
99 108 310 1
108 99 310 1
42 45 300 1
45 42 300 1
88 96 385 1
96 88 385 1
28 29 741 1
29 28 741 1
32 78 484 1
78 32 484 1
30 32 574 1
32 30 574 1
53 54 818 1
54 53 818 1
105 112 319 1
112 105 319 1
8 66 1233 1
66 8 1233 1
11 72 773 1
72 11 773 1
54 95 438 1
95 54 438 1
93 110 487 1
110 93 487 1
22 84 1027 1
84 22 1027 1
43 45 199 1
45 43 199 1
59 62 914 1
62 59 914 1
68 104 1183 1
104 68 1183 1
13 73 358 1
73 13 358 1
59 63 501 1
63 59 501 1
66 104 942 1
104 66 942 1
34 110 327 1
110 34 327 1
103 112 375 1
112 103 375 1
45 48 304 1
48 45 304 1
62 79 1049 1
79 62 1049 1
90 105 516 1
105 90 516 1
14 82 179 1
82 14 179 1
28 78 272 1
78 28 272 1
6 18 473 1
18 6 473 1
74 80 415 1
80 74 415 1
95 109 146 1
109 95 146 1
6 91 1386 1
91 6 1386 1
13 29 290 1
29 13 290 1
57 62 1000 1
62 57 1000 1
104 105 204 1
105 104 204 1
25 30 292 1
30 25 292 1
71 72 402 1
72 71 402 1
98 114 276 1
114 98 276 1
104 111 377 1
111 104 377 1
8 91 1373 1
91 8 1373 1
9 105 1106 1
105 9 1106 1
13 77 608 1
77 13 608 1
20 88 611 1
88 20 611 1
32 62 548 1
62 32 548 1
32 80 590 1
80 32 590 1
112 113 116 1
113 112 116 1
21 40 380 1
40 21 380 1
4 21 414 1
21 4 414 1
29 30 533 1
30 29 533 1
92 98 220 1
98 92 220 1
100 112 410 1
112 100 410 1
1 11 394 1
11 1 394 1
11 29 239 1
29 11 239 1
18 107 1141 1
107 18 1141 1
32 72 471 1
72 32 471 1
60 61 893 1
61 60 893 1
61 65 175 1
65 61 175 1
3 5 603 1
5 3 603 1
21 94 569 1
94 21 569 1
35 67 262 1
67 35 262 1
4 26 161 1
26 4 161 1
39 106 557 1
106 39 557 1
112 114 196 1
114 112 196 1
8 93 1382 1
93 8 1382 1
18 53 1191 1
53 18 1191 1
27 37 597 1
37 27 597 1
18 70 528 1
70 18 528 1
41 72 550 1
72 41 550 1
42 52 325 1
52 42 325 1
89 102 866 1
102 89 866 1
90 97 593 1
97 90 593 1
101 110 541 1
110 101 541 1
7 12 856 1
12 7 856 1
53 85 491 1
85 53 491 1
53 99 316 1
99 53 316 1
2 85 1134 1
85 2 1134 1
2 88 959 1
88 2 959 1
11 73 310 1
73 11 310 1
28 79 847 1
79 28 847 1
17 62 1129 1
62 17 1129 1
47 83 886 1
83 47 886 1
47 111 188 1
111 47 188 1
50 64 302 1
64 50 302 1
7 65 934 1
65 7 934 1
89 106 787 1
106 89 787 1
18 110 887 1
110 18 887 1
38 97 469 1
97 38 469 1
89 107 337 1
107 89 337 1
99 106 562 1
106 99 562 1
5 92 1324 1
92 5 1324 1
25 35 978 1
35 25 978 1
39 109 356 1
109 39 356 1
27 41 398 1
41 27 398 1
37 109 343 1
109 37 343 1
55 83 558 1
83 55 558 1
98 101 623 1
101 98 623 1
99 102 560 1
102 99 560 1
1 19 351 1
19 1 351 1
31 75 419 1
75 31 419 1
48 64 369 1
64 48 369 1
89 96 700 1
96 89 700 1
12 32 661 1
32 12 661 1
34 44 373 1
44 34 373 1
40 80 433 1
80 40 433 1
70 111 827 1
111 70 827 1
33 57 394 1
57 33 394 1
68 107 1166 1
107 68 1166 1
70 83 652 1
83 70 652 1
83 85 549 1
85 83 549 1
0 97 963 1
97 0 963 1
56 62 252 1
62 56 252 1
5 27 165 1
27 5 165 1
28 80 329 1
80 28 329 1
4 71 523 1
71 4 523 1
21 72 388 1
72 21 388 1
31 74 479 1
74 31 479 1
33 63 547 1
63 33 547 1
39 90 806 1
90 39 806 1
55 108 332 1
108 55 332 1
58 106 1039 1
106 58 1039 1
6 7 710 1
7 6 710 1
8 14 205 1
14 8 205 1
11 77 511 1
77 11 511 1
24 71 494 1
71 24 494 1
35 47 370 1
47 35 370 1
42 50 271 1
50 42 271 1
69 103 1214 1
103 69 1214 1
88 90 414 1
90 88 414 1
95 99 272 1
99 95 272 1
55 104 526 1
104 55 526 1
1 79 428 1
79 1 428 1
4 8 148 1
8 4 148 1
21 71 214 1
71 21 214 1
94 97 266 1
97 94 266 1
88 98 408 1
98 88 408 1
17 40 824 1
40 17 824 1
18 69 392 1
69 18 392 1
19 59 618 1
59 19 618 1
30 40 513 1
40 30 513 1
32 79 600 1
79 32 600 1
36 76 232 1
76 36 232 1
68 111 952 1
111 68 952 1
29 65 759 1
65 29 759 1
70 91 1000 1
91 70 1000 1
31 32 596 1
32 31 596 1
100 111 457 1
111 100 457 1
108 109 87 1
109 108 87 1
19 98 1076 1
98 19 1076 1
20 21 185 1
21 20 185 1
71 76 392 1
76 71 392 1
90 94 414 1
94 90 414 1
1 17 391 1
17 1 391 1
21 26 271 1
26 21 271 1
32 65 681 1
65 32 681 1
55 94 428 1
94 55 428 1
91 99 166 1
99 91 166 1
36 88 289 1
88 36 289 1
29 95 532 1
95 29 532 1
36 51 908 1
51 36 908 1
13 72 796 1
72 13 796 1
47 88 790 1
88 47 790 1
55 114 395 1
114 55 395 1
63 81 293 1
81 63 293 1
65 67 361 1
67 65 361 1
12 28 275 1
28 12 275 1
36 81 848 1
81 36 848 1
38 108 316 1
108 38 316 1
96 113 315 1
113 96 315 1
10 14 380 1
14 10 380 1
13 65 935 1
65 13 935 1
30 33 526 1
33 30 526 1
89 101 462 1
101 89 462 1
104 110 417 1
110 104 417 1
8 18 880 1
18 8 880 1
22 82 706 1
82 22 706 1
29 41 234 1
41 29 234 1
30 74 403 1
74 30 403 1
11 78 988 1
78 11 988 1
65 84 1120 1
84 65 1120 1
8 70 477 1
70 8 477 1
33 65 634 1
65 33 634 1
38 96 284 1
96 38 284 1
82 84 544 1
84 82 544 1
108 114 218 1
114 108 218 1
12 33 709 1
33 12 709 1
15 90 1267 1
90 15 1267 1
53 83 977 1
83 53 977 1
28 76 345 1
76 28 345 1
32 59 581 1
59 32 581 1
38 55 598 1
55 38 598 1
41 71 317 1
71 41 317 1
47 55 367 1
55 47 367 1
53 93 353 1
93 53 353 1
61 80 1112 1
80 61 1112 1
63 77 536 1
77 63 536 1
99 104 430 1
104 99 430 1
9 91 1212 1
91 9 1212 1
29 32 631 1
32 29 631 1
39 113 565 1
113 39 565 1
55 85 300 1
85 55 300 1
64 66 392 1
66 64 392 1
66 90 828 1
90 66 828 1
107 111 490 1
111 107 490 1
26 83 578 1
83 26 578 1
53 104 704 1
104 53 704 1
76 80 424 1
80 76 424 1
11 28 875 1
28 11 875 1
13 33 629 1
33 13 629 1
29 45 930 1
45 29 930 1
56 60 232 1
60 56 232 1
70 93 1035 1
93 70 1035 1
85 96 743 1
96 85 743 1
12 14 278 1
14 12 278 1
18 66 623 1
66 18 623 1
51 85 514 1
85 51 514 1
68 102 1226 1
102 68 1226 1
12 61 1246 1
61 12 1246 1
25 71 434 1
71 25 434 1
43 50 494 1
50 43 494 1
47 85 508 1
85 47 508 1
65 78 1008 1
78 65 1008 1
89 93 471 1
93 89 471 1
0 55 1069 1
55 0 1069 1
1 73 531 1
73 1 531 1
31 73 397 1
73 31 397 1
6 70 405 1
70 6 405 1
18 92 1286 1
92 18 1286 1
34 64 445 1
64 34 445 1
57 73 601 1
73 57 601 1
62 78 287 1
78 62 287 1
75 84 839 1
84 75 839 1
2 3 405 1
3 2 405 1
22 44 1293 1
44 22 1293 1
3 23 271 1
23 3 271 1
9 26 419 1
26 9 419 1
11 75 388 1
75 11 388 1
37 97 271 1
97 37 271 1
37 108 355 1
108 37 355 1
14 64 1035 1
64 14 1035 1
93 106 650 1
106 93 650 1
46 88 560 1
88 46 560 1
92 113 313 1
113 92 313 1
11 45 1014 1
45 11 1014 1
62 73 961 1
73 62 961 1
5 8 493 1
8 5 493 1
53 94 658 1
94 53 658 1
73 95 476 1
95 73 476 1
81 82 1081 1
82 81 1081 1
82 88 444 1
88 82 444 1
90 110 460 1
110 90 460 1
17 32 646 1
32 17 646 1
88 114 584 1
114 88 584 1
8 90 1188 1
90 8 1188 1
20 83 565 1
83 20 565 1
35 111 452 1
111 35 452 1
55 92 735 1
92 55 735 1
4 15 597 1
15 4 597 1
33 59 579 1
59 33 579 1
37 40 562 1
40 37 562 1
5 70 530 1
70 5 530 1
17 30 703 1
30 17 703 1
19 54 997 1
54 19 997 1
25 34 1006 1
34 25 1006 1
31 33 517 1
33 31 517 1
94 109 127 1
109 94 127 1
21 38 458 1
38 21 458 1
28 32 528 1
32 28 528 1
29 62 1067 1
62 29 1067 1
89 114 592 1
114 89 592 1
2 18 379 1
18 2 379 1
8 15 741 1
15 8 741 1
86 88 460 1
88 86 460 1
1 72 829 1
72 1 829 1
21 31 344 1
31 21 344 1
50 58 486 1
58 50 486 1
83 110 826 1
110 83 826 1
92 108 488 1
108 92 488 1
2 14 572 1
14 2 572 1
9 35 1031 1
35 9 1031 1
28 63 1049 1
63 28 1049 1
102 111 440 1
111 102 440 1
9 93 1250 1
93 9 1250 1
37 55 221 1
55 37 221 1
91 106 697 1
106 91 697 1
29 61 711 1
61 29 711 1
32 40 629 1
40 32 629 1
36 85 845 1
85 36 845 1
90 108 470 1
108 90 470 1
9 70 641 1
70 9 641 1
13 75 440 1
75 13 440 1
56 76 519 1
76 56 519 1
1 77 531 1
77 1 531 1
6 8 485 1
8 6 485 1
24 74 560 1
74 24 560 1
40 63 1007 1
63 40 1007 1
70 90 900 1
90 70 900 1
83 90 1178 1
90 83 1178 1
21 30 349 1
30 21 349 1
24 26 201 1
26 24 201 1
25 26 225 1
26 25 225 1
34 66 268 1
66 34 268 1
5 47 1154 1
47 5 1154 1
8 68 1123 1
68 8 1123 1
18 83 953 1
83 18 953 1
34 67 275 1
67 34 275 1
50 60 475 1
60 50 475 1
57 74 830 1
74 57 830 1
8 92 1269 1
92 8 1269 1
17 31 618 1
31 17 618 1
45 75 846 1
75 45 846 1
82 87 849 1
87 82 849 1
92 106 400 1
106 92 400 1
0 1 800 1
1 0 800 1
5 90 1279 1
90 5 1279 1
35 48 491 1
48 35 491 1
5 6 733 1
6 5 733 1
5 105 1032 1
105 5 1032 1
23 44 1318 1
44 23 1318 1
99 103 258 1
103 99 258 1
4 35 987 1
35 4 987 1
31 45 1171 1
45 31 1171 1
47 54 568 1
54 47 568 1
14 22 562 1
22 14 562 1
18 112 1158 1
112 18 1158 1
19 57 426 1
57 19 426 1
20 42 954 1
42 20 954 1
28 82 255 1
82 28 255 1
40 45 979 1
45 40 979 1
40 81 874 1
81 40 874 1
5 88 1026 1
88 5 1026 1
7 61 813 1
61 7 813 1
17 61 534 1
61 17 534 1
29 71 259 1
71 29 259 1
29 80 961 1
80 29 961 1
40 76 327 1
76 40 327 1
53 70 1067 1
70 53 1067 1
55 112 466 1
112 55 466 1
65 73 763 1
73 65 763 1
93 99 208 1
99 93 208 1
108 115 135 1
115 108 135 1
13 32 767 1
32 13 767 1
37 46 651 1
46 37 651 1
114 115 96 1
115 114 96 1
2 53 1390 1
53 2 1390 1
45 78 840 1
78 45 840 1
58 59 496 1
59 58 496 1
62 72 566 1
72 62 566 1
78 84 235 1
84 78 235 1
90 106 378 1
106 90 378 1
5 83 447 1
83 5 447 1
96 99 428 1
99 96 428 1
1 74 790 1
74 1 790 1
21 73 247 1
73 21 247 1
31 71 265 1
71 31 265 1
38 76 305 1
76 38 305 1
95 98 433 1
98 95 433 1
57 69 378 1
69 57 378 1
83 98 1029 1
98 83 1029 1
23 48 1375 1
48 23 1375 1
43 48 391 1
48 43 391 1
89 98 818 1
98 89 818 1
5 93 1207 1
93 5 1207 1
8 110 1076 1
110 8 1076 1
30 78 663 1
78 30 663 1
62 74 590 1
74 62 590 1
98 104 286 1
104 98 286 1
15 27 336 1
27 15 336 1
28 75 567 1
75 28 567 1
31 40 592 1
40 31 592 1
51 81 628 1
81 51 628 1
53 97 456 1
97 53 456 1
98 100 250 1
100 98 250 1
2 5 685 1
5 2 685 1
36 37 542 1
37 36 542 1
63 65 312 1
65 63 312 1
68 100 1230 1
100 68 1230 1
69 90 1119 1
90 69 1119 1
0 58 565 1
58 0 565 1
21 81 634 1
81 21 634 1
27 39 536 1
39 27 536 1
19 36 821 1
36 19 821 1
23 85 1053 1
85 23 1053 1
42 48 243 1
48 42 243 1
86 97 801 1
97 86 801 1
13 71 401 1
71 13 401 1
23 31 199 1
31 23 199 1
65 75 753 1
75 65 753 1
73 80 850 1
80 73 850 1
100 110 522 1
110 100 522 1
7 9 490 1
9 7 490 1
46 96 270 1
96 46 270 1
52 84 487 1
84 52 487 1
53 92 739 1
92 53 739 1
97 112 339 1
112 97 339 1
102 112 391 1
112 102 391 1
5 91 1178 1
91 5 1178 1
6 9 834 1
9 6 834 1
11 74 727 1
74 11 727 1
19 114 1115 1
114 19 1115 1
30 75 454 1
75 30 454 1
54 108 319 1
108 54 319 1
2 83 913 1
83 2 913 1
10 84 516 1
84 10 516 1
35 44 409 1
44 35 409 1
45 67 282 1
67 45 282 1
47 90 580 1
90 47 580 1
2 70 412 1
70 2 412 1
19 33 238 1
33 19 238 1
96 106 277 1
106 96 277 1
104 112 332 1
112 104 332 1
6 101 1437 1
101 6 1437 1
21 108 562 1
108 21 562 1
39 114 488 1
114 39 488 1
57 72 874 1
72 57 874 1
83 96 859 1
96 83 859 1
110 112 272 1
112 110 272 1
1 76 689 1
76 1 689 1
16 62 313 1
62 16 313 1
104 113 229 1
113 104 229 1
107 110 468 1
110 107 468 1
27 94 748 1
94 27 748 1
29 81 342 1
81 29 342 1
30 84 877 1
84 30 877 1
31 77 552 1
77 31 552 1
45 76 694 1
76 45 694 1
58 102 1067 1
102 58 1067 1
89 100 936 1
100 89 936 1
2 82 688 1
82 2 688 1
9 101 1217 1
101 9 1217 1
19 113 1158 1
113 19 1158 1
33 40 654 1
40 33 654 1
44 84 739 1
84 44 739 1
50 84 554 1
84 50 554 1
60 106 915 1
106 60 915 1
92 110 485 1
110 92 485 1
97 106 471 1
106 97 471 1
16 79 934 1
79 16 934 1
65 79 512 1
79 65 512 1
42 44 208 1
44 42 208 1
52 81 1110 1
81 52 1110 1
57 76 691 1
76 57 691 1
103 106 532 1
106 103 532 1
18 105 1215 1
105 18 1215 1
45 81 759 1
81 45 759 1
46 53 547 1
53 46 547 1
11 12 972 1
12 11 972 1
36 47 622 1
47 36 622 1
62 75 893 1
75 62 893 1
93 98 589 1
98 93 589 1
100 106 280 1
106 100 280 1
37 96 506 1
96 37 506 1
60 65 898 1
65 60 898 1
61 78 1006 1
78 61 1006 1
70 100 918 1
100 70 918 1
85 97 439 1
97 85 439 1
91 94 561 1
94 91 561 1
96 114 265 1
114 96 265 1
6 66 934 1
66 6 934 1
39 88 762 1
88 39 762 1
59 69 338 1
69 59 338 1
20 105 754 1
105 20 754 1
45 77 650 1
77 45 650 1
69 106 1139 1
106 69 1139 1
105 107 233 1
107 105 233 1
21 95 510 1
95 21 510 1
25 42 1319 1
42 25 1319 1
25 70 480 1
70 25 480 1
29 38 680 1
38 29 680 1
30 81 847 1
81 30 847 1
35 70 574 1
70 35 574 1
47 113 338 1
113 47 338 1
56 79 965 1
79 56 965 1
112 115 269 1
115 112 269 1
36 78 263 1
78 36 263 1
40 79 762 1
79 40 762 1
94 99 399 1
99 94 399 1
109 112 348 1
112 109 348 1
2 93 1417 1
93 2 1417 1
32 74 456 1
74 32 456 1
34 42 401 1
42 34 401 1
49 52 718 1
52 49 718 1
91 98 616 1
98 91 616 1
6 100 1229 1
100 6 1229 1
9 98 1256 1
98 9 1256 1
39 53 692 1
53 39 692 1
39 86 698 1
86 39 698 1
56 59 788 1
59 56 788 1
0 113 1107 1
113 0 1107 1
9 20 557 1
20 9 557 1
9 102 1277 1
102 9 1277 1
22 30 218 1
30 22 218 1
31 81 775 1
81 31 775 1
42 85 771 1
85 42 771 1
94 98 264 1
98 94 264 1
102 113 317 1
113 102 317 1
4 38 638 1
38 4 638 1
6 53 1419 1
53 6 1419 1
26 88 791 1
88 26 791 1
31 79 660 1
79 31 660 1
46 49 541 1
49 46 541 1
24 75 604 1
75 24 604 1
20 25 402 1
25 20 402 1
50 52 243 1
52 50 243 1
56 95 883 1
95 56 883 1
15 92 1292 1
92 15 1292 1
93 94 560 1
94 93 560 1
101 113 350 1
113 101 350 1
102 110 495 1
110 102 495 1
1 80 1054 1
80 1 1054 1
8 101 1359 1
101 8 1359 1
21 77 387 1
77 21 387 1
25 46 1214 1
46 25 1214 1
29 33 510 1
33 29 510 1
38 73 580 1
73 38 580 1
45 64 610 1
64 45 610 1
17 33 512 1
33 17 512 1
50 75 983 1
75 50 983 1
70 71 263 1
71 70 263 1
81 86 1091 1
86 81 1091 1
85 113 705 1
113 85 705 1
88 99 803 1
99 88 803 1
96 108 167 1
108 96 167 1
1 69 441 1
69 1 441 1
6 92 1291 1
92 6 1291 1
32 73 550 1
73 32 550 1
52 79 1040 1
79 52 1040 1
59 60 718 1
60 59 718 1
38 41 513 1
41 38 513 1
89 91 402 1
91 89 402 1
92 111 381 1
111 92 381 1
98 102 260 1
102 98 260 1
105 115 176 1
115 105 176 1
13 63 653 1
63 13 653 1
14 28 286 1
28 14 286 1
70 107 772 1
107 70 772 1
91 115 428 1
115 91 428 1
13 17 364 1
17 13 364 1
40 49 1047 1
49 40 1047 1
41 63 682 1
63 41 682 1
45 72 948 1
72 45 948 1
32 75 514 1
75 32 514 1
39 92 812 1
92 39 812 1
108 112 335 1
112 108 335 1
0 106 981 1
106 0 981 1
66 92 904 1
92 66 904 1
75 80 775 1
80 75 775 1
6 89 1224 1
89 6 1224 1
6 107 1177 1
107 6 1177 1
17 84 1128 1
84 17 1128 1
43 52 553 1
52 43 553 1
64 67 549 1
67 64 549 1
85 87 616 1
87 85 616 1
8 20 420 1
20 8 420 1
16 32 504 1
32 16 504 1
35 42 425 1
42 35 425 1
38 46 544 1
46 38 544 1
48 110 500 1
110 48 500 1
62 65 1049 1
65 62 1049 1
3 89 961 1
89 3 961 1
23 45 1302 1
45 23 1302 1
58 66 198 1
66 58 198 1
90 96 335 1
96 90 335 1
10 22 580 1
22 10 580 1
11 79 342 1
79 11 342 1
18 100 1277 1
100 18 1277 1
29 57 596 1
57 29 596 1
30 45 1169 1
45 30 1169 1
53 91 265 1
91 53 265 1
69 93 1169 1
93 69 1169 1
98 105 417 1
105 98 417 1
5 35 974 1
35 5 974 1
17 56 1024 1
56 17 1024 1
33 41 611 1
41 33 611 1
43 44 290 1
44 43 290 1
69 91 1081 1
91 69 1081 1
13 41 490 1
41 13 490 1
17 65 592 1
65 17 592 1
22 83 792 1
83 22 792 1
79 84 1035 1
84 79 1035 1
107 112 482 1
112 107 482 1
5 110 1022 1
110 5 1022 1
8 103 1268 1
103 8 1268 1
18 113 1181 1
113 18 1181 1
24 34 1021 1
34 24 1021 1
38 94 246 1
94 38 246 1
70 92 982 1
92 70 982 1
1 13 546 1
13 1 546 1
11 32 663 1
32 11 663 1
24 86 569 1
86 24 569 1
57 115 958 1
115 57 958 1
92 97 585 1
97 92 585 1
96 104 297 1
104 96 297 1
100 108 467 1
108 100 467 1
9 112 1293 1
112 9 1293 1
11 61 675 1
61 11 675 1
25 43 1261 1
43 25 1261 1
38 78 371 1
78 38 371 1
40 71 481 1
71 40 481 1
75 81 434 1
81 75 434 1
98 106 320 1
106 98 320 1
99 100 610 1
100 99 610 1
10 28 213 1
28 10 213 1
11 33 518 1
33 11 518 1
34 48 431 1
48 34 431 1
60 73 975 1
73 60 975 1
73 84 919 1
84 73 919 1
81 85 175 1
85 81 175 1
94 95 213 1
95 94 213 1
16 65 1088 1
65 16 1088 1
85 114 680 1
114 85 680 1
15 70 606 1
70 15 606 1
33 80 703 1
80 33 703 1
36 39 517 1
39 36 517 1
37 81 336 1
81 37 336 1
58 64 312 1
64 58 312 1
13 60 1245 1
60 13 1245 1
28 73 629 1
73 28 629 1
61 73 720 1
73 61 720 1
5 20 424 1
20 5 424 1
22 48 1339 1
48 22 1339 1
36 56 615 1
56 36 615 1
36 86 441 1
86 36 441 1
56 99 1051 1
99 56 1051 1
60 95 868 1
95 60 868 1
61 79 487 1
79 61 487 1
20 43 937 1
43 20 937 1
22 87 870 1
87 22 870 1
32 41 693 1
41 32 693 1
58 95 897 1
95 58 897 1
66 70 775 1
70 66 775 1
70 104 814 1
104 70 814 1
95 115 205 1
115 95 205 1
96 112 337 1
112 96 337 1
81 87 551 1
87 81 551 1
97 102 534 1
102 97 534 1
1 62 1027 1
62 1 1027 1
20 47 858 1
47 20 858 1
24 70 465 1
70 24 465 1
40 84 485 1
84 40 485 1
46 71 860 1
71 46 860 1
47 104 532 1
104 47 532 1
33 72 507 1
72 33 507 1
36 97 483 1
97 36 483 1
77 81 453 1
81 77 453 1
27 71 367 1
71 27 367 1
31 78 755 1
78 31 755 1
35 68 531 1
68 35 531 1
50 77 782 1
77 50 782 1
84 87 1148 1
87 84 1148 1
90 111 396 1
111 90 396 1
2 89 1170 1
89 2 1170 1
4 9 500 1
9 4 500 1
83 94 771 1
94 83 771 1
105 111 367 1
111 105 367 1
13 74 757 1
74 13 757 1
18 47 993 1
47 18 993 1
23 42 1326 1
42 23 1326 1
28 45 1018 1
45 28 1018 1
37 75 239 1
75 37 239 1
53 107 600 1
107 53 600 1
61 72 984 1
72 61 984 1
108 113 292 1
113 108 292 1
15 94 858 1
94 15 858 1
15 109 824 1
109 15 824 1
30 76 537 1
76 30 537 1
68 92 1202 1
92 68 1202 1
69 104 1167 1
104 69 1167 1
16 30 615 1
30 16 615 1
17 41 414 1
41 17 414 1
23 50 1386 1
50 23 1386 1
30 73 455 1
73 30 455 1
36 79 738 1
79 36 738 1
41 57 760 1
57 41 760 1
95 106 414 1
106 95 414 1
98 111 265 1
111 98 265 1
21 46 873 1
46 21 873 1
22 64 1169 1
64 22 1169 1
28 33 585 1
33 28 585 1
57 77 533 1
77 57 533 1
1 56 851 1
56 1 851 1
2 91 1366 1
91 2 1366 1
5 85 946 1
85 5 946 1
10 65 1203 1
65 10 1203 1
16 81 1063 1
81 16 1063 1
20 35 677 1
35 20 677 1
70 94 557 1
94 70 557 1
15 83 194 1
83 15 194 1
26 70 383 1
70 26 383 1
26 105 921 1
105 26 921 1
45 73 892 1
73 45 892 1
65 80 1107 1
80 65 1107 1
24 35 1010 1
35 24 1010 1
25 47 1189 1
47 25 1189 1
52 75 976 1
75 52 976 1
76 84 486 1
84 76 486 1
22 49 1332 1
49 22 1332 1
23 30 259 1
30 23 259 1
27 40 481 1
40 27 481 1
31 84 971 1
84 31 971 1
42 70 898 1
70 42 898 1
55 107 232 1
107 55 232 1
73 81 406 1
81 73 406 1
75 95 407 1
95 75 407 1
1 29 521 1
29 1 521 1
19 95 883 1
95 19 883 1
34 47 428 1
47 34 428 1
40 50 871 1
50 40 871 1
0 60 405 1
60 0 405 1
13 62 1248 1
62 13 1248 1
30 79 725 1
79 30 725 1
31 52 1259 1
52 31 1259 1
1 115 1005 1
115 1 1005 1
7 33 515 1
33 7 515 1
9 18 946 1
18 9 946 1
33 78 590 1
78 33 590 1
43 70 885 1
70 43 885 1
50 72 861 1
72 50 861 1
58 107 1147 1
107 58 1147 1
104 114 171 1
114 104 171 1
36 96 257 1
96 36 257 1
48 100 791 1
100 48 791 1
97 109 174 1
109 97 174 1
5 18 901 1
18 5 901 1
9 88 1163 1
88 9 1163 1
25 75 536 1
75 25 536 1
27 95 702 1
95 27 702 1
31 76 584 1
76 31 584 1
70 96 605 1
96 70 605 1
80 84 162 1
84 80 162 1
0 89 1205 1
89 0 1205 1
3 85 893 1
85 3 893 1
9 103 1158 1
103 9 1158 1
15 21 348 1
21 15 348 1
21 29 329 1
29 21 329 1
43 85 559 1
85 43 559 1
58 104 1061 1
104 58 1061 1
6 88 860 1
88 6 860 1
20 85 844 1
85 20 844 1
55 102 675 1
102 55 675 1
71 109 576 1
109 71 576 1
92 94 455 1
94 92 455 1
18 35 624 1
35 18 624 1
18 89 1085 1
89 18 1085 1
47 94 415 1
94 47 415 1
105 110 411 1
110 105 411 1
24 72 544 1
72 24 544 1
36 95 408 1
95 36 408 1
38 98 432 1
98 38 432 1
58 97 887 1
97 58 887 1
102 108 413 1
108 102 413 1
37 42 712 1
42 37 712 1
39 41 161 1
41 39 161 1
56 73 886 1
73 56 886 1
0 114 1065 1
114 0 1065 1
13 59 1042 1
59 13 1042 1
22 24 386 1
24 22 386 1
54 90 282 1
90 54 282 1
77 95 322 1
95 77 322 1
88 92 521 1
92 88 521 1
6 12 248 1
12 6 248 1
24 73 599 1
73 24 599 1
25 81 899 1
81 25 899 1
36 42 628 1
42 36 628 1
56 97 920 1
97 56 920 1
100 113 356 1
113 100 356 1
5 25 129 1
25 5 129 1
11 31 475 1
31 11 475 1
11 64 1218 1
64 11 1218 1
13 79 476 1
79 13 476 1
32 45 684 1
45 32 684 1
37 86 777 1
86 37 777 1
55 93 359 1
93 55 359 1
0 95 915 1
95 0 915 1
8 111 1218 1
111 8 1218 1
20 30 328 1
30 20 328 1
23 49 1325 1
49 23 1325 1
33 62 690 1
62 33 690 1
37 106 622 1
106 37 622 1
70 105 847 1
105 70 847 1
0 39 963 1
39 0 963 1
4 34 986 1
34 4 986 1
4 41 642 1
41 4 642 1
6 105 1236 1
105 6 1236 1
14 30 414 1
30 14 414 1
15 91 1009 1
91 15 1009 1
21 109 565 1
109 21 565 1
41 78 770 1
78 41 770 1
56 61 920 1
61 56 920 1
8 102 1117 1
102 8 1117 1
11 76 704 1
76 11 704 1
15 39 506 1
39 15 506 1
17 45 840 1
45 17 840 1
19 46 977 1
46 19 977 1
23 43 1259 1
43 23 1259 1
32 76 341 1
76 32 341 1
38 40 158 1
40 38 158 1
39 58 1032 1
58 39 1032 1
67 110 507 1
110 67 507 1
82 85 1121 1
85 82 1121 1
19 55 944 1
55 19 944 1
33 79 486 1
79 33 486 1
1 95 815 1
95 1 815 1
3 65 942 1
65 3 942 1
46 70 798 1
70 46 798 1
76 86 587 1
86 76 587 1
9 111 1239 1
111 9 1239 1
19 53 1115 1
53 19 1115 1
19 69 323 1
69 19 323 1
21 39 356 1
39 21 356 1
28 52 856 1
52 28 856 1
41 94 523 1
94 41 523 1
55 101 371 1
101 55 371 1
14 34 879 1
34 14 879 1
18 88 1010 1
88 18 1010 1
18 98 1066 1
98 18 1066 1
23 66 1096 1
66 23 1096 1
52 63 1131 1
63 52 1131 1
53 86 1248 1
86 53 1248 1
57 75 616 1
75 57 616 1
0 57 825 1
57 0 825 1
5 100 1233 1
100 5 1233 1
22 85 1113 1
85 22 1113 1
36 98 402 1
98 36 402 1
69 92 1197 1
92 69 1197 1
94 106 271 1
106 94 271 1
4 77 744 1
77 4 744 1
67 68 440 1
68 67 440 1
70 103 965 1
103 70 965 1
6 90 1185 1
90 6 1185 1
8 105 1137 1
105 8 1137 1
9 66 1299 1
66 9 1299 1
38 56 731 1
56 38 731 1
52 72 837 1
72 52 837 1
69 107 1110 1
107 69 1110 1
92 114 349 1
114 92 349 1
95 113 351 1
113 95 351 1
33 45 716 1
45 33 716 1
37 54 645 1
54 37 645 1
38 99 625 1
99 38 625 1
52 80 618 1
80 52 618 1
2 15 805 1
15 2 805 1
25 74 582 1
74 25 582 1
41 95 382 1
95 41 382 1
47 51 339 1
51 47 339 1
86 94 606 1
94 86 606 1
92 96 390 1
96 92 390 1
9 110 1098 1
110 9 1098 1
23 83 710 1
83 23 710 1
29 36 705 1
36 29 705 1
35 43 347 1
43 35 347 1
42 54 525 1
54 42 525 1
51 54 884 1
54 51 884 1
70 101 1040 1
101 70 1040 1
0 88 782 1
88 0 782 1
19 112 1132 1
112 19 1132 1
31 51 1202 1
51 31 1202 1
37 87 433 1
87 37 433 1
46 81 867 1
81 46 867 1
67 111 605 1
111 67 605 1
0 61 943 1
61 0 943 1
15 88 1097 1
88 15 1097 1
20 81 779 1
81 20 779 1
7 23 337 1
23 7 337 1
60 75 915 1
75 60 915 1
72 95 570 1
95 72 570 1
102 109 475 1
109 102 475 1
24 40 584 1
40 24 584 1
60 102 963 1
102 60 963 1
6 104 1174 1
104 6 1174 1
16 40 399 1
40 16 399 1
19 99 1048 1
99 19 1048 1
19 115 1045 1
115 19 1045 1
24 87 679 1
87 24 679 1
47 92 568 1
92 47 568 1
82 86 143 1
86 82 143 1
86 113 874 1
113 86 874 1
96 110 214 1
110 96 214 1
19 88 1069 1
88 19 1069 1
24 38 730 1
38 24 730 1
24 81 998 1
81 24 998 1
35 91 647 1
91 35 647 1
0 54 794 1
54 0 794 1
6 15 884 1
15 6 884 1
24 41 633 1
41 24 633 1
38 53 897 1
53 38 897 1
6 48 1184 1
48 6 1184 1
7 10 896 1
10 7 896 1
26 82 411 1
82 26 411 1
55 86 895 1
86 55 895 1
22 45 1298 1
45 22 1298 1
34 45 409 1
45 34 409 1
36 113 562 1
113 36 562 1
51 76 794 1
76 51 794 1
76 82 520 1
82 76 520 1
0 76 525 1
76 0 525 1
2 96 981 1
96 2 981 1
11 63 488 1
63 11 488 1
16 29 882 1
29 16 882 1
15 93 1054 1
93 15 1054 1
18 19 147 1
19 18 147 1
40 62 664 1
62 40 664 1
45 46 448 1
46 45 448 1
59 80 1038 1
80 59 1038 1
26 47 1071 1
47 26 1071 1
38 77 447 1
77 38 447 1
8 112 1273 1
112 8 1273 1
26 55 856 1
55 26 856 1
30 52 1201 1
52 30 1201 1
31 43 1106 1
43 31 1106 1
52 74 808 1
74 52 808 1
53 110 473 1
110 53 473 1
55 58 998 1
58 55 998 1
70 88 635 1
88 70 635 1
