116 2668
73 74 458 1
74 73 458 1
26 27 135 1
27 26 135 1
29 72 629 1
72 29 629 1
5 26 263 1
26 5 263 1
72 73 517 1
73 72 517 1
72 74 76 1
74 72 76 1
29 73 113 1
73 29 113 1
28 72 116 1
72 28 116 1
28 29 741 1
29 28 741 1
5 27 165 1
27 5 165 1
36 72 276 1
72 36 276 1
29 74 571 1
74 29 571 1
30 31 127 1
31 30 127 1
24 25 135 1
25 24 135 1
92 93 608 1
93 92 608 1
32 33 149 1
33 32 149 1
73 75 84 1
75 73 84 1
42 46 173 1
46 42 173 1
16 80 152 1
80 16 152 1
38 41 513 1
41 38 513 1
59 66 363 1
66 59 363 1
20 21 185 1
21 20 185 1
90 91 735 1
91 90 735 1
49 51 172 1
51 49 172 1
58 60 266 1
60 58 266 1
66 67 177 1
67 66 177 1
74 75 389 1
75 74 389 1
28 74 188 1
74 28 188 1
29 36 705 1
36 29 705 1
36 74 242 1
74 36 242 1
36 73 600 1
73 36 600 1
43 47 146 1
47 43 146 1
29 75 189 1
75 29 189 1
36 38 122 1
38 36 122 1
17 80 1070 1
80 17 1070 1
28 80 329 1
80 28 329 1
28 73 629 1
73 28 629 1
38 72 305 1
72 38 305 1
91 93 118 1
93 91 118 1
58 66 198 1
66 58 198 1
46 55 584 1
55 46 584 1
16 17 998 1
17 16 998 1
72 75 453 1
75 72 453 1
29 38 680 1
38 29 680 1
17 81 182 1
81 17 182 1
20 70 213 1
70 20 213 1
79 81 136 1
81 79 136 1
2 6 165 1
6 2 165 1
38 73 580 1
73 38 580 1
44 45 194 1
45 44 194 1
105 114 152 1
114 105 152 1
90 102 246 1
102 90 246 1
38 40 158 1
40 38 158 1
58 59 496 1
59 58 496 1
36 80 330 1
80 36 330 1
78 81 1002 1
81 78 1002 1
59 67 245 1
67 59 245 1
20 86 362 1
86 20 362 1
38 74 265 1
74 38 265 1
48 49 410 1
49 48 410 1
22 23 140 1
23 22 140 1
20 72 238 1
72 20 238 1
82 86 143 1
86 82 143 1
28 36 321 1
36 28 321 1
14 20 320 1
20 14 320 1
36 40 213 1
40 36 213 1
45 49 111 1
49 45 111 1
80 81 1113 1
81 80 1113 1
14 21 487 1
21 14 487 1
70 71 263 1
71 70 263 1
78 80 116 1
80 78 116 1
72 80 384 1
80 72 384 1
28 75 567 1
75 28 567 1
73 76 450 1
76 73 450 1
28 78 272 1
78 28 272 1
40 41 506 1
41 40 506 1
48 51 548 1
51 48 548 1
15 27 336 1
27 15 336 1
65 67 361 1
67 65 361 1
86 87 805 1
87 86 805 1
50 52 243 1
52 50 243 1
75 76 374 1
76 75 374 1
57 63 249 1
63 57 249 1
61 65 175 1
65 61 175 1
107 115 298 1
115 107 298 1
98 99 479 1
99 98 479 1
38 39 465 1
39 38 465 1
67 101 953 1
101 67 953 1
65 66 537 1
66 65 537 1
62 63 1134 1
63 62 1134 1
70 73 402 1
73 70 402 1
112 113 116 1
113 112 116 1
70 72 158 1
72 70 158 1
104 105 204 1
105 104 204 1
76 77 238 1
77 76 238 1
21 87 397 1
87 21 397 1
66 101 1048 1
101 66 1048 1
74 76 203 1
76 74 203 1
36 78 263 1
78 36 263 1
29 80 961 1
80 29 961 1
38 75 499 1
75 38 499 1
105 115 176 1
115 105 176 1
10 12 181 1
12 10 181 1
101 102 595 1
102 101 595 1
42 53 475 1
53 42 475 1
91 92 669 1
92 91 669 1
59 61 271 1
61 59 271 1
74 80 415 1
80 74 415 1
78 79 878 1
79 78 878 1
61 63 238 1
63 61 238 1
71 73 163 1
73 71 163 1
1 57 172 1
57 1 172 1
14 15 772 1
15 14 772 1
14 86 272 1
86 14 272 1
16 28 220 1
28 16 220 1
36 41 570 1
41 36 570 1
38 54 263 1
54 38 263 1
21 39 356 1
39 21 356 1
40 72 200 1
72 40 200 1
90 92 135 1
92 90 135 1
39 41 161 1
41 39 161 1
42 43 239 1
43 42 239 1
1 63 334 1
63 1 334 1
3 22 347 1
22 3 347 1
59 101 1108 1
101 59 1108 1
6 7 710 1
7 6 710 1
28 38 358 1
38 28 358 1
14 82 179 1
82 14 179 1
40 74 182 1
74 40 182 1
33 81 613 1
81 33 613 1
36 75 517 1
75 36 517 1
36 76 232 1
76 36 232 1
16 81 1063 1
81 16 1063 1
17 29 223 1
29 17 223 1
29 78 851 1
78 29 851 1
48 67 417 1
67 48 417 1
20 38 349 1
38 20 349 1
91 105 371 1
105 91 371 1
40 73 549 1
73 40 549 1
48 91 808 1
91 48 808 1
21 86 520 1
86 21 520 1
29 71 259 1
71 29 259 1
20 74 213 1
74 20 213 1
29 76 555 1
76 29 555 1
66 69 349 1
69 66 349 1
16 36 349 1
36 16 349 1
20 87 562 1
87 20 562 1
22 70 443 1
70 22 443 1
108 113 292 1
113 108 292 1
15 26 469 1
26 15 469 1
20 29 497 1
29 20 497 1
20 73 397 1
73 20 397 1
16 72 287 1
72 16 287 1
49 59 382 1
59 49 382 1
16 29 882 1
29 16 882 1
20 39 459 1
39 20 459 1
54 55 651 1
55 54 651 1
55 96 492 1
96 55 492 1
1 11 394 1
11 1 394 1
90 93 690 1
93 90 690 1
94 115 181 1
115 94 181 1
37 77 246 1
77 37 246 1
66 100 968 1
100 66 968 1
73 80 850 1
80 73 850 1
41 73 204 1
73 41 204 1
46 98 212 1
98 46 212 1
48 90 628 1
90 48 628 1
48 59 599 1
59 48 599 1
71 72 402 1
72 71 402 1
42 55 629 1
55 42 629 1
29 79 257 1
79 29 257 1
44 49 304 1
49 44 304 1
51 52 786 1
52 51 786 1
28 76 345 1
76 28 345 1
41 74 484 1
74 41 484 1
105 107 233 1
107 105 233 1
31 71 265 1
71 31 265 1
79 109 545 1
109 79 545 1
17 79 135 1
79 17 135 1
29 40 655 1
40 29 655 1
70 74 155 1
74 70 155 1
91 103 258 1
103 91 258 1
15 21 348 1
21 15 348 1
46 96 270 1
96 46 270 1
102 103 508 1
103 102 508 1
58 67 368 1
67 58 368 1
8 9 638 1
9 8 638 1
59 91 926 1
91 59 926 1
99 113 264 1
113 99 264 1
72 76 257 1
76 72 257 1
74 78 322 1
78 74 322 1
46 53 547 1
53 46 547 1
103 106 532 1
106 103 532 1
17 78 955 1
78 17 955 1
90 103 653 1
103 90 653 1
92 102 211 1
102 92 211 1
32 79 600 1
79 32 600 1
72 78 300 1
78 72 300 1
100 103 576 1
103 100 576 1
28 40 248 1
40 28 248 1
29 81 342 1
81 29 342 1
48 66 357 1
66 48 357 1
4 5 350 1
5 4 350 1
40 86 262 1
86 40 262 1
59 100 1223 1
100 59 1223 1
99 111 265 1
111 99 265 1
33 79 486 1
79 33 486 1
42 47 281 1
47 42 281 1
32 81 728 1
81 32 728 1
20 28 320 1
28 20 320 1
21 27 209 1
27 21 209 1
32 63 656 1
63 32 656 1
0 60 405 1
60 0 405 1
70 86 500 1
86 70 500 1
101 103 106 1
103 101 106 1
17 28 894 1
28 17 894 1
59 65 304 1
65 59 304 1
69 101 1234 1
101 69 1234 1
11 13 168 1
13 11 168 1
12 13 959 1
13 12 959 1
29 70 512 1
70 29 512 1
71 74 359 1
74 71 359 1
76 79 567 1
79 76 567 1
33 63 547 1
63 33 547 1
41 72 550 1
72 41 550 1
60 63 1021 1
63 60 1021 1
75 78 667 1
78 75 667 1
20 71 311 1
71 20 311 1
52 90 240 1
90 52 240 1
95 108 123 1
108 95 123 1
16 78 122 1
78 16 122 1
22 24 386 1
24 22 386 1
33 77 332 1
77 33 332 1
76 80 424 1
80 76 424 1
108 115 135 1
115 108 135 1
0 56 174 1
56 0 174 1
47 98 442 1
98 47 442 1
76 78 312 1
78 76 312 1
16 74 335 1
74 16 335 1
16 76 379 1
76 16 379 1
48 58 400 1
58 48 400 1
60 66 370 1
66 60 370 1
64 65 897 1
65 64 897 1
91 102 669 1
102 91 669 1
40 87 708 1
87 40 708 1
30 71 303 1
71 30 303 1
60 61 893 1
61 60 893 1
61 66 546 1
66 61 546 1
2 7 566 1
7 2 566 1
21 70 303 1
70 21 303 1
66 103 1026 1
103 66 1026 1
76 81 691 1
81 76 691 1
59 90 1104 1
90 59 1104 1
72 86 399 1
86 72 399 1
43 46 341 1
46 43 341 1
71 75 163 1
75 71 163 1
97 111 292 1
111 97 292 1
28 81 975 1
81 28 975 1
77 79 329 1
79 77 329 1
90 101 719 1
101 90 719 1
4 26 161 1
26 4 161 1
14 27 449 1
27 14 449 1
17 36 828 1
36 17 828 1
16 73 769 1
73 16 769 1
60 62 241 1
62 60 241 1
15 20 521 1
20 15 521 1
73 78 740 1
78 73 740 1
34 35 126 1
35 34 126 1
66 106 937 1
106 66 937 1
37 71 401 1
71 37 401 1
36 81 848 1
81 36 848 1
75 77 210 1
77 75 210 1
106 107 486 1
107 106 486 1
29 41 234 1
41 29 234 1
58 61 717 1
61 58 717 1
20 36 396 1
36 20 396 1
97 108 170 1
108 97 170 1
17 76 648 1
76 17 648 1
37 75 239 1
75 37 239 1
49 65 308 1
65 49 308 1
56 60 232 1
60 56 232 1
57 69 378 1
69 57 378 1
67 91 790 1
91 67 790 1
2 4 569 1
4 2 569 1
17 72 781 1
72 17 781 1
45 51 254 1
51 45 254 1
51 90 888 1
90 51 888 1
34 85 678 1
85 34 678 1
98 111 265 1
111 98 265 1
37 79 267 1
79 37 267 1
59 103 1115 1
103 59 1115 1
28 71 506 1
71 28 506 1
27 87 439 1
87 27 439 1
51 59 486 1
59 51 486 1
28 70 247 1
70 28 247 1
42 44 208 1
44 42 208 1
68 69 164 1
69 68 164 1
3 7 185 1
7 3 185 1
14 87 842 1
87 14 842 1
39 40 508 1
40 39 508 1
14 26 321 1
26 14 321 1
37 73 278 1
73 37 278 1
63 81 293 1
81 63 293 1
1 61 385 1
61 1 385 1
5 15 278 1
15 5 278 1
17 33 512 1
33 17 512 1
67 69 345 1
69 67 345 1
90 106 378 1
106 90 378 1
96 98 184 1
98 96 184 1
32 76 341 1
76 32 341 1
43 44 290 1
44 43 290 1
48 50 202 1
50 48 202 1
56 57 840 1
57 56 840 1
74 81 792 1
81 74 792 1
4 9 500 1
9 4 500 1
57 62 1000 1
62 57 1000 1
91 101 197 1
101 91 197 1
57 61 216 1
61 57 216 1
29 37 304 1
37 29 304 1
36 79 738 1
79 36 738 1
114 115 96 1
115 114 96 1
20 40 225 1
40 20 225 1
35 61 480 1
61 35 480 1
41 75 187 1
75 41 187 1
92 112 325 1
112 92 325 1
48 52 415 1
52 48 415 1
66 91 902 1
91 66 902 1
52 91 777 1
91 52 777 1
51 103 737 1
103 51 737 1
59 102 1214 1
102 59 1214 1
3 23 271 1
23 3 271 1
20 75 348 1
75 20 348 1
91 106 697 1
106 91 697 1
4 27 279 1
27 4 279 1
46 47 309 1
47 46 309 1
67 106 941 1
106 67 941 1
1 13 546 1
13 1 546 1
16 79 934 1
79 16 934 1
92 103 574 1
103 92 574 1
52 53 746 1
53 52 746 1
37 81 336 1
81 37 336 1
58 91 1077 1
91 58 1077 1
3 70 520 1
70 3 520 1
39 87 370 1
87 39 370 1
47 96 412 1
96 47 412 1
3 15 589 1
15 3 589 1
22 25 402 1
25 22 402 1
38 70 414 1
70 38 414 1
41 54 714 1
54 41 714 1
74 79 666 1
79 74 666 1
75 79 318 1
79 75 318 1
19 28 732 1
28 19 732 1
58 100 1047 1
100 58 1047 1
104 114 171 1
114 104 171 1
5 105 1032 1
105 5 1032 1
49 66 437 1
66 49 437 1
59 60 718 1
60 59 718 1
84 85 1130 1
85 84 1130 1
15 87 271 1
87 15 271 1
20 41 386 1
41 20 386 1
93 102 600 1
102 93 600 1
93 112 343 1
112 93 343 1
55 98 606 1
98 55 606 1
17 32 646 1
32 17 646 1
17 73 298 1
73 17 298 1
52 92 317 1
92 52 317 1
33 76 380 1
76 33 380 1
40 75 477 1
75 40 477 1
73 81 406 1
81 73 406 1
50 51 698 1
51 50 698 1
93 103 173 1
103 93 173 1
39 86 698 1
86 39 698 1
42 98 381 1
98 42 381 1
58 65 718 1
65 58 718 1
51 66 580 1
66 51 580 1
49 103 837 1
103 49 837 1
38 76 305 1
76 38 305 1
14 39 770 1
39 14 770 1
72 81 860 1
81 72 860 1
79 80 991 1
80 79 991 1
2 22 228 1
22 2 228 1
28 79 847 1
79 28 847 1
56 58 427 1
58 56 427 1
73 79 296 1
79 73 296 1
48 93 850 1
93 48 850 1
57 110 760 1
110 57 760 1
72 95 570 1
95 72 570 1
74 86 416 1
86 74 416 1
103 104 369 1
104 103 369 1
27 86 519 1
86 27 519 1
37 38 515 1
38 37 515 1
69 100 1235 1
100 69 1235 1
14 70 380 1
70 14 380 1
43 51 245 1
51 43 245 1
52 93 761 1
93 52 761 1
100 101 656 1
101 100 656 1
40 70 311 1
70 40 311 1
44 51 440 1
51 44 440 1
75 81 434 1
81 75 434 1
1 33 355 1
33 1 355 1
27 82 524 1
82 27 524 1
77 81 453 1
81 77 453 1
39 71 417 1
71 39 417 1
72 79 733 1
79 72 733 1
9 24 385 1
24 9 385 1
38 71 546 1
71 38 546 1
36 54 228 1
54 36 228 1
61 67 382 1
67 61 382 1
94 105 354 1
105 94 354 1
21 26 271 1
26 21 271 1
29 39 339 1
39 29 339 1
31 37 658 1
37 31 658 1
32 62 548 1
62 32 548 1
70 75 355 1
75 70 355 1
90 104 351 1
104 90 351 1
69 110 773 1
110 69 773 1
93 101 103 1
101 93 103 1
37 40 562 1
40 37 562 1
36 95 408 1
95 36 408 1
37 76 441 1
76 37 441 1
11 33 518 1
33 11 518 1
38 55 598 1
55 38 598 1
39 72 575 1
72 39 575 1
42 96 429 1
96 42 429 1
48 65 674 1
65 48 674 1
55 75 460 1
75 55 460 1
4 25 258 1
25 4 258 1
20 95 541 1
95 20 541 1
43 96 503 1
96 43 503 1
2 93 1417 1
93 2 1417 1
40 78 376 1
78 40 376 1
103 113 295 1
113 103 295 1
49 90 859 1
90 49 859 1
36 70 395 1
70 36 395 1
17 74 721 1
74 17 721 1
39 70 540 1
70 39 540 1
59 93 1026 1
93 59 1026 1
67 110 507 1
110 67 507 1
23 25 373 1
25 23 373 1
29 95 532 1
95 29 532 1
90 110 460 1
110 90 460 1
48 103 924 1
103 48 924 1
111 113 191 1
113 111 191 1
2 25 585 1
25 2 585 1
10 11 986 1
11 10 986 1
14 72 328 1
72 14 328 1
20 22 544 1
22 20 544 1
25 64 1312 1
64 25 1312 1
40 80 433 1
80 40 433 1
59 69 338 1
69 59 338 1
2 91 1366 1
91 2 1366 1
21 22 558 1
22 21 558 1
37 78 740 1
78 37 740 1
51 53 271 1
53 51 271 1
15 86 825 1
86 15 825 1
36 86 441 1
86 36 441 1
43 45 199 1
45 43 199 1
56 63 1014 1
63 56 1014 1
106 115 278 1
115 106 278 1
2 23 340 1
23 2 340 1
11 77 511 1
77 11 511 1
21 72 388 1
72 21 388 1
15 83 194 1
83 15 194 1
38 86 366 1
86 38 366 1
70 87 695 1
87 70 695 1
49 67 315 1
67 49 315 1
3 27 634 1
27 3 634 1
38 80 426 1
80 38 426 1
49 52 718 1
52 49 718 1
0 10 381 1
10 0 381 1
46 54 354 1
54 46 354 1
58 101 1214 1
101 58 1214 1
75 80 775 1
80 75 775 1
67 102 981 1
102 67 981 1
93 105 305 1
105 93 305 1
48 102 819 1
102 48 819 1
57 60 868 1
60 57 868 1
62 81 1169 1
81 62 1169 1
2 5 685 1
5 2 685 1
13 35 841 1
35 13 841 1
23 24 403 1
24 23 403 1
24 30 283 1
30 24 283 1
32 78 484 1
78 32 484 1
71 76 392 1
76 71 392 1
73 86 744 1
86 73 744 1
4 24 144 1
24 4 144 1
2 27 659 1
27 2 659 1
15 70 606 1
70 15 606 1
16 38 439 1
38 16 439 1
29 86 839 1
86 29 839 1
55 79 394 1
79 55 394 1
67 90 867 1
90 67 867 1
4 88 829 1
88 4 829 1
20 24 393 1
24 20 393 1
33 62 690 1
62 33 690 1
38 78 371 1
78 38 371 1
51 91 505 1
91 51 505 1
78 109 527 1
109 78 527 1
82 87 849 1
87 82 849 1
1 32 484 1
32 1 484 1
41 86 672 1
86 41 672 1
94 114 259 1
114 94 259 1
51 65 287 1
65 51 287 1
108 111 286 1
111 108 286 1
16 75 702 1
75 16 702 1
23 70 494 1
70 23 494 1
24 70 465 1
70 24 465 1
49 91 630 1
91 49 630 1
75 109 462 1
109 75 462 1
91 104 542 1
104 91 542 1
53 55 448 1
55 53 448 1
66 93 972 1
93 66 972 1
1 62 1027 1
62 1 1027 1
20 30 328 1
30 20 328 1
99 108 310 1
108 99 310 1
10 13 1004 1
13 10 1004 1
33 78 590 1
78 33 590 1
97 115 218 1
115 97 218 1
48 101 937 1
101 48 937 1
6 91 1386 1
91 6 1386 1
2 18 379 1
18 2 379 1
13 33 629 1
33 13 629 1
29 55 507 1
55 29 507 1
43 98 522 1
98 43 522 1
73 77 274 1
77 73 274 1
28 41 661 1
41 28 661 1
31 33 517 1
33 31 517 1
2 3 405 1
3 2 405 1
91 112 368 1
112 91 368 1
11 17 224 1
17 11 224 1
21 114 752 1
114 21 752 1
36 71 552 1
71 36 552 1
79 96 717 1
96 79 717 1
90 105 516 1
105 90 516 1
2 26 618 1
26 2 618 1
21 82 511 1
82 21 511 1
39 73 305 1
73 39 305 1
42 54 525 1
54 42 525 1
101 106 633 1
106 101 633 1
105 106 359 1
106 105 359 1
37 41 217 1
41 37 217 1
88 89 1035 1
89 88 1035 1
18 19 147 1
19 18 147 1
21 24 413 1
24 21 413 1
52 112 417 1
112 52 417 1
60 67 538 1
67 60 538 1
95 113 351 1
113 95 351 1
26 82 411 1
82 26 411 1
37 74 520 1
74 37 520 1
82 95 720 1
95 82 720 1
95 114 280 1
114 95 280 1
107 114 333 1
114 107 333 1
20 82 329 1
82 20 329 1
25 30 292 1
30 25 292 1
37 83 399 1
83 37 399 1
67 100 988 1
100 67 988 1
97 109 174 1
109 97 174 1
41 87 263 1
87 41 263 1
32 68 304 1
68 32 304 1
55 73 498 1
73 55 498 1
59 106 1174 1
106 59 1174 1
28 83 861 1
83 28 861 1
99 103 258 1
103 99 258 1
100 102 87 1
102 100 87 1
105 113 210 1
113 105 210 1
32 57 493 1
57 32 493 1
11 31 475 1
31 11 475 1
29 109 610 1
109 29 610 1
55 109 337 1
109 55 337 1
22 71 471 1
71 22 471 1
40 83 731 1
83 40 731 1
45 65 388 1
65 45 388 1
82 105 854 1
105 82 854 1
105 112 319 1
112 105 319 1
28 37 709 1
37 28 709 1
51 102 955 1
102 51 955 1
56 62 252 1
62 56 252 1
17 37 368 1
37 17 368 1
28 39 686 1
39 28 686 1
45 61 513 1
61 45 513 1
95 97 97 1
97 95 97 1
3 18 417 1
18 3 417 1
22 30 218 1
30 22 218 1
60 65 898 1
65 60 898 1
64 88 675 1
88 64 675 1
19 29 673 1
29 19 673 1
32 77 383 1
77 32 383 1
65 101 880 1
101 65 880 1
86 88 460 1
88 86 460 1
0 58 565 1
58 0 565 1
2 24 548 1
24 2 548 1
21 95 510 1
95 21 510 1
28 31 545 1
31 28 545 1
36 37 542 1
37 36 542 1
37 72 595 1
72 37 595 1
54 74 471 1
74 54 471 1
66 102 974 1
102 66 974 1
95 112 395 1
112 95 395 1
22 27 524 1
27 22 524 1
29 31 454 1
31 29 454 1
39 74 501 1
74 39 501 1
98 113 276 1
113 98 276 1
33 37 555 1
37 33 555 1
21 71 214 1
71 21 214 1
53 112 421 1
112 53 421 1
101 110 541 1
110 101 541 1
28 109 610 1
109 28 610 1
63 69 603 1
69 63 603 1
58 103 1188 1
103 58 1188 1
40 82 231 1
82 40 231 1
63 85 364 1
85 63 364 1
86 95 706 1
95 86 706 1
23 105 1262 1
105 23 1262 1
43 53 293 1
53 43 293 1
25 27 193 1
27 25 193 1
93 113 317 1
113 93 317 1
11 37 515 1
37 11 515 1
31 83 561 1
83 31 561 1
33 57 394 1
57 33 394 1
35 60 562 1
60 35 562 1
49 61 452 1
61 49 452 1
72 87 771 1
87 72 771 1
82 113 905 1
113 82 905 1
3 26 678 1
26 3 678 1
15 22 650 1
22 15 650 1
35 63 527 1
63 35 527 1
12 60 825 1
60 12 825 1
66 90 828 1
90 66 828 1
67 93 875 1
93 67 875 1
69 102 1226 1
102 69 1226 1
47 53 268 1
53 47 268 1
54 84 309 1
84 54 309 1
25 26 225 1
26 25 225 1
36 39 517 1
39 36 517 1
47 103 476 1
103 47 476 1
94 107 417 1
107 94 417 1
32 109 589 1
109 32 589 1
44 65 564 1
65 44 564 1
58 106 1039 1
106 58 1039 1
112 114 196 1
114 112 196 1
19 72 678 1
72 19 678 1
29 46 914 1
46 29 914 1
54 73 776 1
73 54 776 1
55 111 434 1
111 55 434 1
30 70 259 1
70 30 259 1
96 97 322 1
97 96 322 1
7 23 337 1
23 7 337 1
31 109 819 1
109 31 819 1
46 108 360 1
108 46 360 1
54 72 501 1
72 54 501 1
54 96 167 1
96 54 167 1
2 92 1350 1
92 2 1350 1
6 93 1425 1
93 6 1425 1
14 38 497 1
38 14 497 1
65 100 1146 1
100 65 1146 1
15 39 506 1
39 15 506 1
19 80 851 1
80 19 851 1
48 92 683 1
92 48 683 1
77 78 550 1
78 77 550 1
78 96 453 1
96 78 453 1
97 99 180 1
99 97 180 1
11 81 403 1
81 11 403 1
13 61 843 1
61 13 843 1
47 111 188 1
111 47 188 1
54 75 692 1
75 54 692 1
73 95 476 1
95 73 476 1
47 102 619 1
102 47 619 1
48 106 864 1
106 48 864 1
60 100 938 1
100 60 938 1
69 106 1139 1
106 69 1139 1
74 87 714 1
87 74 714 1
80 84 162 1
84 80 162 1
102 104 159 1
104 102 159 1
35 45 385 1
45 35 385 1
46 75 767 1
75 46 767 1
62 79 1049 1
79 62 1049 1
23 27 506 1
27 23 506 1
102 106 217 1
106 102 217 1
104 115 184 1
115 104 184 1
49 58 594 1
58 49 594 1
74 77 362 1
77 74 362 1
100 106 280 1
106 100 280 1
113 114 95 1
114 113 95 1
4 14 255 1
14 4 255 1
20 27 271 1
27 20 271 1
28 95 668 1
95 28 668 1
113 115 188 1
115 113 188 1
7 92 1445 1
92 7 1445 1
14 24 389 1
24 14 389 1
46 79 801 1
79 46 801 1
51 100 973 1
100 51 973 1
5 82 673 1
82 5 673 1
14 112 1099 1
112 14 1099 1
43 55 485 1
55 43 485 1
107 108 333 1
108 107 333 1
14 40 342 1
40 14 342 1
82 112 963 1
112 82 963 1
26 105 921 1
105 26 921 1
93 106 650 1
106 93 650 1
6 90 1185 1
90 6 1185 1
43 111 293 1
111 43 293 1
44 46 353 1
46 44 353 1
55 97 173 1
97 55 173 1
58 69 426 1
69 58 426 1
84 88 224 1
88 84 224 1
38 95 382 1
95 38 382 1
60 69 564 1
69 60 564 1
92 101 634 1
101 92 634 1
2 105 1253 1
105 2 1253 1
17 71 423 1
71 17 423 1
31 75 419 1
75 31 419 1
38 87 730 1
87 38 730 1
49 50 585 1
50 49 585 1
58 93 1138 1
93 58 1138 1
67 103 944 1
103 67 944 1
16 40 399 1
40 16 399 1
21 28 487 1
28 21 487 1
21 38 458 1
38 21 458 1
46 109 326 1
109 46 326 1
57 59 382 1
59 57 382 1
64 67 549 1
67 64 549 1
55 76 571 1
76 55 571 1
99 104 430 1
104 99 430 1
18 20 736 1
20 18 736 1
54 98 204 1
98 54 204 1
11 71 374 1
71 11 374 1
11 79 342 1
79 11 342 1
18 70 528 1
70 18 528 1
33 80 703 1
80 33 703 1
63 65 312 1
65 63 312 1
81 109 623 1
109 81 623 1
102 110 495 1
110 102 495 1
69 97 875 1
97 69 875 1
87 88 1035 1
88 87 1035 1
3 21 582 1
21 3 582 1
7 67 937 1
67 7 937 1
11 76 704 1
76 11 704 1
26 86 416 1
86 26 416 1
36 84 341 1
84 36 341 1
38 79 739 1
79 38 739 1
52 103 773 1
103 52 773 1
62 69 736 1
69 62 736 1
6 92 1291 1
92 6 1291 1
18 87 1063 1
87 18 1063 1
26 87 560 1
87 26 560 1
49 102 965 1
102 49 965 1
58 63 892 1
63 58 892 1
62 78 287 1
78 62 287 1
0 12 517 1
12 0 517 1
9 25 252 1
25 9 252 1
14 95 814 1
95 14 814 1
34 64 445 1
64 34 445 1
43 49 240 1
49 43 240 1
47 51 339 1
51 47 339 1
73 87 395 1
87 73 395 1
108 112 335 1
112 108 335 1
104 113 229 1
113 104 229 1
55 74 679 1
74 55 679 1
14 29 801 1
29 14 801 1
28 30 436 1
30 28 436 1
28 86 383 1
86 28 383 1
39 54 618 1
54 39 618 1
49 100 971 1
100 49 971 1
91 100 719 1
100 91 719 1
11 32 663 1
32 11 663 1
16 19 740 1
19 16 740 1
50 58 486 1
58 50 486 1
55 72 755 1
72 55 755 1
63 79 303 1
79 63 303 1
76 84 486 1
84 76 486 1
23 104 1270 1
104 23 1270 1
49 93 719 1
93 49 719 1
74 84 507 1
84 74 507 1
52 102 475 1
102 52 475 1
68 97 933 1
97 68 933 1
36 55 626 1
55 36 626 1
76 85 717 1
85 76 717 1
99 112 272 1
112 99 272 1
108 109 87 1
109 108 87 1
10 76 495 1
76 10 495 1
14 22 562 1
22 14 562 1
29 54 871 1
54 29 871 1
32 80 590 1
80 32 590 1
63 66 706 1
66 63 706 1
95 109 146 1
109 95 146 1
98 108 315 1
108 98 315 1
29 77 357 1
77 29 357 1
42 52 325 1
52 42 325 1
5 14 572 1
14 5 572 1
5 93 1207 1
93 5 1207 1
39 75 260 1
75 39 260 1
41 71 317 1
71 41 317 1
57 66 576 1
66 57 576 1
61 100 1241 1
100 61 1241 1
4 15 597 1
15 4 597 1
19 76 599 1
76 19 599 1
21 29 329 1
29 21 329 1
51 58 753 1
58 51 753 1
74 95 497 1
95 74 497 1
92 105 456 1
105 92 456 1
16 32 504 1
32 16 504 1
25 88 998 1
88 25 998 1
5 6 733 1
6 5 733 1
15 25 386 1
25 15 386 1
15 72 724 1
72 15 724 1
65 69 558 1
69 65 558 1
95 99 272 1
99 95 272 1
7 90 1390 1
90 7 1390 1
30 83 641 1
83 30 641 1
45 48 304 1
48 45 304 1
68 78 695 1
78 68 695 1
40 71 481 1
71 40 481 1
41 80 868 1
80 41 868 1
48 100 791 1
100 48 791 1
59 92 1150 1
92 59 1150 1
6 105 1236 1
105 6 1236 1
16 41 813 1
41 16 813 1
18 114 1134 1
114 18 1134 1
31 73 397 1
73 31 397 1
41 70 482 1
70 41 482 1
57 58 735 1
58 57 735 1
5 21 332 1
21 5 332 1
6 18 473 1
18 6 473 1
11 85 574 1
85 11 574 1
14 28 286 1
28 14 286 1
21 23 542 1
23 21 542 1
41 55 403 1
55 41 403 1
51 67 436 1
67 51 436 1
4 93 1288 1
93 4 1288 1
55 78 841 1
78 55 841 1
82 114 823 1
114 82 823 1
92 113 313 1
113 92 313 1
23 71 443 1
71 23 443 1
35 110 305 1
110 35 305 1
56 66 485 1
66 56 485 1
59 110 728 1
110 59 728 1
30 87 699 1
87 30 699 1
38 46 544 1
46 38 544 1
42 75 840 1
75 42 840 1
45 59 413 1
59 45 413 1
47 55 367 1
55 47 367 1
1 10 979 1
10 1 979 1
24 88 947 1
88 24 947 1
32 85 794 1
85 32 794 1
34 84 580 1
84 34 580 1
56 99 1051 1
99 56 1051 1
91 113 366 1
113 91 366 1
17 31 618 1
31 17 618 1
21 30 349 1
30 21 349 1
31 77 552 1
77 31 552 1
46 95 451 1
95 46 451 1
47 99 231 1
99 47 231 1
53 95 553 1
95 53 553 1
13 17 364 1
17 13 364 1
24 27 252 1
27 24 252 1
37 39 117 1
39 37 117 1
5 25 129 1
25 5 129 1
18 86 1008 1
86 18 1008 1
28 87 873 1
87 28 873 1
44 61 662 1
61 44 662 1
93 100 653 1
100 93 653 1
1 77 531 1
77 1 531 1
22 31 234 1
31 22 234 1
57 67 447 1
67 57 447 1
61 69 456 1
69 61 456 1
68 98 994 1
98 68 994 1
48 105 862 1
105 48 862 1
49 101 814 1
101 49 814 1
58 90 890 1
90 58 890 1
62 80 268 1
80 62 268 1
18 21 751 1
21 18 751 1
40 54 405 1
54 40 405 1
47 90 580 1
90 47 580 1
103 115 322 1
115 103 322 1
35 58 514 1
58 35 514 1
44 55 743 1
55 44 743 1
107 110 468 1
110 107 468 1
3 20 648 1
20 3 648 1
5 115 972 1
115 5 972 1
18 82 891 1
82 18 891 1
27 105 897 1
105 27 897 1
58 107 1147 1
107 58 1147 1
6 67 991 1
67 6 991 1
15 40 725 1
40 15 725 1
19 32 289 1
32 19 289 1
20 54 606 1
54 20 606 1
22 26 505 1
26 22 505 1
37 55 221 1
55 37 221 1
1 17 391 1
17 1 391 1
5 106 957 1
106 5 957 1
16 37 809 1
37 16 809 1
21 41 236 1
41 21 236 1
59 63 501 1
63 59 501 1
80 95 719 1
95 80 719 1
106 110 467 1
110 106 467 1
2 67 952 1
67 2 952 1
24 64 1287 1
64 24 1287 1
68 80 778 1
80 68 778 1
15 24 514 1
24 15 514 1
36 46 482 1
46 36 482 1
46 111 189 1
111 46 189 1
47 110 210 1
110 47 210 1
50 66 475 1
66 50 475 1
46 72 723 1
72 46 723 1
17 77 417 1
77 17 417 1
80 86 567 1
86 80 567 1
82 108 675 1
108 82 675 1
91 99 166 1
99 91 166 1
10 28 213 1
28 10 213 1
13 63 653 1
63 13 653 1
19 68 313 1
68 19 313 1
69 103 1214 1
103 69 1214 1
75 87 423 1
87 75 423 1
111 112 111 1
112 111 111 1
4 91 1276 1
91 4 1276 1
5 112 1217 1
112 5 1217 1
6 26 607 1
26 6 607 1
10 71 639 1
71 10 639 1
46 78 577 1
78 46 577 1
51 93 605 1
93 51 605 1
83 87 158 1
87 83 158 1
104 107 401 1
107 104 401 1
3 87 809 1
87 3 809 1
38 42 697 1
42 38 697 1
54 89 853 1
89 54 853 1
104 112 332 1
112 104 332 1
5 91 1178 1
91 5 1178 1
8 89 1179 1
89 8 1179 1
9 83 411 1
83 9 411 1
29 42 967 1
42 29 967 1
30 75 454 1
75 30 454 1
32 56 384 1
56 32 384 1
37 80 842 1
80 37 842 1
78 98 547 1
98 78 547 1
82 88 444 1
88 82 444 1
95 115 205 1
115 95 205 1
34 60 439 1
60 34 439 1
40 76 327 1
76 40 327 1
103 105 173 1
105 103 173 1
1 35 565 1
35 1 565 1
14 73 703 1
73 14 703 1
21 112 894 1
112 21 894 1
48 60 501 1
60 48 501 1
51 61 458 1
61 51 458 1
63 68 745 1
68 63 745 1
91 107 371 1
107 91 371 1
3 14 804 1
14 3 804 1
14 74 378 1
74 14 378 1
15 28 819 1
28 15 819 1
21 53 1018 1
53 21 1018 1
27 70 417 1
70 27 417 1
62 68 629 1
68 62 629 1
37 109 343 1
109 37 343 1
38 81 841 1
81 38 841 1
81 85 175 1
85 81 175 1
7 22 454 1
22 7 454 1
16 33 609 1
33 16 609 1
46 97 424 1
97 46 424 1
104 108 301 1
108 104 301 1
3 82 903 1
82 3 903 1
76 96 361 1
96 76 361 1
17 75 351 1
75 17 351 1
19 73 625 1
73 19 625 1
23 30 259 1
30 23 259 1
41 78 770 1
78 41 770 1
76 109 320 1
109 76 320 1
7 102 1355 1
102 7 1355 1
28 46 774 1
46 28 774 1
33 109 602 1
109 33 602 1
51 101 699 1
101 51 699 1
59 107 1064 1
107 59 1064 1
70 76 285 1
76 70 285 1
11 63 488 1
63 11 488 1
56 69 542 1
69 56 542 1
91 110 456 1
110 91 456 1
1 110 833 1
110 1 833 1
15 30 522 1
30 15 522 1
31 76 584 1
76 31 584 1
72 109 524 1
109 72 524 1
84 86 610 1
86 84 610 1
21 40 380 1
40 21 380 1
31 32 596 1
32 31 596 1
41 76 493 1
76 41 493 1
66 110 549 1
110 66 549 1
72 84 493 1
84 72 493 1
17 38 824 1
38 17 824 1
20 23 575 1
23 20 575 1
36 82 401 1
82 36 401 1
19 75 628 1
75 19 628 1
21 25 360 1
25 21 360 1
21 74 343 1
74 21 343 1
49 92 871 1
92 49 871 1
57 101 1081 1
101 57 1081 1
58 64 312 1
64 58 312 1
63 110 725 1
110 63 725 1
70 80 524 1
80 70 524 1
70 82 411 1
82 70 411 1
79 85 260 1
85 79 260 1
90 100 182 1
100 90 182 1
3 86 986 1
86 3 986 1
29 30 533 1
30 29 533 1
34 50 475 1
50 34 475 1
36 77 422 1
77 36 422 1
68 108 915 1
108 68 915 1
103 108 420 1
108 103 420 1
1 60 923 1
60 1 923 1
33 35 375 1
35 33 375 1
35 67 262 1
67 35 262 1
43 110 298 1
110 43 298 1
67 107 894 1
107 67 894 1
105 108 296 1
108 105 296 1
17 19 648 1
19 17 648 1
45 47 345 1
47 45 345 1
14 18 837 1
18 14 837 1
16 77 611 1
77 16 611 1
23 114 1244 1
114 23 1244 1
31 70 334 1
70 31 334 1
44 53 562 1
53 44 562 1
53 108 584 1
108 53 584 1
61 101 1003 1
101 61 1003 1
14 36 526 1
36 14 526 1
30 39 678 1
39 30 678 1
31 74 479 1
74 31 479 1
35 59 475 1
59 35 475 1
44 47 404 1
47 44 404 1
28 77 540 1
77 28 540 1
29 32 631 1
32 29 631 1
53 111 406 1
111 53 406 1
64 85 1107 1
85 64 1107 1
107 113 400 1
113 107 400 1
31 79 660 1
79 31 660 1
73 83 298 1
83 73 298 1
86 114 787 1
114 86 787 1
92 106 400 1
106 92 400 1
2 9 760 1
9 2 760 1
15 82 832 1
82 15 832 1
38 77 447 1
77 38 447 1
19 71 541 1
71 19 541 1
20 26 232 1
26 20 232 1
39 82 719 1
82 39 719 1
66 107 978 1
107 66 978 1
91 114 389 1
114 91 389 1
21 73 247 1
73 21 247 1
52 104 543 1
104 52 543 1
70 95 587 1
95 70 587 1
98 103 555 1
103 98 555 1
36 87 808 1
87 36 808 1
42 45 300 1
45 42 300 1
62 109 711 1
109 62 711 1
104 110 417 1
110 104 417 1
4 105 1055 1
105 4 1055 1
24 87 679 1
87 24 679 1
25 70 480 1
70 25 480 1
52 106 576 1
106 52 576 1
23 26 522 1
26 23 522 1
26 112 1094 1
112 26 1094 1
28 55 861 1
55 28 861 1
65 110 634 1
110 65 634 1
7 91 1186 1
91 7 1186 1
29 87 356 1
87 29 356 1
33 68 378 1
68 33 378 1
46 84 530 1
84 46 530 1
53 113 487 1
113 53 487 1
54 76 415 1
76 54 415 1
5 87 460 1
87 5 460 1
17 63 324 1
63 17 324 1
92 100 157 1
100 92 157 1
96 99 428 1
99 96 428 1
3 5 603 1
5 3 603 1
8 13 868 1
13 8 868 1
19 36 821 1
36 19 821 1
52 59 956 1
59 52 956 1
52 105 664 1
105 52 664 1
82 104 748 1
104 82 748 1
94 106 271 1
106 94 271 1
109 111 273 1
111 109 273 1
14 88 613 1
88 14 613 1
38 84 429 1
84 38 429 1
80 82 469 1
82 80 469 1
90 99 615 1
99 90 615 1
97 113 312 1
113 97 312 1
16 70 409 1
70 16 409 1
71 87 510 1
87 71 510 1
72 82 298 1
82 72 298 1
75 85 521 1
85 75 521 1
20 80 604 1
80 20 604 1
82 92 909 1
92 82 909 1
3 71 399 1
71 3 399 1
6 23 465 1
23 6 465 1
66 68 378 1
68 66 378 1
92 104 310 1
104 92 310 1
14 41 702 1
41 14 702 1
29 33 510 1
33 29 510 1
30 73 455 1
73 30 455 1
75 84 839 1
84 75 839 1
94 97 266 1
97 94 266 1
8 24 258 1
24 8 258 1
10 78 335 1
78 10 335 1
37 70 546 1
70 37 546 1
58 110 699 1
110 58 699 1
108 114 218 1
114 108 218 1
2 90 1252 1
90 2 1252 1
17 62 1129 1
62 17 1129 1
39 53 692 1
53 39 692 1
104 106 195 1
106 104 195 1
6 48 1184 1
48 6 1184 1
71 77 297 1
77 71 297 1
75 86 685 1
86 75 685 1
95 105 309 1
105 95 309 1
96 100 371 1
100 96 371 1
19 78 749 1
78 19 749 1
20 31 387 1
31 20 387 1
46 73 842 1
73 46 842 1
1 56 851 1
56 1 851 1
4 83 726 1
83 4 726 1
16 95 729 1
95 16 729 1
29 83 227 1
83 29 227 1
32 34 327 1
34 32 327 1
54 95 438 1
95 54 438 1
55 95 221 1
95 55 221 1
97 98 437 1
98 97 437 1
5 92 1324 1
92 5 1324 1
71 80 755 1
80 71 755 1
19 38 892 1
38 19 892 1
24 86 569 1
86 24 569 1
40 55 690 1
55 40 690 1
55 99 216 1
99 55 216 1
73 109 538 1
109 73 538 1
75 83 351 1
83 75 351 1
85 89 220 1
89 85 220 1
91 115 428 1
115 91 428 1
96 103 531 1
103 96 531 1
19 33 238 1
33 19 238 1
44 48 114 1
48 44 114 1
44 98 563 1
98 44 563 1
47 104 532 1
104 47 532 1
57 81 488 1
81 57 488 1
28 54 527 1
54 28 527 1
52 66 667 1
66 52 667 1
64 101 1142 1
101 64 1142 1
90 112 377 1
112 90 377 1
64 110 621 1
110 64 621 1
4 48 1379 1
48 4 1379 1
6 102 1207 1
102 6 1207 1
23 31 199 1
31 23 199 1
50 65 837 1
65 50 837 1
57 111 890 1
111 57 890 1
63 78 1033 1
78 63 1033 1
71 86 672 1
86 71 672 1
95 111 347 1
111 95 347 1
18 23 573 1
23 18 573 1
19 81 772 1
81 19 772 1
43 103 618 1
103 43 618 1
55 77 412 1
77 55 412 1
64 66 392 1
66 64 392 1
68 84 871 1
84 68 871 1
96 111 286 1
111 96 286 1
2 48 1199 1
48 2 1199 1
35 57 486 1
57 35 486 1
74 83 697 1
83 74 697 1
0 62 386 1
62 0 386 1
2 15 805 1
15 2 805 1
42 51 463 1
51 42 463 1
47 49 380 1
49 47 380 1
79 97 479 1
97 79 479 1
90 107 713 1
107 90 713 1
9 89 869 1
89 9 869 1
22 86 800 1
86 22 800 1
28 84 456 1
84 28 456 1
46 74 677 1
74 46 677 1
49 53 406 1
53 49 406 1
32 69 338 1
69 32 338 1
69 99 970 1
99 69 970 1
6 27 679 1
27 6 679 1
42 73 906 1
73 42 906 1
61 110 719 1
110 61 719 1
12 62 664 1
62 12 664 1
21 105 742 1
105 21 742 1
31 72 482 1
72 31 482 1
34 65 549 1
65 34 549 1
71 83 425 1
83 71 425 1
72 83 754 1
83 72 754 1
73 84 919 1
84 73 919 1
14 114 959 1
114 14 959 1
97 107 263 1
107 97 263 1
13 57 681 1
57 13 681 1
18 112 1158 1
112 18 1158 1
28 33 585 1
33 28 585 1
30 37 688 1
37 30 688 1
34 75 559 1
75 34 559 1
40 95 491 1
95 40 491 1
54 88 224 1
88 54 224 1
57 106 1143 1
106 57 1143 1
65 85 476 1
85 65 476 1
77 80 662 1
80 77 662 1
3 25 566 1
25 3 566 1
15 71 394 1
71 15 394 1
19 74 670 1
74 19 670 1
24 89 1045 1
89 24 1045 1
39 95 233 1
95 39 233 1
50 90 473 1
90 50 473 1
60 101 1230 1
101 60 1230 1
102 107 560 1
107 102 560 1
14 83 858 1
83 14 858 1
34 63 642 1
63 34 642 1
36 98 402 1
98 36 402 1
7 18 581 1
18 7 581 1
7 48 1293 1
48 7 1293 1
7 105 1186 1
105 7 1186 1
8 45 1422 1
45 8 1422 1
17 109 666 1
109 17 666 1
28 32 528 1
32 28 528 1
78 83 999 1
83 78 999 1
6 22 333 1
22 6 333 1
1 81 501 1
81 1 501 1
23 86 866 1
86 23 866 1
29 84 1027 1
84 29 1027 1
32 75 514 1
75 32 514 1
44 63 803 1
63 44 803 1
56 61 920 1
61 56 920 1
63 77 536 1
77 63 536 1
84 98 455 1
98 84 455 1
16 39 805 1
39 16 805 1
45 90 767 1
90 45 767 1
46 99 446 1
99 46 446 1
62 97 881 1
97 62 881 1
77 109 318 1
109 77 318 1
0 1 800 1
1 0 800 1
1 76 689 1
76 1 689 1
20 25 402 1
25 20 402 1
20 88 611 1
88 20 611 1
33 73 444 1
73 33 444 1
77 96 456 1
96 77 456 1
12 100 1084 1
100 12 1084 1
13 81 530 1
81 13 530 1
14 23 650 1
23 14 650 1
15 29 295 1
29 15 295 1
24 26 201 1
26 24 201 1
31 81 775 1
81 31 775 1
44 100 799 1
100 44 799 1
53 98 671 1
98 53 671 1
55 108 332 1
108 55 332 1
68 113 1115 1
113 68 1115 1
79 95 480 1
95 79 480 1
13 32 767 1
32 13 767 1
30 74 403 1
74 30 403 1
44 66 318 1
66 44 318 1
16 82 421 1
82 16 421 1
17 57 439 1
57 17 439 1
50 59 774 1
59 50 774 1
50 60 475 1
60 50 475 1
80 109 607 1
109 80 607 1
106 113 395 1
113 106 395 1
19 31 589 1
31 19 589 1
42 111 258 1
111 42 258 1
54 79 860 1
79 54 860 1
68 99 1044 1
99 68 1044 1
98 112 277 1
112 98 277 1
17 95 598 1
95 17 598 1
30 109 796 1
109 30 796 1
5 7 538 1
7 5 538 1
20 42 954 1
42 20 954 1
33 61 545 1
61 33 545 1
40 81 874 1
81 40 874 1
48 110 500 1
110 48 500 1
50 91 845 1
91 50 845 1
67 92 922 1
92 67 922 1
5 107 867 1
107 5 867 1
13 71 401 1
71 13 401 1
16 71 654 1
71 16 654 1
18 27 862 1
27 18 862 1
45 53 435 1
53 45 435 1
66 113 829 1
113 66 829 1
77 83 539 1
83 77 539 1
52 113 478 1
113 52 478 1
58 99 956 1
99 58 956 1
61 62 1047 1
62 61 1047 1
5 86 673 1
86 5 673 1
23 82 788 1
82 23 788 1
27 83 450 1
83 27 450 1
33 85 703 1
85 33 703 1
38 82 362 1
82 38 362 1
46 76 517 1
76 46 517 1
89 100 936 1
100 89 936 1
98 104 286 1
104 98 286 1
1 12 1022 1
12 1 1022 1
4 82 403 1
82 4 403 1
5 48 1432 1
48 5 1432 1
10 83 1031 1
83 10 1031 1
31 39 657 1
39 31 657 1
36 68 821 1
68 36 821 1
78 84 235 1
84 78 235 1
91 94 561 1
94 91 561 1
93 99 208 1
99 93 208 1
103 112 375 1
112 103 375 1
3 83 681 1
83 3 681 1
26 88 791 1
88 26 791 1
33 69 363 1
69 33 363 1
44 52 464 1
52 44 464 1
51 99 497 1
99 51 497 1
69 96 887 1
96 69 887 1
35 66 331 1
66 35 331 1
35 100 802 1
100 35 802 1
41 79 379 1
79 41 379 1
42 72 843 1
72 42 843 1
52 98 272 1
98 52 272 1
71 78 647 1
78 71 647 1
74 109 457 1
109 74 457 1
12 78 490 1
78 12 490 1
57 65 374 1
65 57 374 1
75 95 407 1
95 75 407 1
96 108 167 1
108 96 167 1
1 59 541 1
59 1 541 1
9 14 725 1
14 9 725 1
46 86 899 1
86 46 899 1
66 92 904 1
92 66 904 1
68 96 891 1
96 68 891 1
72 77 430 1
77 72 430 1
82 93 1124 1
93 82 1124 1
103 107 239 1
107 103 239 1
32 37 626 1
37 32 626 1
33 75 426 1
75 33 426 1
13 77 608 1
77 13 608 1
63 97 673 1
97 63 673 1
15 23 561 1
23 15 561 1
49 57 619 1
57 49 619 1
67 105 903 1
105 67 903 1
34 61 571 1
61 34 571 1
51 92 878 1
92 51 878 1
70 83 652 1
83 70 652 1
0 78 431 1
78 0 431 1
18 24 845 1
24 18 845 1
33 96 703 1
96 33 703 1
40 79 762 1
79 40 762 1
