116 2668
60 61 893 1
61 60 893 1
29 72 629 1
72 29 629 1
74 76 203 1
76 74 203 1
62 63 1134 1
63 62 1134 1
16 62 313 1
62 16 313 1
2 6 165 1
6 2 165 1
73 74 458 1
74 73 458 1
42 46 173 1
46 42 173 1
82 87 849 1
87 82 849 1
44 45 194 1
45 44 194 1
61 63 238 1
63 61 238 1
42 43 239 1
43 42 239 1
5 9 157 1
9 5 157 1
44 49 304 1
49 44 304 1
78 81 1002 1
81 78 1002 1
80 81 1113 1
81 80 1113 1
17 29 223 1
29 17 223 1
58 60 266 1
60 58 266 1
76 77 238 1
77 76 238 1
17 63 324 1
63 17 324 1
28 72 116 1
72 28 116 1
72 74 76 1
74 72 76 1
30 31 127 1
31 30 127 1
82 86 143 1
86 82 143 1
62 78 287 1
78 62 287 1
84 85 1130 1
85 84 1130 1
17 79 135 1
79 17 135 1
86 87 805 1
87 86 805 1
72 73 517 1
73 72 517 1
100 102 87 1
102 100 87 1
73 75 84 1
75 73 84 1
43 49 240 1
49 43 240 1
17 78 955 1
78 17 955 1
24 25 135 1
25 24 135 1
80 84 162 1
84 80 162 1
12 14 278 1
14 12 278 1
68 69 164 1
69 68 164 1
59 61 271 1
61 59 271 1
95 108 123 1
108 95 123 1
49 51 172 1
51 49 172 1
78 79 878 1
79 78 878 1
6 7 710 1
7 6 710 1
73 76 450 1
76 73 450 1
5 8 493 1
8 5 493 1
58 59 496 1
59 58 496 1
17 72 781 1
72 17 781 1
16 17 998 1
17 16 998 1
43 47 146 1
47 43 146 1
16 78 122 1
78 16 122 1
60 63 1021 1
63 60 1021 1
52 53 746 1
53 52 746 1
59 60 718 1
60 59 718 1
10 86 544 1
86 10 544 1
17 62 1129 1
62 17 1129 1
71 75 163 1
75 71 163 1
99 111 265 1
111 99 265 1
4 6 536 1
6 4 536 1
55 96 492 1
96 55 492 1
46 51 585 1
51 46 585 1
50 52 243 1
52 50 243 1
104 105 204 1
105 104 204 1
52 90 240 1
90 52 240 1
16 79 934 1
79 16 934 1
78 80 116 1
80 78 116 1
16 63 1092 1
63 16 1092 1
43 51 245 1
51 43 245 1
28 29 741 1
29 28 741 1
1 57 172 1
57 1 172 1
70 71 263 1
71 70 263 1
57 79 431 1
79 57 431 1
50 53 744 1
53 50 744 1
2 4 569 1
4 2 569 1
62 81 1169 1
81 62 1169 1
63 78 1033 1
78 63 1033 1
70 73 402 1
73 70 402 1
111 112 111 1
112 111 111 1
45 49 111 1
49 45 111 1
33 35 375 1
35 33 375 1
52 54 402 1
54 52 402 1
19 69 323 1
69 19 323 1
51 53 271 1
53 51 271 1
13 15 277 1
15 13 277 1
74 75 389 1
75 74 389 1
75 76 374 1
76 75 374 1
99 112 272 1
112 99 272 1
8 15 741 1
15 8 741 1
10 82 401 1
82 10 401 1
47 110 210 1
110 47 210 1
0 1 800 1
1 0 800 1
0 10 381 1
10 0 381 1
4 9 500 1
9 4 500 1
29 63 531 1
63 29 531 1
42 47 281 1
47 42 281 1
46 47 309 1
47 46 309 1
8 9 638 1
9 8 638 1
54 98 204 1
98 54 204 1
75 77 210 1
77 75 210 1
103 105 173 1
105 103 173 1
69 103 1214 1
103 69 1214 1
70 75 355 1
75 70 355 1
10 84 516 1
84 10 516 1
58 61 717 1
61 58 717 1
0 56 174 1
56 0 174 1
4 8 148 1
8 4 148 1
36 38 122 1
38 36 122 1
43 46 341 1
46 43 341 1
101 102 595 1
102 101 595 1
39 97 289 1
97 39 289 1
16 57 981 1
57 16 981 1
17 28 894 1
28 17 894 1
62 79 1049 1
79 62 1049 1
79 81 136 1
81 79 136 1
71 73 163 1
73 71 163 1
90 98 163 1
98 90 163 1
14 15 772 1
15 14 772 1
18 19 147 1
19 18 147 1
52 89 1027 1
89 52 1027 1
15 65 1052 1
65 15 1052 1
32 33 149 1
33 32 149 1
72 76 257 1
76 72 257 1
112 115 269 1
115 112 269 1
4 15 597 1
15 4 597 1
38 54 263 1
54 38 263 1
54 90 282 1
90 54 282 1
70 76 285 1
76 70 285 1
112 113 116 1
113 112 116 1
94 95 213 1
95 94 213 1
53 90 787 1
90 53 787 1
70 74 155 1
74 70 155 1
9 15 219 1
15 9 219 1
42 51 463 1
51 42 463 1
51 55 568 1
55 51 568 1
63 79 303 1
79 63 303 1
72 79 733 1
79 72 733 1
28 63 1049 1
63 28 1049 1
52 98 272 1
98 52 272 1
94 108 97 1
108 94 97 1
99 108 310 1
108 99 310 1
114 115 96 1
115 114 96 1
47 51 339 1
51 47 339 1
57 78 938 1
78 57 938 1
45 67 282 1
67 45 282 1
47 49 380 1
49 47 380 1
72 75 453 1
75 72 453 1
1 89 788 1
89 1 788 1
57 62 1000 1
62 57 1000 1
93 101 103 1
101 93 103 1
13 61 843 1
61 13 843 1
36 76 232 1
76 36 232 1
29 73 113 1
73 29 113 1
29 78 851 1
78 29 851 1
35 45 385 1
45 35 385 1
16 28 220 1
28 16 220 1
16 72 287 1
72 16 287 1
43 55 485 1
55 43 485 1
53 54 818 1
54 53 818 1
66 103 1026 1
103 66 1026 1
97 108 170 1
108 97 170 1
92 100 157 1
100 92 157 1
0 18 364 1
18 0 364 1
6 15 884 1
15 6 884 1
10 87 1058 1
87 10 1058 1
59 63 501 1
63 59 501 1
16 80 152 1
80 16 152 1
46 53 547 1
53 46 547 1
62 80 268 1
80 62 268 1
101 103 106 1
103 101 106 1
97 109 174 1
109 97 174 1
2 7 566 1
7 2 566 1
16 81 1063 1
81 16 1063 1
30 71 303 1
71 30 303 1
96 110 214 1
110 96 214 1
5 26 263 1
26 5 263 1
74 77 362 1
77 74 362 1
43 44 290 1
44 43 290 1
46 50 303 1
50 46 303 1
71 77 297 1
77 71 297 1
0 86 874 1
86 0 874 1
13 60 1245 1
60 13 1245 1
97 99 180 1
99 97 180 1
48 51 548 1
51 48 548 1
29 61 711 1
61 29 711 1
50 51 698 1
51 50 698 1
94 97 266 1
97 94 266 1
91 92 669 1
92 91 669 1
100 101 656 1
101 100 656 1
61 62 1047 1
62 61 1047 1
28 60 684 1
60 28 684 1
70 77 376 1
77 70 376 1
102 104 159 1
104 102 159 1
46 55 584 1
55 46 584 1
76 79 567 1
79 76 567 1
3 7 185 1
7 3 185 1
9 26 419 1
26 9 419 1
36 81 848 1
81 36 848 1
105 115 176 1
115 105 176 1
17 81 182 1
81 17 182 1
49 55 664 1
55 49 664 1
63 72 944 1
72 63 944 1
91 93 118 1
93 91 118 1
20 24 393 1
24 20 393 1
90 91 735 1
91 90 735 1
18 83 953 1
83 18 953 1
99 115 285 1
115 99 285 1
34 35 126 1
35 34 126 1
83 101 854 1
101 83 854 1
85 89 220 1
89 85 220 1
0 16 380 1
16 0 380 1
73 77 274 1
77 73 274 1
30 70 259 1
70 30 259 1
45 65 388 1
65 45 388 1
74 79 666 1
79 74 666 1
94 96 89 1
96 94 89 1
108 109 87 1
109 108 87 1
4 5 350 1
5 4 350 1
6 8 485 1
8 6 485 1
29 62 1067 1
62 29 1067 1
37 38 515 1
38 37 515 1
84 87 1148 1
87 84 1148 1
108 111 286 1
111 108 286 1
36 37 542 1
37 36 542 1
82 84 544 1
84 82 544 1
14 30 414 1
30 14 414 1
20 25 402 1
25 20 402 1
47 55 367 1
55 47 367 1
19 83 893 1
83 19 893 1
28 62 527 1
62 28 527 1
46 110 220 1
110 46 220 1
2 8 554 1
8 2 554 1
36 79 738 1
79 36 738 1
57 81 488 1
81 57 488 1
105 114 152 1
114 105 152 1
111 115 269 1
115 111 269 1
95 99 272 1
99 95 272 1
5 15 278 1
15 5 278 1
28 61 1076 1
61 28 1076 1
92 93 608 1
93 92 608 1
70 72 158 1
72 70 158 1
1 16 963 1
16 1 963 1
6 13 864 1
13 6 864 1
36 41 570 1
41 36 570 1
39 115 411 1
115 39 411 1
55 99 216 1
99 55 216 1
17 73 298 1
73 17 298 1
72 78 300 1
78 72 300 1
95 109 146 1
109 95 146 1
42 48 243 1
48 42 243 1
34 45 409 1
45 34 409 1
58 63 892 1
63 58 892 1
91 99 166 1
99 91 166 1
4 7 733 1
7 4 733 1
7 13 237 1
13 7 237 1
57 76 691 1
76 57 691 1
57 80 1050 1
80 57 1050 1
10 12 181 1
12 10 181 1
16 29 882 1
29 16 882 1
105 107 233 1
107 105 233 1
29 60 1067 1
60 29 1067 1
55 97 173 1
97 55 173 1
6 33 588 1
33 6 588 1
22 23 140 1
23 22 140 1
36 78 263 1
78 36 263 1
43 45 199 1
45 43 199 1
100 103 576 1
103 100 576 1
107 115 298 1
115 107 298 1
28 78 272 1
78 28 272 1
11 71 374 1
71 11 374 1
17 57 439 1
57 17 439 1
95 111 347 1
111 95 347 1
1 85 630 1
85 1 630 1
13 29 290 1
29 13 290 1
25 70 480 1
70 25 480 1
38 39 465 1
39 38 465 1
95 97 97 1
97 95 97 1
29 79 257 1
79 29 257 1
28 74 188 1
74 28 188 1
37 39 117 1
39 37 117 1
48 49 410 1
49 48 410 1
3 23 271 1
23 3 271 1
12 13 959 1
13 12 959 1
31 71 265 1
71 31 265 1
42 110 303 1
110 42 303 1
15 48 1360 1
48 15 1360 1
42 49 396 1
49 42 396 1
5 67 1194 1
67 5 1194 1
29 74 571 1
74 29 571 1
32 41 693 1
41 32 693 1
85 87 616 1
87 85 616 1
11 23 552 1
23 11 552 1
13 59 1042 1
59 13 1042 1
22 50 1336 1
50 22 1336 1
60 62 241 1
62 60 241 1
81 84 1146 1
84 81 1146 1
96 99 428 1
99 96 428 1
50 54 543 1
54 50 543 1
104 107 401 1
107 104 401 1
24 70 465 1
70 24 465 1
103 104 369 1
104 103 369 1
12 15 906 1
15 12 906 1
35 44 409 1
44 35 409 1
57 74 830 1
74 57 830 1
27 50 1279 1
50 27 1279 1
57 63 249 1
63 57 249 1
8 24 258 1
24 8 258 1
4 26 161 1
26 4 161 1
27 67 1105 1
67 27 1105 1
94 99 399 1
99 94 399 1
19 88 1069 1
88 19 1069 1
46 48 368 1
48 46 368 1
62 72 566 1
72 62 566 1
66 67 177 1
67 66 177 1
4 13 743 1
13 4 743 1
29 40 655 1
40 29 655 1
58 101 1214 1
101 58 1214 1
79 80 991 1
80 79 991 1
36 74 242 1
74 36 242 1
54 68 945 1
68 54 945 1
96 97 322 1
97 96 322 1
17 80 1070 1
80 17 1070 1
18 68 315 1
68 18 315 1
50 85 1013 1
85 50 1013 1
7 35 816 1
35 7 816 1
36 80 330 1
80 36 330 1
97 115 218 1
115 97 218 1
38 94 246 1
94 38 246 1
95 115 205 1
115 95 205 1
67 103 944 1
103 67 944 1
17 74 721 1
74 17 721 1
58 66 198 1
66 58 198 1
0 82 741 1
82 0 741 1
1 10 979 1
10 1 979 1
19 68 313 1
68 19 313 1
22 25 402 1
25 22 402 1
56 86 911 1
86 56 911 1
94 109 127 1
109 94 127 1
28 79 847 1
79 28 847 1
36 72 276 1
72 36 276 1
50 90 473 1
90 50 473 1
71 76 392 1
76 71 392 1
23 31 199 1
31 23 199 1
16 56 380 1
56 16 380 1
14 86 272 1
86 14 272 1
7 15 461 1
15 7 461 1
22 24 386 1
24 22 386 1
43 48 391 1
48 43 391 1
6 48 1184 1
48 6 1184 1
16 74 335 1
74 16 335 1
5 7 538 1
7 5 538 1
12 82 376 1
82 12 376 1
93 99 208 1
99 93 208 1
16 86 543 1
86 16 543 1
43 110 298 1
110 43 298 1
54 89 853 1
89 54 853 1
59 62 914 1
62 59 914 1
59 103 1115 1
103 59 1115 1
98 112 277 1
112 98 277 1
97 111 292 1
111 97 292 1
3 31 315 1
31 3 315 1
45 110 453 1
110 45 453 1
63 81 293 1
81 63 293 1
81 83 446 1
83 81 446 1
93 100 653 1
100 93 653 1
1 62 1027 1
62 1 1027 1
8 48 1406 1
48 8 1406 1
30 72 390 1
72 30 390 1
40 72 200 1
72 40 200 1
47 96 412 1
96 47 412 1
5 65 1232 1
65 5 1232 1
31 33 517 1
33 31 517 1
12 86 512 1
86 12 512 1
58 103 1188 1
103 58 1188 1
97 110 221 1
110 97 221 1
46 90 324 1
90 46 324 1
55 94 428 1
94 55 428 1
80 87 1107 1
87 80 1107 1
97 112 339 1
112 97 339 1
7 65 934 1
65 7 934 1
10 56 466 1
56 10 466 1
0 57 825 1
57 0 825 1
39 104 557 1
104 39 557 1
94 111 316 1
111 94 316 1
1 77 531 1
77 1 531 1
62 83 1241 1
83 62 1241 1
5 24 252 1
24 5 252 1
12 28 275 1
28 12 275 1
18 88 1010 1
88 18 1010 1
37 40 562 1
40 37 562 1
42 50 271 1
50 42 271 1
59 101 1108 1
101 59 1108 1
107 113 400 1
113 107 400 1
34 67 275 1
67 34 275 1
32 36 555 1
36 32 555 1
105 113 210 1
113 105 210 1
9 11 523 1
11 9 523 1
20 21 185 1
21 20 185 1
28 75 567 1
75 28 567 1
66 69 349 1
69 66 349 1
91 105 371 1
105 91 371 1
5 48 1432 1
48 5 1432 1
10 85 1188 1
85 10 1188 1
46 96 270 1
96 46 270 1
72 80 384 1
80 72 384 1
14 82 179 1
82 14 179 1
39 112 619 1
112 39 619 1
112 114 196 1
114 112 196 1
4 48 1379 1
48 4 1379 1
27 89 807 1
89 27 807 1
36 77 422 1
77 36 422 1
37 97 271 1
97 37 271 1
44 48 114 1
48 44 114 1
93 108 478 1
108 93 478 1
20 70 213 1
70 20 213 1
41 73 204 1
73 41 204 1
21 65 973 1
65 21 973 1
102 103 508 1
103 102 508 1
47 48 490 1
48 47 490 1
84 86 610 1
86 84 610 1
17 61 534 1
61 17 534 1
20 75 348 1
75 20 348 1
100 104 240 1
104 100 240 1
19 103 1259 1
103 19 1259 1
38 96 284 1
96 38 284 1
39 94 407 1
94 39 407 1
52 68 984 1
68 52 984 1
69 91 1081 1
91 69 1081 1
94 110 220 1
110 94 220 1
100 105 430 1
105 100 430 1
36 54 228 1
54 36 228 1
42 53 475 1
53 42 475 1
96 108 167 1
108 96 167 1
7 33 515 1
33 7 515 1
42 44 208 1
44 42 208 1
8 65 1425 1
65 8 1425 1
18 89 1085 1
89 18 1085 1
7 9 490 1
9 7 490 1
113 115 188 1
115 113 188 1
10 14 380 1
14 10 380 1
22 30 218 1
30 22 218 1
46 49 541 1
49 46 541 1
53 55 448 1
55 53 448 1
1 52 1206 1
52 1 1206 1
9 20 557 1
20 9 557 1
12 30 419 1
30 12 419 1
33 41 611 1
41 33 611 1
53 89 552 1
89 53 552 1
33 58 627 1
58 33 627 1
38 40 158 1
40 38 158 1
43 96 503 1
96 43 503 1
27 110 890 1
110 27 890 1
28 73 629 1
73 28 629 1
52 57 1117 1
57 52 1117 1
55 110 380 1
110 55 380 1
63 80 1146 1
80 63 1146 1
91 108 473 1
108 91 473 1
36 57 914 1
57 36 914 1
73 79 296 1
79 73 296 1
13 28 892 1
28 13 892 1
53 85 491 1
85 53 491 1
66 100 968 1
100 66 968 1
97 114 263 1
114 97 263 1
57 77 533 1
77 57 533 1
59 107 1064 1
107 59 1064 1
65 67 361 1
67 65 361 1
16 61 1070 1
61 16 1070 1
29 75 189 1
75 29 189 1
17 60 1082 1
60 17 1082 1
20 44 1027 1
44 20 1027 1
20 73 397 1
73 20 397 1
33 60 632 1
60 33 632 1
38 97 469 1
97 38 469 1
98 111 265 1
111 98 265 1
7 31 345 1
31 7 345 1
93 111 397 1
111 93 397 1
56 57 840 1
57 56 840 1
80 82 469 1
82 80 469 1
20 30 328 1
30 20 328 1
40 73 549 1
73 40 549 1
67 110 507 1
110 67 507 1
5 47 1154 1
47 5 1154 1
25 64 1312 1
64 25 1312 1
39 105 458 1
105 39 458 1
80 86 567 1
86 80 567 1
5 11 579 1
11 5 579 1
5 20 424 1
20 5 424 1
56 62 252 1
62 56 252 1
65 115 847 1
115 65 847 1
100 114 352 1
114 100 352 1
13 48 1332 1
48 13 1332 1
24 64 1287 1
64 24 1287 1
25 30 292 1
30 25 292 1
30 73 455 1
73 30 455 1
53 98 671 1
98 53 671 1
109 110 135 1
110 109 135 1
0 89 1205 1
89 0 1205 1
21 49 1063 1
49 21 1063 1
23 25 373 1
25 23 373 1
71 72 402 1
72 71 402 1
30 75 454 1
75 30 454 1
23 92 1466 1
92 23 1466 1
47 67 492 1
67 47 492 1
67 92 922 1
92 67 922 1
90 113 376 1
113 90 376 1
5 21 332 1
21 5 332 1
33 61 545 1
61 33 545 1
27 113 1016 1
113 27 1016 1
39 55 254 1
55 39 254 1
10 80 357 1
80 10 357 1
94 115 181 1
115 94 181 1
20 26 232 1
26 20 232 1
21 44 1047 1
44 21 1047 1
35 67 262 1
67 35 262 1
12 48 1186 1
48 12 1186 1
25 50 1404 1
50 25 1404 1
57 73 601 1
73 57 601 1
67 100 988 1
100 67 988 1
81 85 175 1
85 81 175 1
6 60 799 1
60 6 799 1
21 45 1031 1
45 21 1031 1
63 83 697 1
83 63 697 1
81 87 551 1
87 81 551 1
17 76 648 1
76 17 648 1
28 30 436 1
30 28 436 1
30 40 513 1
40 30 513 1
82 89 1043 1
89 82 1043 1
91 113 366 1
113 91 366 1
16 73 769 1
73 16 769 1
60 72 692 1
72 60 692 1
61 72 984 1
72 61 984 1
27 85 894 1
85 27 894 1
0 62 386 1
62 0 386 1
1 76 689 1
76 1 689 1
4 14 255 1
14 4 255 1
28 80 329 1
80 28 329 1
57 89 760 1
89 57 760 1
69 101 1234 1
101 69 1234 1
71 74 359 1
74 71 359 1
101 111 463 1
111 101 463 1
20 29 497 1
29 20 497 1
22 64 1169 1
64 22 1169 1
32 66 416 1
66 32 416 1
74 78 322 1
78 74 322 1
97 105 299 1
105 97 299 1
104 113 229 1
113 104 229 1
13 58 1244 1
58 13 1244 1
30 44 1163 1
44 30 1163 1
74 80 415 1
80 74 415 1
98 99 479 1
99 98 479 1
46 98 212 1
98 46 212 1
58 62 503 1
62 58 503 1
91 103 258 1
103 91 258 1
18 101 1348 1
101 18 1348 1
36 40 213 1
40 36 213 1
56 78 391 1
78 56 391 1
82 85 1121 1
85 82 1121 1
7 67 937 1
67 7 937 1
68 89 1110 1
89 68 1110 1
91 112 368 1
112 91 368 1
41 83 252 1
83 41 252 1
53 91 265 1
91 53 265 1
0 87 1191 1
87 0 1191 1
16 60 498 1
60 16 498 1
19 33 238 1
33 19 238 1
28 82 255 1
82 28 255 1
38 55 598 1
55 38 598 1
56 80 431 1
80 56 431 1
18 56 478 1
56 18 478 1
23 64 1238 1
64 23 1238 1
27 88 863 1
88 27 863 1
37 85 343 1
85 37 343 1
62 101 1225 1
101 62 1225 1
31 35 790 1
35 31 790 1
44 65 564 1
65 44 564 1
95 105 309 1
105 95 309 1
104 115 184 1
115 104 184 1
95 107 258 1
107 95 258 1
99 113 264 1
113 99 264 1
31 44 1185 1
44 31 1185 1
107 114 333 1
114 107 333 1
2 15 805 1
15 2 805 1
8 20 420 1
20 8 420 1
7 45 1151 1
45 7 1151 1
9 65 1235 1
65 9 1235 1
2 64 992 1
64 2 992 1
12 22 481 1
22 12 481 1
39 113 565 1
113 39 565 1
107 112 482 1
112 107 482 1
1 18 493 1
18 1 493 1
16 82 421 1
82 16 421 1
28 83 861 1
83 28 861 1
63 101 920 1
101 63 920 1
91 97 336 1
97 91 336 1
104 114 171 1
114 104 171 1
63 73 569 1
73 63 569 1
68 101 1309 1
101 68 1309 1
21 26 271 1
26 21 271 1
22 53 1432 1
53 22 1432 1
37 73 278 1
73 37 278 1
44 47 404 1
47 44 404 1
57 84 1116 1
84 57 1116 1
1 79 428 1
79 1 428 1
13 72 796 1
72 13 796 1
46 111 189 1
111 46 189 1
50 89 1065 1
89 50 1065 1
6 35 860 1
35 6 860 1
19 23 597 1
23 19 597 1
46 54 354 1
54 46 354 1
88 89 1035 1
89 88 1035 1
34 110 327 1
110 34 327 1
56 81 1090 1
81 56 1090 1
67 69 345 1
69 67 345 1
82 83 881 1
83 82 881 1
93 97 371 1
97 93 371 1
26 51 1298 1
51 26 1298 1
29 59 896 1
59 29 896 1
68 103 1277 1
103 68 1277 1
102 114 295 1
114 102 295 1
14 49 1337 1
49 14 1337 1
39 114 488 1
114 39 488 1
36 68 821 1
68 36 821 1
25 45 1358 1
45 25 1358 1
51 52 786 1
52 51 786 1
9 13 376 1
13 9 376 1
80 85 1121 1
85 80 1121 1
90 112 377 1
112 90 377 1
28 57 964 1
57 28 964 1
10 16 218 1
16 10 218 1
11 75 388 1
75 11 388 1
19 101 1295 1
101 19 1295 1
29 30 533 1
30 29 533 1
54 55 651 1
55 54 651 1
57 72 874 1
72 57 874 1
91 100 719 1
100 91 719 1
91 115 428 1
115 91 428 1
108 110 194 1
110 108 194 1
23 91 1352 1
91 23 1352 1
45 47 345 1
47 45 345 1
2 30 317 1
30 2 317 1
64 65 897 1
65 64 897 1
97 113 312 1
113 97 312 1
3 22 347 1
22 3 347 1
53 86 1248 1
86 53 1248 1
14 22 562 1
22 14 562 1
16 87 1049 1
87 16 1049 1
37 79 267 1
79 37 267 1
96 109 176 1
109 96 176 1
1 84 1139 1
84 1 1139 1
36 73 600 1
73 36 600 1
76 78 312 1
78 76 312 1
88 92 521 1
92 88 521 1
0 12 517 1
12 0 517 1
66 102 974 1
102 66 974 1
103 107 239 1
107 103 239 1
113 114 95 1
114 113 95 1
20 40 225 1
40 20 225 1
27 105 897 1
105 27 897 1
29 81 342 1
81 29 342 1
32 58 511 1
58 32 511 1
56 68 408 1
68 56 408 1
72 81 860 1
81 72 860 1
79 98 871 1
98 79 871 1
25 71 434 1
71 25 434 1
30 64 1064 1
64 30 1064 1
61 101 1003 1
101 61 1003 1
94 113 328 1
113 94 328 1
2 23 340 1
23 2 340 1
5 25 129 1
25 5 129 1
18 36 784 1
36 18 784 1
41 74 484 1
74 41 484 1
44 110 439 1
110 44 439 1
63 74 885 1
74 63 885 1
69 105 1158 1
105 69 1158 1
15 26 469 1
26 15 469 1
20 72 238 1
72 20 238 1
32 56 384 1
56 32 384 1
72 77 430 1
77 72 430 1
100 112 410 1
112 100 410 1
108 112 335 1
112 108 335 1
5 23 453 1
23 5 453 1
40 44 926 1
44 40 926 1
83 87 158 1
87 83 158 1
38 41 513 1
41 38 513 1
59 66 363 1
66 59 363 1
4 49 1415 1
49 4 1415 1
15 21 348 1
21 15 348 1
28 81 975 1
81 28 975 1
55 91 297 1
91 55 297 1
19 92 1295 1
92 19 1295 1
66 68 378 1
68 66 378 1
81 102 1052 1
102 81 1052 1
98 102 260 1
102 98 260 1
9 23 475 1
23 9 475 1
67 105 903 1
105 67 903 1
69 88 1077 1
88 69 1077 1
90 92 135 1
92 90 135 1
0 77 681 1
77 0 681 1
28 58 871 1
58 28 871 1
7 44 1214 1
44 7 1214 1
37 81 336 1
81 37 336 1
56 87 1244 1
87 56 1244 1
5 45 1343 1
45 5 1343 1
9 21 431 1
21 9 431 1
18 82 891 1
82 18 891 1
5 49 1365 1
49 5 1365 1
37 41 217 1
41 37 217 1
89 98 818 1
98 89 818 1
11 31 475 1
31 11 475 1
14 31 528 1
31 14 528 1
25 73 516 1
73 25 516 1
45 94 668 1
94 45 668 1
68 102 1226 1
102 68 1226 1
102 105 355 1
105 102 355 1
32 95 664 1
95 32 664 1
33 83 733 1
83 33 733 1
4 12 434 1
12 4 434 1
9 48 1507 1
48 9 1507 1
20 49 1095 1
49 20 1095 1
32 76 341 1
76 32 341 1
38 108 316 1
108 38 316 1
60 107 1124 1
107 60 1124 1
61 78 1006 1
78 61 1006 1
6 12 248 1
12 6 248 1
32 74 456 1
74 32 456 1
36 62 525 1
62 36 525 1
87 89 476 1
89 87 476 1
92 103 574 1
103 92 574 1
4 65 1344 1
65 4 1344 1
22 43 1259 1
43 22 1259 1
27 47 1038 1
47 27 1038 1
29 76 555 1
76 29 555 1
46 91 577 1
91 46 577 1
1 11 394 1
11 1 394 1
8 26 300 1
26 8 300 1
17 40 824 1
40 17 824 1
39 95 233 1
95 39 233 1
44 51 440 1
51 44 440 1
61 107 939 1
107 61 939 1
57 98 1043 1
98 57 1043 1
84 89 1110 1
89 84 1110 1
93 102 600 1
102 93 600 1
93 103 173 1
103 93 173 1
22 70 443 1
70 22 443 1
27 42 1179 1
42 27 1179 1
46 99 446 1
99 46 446 1
65 106 1085 1
106 65 1085 1
66 105 960 1
105 66 960 1
100 115 381 1
115 100 381 1
16 58 720 1
58 16 720 1
52 85 1026 1
85 52 1026 1
5 51 1334 1
51 5 1334 1
52 69 993 1
69 52 993 1
53 84 1054 1
84 53 1054 1
55 108 332 1
108 55 332 1
19 91 1171 1
91 19 1171 1
31 64 1128 1
64 31 1128 1
39 40 508 1
40 39 508 1
39 107 280 1
107 39 280 1
0 76 525 1
76 0 525 1
1 19 351 1
19 1 351 1
37 54 645 1
54 37 645 1
37 96 506 1
96 37 506 1
91 110 456 1
110 91 456 1
106 115 278 1
115 106 278 1
7 48 1293 1
48 7 1293 1
86 89 1016 1
89 86 1016 1
8 64 1208 1
64 8 1208 1
14 28 286 1
28 14 286 1
14 51 1362 1
51 14 1362 1
30 49 1208 1
49 30 1208 1
32 38 642 1
38 32 642 1
95 112 395 1
112 95 395 1
16 59 1012 1
59 16 1012 1
42 85 771 1
85 42 771 1
54 96 167 1
96 54 167 1
62 73 961 1
73 62 961 1
102 112 391 1
112 102 391 1
32 99 839 1
99 32 839 1
40 70 311 1
70 40 311 1
66 101 1048 1
101 66 1048 1
1 73 531 1
73 1 531 1
32 63 656 1
63 32 656 1
61 65 175 1
65 61 175 1
5 44 1368 1
44 5 1368 1
15 61 998 1
61 15 998 1
46 52 244 1
52 46 244 1
93 95 447 1
95 93 447 1
33 59 579 1
59 33 579 1
62 102 862 1
102 62 862 1
90 104 351 1
104 90 351 1
5 6 733 1
6 5 733 1
28 70 247 1
70 28 247 1
35 110 305 1
110 35 305 1
50 84 554 1
84 50 554 1
96 111 286 1
111 96 286 1
99 105 287 1
105 99 287 1
99 110 299 1
110 99 299 1
101 108 495 1
108 101 495 1
8 25 389 1
25 8 389 1
14 48 1233 1
48 14 1233 1
29 70 512 1
70 29 512 1
46 108 360 1
108 46 360 1
59 102 1214 1
102 59 1214 1
62 74 590 1
74 62 590 1
4 31 397 1
31 4 397 1
17 70 666 1
70 17 666 1
35 94 438 1
94 35 438 1
38 81 841 1
81 38 841 1
45 100 889 1
100 45 889 1
45 114 688 1
114 45 688 1
80 83 1100 1
83 80 1100 1
89 90 968 1
90 89 968 1
2 9 760 1
9 2 760 1
4 11 819 1
11 4 819 1
18 57 564 1
57 18 564 1
23 71 443 1
71 23 443 1
43 53 293 1
53 43 293 1
55 109 337 1
109 55 337 1
1 56 851 1
56 1 851 1
8 13 868 1
13 8 868 1
8 14 205 1
14 8 205 1
25 34 1006 1
34 25 1006 1
28 76 345 1
76 28 345 1
41 72 550 1
72 41 550 1
78 83 999 1
83 78 999 1
99 101 266 1
101 99 266 1
3 92 1420 1
92 3 1420 1
7 49 1147 1
49 7 1147 1
18 32 279 1
32 18 279 1
21 43 915 1
43 21 915 1
45 106 909 1
106 45 909 1
68 96 891 1
96 68 891 1
99 103 258 1
103 99 258 1
10 75 732 1
75 10 732 1
13 14 902 1
14 13 902 1
29 36 705 1
36 29 705 1
40 81 874 1
81 40 874 1
45 55 662 1
55 45 662 1
55 113 437 1
113 55 437 1
1 83 729 1
83 1 729 1
24 50 1395 1
50 24 1395 1
43 50 494 1
50 43 494 1
67 91 790 1
91 67 790 1
0 74 551 1
74 0 551 1
2 31 377 1
31 2 377 1
21 42 978 1
42 21 978 1
24 30 283 1
30 24 283 1
44 46 353 1
46 44 353 1
52 79 1040 1
79 52 1040 1
68 98 994 1
98 68 994 1
83 92 1187 1
92 83 1187 1
99 100 610 1
100 99 610 1
105 112 319 1
112 105 319 1
1 82 1112 1
82 1 1112 1
8 69 1192 1
69 8 1192 1
35 66 331 1
66 35 331 1
68 97 933 1
97 68 933 1
77 79 329 1
79 77 329 1
6 65 1218 1
65 6 1218 1
21 39 356 1
39 21 356 1
58 107 1147 1
107 58 1147 1
76 80 424 1
80 76 424 1
92 97 585 1
97 92 585 1
42 55 629 1
55 42 629 1
51 90 888 1
90 51 888 1
105 108 296 1
108 105 296 1
22 51 1360 1
51 22 1360 1
27 52 1228 1
52 27 1228 1
32 68 304 1
68 32 304 1
43 94 518 1
94 43 518 1
95 101 458 1
101 95 458 1
108 115 135 1
115 108 135 1
36 98 402 1
98 36 402 1
57 85 575 1
85 57 575 1
16 76 379 1
76 16 379 1
69 89 1015 1
89 69 1015 1
6 9 834 1
9 6 834 1
8 22 480 1
22 8 480 1
16 83 1029 1
83 16 1029 1
29 80 961 1
80 29 961 1
31 83 561 1
83 31 561 1
47 53 268 1
53 47 268 1
57 83 805 1
83 57 805 1
60 101 1230 1
101 60 1230 1
0 19 488 1
19 0 488 1
32 101 1092 1
101 32 1092 1
72 82 298 1
82 72 298 1
2 60 843 1
60 2 843 1
27 46 1065 1
46 27 1065 1
27 104 911 1
104 27 911 1
39 54 618 1
54 39 618 1
54 79 860 1
79 54 860 1
58 72 849 1
72 58 849 1
81 82 1081 1
82 81 1081 1
0 80 485 1
80 0 485 1
41 62 1018 1
62 41 1018 1
56 83 1181 1
83 56 1181 1
66 96 666 1
96 66 666 1
81 86 1091 1
86 81 1091 1
95 100 576 1
100 95 576 1
110 111 172 1
111 110 172 1
0 84 624 1
84 0 624 1
6 31 464 1
31 6 464 1
6 61 1132 1
61 6 1132 1
28 71 506 1
71 28 506 1
9 69 1181 1
69 9 1181 1
14 70 380 1
70 14 380 1
32 62 548 1
62 32 548 1
32 78 484 1
78 32 484 1
83 93 883 1
93 83 883 1
20 45 1046 1
45 20 1046 1
21 40 380 1
40 21 380 1
29 41 234 1
41 29 234 1
32 61 611 1
61 32 611 1
49 110 518 1
110 49 518 1
95 113 351 1
113 95 351 1
101 112 405 1
112 101 405 1
23 26 522 1
26 23 522 1
35 49 434 1
49 35 434 1
37 113 578 1
113 37 578 1
66 104 942 1
104 66 942 1
101 105 274 1
105 101 274 1
19 77 567 1
77 19 567 1
93 112 343 1
112 93 343 1
37 55 221 1
55 37 221 1
50 98 448 1
98 50 448 1
78 84 235 1
84 78 235 1
90 105 516 1
105 90 516 1
90 110 460 1
110 90 460 1
100 111 457 1
111 100 457 1
37 76 441 1
76 37 441 1
37 109 343 1
109 37 343 1
41 75 187 1
75 41 187 1
97 102 534 1
102 97 534 1
98 108 315 1
108 98 315 1
100 107 640 1
107 100 640 1
2 3 405 1
3 2 405 1
5 13 461 1
13 5 461 1
13 35 841 1
35 13 841 1
13 65 935 1
65 13 935 1
20 74 213 1
74 20 213 1
23 85 1053 1
85 23 1053 1
25 84 1066 1
84 25 1066 1
33 94 670 1
94 33 670 1
34 65 549 1
65 34 549 1
39 90 806 1
90 39 806 1
51 96 733 1
96 51 733 1
54 81 951 1
81 54 951 1
100 108 467 1
108 100 467 1
13 33 629 1
33 13 629 1
38 110 451 1
110 38 451 1
53 110 473 1
110 53 473 1
63 107 821 1
107 63 821 1
36 56 615 1
56 36 615 1
57 82 1164 1
82 57 1164 1
103 108 420 1
108 103 420 1
3 6 559 1
6 3 559 1
5 42 1309 1
42 5 1309 1
38 98 432 1
98 38 432 1
61 111 816 1
111 61 816 1
92 112 325 1
112 92 325 1
0 68 414 1
68 0 414 1
18 76 581 1
76 18 581 1
19 32 289 1
32 19 289 1
21 37 403 1
37 21 403 1
47 91 332 1
91 47 332 1
99 102 560 1
102 99 560 1
23 50 1386 1
50 23 1386 1
42 45 300 1
45 42 300 1
44 55 743 1
55 44 743 1
81 101 734 1
101 81 734 1
97 104 399 1
104 97 399 1
8 23 562 1
23 8 562 1
18 108 925 1
108 18 925 1
22 54 1063 1
54 22 1063 1
44 94 628 1
94 44 628 1
92 113 313 1
113 92 313 1
1 74 790 1
74 1 790 1
18 54 967 1
54 18 967 1
44 115 684 1
115 44 684 1
70 84 638 1
84 70 638 1
1 78 939 1
78 1 939 1
2 5 685 1
5 2 685 1
2 33 510 1
33 2 510 1
7 11 254 1
11 7 254 1
21 97 595 1
97 21 595 1
23 51 1340 1
51 23 1340 1
39 106 557 1
106 39 557 1
4 47 1192 1
47 4 1192 1
15 49 1219 1
49 15 1219 1
29 71 259 1
71 29 259 1
60 78 455 1
78 60 455 1
94 112 366 1
112 94 366 1
0 83 1120 1
83 0 1120 1
16 36 349 1
36 16 349 1
17 59 758 1
59 17 758 1
25 77 710 1
77 25 710 1
32 111 773 1
111 32 773 1
46 94 338 1
94 46 338 1
51 110 520 1
110 51 520 1
104 112 332 1
112 104 332 1
9 103 1158 1
103 9 1158 1
26 49 1309 1
49 26 1309 1
29 58 1070 1
58 29 1070 1
31 49 1198 1
49 31 1198 1
37 94 426 1
94 37 426 1
63 111 831 1
111 63 831 1
26 47 1071 1
47 26 1071 1
29 32 631 1
32 29 631 1
29 37 304 1
37 29 304 1
30 45 1169 1
45 30 1169 1
52 104 543 1
104 52 543 1
85 86 1120 1
86 85 1120 1
85 97 439 1
97 85 439 1
99 109 321 1
109 99 321 1
31 45 1171 1
45 31 1171 1
39 85 433 1
85 39 433 1
59 100 1223 1
100 59 1223 1
66 99 784 1
99 66 784 1
4 21 414 1
21 4 414 1
34 44 373 1
44 34 373 1
38 111 560 1
111 38 560 1
40 41 506 1
41 40 506 1
40 74 182 1
74 40 182 1
40 114 619 1
114 40 619 1
68 105 1200 1
105 68 1200 1
78 102 697 1
102 78 697 1
0 88 782 1
88 0 782 1
12 16 384 1
16 12 384 1
18 58 669 1
58 18 669 1
26 46 1059 1
46 26 1059 1
37 89 294 1
89 37 294 1
73 78 740 1
78 73 740 1
75 80 775 1
80 75 775 1
1 81 501 1
81 1 501 1
1 86 1182 1
86 1 1182 1
3 5 603 1
5 3 603 1
6 14 476 1
14 6 476 1
11 19 598 1
19 11 598 1
13 63 653 1
63 13 653 1
23 30 259 1
30 23 259 1
23 47 1228 1
47 23 1228 1
28 31 545 1
31 28 545 1
41 63 682 1
63 41 682 1
68 108 915 1
108 68 915 1
89 97 385 1
97 89 385 1
91 111 390 1
111 91 390 1
95 103 393 1
103 95 393 1
6 58 957 1
58 6 957 1
32 108 663 1
108 32 663 1
37 112 610 1
112 37 610 1
61 115 933 1
115 61 933 1
99 114 265 1
114 99 265 1
8 49 1478 1
49 8 1478 1
39 111 575 1
111 39 575 1
53 68 1064 1
68 53 1064 1
96 113 315 1
113 96 315 1
4 30 322 1
30 4 322 1
10 71 639 1
71 10 639 1
37 87 433 1
87 37 433 1
55 90 757 1
90 55 757 1
56 101 1297 1
101 56 1297 1
0 58 565 1
58 0 565 1
1 87 873 1
87 1 873 1
38 68 922 1
68 38 922 1
57 87 938 1
87 57 938 1
13 16 1048 1
16 13 1048 1
20 71 311 1
71 20 311 1
38 79 739 1
79 38 739 1
40 75 477 1
75 40 477 1
51 104 868 1
104 51 868 1
111 113 191 1
113 111 191 1
1 80 1054 1
80 1 1054 1
31 40 592 1
40 31 592 1
36 89 803 1
89 36 803 1
5 46 1206 1
46 5 1206 1
9 67 1237 1
67 9 1237 1
15 44 1279 1
44 15 1279 1
27 51 1246 1
51 27 1246 1
35 100 802 1
100 35 802 1
47 94 415 1
94 47 415 1
7 8 828 1
8 7 828 1
10 57 1032 1
57 10 1032 1
10 70 382 1
70 10 382 1
22 84 1027 1
84 22 1027 1
33 101 1066 1
101 33 1066 1
39 43 659 1
43 39 659 1
10 18 609 1
18 10 609 1
14 72 328 1
72 14 328 1
32 94 642 1
94 32 642 1
32 102 997 1
102 32 997 1
102 107 560 1
107 102 560 1
8 67 1258 1
67 8 1258 1
18 81 878 1
81 18 878 1
33 95 646 1
95 33 646 1
35 65 453 1
65 35 453 1
7 21 555 1
21 7 555 1
18 69 392 1
69 18 392 1
18 93 1308 1
93 18 1308 1
33 100 1072 1
100 33 1072 1
34 77 351 1
77 34 351 1
95 96 288 1
96 95 288 1
2 13 744 1
13 2 744 1
9 51 1357 1
51 9 1357 1
11 26 714 1
26 11 714 1
12 31 545 1
31 12 545 1
17 75 351 1
75 17 351 1
18 79 755 1
79 18 755 1
33 66 503 1
66 33 503 1
39 81 431 1
81 39 431 1
66 94 692 1
94 66 692 1
8 51 1496 1
51 8 1496 1
17 37 368 1
37 17 368 1
22 46 1224 1
46 22 1224 1
39 110 466 1
110 39 466 1
46 113 335 1
113 46 335 1
50 55 863 1
55 50 863 1
55 111 434 1
111 55 434 1
109 111 273 1
111 109 273 1
7 107 1014 1
107 7 1014 1
11 88 1176 1
88 11 1176 1
17 107 678 1
107 17 678 1
19 89 1004 1
89 19 1004 1
32 60 487 1
60 32 487 1
59 111 815 1
111 59 815 1
100 113 356 1
113 100 356 1
108 113 292 1
113 108 292 1
20 114 742 1
114 20 742 1
39 44 864 1
44 39 864 1
55 66 814 1
66 55 814 1
1 68 549 1
68 1 549 1
2 22 228 1
22 2 228 1
15 20 521 1
20 15 521 1
28 40 248 1
40 28 248 1
38 102 472 1
102 38 472 1
69 90 1119 1
90 69 1119 1
93 115 401 1
115 93 401 1
0 75 786 1
75 0 786 1
40 102 619 1
102 40 619 1
49 96 720 1
96 49 720 1
98 104 286 1
104 98 286 1
2 48 1199 1
48 2 1199 1
12 72 358 1
72 12 358 1
14 43 1181 1
43 14 1181 1
27 53 1217 1
53 27 1217 1
32 72 471 1
72 32 471 1
34 64 445 1
64 34 445 1
41 76 493 1
76 41 493 1
96 98 184 1
98 96 184 1
10 53 1310 1
53 10 1310 1
25 40 618 1
40 25 618 1
39 99 432 1
99 39 432 1
78 98 547 1
98 78 547 1
85 110 584 1
110 85 584 1
98 113 276 1
113 98 276 1
13 17 364 1
17 13 364 1
22 82 706 1
82 22 706 1
36 52 586 1
52 36 586 1
54 97 484 1
97 54 484 1
66 95 734 1
95 66 734 1
68 93 1248 1
93 68 1248 1
90 100 182 1
100 90 182 1
102 111 440 1
111 102 440 1
105 110 411 1
110 105 411 1
12 87 1021 1
87 12 1021 1
25 85 1018 1
85 25 1018 1
31 75 419 1
75 31 419 1
103 114 282 1
114 103 282 1
3 43 1099 1
43 3 1099 1
6 49 1274 1
49 6 1274 1
7 103 1229 1
103 7 1229 1
13 107 881 1
107 13 881 1
33 34 394 1
34 33 394 1
42 111 258 1
111 42 258 1
68 104 1183 1
104 68 1183 1
24 34 1021 1
34 24 1021 1
32 115 797 1
115 32 797 1
44 114 674 1
114 44 674 1
56 104 1033 1
104 56 1033 1
63 102 1192 1
102 63 1192 1
25 67 1191 1
67 25 1191 1
27 87 439 1
87 27 439 1
31 94 836 1
94 31 836 1
39 89 325 1
89 39 325 1
53 99 316 1
99 53 316 1
11 85 574 1
85 11 574 1
33 103 1025 1
103 33 1025 1
63 115 886 1
115 63 886 1
100 110 522 1
110 100 522 1
109 115 211 1
115 109 211 1
2 12 394 1
12 2 394 1
12 71 631 1
71 12 631 1
46 85 782 1
85 46 782 1
61 83 902 1
83 61 902 1
92 101 634 1
101 92 634 1
93 109 510 1
109 93 510 1
22 42 1301 1
42 22 1301 1
27 43 1124 1
43 27 1124 1
38 90 535 1
90 38 535 1
55 104 526 1
104 55 526 1
83 88 1071 1
88 83 1071 1
3 35 775 1
35 3 775 1
12 70 392 1
70 12 392 1
81 98 940 1
98 81 940 1
101 104 464 1
104 101 464 1
5 69 1149 1
69 5 1149 1
14 21 487 1
21 14 487 1
17 36 828 1
36 17 828 1
41 61 840 1
61 41 840 1
21 51 1039 1
51 21 1039 1
41 78 770 1
78 41 770 1
68 77 657 1
77 68 657 1
97 103 349 1
103 97 349 1
103 113 295 1
113 103 295 1
33 99 821 1
99 33 821 1
35 58 514 1
58 35 514 1
47 109 317 1
109 47 317 1
53 82 1252 1
82 53 1252 1
68 90 1109 1
90 68 1109 1
80 101 1111 1
101 80 1111 1
83 111 944 1
111 83 944 1
5 103 1104 1
103 5 1104 1
11 13 168 1
13 11 168 1
49 94 735 1
94 49 735 1
54 108 319 1
108 54 319 1
58 95 897 1
95 58 897 1
73 80 850 1
80 73 850 1
95 106 414 1
106 95 414 1
6 30 365 1
30 6 365 1
7 59 970 1
59 7 970 1
30 74 403 1
74 30 403 1
36 84 341 1
84 36 341 1
39 45 814 1
45 39 814 1
41 68 978 1
68 41 978 1
56 84 539 1
84 56 539 1
57 101 1081 1
101 57 1081 1
64 84 478 1
84 64 478 1
79 89 364 1
89 79 364 1
80 102 700 1
102 80 700 1
3 50 1273 1
50 3 1273 1
22 55 1091 1
55 22 1091 1
23 24 403 1
24 23 403 1
41 77 345 1
77 41 345 1
44 106 847 1
106 44 847 1
50 110 492 1
110 50 492 1
107 111 490 1
111 107 490 1
1 36 918 1
36 1 918 1
1 63 334 1
63 1 334 1
4 61 1291 1
61 4 1291 1
20 65 1049 1
65 20 1049 1
22 76 708 1
76 22 708 1
55 67 703 1
67 55 703 1
94 107 417 1
107 94 417 1
95 102 514 1
102 95 514 1
1 50 1095 1
50 1 1095 1
9 49 1399 1
49 9 1399 1
16 101 1154 1
101 16 1154 1
21 47 833 1
47 21 833 1
24 74 560 1
74 24 560 1
27 91 1074 1
91 27 1074 1
36 83 816 1
83 36 816 1
37 78 740 1
78 37 740 1
51 85 514 1
85 51 514 1
69 93 1169 1
93 69 1169 1
95 104 381 1
104 95 381 1
1 75 562 1
75 1 562 1
3 94 975 1
94 3 975 1
4 44 1341 1
44 4 1341 1
19 93 1252 1
93 19 1252 1
50 68 811 1
68 50 811 1
68 99 1044 1
99 68 1044 1
76 84 486 1
84 76 486 1
90 97 593 1
97 90 593 1
25 44 1369 1
44 25 1369 1
41 81 452 1
81 41 452 1
45 115 699 1
115 45 699 1
49 99 587 1
99 49 587 1
62 87 1274 1
87 62 1274 1
89 104 710 1
104 89 710 1
2 14 572 1
14 2 572 1
4 20 334 1
20 4 334 1
10 89 1185 1
89 10 1185 1
13 62 1248 1
62 13 1248 1
13 71 401 1
71 13 401 1
14 20 320 1
20 14 320 1
24 76 734 1
76 24 734 1
30 82 534 1
82 30 534 1
67 96 668 1
96 67 668 1
81 89 308 1
89 81 308 1
106 111 487 1
111 106 487 1
11 64 1218 1
64 11 1218 1
28 41 661 1
41 28 661 1
35 103 749 1
103 35 749 1
36 75 517 1
75 36 517 1
43 113 467 1
113 43 467 1
79 84 1035 1
84 79 1035 1
4 59 1372 1
59 4 1372 1
14 87 842 1
87 14 842 1
18 38 861 1
38 18 861 1
57 102 1241 1
102 57 1241 1
91 109 486 1
109 91 486 1
9 14 725 1
14 9 725 1
12 60 825 1
60 12 825 1
18 86 1008 1
86 18 1008 1
40 78 376 1
78 40 376 1
58 93 1138 1
93 58 1138 1
67 109 581 1
109 67 581 1
95 98 433 1
98 95 433 1
16 18 646 1
18 16 646 1
24 71 494 1
71 24 494 1
32 114 865 1
114 32 865 1
37 50 906 1
50 37 906 1
45 97 591 1
97 45 591 1
46 97 424 1
97 46 424 1
55 95 221 1
95 55 221 1
77 84 711 1
84 77 711 1
0 63 1010 1
63 0 1010 1
1 88 1198 1
88 1 1198 1
3 30 397 1
30 3 397 1
6 44 1164 1
44 6 1164 1
14 71 582 1
71 14 582 1
16 75 702 1
75 16 702 1
18 77 606 1
77 18 606 1
38 112 604 1
112 38 604 1
79 82 965 1
82 79 965 1
105 109 371 1
109 105 371 1
4 23 506 1
23 4 506 1
27 37 597 1
37 27 597 1
28 59 1073 1
59 28 1073 1
53 97 456 1
97 53 456 1
60 79 1000 1
79 60 1000 1
64 93 1076 1
93 64 1076 1
88 91 958 1
91 88 958 1
3 27 634 1
27 3 634 1
11 15 385 1
15 11 385 1
14 64 1035 1
64 14 1035 1
