116 2668
42 46 173 1
46 42 173 1
44 45 194 1
45 44 194 1
56 57 840 1
57 56 840 1
26 27 135 1
27 26 135 1
16 17 998 1
17 16 998 1
4 8 148 1
8 4 148 1
29 72 629 1
72 29 629 1
42 43 239 1
43 42 239 1
17 29 223 1
29 17 223 1
76 77 238 1
77 76 238 1
73 74 458 1
74 73 458 1
9 61 1165 1
61 9 1165 1
43 45 199 1
45 43 199 1
68 69 164 1
69 68 164 1
48 50 202 1
50 48 202 1
62 63 1134 1
63 62 1134 1
46 47 309 1
47 46 309 1
80 81 1113 1
81 80 1113 1
17 72 781 1
72 17 781 1
78 81 1002 1
81 78 1002 1
48 51 548 1
51 48 548 1
42 44 208 1
44 42 208 1
17 80 1070 1
80 17 1070 1
78 80 116 1
80 78 116 1
4 26 161 1
26 4 161 1
46 49 541 1
49 46 541 1
5 8 493 1
8 5 493 1
59 61 271 1
61 59 271 1
2 6 165 1
6 2 165 1
72 73 517 1
73 72 517 1
48 55 832 1
55 48 832 1
105 114 152 1
114 105 152 1
5 9 157 1
9 5 157 1
11 13 168 1
13 11 168 1
43 44 290 1
44 43 290 1
51 55 568 1
55 51 568 1
17 81 182 1
81 17 182 1
106 107 486 1
107 106 486 1
42 49 396 1
49 42 396 1
62 81 1169 1
81 62 1169 1
28 72 116 1
72 28 116 1
17 28 894 1
28 17 894 1
22 24 386 1
24 22 386 1
78 79 878 1
79 78 878 1
5 27 165 1
27 5 165 1
16 80 152 1
80 16 152 1
4 5 350 1
5 4 350 1
8 26 300 1
26 8 300 1
73 76 450 1
76 73 450 1
51 53 271 1
53 51 271 1
44 49 304 1
49 44 304 1
42 47 281 1
47 42 281 1
35 67 262 1
67 35 262 1
45 49 111 1
49 45 111 1
16 76 379 1
76 16 379 1
3 87 809 1
87 3 809 1
17 78 955 1
78 17 955 1
28 29 741 1
29 28 741 1
30 31 127 1
31 30 127 1
16 78 122 1
78 16 122 1
1 57 172 1
57 1 172 1
79 81 136 1
81 79 136 1
16 72 287 1
72 16 287 1
28 81 975 1
81 28 975 1
58 59 496 1
59 58 496 1
5 26 263 1
26 5 263 1
16 29 882 1
29 16 882 1
42 45 300 1
45 42 300 1
64 84 478 1
84 64 478 1
7 65 934 1
65 7 934 1
47 49 380 1
49 47 380 1
61 65 175 1
65 61 175 1
50 51 698 1
51 50 698 1
14 58 1155 1
58 14 1155 1
72 74 76 1
74 72 76 1
43 47 146 1
47 43 146 1
46 48 368 1
48 46 368 1
53 55 448 1
55 53 448 1
54 55 651 1
55 54 651 1
43 46 341 1
46 43 341 1
44 46 353 1
46 44 353 1
62 80 268 1
80 62 268 1
43 49 240 1
49 43 240 1
48 49 410 1
49 48 410 1
70 73 402 1
73 70 402 1
28 80 329 1
80 28 329 1
49 55 664 1
55 49 664 1
7 61 813 1
61 7 813 1
59 89 931 1
89 59 931 1
72 76 257 1
76 72 257 1
16 56 380 1
56 16 380 1
5 61 1171 1
61 5 1171 1
16 28 220 1
28 16 220 1
16 81 1063 1
81 16 1063 1
48 53 654 1
53 48 654 1
69 97 875 1
97 69 875 1
95 103 393 1
103 95 393 1
36 41 570 1
41 36 570 1
61 89 738 1
89 61 738 1
39 94 407 1
94 39 407 1
17 76 648 1
76 17 648 1
50 53 744 1
53 50 744 1
28 78 272 1
78 28 272 1
46 55 584 1
55 46 584 1
1 56 851 1
56 1 851 1
65 88 1179 1
88 65 1179 1
73 77 274 1
77 73 274 1
16 62 313 1
62 16 313 1
58 61 717 1
61 58 717 1
17 74 721 1
74 17 721 1
5 25 129 1
25 5 129 1
79 80 991 1
80 79 991 1
63 76 747 1
76 63 747 1
13 15 277 1
15 13 277 1
29 81 342 1
81 29 342 1
56 99 1051 1
99 56 1051 1
9 65 1235 1
65 9 1235 1
17 79 135 1
79 17 135 1
62 78 287 1
78 62 287 1
23 64 1238 1
64 23 1238 1
14 88 613 1
88 14 613 1
56 76 519 1
76 56 519 1
72 81 860 1
81 72 860 1
96 110 214 1
110 96 214 1
29 80 961 1
80 29 961 1
82 86 143 1
86 82 143 1
12 14 278 1
14 12 278 1
63 81 293 1
81 63 293 1
52 53 746 1
53 52 746 1
76 81 691 1
81 76 691 1
105 115 176 1
115 105 176 1
2 22 228 1
22 2 228 1
12 58 1025 1
58 12 1025 1
62 72 566 1
72 62 566 1
7 9 490 1
9 7 490 1
17 73 298 1
73 17 298 1
28 62 527 1
62 28 527 1
44 47 404 1
47 44 404 1
62 76 527 1
76 62 527 1
58 66 198 1
66 58 198 1
21 115 657 1
115 21 657 1
29 76 555 1
76 29 555 1
72 80 384 1
80 72 384 1
16 79 934 1
79 16 934 1
21 39 356 1
39 21 356 1
74 76 203 1
76 74 203 1
40 72 200 1
72 40 200 1
50 52 243 1
52 50 243 1
4 27 279 1
27 4 279 1
9 59 1335 1
59 9 1335 1
80 83 1100 1
83 80 1100 1
16 74 335 1
74 16 335 1
16 73 769 1
73 16 769 1
28 83 861 1
83 28 861 1
90 92 135 1
92 90 135 1
2 30 317 1
30 2 317 1
72 78 300 1
78 72 300 1
103 104 369 1
104 103 369 1
45 47 345 1
47 45 345 1
16 63 1092 1
63 16 1092 1
25 35 978 1
35 25 978 1
49 51 172 1
51 49 172 1
105 107 233 1
107 105 233 1
38 39 465 1
39 38 465 1
28 76 345 1
76 28 345 1
14 82 179 1
82 14 179 1
40 41 506 1
41 40 506 1
29 74 571 1
74 29 571 1
0 17 982 1
17 0 982 1
68 97 933 1
97 68 933 1
17 62 1129 1
62 17 1129 1
28 79 847 1
79 28 847 1
64 88 675 1
88 64 675 1
21 41 236 1
41 21 236 1
38 41 513 1
41 38 513 1
8 9 638 1
9 8 638 1
16 77 611 1
77 16 611 1
10 12 181 1
12 10 181 1
29 78 851 1
78 29 851 1
56 63 1014 1
63 56 1014 1
22 23 140 1
23 22 140 1
6 30 365 1
30 6 365 1
17 56 1024 1
56 17 1024 1
59 69 338 1
69 59 338 1
22 30 218 1
30 22 218 1
29 73 113 1
73 29 113 1
105 106 359 1
106 105 359 1
0 16 380 1
16 0 380 1
39 97 289 1
97 39 289 1
41 81 452 1
81 41 452 1
94 97 266 1
97 94 266 1
57 99 846 1
99 57 846 1
8 27 425 1
27 8 425 1
50 55 863 1
55 50 863 1
40 80 433 1
80 40 433 1
5 65 1232 1
65 5 1232 1
17 63 324 1
63 17 324 1
29 77 357 1
77 29 357 1
36 38 122 1
38 36 122 1
47 110 210 1
110 47 210 1
21 38 458 1
38 21 458 1
34 67 275 1
67 34 275 1
32 33 149 1
33 32 149 1
72 77 430 1
77 72 430 1
90 103 653 1
103 90 653 1
14 15 772 1
15 14 772 1
29 32 631 1
32 29 631 1
98 99 479 1
99 98 479 1
39 115 411 1
115 39 411 1
73 81 406 1
81 73 406 1
23 25 373 1
25 23 373 1
31 32 596 1
32 31 596 1
23 88 1119 1
88 23 1119 1
99 111 265 1
111 99 265 1
36 37 542 1
37 36 542 1
36 80 330 1
80 36 330 1
93 101 103 1
101 93 103 1
27 65 1171 1
65 27 1171 1
41 62 1018 1
62 41 1018 1
25 27 193 1
27 25 193 1
56 98 821 1
98 56 821 1
0 1 800 1
1 0 800 1
1 68 549 1
68 1 549 1
31 33 517 1
33 31 517 1
55 98 606 1
98 55 606 1
5 7 538 1
7 5 538 1
46 50 303 1
50 46 303 1
46 98 212 1
98 46 212 1
64 65 897 1
65 64 897 1
56 81 1090 1
81 56 1090 1
70 72 158 1
72 70 158 1
84 87 1148 1
87 84 1148 1
17 36 828 1
36 17 828 1
46 53 547 1
53 46 547 1
88 89 1035 1
89 88 1035 1
14 93 1238 1
93 14 1238 1
34 64 445 1
64 34 445 1
69 94 883 1
94 69 883 1
23 66 1096 1
66 23 1096 1
17 83 381 1
83 17 381 1
24 26 201 1
26 24 201 1
47 55 367 1
55 47 367 1
84 85 1130 1
85 84 1130 1
5 59 1317 1
59 5 1317 1
47 96 412 1
96 47 412 1
65 67 361 1
67 65 361 1
105 109 371 1
109 105 371 1
36 81 848 1
81 36 848 1
45 46 448 1
46 45 448 1
56 62 252 1
62 56 252 1
28 40 248 1
40 28 248 1
29 79 257 1
79 29 257 1
0 56 174 1
56 0 174 1
29 41 234 1
41 29 234 1
0 62 386 1
62 0 386 1
47 98 442 1
98 47 442 1
62 79 1049 1
79 62 1049 1
17 40 824 1
40 17 824 1
20 64 962 1
64 20 962 1
25 65 1263 1
65 25 1263 1
70 77 376 1
77 70 376 1
90 105 516 1
105 90 516 1
46 51 585 1
51 46 585 1
61 88 1219 1
88 61 1219 1
72 79 733 1
79 72 733 1
77 81 453 1
81 77 453 1
106 115 278 1
115 106 278 1
23 24 403 1
24 23 403 1
63 72 944 1
72 63 944 1
41 63 682 1
63 41 682 1
9 25 252 1
25 9 252 1
14 23 650 1
23 14 650 1
63 73 569 1
73 63 569 1
20 30 328 1
30 20 328 1
0 63 1010 1
63 0 1010 1
41 78 770 1
78 41 770 1
63 77 536 1
77 63 536 1
16 36 349 1
36 16 349 1
51 52 786 1
52 51 786 1
12 13 959 1
13 12 959 1
18 110 887 1
110 18 887 1
29 62 1067 1
62 29 1067 1
20 86 362 1
86 20 362 1
38 40 158 1
40 38 158 1
76 99 626 1
99 76 626 1
0 36 643 1
36 0 643 1
11 15 385 1
15 11 385 1
48 98 566 1
98 48 566 1
0 76 525 1
76 0 525 1
1 16 963 1
16 1 963 1
5 69 1149 1
69 5 1149 1
12 15 906 1
15 12 906 1
68 110 813 1
110 68 813 1
1 99 923 1
99 1 923 1
107 115 298 1
115 107 298 1
0 81 1076 1
81 0 1076 1
62 73 961 1
73 62 961 1
42 98 381 1
98 42 381 1
17 77 417 1
77 17 417 1
4 25 258 1
25 4 258 1
20 23 575 1
23 20 575 1
53 91 265 1
91 53 265 1
59 100 1223 1
100 59 1223 1
82 95 720 1
95 82 720 1
98 111 265 1
111 98 265 1
29 40 655 1
40 29 655 1
76 78 312 1
78 76 312 1
39 106 557 1
106 39 557 1
16 99 951 1
99 16 951 1
63 78 1033 1
78 63 1033 1
58 88 918 1
88 58 918 1
66 88 875 1
88 66 875 1
49 98 742 1
98 49 742 1
48 54 669 1
54 48 669 1
58 60 266 1
60 58 266 1
24 25 135 1
25 24 135 1
40 81 874 1
81 40 874 1
70 74 155 1
74 70 155 1
82 83 881 1
83 82 881 1
15 58 1327 1
58 15 1327 1
18 32 279 1
32 18 279 1
59 92 1150 1
92 59 1150 1
29 63 531 1
63 29 531 1
40 78 376 1
78 40 376 1
69 90 1119 1
90 69 1119 1
8 25 389 1
25 8 389 1
10 82 401 1
82 10 401 1
23 65 1169 1
65 23 1169 1
7 25 539 1
25 7 539 1
49 50 585 1
50 49 585 1
76 79 567 1
79 76 567 1
40 62 664 1
62 40 664 1
15 69 1077 1
69 15 1077 1
22 42 1301 1
42 22 1301 1
35 65 453 1
65 35 453 1
74 77 362 1
77 74 362 1
75 109 462 1
109 75 462 1
114 115 96 1
115 114 96 1
37 54 645 1
54 37 645 1
36 40 213 1
40 36 213 1
63 80 1146 1
80 63 1146 1
36 72 276 1
72 36 276 1
3 85 893 1
85 3 893 1
41 72 550 1
72 41 550 1
69 92 1197 1
92 69 1197 1
37 81 336 1
81 37 336 1
48 91 808 1
91 48 808 1
59 90 1104 1
90 59 1104 1
75 76 374 1
76 75 374 1
0 28 492 1
28 0 492 1
1 63 334 1
63 1 334 1
9 89 869 1
89 9 869 1
17 41 414 1
41 17 414 1
42 48 243 1
48 42 243 1
57 76 691 1
76 57 691 1
16 32 504 1
32 16 504 1
17 32 646 1
32 17 646 1
64 85 1107 1
85 64 1107 1
14 66 1094 1
66 14 1094 1
15 61 998 1
61 15 998 1
21 109 565 1
109 21 565 1
29 83 227 1
83 29 227 1
58 89 1156 1
89 58 1156 1
61 69 456 1
69 61 456 1
19 83 893 1
83 19 893 1
84 88 224 1
88 84 224 1
95 110 248 1
110 95 248 1
0 29 925 1
29 0 925 1
5 35 974 1
35 5 974 1
8 61 1371 1
61 8 1371 1
62 77 741 1
77 62 741 1
66 69 349 1
69 66 349 1
29 36 705 1
36 29 705 1
39 107 280 1
107 39 280 1
50 91 845 1
91 50 845 1
31 77 552 1
77 31 552 1
34 35 126 1
35 34 126 1
41 80 868 1
80 41 868 1
47 53 268 1
53 47 268 1
73 75 84 1
75 73 84 1
4 24 144 1
24 4 144 1
34 84 580 1
84 34 580 1
57 79 431 1
79 57 431 1
91 99 166 1
99 91 166 1
19 109 838 1
109 19 838 1
81 83 446 1
83 81 446 1
104 105 204 1
105 104 204 1
0 57 825 1
57 0 825 1
19 105 1190 1
105 19 1190 1
63 79 303 1
79 63 303 1
0 99 1111 1
99 0 1111 1
3 84 1110 1
84 3 1110 1
9 69 1181 1
69 9 1181 1
37 41 217 1
41 37 217 1
73 78 740 1
78 73 740 1
74 82 336 1
82 74 336 1
95 96 288 1
96 95 288 1
9 35 1031 1
35 9 1031 1
29 70 512 1
70 29 512 1
32 77 383 1
77 32 383 1
36 62 525 1
62 36 525 1
36 78 263 1
78 36 263 1
78 83 999 1
83 78 999 1
6 31 464 1
31 6 464 1
16 57 981 1
57 16 981 1
28 63 1049 1
63 28 1049 1
28 73 629 1
73 28 629 1
48 52 415 1
52 48 415 1
92 105 456 1
105 92 456 1
32 72 471 1
72 32 471 1
56 79 965 1
79 56 965 1
68 90 1109 1
90 68 1109 1
73 79 296 1
79 73 296 1
8 60 1121 1
60 8 1121 1
25 67 1191 1
67 25 1191 1
27 92 1167 1
92 27 1167 1
8 59 1427 1
59 8 1427 1
19 114 1115 1
114 19 1115 1
59 66 363 1
66 59 363 1
19 33 238 1
33 19 238 1
44 98 563 1
98 44 563 1
70 76 285 1
76 70 285 1
92 100 157 1
100 92 157 1
46 96 270 1
96 46 270 1
60 61 893 1
61 60 893 1
87 88 1035 1
88 87 1035 1
75 77 210 1
77 75 210 1
16 41 813 1
41 16 813 1
69 105 1158 1
105 69 1158 1
71 107 693 1
107 71 693 1
37 78 740 1
78 37 740 1
44 48 114 1
48 44 114 1
56 80 431 1
80 56 431 1
59 88 1182 1
88 59 1182 1
104 114 171 1
114 104 171 1
52 54 402 1
54 52 402 1
97 114 263 1
114 97 263 1
72 83 754 1
83 72 754 1
10 14 380 1
14 10 380 1
28 82 255 1
82 28 255 1
43 98 522 1
98 43 522 1
28 41 661 1
41 28 661 1
0 72 516 1
72 0 516 1
47 48 490 1
48 47 490 1
94 107 417 1
107 94 417 1
3 13 410 1
13 3 410 1
35 107 663 1
107 35 663 1
37 56 930 1
56 37 930 1
40 79 762 1
79 40 762 1
52 89 1027 1
89 52 1027 1
25 61 1194 1
61 25 1194 1
37 71 401 1
71 37 401 1
52 91 777 1
91 52 777 1
16 19 740 1
19 16 740 1
29 56 983 1
56 29 983 1
65 66 537 1
66 65 537 1
82 84 544 1
84 82 544 1
7 13 237 1
13 7 237 1
10 23 699 1
23 10 699 1
28 74 188 1
74 28 188 1
95 108 123 1
108 95 123 1
4 9 500 1
9 4 500 1
15 83 194 1
83 15 194 1
20 24 393 1
24 20 393 1
57 63 249 1
63 57 249 1
69 89 1015 1
89 69 1015 1
70 71 263 1
71 70 263 1
74 78 322 1
78 74 322 1
17 99 704 1
99 17 704 1
49 53 406 1
53 49 406 1
50 54 543 1
54 50 543 1
25 34 1006 1
34 25 1006 1
19 80 851 1
80 19 851 1
59 106 1174 1
106 59 1174 1
52 58 705 1
58 52 705 1
82 113 905 1
113 82 905 1
111 112 111 1
112 111 111 1
0 98 918 1
98 0 918 1
74 81 792 1
81 74 792 1
85 87 616 1
87 85 616 1
99 102 560 1
102 99 560 1
42 55 629 1
55 42 629 1
51 91 505 1
91 51 505 1
13 61 843 1
61 13 843 1
103 114 282 1
114 103 282 1
108 110 194 1
110 108 194 1
5 89 870 1
89 5 870 1
33 35 375 1
35 33 375 1
57 102 1241 1
102 57 1241 1
69 114 1057 1
114 69 1057 1
77 78 550 1
78 77 550 1
25 26 225 1
26 25 225 1
37 55 221 1
55 37 221 1
64 87 1344 1
87 64 1344 1
54 89 853 1
89 54 853 1
82 93 1124 1
93 82 1124 1
2 34 808 1
34 2 808 1
14 59 1320 1
59 14 1320 1
30 77 559 1
77 30 559 1
57 81 488 1
81 57 488 1
73 80 850 1
80 73 850 1
76 80 424 1
80 76 424 1
57 98 1043 1
98 57 1043 1
90 99 615 1
99 90 615 1
0 41 952 1
41 0 952 1
14 113 1044 1
113 14 1044 1
22 50 1336 1
50 22 1336 1
31 78 755 1
78 31 755 1
36 56 615 1
56 36 615 1
38 54 263 1
54 38 263 1
10 84 516 1
84 10 516 1
19 28 732 1
28 19 732 1
20 22 544 1
22 20 544 1
66 67 177 1
67 66 177 1
68 99 1044 1
99 68 1044 1
88 113 635 1
113 88 635 1
17 57 439 1
57 17 439 1
32 76 341 1
76 32 341 1
34 88 672 1
88 34 672 1
51 98 763 1
98 51 763 1
65 92 1075 1
92 65 1075 1
1 19 351 1
19 1 351 1
2 23 340 1
23 2 340 1
6 22 333 1
22 6 333 1
19 79 658 1
79 19 658 1
52 100 420 1
100 52 420 1
91 113 366 1
113 91 366 1
93 102 600 1
102 93 600 1
96 99 428 1
99 96 428 1
36 98 402 1
98 36 402 1
44 55 743 1
55 44 743 1
2 24 548 1
24 2 548 1
64 86 1029 1
86 64 1029 1
68 111 952 1
111 68 952 1
76 95 396 1
95 76 396 1
14 69 1104 1
69 14 1104 1
19 97 912 1
97 19 912 1
61 66 546 1
66 61 546 1
3 88 1145 1
88 3 1145 1
28 36 321 1
36 28 321 1
64 66 392 1
66 64 392 1
75 108 484 1
108 75 484 1
93 103 173 1
103 93 173 1
7 89 868 1
89 7 868 1
11 83 383 1
83 11 383 1
37 39 117 1
39 37 117 1
42 78 692 1
78 42 692 1
53 54 818 1
54 53 818 1
59 65 304 1
65 59 304 1
70 75 355 1
75 70 355 1
0 77 681 1
77 0 681 1
30 32 574 1
32 30 574 1
36 48 746 1
48 36 746 1
1 17 391 1
17 1 391 1
13 58 1244 1
58 13 1244 1
17 19 648 1
19 17 648 1
35 106 708 1
106 35 708 1
38 55 598 1
55 38 598 1
97 107 263 1
107 97 263 1
2 64 992 1
64 2 992 1
10 22 580 1
22 10 580 1
28 77 540 1
77 28 540 1
30 71 303 1
71 30 303 1
42 81 865 1
81 42 865 1
56 77 690 1
77 56 690 1
39 54 618 1
54 39 618 1
47 51 339 1
51 47 339 1
90 114 392 1
114 90 392 1
102 106 217 1
106 102 217 1
11 85 574 1
85 11 574 1
101 112 405 1
112 101 405 1
9 58 1436 1
58 9 1436 1
28 32 528 1
32 28 528 1
51 54 884 1
54 51 884 1
95 104 381 1
104 95 381 1
15 65 1052 1
65 15 1052 1
15 88 1097 1
88 15 1097 1
77 79 329 1
79 77 329 1
21 106 670 1
106 21 670 1
24 64 1287 1
64 24 1287 1
65 94 821 1
94 65 821 1
103 112 375 1
112 103 375 1
108 109 87 1
109 108 87 1
36 49 877 1
49 36 877 1
58 93 1138 1
93 58 1138 1
23 86 866 1
86 23 866 1
59 94 905 1
94 59 905 1
59 105 1100 1
105 59 1100 1
7 33 515 1
33 7 515 1
74 79 666 1
79 74 666 1
94 106 271 1
106 94 271 1
3 27 634 1
27 3 634 1
35 61 480 1
61 35 480 1
61 92 1185 1
92 61 1185 1
91 93 118 1
93 91 118 1
91 98 616 1
98 91 616 1
96 104 297 1
104 96 297 1
19 81 772 1
81 19 772 1
23 35 930 1
35 23 930 1
24 27 252 1
27 24 252 1
19 68 313 1
68 19 313 1
25 103 1172 1
103 25 1172 1
32 81 728 1
81 32 728 1
92 114 349 1
114 92 349 1
3 10 768 1
10 3 768 1
94 100 422 1
100 94 422 1
30 73 455 1
73 30 455 1
39 100 771 1
100 39 771 1
23 67 1077 1
67 23 1077 1
68 113 1115 1
113 68 1115 1
106 109 391 1
109 106 391 1
58 69 426 1
69 58 426 1
1 76 689 1
76 1 689 1
22 82 706 1
82 22 706 1
40 63 1007 1
63 40 1007 1
51 89 661 1
89 51 661 1
64 82 943 1
82 64 943 1
27 64 1222 1
64 27 1222 1
56 78 391 1
78 56 391 1
84 86 610 1
86 84 610 1
92 103 574 1
103 92 574 1
74 75 389 1
75 74 389 1
31 62 966 1
62 31 966 1
56 73 886 1
73 56 886 1
104 108 301 1
108 104 301 1
24 30 283 1
30 24 283 1
59 68 484 1
68 59 484 1
22 43 1259 1
43 22 1259 1
22 44 1293 1
44 22 1293 1
109 115 211 1
115 109 211 1
31 72 482 1
72 31 482 1
36 63 945 1
63 36 945 1
68 96 891 1
96 68 891 1
68 114 1093 1
114 68 1093 1
3 113 1250 1
113 3 1250 1
65 89 679 1
89 65 679 1
67 106 941 1
106 67 941 1
0 19 488 1
19 0 488 1
16 40 399 1
40 16 399 1
20 71 311 1
71 20 311 1
58 100 1047 1
100 58 1047 1
69 100 1235 1
100 69 1235 1
92 93 608 1
93 92 608 1
1 62 1027 1
62 1 1027 1
15 66 1171 1
66 15 1171 1
23 27 506 1
27 23 506 1
92 106 400 1
106 92 400 1
3 15 589 1
15 3 589 1
12 69 975 1
69 12 975 1
69 103 1214 1
103 69 1214 1
22 45 1298 1
45 22 1298 1
39 41 161 1
41 39 161 1
67 107 894 1
107 67 894 1
3 64 1134 1
64 3 1134 1
20 101 958 1
101 20 958 1
7 11 254 1
11 7 254 1
9 67 1237 1
67 9 1237 1
13 69 925 1
69 13 925 1
45 55 662 1
55 45 662 1
3 11 395 1
11 3 395 1
32 79 600 1
79 32 600 1
42 50 271 1
50 42 271 1
56 72 566 1
72 56 566 1
21 67 905 1
67 21 905 1
35 94 438 1
94 35 438 1
37 80 842 1
80 37 842 1
61 103 1017 1
103 61 1017 1
12 93 1368 1
93 12 1368 1
71 75 163 1
75 71 163 1
3 7 185 1
7 3 185 1
36 50 658 1
50 36 658 1
41 56 991 1
56 41 991 1
57 68 520 1
68 57 520 1
103 113 295 1
113 103 295 1
9 94 994 1
94 9 994 1
68 95 921 1
95 68 921 1
96 111 286 1
111 96 286 1
74 80 415 1
80 74 415 1
103 110 496 1
110 103 496 1
10 87 1058 1
87 10 1058 1
17 98 995 1
98 17 995 1
22 64 1169 1
64 22 1169 1
37 76 441 1
76 37 441 1
75 82 661 1
82 75 661 1
96 112 337 1
112 96 337 1
5 94 896 1
94 5 896 1
68 94 894 1
94 68 894 1
20 31 387 1
31 20 387 1
45 98 655 1
98 45 655 1
94 115 181 1
115 94 181 1
22 49 1332 1
49 22 1332 1
23 82 788 1
82 23 788 1
32 78 484 1
78 32 484 1
61 67 382 1
67 61 382 1
75 78 667 1
78 75 667 1
97 100 590 1
100 97 590 1
0 80 485 1
80 0 485 1
100 115 381 1
115 100 381 1
109 114 278 1
114 109 278 1
5 92 1324 1
92 5 1324 1
16 83 1029 1
83 16 1029 1
20 37 510 1
37 20 510 1
31 81 775 1
81 31 775 1
32 62 548 1
62 32 548 1
53 89 552 1
89 53 552 1
57 62 1000 1
62 57 1000 1
72 75 453 1
75 72 453 1
90 112 377 1
112 90 377 1
110 113 304 1
113 110 304 1
5 67 1194 1
67 5 1194 1
36 42 628 1
42 36 628 1
87 113 899 1
113 87 899 1
6 32 555 1
32 6 555 1
6 7 710 1
7 6 710 1
9 60 1369 1
60 9 1369 1
99 112 272 1
112 99 272 1
2 84 897 1
84 2 897 1
6 84 795 1
84 6 795 1
15 68 1114 1
68 15 1114 1
107 114 333 1
114 107 333 1
8 58 1298 1
58 8 1298 1
21 37 403 1
37 21 403 1
78 86 556 1
86 78 556 1
3 95 915 1
95 3 915 1
21 107 601 1
107 21 601 1
34 65 549 1
65 34 549 1
4 93 1288 1
93 4 1288 1
15 96 944 1
96 15 944 1
22 47 1230 1
47 22 1230 1
65 69 558 1
69 65 558 1
15 82 832 1
82 15 832 1
31 73 397 1
73 31 397 1
38 115 384 1
115 38 384 1
83 86 863 1
86 83 863 1
7 27 597 1
27 7 597 1
19 75 628 1
75 19 628 1
59 103 1115 1
103 59 1115 1
95 99 272 1
99 95 272 1
97 109 174 1
109 97 174 1
15 95 730 1
95 15 730 1
16 18 646 1
18 16 646 1
23 84 1113 1
84 23 1113 1
30 64 1064 1
64 30 1064 1
82 101 1107 1
101 82 1107 1
86 87 805 1
87 86 805 1
97 105 299 1
105 97 299 1
3 23 271 1
23 3 271 1
9 88 1163 1
88 9 1163 1
36 46 482 1
46 36 482 1
37 51 673 1
51 37 673 1
75 86 685 1
86 75 685 1
1 112 1078 1
112 1 1078 1
15 94 858 1
94 15 858 1
21 71 214 1
71 21 214 1
32 74 456 1
74 32 456 1
5 58 1366 1
58 5 1366 1
19 62 792 1
62 19 792 1
60 100 938 1
100 60 938 1
102 112 391 1
112 102 391 1
29 31 454 1
31 29 454 1
37 49 736 1
49 37 736 1
40 83 731 1
83 40 731 1
57 107 955 1
107 57 955 1
64 67 549 1
67 64 549 1
5 68 1146 1
68 5 1146 1
12 60 825 1
60 12 825 1
14 22 562 1
22 14 562 1
20 21 185 1
21 20 185 1
30 72 390 1
72 30 390 1
52 59 956 1
59 52 956 1
65 114 861 1
114 65 861 1
55 91 297 1
91 55 297 1
56 111 893 1
111 56 893 1
61 100 1241 1
100 61 1241 1
69 110 773 1
110 69 773 1
12 61 1246 1
61 12 1246 1
16 98 666 1
98 16 666 1
16 111 812 1
111 16 812 1
24 43 1300 1
43 24 1300 1
36 73 600 1
73 36 600 1
0 73 829 1
73 0 829 1
1 109 814 1
109 1 814 1
28 56 545 1
56 28 545 1
37 38 515 1
38 37 515 1
37 106 622 1
106 37 622 1
60 63 1021 1
63 60 1021 1
88 103 842 1
103 88 842 1
96 98 184 1
98 96 184 1
17 37 368 1
37 17 368 1
19 78 749 1
78 19 749 1
38 45 872 1
45 38 872 1
68 89 1110 1
89 68 1110 1
77 99 529 1
99 77 529 1
96 103 531 1
103 96 531 1
2 20 581 1
20 2 581 1
3 65 942 1
65 3 942 1
6 18 473 1
18 6 473 1
7 85 812 1
85 7 812 1
8 24 258 1
24 8 258 1
56 74 591 1
74 56 591 1
86 113 874 1
113 86 874 1
1 111 979 1
111 1 979 1
14 60 967 1
60 14 967 1
32 41 693 1
41 32 693 1
41 115 555 1
115 41 555 1
45 67 282 1
67 45 282 1
90 95 589 1
95 90 589 1
92 104 310 1
104 92 310 1
7 88 1209 1
88 7 1209 1
36 44 727 1
44 36 727 1
58 92 982 1
92 58 982 1
75 95 407 1
95 75 407 1
106 114 322 1
114 106 322 1
19 69 323 1
69 19 323 1
68 105 1200 1
105 68 1200 1
88 92 521 1
92 88 521 1
102 107 560 1
107 102 560 1
12 88 689 1
88 12 689 1
22 46 1224 1
46 22 1224 1
47 111 188 1
111 47 188 1
19 57 426 1
57 19 426 1
19 99 1048 1
99 19 1048 1
3 96 1030 1
96 3 1030 1
14 52 1090 1
52 14 1090 1
41 109 485 1
109 41 485 1
60 88 724 1
88 60 724 1
67 89 830 1
89 67 830 1
68 103 1277 1
103 68 1277 1
0 40 699 1
40 0 699 1
30 86 614 1
86 30 614 1
36 70 395 1
70 36 395 1
54 71 757 1
71 54 757 1
57 111 890 1
111 57 890 1
89 100 936 1
100 89 936 1
90 104 351 1
104 90 351 1
7 60 1133 1
60 7 1133 1
12 66 1000 1
66 12 1000 1
14 100 965 1
100 14 965 1
19 111 1024 1
111 19 1024 1
28 31 545 1
31 28 545 1
31 79 660 1
79 31 660 1
38 48 841 1
48 38 841 1
47 50 544 1
50 47 544 1
69 113 1075 1
113 69 1075 1
101 114 359 1
114 101 359 1
2 4 569 1
4 2 569 1
21 40 380 1
40 21 380 1
56 102 1030 1
102 56 1030 1
97 99 180 1
99 97 180 1
97 113 312 1
113 97 312 1
14 101 1221 1
101 14 1221 1
32 73 550 1
73 32 550 1
61 94 881 1
94 61 881 1
87 96 843 1
96 87 843 1
97 115 218 1
115 97 218 1
103 105 173 1
105 103 173 1
1 100 1327 1
100 1 1327 1
55 89 213 1
89 55 213 1
57 109 768 1
109 57 768 1
62 75 893 1
75 62 893 1
84 113 718 1
113 84 718 1
2 31 377 1
31 2 377 1
35 45 385 1
45 35 385 1
37 99 410 1
99 37 410 1
39 40 508 1
40 39 508 1
40 73 549 1
73 40 549 1
59 114 1002 1
114 59 1002 1
0 42 911 1
42 0 911 1
11 80 1102 1
80 11 1102 1
29 99 709 1
99 29 709 1
112 113 116 1
113 112 116 1
3 18 417 1
18 3 417 1
26 106 767 1
106 26 767 1
30 41 563 1
41 30 563 1
37 98 666 1
98 37 666 1
45 48 304 1
48 45 304 1
83 87 158 1
87 83 158 1
13 89 713 1
89 13 713 1
15 97 790 1
97 15 790 1
30 84 877 1
84 30 877 1
16 37 809 1
37 16 809 1
17 70 666 1
70 17 666 1
22 53 1432 1
53 22 1432 1
29 98 934 1
98 29 934 1
32 80 590 1
80 32 590 1
43 55 485 1
55 43 485 1
46 54 354 1
54 46 354 1
47 91 332 1
91 47 332 1
73 82 720 1
82 73 720 1
0 48 847 1
48 0 847 1
9 66 1299 1
66 9 1299 1
17 46 930 1
46 17 930 1
9 27 309 1
27 9 309 1
13 83 347 1
83 13 347 1
16 75 702 1
75 16 702 1
36 76 232 1
76 36 232 1
90 106 378 1
106 90 378 1
92 94 455 1
94 92 455 1
103 108 420 1
108 103 420 1
3 82 903 1
82 3 903 1
7 59 970 1
59 7 970 1
9 100 1346 1
100 9 1346 1
11 12 972 1
12 11 972 1
24 101 1299 1
101 24 1299 1
34 85 678 1
85 34 678 1
68 112 1063 1
112 68 1063 1
99 110 299 1
110 99 299 1
0 32 356 1
32 0 356 1
41 71 317 1
71 41 317 1
91 111 390 1
111 91 390 1
95 113 351 1
113 95 351 1
1 97 819 1
97 1 819 1
7 104 1243 1
104 7 1243 1
20 82 329 1
82 20 329 1
28 42 898 1
42 28 898 1
37 48 879 1
48 37 879 1
65 104 1022 1
104 65 1022 1
82 87 849 1
87 82 849 1
97 102 534 1
102 97 534 1
2 71 519 1
71 2 519 1
25 31 272 1
31 25 272 1
30 34 790 1
34 30 790 1
34 87 945 1
87 34 945 1
91 92 669 1
92 91 669 1
93 114 346 1
114 93 346 1
8 93 1382 1
93 8 1382 1
9 114 1147 1
114 9 1147 1
14 61 1285 1
61 14 1285 1
27 69 1092 1
69 27 1092 1
36 99 637 1
99 36 637 1
100 102 87 1
102 100 87 1
19 102 1271 1
102 19 1271 1
36 77 422 1
77 36 422 1
74 86 416 1
86 74 416 1
102 109 475 1
109 102 475 1
5 114 1065 1
114 5 1065 1
13 65 935 1
65 13 935 1
30 45 1169 1
45 30 1169 1
31 63 863 1
63 31 863 1
54 100 319 1
100 54 319 1
76 111 559 1
111 76 559 1
112 114 196 1
114 112 196 1
0 55 1069 1
55 0 1069 1
101 103 106 1
103 101 106 1
22 86 800 1
86 22 800 1
23 87 803 1
87 23 803 1
52 55 814 1
55 52 814 1
62 70 663 1
70 62 663 1
90 96 335 1
96 90 335 1
110 111 172 1
111 110 172 1
4 59 1372 1
59 4 1372 1
7 34 875 1
34 7 875 1
25 64 1312 1
64 25 1312 1
31 76 584 1
76 31 584 1
36 55 626 1
55 36 626 1
57 77 533 1
77 57 533 1
72 82 298 1
82 72 298 1
1 29 521 1
29 1 521 1
3 89 961 1
89 3 961 1
58 65 718 1
65 58 718 1
80 99 917 1
99 80 917 1
90 113 376 1
113 90 376 1
2 60 843 1
60 2 843 1
5 105 1032 1
105 5 1032 1
19 108 910 1
108 19 910 1
43 48 391 1
48 43 391 1
63 74 885 1
74 63 885 1
15 59 1185 1
59 15 1185 1
39 105 458 1
105 39 458 1
65 85 476 1
85 65 476 1
68 92 1202 1
92 68 1202 1
90 98 163 1
98 90 163 1
30 74 403 1
74 30 403 1
35 66 331 1
66 35 331 1
63 75 591 1
75 63 591 1
80 98 568 1
98 80 568 1
81 98 940 1
98 81 940 1
89 92 938 1
92 89 938 1
1 52 1206 1
52 1 1206 1
70 95 587 1
95 70 587 1
0 46 865 1
46 0 865 1
7 92 1445 1
92 7 1445 1
15 93 1054 1
93 15 1054 1
18 74 626 1
74 18 626 1
26 92 1145 1
92 26 1145 1
38 94 246 1
94 38 246 1
87 104 852 1
104 87 852 1
92 97 585 1
97 92 585 1
0 44 847 1
44 0 847 1
5 103 1104 1
103 5 1104 1
29 38 680 1
38 29 680 1
39 52 892 1
52 39 892 1
49 86 1302 1
86 49 1302 1
77 108 373 1
108 77 373 1
1 80 1054 1
80 1 1054 1
7 67 937 1
67 7 937 1
19 113 1158 1
113 19 1158 1
99 105 287 1
105 99 287 1
102 105 355 1
105 102 355 1
3 110 994 1
110 3 994 1
8 69 1192 1
69 8 1192 1
23 34 949 1
34 23 949 1
34 104 710 1
104 34 710 1
41 77 345 1
77 41 345 1
97 111 292 1
111 97 292 1
38 50 753 1
50 38 753 1
39 69 918 1
69 39 918 1
42 80 740 1
80 42 740 1
69 95 876 1
95 69 876 1
83 96 859 1
96 83 859 1
17 75 351 1
75 17 351 1
43 96 503 1
96 43 503 1
59 115 981 1
115 59 981 1
82 96 637 1
96 82 637 1
87 89 476 1
89 87 476 1
90 97 593 1
97 90 593 1
96 113 315 1
113 96 315 1
99 114 265 1
114 99 265 1
1 69 441 1
69 1 441 1
17 82 1011 1
82 17 1011 1
33 108 673 1
108 33 673 1
79 86 986 1
86 79 986 1
3 12 737 1
12 3 737 1
8 35 1046 1
35 8 1046 1
14 64 1035 1
64 14 1035 1
27 106 796 1
106 27 796 1
34 113 628 1
113 34 628 1
45 107 840 1
107 45 840 1
7 31 345 1
31 7 345 1
15 23 561 1
23 15 561 1
17 42 942 1
42 17 942 1
18 95 915 1
95 18 915 1
1 77 531 1
77 1 531 1
1 98 1107 1
98 1 1107 1
9 15 219 1
15 9 219 1
12 82 376 1
82 12 376 1
18 70 528 1
70 18 528 1
24 45 1393 1
45 24 1393 1
65 105 928 1
105 65 928 1
5 90 1279 1
90 5 1279 1
14 92 1074 1
92 14 1074 1
24 50 1395 1
50 24 1395 1
77 80 662 1
80 77 662 1
25 33 765 1
33 25 765 1
41 76 493 1
76 41 493 1
9 92 1428 1
92 9 1428 1
20 25 402 1
25 20 402 1
27 61 1128 1
61 27 1128 1
30 78 663 1
78 30 663 1
38 98 432 1
98 38 432 1
52 68 984 1
68 52 984 1
57 73 601 1
73 57 601 1
75 81 434 1
81 75 434 1
37 50 906 1
50 37 906 1
57 97 767 1
97 57 767 1
2 25 585 1
25 2 585 1
13 68 978 1
68 13 978 1
36 45 799 1
45 36 799 1
40 74 182 1
74 40 182 1
77 95 322 1
95 77 322 1
8 65 1425 1
65 8 1425 1
8 89 1179 1
89 8 1179 1
10 13 1004 1
13 10 1004 1
11 29 239 1
29 11 239 1
27 94 748 1
94 27 748 1
37 57 643 1
57 37 643 1
57 100 1273 1
100 57 1273 1
75 79 318 1
79 75 318 1
90 91 735 1
91 90 735 1
9 23 475 1
23 9 475 1
37 63 543 1
63 37 543 1
39 56 973 1
56 39 973 1
40 56 722 1
56 40 722 1
55 96 492 1
96 55 492 1
61 90 1156 1
90 61 1156 1
76 98 527 1
98 76 527 1
15 92 1292 1
92 15 1292 1
18 33 288 1
33 18 288 1
30 76 537 1
76 30 537 1
37 45 726 1
45 37 726 1
66 89 963 1
89 66 963 1
76 82 520 1
82 76 520 1
79 111 717 1
111 79 717 1
6 77 737 1
77 6 737 1
20 34 683 1
34 20 683 1
22 25 402 1
25 22 402 1
30 43 1104 1
43 30 1104 1
35 59 475 1
59 35 475 1
92 102 211 1
102 92 211 1
99 101 266 1
101 99 266 1
12 59 1240 1
59 12 1240 1
16 70 409 1
70 16 409 1
26 65 1232 1
65 26 1232 1
27 67 1105 1
67 27 1105 1
30 42 1143 1
42 30 1143 1
59 67 245 1
67 59 245 1
66 92 904 1
92 66 904 1
78 82 455 1
82 78 455 1
4 22 457 1
22 4 457 1
12 23 607 1
23 12 607 1
46 91 577 1
91 46 577 1
57 78 938 1
78 57 938 1
75 101 807 1
101 75 807 1
5 60 1275 1
60 5 1275 1
10 83 1031 1
83 10 1031 1
18 84 897 1
84 18 897 1
29 37 304 1
37 29 304 1
30 108 817 1
108 30 817 1
31 41 528 1
41 31 528 1
37 77 246 1
77 37 246 1
41 79 379 1
79 41 379 1
67 105 903 1
105 67 903 1
2 8 554 1
8 2 554 1
15 113 1069 1
113 15 1069 1
32 108 663 1
108 32 663 1
37 109 343 1
109 37 343 1
51 59 486 1
59 51 486 1
53 74 995 1
74 53 995 1
108 113 292 1
113 108 292 1
36 74 242 1
74 36 242 1
38 80 426 1
80 38 426 1
63 70 849 1
70 63 849 1
67 88 939 1
88 67 939 1
111 113 191 1
113 111 191 1
8 106 905 1
106 8 905 1
34 86 880 1
86 34 880 1
41 73 204 1
73 41 204 1
42 96 429 1
96 42 429 1
50 98 448 1
98 50 448 1
92 115 404 1
115 92 404 1
100 106 280 1
106 100 280 1
3 104 1246 1
104 3 1246 1
30 70 259 1
70 30 259 1
57 75 616 1
75 57 616 1
73 108 560 1
108 73 560 1
98 102 260 1
102 98 260 1
5 23 453 1
23 5 453 1
22 84 1027 1
84 22 1027 1
32 63 656 1
63 32 656 1
91 101 197 1
101 91 197 1
94 105 354 1
105 94 354 1
110 112 272 1
112 110 272 1
6 60 799 1
60 6 799 1
15 100 1225 1
100 15 1225 1
31 34 815 1
34 31 815 1
58 94 820 1
94 58 820 1
74 110 560 1
110 74 560 1
79 83 420 1
83 79 420 1
89 104 710 1
104 89 710 1
107 109 392 1
109 107 392 1
7 8 828 1
8 7 828 1
9 105 1106 1
105 9 1106 1
10 24 654 1
24 10 654 1
20 78 525 1
78 20 525 1
43 80 868 1
80 43 868 1
56 109 765 1
109 56 765 1
82 88 444 1
88 82 444 1
90 94 414 1
94 90 414 1
90 110 460 1
110 90 460 1
22 71 471 1
71 22 471 1
23 59 1157 1
59 23 1157 1
38 43 745 1
43 38 745 1
61 104 1114 1
104 61 1114 1
65 84 1120 1
84 65 1120 1
2 50 1192 1
50 2 1192 1
4 60 1138 1
60 4 1138 1
9 90 1391 1
90 9 1391 1
18 47 993 1
47 18 993 1
19 82 964 1
82 19 964 1
105 108 296 1
108 105 296 1
41 54 714 1
54 41 714 1
46 78 577 1
78 46 577 1
47 70 837 1
70 47 837 1
6 34 815 1
34 6 815 1
21 105 742 1
105 21 742 1
37 40 562 1
40 37 562 1
37 107 342 1
107 37 342 1
69 88 1077 1
88 69 1077 1
100 107 640 1
107 100 640 1
101 102 595 1
102 101 595 1
4 61 1291 1
61 4 1291 1
38 49 943 1
49 38 943 1
75 93 807 1
93 75 807 1
0 79 944 1
79 0 944 1
0 111 985 1
111 0 985 1
8 68 1123 1
68 8 1123 1
19 103 1259 1
103 19 1259 1
39 80 834 1
80 39 834 1
46 81 867 1
81 46 867 1
86 88 460 1
88 86 460 1
99 113 264 1
113 99 264 1
10 88 586 1
88 10 586 1
65 103 905 1
103 65 905 1
19 72 678 1
72 19 678 1
20 87 562 1
87 20 562 1
21 54 704 1
54 21 704 1
27 35 871 1
35 27 871 1
41 55 403 1
55 41 403 1
64 101 1142 1
101 64 1142 1
0 54 794 1
54 0 794 1
5 104 1063 1
104 5 1063 1
13 25 519 1
25 13 519 1
20 83 565 1
83 20 565 1
41 83 252 1
83 41 252 1
77 109 318 1
109 77 318 1
82 91 1133 1
91 82 1133 1
90 111 396 1
111 90 396 1
1 81 501 1
81 1 501 1
4 106 861 1
106 4 861 1
38 44 815 1
44 38 815 1
42 62 705 1
62 42 705 1
49 96 720 1
96 49 720 1
12 92 1168 1
92 12 1168 1
14 102 929 1
102 14 929 1
19 76 599 1
76 19 599 1
22 34 922 1
34 22 922 1
23 58 1186 1
58 23 1186 1
28 30 436 1
30 28 436 1
33 62 690 1
62 33 690 1
60 93 1168 1
93 60 1168 1
70 81 769 1
81 70 769 1
73 95 476 1
95 73 476 1
19 29 673 1
29 19 673 1
22 48 1339 1
48 22 1339 1
26 94 743 1
94 26 743 1
41 98 784 1
98 41 784 1
43 78 794 1
78 43 794 1
48 71 1030 1
71 48 1030 1
9 14 725 1
14 9 725 1
17 111 850 1
111 17 850 1
25 114 1103 1
114 25 1103 1
36 83 816 1
83 36 816 1
50 71 1043 1
71 50 1043 1
55 70 737 1
70 55 737 1
5 13 461 1
13 5 461 1
42 72 843 1
72 42 843 1
71 106 782 1
106 71 782 1
91 112 368 1
112 91 368 1
92 109 522 1
109 92 522 1
5 12 722 1
12 5 722 1
18 31 574 1
31 18 574 1
26 115 841 1
115 26 841 1
29 57 596 1
57 29 596 1
30 82 534 1
82 30 534 1
36 57 914 1
57 36 914 1
42 73 906 1
73 42 906 1
74 99 759 1
99 74 759 1
4 102 1078 1
102 4 1078 1
13 52 1405 1
52 13 1405 1
18 73 675 1
73 18 675 1
31 84 971 1
84 31 971 1
35 58 514 1
58 35 514 1
39 55 254 1
55 39 254 1
57 80 1050 1
80 57 1050 1
57 105 1066 1
105 57 1066 1
78 98 547 1
98 78 547 1
93 100 653 1
100 93 653 1
0 83 1120 1
83 0 1120 1
3 92 1420 1
92 3 1420 1
90 100 182 1
100 90 182 1
97 106 471 1
106 97 471 1
13 96 1032 1
96 13 1032 1
25 104 1095 1
104 25 1095 1
29 75 189 1
75 29 189 1
43 83 972 1
83 43 972 1
91 102 669 1
102 91 669 1
0 78 431 1
78 0 431 1
12 85 1239 1
85 12 1239 1
26 59 1291 1
59 26 1291 1
28 46 774 1
46 28 774 1
75 102 865 1
102 75 865 1
93 95 447 1
95 93 447 1
0 49 1001 1
49 0 1001 1
2 66 917 1
66 2 917 1
26 105 921 1
105 26 921 1
42 53 475 1
53 42 475 1
102 111 440 1
111 102 440 1
23 114 1244 1
114 23 1244 1
37 62 953 1
62 37 953 1
47 74 751 1
74 47 751 1
51 106 972 1
106 51 972 1
76 108 370 1
108 76 370 1
79 82 965 1
82 79 965 1
99 103 258 1
103 99 258 1
3 83 681 1
83 3 681 1
4 58 1292 1
58 4 1292 1
8 102 1117 1
102 8 1117 1
10 58 862 1
58 10 862 1
12 25 617 1
25 12 617 1
42 51 463 1
51 42 463 1
94 114 259 1
114 94 259 1
23 61 1058 1
61 23 1058 1
24 42 1334 1
42 24 1334 1
36 47 622 1
47 36 622 1
37 101 579 1
101 37 579 1
42 79 812 1
79 42 812 1
47 108 359 1
108 47 359 1
55 71 621 1
71 55 621 1
57 112 990 1
112 57 990 1
62 74 590 1
74 62 590 1
92 101 634 1
101 92 634 1
93 112 343 1
112 93 343 1
15 103 975 1
103 15 975 1
17 101 871 1
101 17 871 1
27 59 1253 1
59 27 1253 1
28 99 923 1
99 28 923 1
35 105 686 1
105 35 686 1
102 115 318 1
115 102 318 1
11 65 770 1
65 11 770 1
26 102 984 1
102 26 984 1
39 114 488 1
114 39 488 1
46 110 220 1
110 46 220 1
49 78 930 1
78 49 930 1
70 110 664 1
110 70 664 1
14 91 1235 1
91 14 1235 1
17 55 513 1
55 17 513 1
27 105 897 1
105 27 897 1
53 70 1067 1
70 53 1067 1
92 112 325 1
112 92 325 1
100 105 430 1
105 100 430 1
9 12 856 1
12 9 856 1
10 113 1059 1
113 10 1059 1
26 64 1183 1
64 26 1183 1
30 33 526 1
33 30 526 1
40 44 926 1
44 40 926 1
43 50 494 1
50 43 494 1
60 89 1195 1
89 60 1195 1
0 37 925 1
37 0 925 1
3 6 559 1
6 3 559 1
4 6 536 1
6 4 536 1
20 50 1025 1
50 20 1025 1
49 91 630 1
91 49 630 1
81 82 1081 1
82 81 1081 1
97 103 349 1
103 97 349 1
