116 2668
24 25 135 1
25 24 135 1
44 48 114 1
48 44 114 1
99 111 265 1
111 99 265 1
15 25 386 1
25 15 386 1
42 46 173 1
46 42 173 1
9 15 219 1
15 9 219 1
4 24 144 1
24 4 144 1
9 25 252 1
25 9 252 1
98 111 265 1
111 98 265 1
17 79 135 1
79 17 135 1
99 103 258 1
103 99 258 1
2 6 165 1
6 2 165 1
15 24 514 1
24 15 514 1
16 78 122 1
78 16 122 1
103 111 432 1
111 103 432 1
100 102 87 1
102 100 87 1
68 69 164 1
69 68 164 1
98 99 479 1
99 98 479 1
99 102 560 1
102 99 560 1
76 77 238 1
77 76 238 1
16 81 1063 1
81 16 1063 1
92 93 608 1
93 92 608 1
94 97 266 1
97 94 266 1
38 97 469 1
97 38 469 1
29 37 304 1
37 29 304 1
58 67 368 1
67 58 368 1
98 102 260 1
102 98 260 1
102 111 440 1
111 102 440 1
59 61 271 1
61 59 271 1
10 16 218 1
16 10 218 1
28 80 329 1
80 28 329 1
56 63 1014 1
63 56 1014 1
34 64 445 1
64 34 445 1
105 111 367 1
111 105 367 1
70 74 155 1
74 70 155 1
78 81 1002 1
81 78 1002 1
96 110 214 1
110 96 214 1
29 95 532 1
95 29 532 1
103 105 173 1
105 103 173 1
74 76 203 1
76 74 203 1
72 74 76 1
74 72 76 1
81 87 551 1
87 81 551 1
102 103 508 1
103 102 508 1
17 72 781 1
72 17 781 1
90 92 135 1
92 90 135 1
10 12 181 1
12 10 181 1
22 23 140 1
23 22 140 1
8 26 300 1
26 8 300 1
17 81 182 1
81 17 182 1
104 105 204 1
105 104 204 1
61 63 238 1
63 61 238 1
25 30 292 1
30 25 292 1
99 105 287 1
105 99 287 1
38 55 598 1
55 38 598 1
98 103 555 1
103 98 555 1
24 30 283 1
30 24 283 1
103 113 295 1
113 103 295 1
54 89 853 1
89 54 853 1
66 110 549 1
110 66 549 1
9 24 385 1
24 9 385 1
0 56 174 1
56 0 174 1
75 81 434 1
81 75 434 1
50 52 243 1
52 50 243 1
6 10 299 1
10 6 299 1
72 81 860 1
81 72 860 1
86 87 805 1
87 86 805 1
11 13 168 1
13 11 168 1
20 26 232 1
26 20 232 1
16 87 1049 1
87 16 1049 1
78 80 116 1
80 78 116 1
74 77 362 1
77 74 362 1
38 94 246 1
94 38 246 1
29 74 571 1
74 29 571 1
72 79 733 1
79 72 733 1
95 97 97 1
97 95 97 1
0 63 1010 1
63 0 1010 1
104 115 184 1
115 104 184 1
60 65 898 1
65 60 898 1
70 77 376 1
77 70 376 1
96 98 184 1
98 96 184 1
0 78 431 1
78 0 431 1
4 25 258 1
25 4 258 1
8 25 389 1
25 8 389 1
34 35 126 1
35 34 126 1
34 66 268 1
66 34 268 1
55 89 213 1
89 55 213 1
56 61 920 1
61 56 920 1
85 89 220 1
89 85 220 1
96 97 322 1
97 96 322 1
104 113 229 1
113 104 229 1
29 77 357 1
77 29 357 1
57 61 216 1
61 57 216 1
55 97 173 1
97 55 173 1
94 95 213 1
95 94 213 1
95 108 123 1
108 95 123 1
98 105 417 1
105 98 417 1
54 86 568 1
86 54 568 1
98 100 250 1
100 98 250 1
99 100 610 1
100 99 610 1
3 7 185 1
7 3 185 1
89 99 398 1
99 89 398 1
10 87 1058 1
87 10 1058 1
29 40 655 1
40 29 655 1
55 102 675 1
102 55 675 1
29 79 257 1
79 29 257 1
12 17 1046 1
17 12 1046 1
97 108 170 1
108 97 170 1
2 3 405 1
3 2 405 1
40 82 231 1
82 40 231 1
0 16 380 1
16 0 380 1
8 24 258 1
24 8 258 1
89 102 866 1
102 89 866 1
6 62 702 1
62 6 702 1
80 84 162 1
84 80 162 1
86 89 1016 1
89 86 1016 1
87 89 476 1
89 87 476 1
54 55 651 1
55 54 651 1
13 30 546 1
30 13 546 1
37 79 267 1
79 37 267 1
94 96 89 1
96 94 89 1
41 89 415 1
89 41 415 1
96 99 428 1
99 96 428 1
55 85 300 1
85 55 300 1
86 88 460 1
88 86 460 1
90 95 589 1
95 90 589 1
102 105 355 1
105 102 355 1
8 15 741 1
15 8 741 1
103 104 369 1
104 103 369 1
57 63 249 1
63 57 249 1
3 23 271 1
23 3 271 1
43 47 146 1
47 43 146 1
70 72 158 1
72 70 158 1
29 70 512 1
70 29 512 1
36 38 122 1
38 36 122 1
10 89 1185 1
89 10 1185 1
16 89 1095 1
89 16 1095 1
32 33 149 1
33 32 149 1
38 39 465 1
39 38 465 1
63 78 1033 1
78 63 1033 1
2 10 438 1
10 2 438 1
16 99 951 1
99 16 951 1
36 82 401 1
82 36 401 1
45 50 474 1
50 45 474 1
10 99 1105 1
99 10 1105 1
94 108 97 1
108 94 97 1
92 101 634 1
101 92 634 1
72 78 300 1
78 72 300 1
16 111 812 1
111 16 812 1
35 110 305 1
110 35 305 1
73 75 84 1
75 73 84 1
4 15 597 1
15 4 597 1
14 23 650 1
23 14 650 1
26 95 736 1
95 26 736 1
101 113 350 1
113 101 350 1
23 64 1238 1
64 23 1238 1
54 88 224 1
88 54 224 1
84 85 1130 1
85 84 1130 1
16 63 1092 1
63 16 1092 1
28 72 116 1
72 28 116 1
39 55 254 1
55 39 254 1
38 82 362 1
82 38 362 1
51 85 514 1
85 51 514 1
90 91 735 1
91 90 735 1
90 93 690 1
93 90 690 1
37 40 562 1
40 37 562 1
0 57 825 1
57 0 825 1
15 26 469 1
26 15 469 1
6 89 1224 1
89 6 1224 1
9 42 1383 1
42 9 1383 1
16 41 813 1
41 16 813 1
41 87 263 1
87 41 263 1
12 62 664 1
62 12 664 1
96 104 297 1
104 96 297 1
104 114 171 1
114 104 171 1
16 102 798 1
102 16 798 1
6 60 799 1
60 6 799 1
56 59 788 1
59 56 788 1
70 76 285 1
76 70 285 1
10 111 999 1
111 10 999 1
5 9 157 1
9 5 157 1
96 105 387 1
105 96 387 1
4 26 161 1
26 4 161 1
91 113 366 1
113 91 366 1
13 15 277 1
15 13 277 1
55 100 739 1
100 55 739 1
72 75 453 1
75 72 453 1
79 81 136 1
81 79 136 1
37 95 241 1
95 37 241 1
98 104 286 1
104 98 286 1
3 6 559 1
6 3 559 1
3 34 810 1
34 3 810 1
25 26 225 1
26 25 225 1
40 74 182 1
74 40 182 1
73 81 406 1
81 73 406 1
102 104 159 1
104 102 159 1
104 108 301 1
108 104 301 1
26 90 1088 1
90 26 1088 1
81 86 1091 1
86 81 1091 1
49 67 315 1
67 49 315 1
59 60 718 1
60 59 718 1
105 106 359 1
106 105 359 1
32 66 416 1
66 32 416 1
42 44 208 1
44 42 208 1
104 110 417 1
110 104 417 1
34 44 373 1
44 34 373 1
60 62 241 1
62 60 241 1
82 85 1121 1
85 82 1121 1
10 81 1126 1
81 10 1126 1
108 110 194 1
110 108 194 1
11 17 224 1
17 11 224 1
72 76 257 1
76 72 257 1
35 77 284 1
77 35 284 1
1 59 541 1
59 1 541 1
10 61 1158 1
61 10 1158 1
10 102 973 1
102 10 973 1
17 75 351 1
75 17 351 1
41 54 714 1
54 41 714 1
55 99 216 1
99 55 216 1
90 108 470 1
108 90 470 1
45 49 111 1
49 45 111 1
89 111 640 1
111 89 640 1
53 80 1109 1
80 53 1109 1
64 66 392 1
66 64 392 1
74 79 666 1
79 74 666 1
1 57 172 1
57 1 172 1
27 74 478 1
74 27 478 1
54 99 587 1
99 54 587 1
56 57 840 1
57 56 840 1
75 79 318 1
79 75 318 1
10 41 849 1
41 10 849 1
88 89 1035 1
89 88 1035 1
22 30 218 1
30 22 218 1
15 30 522 1
30 15 522 1
38 96 284 1
96 38 284 1
40 80 433 1
80 40 433 1
55 88 845 1
88 55 845 1
28 63 1049 1
63 28 1049 1
54 87 939 1
87 54 939 1
97 100 590 1
100 97 590 1
21 71 214 1
71 21 214 1
29 72 629 1
72 29 629 1
103 114 282 1
114 103 282 1
105 115 176 1
115 105 176 1
10 57 1032 1
57 10 1032 1
24 26 201 1
26 24 201 1
54 81 951 1
81 54 951 1
3 14 804 1
14 3 804 1
87 102 995 1
102 87 995 1
6 12 248 1
12 6 248 1
40 95 491 1
95 40 491 1
4 8 148 1
8 4 148 1
28 61 1076 1
61 28 1076 1
32 64 603 1
64 32 603 1
71 73 163 1
73 71 163 1
96 111 286 1
111 96 286 1
16 17 998 1
17 16 998 1
23 34 949 1
34 23 949 1
41 83 252 1
83 41 252 1
100 105 430 1
105 100 430 1
98 113 276 1
113 98 276 1
29 108 631 1
108 29 631 1
41 99 593 1
99 41 593 1
84 86 610 1
86 84 610 1
7 64 1244 1
64 7 1244 1
38 95 382 1
95 38 382 1
42 66 473 1
66 42 473 1
12 79 1029 1
79 12 1029 1
90 101 719 1
101 90 719 1
23 62 1065 1
62 23 1065 1
29 90 1092 1
90 29 1092 1
28 56 545 1
56 28 545 1
38 40 158 1
40 38 158 1
55 94 428 1
94 55 428 1
35 66 331 1
66 35 331 1
88 112 672 1
112 88 672 1
75 87 423 1
87 75 423 1
91 104 542 1
104 91 542 1
7 22 454 1
22 7 454 1
76 79 567 1
79 76 567 1
80 85 1121 1
85 80 1121 1
38 114 469 1
114 38 469 1
59 67 245 1
67 59 245 1
4 30 322 1
30 4 322 1
22 64 1169 1
64 22 1169 1
37 74 520 1
74 37 520 1
56 78 391 1
78 56 391 1
57 78 938 1
78 57 938 1
96 108 167 1
108 96 167 1
6 87 1046 1
87 6 1046 1
26 40 419 1
40 26 419 1
46 47 309 1
47 46 309 1
52 74 808 1
74 52 808 1
56 58 427 1
58 56 427 1
27 48 1308 1
48 27 1308 1
81 89 308 1
89 81 308 1
97 112 339 1
112 97 339 1
15 20 521 1
20 15 521 1
22 62 972 1
62 22 972 1
28 78 272 1
78 28 272 1
96 115 214 1
115 96 214 1
100 103 576 1
103 100 576 1
26 108 761 1
108 26 761 1
31 33 517 1
33 31 517 1
36 80 330 1
80 36 330 1
41 111 726 1
111 41 726 1
74 75 389 1
75 74 389 1
8 95 956 1
95 8 956 1
13 25 519 1
25 13 519 1
10 62 483 1
62 10 483 1
57 59 382 1
59 57 382 1
27 29 470 1
29 27 470 1
80 81 1113 1
81 80 1113 1
36 40 213 1
40 36 213 1
16 72 287 1
72 16 287 1
20 40 225 1
40 20 225 1
23 84 1113 1
84 23 1113 1
4 20 334 1
20 4 334 1
6 65 1218 1
65 6 1218 1
53 57 825 1
57 53 825 1
100 112 410 1
112 100 410 1
79 100 1051 1
100 79 1051 1
13 24 641 1
24 13 641 1
16 103 1073 1
103 16 1073 1
37 55 221 1
55 37 221 1
34 48 431 1
48 34 431 1
92 95 594 1
95 92 594 1
10 63 1159 1
63 10 1159 1
41 81 452 1
81 41 452 1
44 50 287 1
50 44 287 1
55 86 895 1
86 55 895 1
99 113 264 1
113 99 264 1
100 111 457 1
111 100 457 1
32 34 327 1
34 32 327 1
53 55 448 1
55 53 448 1
6 7 710 1
7 6 710 1
29 76 555 1
76 29 555 1
41 103 653 1
103 41 653 1
53 61 678 1
61 53 678 1
3 22 347 1
22 3 347 1
3 64 1134 1
64 3 1134 1
9 66 1299 1
66 9 1299 1
96 100 371 1
100 96 371 1
80 82 469 1
82 80 469 1
81 102 1052 1
102 81 1052 1
98 110 300 1
110 98 300 1
40 79 762 1
79 40 762 1
2 41 826 1
41 2 826 1
2 89 1170 1
89 2 1170 1
16 54 493 1
54 16 493 1
39 114 488 1
114 39 488 1
6 41 867 1
41 6 867 1
63 80 1146 1
80 63 1146 1
85 102 967 1
102 85 967 1
10 17 1029 1
17 10 1029 1
36 37 542 1
37 36 542 1
39 94 407 1
94 39 407 1
17 78 955 1
78 17 955 1
6 64 941 1
64 6 941 1
38 108 316 1
108 38 316 1
55 87 559 1
87 55 559 1
105 114 152 1
114 105 152 1
3 31 315 1
31 3 315 1
47 81 624 1
81 47 624 1
85 86 1120 1
86 85 1120 1
85 103 609 1
103 85 609 1
10 78 335 1
78 10 335 1
89 103 468 1
103 89 468 1
88 107 781 1
107 88 781 1
102 115 318 1
115 102 318 1
0 81 1076 1
81 0 1076 1
2 54 984 1
54 2 984 1
22 93 1426 1
93 22 1426 1
28 36 321 1
36 28 321 1
53 85 491 1
85 53 491 1
96 102 343 1
102 96 343 1
58 59 496 1
59 58 496 1
60 64 187 1
64 60 187 1
35 108 425 1
108 35 425 1
101 112 405 1
112 101 405 1
102 113 317 1
113 102 317 1
7 49 1147 1
49 7 1147 1
87 99 759 1
99 87 759 1
16 98 666 1
98 16 666 1
31 77 552 1
77 31 552 1
38 112 604 1
112 38 604 1
42 48 243 1
48 42 243 1
78 85 1017 1
85 78 1017 1
99 114 265 1
114 99 265 1
39 97 289 1
97 39 289 1
51 64 852 1
64 51 852 1
0 10 381 1
10 0 381 1
73 74 458 1
74 73 458 1
104 111 377 1
111 104 377 1
8 30 385 1
30 8 385 1
12 87 1021 1
87 12 1021 1
35 42 425 1
42 35 425 1
38 54 263 1
54 38 263 1
75 84 839 1
84 75 839 1
91 112 368 1
112 91 368 1
90 113 376 1
113 90 376 1
99 104 430 1
104 99 430 1
37 108 355 1
108 37 355 1
17 100 1170 1
100 17 1170 1
51 103 737 1
103 51 737 1
54 107 612 1
107 54 612 1
12 102 1064 1
102 12 1064 1
19 77 567 1
77 19 567 1
22 44 1293 1
44 22 1293 1
25 42 1319 1
42 25 1319 1
73 78 740 1
78 73 740 1
2 99 1219 1
99 2 1219 1
16 61 1070 1
61 16 1070 1
39 102 700 1
102 39 700 1
93 95 447 1
95 93 447 1
99 112 272 1
112 99 272 1
108 115 135 1
115 108 135 1
19 33 238 1
33 19 238 1
87 103 754 1
103 87 754 1
100 108 467 1
108 100 467 1
21 41 236 1
41 21 236 1
17 87 519 1
87 17 519 1
28 81 975 1
81 28 975 1
76 109 320 1
109 76 320 1
91 110 456 1
110 91 456 1
38 88 311 1
88 38 311 1
39 96 494 1
96 39 494 1
91 103 258 1
103 91 258 1
16 75 702 1
75 16 702 1
26 29 574 1
29 26 574 1
39 99 432 1
99 39 432 1
108 113 292 1
113 108 292 1
2 7 566 1
7 2 566 1
61 89 738 1
89 61 738 1
47 111 188 1
111 47 188 1
62 84 326 1
84 62 326 1
9 30 478 1
30 9 478 1
96 112 337 1
112 96 337 1
10 103 1219 1
103 10 1219 1
47 98 442 1
98 47 442 1
96 103 531 1
103 96 531 1
104 106 195 1
106 104 195 1
55 108 332 1
108 55 332 1
55 112 466 1
112 55 466 1
58 106 1039 1
106 58 1039 1
78 87 1016 1
87 78 1016 1
89 114 592 1
114 89 592 1
2 18 379 1
18 2 379 1
5 105 1032 1
105 5 1032 1
14 84 681 1
84 14 681 1
53 63 685 1
63 53 685 1
81 99 581 1
99 81 581 1
39 111 575 1
111 39 575 1
75 78 667 1
78 75 667 1
91 98 616 1
98 91 616 1
9 26 419 1
26 9 419 1
55 81 401 1
81 55 401 1
97 99 180 1
99 97 180 1
100 115 381 1
115 100 381 1
110 115 264 1
115 110 264 1
111 114 232 1
114 111 232 1
54 102 313 1
102 54 313 1
91 101 197 1
101 91 197 1
27 44 1251 1
44 27 1251 1
3 18 417 1
18 3 417 1
49 64 714 1
64 49 714 1
8 29 833 1
29 8 833 1
9 46 1294 1
46 9 1294 1
12 99 1189 1
99 12 1189 1
55 113 437 1
113 55 437 1
96 113 315 1
113 96 315 1
100 106 280 1
106 100 280 1
105 110 411 1
110 105 411 1
6 54 918 1
54 6 918 1
51 87 1076 1
87 51 1076 1
54 57 1038 1
57 54 1038 1
17 37 368 1
37 17 368 1
85 114 680 1
114 85 680 1
111 113 191 1
113 111 191 1
10 54 681 1
54 10 681 1
62 86 828 1
86 62 828 1
82 86 143 1
86 82 143 1
102 112 391 1
112 102 391 1
110 113 304 1
113 110 304 1
2 87 993 1
87 2 993 1
20 24 393 1
24 20 393 1
23 86 866 1
86 23 866 1
35 90 713 1
90 35 713 1
12 72 358 1
72 12 358 1
46 68 860 1
68 46 860 1
51 84 1058 1
84 51 1058 1
27 79 707 1
79 27 707 1
29 35 608 1
35 29 608 1
39 98 655 1
98 39 655 1
81 111 760 1
111 81 760 1
5 104 1063 1
104 5 1063 1
56 80 431 1
80 56 431 1
72 73 517 1
73 72 517 1
37 113 578 1
113 37 578 1
2 62 788 1
62 2 788 1
37 72 595 1
72 37 595 1
69 96 887 1
96 69 887 1
26 94 743 1
94 26 743 1
72 77 430 1
77 72 430 1
1 61 385 1
61 1 385 1
4 5 350 1
5 4 350 1
37 75 239 1
75 37 239 1
102 114 295 1
114 102 295 1
81 85 175 1
85 81 175 1
15 92 1292 1
92 15 1292 1
21 28 487 1
28 21 487 1
56 67 623 1
67 56 623 1
90 110 460 1
110 90 460 1
16 85 1095 1
85 16 1095 1
17 102 1111 1
102 17 1111 1
85 111 651 1
111 85 651 1
62 64 300 1
64 62 300 1
88 97 687 1
97 88 687 1
0 61 943 1
61 0 943 1
44 64 436 1
64 44 436 1
108 109 87 1
109 108 87 1
16 86 543 1
86 16 543 1
17 86 1035 1
86 17 1035 1
31 34 815 1
34 31 815 1
21 83 382 1
83 21 382 1
28 70 247 1
70 28 247 1
8 20 420 1
20 8 420 1
9 44 1434 1
44 9 1434 1
15 42 1223 1
42 15 1223 1
28 57 964 1
57 28 964 1
53 75 842 1
75 53 842 1
57 81 488 1
81 57 488 1
85 113 705 1
113 85 705 1
90 104 351 1
104 90 351 1
10 60 650 1
60 10 650 1
26 36 616 1
36 26 616 1
55 98 606 1
98 55 606 1
94 100 422 1
100 94 422 1
113 114 95 1
114 113 95 1
14 93 1238 1
93 14 1238 1
16 80 152 1
80 16 152 1
27 75 419 1
75 27 419 1
40 72 200 1
72 40 200 1
70 79 638 1
79 70 638 1
17 55 513 1
55 17 513 1
31 44 1185 1
44 31 1185 1
46 110 220 1
110 46 220 1
72 80 384 1
80 72 384 1
10 75 732 1
75 10 732 1
35 46 430 1
46 35 430 1
39 89 325 1
89 39 325 1
41 102 822 1
102 41 822 1
44 46 353 1
46 44 353 1
53 81 650 1
81 53 650 1
6 86 719 1
86 6 719 1
12 60 825 1
60 12 825 1
16 56 380 1
56 16 380 1
28 53 1155 1
53 28 1155 1
37 94 426 1
94 37 426 1
40 76 327 1
76 40 327 1
54 61 1045 1
61 54 1045 1
27 37 597 1
37 27 597 1
34 110 327 1
110 34 327 1
53 84 1054 1
84 53 1054 1
56 72 566 1
72 56 566 1
76 78 312 1
78 76 312 1
112 113 116 1
113 112 116 1
3 5 603 1
5 3 603 1
17 53 802 1
53 17 802 1
57 80 1050 1
80 57 1050 1
10 86 544 1
86 10 544 1
28 71 506 1
71 28 506 1
40 70 311 1
70 40 311 1
45 58 519 1
58 45 519 1
55 111 434 1
111 55 434 1
85 87 616 1
87 85 616 1
18 54 967 1
54 18 967 1
20 36 396 1
36 20 396 1
37 97 271 1
97 37 271 1
51 53 271 1
53 51 271 1
61 78 1006 1
78 61 1006 1
68 90 1109 1
90 68 1109 1
76 81 691 1
81 76 691 1
106 107 486 1
107 106 486 1
7 51 1137 1
51 7 1137 1
24 42 1334 1
42 24 1334 1
43 50 494 1
50 43 494 1
55 79 394 1
79 55 394 1
64 65 897 1
65 64 897 1
83 87 158 1
87 83 158 1
36 94 246 1
94 36 246 1
69 98 991 1
98 69 991 1
100 104 240 1
104 100 240 1
26 93 1144 1
93 26 1144 1
46 66 543 1
66 46 543 1
78 102 697 1
102 78 697 1
88 100 425 1
100 88 425 1
99 106 562 1
106 99 562 1
60 61 893 1
61 60 893 1
11 72 773 1
72 11 773 1
12 16 384 1
16 12 384 1
16 57 981 1
57 16 981 1
42 93 614 1
93 42 614 1
52 80 618 1
80 52 618 1
53 89 552 1
89 53 552 1
77 79 329 1
79 77 329 1
14 22 562 1
22 14 562 1
20 30 328 1
30 20 328 1
31 46 1090 1
46 31 1090 1
36 90 508 1
90 36 508 1
65 89 679 1
89 65 679 1
78 98 547 1
98 78 547 1
8 14 205 1
14 8 205 1
19 70 573 1
70 19 573 1
22 25 402 1
25 22 402 1
23 51 1340 1
51 23 1340 1
37 101 579 1
101 37 579 1
52 84 487 1
84 52 487 1
98 115 287 1
115 98 287 1
34 42 401 1
42 34 401 1
51 62 1045 1
62 51 1045 1
51 89 661 1
89 51 661 1
52 53 746 1
53 52 746 1
8 9 638 1
9 8 638 1
29 97 574 1
97 29 574 1
87 111 938 1
111 87 938 1
5 15 278 1
15 5 278 1
27 72 496 1
72 27 496 1
9 90 1391 1
90 9 1391 1
11 53 1019 1
53 11 1019 1
12 81 1161 1
81 12 1161 1
20 25 402 1
25 20 402 1
48 50 202 1
50 48 202 1
63 81 293 1
81 63 293 1
63 89 569 1
89 63 569 1
70 95 587 1
95 70 587 1
92 108 488 1
108 92 488 1
8 13 868 1
13 8 868 1
12 57 1101 1
57 12 1101 1
35 95 421 1
95 35 421 1
37 90 825 1
90 37 825 1
55 96 492 1
96 55 492 1
62 89 1215 1
89 62 1215 1
5 25 129 1
25 5 129 1
52 70 942 1
70 52 942 1
78 89 1017 1
89 78 1017 1
78 111 693 1
111 78 693 1
82 84 544 1
84 82 544 1
84 89 1110 1
89 84 1110 1
88 99 803 1
99 88 803 1
11 59 879 1
59 11 879 1
42 77 643 1
77 42 643 1
70 90 900 1
90 70 900 1
73 87 395 1
87 73 395 1
6 83 986 1
83 6 986 1
40 55 690 1
55 40 690 1
77 95 322 1
95 77 322 1
85 99 448 1
99 85 448 1
6 99 1231 1
99 6 1231 1
7 23 337 1
23 7 337 1
11 12 972 1
12 11 972 1
11 45 1014 1
45 11 1014 1
12 100 1084 1
100 12 1084 1
15 95 730 1
95 15 730 1
40 52 792 1
52 40 792 1
49 58 594 1
58 49 594 1
55 82 916 1
82 55 916 1
5 26 263 1
26 5 263 1
11 61 675 1
61 11 675 1
12 75 743 1
75 12 743 1
29 94 678 1
94 29 678 1
31 42 1171 1
42 31 1171 1
39 115 411 1
115 39 411 1
69 110 773 1
110 69 773 1
91 92 669 1
92 91 669 1
32 67 439 1
67 32 439 1
70 73 402 1
73 70 402 1
72 109 524 1
109 72 524 1
9 95 899 1
95 9 899 1
23 93 1407 1
93 23 1407 1
40 97 584 1
97 40 584 1
40 101 898 1
101 40 898 1
46 69 840 1
69 46 840 1
75 86 685 1
86 75 685 1
0 89 1205 1
89 0 1205 1
0 111 985 1
111 0 985 1
38 113 550 1
113 38 550 1
2 111 1185 1
111 2 1185 1
15 90 1267 1
90 15 1267 1
28 52 856 1
52 28 856 1
28 74 188 1
74 28 188 1
68 82 1040 1
82 68 1040 1
81 84 1146 1
84 81 1146 1
103 115 322 1
115 103 322 1
109 113 333 1
113 109 333 1
39 104 557 1
104 39 557 1
68 98 994 1
98 68 994 1
2 60 843 1
60 2 843 1
77 90 787 1
90 77 787 1
97 113 312 1
113 97 312 1
8 40 521 1
40 8 521 1
22 42 1301 1
42 22 1301 1
74 95 497 1
95 74 497 1
86 102 712 1
102 86 712 1
97 102 534 1
102 97 534 1
14 31 528 1
31 14 528 1
19 46 977 1
46 19 977 1
40 78 376 1
78 40 376 1
41 86 672 1
86 41 672 1
53 87 998 1
87 53 998 1
67 106 941 1
106 67 941 1
68 104 1183 1
104 68 1183 1
78 109 527 1
109 78 527 1
89 112 666 1
112 89 666 1
93 108 478 1
108 93 478 1
97 104 399 1
104 97 399 1
28 84 456 1
84 28 456 1
71 75 163 1
75 71 163 1
92 112 325 1
112 92 325 1
114 115 96 1
115 114 96 1
17 63 324 1
63 17 324 1
27 108 748 1
108 27 748 1
44 45 194 1
45 44 194 1
104 109 377 1
109 104 377 1
4 9 500 1
9 4 500 1
20 82 329 1
82 20 329 1
45 67 282 1
67 45 282 1
84 87 1148 1
87 84 1148 1
1 18 493 1
18 1 493 1
11 57 518 1
57 11 518 1
13 83 347 1
83 13 347 1
63 111 831 1
111 63 831 1
95 101 458 1
101 95 458 1
0 99 1111 1
99 0 1111 1
9 13 376 1
13 9 376 1
21 36 510 1
36 21 510 1
21 84 830 1
84 21 830 1
12 111 1115 1
111 12 1115 1
22 34 922 1
34 22 922 1
33 44 737 1
44 33 737 1
38 85 837 1
85 38 837 1
38 104 427 1
104 38 427 1
82 94 609 1
94 82 609 1
88 113 635 1
113 88 635 1
109 115 211 1
115 109 211 1
0 28 492 1
28 0 492 1
0 54 794 1
54 0 794 1
19 31 589 1
31 19 589 1
20 95 541 1
95 20 541 1
31 74 479 1
74 31 479 1
52 93 761 1
93 52 761 1
55 114 395 1
114 55 395 1
10 65 1203 1
65 10 1203 1
19 27 874 1
27 19 874 1
74 80 415 1
80 74 415 1
79 98 871 1
98 79 871 1
81 100 1112 1
100 81 1112 1
88 101 935 1
101 88 935 1
66 91 902 1
91 66 902 1
94 112 366 1
112 94 366 1
36 39 517 1
39 36 517 1
90 112 377 1
112 90 377 1
28 75 567 1
75 28 567 1
53 88 1043 1
88 53 1043 1
59 63 501 1
63 59 501 1
75 85 521 1
85 75 521 1
96 114 265 1
114 96 265 1
97 106 471 1
106 97 471 1
98 112 277 1
112 98 277 1
12 51 1375 1
51 12 1375 1
12 103 1282 1
103 12 1282 1
22 24 386 1
24 22 386 1
47 99 231 1
99 47 231 1
98 106 320 1
106 98 320 1
35 48 491 1
48 35 491 1
8 93 1382 1
93 8 1382 1
25 95 871 1
95 25 871 1
26 35 893 1
35 26 893 1
46 48 368 1
48 46 368 1
55 57 743 1
57 55 743 1
11 60 1139 1
60 11 1139 1
26 27 135 1
27 26 135 1
26 92 1145 1
92 26 1145 1
42 52 325 1
52 42 325 1
43 52 553 1
52 43 553 1
43 81 665 1
81 43 665 1
113 115 188 1
115 113 188 1
51 111 516 1
111 51 516 1
62 65 1049 1
65 62 1049 1
66 67 177 1
67 66 177 1
75 76 374 1
76 75 374 1
79 102 994 1
102 79 994 1
86 99 956 1
99 86 956 1
11 83 383 1
83 11 383 1
17 74 721 1
74 17 721 1
31 76 584 1
76 31 584 1
69 113 1075 1
113 69 1075 1
88 102 433 1
102 88 433 1
0 80 485 1
80 0 485 1
3 44 1158 1
44 3 1158 1
33 48 801 1
48 33 801 1
47 102 619 1
102 47 619 1
73 76 450 1
76 73 450 1
17 76 648 1
76 17 648 1
18 56 478 1
56 18 478 1
10 59 1121 1
59 10 1121 1
12 47 1162 1
47 12 1162 1
27 77 594 1
77 27 594 1
29 73 113 1
73 29 113 1
37 38 515 1
38 37 515 1
55 103 351 1
103 55 351 1
13 60 1245 1
60 13 1245 1
16 73 769 1
73 16 769 1
37 81 336 1
81 37 336 1
54 100 319 1
100 54 319 1
94 110 220 1
110 94 220 1
9 22 564 1
22 9 564 1
22 48 1339 1
48 22 1339 1
23 44 1318 1
44 23 1318 1
68 110 813 1
110 68 813 1
17 57 439 1
57 17 439 1
18 19 147 1
19 18 147 1
25 35 978 1
35 25 978 1
75 80 775 1
80 75 775 1
91 106 697 1
106 91 697 1
6 51 1338 1
51 6 1338 1
26 30 321 1
30 26 321 1
26 38 554 1
38 26 554 1
37 52 879 1
52 37 879 1
38 100 515 1
100 38 515 1
47 100 643 1
100 47 643 1
54 111 422 1
111 54 422 1
95 112 395 1
112 95 395 1
99 115 285 1
115 99 285 1
7 30 462 1
30 7 462 1
23 83 710 1
83 23 710 1
36 56 615 1
56 36 615 1
39 108 341 1
108 39 341 1
62 87 1274 1
87 62 1274 1
78 99 844 1
99 78 844 1
29 101 860 1
101 29 860 1
41 71 317 1
71 41 317 1
51 65 287 1
65 51 287 1
103 110 496 1
110 103 496 1
9 92 1428 1
92 9 1428 1
9 108 974 1
108 9 974 1
16 55 931 1
55 16 931 1
19 47 942 1
47 19 942 1
40 109 467 1
109 40 467 1
54 83 966 1
83 54 966 1
68 96 891 1
96 68 891 1
74 78 322 1
78 74 322 1
3 86 986 1
86 3 986 1
20 38 349 1
38 20 349 1
36 95 408 1
95 36 408 1
53 78 1035 1
78 53 1035 1
71 83 425 1
83 71 425 1
82 97 814 1
97 82 814 1
86 100 753 1
100 86 753 1
25 90 1282 1
90 25 1282 1
27 70 417 1
70 27 417 1
46 77 585 1
77 46 585 1
68 115 1040 1
115 68 1040 1
87 88 1035 1
88 87 1035 1
0 72 516 1
72 0 516 1
14 34 879 1
34 14 879 1
36 71 552 1
71 36 552 1
63 98 1024 1
98 63 1024 1
68 97 933 1
97 68 933 1
69 109 801 1
109 69 801 1
9 110 1098 1
110 9 1098 1
17 29 223 1
29 17 223 1
27 73 417 1
73 27 417 1
29 52 1136 1
52 29 1136 1
42 90 472 1
90 42 472 1
55 78 841 1
78 55 841 1
68 106 1131 1
106 68 1131 1
69 104 1167 1
104 69 1167 1
74 81 792 1
81 74 792 1
89 100 936 1
100 89 936 1
94 104 298 1
104 94 298 1
7 83 551 1
83 7 551 1
10 72 309 1
72 10 309 1
12 55 1107 1
55 12 1107 1
52 92 317 1
92 52 317 1
53 56 1149 1
56 53 1149 1
54 85 906 1
85 54 906 1
78 79 878 1
79 78 878 1
78 82 455 1
82 78 455 1
95 109 146 1
109 95 146 1
97 98 437 1
98 97 437 1
6 88 860 1
88 6 860 1
17 54 969 1
54 17 969 1
24 58 1328 1
58 24 1328 1
37 70 546 1
70 37 546 1
57 89 760 1
89 57 760 1
81 98 940 1
98 81 940 1
82 95 720 1
95 82 720 1
37 78 740 1
78 37 740 1
38 89 763 1
89 38 763 1
73 82 720 1
82 73 720 1
77 109 318 1
109 77 318 1
10 51 1261 1
51 10 1261 1
29 109 610 1
109 29 610 1
39 54 618 1
54 39 618 1
54 97 484 1
97 54 484 1
96 106 277 1
106 96 277 1
25 66 1220 1
66 25 1220 1
36 53 880 1
53 36 880 1
46 90 324 1
90 46 324 1
47 79 596 1
79 47 596 1
79 108 585 1
108 79 585 1
84 88 224 1
88 84 224 1
87 100 1075 1
100 87 1075 1
5 7 538 1
7 5 538 1
81 82 1081 1
82 81 1081 1
111 115 269 1
115 111 269 1
6 23 465 1
23 6 465 1
108 112 335 1
112 108 335 1
40 85 900 1
85 40 900 1
42 50 271 1
50 42 271 1
97 109 174 1
109 97 174 1
13 22 606 1
22 13 606 1
28 73 629 1
73 28 629 1
3 62 1020 1
62 3 1020 1
2 16 591 1
16 2 591 1
5 96 975 1
96 5 975 1
10 85 1188 1
85 10 1188 1
25 49 1387 1
49 25 1387 1
36 84 341 1
84 36 341 1
104 112 332 1
112 104 332 1
10 98 865 1
98 10 865 1
13 58 1244 1
58 13 1244 1
20 90 881 1
90 20 881 1
53 102 802 1
102 53 802 1
68 108 915 1
108 68 915 1
9 35 1031 1
35 9 1031 1
16 28 220 1
28 16 220 1
16 53 1146 1
53 16 1146 1
17 99 704 1
99 17 704 1
40 108 451 1
108 40 451 1
43 46 341 1
46 43 341 1
46 52 244 1
52 46 244 1
90 94 414 1
94 90 414 1
8 35 1046 1
35 8 1046 1
13 71 401 1
71 13 401 1
29 75 189 1
75 29 189 1
35 94 438 1
94 35 438 1
69 115 1010 1
115 69 1010 1
79 109 545 1
109 79 545 1
85 98 861 1
98 85 861 1
97 115 218 1
115 97 218 1
103 112 375 1
112 103 375 1
17 47 731 1
47 17 731 1
17 80 1070 1
80 17 1070 1
38 99 625 1
99 38 625 1
51 86 1310 1
86 51 1310 1
105 113 210 1
113 105 210 1
9 48 1507 1
48 9 1507 1
12 89 1220 1
89 12 1220 1
14 19 916 1
19 14 916 1
35 76 333 1
76 35 333 1
36 68 821 1
68 36 821 1
5 106 957 1
106 5 957 1
9 20 557 1
20 9 557 1
34 51 562 1
51 34 562 1
91 105 371 1
105 91 371 1
6 22 333 1
22 6 333 1
21 53 1018 1
53 21 1018 1
38 86 366 1
86 38 366 1
39 63 657 1
63 39 657 1
39 103 503 1
103 39 503 1
92 107 674 1
107 92 674 1
100 113 356 1
113 100 356 1
7 65 934 1
65 7 934 1
9 32 937 1
32 9 937 1
9 49 1399 1
49 9 1399 1
27 31 339 1
31 27 339 1
48 64 369 1
64 48 369 1
21 75 222 1
75 21 222 1
31 70 334 1
70 31 334 1
32 49 731 1
49 32 731 1
37 100 814 1
100 37 814 1
93 101 103 1
101 93 103 1
1 60 923 1
60 1 923 1
3 33 424 1
33 3 424 1
16 100 798 1
100 16 798 1
37 82 780 1
82 37 780 1
38 115 384 1
115 38 384 1
39 105 458 1
105 39 458 1
10 100 983 1
100 10 983 1
20 68 909 1
68 20 909 1
21 89 648 1
89 21 648 1
41 114 639 1
114 41 639 1
63 85 364 1
85 63 364 1
27 95 702 1
95 27 702 1
31 93 1221 1
93 31 1221 1
47 54 568 1
54 47 568 1
69 100 1235 1
100 69 1235 1
2 86 809 1
86 2 809 1
10 11 986 1
11 10 986 1
28 40 248 1
40 28 248 1
37 80 842 1
80 37 842 1
68 91 1170 1
91 68 1170 1
0 41 952 1
41 0 952 1
6 16 484 1
16 6 484 1
37 85 343 1
85 37 343 1
69 102 1226 1
102 69 1226 1
5 110 1022 1
110 5 1022 1
8 92 1269 1
92 8 1269 1
36 73 600 1
73 36 600 1
39 85 433 1
85 39 433 1
43 54 646 1
54 43 646 1
59 106 1174 1
106 59 1174 1
61 71 775 1
71 61 775 1
37 109 343 1
109 37 343 1
40 90 683 1
90 40 683 1
88 115 538 1
115 88 538 1
4 83 726 1
83 4 726 1
7 71 395 1
71 7 395 1
11 67 846 1
67 11 846 1
63 72 944 1
72 63 944 1
65 85 476 1
85 65 476 1
72 87 771 1
87 72 771 1
2 12 394 1
12 2 394 1
3 48 1226 1
48 3 1226 1
29 92 1119 1
92 29 1119 1
61 72 984 1
72 61 984 1
81 103 738 1
103 81 738 1
6 49 1274 1
49 6 1274 1
15 22 650 1
22 15 650 1
79 80 991 1
80 79 991 1
94 114 259 1
114 94 259 1
0 39 963 1
39 0 963 1
25 46 1214 1
46 25 1214 1
26 37 668 1
37 26 668 1
38 102 472 1
102 38 472 1
49 66 437 1
66 49 437 1
55 115 361 1
115 55 361 1
93 110 487 1
110 93 487 1
106 115 278 1
115 106 278 1
33 34 394 1
34 33 394 1
82 90 824 1
90 82 824 1
83 89 464 1
89 83 464 1
1 63 334 1
63 1 334 1
8 94 907 1
94 8 907 1
17 28 894 1
28 17 894 1
19 74 670 1
74 19 670 1
69 90 1119 1
90 69 1119 1
8 70 477 1
70 8 477 1
18 33 288 1
33 18 288 1
42 110 303 1
110 42 303 1
55 104 526 1
104 55 526 1
14 77 716 1
77 14 716 1
14 86 272 1
86 14 272 1
79 103 745 1
103 79 745 1
90 97 593 1
97 90 593 1
111 112 111 1
112 111 111 1
10 55 1049 1
55 10 1049 1
11 81 403 1
81 11 403 1
32 44 667 1
44 32 667 1
40 56 722 1
56 40 722 1
46 93 585 1
93 46 585 1
92 113 313 1
113 92 313 1
13 49 1151 1
49 13 1151 1
41 78 770 1
78 41 770 1
69 81 801 1
81 69 801 1
75 89 504 1
89 75 504 1
89 105 535 1
105 89 535 1
4 71 523 1
71 4 523 1
18 39 896 1
39 18 896 1
24 49 1432 1
49 24 1432 1
37 76 441 1
76 37 441 1
63 102 1192 1
102 63 1192 1
69 77 618 1
77 69 618 1
79 113 788 1
113 79 788 1
18 114 1134 1
114 18 1134 1
19 42 976 1
42 19 976 1
19 76 599 1
76 19 599 1
30 42 1143 1
42 30 1143 1
39 113 565 1
113 39 565 1
61 80 1112 1
80 61 1112 1
52 95 665 1
95 52 665 1
91 102 669 1
102 91 669 1
97 107 263 1
107 97 263 1
25 29 556 1
29 25 556 1
25 92 1338 1
92 25 1338 1
27 97 789 1
97 27 789 1
37 96 506 1
96 37 506 1
44 52 464 1
52 44 464 1
81 109 623 1
109 81 623 1
86 115 706 1
115 86 706 1
89 98 818 1
98 89 818 1
17 103 859 1
103 17 859 1
21 80 756 1
80 21 756 1
37 73 278 1
73 37 278 1
39 106 557 1
106 39 557 1
8 108 951 1
108 8 951 1
9 29 484 1
29 9 484 1
17 98 995 1
98 17 995 1
19 48 943 1
48 19 943 1
42 70 898 1
70 42 898 1
55 61 711 1
61 55 711 1
13 50 1383 1
50 13 1383 1
30 70 259 1
70 30 259 1
31 48 1244 1
48 31 1244 1
68 77 657 1
77 68 657 1
11 49 996 1
49 11 996 1
17 109 666 1
109 17 666 1
74 109 457 1
109 74 457 1
89 113 633 1
113 89 633 1
26 82 411 1
82 26 411 1
37 77 246 1
77 37 246 1
92 110 485 1
110 92 485 1
105 112 319 1
112 105 319 1
11 65 770 1
65 11 770 1
18 38 861 1
38 18 861 1
20 46 831 1
46 20 831 1
21 56 889 1
56 21 889 1
22 31 234 1
31 22 234 1
47 69 806 1
69 47 806 1
53 113 487 1
113 53 487 1
54 63 1046 1
63 54 1046 1
61 67 382 1
67 61 382 1
91 99 166 1
99 91 166 1
98 114 276 1
114 98 276 1
106 111 487 1
111 106 487 1
25 58 1331 1
58 25 1331 1
36 55 626 1
55 36 626 1
41 51 889 1
51 41 889 1
45 57 653 1
57 45 653 1
51 83 1017 1
83 51 1017 1
53 54 818 1
54 53 818 1
69 82 1105 1
82 69 1105 1
73 77 274 1
77 73 274 1
76 87 753 1
87 76 753 1
1 56 851 1
56 1 851 1
17 43 764 1
43 17 764 1
22 66 1066 1
66 22 1066 1
31 66 997 1
66 31 997 1
35 92 768 1
92 35 768 1
43 80 868 1
80 43 868 1
44 66 318 1
66 44 318 1
69 108 886 1
108 69 886 1
90 109 492 1
109 90 492 1
97 101 398 1
101 97 398 1
53 101 452 1
101 53 452 1
61 81 506 1
81 61 506 1
68 113 1115 1
113 68 1115 1
69 72 809 1
72 69 809 1
0 21 821 1
21 0 821 1
11 75 388 1
75 11 388 1
14 64 1035 1
64 14 1035 1
17 61 534 1
61 17 534 1
29 113 879 1
113 29 879 1
38 68 922 1
68 38 922 1
69 97 875 1
97 69 875 1
77 92 835 1
92 77 835 1
101 108 495 1
108 101 495 1
24 90 1265 1
90 24 1265 1
54 78 385 1
78 54 385 1
57 87 938 1
87 57 938 1
14 76 580 1
76 14 580 1
40 77 472 1
77 40 472 1
78 84 235 1
84 78 235 1
15 35 881 1
35 15 881 1
29 69 823 1
69 29 823 1
33 77 332 1
77 33 332 1
63 99 719 1
99 63 719 1
79 97 479 1
97 79 479 1
97 110 221 1
110 97 221 1
13 52 1405 1
52 13 1405 1
27 47 1038 1
47 27 1038 1
33 42 788 1
42 33 788 1
69 75 761 1
75 69 761 1
75 100 924 1
100 75 924 1
80 101 1111 1
101 80 1111 1
91 96 589 1
96 91 589 1
7 34 875 1
34 7 875 1
19 69 323 1
69 19 323 1
20 104 727 1
104 20 727 1
36 108 330 1
108 36 330 1
91 108 473 1
108 91 473 1
93 112 343 1
112 93 343 1
3 19 382 1
19 3 382 1
5 108 888 1
108 5 888 1
27 40 481 1
40 27 481 1
51 113 663 1
113 51 663 1
88 103 842 1
103 88 842 1
14 47 1110 1
47 14 1110 1
22 32 649 1
32 22 649 1
24 66 1233 1
66 24 1233 1
37 53 629 1
53 37 629 1
41 67 852 1
67 41 852 1
48 66 357 1
66 48 357 1
6 112 1257 1
112 6 1257 1
8 36 713 1
36 8 713 1
36 85 845 1
85 36 845 1
36 97 483 1
97 36 483 1
53 86 1248 1
86 53 1248 1
10 53 1310 1
53 10 1310 1
17 85 352 1
85 17 352 1
79 111 717 1
111 79 717 1
81 88 1121 1
88 81 1121 1
88 108 517 1
108 88 517 1
2 83 913 1
83 2 913 1
17 69 744 1
69 17 744 1
24 92 1330 1
92 24 1330 1
26 46 1059 1
46 26 1059 1
39 100 771 1
100 39 771 1
47 75 674 1
75 47 674 1
94 102 378 1
102 94 378 1
6 111 1170 1
111 6 1170 1
14 82 179 1
82 14 179 1
27 52 1228 1
52 27 1228 1
38 101 771 1
101 38 771 1
79 88 1019 1
88 79 1019 1
79 99 574 1
99 79 574 1
37 39 117 1
39 37 117 1
75 88 798 1
88 75 798 1
37 47 493 1
47 37 493 1
42 47 281 1
47 42 281 1
50 57 991 1
57 50 991 1
55 95 221 1
95 55 221 1
84 93 1016 1
93 84 1016 1
29 31 454 1
31 29 454 1
75 102 865 1
102 75 865 1
78 103 971 1
103 78 971 1
110 111 172 1
111 110 172 1
11 28 875 1
28 11 875 1
26 70 383 1
70 26 383 1
28 82 255 1
82 28 255 1
52 57 1117 1
57 52 1117 1
61 102 1213 1
102 61 1213 1
75 109 462 1
109 75 462 1
85 101 589 1
101 85 589 1
6 75 726 1
75 6 726 1
17 70 666 1
70 17 666 1
36 69 853 1
69 36 853 1
41 105 605 1
105 41 605 1
46 108 360 1
108 46 360 1
47 52 540 1
52 47 540 1
57 84 1116 1
84 57 1116 1
2 105 1253 1
105 2 1253 1
13 45 1163 1
45 13 1163 1
25 93 1273 1
93 25 1273 1
35 93 718 1
93 35 718 1
45 53 435 1
53 45 435 1
46 50 303 1
50 46 303 1
65 102 1120 1
102 65 1120 1
8 74 530 1
74 8 530 1
12 76 591 1
76 12 591 1
21 73 247 1
73 21 247 1
28 50 883 1
50 28 883 1
47 57 743 1
57 47 743 1
69 78 773 1
78 69 773 1
5 24 252 1
24 5 252 1
15 93 1054 1
93 15 1054 1
25 32 836 1
32 25 836 1
27 93 1095 1
93 27 1095 1
39 56 973 1
56 39 973 1
41 61 840 1
61 41 840 1
47 78 767 1
78 47 767 1
53 59 742 1
59 53 742 1
68 100 1230 1
100 68 1230 1
71 109 576 1
109 71 576 1
85 94 684 1
94 85 684 1
2 49 1238 1
49 2 1238 1
15 66 1171 1
66 15 1171 1
17 40 824 1
40 17 824 1
23 31 199 1
31 23 199 1
30 93 1229 1
93 30 1229 1
40 53 1023 1
53 40 1023 1
61 62 1047 1
62 61 1047 1
73 100 1005 1
100 73 1005 1
93 94 560 1
94 93 560 1
15 46 1145 1
46 15 1145 1
40 84 485 1
84 40 485 1
57 85 575 1
85 57 575 1
102 106 217 1
106 102 217 1
16 79 934 1
79 16 934 1
27 35 871 1
35 27 871 1
52 101 819 1
101 52 819 1
98 108 315 1
108 98 315 1
6 103 1362 1
103 6 1362 1
12 61 1246 1
61 12 1246 1
17 88 1113 1
88 17 1113 1
19 29 673 1
29 19 673 1
26 101 1114 1
101 26 1114 1
29 68 883 1
68 29 883 1
52 90 240 1
90 52 240 1
54 103 653 1
103 54 653 1
61 107 939 1
107 61 939 1
68 94 894 1
94 68 894 1
76 95 396 1
95 76 396 1
1 4 1035 1
4 1 1035 1
5 39 639 1
39 5 639 1
11 70 629 1
70 11 629 1
19 68 313 1
68 19 313 1
51 114 700 1
114 51 700 1
55 63 600 1
63 55 600 1
92 109 522 1
109 92 522 1
13 59 1042 1
59 13 1042 1
28 43 949 1
43 28 949 1
35 44 409 1
44 35 409 1
47 80 841 1
80 47 841 1
61 65 175 1
65 61 175 1
75 77 210 1
77 75 210 1
2 103 1363 1
103 2 1363 1
10 47 1051 1
47 10 1051 1
11 74 727 1
74 11 727 1
26 42 1183 1
42 26 1183 1
42 92 498 1
92 42 498 1
51 75 837 1
75 51 837 1
86 103 950 1
103 86 950 1
5 20 424 1
20 5 424 1
5 66 1239 1
66 5 1239 1
7 13 237 1
13 7 237 1
8 23 562 1
23 8 562 1
9 93 1250 1
93 9 1250 1
11 58 1113 1
58 11 1113 1
44 47 404 1
47 44 404 1
72 100 801 1
100 72 801 1
100 110 522 1
110 100 522 1
5 48 1432 1
48 5 1432 1
11 50 1265 1
50 11 1265 1
24 95 910 1
95 24 910 1
32 48 714 1
48 32 714 1
37 98 666 1
98 37 666 1
83 107 587 1
107 83 587 1
86 107 792 1
107 86 792 1
4 59 1372 1
59 4 1372 1
36 78 263 1
78 36 263 1
36 96 257 1
96 36 257 1
36 101 815 1
101 36 815 1
