116 2668
32 33 149 1
33 32 149 1
94 95 213 1
95 94 213 1
95 108 123 1
108 95 123 1
30 31 127 1
31 30 127 1
93 100 653 1
100 93 653 1
22 23 140 1
23 22 140 1
34 35 126 1
35 34 126 1
17 72 781 1
72 17 781 1
8 14 205 1
14 8 205 1
5 27 165 1
27 5 165 1
16 28 220 1
28 16 220 1
105 107 233 1
107 105 233 1
5 25 129 1
25 5 129 1
95 97 97 1
97 95 97 1
91 92 669 1
92 91 669 1
45 49 111 1
49 45 111 1
18 68 315 1
68 18 315 1
101 103 106 1
103 101 106 1
96 97 322 1
97 96 322 1
73 75 84 1
75 73 84 1
72 80 384 1
80 72 384 1
28 72 116 1
72 28 116 1
48 49 410 1
49 48 410 1
46 47 309 1
47 46 309 1
96 110 214 1
110 96 214 1
44 48 114 1
48 44 114 1
66 67 177 1
67 66 177 1
70 71 263 1
71 70 263 1
44 45 194 1
45 44 194 1
91 93 118 1
93 91 118 1
104 105 204 1
105 104 204 1
78 80 116 1
80 78 116 1
98 111 265 1
111 98 265 1
37 39 117 1
39 37 117 1
39 96 494 1
96 39 494 1
26 90 1088 1
90 26 1088 1
92 93 608 1
93 92 608 1
45 48 304 1
48 45 304 1
72 78 300 1
78 72 300 1
10 12 181 1
12 10 181 1
76 77 238 1
77 76 238 1
94 108 97 1
108 94 97 1
17 29 223 1
29 17 223 1
97 108 170 1
108 97 170 1
93 101 103 1
101 93 103 1
1 57 172 1
57 1 172 1
16 80 152 1
80 16 152 1
90 112 377 1
112 90 377 1
94 97 266 1
97 94 266 1
96 109 176 1
109 96 176 1
17 78 955 1
78 17 955 1
55 97 173 1
97 55 173 1
2 6 165 1
6 2 165 1
11 13 168 1
13 11 168 1
29 73 113 1
73 29 113 1
29 72 629 1
72 29 629 1
48 50 202 1
50 48 202 1
53 93 353 1
93 53 353 1
28 80 329 1
80 28 329 1
114 115 96 1
115 114 96 1
49 50 585 1
50 49 585 1
45 51 254 1
51 45 254 1
4 24 144 1
24 4 144 1
108 109 87 1
109 108 87 1
25 27 193 1
27 25 193 1
94 96 89 1
96 94 89 1
41 86 672 1
86 41 672 1
80 81 1113 1
81 80 1113 1
24 26 201 1
26 24 201 1
95 109 146 1
109 95 146 1
65 67 361 1
67 65 361 1
72 74 76 1
74 72 76 1
100 101 656 1
101 100 656 1
9 15 219 1
15 9 219 1
39 97 289 1
97 39 289 1
44 49 304 1
49 44 304 1
68 69 164 1
69 68 164 1
39 94 407 1
94 39 407 1
74 79 666 1
79 74 666 1
90 92 135 1
92 90 135 1
107 115 298 1
115 107 298 1
18 19 147 1
19 18 147 1
90 91 735 1
91 90 735 1
79 81 136 1
81 79 136 1
38 88 311 1
88 38 311 1
5 23 453 1
23 5 453 1
17 28 894 1
28 17 894 1
95 96 288 1
96 95 288 1
16 72 287 1
72 16 287 1
52 54 402 1
54 52 402 1
97 110 221 1
110 97 221 1
17 80 1070 1
80 17 1070 1
92 100 157 1
100 92 157 1
99 112 272 1
112 99 272 1
91 112 368 1
112 91 368 1
113 114 95 1
114 113 95 1
90 99 615 1
99 90 615 1
58 59 496 1
59 58 496 1
53 55 448 1
55 53 448 1
39 110 466 1
110 39 466 1
94 109 127 1
109 94 127 1
39 95 233 1
95 39 233 1
2 19 481 1
19 2 481 1
21 39 356 1
39 21 356 1
5 26 263 1
26 5 263 1
19 68 313 1
68 19 313 1
54 88 224 1
88 54 224 1
39 109 356 1
109 39 356 1
74 81 792 1
81 74 792 1
24 92 1330 1
92 24 1330 1
55 96 492 1
96 55 492 1
99 111 265 1
111 99 265 1
38 39 465 1
39 38 465 1
93 103 173 1
103 93 173 1
4 26 161 1
26 4 161 1
1 19 351 1
19 1 351 1
106 107 486 1
107 106 486 1
32 60 487 1
60 32 487 1
26 27 135 1
27 26 135 1
24 90 1265 1
90 24 1265 1
57 69 378 1
69 57 378 1
41 83 252 1
83 41 252 1
64 66 392 1
66 64 392 1
7 13 237 1
13 7 237 1
56 57 840 1
57 56 840 1
104 115 184 1
115 104 184 1
1 56 851 1
56 1 851 1
6 60 799 1
60 6 799 1
10 62 483 1
62 10 483 1
19 69 323 1
69 19 323 1
90 93 690 1
93 90 690 1
105 106 359 1
106 105 359 1
3 22 347 1
22 3 347 1
105 115 176 1
115 105 176 1
29 78 851 1
78 29 851 1
4 8 148 1
8 4 148 1
37 41 217 1
41 37 217 1
104 114 171 1
114 104 171 1
53 98 671 1
98 53 671 1
37 49 736 1
49 37 736 1
48 80 763 1
80 48 763 1
21 37 403 1
37 21 403 1
63 80 1146 1
80 63 1146 1
24 91 1303 1
91 24 1303 1
64 67 549 1
67 64 549 1
28 74 188 1
74 28 188 1
109 110 135 1
110 109 135 1
3 23 271 1
23 3 271 1
85 88 1097 1
88 85 1097 1
15 53 1143 1
53 15 1143 1
28 78 272 1
78 28 272 1
38 54 263 1
54 38 263 1
100 102 87 1
102 100 87 1
11 29 239 1
29 11 239 1
40 41 506 1
41 40 506 1
40 46 685 1
46 40 685 1
24 93 1326 1
93 24 1326 1
29 80 961 1
80 29 961 1
37 38 515 1
38 37 515 1
28 29 741 1
29 28 741 1
72 81 860 1
81 72 860 1
53 91 265 1
91 53 265 1
72 73 517 1
73 72 517 1
96 108 167 1
108 96 167 1
1 111 979 1
111 1 979 1
23 92 1466 1
92 23 1466 1
26 91 1131 1
91 26 1131 1
2 90 1252 1
90 2 1252 1
14 74 378 1
74 14 378 1
97 109 174 1
109 97 174 1
0 56 174 1
56 0 174 1
20 21 185 1
21 20 185 1
86 88 460 1
88 86 460 1
104 107 401 1
107 104 401 1
0 19 488 1
19 0 488 1
98 99 479 1
99 98 479 1
29 40 655 1
40 29 655 1
33 61 545 1
61 33 545 1
49 51 172 1
51 49 172 1
36 76 232 1
76 36 232 1
81 86 1091 1
86 81 1091 1
23 27 506 1
27 23 506 1
5 88 1026 1
88 5 1026 1
12 62 664 1
62 12 664 1
17 79 135 1
79 17 135 1
1 69 441 1
69 1 441 1
2 24 548 1
24 2 548 1
6 90 1185 1
90 6 1185 1
8 11 935 1
11 8 935 1
37 45 726 1
45 37 726 1
47 55 367 1
55 47 367 1
23 25 373 1
25 23 373 1
12 61 1246 1
61 12 1246 1
26 92 1145 1
92 26 1145 1
37 114 513 1
114 37 513 1
102 104 159 1
104 102 159 1
3 5 603 1
5 3 603 1
6 101 1437 1
101 6 1437 1
50 51 698 1
51 50 698 1
87 88 1035 1
88 87 1035 1
101 112 405 1
112 101 405 1
1 68 549 1
68 1 549 1
37 109 343 1
109 37 343 1
55 110 380 1
110 55 380 1
14 29 801 1
29 14 801 1
40 63 1007 1
63 40 1007 1
93 112 343 1
112 93 343 1
102 103 508 1
103 102 508 1
36 37 542 1
37 36 542 1
38 85 837 1
85 38 837 1
14 17 996 1
17 14 996 1
26 89 900 1
89 26 900 1
90 101 719 1
101 90 719 1
102 113 317 1
113 102 317 1
10 82 401 1
82 10 401 1
15 98 1122 1
98 15 1122 1
4 90 1167 1
90 4 1167 1
45 50 474 1
50 45 474 1
90 100 182 1
100 90 182 1
37 88 804 1
88 37 804 1
76 80 424 1
80 76 424 1
10 61 1158 1
61 10 1158 1
36 77 422 1
77 36 422 1
38 89 763 1
89 38 763 1
73 78 740 1
78 73 740 1
102 105 355 1
105 102 355 1
19 99 1048 1
99 19 1048 1
91 100 719 1
100 91 719 1
14 79 974 1
79 14 974 1
80 108 630 1
108 80 630 1
41 52 1018 1
52 41 1018 1
72 76 257 1
76 72 257 1
91 103 258 1
103 91 258 1
26 103 1030 1
103 26 1030 1
42 43 239 1
43 42 239 1
53 111 406 1
111 53 406 1
58 69 426 1
69 58 426 1
62 82 720 1
82 62 720 1
6 7 710 1
7 6 710 1
8 13 868 1
13 8 868 1
27 88 863 1
88 27 863 1
40 75 477 1
75 40 477 1
54 96 167 1
96 54 167 1
47 96 412 1
96 47 412 1
10 16 218 1
16 10 218 1
22 64 1169 1
64 22 1169 1
32 57 493 1
57 32 493 1
63 78 1033 1
78 63 1033 1
76 84 486 1
84 76 486 1
47 110 210 1
110 47 210 1
37 83 399 1
83 37 399 1
6 112 1257 1
112 6 1257 1
21 38 458 1
38 21 458 1
41 81 452 1
81 41 452 1
12 46 1039 1
46 12 1039 1
17 73 298 1
73 17 298 1
21 110 690 1
110 21 690 1
37 86 777 1
86 37 777 1
38 87 730 1
87 38 730 1
56 60 232 1
60 56 232 1
95 107 258 1
107 95 258 1
19 56 574 1
56 19 574 1
48 51 548 1
51 48 548 1
17 74 721 1
74 17 721 1
46 52 244 1
52 46 244 1
61 63 238 1
63 61 238 1
73 74 458 1
74 73 458 1
10 28 213 1
28 10 213 1
12 28 275 1
28 12 275 1
20 70 213 1
70 20 213 1
41 48 1059 1
48 41 1059 1
41 54 714 1
54 41 714 1
6 19 593 1
19 6 593 1
47 52 540 1
52 47 540 1
105 114 152 1
114 105 152 1
71 92 1069 1
92 71 1069 1
88 89 1035 1
89 88 1035 1
89 90 968 1
90 89 968 1
23 88 1119 1
88 23 1119 1
58 82 1100 1
82 58 1100 1
83 85 549 1
85 83 549 1
53 100 830 1
100 53 830 1
26 112 1094 1
112 26 1094 1
39 104 557 1
104 39 557 1
20 71 311 1
71 20 311 1
26 99 1000 1
99 26 1000 1
27 38 594 1
38 27 594 1
2 26 618 1
26 2 618 1
100 103 576 1
103 100 576 1
5 92 1324 1
92 5 1324 1
7 11 254 1
11 7 254 1
15 111 1071 1
111 15 1071 1
18 27 862 1
27 18 862 1
91 99 166 1
99 91 166 1
16 48 829 1
48 16 829 1
27 89 807 1
89 27 807 1
80 109 607 1
109 80 607 1
15 103 975 1
103 15 975 1
2 103 1363 1
103 2 1363 1
95 115 205 1
115 95 205 1
1 99 923 1
99 1 923 1
24 25 135 1
25 24 135 1
36 80 330 1
80 36 330 1
6 100 1229 1
100 6 1229 1
26 93 1144 1
93 26 1144 1
38 41 513 1
41 38 513 1
12 40 490 1
40 12 490 1
14 28 286 1
28 14 286 1
37 104 610 1
104 37 610 1
72 79 733 1
79 72 733 1
81 84 1146 1
84 81 1146 1
107 114 333 1
114 107 333 1
5 91 1178 1
91 5 1178 1
108 115 135 1
115 108 135 1
17 76 648 1
76 17 648 1
74 80 415 1
80 74 415 1
20 24 393 1
24 20 393 1
12 63 1218 1
63 12 1218 1
26 85 985 1
85 26 985 1
37 81 336 1
81 37 336 1
88 91 958 1
91 88 958 1
12 82 376 1
82 12 376 1
16 41 813 1
41 16 813 1
39 107 280 1
107 39 280 1
55 94 428 1
94 55 428 1
5 85 946 1
85 5 946 1
19 57 426 1
57 19 426 1
91 101 197 1
101 91 197 1
0 1 800 1
1 0 800 1
11 14 937 1
14 11 937 1
21 109 565 1
109 21 565 1
39 108 341 1
108 39 341 1
56 82 787 1
82 56 787 1
5 24 252 1
24 5 252 1
3 25 566 1
25 3 566 1
31 45 1171 1
45 31 1171 1
49 80 1008 1
80 49 1008 1
58 60 266 1
60 58 266 1
31 48 1244 1
48 31 1244 1
5 89 870 1
89 5 870 1
62 64 300 1
64 62 300 1
93 98 589 1
98 93 589 1
104 106 195 1
106 104 195 1
2 91 1366 1
91 2 1366 1
51 65 287 1
65 51 287 1
57 58 735 1
58 57 735 1
90 103 653 1
103 90 653 1
4 101 1261 1
101 4 1261 1
58 66 198 1
66 58 198 1
80 84 162 1
84 80 162 1
8 17 1036 1
17 8 1036 1
9 53 1347 1
53 9 1347 1
37 110 431 1
110 37 431 1
16 78 122 1
78 16 122 1
37 115 443 1
115 37 443 1
39 55 254 1
55 39 254 1
20 38 349 1
38 20 349 1
28 63 1049 1
63 28 1049 1
31 83 561 1
83 31 561 1
78 96 453 1
96 78 453 1
1 15 757 1
15 1 757 1
27 85 894 1
85 27 894 1
36 81 848 1
81 36 848 1
72 109 524 1
109 72 524 1
78 108 559 1
108 78 559 1
83 86 863 1
86 83 863 1
29 63 531 1
63 29 531 1
4 13 743 1
13 4 743 1
84 85 1130 1
85 84 1130 1
34 65 549 1
65 34 549 1
80 96 505 1
96 80 505 1
6 93 1425 1
93 6 1425 1
26 88 791 1
88 26 791 1
41 44 981 1
44 41 981 1
55 89 213 1
89 55 213 1
108 110 194 1
110 108 194 1
16 63 1092 1
63 16 1092 1
24 99 1174 1
99 24 1174 1
78 81 1002 1
81 78 1002 1
99 103 258 1
103 99 258 1
4 9 500 1
9 4 500 1
4 92 1237 1
92 4 1237 1
33 62 690 1
62 33 690 1
35 65 453 1
65 35 453 1
53 92 739 1
92 53 739 1
85 87 616 1
87 85 616 1
22 25 402 1
25 22 402 1
74 78 322 1
78 74 322 1
2 4 569 1
4 2 569 1
9 93 1250 1
93 9 1250 1
72 96 519 1
96 72 519 1
5 66 1239 1
66 5 1239 1
15 29 295 1
29 15 295 1
72 108 541 1
108 72 541 1
76 78 312 1
78 76 312 1
89 99 398 1
99 89 398 1
4 93 1288 1
93 4 1288 1
37 54 645 1
54 37 645 1
59 64 750 1
64 59 750 1
76 81 691 1
81 76 691 1
5 87 460 1
87 5 460 1
5 93 1207 1
93 5 1207 1
17 63 324 1
63 17 324 1
43 46 341 1
46 43 341 1
45 114 688 1
114 45 688 1
69 89 1015 1
89 69 1015 1
87 114 818 1
114 87 818 1
5 38 756 1
38 5 756 1
5 22 506 1
22 5 506 1
5 90 1279 1
90 5 1279 1
15 93 1054 1
93 15 1054 1
21 41 236 1
41 21 236 1
41 80 868 1
80 41 868 1
56 58 427 1
58 56 427 1
57 111 890 1
111 57 890 1
2 99 1219 1
99 2 1219 1
35 44 409 1
44 35 409 1
36 115 416 1
115 36 416 1
95 110 248 1
110 95 248 1
107 108 333 1
108 107 333 1
2 53 1390 1
53 2 1390 1
38 83 760 1
83 38 760 1
93 99 208 1
99 93 208 1
55 98 606 1
98 55 606 1
74 76 203 1
76 74 203 1
8 60 1121 1
60 8 1121 1
39 88 762 1
88 39 762 1
63 72 944 1
72 63 944 1
14 84 681 1
84 14 681 1
37 96 506 1
96 37 506 1
51 52 786 1
52 51 786 1
92 112 325 1
112 92 325 1
24 71 494 1
71 24 494 1
1 98 1107 1
98 1 1107 1
17 81 182 1
81 17 182 1
20 89 778 1
89 20 778 1
29 75 189 1
75 29 189 1
40 73 549 1
73 40 549 1
50 87 1314 1
87 50 1314 1
55 111 434 1
111 55 434 1
9 58 1436 1
58 9 1436 1
23 91 1352 1
91 23 1352 1
29 76 555 1
76 29 555 1
66 88 875 1
88 66 875 1
85 91 456 1
91 85 456 1
86 87 805 1
87 86 805 1
100 112 410 1
112 100 410 1
28 108 624 1
108 28 624 1
33 57 394 1
57 33 394 1
55 69 924 1
69 55 924 1
64 65 897 1
65 64 897 1
4 91 1276 1
91 4 1276 1
25 89 956 1
89 25 956 1
50 83 1292 1
83 50 1292 1
11 12 972 1
12 11 972 1
16 37 809 1
37 16 809 1
16 109 631 1
109 16 631 1
24 112 1273 1
112 24 1273 1
30 48 1211 1
48 30 1211 1
9 98 1256 1
98 9 1256 1
9 100 1346 1
100 9 1346 1
86 102 712 1
102 86 712 1
3 92 1420 1
92 3 1420 1
71 90 1013 1
90 71 1013 1
106 115 278 1
115 106 278 1
2 93 1417 1
93 2 1417 1
24 70 465 1
70 24 465 1
27 87 439 1
87 27 439 1
55 93 359 1
93 55 359 1
106 114 322 1
114 106 322 1
107 109 392 1
109 107 392 1
18 69 392 1
69 18 392 1
44 51 440 1
51 44 440 1
86 114 787 1
114 86 787 1
87 113 899 1
113 87 899 1
2 52 1249 1
52 2 1249 1
24 100 1231 1
100 24 1231 1
16 74 335 1
74 16 335 1
23 26 522 1
26 23 522 1
24 102 1176 1
102 24 1176 1
29 79 257 1
79 29 257 1
34 66 268 1
66 34 268 1
53 103 508 1
103 53 508 1
55 78 841 1
78 55 841 1
55 95 221 1
95 55 221 1
57 82 1164 1
82 57 1164 1
89 103 468 1
103 89 468 1
6 99 1231 1
99 6 1231 1
41 45 931 1
45 41 931 1
92 102 211 1
102 92 211 1
12 29 886 1
29 12 886 1
13 50 1383 1
50 13 1383 1
14 72 328 1
72 14 328 1
16 49 1030 1
49 16 1030 1
47 53 268 1
53 47 268 1
1 2 743 1
2 1 743 1
3 100 1385 1
100 3 1385 1
5 35 974 1
35 5 974 1
4 112 1211 1
112 4 1211 1
26 66 1142 1
66 26 1142 1
27 103 986 1
103 27 986 1
30 83 641 1
83 30 641 1
40 43 865 1
43 40 865 1
40 78 376 1
78 40 376 1
54 81 951 1
81 54 951 1
6 103 1362 1
103 6 1362 1
29 74 571 1
74 29 571 1
81 106 949 1
106 81 949 1
83 113 937 1
113 83 937 1
98 100 250 1
100 98 250 1
39 106 557 1
106 39 557 1
49 83 1093 1
83 49 1093 1
57 68 520 1
68 57 520 1
2 69 758 1
69 2 758 1
26 101 1114 1
101 26 1114 1
41 49 946 1
49 41 946 1
51 114 700 1
114 51 700 1
27 66 1140 1
66 27 1140 1
28 40 248 1
40 28 248 1
47 54 568 1
54 47 568 1
59 82 1290 1
82 59 1290 1
61 62 1047 1
62 61 1047 1
71 76 392 1
76 71 392 1
82 111 920 1
111 82 920 1
13 90 1367 1
90 13 1367 1
40 82 231 1
82 40 231 1
45 65 388 1
65 45 388 1
6 56 576 1
56 6 576 1
11 17 224 1
17 11 224 1
22 51 1360 1
51 22 1360 1
41 63 682 1
63 41 682 1
11 61 675 1
61 11 675 1
85 89 220 1
89 85 220 1
2 112 1277 1
112 2 1277 1
78 109 527 1
109 78 527 1
21 94 569 1
94 21 569 1
60 61 893 1
61 60 893 1
60 66 370 1
66 60 370 1
103 113 295 1
113 103 295 1
8 74 530 1
74 8 530 1
20 92 945 1
92 20 945 1
25 69 1122 1
69 25 1122 1
28 109 610 1
109 28 610 1
69 102 1226 1
102 69 1226 1
86 113 874 1
113 86 874 1
47 97 280 1
97 47 280 1
93 102 600 1
102 93 600 1
101 102 595 1
102 101 595 1
24 103 1219 1
103 24 1219 1
30 70 259 1
70 30 259 1
37 106 622 1
106 37 622 1
44 50 287 1
50 44 287 1
56 62 252 1
62 56 252 1
3 42 1195 1
42 3 1195 1
69 111 906 1
111 69 906 1
7 60 1133 1
60 7 1133 1
37 87 433 1
87 37 433 1
49 114 742 1
114 49 742 1
58 89 1156 1
89 58 1156 1
2 56 626 1
56 2 626 1
3 93 1309 1
93 3 1309 1
6 32 555 1
32 6 555 1
22 31 234 1
31 22 234 1
12 47 1162 1
47 12 1162 1
13 59 1042 1
59 13 1042 1
20 90 881 1
90 20 881 1
21 96 648 1
96 21 648 1
37 107 342 1
107 37 342 1
26 71 422 1
71 26 422 1
45 86 1232 1
86 45 1232 1
52 90 240 1
90 52 240 1
23 42 1326 1
42 23 1326 1
37 48 879 1
48 37 879 1
46 55 584 1
55 46 584 1
54 85 906 1
85 54 906 1
59 60 718 1
60 59 718 1
78 110 569 1
110 78 569 1
49 86 1302 1
86 49 1302 1
76 79 567 1
79 76 567 1
81 114 782 1
114 81 782 1
1 73 531 1
73 1 531 1
24 101 1299 1
101 24 1299 1
38 96 284 1
96 38 284 1
60 64 187 1
64 60 187 1
8 9 638 1
9 8 638 1
14 76 580 1
76 14 580 1
23 93 1407 1
93 23 1407 1
2 5 685 1
5 2 685 1
30 50 1195 1
50 30 1195 1
33 60 632 1
60 33 632 1
37 44 792 1
44 37 792 1
13 56 1122 1
56 13 1122 1
31 70 334 1
70 31 334 1
36 73 600 1
73 36 600 1
29 81 342 1
81 29 342 1
107 110 468 1
110 107 468 1
16 43 905 1
43 16 905 1
27 68 1083 1
68 27 1083 1
58 61 717 1
61 58 717 1
79 80 991 1
80 79 991 1
21 36 510 1
36 21 510 1
35 67 262 1
67 35 262 1
45 81 759 1
81 45 759 1
78 84 235 1
84 78 235 1
80 97 779 1
97 80 779 1
82 83 881 1
83 82 881 1
4 52 1272 1
52 4 1272 1
57 61 216 1
61 57 216 1
36 107 612 1
107 36 612 1
41 113 720 1
113 41 720 1
56 69 542 1
69 56 542 1
74 114 677 1
114 74 677 1
1 53 949 1
53 1 949 1
22 27 524 1
27 22 524 1
26 100 1042 1
100 26 1042 1
38 86 366 1
86 38 366 1
78 94 474 1
94 78 474 1
20 104 727 1
104 20 727 1
27 90 1121 1
90 27 1121 1
51 81 628 1
81 51 628 1
56 98 821 1
98 56 821 1
18 56 478 1
56 18 478 1
36 114 494 1
114 36 494 1
45 115 699 1
115 45 699 1
70 102 879 1
102 70 879 1
4 7 733 1
7 4 733 1
12 57 1101 1
57 12 1101 1
26 70 383 1
70 26 383 1
29 46 914 1
46 29 914 1
39 54 618 1
54 39 618 1
46 110 220 1
110 46 220 1
53 69 959 1
69 53 959 1
16 81 1063 1
81 16 1063 1
24 53 1427 1
53 24 1427 1
32 62 548 1
62 32 548 1
36 72 276 1
72 36 276 1
61 98 1007 1
98 61 1007 1
79 84 1035 1
84 79 1035 1
109 115 211 1
115 109 211 1
0 70 525 1
70 0 525 1
5 103 1104 1
103 5 1104 1
16 36 349 1
36 16 349 1
88 114 584 1
114 88 584 1
2 18 379 1
18 2 379 1
16 17 998 1
17 16 998 1
26 69 1109 1
69 26 1109 1
27 91 1074 1
91 27 1074 1
41 72 550 1
72 41 550 1
48 113 676 1
113 48 676 1
81 85 175 1
85 81 175 1
86 106 508 1
106 86 508 1
4 30 322 1
30 4 322 1
10 30 501 1
30 10 501 1
23 64 1238 1
64 23 1238 1
26 52 1199 1
52 26 1199 1
36 40 213 1
40 36 213 1
49 81 721 1
81 49 721 1
83 87 158 1
87 83 158 1
90 111 396 1
111 90 396 1
92 101 634 1
101 92 634 1
4 11 819 1
11 4 819 1
15 101 1024 1
101 15 1024 1
41 75 187 1
75 41 187 1
50 113 625 1
113 50 625 1
83 114 861 1
114 83 861 1
94 110 220 1
110 94 220 1
39 80 834 1
80 39 834 1
39 105 458 1
105 39 458 1
69 105 1158 1
105 69 1158 1
3 51 1145 1
51 3 1145 1
42 85 771 1
85 42 771 1
44 65 564 1
65 44 564 1
45 80 912 1
80 45 912 1
80 110 643 1
110 80 643 1
21 23 542 1
23 21 542 1
25 42 1319 1
42 25 1319 1
28 43 949 1
43 28 949 1
29 47 768 1
47 29 768 1
30 45 1169 1
45 30 1169 1
46 75 767 1
75 46 767 1
101 113 350 1
113 101 350 1
8 79 1040 1
79 8 1040 1
20 36 396 1
36 20 396 1
54 75 692 1
75 54 692 1
83 88 1071 1
88 83 1071 1
6 26 607 1
26 6 607 1
7 59 970 1
59 7 970 1
13 71 401 1
71 13 401 1
20 102 804 1
102 20 804 1
21 45 1031 1
45 21 1031 1
25 68 1101 1
68 25 1101 1
32 61 611 1
61 32 611 1
36 71 552 1
71 36 552 1
73 77 274 1
77 73 274 1
3 64 1134 1
64 3 1134 1
36 86 441 1
86 36 441 1
37 85 343 1
85 37 343 1
78 79 878 1
79 78 878 1
25 106 972 1
106 25 972 1
70 92 982 1
92 70 982 1
88 103 842 1
103 88 842 1
16 44 837 1
44 16 837 1
51 64 852 1
64 51 852 1
55 57 743 1
57 55 743 1
61 67 382 1
67 61 382 1
37 80 842 1
80 37 842 1
79 86 986 1
86 79 986 1
80 95 719 1
95 80 719 1
103 112 375 1
112 103 375 1
8 28 459 1
28 8 459 1
15 58 1327 1
58 15 1327 1
15 82 832 1
82 15 832 1
57 98 1043 1
98 57 1043 1
65 66 537 1
66 65 537 1
96 107 486 1
107 96 486 1
2 88 959 1
88 2 959 1
5 100 1233 1
100 5 1233 1
43 64 667 1
64 43 667 1
56 111 893 1
111 56 893 1
70 101 1040 1
101 70 1040 1
74 106 540 1
106 74 540 1
81 96 799 1
96 81 799 1
88 106 334 1
106 88 334 1
11 111 1023 1
111 11 1023 1
30 62 878 1
62 30 878 1
53 56 1149 1
56 53 1149 1
68 111 952 1
111 68 952 1
85 86 1120 1
86 85 1120 1
16 31 718 1
31 16 718 1
25 38 749 1
38 25 749 1
27 99 955 1
99 27 955 1
35 66 331 1
66 35 331 1
39 86 698 1
86 39 698 1
42 81 865 1
81 42 865 1
4 14 255 1
14 4 255 1
4 100 1129 1
100 4 1129 1
20 26 232 1
26 20 232 1
54 86 568 1
86 54 568 1
57 62 1000 1
62 57 1000 1
57 63 249 1
63 57 249 1
95 105 309 1
105 95 309 1
35 71 557 1
71 35 557 1
48 83 1266 1
83 48 1266 1
83 106 894 1
106 83 894 1
9 101 1217 1
101 9 1217 1
11 15 385 1
15 11 385 1
15 100 1225 1
100 15 1225 1
36 105 576 1
105 36 576 1
45 84 881 1
84 45 881 1
59 62 914 1
62 59 914 1
66 89 963 1
89 66 963 1
104 113 229 1
113 104 229 1
19 70 573 1
70 19 573 1
42 88 725 1
88 42 725 1
56 68 408 1
68 56 408 1
59 83 1103 1
83 59 1103 1
76 108 370 1
108 76 370 1
91 102 669 1
102 91 669 1
36 49 877 1
49 36 877 1
55 108 332 1
108 55 332 1
63 65 312 1
65 63 312 1
74 84 507 1
84 74 507 1
81 83 446 1
83 81 446 1
93 111 397 1
111 93 397 1
6 13 864 1
13 6 864 1
23 90 1391 1
90 23 1391 1
41 114 639 1
114 41 639 1
15 56 1170 1
56 15 1170 1
20 75 348 1
75 20 348 1
26 58 1249 1
58 26 1249 1
36 48 746 1
48 36 746 1
56 89 1199 1
89 56 1199 1
91 106 697 1
106 91 697 1
4 71 523 1
71 4 523 1
25 26 225 1
26 25 225 1
36 108 330 1
108 36 330 1
44 80 785 1
80 44 785 1
48 86 1184 1
86 48 1184 1
54 106 240 1
106 54 240 1
58 100 1047 1
100 58 1047 1
19 24 888 1
24 19 888 1
25 91 1244 1
91 25 1244 1
37 113 578 1
113 37 578 1
50 52 243 1
52 50 243 1
74 115 586 1
115 74 586 1
6 91 1386 1
91 6 1386 1
16 86 543 1
86 16 543 1
19 25 860 1
25 19 860 1
27 93 1095 1
93 27 1095 1
51 74 987 1
74 51 987 1
82 89 1043 1
89 82 1043 1
87 104 852 1
104 87 852 1
0 2 460 1
2 0 460 1
0 6 417 1
6 0 417 1
2 89 1170 1
89 2 1170 1
28 73 629 1
73 28 629 1
75 78 667 1
78 75 667 1
79 85 260 1
85 79 260 1
82 99 978 1
99 82 978 1
103 111 432 1
111 103 432 1
106 109 391 1
109 106 391 1
13 14 902 1
14 13 902 1
19 90 1212 1
90 19 1212 1
21 86 520 1
86 21 520 1
21 88 754 1
88 21 754 1
25 85 1018 1
85 25 1018 1
36 41 570 1
41 36 570 1
36 78 263 1
78 36 263 1
54 83 966 1
83 54 966 1
66 85 836 1
85 66 836 1
76 114 580 1
114 76 580 1
78 97 697 1
97 78 697 1
81 109 623 1
109 81 623 1
22 88 1044 1
88 22 1044 1
23 35 930 1
35 23 930 1
73 76 450 1
76 73 450 1
89 102 866 1
102 89 866 1
4 6 536 1
6 4 536 1
9 69 1181 1
69 9 1181 1
23 87 803 1
87 23 803 1
25 92 1338 1
92 25 1338 1
29 97 574 1
97 29 574 1
30 81 847 1
81 30 847 1
54 109 337 1
109 54 337 1
70 91 1000 1
91 70 1000 1
72 97 655 1
97 72 655 1
74 86 416 1
86 74 416 1
77 106 633 1
106 77 633 1
81 97 523 1
97 81 523 1
18 57 564 1
57 18 564 1
20 41 386 1
41 20 386 1
24 77 754 1
77 24 754 1
35 87 863 1
87 35 863 1
36 109 326 1
109 36 326 1
46 82 878 1
82 46 878 1
51 86 1310 1
86 51 1310 1
69 99 970 1
99 69 970 1
99 101 266 1
101 99 266 1
102 107 560 1
107 102 560 1
4 70 430 1
70 4 430 1
5 42 1309 1
42 5 1309 1
6 58 957 1
58 6 957 1
26 53 1271 1
53 26 1271 1
37 105 506 1
105 37 506 1
42 51 463 1
51 42 463 1
49 115 753 1
115 49 753 1
7 64 1244 1
64 7 1244 1
23 31 199 1
31 23 199 1
49 113 706 1
113 49 706 1
68 105 1200 1
105 68 1200 1
88 92 521 1
92 88 521 1
97 106 471 1
106 97 471 1
0 75 786 1
75 0 786 1
31 109 819 1
109 31 819 1
40 47 783 1
47 40 783 1
73 79 296 1
79 73 296 1
85 104 824 1
104 85 824 1
2 101 1431 1
101 2 1431 1
6 69 829 1
69 6 829 1
12 15 906 1
15 12 906 1
40 57 982 1
57 40 982 1
83 103 815 1
103 83 815 1
17 65 592 1
65 17 592 1
22 114 1232 1
114 22 1232 1
36 42 628 1
42 36 628 1
37 42 712 1
42 37 712 1
39 85 433 1
85 39 433 1
47 63 665 1
63 47 665 1
53 99 316 1
99 53 316 1
16 108 661 1
108 16 661 1
19 91 1171 1
91 19 1171 1
21 31 344 1
31 21 344 1
36 84 341 1
84 36 341 1
37 50 906 1
50 37 906 1
19 75 628 1
75 19 628 1
25 88 998 1
88 25 998 1
53 90 787 1
90 53 787 1
81 115 734 1
115 81 734 1
82 98 761 1
98 82 761 1
8 29 833 1
29 8 833 1
25 93 1273 1
93 25 1273 1
13 30 546 1
30 13 546 1
28 81 975 1
81 28 975 1
38 102 472 1
102 38 472 1
95 104 381 1
104 95 381 1
5 18 901 1
18 5 901 1
12 111 1115 1
111 12 1115 1
19 103 1259 1
103 19 1259 1
38 103 677 1
103 38 677 1
41 51 889 1
51 41 889 1
42 54 525 1
54 42 525 1
83 102 1059 1
102 83 1059 1
88 102 433 1
102 88 433 1
94 107 417 1
107 94 417 1
7 67 937 1
67 7 937 1
15 40 725 1
40 15 725 1
16 96 566 1
96 16 566 1
17 108 703 1
108 17 703 1
24 89 1045 1
89 24 1045 1
42 77 643 1
77 42 643 1
48 72 921 1
72 48 921 1
28 96 577 1
96 28 577 1
80 94 538 1
94 80 538 1
12 53 1414 1
53 12 1414 1
36 39 517 1
39 36 517 1
36 104 476 1
104 36 476 1
44 67 332 1
67 44 332 1
57 60 868 1
60 57 868 1
85 106 897 1
106 85 897 1
89 93 471 1
93 89 471 1
43 98 522 1
98 43 522 1
45 72 948 1
72 45 948 1
45 83 1099 1
83 45 1099 1
69 107 1110 1
107 69 1110 1
72 84 493 1
84 72 493 1
17 45 840 1
45 17 840 1
39 115 411 1
115 39 411 1
46 73 842 1
73 46 842 1
54 91 742 1
91 54 742 1
102 114 295 1
114 102 295 1
2 7 566 1
7 2 566 1
27 34 903 1
34 27 903 1
28 48 960 1
48 28 960 1
1 18 493 1
18 1 493 1
18 82 891 1
82 18 891 1
36 45 799 1
45 36 799 1
43 47 146 1
47 43 146 1
59 66 363 1
66 59 363 1
79 97 479 1
97 79 479 1
2 85 1134 1
85 2 1134 1
5 19 902 1
19 5 902 1
25 102 1186 1
102 25 1186 1
30 115 932 1
115 30 932 1
39 81 431 1
81 39 431 1
48 70 972 1
70 48 972 1
51 72 1050 1
72 51 1050 1
51 75 837 1
75 51 837 1
2 92 1350 1
92 2 1350 1
5 34 1016 1
34 5 1016 1
11 28 875 1
28 11 875 1
22 67 1070 1
67 22 1070 1
25 99 1124 1
99 25 1124 1
40 80 433 1
80 40 433 1
42 74 795 1
74 42 795 1
56 99 1051 1
99 56 1051 1
71 77 297 1
77 71 297 1
80 86 567 1
86 80 567 1
96 106 277 1
106 96 277 1
1 12 1022 1
12 1 1022 1
5 112 1217 1
112 5 1217 1
15 61 998 1
61 15 998 1
25 77 710 1
77 25 710 1
45 70 956 1
70 45 956 1
49 87 1159 1
87 49 1159 1
55 80 931 1
80 55 931 1
66 69 349 1
69 66 349 1
20 40 225 1
40 20 225 1
89 94 629 1
94 89 629 1
2 54 984 1
54 2 984 1
4 15 597 1
15 4 597 1
16 64 567 1
64 16 567 1
34 67 275 1
67 34 275 1
36 63 945 1
63 36 945 1
41 47 698 1
47 41 698 1
46 53 547 1
53 46 547 1
55 99 216 1
99 55 216 1
72 86 399 1
86 72 399 1
73 99 684 1
99 73 684 1
76 115 499 1
115 76 499 1
86 115 706 1
115 86 706 1
93 113 317 1
113 93 317 1
97 99 180 1
99 97 180 1
10 33 638 1
33 10 638 1
23 66 1096 1
66 23 1096 1
54 70 623 1
70 54 623 1
72 94 485 1
94 72 485 1
85 103 609 1
103 85 609 1
92 104 310 1
104 92 310 1
97 107 263 1
107 97 263 1
3 43 1099 1
43 3 1099 1
7 8 828 1
8 7 828 1
9 13 376 1
13 9 376 1
23 71 443 1
71 23 443 1
57 94 878 1
94 57 878 1
58 98 810 1
98 58 810 1
57 75 616 1
75 57 616 1
70 103 965 1
103 70 965 1
83 115 786 1
115 83 786 1
94 106 271 1
106 94 271 1
113 115 188 1
115 113 188 1
6 53 1419 1
53 6 1419 1
23 112 1349 1
112 23 1349 1
24 69 1148 1
69 24 1148 1
38 106 276 1
106 38 276 1
46 62 638 1
62 46 638 1
46 99 446 1
99 46 446 1
47 78 767 1
78 47 767 1
73 81 406 1
81 73 406 1
75 81 434 1
81 75 434 1
86 104 694 1
104 86 694 1
105 113 210 1
113 105 210 1
25 103 1172 1
103 25 1172 1
28 31 545 1
31 28 545 1
68 82 1040 1
82 68 1040 1
68 107 1166 1
107 68 1166 1
87 102 995 1
102 87 995 1
43 61 571 1
61 43 571 1
44 78 731 1
78 44 731 1
45 74 897 1
74 45 897 1
45 109 572 1
109 45 572 1
88 90 414 1
90 88 414 1
90 98 163 1
98 90 163 1
10 59 1121 1
59 10 1121 1
27 112 1080 1
112 27 1080 1
31 62 966 1
62 31 966 1
34 99 586 1
99 34 586 1
48 63 912 1
63 48 912 1
69 94 883 1
94 69 883 1
70 112 906 1
112 70 906 1
12 16 384 1
16 12 384 1
21 104 765 1
104 21 765 1
30 49 1208 1
49 30 1208 1
31 50 1246 1
50 31 1246 1
42 79 812 1
79 42 812 1
42 114 483 1
114 42 483 1
54 110 373 1
110 54 373 1
92 99 572 1
99 92 572 1
7 90 1390 1
90 7 1390 1
26 102 984 1
102 26 984 1
44 52 464 1
52 44 464 1
73 97 530 1
97 73 530 1
95 106 414 1
106 95 414 1
98 103 555 1
103 98 555 1
1 82 1112 1
82 1 1112 1
22 42 1301 1
42 22 1301 1
23 114 1244 1
114 23 1244 1
25 79 804 1
79 25 804 1
28 47 900 1
47 28 900 1
49 84 982 1
84 49 982 1
99 100 610 1
100 99 610 1
27 98 999 1
98 27 999 1
37 84 862 1
84 37 862 1
48 81 996 1
81 48 996 1
52 88 542 1
88 52 542 1
70 90 900 1
90 70 900 1
85 90 1018 1
90 85 1018 1
2 70 412 1
70 2 412 1
9 64 1448 1
64 9 1448 1
26 35 893 1
35 26 893 1
39 89 325 1
89 39 325 1
41 50 1063 1
50 41 1063 1
78 95 636 1
95 78 636 1
89 111 640 1
111 89 640 1
13 111 1128 1
111 13 1128 1
29 108 631 1
108 29 631 1
37 77 246 1
77 37 246 1
45 67 282 1
67 45 282 1
69 103 1214 1
103 69 1214 1
84 114 684 1
114 84 684 1
98 101 623 1
101 98 623 1
110 114 289 1
114 110 289 1
2 38 808 1
38 2 808 1
29 36 705 1
36 29 705 1
35 90 713 1
90 35 713 1
44 113 636 1
113 44 636 1
1 103 1135 1
103 1 1135 1
16 30 615 1
30 16 615 1
16 39 805 1
39 16 805 1
16 40 399 1
40 16 399 1
17 51 751 1
51 17 751 1
29 84 1027 1
84 29 1027 1
60 101 1230 1
101 60 1230 1
70 104 814 1
104 70 814 1
88 104 496 1
104 88 496 1
23 110 1096 1
110 23 1096 1
79 114 741 1
114 79 741 1
35 105 686 1
105 35 686 1
38 110 451 1
110 38 451 1
39 78 740 1
78 39 740 1
53 58 934 1
58 53 934 1
81 110 659 1
110 81 659 1
11 63 488 1
63 11 488 1
16 45 943 1
45 16 943 1
21 71 214 1
71 21 214 1
31 49 1198 1
49 31 1198 1
36 50 658 1
50 36 658 1
45 78 840 1
78 45 840 1
47 72 816 1
72 47 816 1
60 62 241 1
62 60 241 1
84 106 514 1
106 84 514 1
25 34 1006 1
34 25 1006 1
53 82 1252 1
82 53 1252 1
56 103 1239 1
103 56 1239 1
57 89 760 1
89 57 760 1
3 9 596 1
9 3 596 1
19 73 625 1
73 19 625 1
21 49 1063 1
49 21 1063 1
32 66 416 1
66 32 416 1
38 55 598 1
55 38 598 1
57 97 767 1
97 57 767 1
59 88 1182 1
88 59 1182 1
65 78 1008 1
78 65 1008 1
71 112 918 1
112 71 918 1
84 115 643 1
115 84 643 1
22 47 1230 1
47 22 1230 1
22 66 1066 1
66 22 1066 1
23 101 1406 1
101 23 1406 1
25 100 1246 1
100 25 1246 1
30 72 390 1
72 30 390 1
55 63 600 1
63 55 600 1
63 94 851 1
94 63 851 1
0 20 725 1
20 0 725 1
13 92 1402 1
92 13 1402 1
19 27 874 1
27 19 874 1
22 110 1082 1
110 22 1082 1
31 41 528 1
41 31 528 1
33 67 474 1
67 33 474 1
35 76 333 1
76 35 333 1
20 73 397 1
73 20 397 1
22 86 800 1
86 22 800 1
23 86 866 1
86 23 866 1
49 106 982 1
106 49 982 1
0 38 744 1
38 0 744 1
1 58 829 1
58 1 829 1
16 22 735 1
22 16 735 1
23 24 403 1
24 23 403 1
24 30 283 1
30 24 283 1
27 69 1092 1
69 27 1092 1
28 41 661 1
41 28 661 1
42 110 303 1
110 42 303 1
86 105 797 1
105 86 797 1
87 105 742 1
105 87 742 1
92 98 220 1
98 92 220 1
100 113 356 1
113 100 356 1
4 103 1174 1
103 4 1174 1
6 24 555 1
24 6 555 1
13 70 648 1
70 13 648 1
14 81 1094 1
81 14 1094 1
17 84 1128 1
84 17 1128 1
21 97 595 1
97 21 595 1
34 76 309 1
76 34 309 1
39 41 161 1
41 39 161 1
45 76 694 1
76 45 694 1
57 73 601 1
73 57 601 1
89 97 385 1
97 89 385 1
17 109 666 1
109 17 666 1
22 43 1259 1
43 22 1259 1
23 100 1403 1
100 23 1403 1
25 87 575 1
87 25 575 1
39 49 832 1
49 39 832 1
53 101 452 1
101 53 452 1
75 77 210 1
77 75 210 1
6 89 1224 1
89 6 1224 1
18 25 840 1
25 18 840 1
18 38 861 1
38 18 861 1
25 55 952 1
55 25 952 1
52 113 478 1
113 52 478 1
56 59 788 1
59 56 788 1
79 88 1019 1
88 79 1019 1
84 87 1148 1
87 84 1148 1
11 71 374 1
71 11 374 1
27 35 871 1
35 27 871 1
37 74 520 1
74 37 520 1
41 78 770 1
78 41 770 1
55 79 394 1
79 55 394 1
97 115 218 1
115 97 218 1
112 113 116 1
113 112 116 1
0 18 364 1
18 0 364 1
12 56 631 1
56 12 631 1
26 50 1256 1
50 26 1256 1
31 42 1171 1
42 31 1171 1
41 88 824 1
88 41 824 1
50 59 774 1
59 50 774 1
51 54 884 1
54 51 884 1
85 102 967 1
102 85 967 1
85 112 702 1
112 85 702 1
9 59 1335 1
59 9 1335 1
19 102 1271 1
102 19 1271 1
23 36 889 1
36 23 889 1
26 111 1043 1
111 26 1043 1
27 58 1265 1
58 27 1265 1
34 68 487 1
68 34 487 1
42 76 612 1
76 42 612 1
44 86 1168 1
86 44 1168 1
46 61 843 1
61 46 843 1
70 88 635 1
88 70 635 1
77 84 711 1
84 77 711 1
5 99 1070 1
99 5 1070 1
6 52 1192 1
52 6 1192 1
7 92 1445 1
92 7 1445 1
9 79 739 1
79 9 739 1
19 111 1024 1
111 19 1024 1
21 115 657 1
115 21 657 1
31 51 1202 1
51 31 1202 1
31 113 1132 1
113 31 1132 1
70 83 652 1
83 70 652 1
105 108 296 1
108 105 296 1
105 110 411 1
110 105 411 1
5 54 1015 1
54 5 1015 1
12 73 783 1
73 12 783 1
19 53 1115 1
53 19 1115 1
42 84 665 1
84 42 665 1
57 99 846 1
99 57 846 1
69 95 876 1
95 69 876 1
74 109 457 1
109 74 457 1
77 87 602 1
87 77 602 1
83 84 1154 1
84 83 1154 1
3 76 687 1
76 3 687 1
6 20 561 1
20 6 561 1
14 51 1362 1
51 14 1362 1
25 66 1220 1
66 25 1220 1
31 72 482 1
72 31 482 1
37 70 546 1
70 37 546 1
42 50 271 1
50 42 271 1
0 57 825 1
57 0 825 1
4 50 1323 1
50 4 1323 1
13 26 645 1
26 13 645 1
28 44 945 1
44 28 945 1
42 45 300 1
45 42 300 1
6 9 834 1
9 6 834 1
6 11 866 1
11 6 866 1
10 57 1032 1
57 10 1032 1
38 42 697 1
42 38 697 1
46 63 897 1
63 46 897 1
58 64 312 1
64 58 312 1
61 65 175 1
65 61 175 1
7 32 649 1
32 7 649 1
8 72 485 1
72 8 485 1
10 64 755 1
64 10 755 1
21 95 510 1
95 21 510 1
28 76 345 1
76 28 345 1
49 65 308 1
65 49 308 1
54 55 651 1
55 54 651 1
77 114 582 1
114 77 582 1
1 75 562 1
75 1 562 1
9 103 1158 1
103 9 1158 1
12 72 358 1
72 12 358 1
16 51 1106 1
51 16 1106 1
22 45 1298 1
45 22 1298 1
49 76 758 1
76 49 758 1
54 78 385 1
78 54 385 1
61 111 816 1
111 61 816 1
69 98 991 1
98 69 991 1
79 96 717 1
96 79 717 1
104 109 377 1
109 104 377 1
1 32 484 1
32 1 484 1
5 102 1167 1
102 5 1167 1
17 96 834 1
96 17 834 1
25 84 1066 1
84 25 1066 1
28 30 436 1
30 28 436 1
32 67 439 1
67 32 439 1
38 82 362 1
82 38 362 1
107 113 400 1
113 107 400 1
1 11 394 1
11 1 394 1
3 27 634 1
27 3 634 1
12 33 709 1
33 12 709 1
15 69 1077 1
69 15 1077 1
20 52 976 1
52 20 976 1
21 48 1109 1
48 21 1109 1
22 44 1293 1
44 22 1293 1
24 52 1359 1
52 24 1359 1
36 51 908 1
51 36 908 1
48 52 415 1
52 48 415 1
50 86 1077 1
86 50 1077 1
52 75 976 1
75 52 976 1
56 85 1128 1
85 56 1128 1
72 95 570 1
95 72 570 1
102 115 318 1
115 102 318 1
0 12 517 1
12 0 517 1
31 115 958 1
115 31 958 1
37 94 426 1
94 37 426 1
39 42 762 1
42 39 762 1
10 46 902 1
46 10 902 1
11 76 704 1
76 11 704 1
13 101 1137 1
101 13 1137 1
19 112 1132 1
112 19 1132 1
26 38 554 1
38 26 554 1
28 62 527 1
62 28 527 1
43 74 810 1
74 43 810 1
51 76 794 1
76 51 794 1
59 101 1108 1
101 59 1108 1
6 111 1170 1
111 6 1170 1
9 14 725 1
14 9 725 1
22 30 218 1
30 22 218 1
27 92 1167 1
92 27 1167 1
30 36 645 1
36 30 645 1
59 86 1363 1
86 59 1363 1
87 103 754 1
103 87 754 1
97 98 437 1
98 97 437 1
5 69 1149 1
69 5 1149 1
11 60 1139 1
60 11 1139 1
15 62 1246 1
62 15 1246 1
15 73 336 1
73 15 336 1
19 26 891 1
26 19 891 1
21 27 209 1
27 21 209 1
42 87 1132 1
87 42 1132 1
48 109 620 1
109 48 620 1
51 78 1004 1
78 51 1004 1
56 63 1014 1
63 56 1014 1
68 84 871 1
84 68 871 1
71 102 966 1
102 71 966 1
104 110 417 1
110 104 417 1
2 58 959 1
58 2 959 1
16 29 882 1
29 16 882 1
38 70 414 1
70 38 414 1
44 83 1178 1
83 44 1178 1
75 106 695 1
106 75 695 1
14 80 575 1
80 14 575 1
21 89 648 1
89 21 648 1
27 101 1063 1
101 27 1063 1
41 87 263 1
87 41 263 1
51 113 663 1
113 51 663 1
64 89 1175 1
89 64 1175 1
68 102 1226 1
102 68 1226 1
71 91 911 1
91 71 911 1
87 101 801 1
101 87 801 1
5 101 1174 1
101 5 1174 1
7 101 1268 1
101 7 1268 1
9 61 1165 1
61 9 1165 1
13 48 1332 1
48 13 1332 1
14 73 703 1
73 14 703 1
14 78 546 1
78 14 546 1
27 53 1217 1
53 27 1217 1
31 114 1052 1
114 31 1052 1
35 45 385 1
45 35 385 1
37 51 673 1
51 37 673 1
39 84 850 1
84 39 850 1
52 70 942 1
70 52 942 1
52 81 1110 1
81 52 1110 1
52 112 417 1
112 52 417 1
53 89 552 1
89 53 552 1
1 63 334 1
63 1 334 1
2 68 671 1
68 2 671 1
5 68 1146 1
68 5 1146 1
