116 1334
44 45 194 0.7780000000000002
42 43 239 0.7777307692307693
30 31 127 0.761826923076923
28 72 116 0.7170769230769231
80 81 1113 0.7167692307692307
29 72 629 0.675153846153846
42 46 173 0.6686153846153845
26 27 135 0.6603461538461539
24 25 135 0.657980769230769
43 47 146 0.6553269230769231
76 77 238 0.6507692307692309
2 6 165 0.6483076923076924
46 47 309 0.6366730769230766
44 49 304 0.6351538461538462
22 23 140 0.6307692307692307
58 59 496 0.6294230769230769
45 49 111 0.6267884615384615
78 80 116 0.6210576923076924
16 80 152 0.6119615384615384
42 47 281 0.6100192307692306
4 8 148 0.6065576923076923
28 29 741 0.6045961538461538
43 46 341 0.5971153846153846
79 81 136 0.5901153846153846
56 57 840 0.5857499999999998
72 74 76 0.5853653846153847
73 75 84 0.5834423076923078
91 93 118 0.5828461538461538
11 13 168 0.5825384615384614
16 17 998 0.58175
73 74 458 0.581346153846154
48 49 410 0.5764615384615384
32 33 149 0.5749423076923076
17 81 182 0.5704423076923077
78 81 1002 0.5695576923076924
34 35 126 0.5689615384615384
62 63 1134 0.5672692307692309
48 51 548 0.5652692307692307
49 51 172 0.5642499999999999
92 93 608 0.5558653846153845
55 96 492 0.5542115384615385
84 85 1130 0.54875
1 57 172 0.5484423076923078
98 99 479 0.5442692307692307
100 102 87 0.5442115384615387
104 105 204 0.5427884615384614
66 67 177 0.5427307692307693
103 104 369 0.5422307692307692
90 91 735 0.5416346153846155
60 61 893 0.5403461538461539
17 79 135 0.5385961538461538
8 9 638 0.5374615384615385
68 69 164 0.534826923076923
43 45 199 0.5336538461538463
42 44 208 0.5308269230769229
38 39 465 0.529903846153846
10 12 181 0.5252692307692308
16 81 1063 0.5246538461538462
101 103 106 0.5241153846153846
78 79 878 0.5240961538461539
25 27 193 0.5235384615384614
74 76 203 0.5222307692307692
70 71 263 0.5208076923076924
5 9 157 0.5191730769230769
17 29 223 0.5176346153846155
16 78 122 0.5176153846153844
102 103 508 0.5151923076923077
5 27 165 0.5148653846153844
99 111 265 0.5125961538461541
50 51 698 0.5106923076923077
46 55 584 0.5088461538461537
36 37 542 0.5013653846153845
29 73 113 0.4999423076923079
54 55 651 0.4992307692307691
43 44 290 0.4989615384615384
16 28 220 0.49846153846153834
95 108 123 0.49655769230769226
48 50 202 0.49621153846153854
72 73 517 0.4953846153846154
6 7 710 0.4938846153846155
17 80 1070 0.49284615384615366
52 53 746 0.4924038461538461
18 19 147 0.49169230769230776
90 92 135 0.49155769230769236
3 7 185 0.49086538461538454
93 101 103 0.48811538461538445
58 60 266 0.48730769230769216
28 80 329 0.48703846153846153
5 26 263 0.48688461538461536
20 21 185 0.48282692307692315
4 9 500 0.48190384615384624
59 61 271 0.4776346153846155
36 40 213 0.4738076923076923
9 15 219 0.47361538461538466
74 75 389 0.47194230769230777
12 13 959 0.46990384615384617
94 97 266 0.467076923076923
42 45 300 0.4670192307692308
82 83 881 0.46680769230769226
17 72 781 0.4657115384615385
44 48 114 0.46553846153846157
16 72 287 0.4654807692307692
98 111 265 0.4646346153846152
3 23 271 0.46417307692307685
91 92 669 0.46144230769230776
17 28 894 0.461326923076923
29 81 342 0.4603846153846155
51 53 271 0.45980769230769225
75 77 210 0.4593461538461539
73 76 450 0.45765384615384613
95 109 146 0.45603846153846156
2 22 228 0.4560000000000001
61 63 238 0.45573076923076933
96 110 214 0.45573076923076916
79 80 991 0.4547884615384615
0 56 174 0.4543269230769231
19 69 323 0.4532307692307692
72 80 384 0.45321153846153867
88 89 1035 0.45298076923076913
86 87 805 0.45194230769230787
101 102 595 0.45073076923076905
59 66 363 0.4502115384615385
4 5 350 0.4479615384615385
72 76 257 0.44657692307692304
13 15 277 0.44492307692307675
4 26 161 0.4434807692307693
95 97 97 0.44240384615384615
58 66 198 0.4414423076923078
96 97 322 0.43963461538461535
17 78 955 0.4395000000000003
51 52 786 0.4389615384615385
102 104 159 0.43894230769230763
43 49 240 0.43836538461538477
17 63 324 0.43782692307692295
37 39 117 0.43546153846153857
42 49 396 0.43451923076923066
75 76 374 0.4343461538461539
28 81 975 0.4315192307692307
72 81 860 0.43132692307692305
44 46 353 0.4283653846153846
92 100 157 0.42611538461538456
46 98 212 0.4261153846153845
55 98 606 0.4252500000000001
97 109 174 0.42274999999999996
8 14 205 0.42161538461538445
47 55 367 0.4201346153846152
14 15 772 0.41684615384615387
37 41 217 0.416
29 79 257 0.4155384615384615
23 25 373 0.4147692307692309
99 112 272 0.41469230769230764
64 65 897 0.4138269230769231
16 62 313 0.413326923076923
46 49 541 0.4205882352941177
5 25 129 0.4122499999999999
35 67 262 0.412153846153846
28 67 871 0.41021153846153846
103 105 173 0.4101538461538461
50 52 243 0.40861538461538455
24 26 201 0.4058846153846154
60 63 1021 0.40569230769230785
16 79 934 0.4055
24 27 252 0.41258823529411753
36 38 122 0.4040769230769231
14 82 179 0.40403846153846157
16 56 380 0.4036538461538462
62 80 268 0.4027692307692308
47 110 210 0.40132692307692314
28 78 272 0.40003846153846145
58 61 717 0.3993653846153847
25 31 272 0.3992307692307691
67 72 803 0.3992307692307691
29 80 961 0.3983269230769231
72 78 300 0.396826923076923
4 24 144 0.3963269230769232
22 24 386 0.3945384615384615
100 101 656 0.3940384615384615
114 115 96 0.39386538461538445
93 103 173 0.3935384615384615
38 54 263 0.393346153846154
21 27 209 0.3916346153846154
20 26 232 0.3913076923076923
111 112 111 0.39109615384615376
113 114 95 0.39057692307692304
37 38 515 0.3901730769230768
46 96 270 0.38990384615384627
70 73 402 0.389673076923077
71 75 163 0.3893846153846153
40 41 506 0.3892884615384616
60 62 241 0.38894230769230764
73 77 274 0.38890384615384604
0 1 800 0.3880961538461539
29 67 803 0.38740384615384615
82 86 143 0.38684615384615384
19 68 313 0.38380769230769246
29 74 571 0.3837499999999998
54 96 167 0.3836346153846154
41 73 204 0.3836153846153847
72 75 453 0.3836153846153847
44 47 404 0.38340384615384626
7 9 490 0.3830769230769232
7 65 934 0.3818076923076923
96 98 184 0.38136538461538466
47 98 442 0.38050000000000017
22 25 402 0.3790192307692308
2 7 566 0.37805769230769226
45 47 345 0.37771153846153843
106 107 486 0.37769230769230755
21 25 360 0.37746153846153835
5 8 493 0.3747307692307692
72 79 733 0.37369230769230766
47 96 412 0.3733653846153847
16 29 882 0.3696730769230769
63 81 293 0.36930769230769234
105 114 152 0.3692307692307692
28 74 188 0.36869230769230754
2 80 742 0.36842307692307685
93 100 653 0.3680769230769231
47 49 380 0.3669230769230771
37 40 562 0.3668653846153846
39 96 494 0.3668461538461539
29 75 189 0.3665961538461539
25 30 292 0.3663461538461539
54 89 853 0.36625
105 115 176 0.3656538461538462
3 22 347 0.3648269230769231
12 14 278 0.36405769230769225
71 73 163 0.3638846153846155
47 111 188 0.3637884615384616
17 62 1129 0.36359615384615385
71 77 297 0.36257692307692313
45 48 304 0.36188461538461547
25 26 225 0.36146153846153845
40 72 200 0.35936538461538486
22 30 218 0.3591538461538461
57 68 520 0.35894230769230767
94 95 213 0.35876923076923084
10 14 380 0.35832692307692304
97 99 180 0.3578461538461538
62 81 1169 0.3575192307692307
5 15 278 0.3572307692307692
31 33 517 0.3571153846153846
91 103 258 0.3570192307692309
23 27 506 0.35574999999999984
36 41 570 0.3549615384615385
23 31 199 0.35301923076923064
5 24 252 0.3529615384615385
61 65 175 0.3526538461538461
29 78 851 0.35171153846153835
43 55 485 0.3515
55 97 173 0.3511923076923077
38 96 284 0.3510384615384614
45 46 448 0.34976923076923083
91 101 197 0.3491730769230769
100 103 576 0.3480384615384616
17 67 717 0.34711538461538455
36 72 276 0.3470192307692308
63 80 1146 0.3465769230769231
36 80 330 0.34648076923076915
70 75 355 0.3464615384615385
70 77 376 0.3454807692307692
4 14 255 0.34517307692307697
94 108 97 0.34463461538461543
22 27 524 0.3441346153846154
4 15 597 0.34398076923076926
2 81 1016 0.3438076923076923
7 13 237 0.34353846153846146
90 93 690 0.3433269230769232
2 4 569 0.34296153846153843
46 53 547 0.3427307692307692
28 83 861 0.3426538461538461
31 58 1104 0.3424615384615384
31 59 1081 0.3486274509803921
1 63 334 0.3415
7 81 645 0.34149999999999997
38 40 158 0.3409615384615385
56 80 431 0.34094230769230766
2 3 405 0.340923076923077
39 55 254 0.34067307692307686
97 110 221 0.3402307692307693
6 8 485 0.34643137254901957
42 98 381 0.3397692307692307
57 63 249 0.3394423076923077
16 63 1092 0.3391153846153846
41 75 187 0.3388269230769231
24 30 283 0.3387692307692308
29 41 234 0.3384423076923077
10 11 986 0.33826923076923077
29 40 655 0.3377692307692308
98 112 277 0.3354038461538461
36 81 848 0.3349423076923076
55 99 216 0.33388461538461545
13 61 843 0.33361538461538454
28 79 847 0.3335192307692307
21 26 271 0.33348076923076925
20 25 402 0.33338461538461533
56 78 391 0.33248076923076925
36 76 232 0.33174999999999993
11 15 385 0.3317307692307693
6 12 248 0.33036538461538456
39 97 289 0.3299615384615385
0 25 940 0.3298269230769231
62 72 566 0.32903846153846167
31 90 1214 0.32832692307692307
42 55 629 0.3280192307692308
4 6 536 0.3278461538461538
8 26 300 0.32761538461538453
70 76 285 0.32742307692307693
31 71 265 0.32707692307692315
28 62 527 0.3259807692307692
28 76 345 0.3259038461538462
67 81 697 0.32540384615384615
57 81 488 0.3251923076923078
12 60 825 0.3250576923076923
1 61 385 0.32484615384615384
28 36 321 0.32448076923076913
105 107 233 0.3242884615384616
8 15 741 0.3235769230769231
29 83 227 0.32303846153846166
15 83 194 0.3229615384615385
40 74 182 0.322826923076923
52 54 402 0.3226538461538463
1 19 351 0.32261538461538464
48 52 415 0.32259615384615387
29 76 555 0.3221923076923077
20 27 271 0.32211538461538464
9 24 385 0.32173076923076915
20 30 328 0.32115384615384607
108 109 87 0.3211153846153846
41 74 484 0.32088461538461543
23 24 403 0.3206153846153846
74 77 362 0.3203846153846153
29 88 984 0.3265882352941178
38 55 598 0.32011538461538463
37 77 246 0.3200576923076923
91 99 166 0.3259803921568627
8 24 258 0.31965384615384607
28 40 248 0.31963461538461535
97 108 170 0.3190192307692307
29 66 901 0.31865384615384623
22 64 1169 0.31857692307692315
49 50 585 0.31840384615384604
90 98 163 0.31780769230769224
86 88 460 0.3173269230769231
47 60 806 0.31709615384615386
11 12 972 0.31671153846153854
94 96 89 0.3166730769230769
90 100 182 0.3160192307692308
110 111 172 0.3158076923076924
81 92 1104 0.3157115384615385
28 92 903 0.3155384615384615
30 90 1152 0.3151538461538462
22 88 1044 0.3151538461538461
67 80 811 0.3150769230769231
27 29 470 0.31475000000000003
93 102 600 0.31471153846153843
43 96 503 0.31432692307692306
92 102 211 0.31419230769230766
84 86 610 0.31384615384615383
32 72 471 0.31373076923076915
2 23 340 0.3135961538461538
16 67 801 0.31261538461538463
99 113 264 0.31253846153846143
112 113 116 0.3121153846153846
46 51 585 0.31192307692307697
84 88 224 0.31192307692307686
64 84 478 0.3111923076923077
35 110 305 0.3108846153846153
104 107 401 0.3107307692307692
28 73 629 0.3166666666666666
29 36 705 0.3104615384615385
56 81 1090 0.30907692307692314
1 56 851 0.30850000000000005
100 104 240 0.3081153846153845
56 68 408 0.3076923076923077
96 109 176 0.3076730769230769
30 59 1103 0.30751923076923066
96 99 428 0.3074807692307692
39 54 618 0.3070192307692308
72 92 872 0.3066923076923077
2 78 668 0.30659615384615385
38 41 513 0.3063653846153847
16 57 981 0.3121960784313726
4 27 279 0.30605769230769236
22 31 234 0.30559615384615385
57 80 1050 0.30544230769230774
23 63 956 0.3054038461538461
22 61 1099 0.3053461538461539
44 51 440 0.3049230769230768
0 18 364 0.3045576923076923
17 73 298 0.30390384615384614
10 13 1004 0.3039038461538461
20 24 393 0.30376923076923074
53 55 448 0.3037692307692307
42 48 243 0.3091176470588236
46 111 189 0.30300000000000005
29 91 799 0.3028653846153846
23 29 606 0.3027692307692308
99 103 258 0.3023846153846154
54 98 204 0.3023269230769231
90 103 653 0.301903846153846
64 98 614 0.30182692307692316
37 96 506 0.30151923076923076
28 82 255 0.30123076923076914
85 87 616 0.30101923076923076
0 10 381 0.3009807692307692
45 67 282 0.30076923076923073
39 94 407 0.30051923076923076
1 25 905 0.30049999999999993
2 8 554 0.30028846153846156
46 48 368 0.3001730769230769
66 69 349 0.29944230769230773
45 51 254 0.29924999999999996
56 63 1014 0.2987884615384615
31 69 862 0.29863461538461544
104 106 195 0.2983076923076923
29 63 531 0.2979423076923077
57 79 431 0.29765384615384616
2 18 379 0.29765384615384616
57 69 378 0.29763461538461533
0 57 825 0.29759615384615384
37 55 221 0.2975384615384615
34 67 275 0.29732692307692304
59 69 338 0.2973076923076923
73 79 296 0.29724999999999996
10 28 213 0.2969423076923077
82 84 544 0.2969038461538461
76 79 567 0.29676923076923073
97 115 218 0.2961730769230769
6 37 937 0.296
21 71 214 0.2959615384615385
30 33 526 0.29573076923076935
20 31 387 0.3013725490196078
70 74 155 0.2955192307692307
23 80 975 0.29523076923076924
14 22 562 0.2950192307692308
7 11 254 0.2948269230769231
17 57 439 0.29463461538461533
101 104 464 0.29457692307692307
80 92 736 0.29425
59 60 718 0.29423076923076924
34 64 445 0.29415384615384615
0 31 726 0.2940961538461539
65 67 361 0.2939423076923077
1 68 549 0.2935576923076924
65 81 513 0.2935
94 109 127 0.2934807692307692
28 66 818 0.2930961538461538
7 57 615 0.2930384615384614
27 72 496 0.29273076923076935
109 110 135 0.29257692307692307
90 102 246 0.29255769230769235
43 98 522 0.29248076923076927
37 73 278 0.29232692307692304
82 87 849 0.29230769230769227
63 79 303 0.2923076923076922
30 71 303 0.29801960784313736
36 54 228 0.29178846153846144
25 60 1224 0.291673076923077
27 28 565 0.2916538461538462
61 110 719 0.2916346153846154
43 60 748 0.29134615384615387
30 58 1068 0.2913076923076923
16 74 335 0.2912307692307693
23 72 638 0.29109615384615384
3 81 740 0.2910384615384616
32 92 1015 0.2910384615384615
2 29 756 0.2909615384615384
2 79 885 0.2909038461538461
36 78 263 0.29082692307692315
92 101 634 0.29030769230769227
51 55 568 0.2902692307692308
42 111 258 0.2902115384615385
18 68 315 0.2901730769230768
5 28 699 0.28996153846153844
0 60 405 0.289673076923077
36 74 242 0.28967307692307687
1 59 541 0.28959615384615384
5 17 702 0.28946153846153844
42 51 463 0.28928846153846155
42 60 630 0.28913461538461543
49 55 664 0.2889423076923076
52 90 240 0.28871153846153846
31 66 997 0.2886730769230769
9 65 1235 0.28850000000000003
7 80 1088 0.2882307692307692
11 29 239 0.2870769230769231
1 23 707 0.2869615384615385
9 92 1428 0.2867307692307692
5 72 634 0.28667307692307686
54 88 224 0.2866346153846154
63 72 944 0.2862692307692308
27 88 863 0.29186274509803917
46 60 624 0.286076923076923
30 72 390 0.2860576923076922
50 53 744 0.28598076923076926
28 89 998 0.2858269230769231
104 114 171 0.28542307692307695
74 79 666 0.2853461538461537
28 30 436 0.28523076923076923
85 89 220 0.28505769230769223
14 83 858 0.2850384615384615
1 31 666 0.28501923076923075
44 55 743 0.28478846153846155
97 111 292 0.28473076923076923
7 79 561 0.2846923076923077
67 74 761 0.2843846153846154
6 64 941 0.28407692307692306
12 15 906 0.28401923076923075
17 74 721 0.2838269230769229
41 72 550 0.28371153846153846
13 29 290 0.28357692307692317
22 63 1020 0.2834615384615385
65 80 1107 0.28346153846153843
28 65 1103 0.28328846153846154
6 80 635 0.28321153846153846
6 60 799 0.2831923076923077
23 62 1065 0.2831153846153846
23 64 1238 0.2831153846153846
23 61 1058 0.28301923076923063
22 84 1027 0.28288461538461535
49 88 1056 0.2827692307692308
72 89 886 0.282576923076923
84 87 1148 0.28215384615384614
96 111 286 0.28203846153846157
13 60 1245 0.28186538461538463
37 75 239 0.281826923076923
60 110 690 0.28175000000000006
22 29 677 0.28174999999999994
25 35 978 0.28121153846153846
32 91 981 0.28115384615384614
4 25 258 0.2809423076923077
26 88 791 0.2808846153846153
33 51 793 0.2807884615384616
99 101 266 0.28078846153846154
29 89 469 0.28053846153846157
2 37 895 0.2796538461538462
5 23 453 0.27928846153846165
20 70 213 0.2790192307692308
22 26 505 0.27898076923076914
3 5 603 0.2789615384615385
7 92 1445 0.2786923076923077
3 92 1420 0.27838461538461545
21 31 344 0.2835882352941177
23 81 907 0.2776538461538461
23 88 1119 0.27761538461538465
63 78 1033 0.2775961538461538
36 39 517 0.2774615384615384
32 62 548 0.27728846153846143
39 41 161 0.2769615384615385
76 78 312 0.27676923076923077
91 100 719 0.2765000000000001
47 51 339 0.2765
79 90 1035 0.27644230769230765
30 69 868 0.27640384615384617
7 36 936 0.27621153846153845
44 89 917 0.27619230769230774
105 106 359 0.27611538461538465
21 24 413 0.27599999999999997
29 32 631 0.2759423076923077
7 61 813 0.2755192307692307
1 22 766 0.27548076923076925
79 91 645 0.2753461538461538
39 95 233 0.2752884615384616
5 7 538 0.27521153846153834
3 28 740 0.27492307692307694
3 65 942 0.27490384615384617
41 83 252 0.27490384615384605
2 64 992 0.27480769230769225
6 78 581 0.27423076923076917
17 56 1024 0.279470588235294
37 76 441 0.27394230769230765
63 67 543 0.2739230769230769
25 34 1006 0.2737692307692308
17 92 1178 0.27376923076923076
81 93 713 0.27376923076923076
55 64 984 0.27363461538461537
33 35 375 0.2735
2 16 591 0.27342307692307694
74 90 750 0.2733846153846154
5 81 830 0.27332692307692297
29 62 1067 0.27325000000000005
25 63 1053 0.2731346153846153
31 52 1259 0.27298076923076925
23 30 259 0.2727692307692309
1 34 639 0.2727307692307693
72 77 430 0.27253846153846156
56 62 252 0.2723076923076923
6 57 963 0.27764705882352936
43 51 245 0.27225
52 58 705 0.27203846153846145
11 65 770 0.2719999999999999
95 96 288 0.2719615384615385
46 52 244 0.27173076923076905
29 69 823 0.2769803921568627
1 24 978 0.2714230769230769
23 26 522 0.27138461538461545
28 63 1049 0.27138461538461534
14 26 321 0.2713076923076923
72 90 781 0.2710576923076923
2 93 1417 0.2710192307692308
28 75 567 0.271
7 78 980 0.2707307692307693
24 31 318 0.27073076923076916
80 93 1087 0.27065384615384613
16 92 852 0.2706346153846154
29 58 1070 0.2705576923076923
28 90 801 0.2705192307692307
62 78 287 0.27572549019607845
66 72 771 0.2704038461538461
3 25 566 0.27036538461538456
44 98 563 0.27021153846153845
47 99 231 0.2700961538461538
0 19 488 0.2700769230769231
49 98 742 0.2753529411764705
74 78 322 0.2698269230769231
29 92 1119 0.2696923076923077
93 105 305 0.26949999999999996
25 61 1194 0.26938461538461544
94 115 181 0.269326923076923
6 56 576 0.26925000000000004
35 45 385 0.26917307692307696
98 102 260 0.2691730769230769
49 53 406 0.2691346153846153
29 93 864 0.2689038461538461
59 67 245 0.26880769230769225
36 73 600 0.26880769230769225
87 89 476 0.268673076923077
69 72 809 0.2685192307692307
20 71 311 0.2682692307692308
79 92 1051 0.26807692307692316
3 63 726 0.26807692307692305
33 89 802 0.26807692307692305
64 88 675 0.26794230769230765
72 91 991 0.26786538461538456
17 88 1113 0.2676923076923077
47 53 268 0.2727450980392157
2 17 866 0.26746153846153853
97 114 263 0.26742307692307693
32 90 926 0.2673653846153846
22 62 972 0.26723076923076927
92 103 574 0.2666538461538462
0 58 565 0.26661538461538464
78 91 1010 0.2666153846153846
19 65 742 0.26648076923076924
17 65 592 0.2664423076923077
60 65 898 0.2663461538461538
67 73 757 0.26624999999999993
40 73 549 0.2661346153846153
16 65 1088 0.2660192307692308
67 69 345 0.2658461538461539
29 37 304 0.26582692307692307
67 79 625 0.26582692307692307
80 84 162 0.26571153846153844
57 78 938 0.26569230769230756
3 85 893 0.2653846153846154
93 104 478 0.265173076923077
70 72 158 0.2651153846153846
33 50 858 0.26503846153846156
74 80 415 0.2702156862745098
78 92 738 0.2649999999999999
35 63 527 0.26498076923076924
40 81 874 0.26475
55 89 213 0.26450000000000007
3 27 634 0.26436538461538456
30 70 259 0.26430769230769235
53 67 640 0.2640576923076923
72 88 483 0.2638846153846154
91 105 371 0.2638653846153846
40 82 231 0.2638269230769231
40 75 477 0.2637884615384615
2 62 788 0.26348076923076924
69 90 1119 0.2634230769230769
42 96 429 0.2633076923076923
47 48 490 0.26325
17 23 734 0.26305769230769227
43 111 293 0.26290384615384615
28 32 528 0.26249999999999996
22 80 882 0.2623461538461539
19 50 1015 0.2623461538461539
6 22 333 0.2623461538461538
37 54 645 0.26232692307692307
60 64 187 0.2622500000000001
13 65 935 0.2673921568627451
65 72 1010 0.26223076923076927
40 78 376 0.26194230769230775
91 102 669 0.2619423076923076
113 115 188 0.2618846153846154
92 105 456 0.2618076923076924
29 33 510 0.2618076923076923
16 23 833 0.2618076923076923
40 80 433 0.26688235294117646
56 79 965 0.26674509803921564
32 63 656 0.26148076923076913
5 21 332 0.2614038461538462
22 59 1169 0.2613461538461538
12 28 275 0.2613076923076923
29 31 454 0.2612884615384616
31 91 1172 0.2610769230769231
90 101 719 0.26103846153846155
48 98 566 0.2610384615384615
2 63 1012 0.2609807692307692
59 64 750 0.2609038461538462
43 61 571 0.2608846153846154
48 58 400 0.2608076923076923
7 55 903 0.2607884615384616
52 89 1027 0.26075000000000015
29 77 357 0.2607115384615384
67 76 565 0.2606923076923077
74 81 792 0.2606346153846154
78 90 619 0.26059615384615387
73 81 406 0.2605192307692307
8 12 346 0.260423076923077
108 115 135 0.2601730769230769
107 115 298 0.2600576923076923
25 62 1130 0.2595384615384615
18 45 924 0.25936538461538466
7 15 461 0.2593269230769231
27 63 984 0.26439215686274514
6 81 1103 0.2592307692307693
95 115 205 0.25892307692307687
9 26 419 0.2588269230769231
5 29 493 0.2588076923076923
31 60 1021 0.25876923076923075
6 79 969 0.25869230769230767
104 115 184 0.2586538461538461
17 76 648 0.2585576923076923
3 80 983 0.2585192307692308
48 81 996 0.2582500000000001
35 65 453 0.25823076923076926
9 14 725 0.2581346153846153
17 91 767 0.25803846153846155
7 110 1011 0.25796153846153846
99 102 560 0.2575769230769231
45 63 653 0.2574230769230769
14 28 286 0.26239215686274503
76 81 691 0.25721153846153844
78 93 1024 0.2571923076923076
27 62 1061 0.2571730769230769
43 48 391 0.2569615384615385
81 91 617 0.2569230769230769
31 68 842 0.2566538461538462
9 25 252 0.2566346153846154
3 72 675 0.2564807692307692
5 32 873 0.25646153846153835
16 89 1095 0.25636538461538466
24 62 1081 0.25634615384615383
0 24 899 0.25617307692307706
24 34 1021 0.25609615384615386
8 25 389 0.2610980392156862
52 59 956 0.25590384615384615
3 62 1020 0.25576923076923075
30 52 1201 0.25576923076923075
19 25 860 0.2557115384615385
59 84 1069 0.2555961538461538
2 56 626 0.25555769230769243
13 30 546 0.25509615384615386
94 114 259 0.255
11 66 951 0.255
10 22 580 0.25499999999999995
90 104 351 0.2549615384615386
3 6 559 0.25494230769230763
103 106 532 0.25478846153846163
23 84 1113 0.25469230769230766
51 98 763 0.25467307692307684
16 88 420 0.2546153846153846
48 84 706 0.2546153846153846
44 88 846 0.2544807692307693
16 76 379 0.25436538461538466
42 53 475 0.25436538461538455
1 69 441 0.2543269230769231
23 32 683 0.2542884615384616
1 30 736 0.25396153846153846
59 63 501 0.2537884615384615
7 56 986 0.2536730769230769
67 110 507 0.25862745098039214
95 99 272 0.25357692307692314
45 60 681 0.2535769230769231
97 113 312 0.25854901960784316
38 86 366 0.2532307692307692
20 41 386 0.2531153846153847
14 88 613 0.2530192307692307
14 24 389 0.2529038461538461
80 88 313 0.25257692307692303
17 89 445 0.2525192307692307
32 89 885 0.2525
42 61 760 0.2523653846153846
72 93 1011 0.2522884615384616
7 96 1059 0.25225
29 30 533 0.2522115384615385
51 81 628 0.2519038461538462
23 58 1186 0.25176923076923075
6 96 943 0.25144230769230763
59 85 741 0.2513846153846155
1 35 565 0.2513846153846153
0 30 652 0.25123076923076926
26 29 574 0.25123076923076926
36 96 257 0.25111538461538463
48 59 599 0.2510000000000001
83 87 158 0.2509807692307692
37 74 520 0.25096153846153846
46 64 503 0.2509423076923077
66 68 378 0.25094230769230763
3 18 417 0.25092307692307697
46 67 554 0.25092307692307686
7 37 695 0.25078846153846157
80 91 1082 0.25067307692307683
33 91 952 0.25046153846153846
52 64 474 0.25042307692307686
7 47 1090 0.25030769230769234
67 78 722 0.2552156862745098
15 26 469 0.2502884615384615
81 88 1121 0.25013461538461534
90 99 615 0.24986538461538466
2 98 1139 0.24967307692307686
36 77 422 0.24961538461538463
14 27 449 0.2495961538461539
48 55 832 0.24959615384615383
80 83 1100 0.2495576923076922
24 63 1140 0.24950000000000003
17 93 856 0.24936538461538466
15 66 1171 0.2493461538461538
17 35 579 0.2492307692307692
6 68 723 0.24907692307692314
5 83 447 0.2490576923076923
103 113 295 0.24894230769230768
2 36 765 0.24886538461538465
23 59 1157 0.24876923076923077
18 82 891 0.24874999999999994
7 22 454 0.24871153846153854
91 98 616 0.2486923076923076
33 52 951 0.24849999999999997
72 83 754 0.24848076923076914
5 82 673 0.24838461538461537
5 92 1324 0.248326923076923
64 80 500 0.24821153846153848
33 48 801 0.2481923076923077
39 40 508 0.2481923076923077
111 113 191 0.2481923076923077
46 50 303 0.2480961538461538
0 12 517 0.2480769230769232
2 24 548 0.2480384615384616
31 57 796 0.24801923076923074
102 106 217 0.24790384615384609
48 85 925 0.24763461538461537
19 57 426 0.24757692307692297
103 107 239 0.24751923076923085
46 88 560 0.24744230769230774
29 90 1092 0.2473461538461539
73 90 1009 0.24723076923076923
44 50 287 0.24721153846153854
28 58 871 0.24719230769230774
8 27 425 0.2520392156862745
27 61 1128 0.24719230769230768
28 88 461 0.24713461538461542
2 46 1126 0.24671153846153848
23 57 858 0.24646153846153848
62 92 837 0.24632692307692303
35 62 643 0.24628846153846154
6 13 864 0.24625
30 89 952 0.24625
90 105 516 0.2462307692307692
13 22 606 0.24600000000000002
48 83 1266 0.24584615384615385
91 112 368 0.2457692307692307
42 50 271 0.24575
21 39 356 0.24573076923076928
102 113 317 0.24569230769230768
16 32 504 0.24567307692307708
28 93 1101 0.24555769230769237
43 110 298 0.24550000000000002
87 88 1035 0.24528846153846165
79 93 736 0.2452692307692308
22 50 1336 0.24517307692307694
3 29 515 0.24503846153846162
11 91 974 0.24451923076923074
43 88 861 0.2444807692307693
32 93 1047 0.24448076923076925
62 65 1049 0.24444230769230765
37 81 336 0.2443076923076923
36 65 943 0.24430769230769228
23 60 1109 0.24423076923076925
50 72 861 0.24421153846153842
2 57 856 0.2441730769230768
30 68 827 0.24401923076923074
21 41 236 0.24398076923076925
28 31 545 0.24394230769230768
45 55 662 0.24392307692307688
50 83 1292 0.2438846153846154
42 89 824 0.24373076923076933
48 80 763 0.24369230769230774
18 49 957 0.24361538461538454
31 48 1244 0.24350000000000002
28 91 1086 0.24336538461538468
0 16 380 0.24326923076923085
21 30 349 0.24326923076923077
56 99 1051 0.24319230769230768
16 73 769 0.2429423076923076
76 91 787 0.2429230769230769
4 37 812 0.24274999999999997
17 66 847 0.24263461538461545
5 76 752 0.24259615384615388
41 81 452 0.24250000000000005
73 91 794 0.2424615384615385
38 97 469 0.242423076923077
81 90 1103 0.2423269230769231
28 69 863 0.24226923076923082
47 64 724 0.24226923076923074
45 89 806 0.24225
6 36 707 0.2421538461538462
12 30 419 0.24207692307692313
17 90 1158 0.2420192307692308
37 109 343 0.24196153846153837
77 79 329 0.2418461538461538
7 68 821 0.24178846153846154
12 25 617 0.2415769230769231
109 115 211 0.24136538461538465
55 111 434 0.24134615384615382
67 83 1007 0.2413269230769231
81 89 308 0.24130769230769228
10 16 218 0.24123076923076928
74 91 918 0.24123076923076928
17 32 646 0.24113461538461534
63 92 1202 0.241
91 104 542 0.24098076923076917
22 72 568 0.24075
6 9 834 0.24071153846153842
18 65 854 0.24059615384615382
9 81 803 0.24034615384615388
2 14 572 0.2402499999999999
31 98 1080 0.24017307692307693
47 61 647 0.24017307692307688
38 87 730 0.2401346153846154
15 61 998 0.24011538461538473
61 85 529 0.23996153846153842
45 98 655 0.23988461538461542
49 85 634 0.2398846153846154
7 38 940 0.23984615384615385
16 25 843 0.23963461538461528
15 82 832 0.23950000000000007
16 93 1133 0.23942307692307693
28 50 883 0.23942307692307693
58 89 1156 0.24409803921568635
23 56 916 0.23921153846153848
64 85 1107 0.23919230769230765
65 98 917 0.23884615384615385
19 48 943 0.2388076923076923
56 64 404 0.23875
26 82 411 0.2386730769230769
14 20 320 0.23863461538461533
25 58 1331 0.23857692307692305
33 90 1000 0.23857692307692305
2 91 1366 0.2385576923076923
32 79 600 0.2385384615384615
85 88 1097 0.2385192307692307
58 81 1039 0.23846153846153847
102 105 355 0.2384615384615384
28 33 585 0.2384423076923077
40 83 731 0.23836538461538453
32 81 728 0.24301960784313723
1 64 1017 0.23817307692307704
6 43 1197 0.2381538461538462
95 110 248 0.2380769230769231
45 88 963 0.23805769230769228
30 66 976 0.23798076923076916
3 17 565 0.23788461538461542
16 24 782 0.2378461538461538
81 83 446 0.2377884615384616
5 65 1232 0.2422941176470588
46 99 446 0.23759615384615385
22 34 922 0.23753846153846153
42 52 325 0.23751923076923082
59 102 1214 0.23744230769230773
80 89 1113 0.23742307692307696
28 59 1073 0.23742307692307693
49 60 773 0.2374038461538462
40 67 887 0.23740384615384613
45 50 474 0.23730769230769233
92 104 310 0.24186274509803915
6 46 1096 0.23715384615384616
81 84 1146 0.23713461538461533
25 99 1124 0.23711538461538462
33 54 782 0.23701923076923073
63 110 725 0.23694230769230773
44 60 540 0.23680769230769225
60 96 695 0.23674999999999993
15 65 1052 0.23671153846153842
45 57 653 0.23663461538461533
29 65 759 0.23644230769230776
39 110 466 0.23642307692307704
48 53 654 0.23634615384615393
6 93 1425 0.23632692307692305
9 13 376 0.2362307692307692
11 83 383 0.23621153846153847
32 76 341 0.23603846153846153
25 110 1042 0.23601923076923076
74 105 731 0.23601923076923076
41 77 345 0.23592307692307685
9 20 557 0.23584615384615387
9 32 937 0.23580769230769233
37 110 431 0.2357884615384615
67 75 719 0.23571153846153844
43 89 647 0.2356923076923077
74 92 834 0.23557692307692307
6 87 1046 0.23557692307692302
4 79 928 0.23555769230769227
82 88 444 0.23553846153846159
50 80 641 0.23553846153846156
6 98 1088 0.23538461538461541
5 88 1026 0.23517307692307685
56 60 232 0.23513461538461541
10 82 401 0.23503846153846156
40 91 908 0.23503846153846156
36 75 517 0.23488461538461533
62 79 1049 0.23482692307692304
1 11 394 0.23451923076923079
8 20 420 0.2344615384615385
1 2 743 0.2342884615384616
11 28 875 0.2342307692307692
59 72 1001 0.23417307692307684
16 36 349 0.23415384615384618
84 90 466 0.23415384615384616
5 80 1015 0.2341346153846153
6 47 1181 0.23409615384615387
39 108 341 0.23409615384615384
24 28 571 0.23405769230769233
0 45 930 0.23405769230769227
36 67 733 0.23405769230769222
76 80 424 0.23384615384615381
51 85 514 0.23365384615384624
56 58 427 0.2382352941176471
61 96 905 0.23365384615384616
11 17 224 0.2335
19 83 893 0.2334615384615385
5 63 1010 0.23344230769230764
34 66 268 0.23342307692307696
37 79 267 0.23342307692307682
4 32 837 0.23326923076923076
20 38 349 0.23323076923076919
30 48 1211 0.2332115384615385
27 82 524 0.23778431372549017
34 110 327 0.23321153846153844
19 49 882 0.2330192307692308
5 16 910 0.23298076923076927
24 60 1196 0.23294230769230762
16 35 644 0.2328653846153846
25 59 1318 0.23286538461538459
4 78 746 0.23282692307692313
5 20 424 0.23275000000000004
67 92 922 0.23273076923076916
46 65 744 0.23269230769230778
7 46 1197 0.23265384615384613
29 64 1119 0.23259615384615387
4 17 918 0.23251923076923078
81 85 175 0.23246153846153847
49 84 982 0.23246153846153844
19 24 888 0.2324423076923077
20 75 348 0.2323846153846154
36 79 738 0.23224999999999996
7 23 337 0.2321538461538462
17 36 828 0.2321153846153846
57 59 382 0.23205769230769224
29 59 896 0.23203846153846155
31 54 940 0.23198076923076924
6 84 795 0.2319615384615385
51 64 852 0.23196153846153844
93 99 208 0.2318846153846154
37 72 595 0.2317115384615384
32 80 590 0.23163461538461536
39 87 370 0.2316153846153846
30 103 1152 0.23144230769230767
23 99 1227 0.2314038461538462
39 109 356 0.23134615384615392
65 92 1075 0.23580392156862748
42 99 482 0.23124999999999993
55 95 221 0.23115384615384618
77 110 393 0.2310576923076923
56 67 623 0.23100000000000007
7 42 1234 0.23098076923076924
14 72 328 0.2309807692307692
17 34 689 0.2309423076923077
10 25 735 0.23094230769230767
4 47 1192 0.23082692307692304
58 78 663 0.23082692307692299
67 98 738 0.2306923076923077
92 112 325 0.23069230769230759
45 68 715 0.23067307692307687
7 98 1238 0.23063461538461533
58 72 849 0.23046153846153844
48 88 830 0.2304230769230769
99 109 321 0.2304038461538462
73 78 740 0.23034615384615398
51 59 486 0.2303269230769231
31 72 482 0.23028846153846155
78 89 1017 0.2302884615384615
48 90 628 0.2301538461538462
8 78 729 0.23009615384615387
3 79 634 0.23001923076923078
35 44 409 0.23001923076923078
7 84 1202 0.22998076923076918
42 88 725 0.22992307692307687
55 94 428 0.22986538461538458
5 14 572 0.22984615384615384
23 28 680 0.2297692307692308
21 38 458 0.22967307692307692
86 89 1016 0.22963461538461544
26 83 578 0.2296346153846154
2 72 507 0.22955769230769232
26 72 433 0.22951923076923084
20 60 911 0.2295000000000001
4 7 733 0.22948076923076918
17 27 691 0.22942307692307692
33 72 507 0.22940384615384615
2 30 317 0.22936538461538453
105 108 296 0.22932692307692307
3 16 850 0.22926923076923073
0 67 703 0.22924999999999998
44 68 695 0.22924999999999995
20 40 225 0.22923076923076927
31 83 561 0.2292115384615385
66 103 1026 0.22909615384615384
32 88 795 0.2290961538461538
17 25 762 0.22896153846153847
6 85 1205 0.2289230769230769
76 90 664 0.22882692307692312
104 113 229 0.22882692307692307
27 87 439 0.2288076923076923
9 90 1391 0.22880769230769224
103 111 432 0.22878846153846147
28 105 872 0.2330784313725491
58 85 1034 0.22851923076923072
36 55 626 0.2285000000000001
38 110 451 0.22846153846153847
25 72 583 0.22840384615384618
2 99 1219 0.2283846153846154
55 67 703 0.232843137254902
15 29 295 0.2282307692307692
18 44 915 0.22817307692307692
32 78 484 0.22807692307692304
17 24 864 0.22801923076923072
23 76 746 0.2279807692307692
66 75 790 0.2279423076923077
13 99 995 0.22790384615384618
76 92 745 0.22784615384615386
28 35 670 0.2276538461538462
40 79 762 0.22765384615384618
4 22 457 0.22765384615384615
18 48 957 0.22765384615384615
27 32 793 0.22759615384615386
5 74 619 0.2274615384615384
61 62 1047 0.22740384615384618
51 60 912 0.2273846153846154
6 18 473 0.2273461538461538
23 85 1053 0.22732692307692304
18 32 279 0.2272884615384615
26 28 478 0.22726923076923075
16 66 708 0.23170588235294126
35 80 658 0.2272115384615384
2 55 1100 0.2271538461538461
37 94 426 0.2271538461538461
16 91 1117 0.22711538461538464
103 114 282 0.2269807692307692
27 89 807 0.22692307692307695
38 95 382 0.22692307692307687
46 61 843 0.22686538461538455
22 98 1219 0.2267692307692308
66 73 837 0.22674999999999998
14 45 1272 0.2267307692307693
58 69 426 0.22661538461538464
31 89 902 0.2265192307692308
43 93 520 0.2265192307692307
32 74 456 0.22649999999999998
57 64 941 0.22648076923076926
27 86 519 0.22634615384615386
38 94 246 0.22632692307692304
64 99 908 0.2262884615384616
54 64 608 0.22625000000000003
63 93 871 0.22613461538461535
93 112 343 0.2260576923076923
96 108 167 0.2260192307692308
94 107 417 0.2259807692307692
22 99 1240 0.22590384615384623
7 43 1111 0.22590384615384612
66 74 744 0.22586538461538458
35 72 587 0.22584615384615384
97 105 299 0.22582692307692315
31 99 1044 0.2256923076923077
23 92 1466 0.22565384615384618
1 17 391 0.22551923076923083
7 64 1244 0.2254230769230769
3 78 879 0.22536538461538458
99 115 285 0.2253461538461539
51 58 753 0.22534615384615378
1 45 800 0.22525
53 54 818 0.22517307692307692
7 87 691 0.22507692307692306
7 16 964 0.22941176470588245
16 22 735 0.22492307692307698
7 99 1088 0.22492307692307695
37 60 955 0.22484615384615378
14 29 801 0.22480769230769237
25 98 1161 0.2247884615384616
2 88 959 0.22467307692307698
53 90 787 0.22459615384615395
6 55 1131 0.2245961538461538
39 115 411 0.22455769230769235
8 93 1382 0.22453846153846155
67 90 867 0.22440384615384618
4 20 334 0.22436538461538463
2 26 618 0.2243269230769231
8 37 922 0.22866666666666668
80 90 609 0.2242115384615384
51 90 888 0.22417307692307695
10 84 516 0.2240192307692309
5 78 933 0.22401923076923078
43 58 647 0.22841176470588237
36 83 816 0.22396153846153838
15 20 521 0.22378846153846152
47 88 790 0.22375
25 28 633 0.2236923076923077
36 64 637 0.22367307692307686
13 31 424 0.2236346153846154
30 54 873 0.22363461538461538
44 57 766 0.2236153846153847
40 66 870 0.22350000000000003
30 99 1049 0.22349999999999998
3 89 961 0.22348076923076926
52 98 272 0.22338461538461546
9 57 1008 0.2233846153846154
6 39 942 0.22334615384615386
47 63 665 0.22328846153846155
101 112 405 0.2232884615384615
99 105 287 0.22321153846153838
35 81 565 0.22311538461538455
69 91 1081 0.22307692307692298
50 85 1013 0.22305769230769237
28 104 781 0.22305769230769232
99 104 430 0.22303846153846152
48 66 357 0.22290384615384617
77 78 550 0.22288461538461535
66 83 1109 0.22286538461538463
46 112 262 0.2228461538461538
85 86 1120 0.22280769230769232
3 64 1134 0.2228076923076923
46 93 585 0.22713725490196074
50 81 1084 0.22713725490196074
15 92 1292 0.22271153846153846
14 44 1213 0.22269230769230772
31 61 975 0.22261538461538463
47 91 332 0.22251923076923086
12 61 1246 0.22251923076923077
6 54 918 0.2225
13 34 921 0.2225
15 75 396 0.22248076923076918
34 98 528 0.2224230769230769
0 68 414 0.22238461538461535
7 8 828 0.22238461538461535
13 14 902 0.22238461538461535
23 78 887 0.2223269230769231
58 67 368 0.2223269230769231
3 110 994 0.22223076923076926
71 76 392 0.22221153846153846
6 30 365 0.2221538461538462
1 67 578 0.22213461538461543
4 30 322 0.22213461538461535
23 86 866 0.22211538461538452
30 98 1029 0.2264313725490196
9 87 450 0.22205769230769232
43 90 649 0.22203846153846157
61 84 1150 0.22201923076923075
7 54 1142 0.2219423076923077
14 23 650 0.2219423076923077
4 93 1288 0.22194230769230763
4 83 726 0.22190384615384615
10 98 865 0.2218461538461538
1 44 896 0.22180769230769234
3 15 589 0.22175
28 34 618 0.2217307692307693
42 63 848 0.2216923076923077
49 90 859 0.22163461538461535
77 109 318 0.2215769230769231
24 61 1264 0.22157692307692306
85 90 1018 0.22153846153846146
46 58 646 0.22146153846153854
41 76 493 0.22572549019607838
30 75 454 0.2213076923076923
6 110 1008 0.22130769230769223
17 64 1130 0.22123076923076915
22 102 1317 0.22121153846153846
91 111 390 0.22117307692307694
48 63 912 0.2211538461538462
33 85 703 0.22111538461538463
54 97 484 0.22109615384615383
46 54 354 0.22101923076923072
96 113 315 0.22098076923076923
48 54 669 0.22096153846153843
18 50 1005 0.2209038461538462
59 81 740 0.22090384615384615
37 97 271 0.2209038461538461
55 92 735 0.22086538461538463
45 111 467 0.2208461538461538
75 90 927 0.22078846153846157
25 29 556 0.2207884615384615
58 77 753 0.2207307692307692
26 87 560 0.22067307692307694
30 74 403 0.22067307692307694
6 99 1231 0.22065384615384614
30 91 1188 0.22057692307692306
107 114 333 0.22048076923076923
43 63 639 0.2204807692307692
13 110 981 0.22044230769230772
36 48 746 0.2203653846153846
68 71 747 0.22028846153846157
31 77 552 0.22026923076923077
14 66 1094 0.22026923076923074
24 35 1010 0.22023076923076929
65 85 476 0.22023076923076917
101 106 633 0.22019230769230777
94 105 354 0.2201538461538462
5 13 461 0.2201153846153847
21 96 648 0.22009615384615389
100 106 280 0.22441176470588228
4 63 1183 0.2198846153846153
37 95 241 0.21984615384615383
6 23 465 0.21980769230769232
66 71 813 0.21976923076923074
12 31 545 0.219673076923077
32 50 755 0.21965384615384617
22 56 830 0.2196538461538461
27 83 450 0.2195769230769231
59 77 694 0.21957692307692306
6 25 624 0.21957692307692303
67 82 1079 0.21957692307692303
8 47 1265 0.2195576923076924
