116 2668
76 77 238 1
77 76 238 1
90 92 135 1
92 90 135 1
24 25 135 1
25 24 135 1
104 105 204 1
105 104 204 1
34 35 126 1
35 34 126 1
100 102 87 1
102 100 87 1
82 83 881 1
83 82 881 1
14 83 858 1
83 14 858 1
22 23 140 1
23 22 140 1
32 33 149 1
33 32 149 1
44 45 194 1
45 44 194 1
42 43 239 1
43 42 239 1
101 103 106 1
103 101 106 1
17 81 182 1
81 17 182 1
102 103 508 1
103 102 508 1
5 27 165 1
27 5 165 1
14 82 179 1
82 14 179 1
55 96 492 1
96 55 492 1
16 81 1063 1
81 16 1063 1
13 15 277 1
15 13 277 1
80 81 1113 1
81 80 1113 1
10 12 181 1
12 10 181 1
36 40 213 1
40 36 213 1
28 72 116 1
72 28 116 1
101 102 595 1
102 101 595 1
59 61 271 1
61 59 271 1
103 105 173 1
105 103 173 1
16 17 998 1
17 16 998 1
11 13 168 1
13 11 168 1
30 31 127 1
31 30 127 1
102 104 159 1
104 102 159 1
28 81 975 1
81 28 975 1
103 104 369 1
104 103 369 1
3 7 185 1
7 3 185 1
24 30 283 1
30 24 283 1
58 59 496 1
59 58 496 1
54 88 224 1
88 54 224 1
16 78 122 1
78 16 122 1
91 93 118 1
93 91 118 1
39 40 508 1
40 39 508 1
16 80 152 1
80 16 152 1
38 39 465 1
39 38 465 1
66 67 177 1
67 66 177 1
28 83 861 1
83 28 861 1
100 103 576 1
103 100 576 1
47 110 210 1
110 47 210 1
36 37 542 1
37 36 542 1
7 65 934 1
65 7 934 1
50 51 698 1
51 50 698 1
55 89 213 1
89 55 213 1
100 101 656 1
101 100 656 1
20 26 232 1
26 20 232 1
14 28 286 1
28 14 286 1
90 98 163 1
98 90 163 1
49 51 172 1
51 49 172 1
93 104 478 1
104 93 478 1
22 24 386 1
24 22 386 1
101 104 464 1
104 101 464 1
4 6 536 1
6 4 536 1
25 30 292 1
30 25 292 1
97 99 180 1
99 97 180 1
28 82 255 1
82 28 255 1
1 57 172 1
57 1 172 1
104 107 401 1
107 104 401 1
99 111 265 1
111 99 265 1
93 105 305 1
105 93 305 1
94 95 213 1
95 94 213 1
17 80 1070 1
80 17 1070 1
37 40 562 1
40 37 562 1
48 50 202 1
50 48 202 1
23 31 199 1
31 23 199 1
93 107 357 1
107 93 357 1
102 105 355 1
105 102 355 1
101 105 274 1
105 101 274 1
22 30 218 1
30 22 218 1
39 55 254 1
55 39 254 1
59 63 501 1
63 59 501 1
2 6 165 1
6 2 165 1
93 101 103 1
101 93 103 1
40 88 385 1
88 40 385 1
47 69 806 1
69 47 806 1
100 104 240 1
104 100 240 1
38 40 158 1
40 38 158 1
93 103 173 1
103 93 173 1
28 29 741 1
29 28 741 1
76 78 312 1
78 76 312 1
0 56 174 1
56 0 174 1
54 55 651 1
55 54 651 1
98 104 286 1
104 98 286 1
7 9 490 1
9 7 490 1
11 15 385 1
15 11 385 1
36 39 517 1
39 36 517 1
72 74 76 1
74 72 76 1
91 101 197 1
101 91 197 1
92 93 608 1
93 92 608 1
37 39 117 1
39 37 117 1
99 112 272 1
112 99 272 1
92 98 220 1
98 92 220 1
46 47 309 1
47 46 309 1
35 45 385 1
45 35 385 1
52 53 746 1
53 52 746 1
48 49 410 1
49 48 410 1
22 27 524 1
27 22 524 1
90 93 690 1
93 90 690 1
22 25 402 1
25 22 402 1
17 78 955 1
78 17 955 1
34 44 373 1
44 34 373 1
36 55 626 1
55 36 626 1
68 69 164 1
69 68 164 1
23 30 259 1
30 23 259 1
93 112 343 1
112 93 343 1
3 65 942 1
65 3 942 1
91 112 368 1
112 91 368 1
39 96 494 1
96 39 494 1
105 107 233 1
107 105 233 1
20 105 754 1
105 20 754 1
49 59 382 1
59 49 382 1
78 80 116 1
80 78 116 1
94 97 266 1
97 94 266 1
42 47 281 1
47 42 281 1
83 86 863 1
86 83 863 1
16 76 379 1
76 16 379 1
23 27 506 1
27 23 506 1
82 86 143 1
86 82 143 1
78 81 1002 1
81 78 1002 1
2 18 379 1
18 2 379 1
96 110 214 1
110 96 214 1
85 87 616 1
87 85 616 1
62 80 268 1
80 62 268 1
96 97 322 1
97 96 322 1
100 105 430 1
105 100 430 1
93 98 589 1
98 93 589 1
101 112 405 1
112 101 405 1
47 53 268 1
53 47 268 1
98 105 417 1
105 98 417 1
103 112 375 1
112 103 375 1
77 78 550 1
78 77 550 1
16 28 220 1
28 16 220 1
92 105 456 1
105 92 456 1
12 14 278 1
14 12 278 1
78 79 878 1
79 78 878 1
71 73 163 1
73 71 163 1
55 97 173 1
97 55 173 1
16 115 757 1
115 16 757 1
25 27 193 1
27 25 193 1
13 14 902 1
14 13 902 1
104 106 195 1
106 104 195 1
74 75 389 1
75 74 389 1
76 109 320 1
109 76 320 1
23 24 403 1
24 23 403 1
64 65 897 1
65 64 897 1
16 102 798 1
102 16 798 1
49 61 452 1
61 49 452 1
91 104 542 1
104 91 542 1
35 44 409 1
44 35 409 1
79 81 136 1
81 79 136 1
87 89 476 1
89 87 476 1
76 80 424 1
80 76 424 1
93 108 478 1
108 93 478 1
43 110 298 1
110 43 298 1
17 28 894 1
28 17 894 1
26 27 135 1
27 26 135 1
52 59 956 1
59 52 956 1
104 108 301 1
108 104 301 1
2 22 228 1
22 2 228 1
11 77 511 1
77 11 511 1
40 54 405 1
54 40 405 1
77 80 662 1
80 77 662 1
92 104 310 1
104 92 310 1
20 104 727 1
104 20 727 1
76 115 499 1
115 76 499 1
17 115 802 1
115 17 802 1
1 61 385 1
61 1 385 1
5 26 263 1
26 5 263 1
7 15 461 1
15 7 461 1
36 96 257 1
96 36 257 1
21 25 360 1
25 21 360 1
24 57 1099 1
57 24 1099 1
91 103 258 1
103 91 258 1
81 82 1081 1
82 81 1081 1
17 105 863 1
105 17 863 1
23 25 373 1
25 23 373 1
28 112 911 1
112 28 911 1
7 11 254 1
11 7 254 1
46 53 547 1
53 46 547 1
74 77 362 1
77 74 362 1
51 52 786 1
52 51 786 1
91 108 473 1
108 91 473 1
95 97 97 1
97 95 97 1
36 54 228 1
54 36 228 1
16 79 934 1
79 16 934 1
22 31 234 1
31 22 234 1
34 45 409 1
45 34 409 1
20 98 764 1
98 20 764 1
43 47 146 1
47 43 146 1
66 103 1026 1
103 66 1026 1
77 109 318 1
109 77 318 1
58 60 266 1
60 58 266 1
29 83 227 1
83 29 227 1
7 13 237 1
13 7 237 1
48 51 548 1
51 48 548 1
111 112 111 1
112 111 111 1
17 79 135 1
79 17 135 1
65 67 361 1
67 65 361 1
20 102 804 1
102 20 804 1
90 104 351 1
104 90 351 1
11 76 704 1
76 11 704 1
100 112 410 1
112 100 410 1
111 113 191 1
113 111 191 1
29 73 113 1
73 29 113 1
18 19 147 1
19 18 147 1
61 63 238 1
63 61 238 1
3 5 603 1
5 3 603 1
36 88 289 1
88 36 289 1
39 113 565 1
113 39 565 1
6 10 299 1
10 6 299 1
13 83 347 1
83 13 347 1
91 111 390 1
111 91 390 1
4 8 148 1
8 4 148 1
39 97 289 1
97 39 289 1
101 113 350 1
113 101 350 1
40 41 506 1
41 40 506 1
28 80 329 1
80 28 329 1
73 75 84 1
75 73 84 1
13 82 976 1
82 13 976 1
40 55 690 1
55 40 690 1
91 102 669 1
102 91 669 1
96 113 315 1
113 96 315 1
11 29 239 1
29 11 239 1
98 112 277 1
112 98 277 1
72 81 860 1
81 72 860 1
114 115 96 1
115 114 96 1
2 4 569 1
4 2 569 1
15 86 825 1
86 15 825 1
101 111 463 1
111 101 463 1
35 67 262 1
67 35 262 1
70 74 155 1
74 70 155 1
17 103 859 1
103 17 859 1
37 113 578 1
113 37 578 1
15 65 1052 1
65 15 1052 1
39 54 618 1
54 39 618 1
47 55 367 1
55 47 367 1
38 113 550 1
113 38 550 1
26 98 979 1
98 26 979 1
42 46 173 1
46 42 173 1
103 111 432 1
111 103 432 1
14 29 801 1
29 14 801 1
26 93 1144 1
93 26 1144 1
102 112 391 1
112 102 391 1
16 100 798 1
100 16 798 1
81 112 823 1
112 81 823 1
57 63 249 1
63 57 249 1
16 77 611 1
77 16 611 1
6 18 473 1
18 6 473 1
15 83 194 1
83 15 194 1
98 100 250 1
100 98 250 1
70 75 355 1
75 70 355 1
71 75 163 1
75 71 163 1
37 41 217 1
41 37 217 1
38 96 284 1
96 38 284 1
74 76 203 1
76 74 203 1
11 12 972 1
12 11 972 1
17 102 1111 1
102 17 1111 1
37 55 221 1
55 37 221 1
1 63 334 1
63 1 334 1
11 14 937 1
14 11 937 1
85 89 220 1
89 85 220 1
60 62 241 1
62 60 241 1
8 10 505 1
10 8 505 1
13 29 290 1
29 13 290 1
80 115 707 1
115 80 707 1
12 13 959 1
13 12 959 1
38 54 263 1
54 38 263 1
44 49 304 1
49 44 304 1
33 45 716 1
45 33 716 1
72 83 754 1
83 72 754 1
98 102 260 1
102 98 260 1
5 23 453 1
23 5 453 1
52 63 1131 1
63 52 1131 1
54 96 167 1
96 54 167 1
89 96 700 1
96 89 700 1
38 55 598 1
55 38 598 1
93 100 653 1
100 93 653 1
103 108 420 1
108 103 420 1
3 9 596 1
9 3 596 1
36 113 562 1
113 36 562 1
81 83 446 1
83 81 446 1
104 111 377 1
111 104 377 1
29 82 824 1
82 29 824 1
73 74 458 1
74 73 458 1
29 81 342 1
81 29 342 1
91 105 371 1
105 91 371 1
102 114 295 1
114 102 295 1
70 71 263 1
71 70 263 1
100 111 457 1
111 100 457 1
53 57 825 1
57 53 825 1
53 69 959 1
69 53 959 1
10 13 1004 1
13 10 1004 1
36 89 803 1
89 36 803 1
68 110 813 1
110 68 813 1
78 115 652 1
115 78 652 1
20 103 873 1
103 20 873 1
76 81 691 1
81 76 691 1
13 86 1003 1
86 13 1003 1
24 31 318 1
31 24 318 1
98 103 555 1
103 98 555 1
11 65 770 1
65 11 770 1
24 27 252 1
27 24 252 1
47 68 881 1
68 47 881 1
29 72 629 1
72 29 629 1
77 115 503 1
115 77 503 1
90 108 470 1
108 90 470 1
44 48 114 1
48 44 114 1
93 102 600 1
102 93 600 1
94 108 97 1
108 94 97 1
95 108 123 1
108 95 123 1
11 28 875 1
28 11 875 1
20 93 974 1
93 20 974 1
36 38 122 1
38 36 122 1
105 114 152 1
114 105 152 1
17 112 924 1
112 17 924 1
50 52 243 1
52 50 243 1
8 12 346 1
12 8 346 1
11 80 1102 1
80 11 1102 1
81 102 1052 1
102 81 1052 1
90 105 516 1
105 90 516 1
91 98 616 1
98 91 616 1
56 99 1051 1
99 56 1051 1
69 89 1015 1
89 69 1015 1
113 114 95 1
114 113 95 1
8 15 741 1
15 8 741 1
9 15 219 1
15 9 219 1
29 41 234 1
41 29 234 1
14 86 272 1
86 14 272 1
47 96 412 1
96 47 412 1
16 114 827 1
114 16 827 1
39 88 762 1
88 39 762 1
69 110 773 1
110 69 773 1
16 103 1073 1
103 16 1073 1
39 89 325 1
89 39 325 1
98 111 265 1
111 98 265 1
10 88 586 1
88 10 586 1
8 9 638 1
9 8 638 1
14 15 772 1
15 14 772 1
102 111 440 1
111 102 440 1
11 83 383 1
83 11 383 1
25 57 1030 1
57 25 1030 1
77 81 453 1
81 77 453 1
81 115 734 1
115 81 734 1
2 27 659 1
27 2 659 1
16 29 882 1
29 16 882 1
38 88 311 1
88 38 311 1
81 103 738 1
103 81 738 1
99 101 266 1
101 99 266 1
20 101 958 1
101 20 958 1
37 54 645 1
54 37 645 1
71 77 297 1
77 71 297 1
99 100 610 1
100 99 610 1
55 69 924 1
69 55 924 1
74 80 415 1
80 74 415 1
94 99 399 1
99 94 399 1
98 106 320 1
106 98 320 1
11 82 992 1
82 11 992 1
16 112 888 1
112 16 888 1
8 64 1208 1
64 8 1208 1
72 80 384 1
80 72 384 1
37 71 401 1
71 37 401 1
20 21 185 1
21 20 185 1
90 91 735 1
91 90 735 1
104 112 332 1
112 104 332 1
2 23 340 1
23 2 340 1
97 111 292 1
111 97 292 1
101 107 310 1
107 101 310 1
12 29 886 1
29 12 886 1
26 90 1088 1
90 26 1088 1
8 88 819 1
88 8 819 1
9 65 1235 1
65 9 1235 1
17 62 1129 1
62 17 1129 1
25 31 272 1
31 25 272 1
98 101 623 1
101 98 623 1
3 92 1420 1
92 3 1420 1
26 92 1145 1
92 26 1145 1
51 59 486 1
59 51 486 1
62 115 846 1
115 62 846 1
0 18 364 1
18 0 364 1
17 20 694 1
20 17 694 1
91 100 719 1
100 91 719 1
11 81 403 1
81 11 403 1
41 73 204 1
73 41 204 1
90 95 589 1
95 90 589 1
3 15 589 1
15 3 589 1
50 62 545 1
62 50 545 1
98 99 479 1
99 98 479 1
31 71 265 1
71 31 265 1
86 88 460 1
88 86 460 1
76 79 567 1
79 76 567 1
28 78 272 1
78 28 272 1
49 53 406 1
53 49 406 1
77 79 329 1
79 77 329 1
92 100 157 1
100 92 157 1
99 109 321 1
109 99 321 1
105 108 296 1
108 105 296 1
26 105 921 1
105 26 921 1
94 98 264 1
98 94 264 1
94 109 127 1
109 94 127 1
103 107 239 1
107 103 239 1
17 104 976 1
104 17 976 1
33 35 375 1
35 33 375 1
49 52 718 1
52 49 718 1
79 80 991 1
80 79 991 1
91 107 371 1
107 91 371 1
17 76 648 1
76 17 648 1
42 110 303 1
110 42 303 1
55 99 216 1
99 55 216 1
70 73 402 1
73 70 402 1
95 98 433 1
98 95 433 1
14 72 328 1
72 14 328 1
17 77 417 1
77 17 417 1
60 61 893 1
61 60 893 1
64 84 478 1
84 64 478 1
10 11 986 1
11 10 986 1
19 47 942 1
47 19 942 1
62 81 1169 1
81 62 1169 1
65 85 476 1
85 65 476 1
57 69 378 1
69 57 378 1
102 113 317 1
113 102 317 1
14 81 1094 1
81 14 1094 1
55 110 380 1
110 55 380 1
62 103 1159 1
103 62 1159 1
72 82 298 1
82 72 298 1
92 95 594 1
95 92 594 1
53 55 448 1
55 53 448 1
101 108 495 1
108 101 495 1
40 89 829 1
89 40 829 1
6 8 485 1
8 6 485 1
58 66 198 1
66 58 198 1
95 112 395 1
112 95 395 1
78 109 527 1
109 78 527 1
83 112 989 1
112 83 989 1
98 108 315 1
108 98 315 1
12 74 431 1
74 12 431 1
16 56 380 1
56 16 380 1
24 34 1021 1
34 24 1021 1
28 101 1105 1
101 28 1105 1
30 57 852 1
57 30 852 1
2 30 317 1
30 2 317 1
80 82 469 1
82 80 469 1
108 112 335 1
112 108 335 1
0 39 963 1
39 0 963 1
40 96 436 1
96 40 436 1
69 96 887 1
96 69 887 1
22 42 1301 1
42 22 1301 1
97 112 339 1
112 97 339 1
4 9 500 1
9 4 500 1
22 69 897 1
69 22 897 1
35 47 370 1
47 35 370 1
55 88 845 1
88 55 845 1
9 11 523 1
11 9 523 1
58 61 717 1
61 58 717 1
11 109 804 1
109 11 804 1
14 35 910 1
35 14 910 1
17 100 1170 1
100 17 1170 1
37 96 506 1
96 37 506 1
109 115 211 1
115 109 211 1
50 58 486 1
58 50 486 1
103 114 282 1
114 103 282 1
2 5 685 1
5 2 685 1
15 82 832 1
82 15 832 1
18 101 1348 1
101 18 1348 1
20 90 881 1
90 20 881 1
55 87 559 1
87 55 559 1
56 61 920 1
61 56 920 1
57 89 760 1
89 57 760 1
94 111 316 1
111 94 316 1
2 70 412 1
70 2 412 1
103 113 295 1
113 103 295 1
0 88 782 1
88 0 782 1
56 59 788 1
59 56 788 1
16 99 951 1
99 16 951 1
25 42 1319 1
42 25 1319 1
30 59 1103 1
59 30 1103 1
99 113 264 1
113 99 264 1
112 115 269 1
115 112 269 1
27 88 863 1
88 27 863 1
41 89 415 1
89 41 415 1
91 92 669 1
92 91 669 1
11 86 1027 1
86 11 1027 1
24 52 1359 1
52 24 1359 1
24 53 1427 1
53 24 1427 1
25 34 1006 1
34 25 1006 1
36 97 483 1
97 36 483 1
37 38 515 1
38 37 515 1
38 106 276 1
106 38 276 1
40 69 957 1
69 40 957 1
10 86 544 1
86 10 544 1
52 57 1117 1
57 52 1117 1
72 112 844 1
112 72 844 1
31 75 419 1
75 31 419 1
70 72 158 1
72 70 158 1
96 99 428 1
99 96 428 1
30 53 1265 1
53 30 1265 1
33 65 634 1
65 33 634 1
92 108 488 1
108 92 488 1
7 33 515 1
33 7 515 1
12 72 358 1
72 12 358 1
35 110 305 1
110 35 305 1
3 85 893 1
85 3 893 1
17 26 792 1
26 17 792 1
17 114 865 1
114 17 865 1
13 61 843 1
61 13 843 1
13 65 935 1
65 13 935 1
87 96 843 1
96 87 843 1
107 108 333 1
108 107 333 1
80 114 765 1
114 80 765 1
84 86 610 1
86 84 610 1
105 111 367 1
111 105 367 1
17 101 871 1
101 17 871 1
23 69 907 1
69 23 907 1
47 89 550 1
89 47 550 1
51 58 753 1
58 51 753 1
66 104 942 1
104 66 942 1
105 112 319 1
112 105 319 1
17 98 995 1
98 17 995 1
20 115 646 1
115 20 646 1
102 106 217 1
106 102 217 1
16 111 812 1
111 16 812 1
66 105 960 1
105 66 960 1
100 106 280 1
106 100 280 1
4 15 597 1
15 4 597 1
11 78 988 1
78 11 988 1
102 115 318 1
115 102 318 1
5 88 1026 1
88 5 1026 1
37 94 426 1
94 37 426 1
18 72 618 1
72 18 618 1
28 115 724 1
115 28 724 1
58 63 892 1
63 58 892 1
87 99 759 1
99 87 759 1
95 115 205 1
115 95 205 1
21 31 344 1
31 21 344 1
4 5 350 1
5 4 350 1
11 16 1004 1
16 11 1004 1
66 102 974 1
102 66 974 1
80 103 1029 1
103 80 1029 1
34 67 275 1
67 34 275 1
99 103 258 1
103 99 258 1
1 49 776 1
49 1 776 1
4 83 726 1
83 4 726 1
8 14 205 1
14 8 205 1
11 115 948 1
115 11 948 1
20 92 945 1
92 20 945 1
53 89 552 1
89 53 552 1
78 85 1017 1
85 78 1017 1
12 35 895 1
35 12 895 1
19 69 323 1
69 19 323 1
34 64 445 1
64 34 445 1
41 110 601 1
110 41 601 1
80 109 607 1
109 80 607 1
13 60 1245 1
60 13 1245 1
19 53 1115 1
53 19 1115 1
20 91 956 1
91 20 956 1
21 24 413 1
24 21 413 1
74 84 507 1
84 74 507 1
100 114 352 1
114 100 352 1
10 15 968 1
15 10 968 1
22 84 1027 1
84 22 1027 1
36 69 853 1
69 36 853 1
46 96 270 1
96 46 270 1
95 100 576 1
100 95 576 1
9 92 1428 1
92 9 1428 1
16 72 287 1
72 16 287 1
5 92 1324 1
92 5 1324 1
11 17 224 1
17 11 224 1
20 100 857 1
100 20 857 1
102 108 413 1
108 102 413 1
16 101 1154 1
101 16 1154 1
26 107 808 1
107 26 808 1
57 59 382 1
59 57 382 1
68 96 891 1
96 68 891 1
71 78 647 1
78 71 647 1
6 70 405 1
70 6 405 1
11 74 727 1
74 11 727 1
26 104 905 1
104 26 905 1
62 112 883 1
112 62 883 1
72 76 257 1
76 72 257 1
12 28 275 1
28 12 275 1
52 90 240 1
90 52 240 1
92 107 674 1
107 92 674 1
97 98 437 1
98 97 437 1
62 105 1020 1
105 62 1020 1
11 84 1188 1
84 11 1188 1
21 27 209 1
27 21 209 1
36 47 622 1
47 36 622 1
55 113 437 1
113 55 437 1
60 86 1011 1
86 60 1011 1
81 101 734 1
101 81 734 1
11 72 773 1
72 11 773 1
28 74 188 1
74 28 188 1
50 63 1042 1
63 50 1042 1
75 77 210 1
77 75 210 1
7 92 1445 1
92 7 1445 1
33 67 474 1
67 33 474 1
35 43 347 1
43 35 347 1
56 58 427 1
58 56 427 1
60 63 1021 1
63 60 1021 1
89 97 385 1
97 89 385 1
90 107 713 1
107 90 713 1
0 99 1111 1
99 0 1111 1
10 14 380 1
14 10 380 1
13 28 892 1
28 13 892 1
14 68 1034 1
68 14 1034 1
51 53 271 1
53 51 271 1
106 107 486 1
107 106 486 1
6 88 860 1
88 6 860 1
27 54 856 1
54 27 856 1
52 58 705 1
58 52 705 1
45 67 282 1
67 45 282 1
94 103 496 1
103 94 496 1
101 114 359 1
114 101 359 1
2 26 618 1
26 2 618 1
4 48 1379 1
48 4 1379 1
5 22 506 1
22 5 506 1
23 42 1326 1
42 23 1326 1
52 61 1057 1
61 52 1057 1
1 59 541 1
59 1 541 1
34 43 397 1
43 34 397 1
36 42 628 1
42 36 628 1
45 49 111 1
49 45 111 1
9 90 1391 1
90 9 1391 1
20 24 393 1
24 20 393 1
104 114 171 1
114 104 171 1
4 18 866 1
18 4 866 1
54 89 853 1
89 54 853 1
58 103 1188 1
103 58 1188 1
95 103 393 1
103 95 393 1
71 109 576 1
109 71 576 1
94 96 89 1
96 94 89 1
98 107 585 1
107 98 585 1
100 113 356 1
113 100 356 1
10 60 650 1
60 10 650 1
37 89 294 1
89 37 294 1
81 105 772 1
105 81 772 1
8 13 868 1
13 8 868 1
12 34 841 1
34 12 841 1
20 27 271 1
27 20 271 1
16 105 923 1
105 16 923 1
34 42 401 1
42 34 401 1
40 113 703 1
113 40 703 1
53 68 1064 1
68 53 1064 1
8 31 485 1
31 8 485 1
12 77 756 1
77 12 756 1
20 25 402 1
25 20 402 1
103 115 322 1
115 103 322 1
1 92 1314 1
92 1 1314 1
22 53 1432 1
53 22 1432 1
68 82 1040 1
82 68 1040 1
20 95 541 1
95 20 541 1
41 47 698 1
47 41 698 1
45 64 610 1
64 45 610 1
97 109 174 1
109 97 174 1
0 40 699 1
40 0 699 1
13 77 608 1
77 13 608 1
17 111 850 1
111 17 850 1
37 97 271 1
97 37 271 1
64 67 549 1
67 64 549 1
90 100 182 1
100 90 182 1
93 111 397 1
111 93 397 1
0 55 1069 1
55 0 1069 1
20 94 527 1
94 20 527 1
72 86 399 1
86 72 399 1
90 112 377 1
112 90 377 1
37 42 712 1
42 37 712 1
38 94 246 1
94 38 246 1
40 97 584 1
97 40 584 1
15 29 295 1
29 15 295 1
18 93 1308 1
93 18 1308 1
29 80 961 1
80 29 961 1
78 111 693 1
111 78 693 1
91 95 424 1
95 91 424 1
6 60 799 1
60 6 799 1
11 35 710 1
35 11 710 1
20 108 552 1
108 20 552 1
53 59 742 1
59 53 742 1
81 100 1112 1
100 81 1112 1
82 110 802 1
110 82 802 1
82 112 963 1
112 82 963 1
91 94 561 1
94 91 561 1
4 86 435 1
86 4 435 1
35 41 612 1
41 35 612 1
2 107 1169 1
107 2 1169 1
18 32 279 1
32 18 279 1
26 101 1114 1
101 26 1114 1
39 94 407 1
94 39 407 1
43 46 341 1
46 43 341 1
46 69 840 1
69 46 840 1
69 88 1077 1
88 69 1077 1
2 24 548 1
24 2 548 1
28 76 345 1
76 28 345 1
36 57 914 1
57 36 914 1
79 85 260 1
85 79 260 1
82 84 544 1
84 82 544 1
7 80 1088 1
80 7 1088 1
17 72 781 1
72 17 781 1
32 34 327 1
34 32 327 1
33 34 394 1
34 33 394 1
82 115 739 1
115 82 739 1
14 34 879 1
34 14 879 1
35 68 531 1
68 35 531 1
68 83 1108 1
83 68 1108 1
108 115 135 1
115 108 135 1
34 68 487 1
68 34 487 1
78 99 844 1
99 78 844 1
8 11 935 1
11 8 935 1
26 94 743 1
94 26 743 1
79 94 650 1
94 79 650 1
94 112 366 1
112 94 366 1
20 81 779 1
81 20 779 1
33 64 737 1
64 33 737 1
46 68 860 1
68 46 860 1
72 109 524 1
109 72 524 1
91 99 166 1
99 91 166 1
105 106 359 1
106 105 359 1
22 57 904 1
57 22 904 1
42 44 208 1
44 42 208 1
45 65 388 1
65 45 388 1
16 82 421 1
82 16 421 1
28 102 802 1
102 28 802 1
30 63 932 1
63 30 932 1
41 55 403 1
55 41 403 1
7 67 937 1
67 7 937 1
8 83 868 1
83 8 868 1
32 67 439 1
67 32 439 1
34 110 327 1
110 34 327 1
54 97 484 1
97 54 484 1
80 102 700 1
102 80 700 1
17 93 856 1
93 17 856 1
28 103 1019 1
103 28 1019 1
82 103 1009 1
103 82 1009 1
85 96 743 1
96 85 743 1
6 12 248 1
12 6 248 1
22 88 1044 1
88 22 1044 1
30 52 1201 1
52 30 1201 1
0 6 417 1
6 0 417 1
18 99 1100 1
99 18 1100 1
30 42 1143 1
42 30 1143 1
35 65 453 1
65 35 453 1
97 100 590 1
100 97 590 1
4 60 1138 1
60 4 1138 1
14 84 681 1
84 14 681 1
18 107 1141 1
107 18 1141 1
73 78 740 1
78 73 740 1
78 114 717 1
114 78 717 1
24 63 1140 1
63 24 1140 1
82 102 762 1
102 82 762 1
100 115 381 1
115 100 381 1
12 83 999 1
83 12 999 1
66 68 378 1
68 66 378 1
6 48 1184 1
48 6 1184 1
39 69 918 1
69 39 918 1
40 94 393 1
94 40 393 1
105 115 176 1
115 105 176 1
57 68 520 1
68 57 520 1
4 26 161 1
26 4 161 1
7 100 1408 1
100 7 1408 1
64 88 675 1
88 64 675 1
5 31 333 1
31 5 333 1
46 55 584 1
55 46 584 1
1 90 1264 1
90 1 1264 1
10 29 893 1
29 10 893 1
13 80 1155 1
80 13 1155 1
18 103 1302 1
103 18 1302 1
46 109 326 1
109 46 326 1
13 76 778 1
76 13 778 1
17 109 666 1
109 17 666 1
38 99 625 1
99 38 625 1
58 106 1039 1
106 58 1039 1
59 60 718 1
60 59 718 1
0 86 874 1
86 0 874 1
9 62 1305 1
62 9 1305 1
20 112 885 1
112 20 885 1
25 52 1373 1
52 25 1373 1
28 70 247 1
70 28 247 1
36 71 552 1
71 36 552 1
60 115 895 1
115 60 895 1
4 28 477 1
28 4 477 1
16 20 522 1
20 16 522 1
19 68 313 1
68 19 313 1
77 84 711 1
84 77 711 1
88 89 1035 1
89 88 1035 1
92 102 211 1
102 92 211 1
41 95 382 1
95 41 382 1
51 63 543 1
63 51 543 1
16 62 313 1
62 16 313 1
23 88 1119 1
88 23 1119 1
42 69 789 1
69 42 789 1
43 68 807 1
68 43 807 1
84 85 1130 1
85 84 1130 1
94 113 328 1
113 94 328 1
18 112 1158 1
112 18 1158 1
26 112 1094 1
112 26 1094 1
71 85 660 1
85 71 660 1
73 85 516 1
85 73 516 1
79 95 480 1
95 79 480 1
28 86 383 1
86 28 383 1
49 50 585 1
50 49 585 1
57 79 431 1
79 57 431 1
79 115 682 1
115 79 682 1
81 114 782 1
114 81 782 1
97 113 312 1
113 97 312 1
2 93 1417 1
93 2 1417 1
24 59 1364 1
59 24 1364 1
34 57 567 1
57 34 567 1
36 41 570 1
41 36 570 1
62 98 668 1
98 62 668 1
23 53 1411 1
53 23 1411 1
4 70 430 1
70 4 430 1
4 112 1211 1
112 4 1211 1
17 82 1011 1
82 17 1011 1
22 36 835 1
36 22 835 1
24 42 1334 1
42 24 1334 1
74 81 792 1
81 74 792 1
99 105 287 1
105 99 287 1
4 88 829 1
88 4 829 1
12 84 664 1
84 12 664 1
25 59 1318 1
59 25 1318 1
37 110 431 1
110 37 431 1
12 76 591 1
76 12 591 1
39 41 161 1
41 39 161 1
72 73 517 1
73 72 517 1
76 84 486 1
84 76 486 1
6 22 333 1
22 6 333 1
16 113 881 1
113 16 881 1
72 99 831 1
99 72 831 1
5 54 1015 1
54 5 1015 1
32 43 699 1
43 32 699 1
78 103 971 1
103 78 971 1
7 77 619 1
77 7 619 1
56 87 1244 1
87 56 1244 1
62 102 862 1
102 62 862 1
103 106 532 1
106 103 532 1
108 111 286 1
111 108 286 1
13 35 841 1
35 13 841 1
29 71 259 1
71 29 259 1
36 75 517 1
75 36 517 1
66 100 968 1
100 66 968 1
90 94 414 1
94 90 414 1
96 111 286 1
111 96 286 1
101 106 633 1
106 101 633 1
17 92 1178 1
92 17 1178 1
17 108 703 1
108 17 703 1
37 43 584 1
43 37 584 1
87 97 649 1
97 87 649 1
95 109 146 1
109 95 146 1
24 75 604 1
75 24 604 1
40 47 783 1
47 40 783 1
54 69 967 1
69 54 967 1
32 35 357 1
35 32 357 1
83 84 1154 1
84 83 1154 1
10 61 1158 1
61 10 1158 1
39 106 557 1
106 39 557 1
1 65 536 1
65 1 536 1
9 13 376 1
13 9 376 1
29 112 910 1
112 29 910 1
38 101 771 1
101 38 771 1
39 99 432 1
99 39 432 1
4 72 467 1
72 4 467 1
25 68 1101 1
68 25 1101 1
30 34 790 1
34 30 790 1
35 77 284 1
77 35 284 1
53 110 473 1
110 53 473 1
91 97 336 1
97 91 336 1
5 9 157 1
9 5 157 1
11 33 518 1
33 11 518 1
16 73 769 1
73 16 769 1
19 32 289 1
32 19 289 1
35 42 425 1
42 35 425 1
81 84 1146 1
84 81 1146 1
90 106 378 1
106 90 378 1
23 52 1420 1
52 23 1420 1
60 112 882 1
112 60 882 1
66 91 902 1
91 66 902 1
95 102 514 1
102 95 514 1
29 78 851 1
78 29 851 1
29 96 758 1
96 29 758 1
30 70 259 1
70 30 259 1
30 75 454 1
75 30 454 1
46 57 904 1
57 46 904 1
44 67 332 1
67 44 332 1
17 95 598 1
95 17 598 1
60 93 1168 1
93 60 1168 1
65 77 615 1
77 65 615 1
107 111 490 1
111 107 490 1
19 33 238 1
33 19 238 1
20 52 976 1
52 20 976 1
64 85 1107 1
85 64 1107 1
72 78 300 1
78 72 300 1
80 112 813 1
112 80 813 1
93 95 447 1
95 93 447 1
94 101 576 1
101 94 576 1
99 102 560 1
102 99 560 1
1 52 1206 1
52 1 1206 1
23 40 770 1
40 23 770 1
27 30 343 1
30 27 343 1
71 74 359 1
74 71 359 1
76 114 580 1
114 76 580 1
1 24 978 1
24 1 978 1
31 84 971 1
84 31 971 1
62 109 711 1
109 62 711 1
2 58 959 1
58 2 959 1
6 72 449 1
72 6 449 1
35 49 434 1
49 35 434 1
73 77 274 1
77 73 274 1
81 111 760 1
111 81 760 1
8 89 1179 1
89 8 1179 1
13 81 530 1
81 13 530 1
24 68 1109 1
68 24 1109 1
41 82 687 1
82 41 687 1
7 95 897 1
95 7 897 1
31 70 334 1
70 31 334 1
62 95 844 1
95 62 844 1
71 76 392 1
76 71 392 1
78 105 821 1
105 78 821 1
92 94 455 1
94 92 455 1
0 97 963 1
97 0 963 1
41 96 611 1
96 41 611 1
56 76 519 1
76 56 519 1
73 76 450 1
76 73 450 1
96 106 277 1
106 96 277 1
37 75 239 1
75 37 239 1
48 107 958 1
107 48 958 1
49 58 594 1
58 49 594 1
74 78 322 1
78 74 322 1
22 70 443 1
70 22 443 1
37 47 493 1
47 37 493 1
38 41 513 1
41 38 513 1
48 58 400 1
58 48 400 1
51 61 458 1
61 51 458 1
78 102 697 1
102 78 697 1
81 95 542 1
95 81 542 1
27 31 339 1
31 27 339 1
37 73 278 1
73 37 278 1
39 56 973 1
56 39 973 1
58 83 1281 1
83 58 1281 1
82 101 1107 1
101 82 1107 1
108 110 194 1
110 108 194 1
34 49 481 1
49 34 481 1
36 110 412 1
110 36 412 1
93 99 208 1
99 93 208 1
0 36 643 1
36 0 643 1
7 61 813 1
61 7 813 1
40 57 982 1
57 40 982 1
100 108 467 1
108 100 467 1
94 105 354 1
105 94 354 1
4 14 255 1
14 4 255 1
9 45 1389 1
45 9 1389 1
16 74 335 1
74 16 335 1
34 47 428 1
47 34 428 1
71 79 426 1
79 71 426 1
78 112 768 1
112 78 768 1
32 72 471 1
72 32 471 1
96 109 176 1
109 96 176 1
2 19 481 1
19 2 481 1
12 45 1250 1
45 12 1250 1
33 76 380 1
76 33 380 1
46 110 220 1
110 46 220 1
55 85 300 1
85 55 300 1
66 93 972 1
93 66 972 1
94 104 298 1
104 94 298 1
12 82 376 1
82 12 376 1
12 86 512 1
86 12 512 1
33 44 737 1
44 33 737 1
44 64 436 1
64 44 436 1
73 111 787 1
111 73 787 1
4 27 279 1
27 4 279 1
7 71 395 1
71 7 395 1
26 91 1131 1
91 26 1131 1
32 76 341 1
76 32 341 1
5 24 252 1
24 5 252 1
50 54 543 1
54 50 543 1
62 72 566 1
72 62 566 1
6 9 834 1
9 6 834 1
23 89 1070 1
89 23 1070 1
41 53 839 1
53 41 839 1
48 59 599 1
59 48 599 1
49 57 619 1
57 49 619 1
13 115 1018 1
115 13 1018 1
35 64 566 1
64 35 566 1
66 101 1048 1
101 66 1048 1
0 2 460 1
2 0 460 1
4 10 570 1
10 4 570 1
50 59 774 1
59 50 774 1
59 89 931 1
89 59 931 1
81 104 910 1
104 81 910 1
97 101 398 1
101 97 398 1
4 93 1288 1
93 4 1288 1
9 48 1507 1
48 9 1507 1
10 36 501 1
36 10 501 1
43 44 290 1
44 43 290 1
56 97 920 1
97 56 920 1
83 110 826 1
110 83 826 1
19 57 426 1
57 19 426 1
19 107 1100 1
107 19 1100 1
20 114 742 1
114 20 742 1
22 52 1369 1
52 22 1369 1
52 89 1027 1
89 52 1027 1
55 56 1043 1
56 55 1043 1
79 109 545 1
109 79 545 1
18 70 528 1
70 18 528 1
29 35 608 1
35 29 608 1
35 82 851 1
82 35 851 1
62 92 837 1
92 62 837 1
73 89 507 1
89 73 507 1
99 114 265 1
114 99 265 1
22 34 922 1
34 22 922 1
26 103 1030 1
103 26 1030 1
33 43 715 1
43 33 715 1
33 77 332 1
77 33 332 1
58 86 1196 1
86 58 1196 1
60 103 1182 1
103 60 1182 1
109 114 278 1
114 109 278 1
0 15 1084 1
15 0 1084 1
31 89 902 1
89 31 902 1
36 43 693 1
43 36 693 1
36 46 482 1
46 36 482 1
48 93 850 1
93 48 850 1
53 108 584 1
108 53 584 1
9 115 1058 1
115 9 1058 1
10 74 381 1
74 10 381 1
12 43 1201 1
43 12 1201 1
90 102 246 1
102 90 246 1
111 114 232 1
114 111 232 1
5 64 1350 1
64 5 1350 1
12 75 743 1
75 12 743 1
29 55 507 1
55 29 507 1
71 80 755 1
80 71 755 1
79 114 741 1
114 79 741 1
5 98 1153 1
98 5 1153 1
10 89 1185 1
89 10 1185 1
23 84 1113 1
84 23 1113 1
49 63 596 1
63 49 596 1
51 110 520 1
110 51 520 1
62 114 890 1
114 62 890 1
72 101 1016 1
101 72 1016 1
76 95 396 1
95 76 396 1
92 103 574 1
103 92 574 1
94 102 378 1
102 94 378 1
3 67 879 1
67 3 879 1
5 25 129 1
25 5 129 1
34 66 268 1
66 34 268 1
50 60 475 1
60 50 475 1
56 89 1199 1
89 56 1199 1
3 21 582 1
21 3 582 1
5 90 1279 1
90 5 1279 1
15 28 819 1
28 15 819 1
15 61 998 1
61 15 998 1
22 89 1126 1
89 22 1126 1
29 76 555 1
76 29 555 1
41 69 935 1
69 41 935 1
57 61 216 1
61 57 216 1
80 83 1100 1
83 80 1100 1
99 115 285 1
115 99 285 1
83 87 158 1
87 83 158 1
2 25 585 1
25 2 585 1
5 21 332 1
21 5 332 1
14 44 1213 1
44 14 1213 1
25 53 1369 1
53 25 1369 1
27 57 990 1
57 27 990 1
29 79 257 1
79 29 257 1
30 68 827 1
68 30 827 1
37 79 267 1
79 37 267 1
67 100 988 1
100 67 988 1
92 112 325 1
112 92 325 1
93 94 560 1
94 93 560 1
19 46 977 1
46 19 977 1
23 54 1116 1
54 23 1116 1
30 69 868 1
69 30 868 1
66 110 549 1
110 66 549 1
12 60 825 1
60 12 825 1
15 80 1098 1
80 15 1098 1
46 112 262 1
112 46 262 1
62 93 1180 1
93 62 1180 1
81 109 623 1
109 81 623 1
88 109 538 1
109 88 538 1
6 86 719 1
86 6 719 1
16 109 631 1
109 16 631 1
41 94 523 1
94 41 523 1
95 105 309 1
105 95 309 1
0 38 744 1
38 0 744 1
13 41 490 1
41 13 490 1
14 112 1099 1
112 14 1099 1
17 74 721 1
74 17 721 1
18 58 669 1
58 18 669 1
24 44 1385 1
44 24 1385 1
34 84 580 1
84 34 580 1
38 97 469 1
97 38 469 1
41 51 889 1
51 41 889 1
47 83 886 1
83 47 886 1
97 108 170 1
108 97 170 1
25 89 956 1
89 25 956 1
29 61 711 1
61 29 711 1
31 53 1248 1
53 31 1248 1
41 83 252 1
83 41 252 1
60 90 787 1
90 60 787 1
60 100 938 1
100 60 938 1
94 100 422 1
100 94 422 1
8 84 881 1
84 8 881 1
17 60 1082 1
60 17 1082 1
22 43 1259 1
43 22 1259 1
29 109 610 1
109 29 610 1
36 94 246 1
94 36 246 1
38 72 305 1
72 38 305 1
7 62 1148 1
62 7 1148 1
17 99 704 1
99 17 704 1
20 79 665 1
79 20 665 1
21 79 530 1
79 21 530 1
28 100 825 1
100 28 825 1
45 48 304 1
48 45 304 1
60 76 576 1
76 60 576 1
80 84 162 1
84 80 162 1
83 115 786 1
115 83 786 1
93 106 650 1
106 93 650 1
97 110 221 1
110 97 221 1
102 107 560 1
107 102 560 1
0 10 381 1
10 0 381 1
32 65 681 1
65 32 681 1
36 53 880 1
53 36 880 1
38 109 342 1
109 38 342 1
54 106 240 1
106 54 240 1
62 66 562 1
66 62 562 1
62 104 898 1
104 62 898 1
72 77 430 1
77 72 430 1
76 99 626 1
99 76 626 1
89 110 588 1
110 89 588 1
106 111 487 1
111 106 487 1
27 69 1092 1
69 27 1092 1
67 103 944 1
103 67 944 1
73 80 850 1
80 73 850 1
77 114 582 1
114 77 582 1
20 66 927 1
66 20 927 1
75 113 758 1
113 75 758 1
82 100 794 1
100 82 794 1
97 103 349 1
103 97 349 1
109 112 348 1
112 109 348 1
19 34 584 1
34 19 584 1
25 63 1053 1
63 25 1053 1
30 89 952 1
89 30 952 1
82 108 675 1
108 82 675 1
3 90 1350 1
90 3 1350 1
15 115 902 1
115 15 902 1
31 85 906 1
85 31 906 1
80 100 687 1
100 80 687 1
3 64 1134 1
64 3 1134 1
16 95 729 1
95 16 729 1
29 87 356 1
87 29 356 1
40 56 722 1
56 40 722 1
83 102 1059 1
102 83 1059 1
20 84 687 1
84 20 687 1
62 94 680 1
94 62 680 1
11 71 374 1
71 11 374 1
13 74 757 1
74 13 757 1
14 49 1337 1
49 14 1337 1
20 28 320 1
28 20 320 1
27 39 536 1
39 27 536 1
42 68 830 1
68 42 830 1
43 67 388 1
67 43 388 1
49 70 1008 1
70 49 1008 1
65 71 835 1
71 65 835 1
71 115 724 1
115 71 724 1
78 87 1016 1
87 78 1016 1
9 95 899 1
95 9 899 1
10 31 619 1
31 10 619 1
10 109 786 1
109 10 786 1
15 95 730 1
95 15 730 1
16 83 1029 1
83 16 1029 1
26 99 1000 1
99 26 1000 1
39 47 551 1
47 39 551 1
40 53 1023 1
53 40 1023 1
68 108 915 1
108 68 915 1
12 64 932 1
64 12 932 1
24 69 1148 1
69 24 1148 1
28 108 624 1
108 28 624 1
41 87 263 1
87 41 263 1
51 90 888 1
90 51 888 1
64 79 1031 1
79 64 1031 1
69 91 1081 1
91 69 1081 1
84 88 224 1
88 84 224 1
0 32 356 1
32 0 356 1
10 72 309 1
72 10 309 1
13 95 821 1
95 13 821 1
32 66 416 1
66 32 416 1
72 111 772 1
111 72 772 1
90 103 653 1
103 90 653 1
3 71 399 1
71 3 399 1
5 40 642 1
40 5 642 1
22 64 1169 1
64 22 1169 1
27 89 807 1
89 27 807 1
36 73 600 1
73 36 600 1
38 69 945 1
69 38 945 1
39 87 370 1
87 39 370 1
43 69 724 1
69 43 724 1
53 70 1067 1
70 53 1067 1
60 72 692 1
72 60 692 1
82 87 849 1
87 82 849 1
8 29 833 1
29 8 833 1
10 30 501 1
30 10 501 1
12 73 783 1
73 12 783 1
17 29 223 1
29 17 223 1
23 57 858 1
57 23 858 1
30 61 1024 1
61 30 1024 1
69 83 1050 1
83 69 1050 1
83 96 859 1
96 83 859 1
9 109 978 1
109 9 978 1
16 104 808 1
104 16 808 1
18 105 1215 1
105 18 1215 1
21 23 542 1
23 21 542 1
26 70 383 1
70 26 383 1
26 100 1042 1
100 26 1042 1
48 106 864 1
106 48 864 1
52 98 272 1
98 52 272 1
92 115 404 1
115 92 404 1
0 65 1009 1
65 0 1009 1
0 70 525 1
70 0 525 1
3 54 1096 1
54 3 1096 1
3 62 1020 1
62 3 1020 1
8 65 1425 1
65 8 1425 1
16 66 708 1
66 16 708 1
27 87 439 1
87 27 439 1
29 56 983 1
56 29 983 1
46 52 244 1
52 46 244 1
48 100 791 1
100 48 791 1
55 112 466 1
112 55 466 1
68 84 871 1
84 68 871 1
10 55 1049 1
55 10 1049 1
13 72 796 1
72 13 796 1
27 84 956 1
84 27 956 1
56 78 391 1
78 56 391 1
56 100 1019 1
100 56 1019 1
58 102 1067 1
102 58 1067 1
4 12 434 1
12 4 434 1
21 87 397 1
87 21 397 1
50 90 473 1
90 50 473 1
75 79 318 1
79 75 318 1
0 33 480 1
33 0 480 1
4 30 322 1
30 4 322 1
11 45 1014 1
45 11 1014 1
18 26 857 1
26 18 857 1
22 75 633 1
75 22 633 1
26 102 984 1
102 26 984 1
28 77 540 1
77 28 540 1
29 89 469 1
89 29 469 1
54 94 226 1
94 54 226 1
59 106 1174 1
106 59 1174 1
68 89 1110 1
89 68 1110 1
71 113 890 1
113 71 890 1
2 31 377 1
31 2 377 1
31 88 956 1
88 31 956 1
37 88 804 1
88 37 804 1
48 102 819 1
102 48 819 1
60 95 868 1
95 60 868 1
99 104 430 1
104 99 430 1
7 17 463 1
17 7 463 1
15 88 1097 1
88 15 1097 1
28 99 923 1
99 28 923 1
38 83 760 1
83 38 760 1
54 110 373 1
110 54 373 1
5 36 815 1
36 5 815 1
28 73 629 1
73 28 629 1
62 76 527 1
76 62 527 1
66 84 731 1
84 66 731 1
68 85 974 1
85 68 974 1
68 87 1214 1
87 68 1214 1
83 101 854 1
101 83 854 1
22 47 1230 1
47 22 1230 1
22 54 1063 1
54 22 1063 1
27 40 481 1
40 27 481 1
35 76 333 1
76 35 333 1
56 57 840 1
57 56 840 1
62 100 836 1
100 62 836 1
66 82 1038 1
82 66 1038 1
1 45 800 1
45 1 800 1
6 23 465 1
23 6 465 1
6 62 702 1
62 6 702 1
9 33 834 1
33 9 834 1
9 61 1165 1
61 9 1165 1
15 71 394 1
71 15 394 1
22 26 505 1
26 22 505 1
26 48 1303 1
48 26 1303 1
27 36 659 1
36 27 659 1
31 52 1259 1
52 31 1259 1
35 66 331 1
66 35 331 1
35 83 797 1
83 35 797 1
36 99 637 1
99 36 637 1
38 87 730 1
87 38 730 1
54 86 568 1
86 54 568 1
85 97 439 1
97 85 439 1
91 106 697 1
106 91 697 1
95 99 272 1
99 95 272 1
0 5 1018 1
5 0 1018 1
6 19 593 1
19 6 593 1
36 109 326 1
109 36 326 1
47 54 568 1
54 47 568 1
47 88 790 1
88 47 790 1
68 91 1170 1
91 68 1170 1
72 103 933 1
103 72 933 1
73 87 395 1
87 73 395 1
87 101 801 1
101 87 801 1
21 30 349 1
30 21 349 1
21 71 214 1
71 21 214 1
23 26 522 1
26 23 522 1
23 36 889 1
36 23 889 1
24 36 774 1
36 24 774 1
31 59 1081 1
59 31 1081 1
41 54 714 1
54 41 714 1
63 90 1184 1
90 63 1184 1
73 99 684 1
99 73 684 1
38 56 731 1
56 38 731 1
40 42 830 1
42 40 830 1
104 113 229 1
113 104 229 1
5 71 431 1
71 5 431 1
6 15 884 1
15 6 884 1
10 43 1077 1
43 10 1077 1
11 32 663 1
32 11 663 1
11 95 744 1
95 11 744 1
12 15 906 1
15 12 906 1
14 48 1233 1
48 14 1233 1
19 110 862 1
110 19 862 1
20 62 800 1
62 20 800 1
23 43 1259 1
43 23 1259 1
25 87 575 1
87 25 575 1
26 52 1199 1
52 26 1199 1
28 62 527 1
62 28 527 1
29 110 702 1
110 29 702 1
30 49 1208 1
49 30 1208 1
31 42 1171 1
42 31 1171 1
32 62 548 1
62 32 548 1
