116 2668
98 99 479 1
99 98 479 1
44 45 194 1
45 44 194 1
44 49 304 1
49 44 304 1
43 47 146 1
47 43 146 1
30 31 127 1
31 30 127 1
80 81 1113 1
81 80 1113 1
26 27 135 1
27 26 135 1
42 43 239 1
43 42 239 1
49 51 172 1
51 49 172 1
48 51 548 1
51 48 548 1
100 102 87 1
102 100 87 1
44 48 114 1
48 44 114 1
5 26 263 1
26 5 263 1
58 59 496 1
59 58 496 1
8 24 258 1
24 8 258 1
48 50 202 1
50 48 202 1
4 5 350 1
5 4 350 1
5 9 157 1
9 5 157 1
49 98 742 1
98 49 742 1
66 67 177 1
67 66 177 1
5 27 165 1
27 5 165 1
49 99 587 1
99 49 587 1
48 49 410 1
49 48 410 1
56 57 840 1
57 56 840 1
34 35 126 1
35 34 126 1
101 103 106 1
103 101 106 1
11 15 385 1
15 11 385 1
42 47 281 1
47 42 281 1
62 63 1134 1
63 62 1134 1
91 93 118 1
93 91 118 1
0 56 174 1
56 0 174 1
46 47 309 1
47 46 309 1
95 108 123 1
108 95 123 1
22 23 140 1
23 22 140 1
44 98 563 1
98 44 563 1
4 27 279 1
27 4 279 1
43 45 199 1
45 43 199 1
82 83 881 1
83 82 881 1
9 24 385 1
24 9 385 1
28 72 116 1
72 28 116 1
11 13 168 1
13 11 168 1
47 111 188 1
111 47 188 1
44 99 632 1
99 44 632 1
55 99 216 1
99 55 216 1
59 61 271 1
61 59 271 1
50 51 698 1
51 50 698 1
102 106 217 1
106 102 217 1
45 49 111 1
49 45 111 1
13 15 277 1
15 13 277 1
54 55 651 1
55 54 651 1
16 57 981 1
57 16 981 1
20 21 185 1
21 20 185 1
45 48 304 1
48 45 304 1
1 57 172 1
57 1 172 1
5 24 252 1
24 5 252 1
51 98 763 1
98 51 763 1
51 99 497 1
99 51 497 1
10 14 380 1
14 10 380 1
44 51 440 1
51 44 440 1
103 104 369 1
104 103 369 1
18 19 147 1
19 18 147 1
4 24 144 1
24 4 144 1
42 45 300 1
45 42 300 1
4 26 161 1
26 4 161 1
68 69 164 1
69 68 164 1
61 63 238 1
63 61 238 1
45 47 345 1
47 45 345 1
2 6 165 1
6 2 165 1
35 67 262 1
67 35 262 1
73 74 458 1
74 73 458 1
43 46 341 1
46 43 341 1
16 56 380 1
56 16 380 1
55 98 606 1
98 55 606 1
42 50 271 1
50 42 271 1
43 111 293 1
111 43 293 1
42 46 173 1
46 42 173 1
14 22 562 1
22 14 562 1
55 96 492 1
96 55 492 1
54 98 204 1
98 54 204 1
59 69 338 1
69 59 338 1
8 9 638 1
9 8 638 1
0 1 800 1
1 0 800 1
10 12 181 1
12 10 181 1
14 23 650 1
23 14 650 1
41 73 204 1
73 41 204 1
20 41 386 1
41 20 386 1
94 108 97 1
108 94 97 1
43 99 372 1
99 43 372 1
0 57 825 1
57 0 825 1
25 27 193 1
27 25 193 1
43 44 290 1
44 43 290 1
16 17 998 1
17 16 998 1
4 9 500 1
9 4 500 1
19 69 323 1
69 19 323 1
56 81 1090 1
81 56 1090 1
64 65 897 1
65 64 897 1
23 25 373 1
25 23 373 1
59 102 1214 1
102 59 1214 1
2 22 228 1
22 2 228 1
10 93 1289 1
93 10 1289 1
47 99 231 1
99 47 231 1
58 69 426 1
69 58 426 1
16 80 152 1
80 16 152 1
25 31 272 1
31 25 272 1
4 8 148 1
8 4 148 1
17 63 324 1
63 17 324 1
24 27 252 1
27 24 252 1
28 80 329 1
80 28 329 1
60 63 1021 1
63 60 1021 1
84 85 1130 1
85 84 1130 1
45 99 570 1
99 45 570 1
92 112 325 1
112 92 325 1
86 87 805 1
87 86 805 1
21 41 236 1
41 21 236 1
58 60 266 1
60 58 266 1
62 80 268 1
80 62 268 1
34 64 445 1
64 34 445 1
21 24 413 1
24 21 413 1
41 74 484 1
74 41 484 1
43 98 522 1
98 43 522 1
42 44 208 1
44 42 208 1
2 18 379 1
18 2 379 1
10 22 580 1
22 10 580 1
25 35 978 1
35 25 978 1
20 75 348 1
75 20 348 1
36 80 330 1
80 36 330 1
6 12 248 1
12 6 248 1
28 75 567 1
75 28 567 1
45 111 467 1
111 45 467 1
45 96 643 1
96 45 643 1
25 34 1006 1
34 25 1006 1
28 82 255 1
82 28 255 1
17 57 439 1
57 17 439 1
3 22 347 1
22 3 347 1
99 111 265 1
111 99 265 1
54 99 587 1
99 54 587 1
35 65 453 1
65 35 453 1
42 48 243 1
48 42 243 1
59 66 363 1
66 59 363 1
20 24 393 1
24 20 393 1
49 90 859 1
90 49 859 1
59 63 501 1
63 59 501 1
3 30 397 1
30 3 397 1
3 7 185 1
7 3 185 1
45 98 655 1
98 45 655 1
66 69 349 1
69 66 349 1
14 84 681 1
84 14 681 1
46 52 244 1
52 46 244 1
72 80 384 1
80 72 384 1
41 75 187 1
75 41 187 1
42 111 258 1
111 42 258 1
63 81 293 1
81 63 293 1
9 26 419 1
26 9 419 1
16 41 813 1
41 16 813 1
48 99 711 1
99 48 711 1
51 55 568 1
55 51 568 1
59 100 1223 1
100 59 1223 1
43 49 240 1
49 43 240 1
94 109 127 1
109 94 127 1
34 84 580 1
84 34 580 1
51 53 271 1
53 51 271 1
45 51 254 1
51 45 254 1
52 53 746 1
53 52 746 1
20 31 387 1
31 20 387 1
43 51 245 1
51 43 245 1
47 98 442 1
98 47 442 1
86 88 460 1
88 86 460 1
12 28 275 1
28 12 275 1
19 68 313 1
68 19 313 1
59 106 1174 1
106 59 1174 1
47 50 544 1
50 47 544 1
54 89 853 1
89 54 853 1
60 62 241 1
62 60 241 1
102 103 508 1
103 102 508 1
1 19 351 1
19 1 351 1
25 64 1312 1
64 25 1312 1
47 96 412 1
96 47 412 1
3 31 315 1
31 3 315 1
52 90 240 1
90 52 240 1
2 7 566 1
7 2 566 1
16 81 1063 1
81 16 1063 1
1 56 851 1
56 1 851 1
44 47 404 1
47 44 404 1
49 55 664 1
55 49 664 1
57 81 488 1
81 57 488 1
102 104 159 1
104 102 159 1
58 66 198 1
66 58 198 1
73 75 84 1
75 73 84 1
32 33 149 1
33 32 149 1
44 111 448 1
111 44 448 1
6 22 333 1
22 6 333 1
20 25 402 1
25 20 402 1
0 16 380 1
16 0 380 1
47 49 380 1
49 47 380 1
60 61 893 1
61 60 893 1
7 61 813 1
61 7 813 1
48 98 566 1
98 48 566 1
58 61 717 1
61 58 717 1
29 71 259 1
71 29 259 1
8 20 420 1
20 8 420 1
29 73 113 1
73 29 113 1
6 23 465 1
23 6 465 1
10 84 516 1
84 10 516 1
54 96 167 1
96 54 167 1
8 14 205 1
14 8 205 1
14 34 879 1
34 14 879 1
14 82 179 1
82 14 179 1
48 90 628 1
90 48 628 1
16 72 287 1
72 16 287 1
51 54 884 1
54 51 884 1
76 77 238 1
77 76 238 1
20 30 328 1
30 20 328 1
69 90 1119 1
90 69 1119 1
78 79 878 1
79 78 878 1
9 15 219 1
15 9 219 1
40 75 477 1
75 40 477 1
96 99 428 1
99 96 428 1
12 14 278 1
14 12 278 1
43 96 503 1
96 43 503 1
24 26 201 1
26 24 201 1
27 86 519 1
86 27 519 1
43 50 494 1
50 43 494 1
18 82 891 1
82 18 891 1
17 56 1024 1
56 17 1024 1
72 74 76 1
74 72 76 1
16 28 220 1
28 16 220 1
21 75 222 1
75 21 222 1
34 65 549 1
65 34 549 1
98 111 265 1
111 98 265 1
100 106 280 1
106 100 280 1
6 10 299 1
10 6 299 1
34 85 678 1
85 34 678 1
24 25 135 1
25 24 135 1
109 114 278 1
114 109 278 1
25 30 292 1
30 25 292 1
49 54 854 1
54 49 854 1
56 80 431 1
80 56 431 1
62 81 1169 1
81 62 1169 1
71 75 163 1
75 71 163 1
0 17 982 1
17 0 982 1
18 91 1236 1
91 18 1236 1
44 55 743 1
55 44 743 1
61 102 1213 1
102 61 1213 1
22 30 218 1
30 22 218 1
50 111 478 1
111 50 478 1
58 102 1067 1
102 58 1067 1
63 106 1106 1
106 63 1106 1
20 33 587 1
33 20 587 1
43 48 391 1
48 43 391 1
104 106 195 1
106 104 195 1
94 95 213 1
95 94 213 1
44 50 287 1
50 44 287 1
104 105 204 1
105 104 204 1
44 96 580 1
96 44 580 1
96 98 184 1
98 96 184 1
112 114 196 1
114 112 196 1
8 34 1027 1
34 8 1027 1
42 51 463 1
51 42 463 1
5 82 673 1
82 5 673 1
96 97 322 1
97 96 322 1
5 8 493 1
8 5 493 1
8 33 863 1
33 8 863 1
31 64 1128 1
64 31 1128 1
47 51 339 1
51 47 339 1
69 108 886 1
108 69 886 1
90 98 163 1
98 90 163 1
10 23 699 1
23 10 699 1
46 50 303 1
50 46 303 1
5 21 332 1
21 5 332 1
23 34 949 1
34 23 949 1
83 87 158 1
87 83 158 1
36 81 848 1
81 36 848 1
84 93 1016 1
93 84 1016 1
14 31 528 1
31 14 528 1
28 36 321 1
36 28 321 1
58 63 892 1
63 58 892 1
1 63 334 1
63 1 334 1
88 89 1035 1
89 88 1035 1
101 104 464 1
104 101 464 1
16 74 335 1
74 16 335 1
17 74 721 1
74 17 721 1
95 109 146 1
109 95 146 1
96 111 286 1
111 96 286 1
105 114 152 1
114 105 152 1
12 13 959 1
13 12 959 1
59 62 914 1
62 59 914 1
2 3 405 1
3 2 405 1
45 50 474 1
50 45 474 1
106 107 486 1
107 106 486 1
22 25 402 1
25 22 402 1
28 73 629 1
73 28 629 1
18 22 537 1
22 18 537 1
49 58 594 1
58 49 594 1
105 112 319 1
112 105 319 1
90 99 615 1
99 90 615 1
35 64 566 1
64 35 566 1
8 75 728 1
75 8 728 1
21 97 595 1
97 21 595 1
26 82 411 1
82 26 411 1
27 88 863 1
88 27 863 1
36 40 213 1
40 36 213 1
47 97 280 1
97 47 280 1
55 89 213 1
89 55 213 1
56 62 252 1
62 56 252 1
67 92 922 1
92 67 922 1
93 101 103 1
101 93 103 1
0 53 1230 1
53 0 1230 1
13 62 1248 1
62 13 1248 1
39 87 370 1
87 39 370 1
49 50 585 1
50 49 585 1
9 27 309 1
27 9 309 1
20 27 271 1
27 20 271 1
108 109 87 1
109 108 87 1
47 55 367 1
55 47 367 1
51 90 888 1
90 51 888 1
72 75 453 1
75 72 453 1
26 86 416 1
86 26 416 1
38 97 469 1
97 38 469 1
61 62 1047 1
62 61 1047 1
10 91 1269 1
91 10 1269 1
72 73 517 1
73 72 517 1
2 91 1366 1
91 2 1366 1
57 80 1050 1
80 57 1050 1
4 82 403 1
82 4 403 1
14 93 1238 1
93 14 1238 1
22 93 1426 1
93 22 1426 1
1 17 391 1
17 1 391 1
42 105 625 1
105 42 625 1
71 73 163 1
73 71 163 1
47 48 490 1
48 47 490 1
62 106 794 1
106 62 794 1
63 80 1146 1
80 63 1146 1
91 109 486 1
109 91 486 1
11 29 239 1
29 11 239 1
88 110 590 1
110 88 590 1
43 55 485 1
55 43 485 1
16 75 702 1
75 16 702 1
3 18 417 1
18 3 417 1
16 73 769 1
73 16 769 1
19 91 1171 1
91 19 1171 1
36 112 594 1
112 36 594 1
45 66 369 1
66 45 369 1
42 99 482 1
99 42 482 1
55 107 232 1
107 55 232 1
83 95 609 1
95 83 609 1
0 19 488 1
19 0 488 1
22 88 1044 1
88 22 1044 1
81 83 446 1
83 81 446 1
4 83 726 1
83 4 726 1
15 40 725 1
40 15 725 1
20 73 397 1
73 20 397 1
56 63 1014 1
63 56 1014 1
63 102 1192 1
102 63 1192 1
5 83 447 1
83 5 447 1
29 72 629 1
72 29 629 1
94 105 354 1
105 94 354 1
13 29 290 1
29 13 290 1
39 69 918 1
69 39 918 1
28 29 741 1
29 28 741 1
62 102 862 1
102 62 862 1
89 106 787 1
106 89 787 1
90 103 653 1
103 90 653 1
7 106 1176 1
106 7 1176 1
48 55 832 1
55 48 832 1
49 111 530 1
111 49 530 1
10 28 213 1
28 10 213 1
32 106 871 1
106 32 871 1
42 98 381 1
98 42 381 1
105 109 371 1
109 105 371 1
44 90 651 1
90 44 651 1
62 100 836 1
100 62 836 1
22 31 234 1
31 22 234 1
1 102 1288 1
102 1 1288 1
10 82 401 1
82 10 401 1
20 38 349 1
38 20 349 1
22 34 922 1
34 22 922 1
28 76 345 1
76 28 345 1
52 112 417 1
112 52 417 1
3 23 271 1
23 3 271 1
14 30 414 1
30 14 414 1
21 25 360 1
25 21 360 1
22 86 800 1
86 22 800 1
61 100 1241 1
100 61 1241 1
72 101 1016 1
101 72 1016 1
11 48 1197 1
48 11 1197 1
22 84 1027 1
84 22 1027 1
46 105 514 1
105 46 514 1
1 61 385 1
61 1 385 1
8 27 425 1
27 8 425 1
28 62 527 1
62 28 527 1
30 41 563 1
41 30 563 1
55 76 571 1
76 55 571 1
60 66 370 1
66 60 370 1
74 76 203 1
76 74 203 1
104 115 184 1
115 104 184 1
51 111 516 1
111 51 516 1
72 81 860 1
81 72 860 1
3 87 809 1
87 3 809 1
44 54 668 1
54 44 668 1
14 28 286 1
28 14 286 1
33 71 374 1
71 33 374 1
33 75 426 1
75 33 426 1
67 88 939 1
88 67 939 1
28 74 188 1
74 28 188 1
36 79 738 1
79 36 738 1
90 102 246 1
102 90 246 1
7 62 1148 1
62 7 1148 1
17 61 534 1
61 17 534 1
55 111 434 1
111 55 434 1
108 114 218 1
114 108 218 1
0 12 517 1
12 0 517 1
80 82 469 1
82 80 469 1
85 86 1120 1
86 85 1120 1
86 89 1016 1
89 86 1016 1
5 20 424 1
20 5 424 1
7 32 649 1
32 7 649 1
12 23 607 1
23 12 607 1
25 26 225 1
26 25 225 1
33 41 611 1
41 33 611 1
11 52 1305 1
52 11 1305 1
15 78 1000 1
78 15 1000 1
62 74 590 1
74 62 590 1
62 72 566 1
72 62 566 1
21 38 458 1
38 21 458 1
42 96 429 1
96 42 429 1
5 25 129 1
25 5 129 1
7 31 345 1
31 7 345 1
56 74 591 1
74 56 591 1
93 109 510 1
109 93 510 1
4 25 258 1
25 4 258 1
72 82 298 1
82 72 298 1
14 24 389 1
24 14 389 1
15 24 514 1
24 15 514 1
38 96 284 1
96 38 284 1
8 21 536 1
21 8 536 1
27 97 789 1
97 27 789 1
28 83 861 1
83 28 861 1
88 96 385 1
96 88 385 1
8 35 1046 1
35 8 1046 1
27 82 524 1
82 27 524 1
56 58 427 1
58 56 427 1
7 63 675 1
63 7 675 1
7 107 1014 1
107 7 1014 1
11 12 972 1
12 11 972 1
28 40 248 1
40 28 248 1
9 21 431 1
21 9 431 1
38 112 604 1
112 38 604 1
73 77 274 1
77 73 274 1
82 84 544 1
84 82 544 1
49 53 406 1
53 49 406 1
59 60 718 1
60 59 718 1
23 88 1119 1
88 23 1119 1
48 96 608 1
96 48 608 1
103 105 173 1
105 103 173 1
8 26 300 1
26 8 300 1
1 81 501 1
81 1 501 1
15 29 295 1
29 15 295 1
48 54 669 1
54 48 669 1
51 52 786 1
52 51 786 1
74 77 362 1
77 74 362 1
4 21 414 1
21 4 414 1
68 108 915 1
108 68 915 1
76 114 580 1
114 76 580 1
1 52 1206 1
52 1 1206 1
2 30 317 1
30 2 317 1
20 26 232 1
26 20 232 1
25 67 1191 1
67 25 1191 1
68 95 921 1
95 68 921 1
99 107 302 1
107 99 302 1
71 112 918 1
112 71 918 1
100 103 576 1
103 100 576 1
4 20 334 1
20 4 334 1
7 102 1355 1
102 7 1355 1
31 41 528 1
41 31 528 1
1 90 1264 1
90 1 1264 1
1 113 1104 1
113 1 1104 1
23 93 1407 1
93 23 1407 1
35 88 741 1
88 35 741 1
5 15 278 1
15 5 278 1
7 59 970 1
59 7 970 1
26 54 816 1
54 26 816 1
31 71 265 1
71 31 265 1
82 91 1133 1
91 82 1133 1
3 83 681 1
83 3 681 1
4 86 435 1
86 4 435 1
58 103 1188 1
103 58 1188 1
18 68 315 1
68 18 315 1
33 73 444 1
73 33 444 1
34 67 275 1
67 34 275 1
14 25 491 1
25 14 491 1
42 49 396 1
49 42 396 1
74 75 389 1
75 74 389 1
22 64 1169 1
64 22 1169 1
29 83 227 1
83 29 227 1
58 100 1047 1
100 58 1047 1
58 106 1039 1
106 58 1039 1
101 102 595 1
102 101 595 1
1 59 541 1
59 1 541 1
19 57 426 1
57 19 426 1
21 27 209 1
27 21 209 1
28 81 975 1
81 28 975 1
28 84 456 1
84 28 456 1
31 77 552 1
77 31 552 1
31 84 971 1
84 31 971 1
42 112 333 1
112 42 333 1
45 55 662 1
55 45 662 1
69 95 876 1
95 69 876 1
102 107 560 1
107 102 560 1
71 77 297 1
77 71 297 1
8 92 1269 1
92 8 1269 1
35 77 284 1
77 35 284 1
50 97 711 1
97 50 711 1
76 98 527 1
98 76 527 1
11 51 955 1
51 11 955 1
16 62 313 1
62 16 313 1
17 81 182 1
81 17 182 1
19 108 910 1
108 19 910 1
30 73 455 1
73 30 455 1
56 72 566 1
72 56 566 1
49 103 837 1
103 49 837 1
56 60 232 1
60 56 232 1
57 69 378 1
69 57 378 1
14 20 320 1
20 14 320 1
25 88 998 1
88 25 998 1
40 71 481 1
71 40 481 1
46 53 547 1
53 46 547 1
84 92 597 1
92 84 597 1
94 96 89 1
96 94 89 1
100 101 656 1
101 100 656 1
19 93 1252 1
93 19 1252 1
25 92 1338 1
92 25 1338 1
40 82 231 1
82 40 231 1
57 102 1241 1
102 57 1241 1
8 15 741 1
15 8 741 1
30 64 1064 1
64 30 1064 1
51 76 794 1
76 51 794 1
58 90 890 1
90 58 890 1
90 100 182 1
100 90 182 1
8 25 389 1
25 8 389 1
15 97 790 1
97 15 790 1
25 97 955 1
97 25 955 1
90 113 376 1
113 90 376 1
63 74 885 1
74 63 885 1
25 94 912 1
94 25 912 1
28 71 506 1
71 28 506 1
35 85 553 1
85 35 553 1
39 95 233 1
95 39 233 1
48 52 415 1
52 48 415 1
6 93 1425 1
93 6 1425 1
33 92 1075 1
92 33 1075 1
65 88 1179 1
88 65 1179 1
68 78 695 1
78 68 695 1
101 114 359 1
114 101 359 1
31 34 815 1
34 31 815 1
41 71 317 1
71 41 317 1
79 80 991 1
80 79 991 1
4 87 715 1
87 4 715 1
7 30 462 1
30 7 462 1
35 84 678 1
84 35 678 1
85 92 1003 1
92 85 1003 1
99 102 560 1
102 99 560 1
2 106 1085 1
106 2 1085 1
39 108 341 1
108 39 341 1
99 103 258 1
103 99 258 1
21 33 567 1
33 21 567 1
101 109 540 1
109 101 540 1
49 106 982 1
106 49 982 1
69 100 1235 1
100 69 1235 1
79 81 136 1
81 79 136 1
8 93 1382 1
93 8 1382 1
12 72 358 1
72 12 358 1
15 75 396 1
75 15 396 1
35 92 768 1
92 35 768 1
45 67 282 1
67 45 282 1
64 88 675 1
88 64 675 1
11 40 844 1
40 11 844 1
13 40 857 1
40 13 857 1
24 34 1021 1
34 24 1021 1
38 39 465 1
39 38 465 1
38 41 513 1
41 38 513 1
80 83 1100 1
83 80 1100 1
57 61 216 1
61 57 216 1
78 108 559 1
108 78 559 1
28 41 661 1
41 28 661 1
41 77 345 1
77 41 345 1
58 62 503 1
62 58 503 1
62 79 1049 1
79 62 1049 1
14 85 1160 1
85 14 1160 1
14 114 959 1
114 14 959 1
18 84 897 1
84 18 897 1
57 63 249 1
63 57 249 1
60 74 699 1
74 60 699 1
99 104 430 1
104 99 430 1
4 15 597 1
15 4 597 1
6 60 799 1
60 6 799 1
49 96 720 1
96 49 720 1
22 91 1377 1
91 22 1377 1
44 66 318 1
66 44 318 1
1 69 441 1
69 1 441 1
17 29 223 1
29 17 223 1
37 72 595 1
72 37 595 1
38 42 697 1
42 38 697 1
38 87 730 1
87 38 730 1
63 69 603 1
69 63 603 1
71 92 1069 1
92 71 1069 1
13 103 1103 1
103 13 1103 1
24 82 536 1
82 24 536 1
43 105 608 1
105 43 608 1
61 69 456 1
69 61 456 1
46 97 424 1
97 46 424 1
17 28 894 1
28 17 894 1
21 30 349 1
30 21 349 1
38 46 544 1
46 38 544 1
41 84 910 1
84 41 910 1
21 26 271 1
26 21 271 1
40 52 792 1
52 40 792 1
23 31 199 1
31 23 199 1
2 23 340 1
23 2 340 1
105 115 176 1
115 105 176 1
17 72 781 1
72 17 781 1
25 84 1066 1
84 25 1066 1
47 105 464 1
105 47 464 1
48 111 498 1
111 48 498 1
62 107 1088 1
107 62 1088 1
71 72 402 1
72 71 402 1
2 31 377 1
31 2 377 1
13 70 648 1
70 13 648 1
46 111 189 1
111 46 189 1
57 95 781 1
95 57 781 1
6 8 485 1
8 6 485 1
29 77 357 1
77 29 357 1
62 103 1159 1
103 62 1159 1
1 95 815 1
95 1 815 1
2 107 1169 1
107 2 1169 1
31 86 707 1
86 31 707 1
46 68 860 1
68 46 860 1
70 111 827 1
111 70 827 1
72 77 430 1
77 72 430 1
95 105 309 1
105 95 309 1
50 96 527 1
96 50 527 1
80 84 162 1
84 80 162 1
16 82 421 1
82 16 421 1
38 50 753 1
50 38 753 1
39 68 969 1
68 39 969 1
46 96 270 1
96 46 270 1
57 72 874 1
72 57 874 1
67 84 830 1
84 67 830 1
92 114 349 1
114 92 349 1
94 114 259 1
114 94 259 1
15 70 606 1
70 15 606 1
36 76 232 1
76 36 232 1
57 74 830 1
74 57 830 1
66 96 666 1
96 66 666 1
37 113 578 1
113 37 578 1
12 70 392 1
70 12 392 1
39 100 771 1
100 39 771 1
49 59 382 1
59 49 382 1
50 52 243 1
52 50 243 1
9 92 1428 1
92 9 1428 1
40 78 376 1
78 40 376 1
56 78 391 1
78 56 391 1
25 65 1263 1
65 25 1263 1
60 102 963 1
102 60 963 1
70 73 402 1
73 70 402 1
89 102 866 1
102 89 866 1
17 62 1129 1
62 17 1129 1
20 70 213 1
70 20 213 1
29 75 189 1
75 29 189 1
41 72 550 1
72 41 550 1
54 90 282 1
90 54 282 1
68 96 891 1
96 68 891 1
74 80 415 1
80 74 415 1
78 81 1002 1
81 78 1002 1
6 70 405 1
70 6 405 1
26 83 578 1
83 26 578 1
36 75 517 1
75 36 517 1
49 102 965 1
102 49 965 1
91 101 197 1
101 91 197 1
0 72 516 1
72 0 516 1
23 30 259 1
30 23 259 1
27 55 790 1
55 27 790 1
53 99 316 1
99 53 316 1
21 71 214 1
71 21 214 1
34 93 788 1
93 34 788 1
37 38 515 1
38 37 515 1
98 102 260 1
102 98 260 1
17 80 1070 1
80 17 1070 1
20 97 635 1
97 20 635 1
59 103 1115 1
103 59 1115 1
0 68 414 1
68 0 414 1
3 86 986 1
86 3 986 1
8 23 562 1
23 8 562 1
9 65 1235 1
65 9 1235 1
14 41 702 1
41 14 702 1
35 110 305 1
110 35 305 1
41 80 868 1
80 41 868 1
10 88 586 1
88 10 586 1
11 49 996 1
49 11 996 1
12 16 384 1
16 12 384 1
17 58 1029 1
58 17 1029 1
31 73 397 1
73 31 397 1
14 75 659 1
75 14 659 1
19 113 1158 1
113 19 1158 1
32 43 699 1
43 32 699 1
48 104 822 1
104 48 822 1
49 104 900 1
104 49 900 1
56 69 542 1
69 56 542 1
72 103 933 1
103 72 933 1
81 82 1081 1
82 81 1081 1
95 103 393 1
103 95 393 1
97 105 299 1
105 97 299 1
4 23 506 1
23 4 506 1
8 84 881 1
84 8 881 1
13 28 892 1
28 13 892 1
13 104 1167 1
104 13 1167 1
17 73 298 1
73 17 298 1
38 88 311 1
88 38 311 1
54 106 240 1
106 54 240 1
65 67 361 1
67 65 361 1
6 88 860 1
88 6 860 1
18 93 1308 1
93 18 1308 1
24 35 1010 1
35 24 1010 1
50 55 863 1
55 50 863 1
57 78 938 1
78 57 938 1
90 101 719 1
101 90 719 1
23 85 1053 1
85 23 1053 1
24 75 604 1
75 24 604 1
26 55 856 1
55 26 856 1
40 72 200 1
72 40 200 1
48 53 654 1
53 48 654 1
60 67 538 1
67 60 538 1
63 100 1236 1
100 63 1236 1
87 97 649 1
97 87 649 1
2 20 581 1
20 2 581 1
5 33 790 1
33 5 790 1
31 33 517 1
33 31 517 1
1 68 549 1
68 1 549 1
17 41 414 1
41 17 414 1
23 86 866 1
86 23 866 1
24 33 797 1
33 24 797 1
25 86 638 1
86 25 638 1
45 46 448 1
46 45 448 1
50 98 448 1
98 50 448 1
61 106 1151 1
106 61 1151 1
100 107 640 1
107 100 640 1
10 89 1185 1
89 10 1185 1
16 78 122 1
78 16 122 1
55 87 559 1
87 55 559 1
85 97 439 1
97 85 439 1
25 85 1018 1
85 25 1018 1
27 31 339 1
31 27 339 1
53 90 787 1
90 53 787 1
99 115 285 1
115 99 285 1
34 88 672 1
88 34 672 1
50 99 730 1
99 50 730 1
60 69 564 1
69 60 564 1
61 65 175 1
65 61 175 1
4 33 810 1
33 4 810 1
6 64 941 1
64 6 941 1
23 64 1238 1
64 23 1238 1
24 38 730 1
38 24 730 1
25 41 554 1
41 25 554 1
51 96 733 1
96 51 733 1
57 58 735 1
58 57 735 1
103 115 322 1
115 103 322 1
15 105 941 1
105 15 941 1
21 87 397 1
87 21 397 1
46 112 262 1
112 46 262 1
56 68 408 1
68 56 408 1
75 82 661 1
82 75 661 1
29 36 705 1
36 29 705 1
50 53 744 1
53 50 744 1
50 112 538 1
112 50 538 1
75 77 210 1
77 75 210 1
92 105 456 1
105 92 456 1
24 97 1000 1
97 24 1000 1
26 41 487 1
41 26 487 1
28 114 809 1
114 28 809 1
56 102 1030 1
102 56 1030 1
76 99 626 1
99 76 626 1
18 69 392 1
69 18 392 1
59 107 1064 1
107 59 1064 1
70 77 376 1
77 70 376 1
114 115 96 1
115 114 96 1
12 93 1368 1
93 12 1368 1
33 36 610 1
36 33 610 1
85 88 1097 1
88 85 1097 1
3 19 382 1
19 3 382 1
23 27 506 1
27 23 506 1
33 43 715 1
43 33 715 1
39 86 698 1
86 39 698 1
41 97 446 1
97 41 446 1
46 48 368 1
48 46 368 1
50 65 837 1
65 50 837 1
72 76 257 1
76 72 257 1
36 78 263 1
78 36 263 1
48 58 400 1
58 48 400 1
5 41 483 1
41 5 483 1
39 78 740 1
78 39 740 1
40 112 757 1
112 40 757 1
13 48 1332 1
48 13 1332 1
20 42 954 1
42 20 954 1
26 97 829 1
97 26 829 1
64 77 767 1
77 64 767 1
97 110 221 1
110 97 221 1
15 71 394 1
71 15 394 1
25 42 1319 1
42 25 1319 1
33 84 801 1
84 33 801 1
42 97 497 1
97 42 497 1
54 76 415 1
76 54 415 1
56 95 883 1
95 56 883 1
64 86 1029 1
86 64 1029 1
4 14 255 1
14 4 255 1
7 100 1408 1
100 7 1408 1
10 19 724 1
19 10 724 1
20 23 575 1
23 20 575 1
31 35 790 1
35 31 790 1
0 81 1076 1
81 0 1076 1
1 53 949 1
53 1 949 1
5 32 873 1
32 5 873 1
21 31 344 1
31 21 344 1
23 92 1466 1
92 23 1466 1
31 82 641 1
82 31 641 1
42 55 629 1
55 42 629 1
67 69 345 1
69 67 345 1
76 79 567 1
79 76 567 1
8 88 819 1
88 8 819 1
36 52 586 1
52 36 586 1
50 88 679 1
88 50 679 1
59 90 1104 1
90 59 1104 1
84 114 684 1
114 84 684 1
103 114 282 1
114 103 282 1
9 20 557 1
20 9 557 1
14 91 1235 1
91 14 1235 1
15 16 1006 1
16 15 1006 1
15 103 975 1
103 15 975 1
24 41 633 1
41 24 633 1
25 33 765 1
33 25 765 1
33 112 908 1
112 33 908 1
46 51 585 1
51 46 585 1
66 88 875 1
88 66 875 1
82 85 1121 1
85 82 1121 1
84 91 1024 1
91 84 1024 1
4 22 457 1
22 4 457 1
10 114 995 1
114 10 995 1
15 48 1360 1
48 15 1360 1
65 110 634 1
110 65 634 1
72 108 541 1
108 72 541 1
98 106 320 1
106 98 320 1
103 109 477 1
109 103 477 1
3 14 804 1
14 3 804 1
11 97 774 1
97 11 774 1
82 86 143 1
86 82 143 1
97 112 339 1
112 97 339 1
23 84 1113 1
84 23 1113 1
54 82 561 1
82 54 561 1
99 106 562 1
106 99 562 1
100 108 467 1
108 100 467 1
103 106 532 1
106 103 532 1
1 16 963 1
16 1 963 1
10 86 544 1
86 10 544 1
11 50 1265 1
50 11 1265 1
14 21 487 1
21 14 487 1
28 37 709 1
37 28 709 1
37 81 336 1
81 37 336 1
64 110 621 1
110 64 621 1
69 102 1226 1
102 69 1226 1
87 96 843 1
96 87 843 1
109 112 348 1
112 109 348 1
17 60 1082 1
60 17 1082 1
17 83 381 1
83 17 381 1
19 59 618 1
59 19 618 1
110 111 172 1
111 110 172 1
1 106 1164 1
106 1 1164 1
14 73 703 1
73 14 703 1
52 103 773 1
103 52 773 1
16 23 833 1
23 16 833 1
43 112 376 1
112 43 376 1
47 70 837 1
70 47 837 1
49 52 718 1
52 49 718 1
57 59 382 1
59 57 382 1
71 83 425 1
83 71 425 1
78 95 636 1
95 78 636 1
86 110 816 1
110 86 816 1
3 32 536 1
32 3 536 1
31 83 561 1
83 31 561 1
64 84 478 1
84 64 478 1
75 105 690 1
105 75 690 1
76 104 623 1
104 76 623 1
96 110 214 1
110 96 214 1
98 103 555 1
103 98 555 1
100 113 356 1
113 100 356 1
105 108 296 1
108 105 296 1
2 32 513 1
32 2 513 1
4 75 618 1
75 4 618 1
11 99 897 1
99 11 897 1
23 24 403 1
24 23 403 1
30 83 641 1
83 30 641 1
54 87 939 1
87 54 939 1
6 7 710 1
7 6 710 1
30 71 303 1
71 30 303 1
33 67 474 1
67 33 474 1
37 71 401 1
71 37 401 1
40 94 393 1
94 40 393 1
69 113 1075 1
113 69 1075 1
71 105 832 1
105 71 832 1
1 58 829 1
58 1 829 1
23 38 892 1
38 23 892 1
26 88 791 1
88 26 791 1
29 70 512 1
70 29 512 1
39 114 488 1
114 39 488 1
40 83 731 1
83 40 731 1
49 100 971 1
100 49 971 1
53 95 553 1
95 53 553 1
55 104 526 1
104 55 526 1
67 110 507 1
110 67 507 1
70 115 709 1
115 70 709 1
22 85 1113 1
85 22 1113 1
23 97 1057 1
97 23 1057 1
29 81 342 1
81 29 342 1
32 45 684 1
45 32 684 1
10 101 1302 1
101 10 1302 1
22 82 706 1
82 22 706 1
57 103 1078 1
103 57 1078 1
38 47 654 1
47 38 654 1
55 88 845 1
88 55 845 1
56 106 934 1
106 56 934 1
74 79 666 1
79 74 666 1
20 82 329 1
82 20 329 1
36 62 525 1
62 36 525 1
44 58 416 1
58 44 416 1
45 112 552 1
112 45 552 1
54 107 612 1
107 54 612 1
3 71 399 1
71 3 399 1
11 105 1020 1
105 11 1020 1
27 54 856 1
54 27 856 1
34 94 438 1
94 34 438 1
47 53 268 1
53 47 268 1
65 97 657 1
97 65 657 1
94 111 316 1
111 94 316 1
4 31 397 1
31 4 397 1
5 86 673 1
86 5 673 1
29 41 234 1
41 29 234 1
36 83 816 1
83 36 816 1
37 39 117 1
39 37 117 1
87 100 1075 1
100 87 1075 1
14 16 483 1
16 14 483 1
28 101 1105 1
101 28 1105 1
36 41 570 1
41 36 570 1
49 107 859 1
107 49 859 1
8 67 1258 1
67 8 1258 1
10 64 755 1
64 10 755 1
20 112 885 1
112 20 885 1
29 74 571 1
74 29 571 1
32 66 416 1
66 32 416 1
36 73 600 1
73 36 600 1
98 104 286 1
104 98 286 1
101 105 274 1
105 101 274 1
9 35 1031 1
35 9 1031 1
12 73 783 1
73 12 783 1
16 63 1092 1
63 16 1092 1
21 73 247 1
73 21 247 1
35 97 412 1
97 35 412 1
38 110 451 1
110 38 451 1
48 103 924 1
103 48 924 1
58 101 1214 1
101 58 1214 1
98 107 585 1
107 98 585 1
12 22 481 1
22 12 481 1
35 94 438 1
94 35 438 1
41 82 687 1
82 41 687 1
71 108 604 1
108 71 604 1
15 95 730 1
95 15 730 1
19 90 1212 1
90 19 1212 1
25 50 1404 1
50 25 1404 1
38 54 263 1
54 38 263 1
75 112 790 1
112 75 790 1
82 114 823 1
114 82 823 1
87 99 759 1
99 87 759 1
0 78 431 1
78 0 431 1
14 83 858 1
83 14 858 1
28 33 585 1
33 28 585 1
44 103 860 1
103 44 860 1
52 95 665 1
95 52 665 1
66 68 378 1
68 66 378 1
29 52 1136 1
52 29 1136 1
36 46 482 1
46 36 482 1
36 82 401 1
82 36 401 1
46 99 446 1
99 46 446 1
53 68 1064 1
68 53 1064 1
54 88 224 1
88 54 224 1
67 112 712 1
112 67 712 1
87 98 1003 1
98 87 1003 1
15 27 336 1
27 15 336 1
15 28 819 1
28 15 819 1
21 96 648 1
96 21 648 1
21 112 894 1
112 21 894 1
33 42 788 1
42 33 788 1
41 57 760 1
57 41 760 1
103 107 239 1
107 103 239 1
33 37 555 1
37 33 555 1
43 76 617 1
76 43 617 1
53 91 265 1
91 53 265 1
53 113 487 1
113 53 487 1
56 59 788 1
59 56 788 1
60 100 938 1
100 60 938 1
72 83 754 1
83 72 754 1
72 95 570 1
95 72 570 1
22 110 1082 1
110 22 1082 1
52 114 516 1
114 52 516 1
7 79 561 1
79 7 561 1
34 97 481 1
97 34 481 1
46 55 584 1
55 46 584 1
55 94 428 1
94 55 428 1
74 78 322 1
78 74 322 1
99 113 264 1
113 99 264 1
15 43 1104 1
43 15 1104 1
19 95 883 1
95 19 883 1
36 38 122 1
38 36 122 1
39 102 700 1
102 39 700 1
48 112 575 1
112 48 575 1
52 68 984 1
68 52 984 1
62 73 961 1
73 62 961 1
99 100 610 1
100 99 610 1
4 97 964 1
97 4 964 1
8 40 521 1
40 8 521 1
13 71 401 1
71 13 401 1
25 110 1042 1
110 25 1042 1
38 111 560 1
111 38 560 1
45 54 766 1
54 45 766 1
71 95 547 1
95 71 547 1
8 22 480 1
22 8 480 1
18 30 564 1
30 18 564 1
20 71 311 1
71 20 311 1
20 84 687 1
84 20 687 1
21 67 905 1
67 21 905 1
37 69 822 1
69 37 822 1
40 80 433 1
80 40 433 1
47 94 415 1
94 47 415 1
56 61 920 1
61 56 920 1
69 109 801 1
109 69 801 1
0 52 934 1
52 0 934 1
11 43 952 1
43 11 952 1
50 70 943 1
70 50 943 1
53 55 448 1
55 53 448 1
95 104 381 1
104 95 381 1
2 4 569 1
4 2 569 1
14 71 582 1
71 14 582 1
24 92 1330 1
92 24 1330 1
55 106 607 1
106 55 607 1
84 112 720 1
112 84 720 1
4 88 829 1
88 4 829 1
13 73 358 1
73 13 358 1
18 85 983 1
85 18 983 1
24 40 584 1
40 24 584 1
25 111 1192 1
111 25 1192 1
29 103 822 1
103 29 822 1
34 77 351 1
77 34 351 1
35 42 425 1
42 35 425 1
37 103 537 1
103 37 537 1
38 43 745 1
43 38 745 1
48 105 862 1
105 48 862 1
70 99 848 1
99 70 848 1
75 83 351 1
83 75 351 1
5 97 910 1
97 5 910 1
9 32 937 1
32 9 937 1
29 95 532 1
95 29 532 1
38 86 366 1
86 38 366 1
40 105 656 1
105 40 656 1
60 64 187 1
64 60 187 1
68 109 832 1
109 68 832 1
92 93 608 1
93 92 608 1
20 43 937 1
43 20 937 1
26 89 900 1
89 26 900 1
38 85 837 1
85 38 837 1
48 65 674 1
65 48 674 1
101 107 310 1
107 101 310 1
36 72 276 1
72 36 276 1
51 104 868 1
104 51 868 1
53 109 560 1
109 53 560 1
88 92 521 1
92 88 521 1
89 107 337 1
107 89 337 1
4 30 322 1
30 4 322 1
11 44 1105 1
44 11 1105 1
13 76 778 1
76 13 778 1
13 78 1046 1
78 13 1046 1
15 73 336 1
73 15 336 1
55 97 173 1
97 55 173 1
69 91 1081 1
91 69 1081 1
71 114 814 1
114 71 814 1
11 90 1290 1
90 11 1290 1
15 52 1350 1
52 15 1350 1
18 83 953 1
83 18 953 1
40 81 874 1
81 40 874 1
44 106 847 1
106 44 847 1
50 76 672 1
76 50 672 1
76 96 361 1
96 76 361 1
4 55 1003 1
55 4 1003 1
11 78 988 1
78 11 988 1
20 22 544 1
22 20 544 1
37 40 562 1
40 37 562 1
43 70 885 1
70 43 885 1
47 112 265 1
112 47 265 1
61 66 546 1
66 61 546 1
69 103 1214 1
103 69 1214 1
81 84 1146 1
84 81 1146 1
11 45 1014 1
45 11 1014 1
13 75 440 1
75 13 440 1
30 74 403 1
74 30 403 1
53 98 671 1
98 53 671 1
113 114 95 1
114 113 95 1
5 92 1324 1
92 5 1324 1
26 32 791 1
32 26 791 1
32 59 581 1
59 32 581 1
33 47 731 1
47 33 731 1
46 115 378 1
115 46 378 1
100 104 240 1
104 100 240 1
7 33 515 1
33 7 515 1
9 40 778 1
40 9 778 1
10 85 1188 1
85 10 1188 1
11 112 1101 1
112 11 1101 1
15 112 1123 1
112 15 1123 1
16 83 1029 1
83 16 1029 1
17 36 828 1
36 17 828 1
27 38 594 1
38 27 594 1
39 57 754 1
57 39 754 1
42 70 898 1
70 42 898 1
52 105 664 1
105 52 664 1
56 103 1239 1
103 56 1239 1
67 93 875 1
93 67 875 1
89 110 588 1
110 89 588 1
3 79 634 1
79 3 634 1
15 21 348 1
21 15 348 1
19 37 776 1
37 19 776 1
23 70 494 1
70 23 494 1
40 54 405 1
54 40 405 1
56 73 886 1
73 56 886 1
63 79 303 1
79 63 303 1
67 113 787 1
113 67 787 1
2 8 554 1
8 2 554 1
14 18 837 1
18 14 837 1
18 86 1008 1
86 18 1008 1
24 42 1334 1
42 24 1334 1
33 35 375 1
35 33 375 1
39 74 501 1
74 39 501 1
57 100 1273 1
100 57 1273 1
101 115 407 1
115 101 407 1
113 115 188 1
115 113 188 1
1 89 788 1
89 1 788 1
1 100 1327 1
100 1 1327 1
27 64 1222 1
64 27 1222 1
40 68 919 1
68 40 919 1
41 112 775 1
112 41 775 1
45 90 767 1
90 45 767 1
76 115 499 1
115 76 499 1
8 41 768 1
41 8 768 1
10 34 709 1
34 10 709 1
12 75 743 1
75 12 743 1
27 87 439 1
87 27 439 1
30 33 526 1
33 30 526 1
75 109 462 1
109 75 462 1
6 14 476 1
14 6 476 1
22 35 922 1
35 22 922 1
26 87 560 1
87 26 560 1
30 77 559 1
77 30 559 1
30 82 534 1
82 30 534 1
35 109 338 1
109 35 338 1
45 97 591 1
97 45 591 1
46 94 338 1
94 46 338 1
54 104 337 1
104 54 337 1
23 73 568 1
73 23 568 1
29 33 510 1
33 29 510 1
57 60 868 1
60 57 868 1
85 112 702 1
112 85 702 1
2 89 1170 1
89 2 1170 1
13 52 1405 1
52 13 1405 1
17 52 1166 1
52 17 1166 1
18 108 925 1
108 18 925 1
44 104 796 1
104 44 796 1
45 105 804 1
105 45 804 1
46 109 326 1
109 46 326 1
52 54 402 1
54 52 402 1
60 89 1195 1
89 60 1195 1
67 85 682 1
85 67 682 1
0 95 915 1
95 0 915 1
4 6 536 1
6 4 536 1
20 34 683 1
34 20 683 1
27 110 890 1
110 27 890 1
29 62 1067 1
62 29 1067 1
38 73 580 1
73 38 580 1
39 103 503 1
103 39 503 1
53 105 581 1
105 53 581 1
59 67 245 1
67 59 245 1
8 82 379 1
82 8 379 1
9 25 252 1
25 9 252 1
16 36 349 1
36 16 349 1
19 82 964 1
82 19 964 1
39 41 161 1
41 39 161 1
64 67 549 1
67 64 549 1
22 24 386 1
24 22 386 1
24 105 1115 1
105 24 1115 1
39 59 935 1
59 39 935 1
44 59 517 1
59 44 517 1
50 105 813 1
105 50 813 1
91 113 366 1
113 91 366 1
15 33 738 1
33 15 738 1
27 67 1105 1
67 27 1105 1
34 70 564 1
70 34 564 1
42 94 484 1
94 42 484 1
62 101 1225 1
101 62 1225 1
63 83 697 1
83 63 697 1
69 81 801 1
81 69 801 1
83 108 716 1
108 83 716 1
5 87 460 1
87 5 460 1
5 112 1217 1
112 5 1217 1
12 38 624 1
38 12 624 1
21 83 382 1
83 21 382 1
24 85 1108 1
85 24 1108 1
46 85 782 1
85 46 782 1
51 58 753 1
58 51 753 1
7 71 395 1
71 7 395 1
11 115 948 1
115 11 948 1
27 50 1279 1
50 27 1279 1
46 90 324 1
90 46 324 1
52 109 539 1
109 52 539 1
56 83 1181 1
83 56 1181 1
57 113 1031 1
113 57 1031 1
90 104 351 1
104 90 351 1
0 74 551 1
74 0 551 1
14 86 272 1
86 14 272 1
23 35 930 1
35 23 930 1
29 80 961 1
80 29 961 1
30 86 614 1
86 30 614 1
32 79 600 1
79 32 600 1
36 37 542 1
37 36 542 1
58 104 1061 1
104 58 1061 1
60 106 915 1
106 60 915 1
81 85 175 1
85 81 175 1
81 95 542 1
95 81 542 1
102 113 317 1
113 102 317 1
2 93 1417 1
93 2 1417 1
7 29 417 1
29 7 417 1
12 84 664 1
84 12 664 1
19 81 772 1
81 19 772 1
67 114 792 1
114 67 792 1
76 103 780 1
103 76 780 1
80 112 813 1
112 80 813 1
107 115 298 1
115 107 298 1
5 54 1015 1
54 5 1015 1
11 47 921 1
47 11 921 1
14 40 342 1
40 14 342 1
24 114 1125 1
114 24 1125 1
38 75 499 1
75 38 499 1
46 114 362 1
114 46 362 1
61 103 1017 1
103 61 1017 1
67 97 637 1
97 67 637 1
84 86 610 1
86 84 610 1
1 104 1183 1
104 1 1183 1
33 77 332 1
77 33 332 1
43 66 481 1
66 43 481 1
44 100 799 1
100 44 799 1
46 49 541 1
49 46 541 1
3 10 768 1
10 3 768 1
16 52 739 1
52 16 739 1
20 47 858 1
47 20 858 1
36 74 242 1
74 36 242 1
50 110 492 1
110 50 492 1
52 80 618 1
80 52 618 1
67 96 668 1
96 67 668 1
70 98 776 1
98 70 776 1
6 89 1224 1
89 6 1224 1
22 89 1126 1
89 22 1126 1
37 80 842 1
80 37 842 1
54 83 966 1
83 54 966 1
55 86 895 1
86 55 895 1
65 85 476 1
85 65 476 1
11 92 1324 1
92 11 1324 1
19 56 574 1
56 19 574 1
24 112 1273 1
112 24 1273 1
54 102 313 1
102 54 313 1
67 109 581 1
109 67 581 1
74 81 792 1
81 74 792 1
2 19 481 1
19 2 481 1
6 34 815 1
34 6 815 1
9 33 834 1
33 9 834 1
27 83 450 1
83 27 450 1
35 114 586 1
114 35 586 1
37 112 610 1
112 37 610 1
2 10 438 1
10 2 438 1
5 85 946 1
85 5 946 1
27 96 825 1
96 27 825 1
30 108 817 1
108 30 817 1
37 41 217 1
41 37 217 1
41 81 452 1
81 41 452 1
48 94 667 1
94 48 667 1
76 80 424 1
80 76 424 1
85 110 584 1
110 85 584 1
88 97 687 1
97 88 687 1
94 97 266 1
97 94 266 1
2 64 992 1
64 2 992 1
20 74 213 1
74 20 213 1
21 39 356 1
39 21 356 1
28 93 1101 1
93 28 1101 1
64 93 1076 1
93 64 1076 1
75 80 775 1
80 75 775 1
111 112 111 1
112 111 111 1
4 92 1237 1
92 4 1237 1
15 26 469 1
26 15 469 1
25 38 749 1
38 25 749 1
36 43 693 1
43 36 693 1
40 95 491 1
95 40 491 1
61 81 506 1
81 61 506 1
95 97 97 1
97 95 97 1
11 104 1111 1
104 11 1111 1
23 75 601 1
75 23 601 1
25 93 1273 1
93 25 1273 1
27 41 398 1
41 27 398 1
28 77 540 1
77 28 540 1
49 76 758 1
76 49 758 1
72 114 738 1
114 72 738 1
107 111 490 1
111 107 490 1
9 34 1087 1
34 9 1087 1
10 18 609 1
18 10 609 1
11 76 704 1
76 11 704 1
19 58 678 1
58 19 678 1
26 40 419 1
40 26 419 1
37 75 239 1
75 37 239 1
37 114 513 1
114 37 513 1
61 107 939 1
107 61 939 1
80 103 1029 1
103 80 1029 1
0 58 565 1
58 0 565 1
7 9 490 1
9 7 490 1
28 78 272 1
78 28 272 1
29 49 928 1
49 29 928 1
30 34 790 1
34 30 790 1
