116 2668
4 8 148 1
8 4 148 1
43 47 146 1
47 43 146 1
42 43 239 1
43 42 239 1
80 81 1113 1
81 80 1113 1
44 45 194 1
45 44 194 1
4 9 500 1
9 4 500 1
46 47 309 1
47 46 309 1
26 27 135 1
27 26 135 1
18 19 147 1
19 18 147 1
102 103 508 1
103 102 508 1
101 103 106 1
103 101 106 1
42 47 281 1
47 42 281 1
18 68 315 1
68 18 315 1
5 26 263 1
26 5 263 1
58 59 496 1
59 58 496 1
60 61 893 1
61 60 893 1
42 46 173 1
46 42 173 1
43 46 341 1
46 43 341 1
78 79 878 1
79 78 878 1
4 5 350 1
5 4 350 1
48 49 410 1
49 48 410 1
44 49 304 1
49 44 304 1
4 14 255 1
14 4 255 1
8 9 638 1
9 8 638 1
5 9 157 1
9 5 157 1
4 26 161 1
26 4 161 1
9 15 219 1
15 9 219 1
78 81 1002 1
81 78 1002 1
62 63 1134 1
63 62 1134 1
106 107 486 1
107 106 486 1
5 27 165 1
27 5 165 1
59 66 363 1
66 59 363 1
28 29 741 1
29 28 741 1
90 91 735 1
91 90 735 1
101 102 595 1
102 101 595 1
22 23 140 1
23 22 140 1
16 80 152 1
80 16 152 1
9 14 725 1
14 9 725 1
76 77 238 1
77 76 238 1
16 81 1063 1
81 16 1063 1
46 55 584 1
55 46 584 1
57 58 735 1
58 57 735 1
0 57 825 1
57 0 825 1
45 49 111 1
49 45 111 1
82 83 881 1
83 82 881 1
5 15 278 1
15 5 278 1
16 79 934 1
79 16 934 1
2 6 165 1
6 2 165 1
8 14 205 1
14 8 205 1
52 53 746 1
53 52 746 1
4 24 144 1
24 4 144 1
47 55 367 1
55 47 367 1
55 96 492 1
96 55 492 1
100 102 87 1
102 100 87 1
16 78 122 1
78 16 122 1
88 89 1035 1
89 88 1035 1
26 88 791 1
88 26 791 1
0 1 800 1
1 0 800 1
93 101 103 1
101 93 103 1
1 57 172 1
57 1 172 1
46 98 212 1
98 46 212 1
4 15 597 1
15 4 597 1
103 104 369 1
104 103 369 1
1 18 493 1
18 1 493 1
8 24 258 1
24 8 258 1
8 26 300 1
26 8 300 1
78 80 116 1
80 78 116 1
19 68 313 1
68 19 313 1
11 13 168 1
13 11 168 1
24 25 135 1
25 24 135 1
49 51 172 1
51 49 172 1
29 72 629 1
72 29 629 1
14 82 179 1
82 14 179 1
19 57 426 1
57 19 426 1
16 62 313 1
62 16 313 1
100 103 576 1
103 100 576 1
102 104 159 1
104 102 159 1
3 7 185 1
7 3 185 1
84 85 1130 1
85 84 1130 1
28 80 329 1
80 28 329 1
72 81 860 1
81 72 860 1
28 81 975 1
81 28 975 1
48 51 548 1
51 48 548 1
17 79 135 1
79 17 135 1
55 98 606 1
98 55 606 1
0 58 565 1
58 0 565 1
2 7 566 1
7 2 566 1
56 57 840 1
57 56 840 1
9 24 385 1
24 9 385 1
43 44 290 1
44 43 290 1
9 26 419 1
26 9 419 1
30 31 127 1
31 30 127 1
93 103 173 1
103 93 173 1
82 88 444 1
88 82 444 1
15 83 194 1
83 15 194 1
5 83 447 1
83 5 447 1
100 101 656 1
101 100 656 1
4 83 726 1
83 4 726 1
14 83 858 1
83 14 858 1
0 18 364 1
18 0 364 1
14 15 772 1
15 14 772 1
38 39 465 1
39 38 465 1
57 59 382 1
59 57 382 1
18 57 564 1
57 18 564 1
47 98 442 1
98 47 442 1
91 98 616 1
98 91 616 1
0 19 488 1
19 0 488 1
28 72 116 1
72 28 116 1
42 44 208 1
44 42 208 1
14 26 321 1
26 14 321 1
103 105 173 1
105 103 173 1
42 51 463 1
51 42 463 1
90 98 163 1
98 90 163 1
47 91 332 1
91 47 332 1
58 61 717 1
61 58 717 1
79 81 136 1
81 79 136 1
5 8 493 1
8 5 493 1
14 24 389 1
24 14 389 1
20 21 185 1
21 20 185 1
29 81 342 1
81 29 342 1
79 80 991 1
80 79 991 1
16 28 220 1
28 16 220 1
63 81 293 1
81 63 293 1
1 19 351 1
19 1 351 1
43 111 293 1
111 43 293 1
39 94 407 1
94 39 407 1
93 100 653 1
100 93 653 1
5 14 572 1
14 5 572 1
3 18 417 1
18 3 417 1
14 88 613 1
88 14 613 1
26 89 900 1
89 26 900 1
47 111 188 1
111 47 188 1
17 62 1129 1
62 17 1129 1
42 49 396 1
49 42 396 1
2 3 405 1
3 2 405 1
72 78 300 1
78 72 300 1
47 51 339 1
51 47 339 1
43 51 245 1
51 43 245 1
54 96 167 1
96 54 167 1
28 62 527 1
62 28 527 1
101 104 464 1
104 101 464 1
1 68 549 1
68 1 549 1
36 37 542 1
37 36 542 1
5 82 673 1
82 5 673 1
26 82 411 1
82 26 411 1
93 102 600 1
102 93 600 1
16 17 998 1
17 16 998 1
32 33 149 1
33 32 149 1
57 68 520 1
68 57 520 1
9 83 411 1
83 9 411 1
42 55 629 1
55 42 629 1
54 88 224 1
88 54 224 1
114 115 96 1
115 114 96 1
16 63 1092 1
63 16 1092 1
21 23 542 1
23 21 542 1
43 55 485 1
55 43 485 1
104 105 204 1
105 104 204 1
19 69 323 1
69 19 323 1
95 109 146 1
109 95 146 1
6 7 710 1
7 6 710 1
15 26 469 1
26 15 469 1
5 88 1026 1
88 5 1026 1
61 63 238 1
63 61 238 1
1 58 829 1
58 1 829 1
27 88 863 1
88 27 863 1
62 81 1169 1
81 62 1169 1
63 80 1146 1
80 63 1146 1
28 79 847 1
79 28 847 1
46 91 577 1
91 46 577 1
4 27 279 1
27 4 279 1
29 80 961 1
80 29 961 1
43 49 240 1
49 43 240 1
62 80 268 1
80 62 268 1
98 111 265 1
111 98 265 1
53 91 265 1
91 53 265 1
46 53 547 1
53 46 547 1
93 107 357 1
107 93 357 1
4 88 829 1
88 4 829 1
51 53 271 1
53 51 271 1
58 66 198 1
66 58 198 1
16 72 287 1
72 16 287 1
62 79 1049 1
79 62 1049 1
101 105 274 1
105 101 274 1
54 55 651 1
55 54 651 1
37 40 562 1
40 37 562 1
60 63 1021 1
63 60 1021 1
10 12 181 1
12 10 181 1
103 107 239 1
107 103 239 1
113 114 95 1
114 113 95 1
38 94 246 1
94 38 246 1
3 19 382 1
19 3 382 1
56 60 232 1
60 56 232 1
0 56 174 1
56 0 174 1
5 24 252 1
24 5 252 1
8 15 741 1
15 8 741 1
42 91 584 1
91 42 584 1
3 68 689 1
68 3 689 1
28 78 272 1
78 28 272 1
44 47 404 1
47 44 404 1
74 75 389 1
75 74 389 1
80 85 1121 1
85 80 1121 1
44 111 448 1
111 44 448 1
0 59 847 1
59 0 847 1
39 96 494 1
96 39 494 1
97 115 218 1
115 97 218 1
43 98 522 1
98 43 522 1
48 50 202 1
50 48 202 1
11 12 972 1
12 11 972 1
98 99 479 1
99 98 479 1
99 115 285 1
115 99 285 1
73 77 274 1
77 73 274 1
44 48 114 1
48 44 114 1
58 60 266 1
60 58 266 1
4 82 403 1
82 4 403 1
17 28 894 1
28 17 894 1
33 64 737 1
64 33 737 1
56 58 427 1
58 56 427 1
66 67 177 1
67 66 177 1
102 105 355 1
105 102 355 1
21 31 344 1
31 21 344 1
36 40 213 1
40 36 213 1
46 96 270 1
96 46 270 1
43 91 448 1
91 43 448 1
5 25 129 1
25 5 129 1
29 78 851 1
78 29 851 1
29 79 257 1
79 29 257 1
51 91 505 1
91 51 505 1
1 59 541 1
59 1 541 1
17 78 955 1
78 17 955 1
2 18 379 1
18 2 379 1
43 45 199 1
45 43 199 1
47 96 412 1
96 47 412 1
62 78 287 1
78 62 287 1
82 89 1043 1
89 82 1043 1
42 111 258 1
111 42 258 1
46 51 585 1
51 46 585 1
46 111 189 1
111 46 189 1
91 112 368 1
112 91 368 1
54 89 853 1
89 54 853 1
10 33 638 1
33 10 638 1
44 51 440 1
51 44 440 1
1 2 743 1
2 1 743 1
0 68 414 1
68 0 414 1
15 82 832 1
82 15 832 1
50 51 698 1
51 50 698 1
0 6 417 1
6 0 417 1
80 84 162 1
84 80 162 1
72 80 384 1
80 72 384 1
36 76 232 1
76 36 232 1
56 61 920 1
61 56 920 1
91 99 166 1
99 91 166 1
94 97 266 1
97 94 266 1
23 31 199 1
31 23 199 1
63 78 1033 1
78 63 1033 1
57 69 378 1
69 57 378 1
62 72 566 1
72 62 566 1
99 113 264 1
113 99 264 1
8 83 868 1
83 8 868 1
34 35 126 1
35 34 126 1
99 114 265 1
114 99 265 1
59 68 484 1
68 59 484 1
96 98 184 1
98 96 184 1
5 89 870 1
89 5 870 1
20 31 387 1
31 20 387 1
16 29 882 1
29 16 882 1
47 112 265 1
112 47 265 1
19 115 1045 1
115 19 1045 1
17 63 324 1
63 17 324 1
42 98 381 1
98 42 381 1
55 91 297 1
91 55 297 1
59 102 1214 1
102 59 1214 1
106 114 322 1
114 106 322 1
14 89 1093 1
89 14 1093 1
37 38 515 1
38 37 515 1
47 53 268 1
53 47 268 1
100 104 240 1
104 100 240 1
68 90 1109 1
90 68 1109 1
73 75 84 1
75 73 84 1
81 84 1146 1
84 81 1146 1
24 26 201 1
26 24 201 1
25 110 1042 1
110 25 1042 1
47 87 906 1
87 47 906 1
3 23 271 1
23 3 271 1
23 27 506 1
27 23 506 1
101 107 310 1
107 101 310 1
10 64 755 1
64 10 755 1
17 29 223 1
29 17 223 1
31 33 517 1
33 31 517 1
90 99 615 1
99 90 615 1
13 65 935 1
65 13 935 1
54 87 939 1
87 54 939 1
2 69 758 1
69 2 758 1
63 79 303 1
79 63 303 1
39 89 325 1
89 39 325 1
100 105 430 1
105 100 430 1
93 104 478 1
104 93 478 1
29 62 1067 1
62 29 1067 1
53 90 787 1
90 53 787 1
75 76 374 1
76 75 374 1
26 83 578 1
83 26 578 1
72 79 733 1
79 72 733 1
10 60 650 1
60 10 650 1
8 27 425 1
27 8 425 1
109 113 333 1
113 109 333 1
89 113 633 1
113 89 633 1
59 61 271 1
61 59 271 1
75 77 210 1
77 75 210 1
93 105 305 1
105 93 305 1
36 75 517 1
75 36 517 1
92 93 608 1
93 92 608 1
18 113 1181 1
113 18 1181 1
2 19 481 1
19 2 481 1
19 82 964 1
82 19 964 1
25 27 193 1
27 25 193 1
47 90 580 1
90 47 580 1
87 91 820 1
91 87 820 1
55 87 559 1
87 55 559 1
9 27 309 1
27 9 309 1
50 84 554 1
84 50 554 1
0 61 943 1
61 0 943 1
15 89 653 1
89 15 653 1
45 111 467 1
111 45 467 1
6 60 799 1
60 6 799 1
12 13 959 1
13 12 959 1
4 89 1056 1
89 4 1056 1
40 81 874 1
81 40 874 1
8 89 1179 1
89 8 1179 1
46 90 324 1
90 46 324 1
81 85 175 1
85 81 175 1
12 73 783 1
73 12 783 1
73 78 740 1
78 73 740 1
36 41 570 1
41 36 570 1
57 61 216 1
61 57 216 1
105 107 233 1
107 105 233 1
63 76 747 1
76 63 747 1
28 63 1049 1
63 28 1049 1
7 92 1445 1
92 7 1445 1
27 82 524 1
82 27 524 1
58 102 1067 1
102 58 1067 1
27 35 871 1
35 27 871 1
58 69 426 1
69 58 426 1
31 64 1128 1
64 31 1128 1
45 48 304 1
48 45 304 1
0 2 460 1
2 0 460 1
19 58 678 1
58 19 678 1
87 98 1003 1
98 87 1003 1
25 73 516 1
73 25 516 1
63 72 944 1
72 63 944 1
82 90 824 1
90 82 824 1
46 52 244 1
52 46 244 1
46 87 1047 1
87 46 1047 1
97 99 180 1
99 97 180 1
107 113 400 1
113 107 400 1
9 88 1163 1
88 9 1163 1
47 49 380 1
49 47 380 1
27 89 807 1
89 27 807 1
40 80 433 1
80 40 433 1
43 112 376 1
112 43 376 1
46 112 262 1
112 46 262 1
15 24 514 1
24 15 514 1
18 82 891 1
82 18 891 1
0 60 405 1
60 0 405 1
25 35 978 1
35 25 978 1
42 53 475 1
53 42 475 1
110 111 172 1
111 110 172 1
29 63 531 1
63 29 531 1
37 81 336 1
81 37 336 1
30 33 526 1
33 30 526 1
69 93 1169 1
93 69 1169 1
98 112 277 1
112 98 277 1
17 72 781 1
72 17 781 1
61 62 1047 1
62 61 1047 1
56 63 1014 1
63 56 1014 1
73 76 450 1
76 73 450 1
18 69 392 1
69 18 392 1
60 62 241 1
62 60 241 1
70 73 402 1
73 70 402 1
23 88 1119 1
88 23 1119 1
66 102 974 1
102 66 974 1
102 107 560 1
107 102 560 1
34 84 580 1
84 34 580 1
88 113 635 1
113 88 635 1
54 82 561 1
82 54 561 1
74 76 203 1
76 74 203 1
1 3 446 1
3 1 446 1
37 85 343 1
85 37 343 1
51 55 568 1
55 51 568 1
8 88 819 1
88 8 819 1
38 55 598 1
55 38 598 1
43 87 1011 1
87 43 1011 1
56 99 1051 1
99 56 1051 1
70 71 263 1
71 70 263 1
6 69 829 1
69 6 829 1
97 113 312 1
113 97 312 1
36 83 816 1
83 36 816 1
51 98 763 1
98 51 763 1
83 90 1178 1
90 83 1178 1
90 109 492 1
109 90 492 1
67 103 944 1
103 67 944 1
0 115 997 1
115 0 997 1
14 27 449 1
27 14 449 1
17 81 182 1
81 17 182 1
42 45 300 1
45 42 300 1
94 96 89 1
96 94 89 1
96 110 214 1
110 96 214 1
53 98 671 1
98 53 671 1
42 48 243 1
48 42 243 1
9 25 252 1
25 9 252 1
49 50 585 1
50 49 585 1
2 68 671 1
68 2 671 1
9 89 869 1
89 9 869 1
57 113 1031 1
113 57 1031 1
72 73 517 1
73 72 517 1
24 86 569 1
86 24 569 1
33 67 474 1
67 33 474 1
33 93 1027 1
93 33 1027 1
106 113 395 1
113 106 395 1
3 6 559 1
6 3 559 1
19 113 1158 1
113 19 1158 1
25 84 1066 1
84 25 1066 1
24 27 252 1
27 24 252 1
58 99 956 1
99 58 956 1
97 109 174 1
109 97 174 1
7 69 790 1
69 7 790 1
26 96 811 1
96 26 811 1
53 87 998 1
87 53 998 1
62 73 961 1
73 62 961 1
66 68 378 1
68 66 378 1
83 89 464 1
89 83 464 1
88 96 385 1
96 88 385 1
3 69 687 1
69 3 687 1
12 60 825 1
60 12 825 1
69 102 1226 1
102 69 1226 1
92 106 400 1
106 92 400 1
15 88 1097 1
88 15 1097 1
37 41 217 1
41 37 217 1
39 54 618 1
54 39 618 1
39 55 254 1
55 39 254 1
58 115 947 1
115 58 947 1
19 59 618 1
59 19 618 1
99 109 321 1
109 99 321 1
25 85 1018 1
85 25 1018 1
95 108 123 1
108 95 123 1
45 51 254 1
51 45 254 1
57 115 958 1
115 57 958 1
3 22 347 1
22 3 347 1
1 61 385 1
61 1 385 1
23 87 803 1
87 23 803 1
37 55 221 1
55 37 221 1
55 94 428 1
94 55 428 1
69 103 1214 1
103 69 1214 1
57 66 576 1
66 57 576 1
73 81 406 1
81 73 406 1
31 71 265 1
71 31 265 1
83 88 1071 1
88 83 1071 1
36 68 821 1
68 36 821 1
43 90 649 1
90 43 649 1
82 113 905 1
113 82 905 1
113 115 188 1
115 113 188 1
9 82 826 1
82 9 826 1
18 90 1192 1
90 18 1192 1
24 110 1066 1
110 24 1066 1
36 38 122 1
38 36 122 1
89 96 700 1
96 89 700 1
11 64 1218 1
64 11 1218 1
23 86 866 1
86 23 866 1
49 71 957 1
71 49 957 1
87 90 1142 1
90 87 1142 1
64 67 549 1
67 64 549 1
69 113 1075 1
113 69 1075 1
88 92 521 1
92 88 521 1
23 26 522 1
26 23 522 1
64 71 973 1
71 64 973 1
0 52 934 1
52 0 934 1
18 58 669 1
58 18 669 1
30 74 403 1
74 30 403 1
58 104 1061 1
104 58 1061 1
2 22 228 1
22 2 228 1
20 41 386 1
41 20 386 1
54 98 204 1
98 54 204 1
96 112 337 1
112 96 337 1
1 6 868 1
6 1 868 1
40 84 485 1
84 40 485 1
56 59 788 1
59 56 788 1
73 79 296 1
79 73 296 1
7 67 937 1
67 7 937 1
18 59 713 1
59 18 713 1
25 40 618 1
40 25 618 1
68 113 1115 1
113 68 1115 1
97 104 399 1
104 97 399 1
37 87 433 1
87 37 433 1
51 90 888 1
90 51 888 1
82 87 849 1
87 82 849 1
24 73 599 1
73 24 599 1
44 50 287 1
50 44 287 1
6 58 957 1
58 6 957 1
29 44 1005 1
44 29 1005 1
37 80 842 1
80 37 842 1
42 90 472 1
90 42 472 1
0 69 556 1
69 0 556 1
49 111 530 1
111 49 530 1
69 107 1110 1
107 69 1110 1
40 63 1007 1
63 40 1007 1
69 89 1015 1
89 69 1015 1
37 39 117 1
39 37 117 1
39 88 762 1
88 39 762 1
44 46 353 1
46 44 353 1
44 71 961 1
71 44 961 1
66 103 1026 1
103 66 1026 1
70 86 500 1
86 70 500 1
18 115 1061 1
115 18 1061 1
72 76 257 1
76 72 257 1
83 109 722 1
109 83 722 1
7 21 555 1
21 7 555 1
28 84 456 1
84 28 456 1
37 84 862 1
84 37 862 1
54 86 568 1
86 54 568 1
23 35 930 1
35 23 930 1
54 94 226 1
94 54 226 1
13 45 1163 1
45 13 1163 1
56 113 1026 1
113 56 1026 1
41 74 484 1
74 41 484 1
1 113 1104 1
113 1 1104 1
55 111 434 1
111 55 434 1
6 56 576 1
56 6 576 1
92 113 313 1
113 92 313 1
8 82 379 1
82 8 379 1
15 27 336 1
27 15 336 1
18 88 1010 1
88 18 1010 1
20 39 459 1
39 20 459 1
61 65 175 1
65 61 175 1
50 64 302 1
64 50 302 1
57 97 767 1
97 57 767 1
59 115 981 1
115 59 981 1
69 101 1234 1
101 69 1234 1
13 72 796 1
72 13 796 1
24 88 947 1
88 24 947 1
26 39 604 1
39 26 604 1
47 110 210 1
110 47 210 1
69 88 1077 1
88 69 1077 1
87 110 837 1
110 87 837 1
42 112 333 1
112 42 333 1
67 92 922 1
92 67 922 1
3 89 961 1
89 3 961 1
39 41 161 1
41 39 161 1
51 111 516 1
111 51 516 1
90 112 377 1
112 90 377 1
90 113 376 1
113 90 376 1
0 3 712 1
3 0 712 1
27 110 890 1
110 27 890 1
55 99 216 1
99 55 216 1
99 112 272 1
112 99 272 1
9 13 376 1
13 9 376 1
29 73 113 1
73 29 113 1
67 93 875 1
93 67 875 1
13 24 641 1
24 13 641 1
39 113 565 1
113 39 565 1
42 87 1132 1
87 42 1132 1
57 99 846 1
99 57 846 1
67 102 981 1
102 67 981 1
15 25 386 1
25 15 386 1
22 27 524 1
27 22 524 1
58 68 392 1
68 58 392 1
62 66 562 1
66 62 562 1
86 87 805 1
87 86 805 1
10 31 619 1
31 10 619 1
12 15 906 1
15 12 906 1
14 54 716 1
54 14 716 1
16 73 769 1
73 16 769 1
36 57 914 1
57 36 914 1
43 96 503 1
96 43 503 1
45 47 345 1
47 45 345 1
53 55 448 1
55 53 448 1
6 93 1425 1
93 6 1425 1
13 73 358 1
73 13 358 1
17 103 859 1
103 17 859 1
19 90 1212 1
90 19 1212 1
21 22 558 1
22 21 558 1
64 86 1029 1
86 64 1029 1
11 73 310 1
73 11 310 1
24 40 584 1
40 24 584 1
10 11 986 1
11 10 986 1
22 86 800 1
86 22 800 1
67 101 953 1
101 67 953 1
88 94 422 1
94 88 422 1
7 23 337 1
23 7 337 1
18 36 784 1
36 18 784 1
25 96 984 1
96 25 984 1
87 96 843 1
96 87 843 1
11 71 374 1
71 11 374 1
34 67 275 1
67 34 275 1
45 71 933 1
71 45 933 1
69 104 1167 1
104 69 1167 1
3 21 582 1
21 3 582 1
12 72 358 1
72 12 358 1
16 85 1095 1
85 16 1095 1
29 111 842 1
111 29 842 1
34 85 678 1
85 34 678 1
58 113 963 1
113 58 963 1
66 101 1048 1
101 66 1048 1
90 115 420 1
115 90 420 1
92 100 157 1
100 92 157 1
0 113 1107 1
113 0 1107 1
3 113 1250 1
113 3 1250 1
37 98 666 1
98 37 666 1
16 84 311 1
84 16 311 1
36 82 401 1
82 36 401 1
48 71 1030 1
71 48 1030 1
52 57 1117 1
57 52 1117 1
59 69 338 1
69 59 338 1
79 85 260 1
85 79 260 1
91 96 589 1
96 91 589 1
24 96 985 1
96 24 985 1
58 114 970 1
114 58 970 1
1 69 441 1
69 1 441 1
5 96 975 1
96 5 975 1
36 52 586 1
52 36 586 1
45 50 474 1
50 45 474 1
1 65 536 1
65 1 536 1
4 25 258 1
25 4 258 1
12 63 1218 1
63 12 1218 1
27 96 825 1
96 27 825 1
29 45 930 1
45 29 930 1
92 107 674 1
107 92 674 1
97 114 263 1
114 97 263 1
1 66 683 1
66 1 683 1
68 98 994 1
98 68 994 1
78 84 235 1
84 78 235 1
20 96 592 1
96 20 592 1
36 81 848 1
81 36 848 1
1 7 452 1
7 1 452 1
74 77 362 1
77 74 362 1
88 97 687 1
97 88 687 1
31 74 479 1
74 31 479 1
38 96 284 1
96 38 284 1
54 99 587 1
99 54 587 1
7 93 1261 1
93 7 1261 1
43 53 293 1
53 43 293 1
58 103 1188 1
103 58 1188 1
64 65 897 1
65 64 897 1
68 115 1040 1
115 68 1040 1
52 68 984 1
68 52 984 1
25 26 225 1
26 25 225 1
32 102 997 1
102 32 997 1
83 99 770 1
99 83 770 1
100 107 640 1
107 100 640 1
17 32 646 1
32 17 646 1
24 83 669 1
83 24 669 1
80 111 747 1
111 80 747 1
19 88 1069 1
88 19 1069 1
21 35 666 1
35 21 666 1
32 104 940 1
104 32 940 1
12 28 275 1
28 12 275 1
18 112 1158 1
112 18 1158 1
12 70 392 1
70 12 392 1
38 74 265 1
74 38 265 1
68 91 1170 1
91 68 1170 1
5 110 1022 1
110 5 1022 1
83 113 937 1
113 83 937 1
11 25 626 1
25 11 626 1
17 80 1070 1
80 17 1070 1
18 89 1085 1
89 18 1085 1
27 83 450 1
83 27 450 1
6 19 593 1
19 6 593 1
7 33 515 1
33 7 515 1
67 107 894 1
107 67 894 1
69 92 1197 1
92 69 1197 1
83 97 654 1
97 83 654 1
5 92 1324 1
92 5 1324 1
18 52 1125 1
52 18 1125 1
109 115 211 1
115 109 211 1
15 75 396 1
75 15 396 1
19 97 912 1
97 19 912 1
56 97 920 1
97 56 920 1
22 31 234 1
31 22 234 1
18 41 854 1
41 18 854 1
27 86 519 1
86 27 519 1
57 114 1007 1
114 57 1007 1
6 64 941 1
64 6 941 1
52 98 272 1
98 52 272 1
59 60 718 1
60 59 718 1
69 105 1158 1
105 69 1158 1
112 113 116 1
113 112 116 1
34 64 445 1
64 34 445 1
36 77 422 1
77 36 422 1
6 102 1207 1
102 6 1207 1
52 82 943 1
82 52 943 1
12 62 664 1
62 12 664 1
17 60 1082 1
60 17 1082 1
60 64 187 1
64 60 187 1
91 111 390 1
111 91 390 1
7 102 1355 1
102 7 1355 1
38 87 730 1
87 38 730 1
41 75 187 1
75 41 187 1
17 105 863 1
105 17 863 1
33 60 632 1
60 33 632 1
6 101 1437 1
101 6 1437 1
24 82 536 1
82 24 536 1
41 73 204 1
73 41 204 1
62 76 527 1
76 62 527 1
66 69 349 1
69 66 349 1
82 96 637 1
96 82 637 1
14 96 772 1
96 14 772 1
39 87 370 1
87 39 370 1
77 111 559 1
111 77 559 1
107 114 333 1
114 107 333 1
0 66 594 1
66 0 594 1
18 39 896 1
39 18 896 1
21 87 397 1
87 21 397 1
3 39 792 1
39 3 792 1
6 103 1362 1
103 6 1362 1
26 92 1145 1
92 26 1145 1
40 70 311 1
70 40 311 1
56 69 542 1
69 56 542 1
57 60 868 1
60 57 868 1
78 85 1017 1
85 78 1017 1
17 71 423 1
71 17 423 1
19 89 1004 1
89 19 1004 1
27 85 894 1
85 27 894 1
40 83 731 1
83 40 731 1
46 49 541 1
49 46 541 1
59 103 1115 1
103 59 1115 1
68 109 832 1
109 68 832 1
19 99 1048 1
99 19 1048 1
26 35 893 1
35 26 893 1
40 73 549 1
73 40 549 1
53 68 1064 1
68 53 1064 1
23 82 788 1
82 23 788 1
24 84 1013 1
84 24 1013 1
28 95 668 1
95 28 668 1
35 85 553 1
85 35 553 1
43 48 391 1
48 43 391 1
52 89 1027 1
89 52 1027 1
55 112 466 1
112 55 466 1
3 102 1340 1
102 3 1340 1
12 61 1246 1
61 12 1246 1
32 62 548 1
62 32 548 1
55 90 757 1
90 55 757 1
72 74 76 1
74 72 76 1
28 70 247 1
70 28 247 1
33 101 1066 1
101 33 1066 1
71 73 163 1
73 71 163 1
79 84 1035 1
84 79 1035 1
4 96 908 1
96 4 908 1
5 40 642 1
40 5 642 1
9 40 778 1
40 9 778 1
63 77 536 1
77 63 536 1
98 110 300 1
110 98 300 1
60 65 898 1
65 60 898 1
72 84 493 1
84 72 493 1
26 113 1029 1
113 26 1029 1
63 73 569 1
73 63 569 1
14 25 491 1
25 14 491 1
25 70 480 1
70 25 480 1
36 80 330 1
80 36 330 1
40 85 900 1
85 40 900 1
19 112 1132 1
112 19 1132 1
23 54 1116 1
54 23 1116 1
32 67 439 1
67 32 439 1
56 109 765 1
109 56 765 1
61 66 546 1
66 61 546 1
12 29 886 1
29 12 886 1
20 30 328 1
30 20 328 1
32 101 1092 1
101 32 1092 1
35 110 305 1
110 35 305 1
58 97 887 1
97 58 887 1
69 97 875 1
97 69 875 1
73 74 458 1
74 73 458 1
90 108 470 1
108 90 470 1
20 35 677 1
35 20 677 1
26 54 816 1
54 26 816 1
15 36 848 1
36 15 848 1
21 96 648 1
96 21 648 1
54 91 742 1
91 54 742 1
56 104 1033 1
104 56 1033 1
18 91 1236 1
91 18 1236 1
33 71 374 1
71 33 374 1
37 96 506 1
96 37 506 1
62 85 1177 1
85 62 1177 1
0 97 963 1
97 0 963 1
12 81 1161 1
81 12 1161 1
17 33 512 1
33 17 512 1
22 35 922 1
35 22 922 1
38 54 263 1
54 38 263 1
11 70 629 1
70 11 629 1
46 110 220 1
110 46 220 1
57 102 1241 1
102 57 1241 1
3 20 648 1
20 3 648 1
39 82 719 1
82 39 719 1
4 40 486 1
40 4 486 1
17 102 1111 1
102 17 1111 1
20 23 575 1
23 20 575 1
38 77 447 1
77 38 447 1
46 54 354 1
54 46 354 1
88 90 414 1
90 88 414 1
3 57 605 1
57 3 605 1
7 22 454 1
22 7 454 1
13 78 1046 1
78 13 1046 1
21 69 925 1
69 21 925 1
27 92 1167 1
92 27 1167 1
81 111 760 1
111 81 760 1
96 111 286 1
111 96 286 1
82 91 1133 1
91 82 1133 1
109 114 278 1
114 109 278 1
8 96 954 1
96 8 954 1
31 45 1171 1
45 31 1171 1
36 98 402 1
98 36 402 1
57 109 768 1
109 57 768 1
6 10 299 1
10 6 299 1
18 99 1100 1
99 18 1100 1
21 113 840 1
113 21 840 1
22 93 1426 1
93 22 1426 1
24 85 1108 1
85 24 1108 1
25 111 1192 1
111 25 1192 1
2 66 917 1
66 2 917 1
31 35 790 1
35 31 790 1
33 65 634 1
65 33 634 1
41 68 978 1
68 41 978 1
7 64 1244 1
64 7 1244 1
24 77 754 1
77 24 754 1
54 83 966 1
83 54 966 1
63 66 706 1
66 63 706 1
28 73 629 1
73 28 629 1
40 108 451 1
108 40 451 1
41 77 345 1
77 41 345 1
90 95 589 1
95 90 589 1
1 75 562 1
75 1 562 1
24 70 465 1
70 24 465 1
28 45 1018 1
45 28 1018 1
30 32 574 1
32 30 574 1
37 46 651 1
46 37 651 1
51 52 786 1
52 51 786 1
52 75 976 1
75 52 976 1
88 93 930 1
93 88 930 1
0 102 1108 1
102 0 1108 1
12 25 617 1
25 12 617 1
23 89 1070 1
89 23 1070 1
35 92 768 1
92 35 768 1
84 111 669 1
111 84 669 1
9 92 1428 1
92 9 1428 1
12 75 743 1
75 12 743 1
24 54 987 1
54 24 987 1
29 75 189 1
75 29 189 1
66 100 968 1
100 66 968 1
86 94 606 1
94 86 606 1
102 113 317 1
113 102 317 1
10 30 501 1
30 10 501 1
23 25 373 1
25 23 373 1
34 86 880 1
86 34 880 1
35 84 678 1
84 35 678 1
39 107 280 1
107 39 280 1
22 110 1082 1
110 22 1082 1
23 64 1238 1
64 23 1238 1
38 41 513 1
41 38 513 1
50 53 744 1
53 50 744 1
13 29 290 1
29 13 290 1
2 93 1417 1
93 2 1417 1
3 88 1145 1
88 3 1145 1
6 18 473 1
18 6 473 1
24 35 1010 1
35 24 1010 1
41 76 493 1
76 41 493 1
56 102 1030 1
102 56 1030 1
71 77 297 1
77 71 297 1
73 85 516 1
85 73 516 1
19 109 838 1
109 19 838 1
20 74 213 1
74 20 213 1
38 40 158 1
40 38 158 1
61 76 764 1
76 61 764 1
9 70 641 1
70 9 641 1
15 96 944 1
96 15 944 1
19 41 815 1
41 19 815 1
31 44 1185 1
44 31 1185 1
89 99 398 1
99 89 398 1
4 108 880 1
108 4 880 1
7 103 1229 1
103 7 1229 1
20 112 885 1
112 20 885 1
29 76 555 1
76 29 555 1
37 111 552 1
111 37 552 1
2 57 856 1
57 2 856 1
17 30 703 1
30 17 703 1
28 44 945 1
44 28 945 1
90 96 335 1
96 90 335 1
1 56 851 1
56 1 851 1
4 92 1237 1
92 4 1237 1
6 107 1177 1
107 6 1177 1
8 70 477 1
70 8 477 1
13 44 1244 1
44 13 1244 1
36 63 945 1
63 36 945 1
40 78 376 1
78 40 376 1
9 96 1076 1
96 9 1076 1
11 65 770 1
65 11 770 1
18 97 954 1
97 18 954 1
68 82 1040 1
82 68 1040 1
1 115 1005 1
115 1 1005 1
14 40 342 1
40 14 342 1
59 104 1146 1
104 59 1146 1
9 12 856 1
12 9 856 1
87 112 968 1
112 87 968 1
100 113 356 1
113 100 356 1
1 97 819 1
97 1 819 1
49 55 664 1
55 49 664 1
50 111 478 1
111 50 478 1
88 109 538 1
109 88 538 1
4 90 1167 1
90 4 1167 1
11 24 736 1
24 11 736 1
53 82 1252 1
82 53 1252 1
1 60 923 1
60 1 923 1
19 114 1115 1
114 19 1115 1
27 54 856 1
54 27 856 1
28 48 960 1
48 28 960 1
32 103 1045 1
103 32 1045 1
52 91 777 1
91 52 777 1
87 94 753 1
94 87 753 1
3 59 922 1
59 3 922 1
22 88 1044 1
88 22 1044 1
30 71 303 1
71 30 303 1
57 83 805 1
83 57 805 1
82 115 739 1
115 82 739 1
83 115 786 1
115 83 786 1
5 36 815 1
36 5 815 1
21 92 1010 1
92 21 1010 1
26 110 904 1
110 26 904 1
43 84 824 1
84 43 824 1
71 86 672 1
86 71 672 1
89 93 471 1
93 89 471 1
11 33 518 1
33 11 518 1
23 92 1466 1
92 23 1466 1
37 47 493 1
47 37 493 1
45 67 282 1
67 45 282 1
52 55 814 1
55 52 814 1
56 83 1181 1
83 56 1181 1
60 104 980 1
104 60 980 1
70 78 427 1
78 70 427 1
73 80 850 1
80 73 850 1
36 99 637 1
99 36 637 1
86 88 460 1
88 86 460 1
18 109 857 1
109 18 857 1
54 90 282 1
90 54 282 1
68 69 164 1
69 68 164 1
69 100 1235 1
100 69 1235 1
10 93 1289 1
93 10 1289 1
42 50 271 1
50 42 271 1
46 99 446 1
99 46 446 1
59 101 1108 1
101 59 1108 1
79 105 747 1
105 79 747 1
82 99 978 1
99 82 978 1
36 55 626 1
55 36 626 1
37 94 426 1
94 37 426 1
90 92 135 1
92 90 135 1
19 52 1141 1
52 19 1141 1
25 108 916 1
108 25 916 1
36 46 482 1
46 36 482 1
42 96 429 1
96 42 429 1
52 90 240 1
90 52 240 1
59 113 994 1
113 59 994 1
93 113 317 1
113 93 317 1
2 58 959 1
58 2 959 1
27 39 536 1
39 27 536 1
41 81 452 1
81 41 452 1
59 99 857 1
99 59 857 1
82 97 814 1
97 82 814 1
7 20 669 1
20 7 669 1
52 58 705 1
58 52 705 1
68 110 813 1
110 68 813 1
69 114 1057 1
114 69 1057 1
77 110 393 1
110 77 393 1
5 54 1015 1
54 5 1015 1
21 39 356 1
39 21 356 1
23 110 1096 1
110 23 1096 1
29 41 234 1
41 29 234 1
78 108 559 1
108 78 559 1
89 92 938 1
92 89 938 1
17 101 871 1
101 17 871 1
21 30 349 1
30 21 349 1
41 80 868 1
80 41 868 1
48 65 674 1
65 48 674 1
73 86 744 1
86 73 744 1
82 98 761 1
98 82 761 1
6 22 333 1
22 6 333 1
6 33 588 1
33 6 588 1
10 17 1029 1
17 10 1029 1
28 40 248 1
40 28 248 1
29 77 357 1
77 29 357 1
56 115 941 1
115 56 941 1
18 98 1066 1
98 18 1066 1
23 39 847 1
39 23 847 1
36 39 517 1
39 36 517 1
88 99 803 1
99 88 803 1
44 55 743 1
55 44 743 1
58 101 1214 1
101 58 1214 1
98 109 329 1
109 98 329 1
2 88 959 1
88 2 959 1
6 57 963 1
57 6 963 1
17 64 1130 1
64 17 1130 1
24 34 1021 1
34 24 1021 1
25 37 745 1
37 25 745 1
36 73 600 1
73 36 600 1
45 95 654 1
95 45 654 1
56 114 997 1
114 56 997 1
10 22 580 1
22 10 580 1
18 66 623 1
66 18 623 1
37 76 441 1
76 37 441 1
38 50 753 1
50 38 753 1
54 109 337 1
109 54 337 1
70 80 524 1
80 70 524 1
25 81 899 1
81 25 899 1
12 78 490 1
78 12 490 1
15 52 1350 1
52 15 1350 1
21 109 565 1
109 21 565 1
24 37 815 1
37 24 815 1
32 105 956 1
105 32 956 1
36 72 276 1
72 36 276 1
19 56 574 1
56 19 574 1
19 102 1271 1
102 19 1271 1
20 22 544 1
22 20 544 1
22 26 505 1
26 22 505 1
23 93 1407 1
93 23 1407 1
29 95 532 1
95 29 532 1
36 56 615 1
56 36 615 1
44 72 894 1
72 44 894 1
47 48 490 1
48 47 490 1
59 100 1223 1
100 59 1223 1
90 111 396 1
111 90 396 1
13 62 1248 1
62 13 1248 1
21 71 214 1
71 21 214 1
24 108 938 1
108 24 938 1
37 99 410 1
99 37 410 1
69 115 1010 1
115 69 1010 1
78 111 693 1
111 78 693 1
81 108 656 1
108 81 656 1
3 92 1420 1
92 3 1420 1
25 83 553 1
83 25 553 1
34 50 475 1
50 34 475 1
38 75 499 1
75 38 499 1
38 76 305 1
76 38 305 1
46 82 878 1
82 46 878 1
53 109 560 1
109 53 560 1
61 115 933 1
115 61 933 1
68 112 1063 1
112 68 1063 1
76 115 499 1
115 76 499 1
93 106 650 1
106 93 650 1
6 66 934 1
66 6 934 1
15 40 725 1
40 15 725 1
55 82 916 1
82 55 916 1
91 109 486 1
109 91 486 1
6 61 1132 1
61 6 1132 1
13 25 519 1
25 13 519 1
17 48 1051 1
48 17 1051 1
25 86 638 1
86 25 638 1
40 76 327 1
76 40 327 1
56 107 1138 1
107 56 1138 1
70 79 638 1
79 70 638 1
5 35 974 1
35 5 974 1
8 25 389 1
25 8 389 1
31 49 1198 1
49 31 1198 1
57 82 1164 1
82 57 1164 1
84 87 1148 1
87 84 1148 1
22 64 1169 1
64 22 1169 1
38 86 366 1
86 38 366 1
103 106 532 1
106 103 532 1
106 112 479 1
112 106 479 1
29 30 533 1
30 29 533 1
39 112 619 1
112 39 619 1
47 54 568 1
54 47 568 1
57 104 1139 1
104 57 1139 1
67 106 941 1
106 67 941 1
90 110 460 1
110 90 460 1
2 100 1297 1
100 2 1297 1
7 101 1268 1
101 7 1268 1
7 107 1014 1
107 7 1014 1
17 70 666 1
70 17 666 1
43 110 298 1
110 43 298 1
45 78 840 1
78 45 840 1
48 62 640 1
62 48 640 1
51 87 1076 1
87 51 1076 1
58 89 1156 1
89 58 1156 1
85 86 1120 1
86 85 1120 1
19 20 766 1
20 19 766 1
57 89 760 1
89 57 760 1
89 94 629 1
94 89 629 1
38 46 544 1
46 38 544 1
39 74 501 1
74 39 501 1
50 85 1013 1
85 50 1013 1
54 113 426 1
113 54 426 1
67 100 988 1
100 67 988 1
70 81 769 1
81 70 769 1
76 81 691 1
81 76 691 1
5 90 1279 1
90 5 1279 1
15 97 790 1
97 15 790 1
103 113 295 1
113 103 295 1
14 90 988 1
90 14 988 1
31 39 657 1
39 31 657 1
37 54 645 1
54 37 645 1
64 107 1075 1
107 64 1075 1
65 67 361 1
67 65 361 1
79 103 745 1
103 79 745 1
80 108 630 1
108 80 630 1
89 107 337 1
107 89 337 1
19 83 893 1
83 19 893 1
25 44 1369 1
44 25 1369 1
72 77 430 1
77 72 430 1
35 112 561 1
112 35 561 1
38 52 654 1
52 38 654 1
72 75 453 1
75 72 453 1
12 16 384 1
16 12 384 1
18 56 478 1
56 18 478 1
31 87 639 1
87 31 639 1
33 103 1025 1
103 33 1025 1
56 101 1297 1
101 56 1297 1
80 95 719 1
95 80 719 1
11 60 1139 1
60 11 1139 1
26 93 1144 1
93 26 1144 1
40 111 707 1
111 40 707 1
4 110 1015 1
110 4 1015 1
32 63 656 1
63 32 656 1
35 67 262 1
67 35 262 1
41 96 611 1
96 41 611 1
60 102 963 1
102 60 963 1
65 75 753 1
75 65 753 1
16 41 813 1
41 16 813 1
68 99 1044 1
99 68 1044 1
92 109 522 1
109 92 522 1
11 17 224 1
17 11 224 1
20 100 857 1
100 20 857 1
25 82 617 1
82 25 617 1
54 97 484 1
97 54 484 1
56 66 485 1
66 56 485 1
66 104 942 1
104 66 942 1
89 97 385 1
97 89 385 1
4 36 686 1
36 4 686 1
11 85 574 1
85 11 574 1
52 61 1057 1
61 52 1057 1
5 113 1156 1
113 5 1156 1
18 53 1191 1
53 18 1191 1
29 74 571 1
74 29 571 1
31 93 1221 1
93 31 1221 1
32 48 714 1
48 32 714 1
36 85 845 1
85 36 845 1
45 72 948 1
72 45 948 1
82 94 609 1
94 82 609 1
95 115 205 1
115 95 205 1
1 52 1206 1
52 1 1206 1
7 31 345 1
31 7 345 1
15 41 349 1
41 15 349 1
15 100 1225 1
100 15 1225 1
20 93 974 1
93 20 974 1
27 113 1016 1
113 27 1016 1
28 49 1091 1
49 28 1091 1
30 102 1111 1
102 30 1111 1
32 66 416 1
66 32 416 1
46 114 362 1
114 46 362 1
70 92 982 1
92 70 982 1
61 104 1114 1
104 61 1114 1
2 92 1350 1
92 2 1350 1
37 110 431 1
110 37 431 1
61 97 738 1
97 61 738 1
98 114 276 1
114 98 276 1
10 50 948 1
50 10 948 1
20 105 754 1
105 20 754 1
25 71 434 1
71 25 434 1
40 72 200 1
72 40 200 1
62 67 707 1
67 62 707 1
83 96 859 1
96 83 859 1
25 34 1006 1
34 25 1006 1
56 89 1199 1
89 56 1199 1
3 27 634 1
27 3 634 1
16 37 809 1
37 16 809 1
17 31 618 1
31 17 618 1
64 105 985 1
105 64 985 1
91 115 428 1
115 91 428 1
13 50 1383 1
50 13 1383 1
29 84 1027 1
84 29 1027 1
35 37 446 1
37 35 446 1
57 75 616 1
75 57 616 1
62 77 741 1
77 62 741 1
68 83 1108 1
83 68 1108 1
77 78 550 1
78 77 550 1
10 32 558 1
32 10 558 1
10 48 1025 1
48 10 1025 1
16 32 504 1
32 16 504 1
29 40 655 1
40 29 655 1
36 47 622 1
47 36 622 1
37 43 584 1
43 37 584 1
45 79 723 1
79 45 723 1
60 103 1182 1
103 60 1182 1
82 110 802 1
110 82 802 1
98 115 287 1
115 98 287 1
1 114 1067 1
114 1 1067 1
13 79 476 1
79 13 476 1
17 73 298 1
73 17 298 1
32 79 600 1
79 32 600 1
35 87 863 1
87 35 863 1
72 111 772 1
111 72 772 1
94 99 399 1
99 94 399 1
10 105 1072 1
105 10 1072 1
21 25 360 1
25 21 360 1
47 52 540 1
52 47 540 1
59 114 1002 1
114 59 1002 1
62 70 663 1
70 62 663 1
69 99 970 1
99 69 970 1
94 113 328 1
113 94 328 1
111 112 111 1
112 111 111 1
13 15 277 1
15 13 277 1
19 26 891 1
26 19 891 1
30 64 1064 1
64 30 1064 1
82 109 693 1
109 82 693 1
89 104 710 1
104 89 710 1
8 40 521 1
40 8 521 1
12 40 490 1
40 12 490 1
18 26 857 1
26 18 857 1
37 86 777 1
86 37 777 1
39 69 918 1
69 39 918 1
92 101 634 1
101 92 634 1
6 59 1126 1
59 6 1126 1
10 74 381 1
74 10 381 1
18 83 953 1
83 18 953 1
21 27 209 1
27 21 209 1
25 45 1358 1
45 25 1358 1
25 80 959 1
80 25 959 1
49 91 630 1
91 49 630 1
52 54 402 1
54 52 402 1
56 100 1019 1
100 56 1019 1
91 113 366 1
113 91 366 1
1 88 1198 1
88 1 1198 1
6 30 365 1
30 6 365 1
7 88 1209 1
88 7 1209 1
33 107 867 1
107 33 867 1
61 114 963 1
114 61 963 1
1 89 788 1
89 1 788 1
2 102 1269 1
102 2 1269 1
3 112 1257 1
112 3 1257 1
9 73 497 1
73 9 497 1
11 72 773 1
72 11 773 1
13 64 1328 1
64 13 1328 1
18 114 1134 1
114 18 1134 1
21 112 894 1
112 21 894 1
24 89 1045 1
89 24 1045 1
30 103 1152 1
103 30 1152 1
67 69 345 1
69 67 345 1
11 62 1169 1
62 11 1169 1
16 76 379 1
76 16 379 1
21 93 922 1
93 21 922 1
60 66 370 1
66 60 370 1
9 11 523 1
11 9 523 1
12 71 631 1
71 12 631 1
19 66 600 1
66 19 600 1
21 95 510 1
95 21 510 1
28 111 842 1
111 28 842 1
37 83 399 1
83 37 399 1
38 73 580 1
73 38 580 1
38 110 451 1
110 38 451 1
41 112 775 1
112 41 775 1
67 105 903 1
105 67 903 1
70 94 557 1
94 70 557 1
75 110 565 1
110 75 565 1
83 87 158 1
87 83 158 1
7 100 1408 1
100 7 1408 1
46 109 326 1
109 46 326 1
37 91 517 1
91 37 517 1
59 90 1104 1
90 59 1104 1
63 70 849 1
70 63 849 1
64 93 1076 1
93 64 1076 1
64 106 847 1
106 64 847 1
83 98 1029 1
98 83 1029 1
34 71 603 1
71 34 603 1
38 47 654 1
47 38 654 1
43 50 494 1
50 43 494 1
9 90 1391 1
90 9 1391 1
14 84 681 1
84 14 681 1
19 91 1171 1
91 19 1171 1
20 69 935 1
69 20 935 1
25 77 710 1
77 25 710 1
30 93 1229 1
93 30 1229 1
30 107 935 1
107 30 935 1
35 88 741 1
88 35 741 1
36 110 412 1
110 36 412 1
77 79 329 1
79 77 329 1
87 88 1035 1
88 87 1035 1
92 103 574 1
103 92 574 1
0 82 741 1
82 0 741 1
15 56 1170 1
56 15 1170 1
23 96 1081 1
96 23 1081 1
33 77 332 1
77 33 332 1
56 68 408 1
68 56 408 1
60 101 1230 1
101 60 1230 1
68 75 797 1
75 68 797 1
6 74 506 1
74 6 506 1
12 50 1114 1
50 12 1114 1
14 86 272 1
86 14 272 1
24 81 998 1
81 24 998 1
25 78 882 1
78 25 882 1
33 102 1043 1
102 33 1043 1
41 72 550 1
72 41 550 1
78 105 821 1
105 78 821 1
3 26 678 1
26 3 678 1
36 94 246 1
94 36 246 1
53 112 421 1
112 53 421 1
82 114 823 1
114 82 823 1
9 110 1098 1
110 9 1098 1
15 61 998 1
61 15 998 1
23 30 259 1
30 23 259 1
39 105 458 1
105 39 458 1
50 52 243 1
52 50 243 1
57 90 1197 1
90 57 1197 1
90 114 392 1
114 90 392 1
2 74 545 1
74 2 545 1
8 86 437 1
86 8 437 1
62 84 326 1
84 62 326 1
68 108 915 1
108 68 915 1
83 108 716 1
108 83 716 1
2 20 581 1
20 2 581 1
11 29 239 1
29 11 239 1
13 28 892 1
28 13 892 1
14 23 650 1
23 14 650 1
19 39 853 1
39 19 853 1
31 34 815 1
34 31 815 1
33 74 480 1
74 33 480 1
89 100 936 1
100 89 936 1
0 89 1205 1
89 0 1205 1
14 97 909 1
97 14 909 1
22 108 1017 1
108 22 1017 1
25 41 554 1
41 25 554 1
40 41 506 1
41 40 506 1
58 63 892 1
63 58 892 1
9 65 1235 1
65 9 1235 1
24 78 835 1
78 24 835 1
32 77 383 1
77 32 383 1
52 74 808 1
74 52 808 1
59 67 245 1
67 59 245 1
76 79 567 1
79 76 567 1
77 84 711 1
84 77 711 1
89 109 541 1
109 89 541 1
8 13 868 1
13 8 868 1
12 24 517 1
24 12 517 1
