116 2668
30 31 127 1
31 30 127 1
42 43 239 1
43 42 239 1
26 27 135 1
27 26 135 1
10 12 181 1
12 10 181 1
42 46 173 1
46 42 173 1
43 47 146 1
47 43 146 1
2 6 165 1
6 2 165 1
46 55 584 1
55 46 584 1
14 30 414 1
30 14 414 1
5 26 263 1
26 5 263 1
49 51 172 1
51 49 172 1
55 89 213 1
89 55 213 1
100 102 87 1
102 100 87 1
25 27 193 1
27 25 193 1
5 27 165 1
27 5 165 1
14 31 528 1
31 14 528 1
42 47 281 1
47 42 281 1
99 112 272 1
112 99 272 1
28 72 116 1
72 28 116 1
14 15 772 1
15 14 772 1
16 72 287 1
72 16 287 1
56 57 840 1
57 56 840 1
85 97 439 1
97 85 439 1
57 69 378 1
69 57 378 1
44 53 562 1
53 44 562 1
98 99 479 1
99 98 479 1
3 7 185 1
7 3 185 1
10 28 213 1
28 10 213 1
46 47 309 1
47 46 309 1
37 55 221 1
55 37 221 1
1 57 172 1
57 1 172 1
6 14 476 1
14 6 476 1
9 15 219 1
15 9 219 1
37 89 294 1
89 37 294 1
14 70 380 1
70 14 380 1
8 9 638 1
9 8 638 1
55 96 492 1
96 55 492 1
1 56 851 1
56 1 851 1
43 46 341 1
46 43 341 1
10 14 380 1
14 10 380 1
51 53 271 1
53 51 271 1
13 15 277 1
15 13 277 1
15 22 650 1
22 15 650 1
54 55 651 1
55 54 651 1
8 14 205 1
14 8 205 1
47 98 442 1
98 47 442 1
49 81 721 1
81 49 721 1
6 30 365 1
30 6 365 1
6 8 485 1
8 6 485 1
37 96 506 1
96 37 506 1
8 30 385 1
30 8 385 1
8 15 741 1
15 8 741 1
14 22 562 1
22 14 562 1
13 75 440 1
75 13 440 1
22 24 386 1
24 22 386 1
52 112 417 1
112 52 417 1
9 30 478 1
30 9 478 1
73 74 458 1
74 73 458 1
95 97 97 1
97 95 97 1
6 31 464 1
31 6 464 1
6 9 834 1
9 6 834 1
97 99 180 1
99 97 180 1
10 72 309 1
72 10 309 1
90 91 735 1
91 90 735 1
46 97 424 1
97 46 424 1
27 86 519 1
86 27 519 1
55 98 606 1
98 55 606 1
5 88 1026 1
88 5 1026 1
72 74 76 1
74 72 76 1
55 99 216 1
99 55 216 1
19 68 313 1
68 19 313 1
15 30 522 1
30 15 522 1
59 66 363 1
66 59 363 1
75 76 374 1
76 75 374 1
10 31 619 1
31 10 619 1
31 70 334 1
70 31 334 1
96 98 184 1
98 96 184 1
12 22 481 1
22 12 481 1
27 88 863 1
88 27 863 1
15 31 431 1
31 15 431 1
30 72 390 1
72 30 390 1
70 71 263 1
71 70 263 1
46 99 446 1
99 46 446 1
14 71 582 1
71 14 582 1
114 115 96 1
115 114 96 1
42 99 482 1
99 42 482 1
43 98 522 1
98 43 522 1
72 73 517 1
73 72 517 1
1 69 441 1
69 1 441 1
53 112 421 1
112 53 421 1
85 99 448 1
99 85 448 1
12 13 959 1
13 12 959 1
53 111 406 1
111 53 406 1
10 22 580 1
22 10 580 1
29 73 113 1
73 29 113 1
31 71 265 1
71 31 265 1
9 14 725 1
14 9 725 1
51 112 579 1
112 51 579 1
89 97 385 1
97 89 385 1
20 21 185 1
21 20 185 1
25 26 225 1
26 25 225 1
51 81 628 1
81 51 628 1
2 4 569 1
4 2 569 1
17 79 135 1
79 17 135 1
19 57 426 1
57 19 426 1
35 67 262 1
67 35 262 1
6 7 710 1
7 6 710 1
19 69 323 1
69 19 323 1
51 52 786 1
52 51 786 1
74 75 389 1
75 74 389 1
12 14 278 1
14 12 278 1
24 25 135 1
25 24 135 1
28 31 545 1
31 28 545 1
30 70 259 1
70 30 259 1
52 55 814 1
55 52 814 1
4 22 457 1
22 4 457 1
12 31 545 1
31 12 545 1
32 33 149 1
33 32 149 1
113 115 188 1
115 113 188 1
5 25 129 1
25 5 129 1
31 72 482 1
72 31 482 1
46 98 212 1
98 46 212 1
12 28 275 1
28 12 275 1
39 54 618 1
54 39 618 1
2 14 572 1
14 2 572 1
26 88 791 1
88 26 791 1
46 85 782 1
85 46 782 1
1 68 549 1
68 1 549 1
2 8 554 1
8 2 554 1
13 22 606 1
22 13 606 1
9 31 394 1
31 9 394 1
14 24 389 1
24 14 389 1
6 10 299 1
10 6 299 1
34 35 126 1
35 34 126 1
53 81 650 1
81 53 650 1
55 112 466 1
112 55 466 1
68 69 164 1
69 68 164 1
14 72 328 1
72 14 328 1
16 28 220 1
28 16 220 1
55 97 173 1
97 55 173 1
44 45 194 1
45 44 194 1
85 95 486 1
95 85 486 1
24 71 494 1
71 24 494 1
22 71 471 1
71 22 471 1
30 71 303 1
71 30 303 1
43 99 372 1
99 43 372 1
85 111 651 1
111 85 651 1
8 31 485 1
31 8 485 1
42 97 497 1
97 42 497 1
98 112 277 1
112 98 277 1
74 76 203 1
76 74 203 1
46 111 189 1
111 46 189 1
96 99 428 1
99 96 428 1
15 25 386 1
25 15 386 1
47 55 367 1
55 47 367 1
46 96 270 1
96 46 270 1
18 91 1236 1
91 18 1236 1
35 110 305 1
110 35 305 1
44 49 304 1
49 44 304 1
28 30 436 1
30 28 436 1
42 98 381 1
98 42 381 1
38 39 465 1
39 38 465 1
4 15 597 1
15 4 597 1
15 75 396 1
75 15 396 1
22 31 234 1
31 22 234 1
12 15 906 1
15 12 906 1
49 53 406 1
53 49 406 1
50 52 243 1
52 50 243 1
42 111 258 1
111 42 258 1
52 53 746 1
53 52 746 1
47 96 412 1
96 47 412 1
89 99 398 1
99 89 398 1
2 31 377 1
31 2 377 1
26 86 416 1
86 26 416 1
47 63 665 1
63 47 665 1
98 109 329 1
109 98 329 1
14 25 491 1
25 14 491 1
10 16 218 1
16 10 218 1
42 55 629 1
55 42 629 1
57 68 520 1
68 57 520 1
98 111 265 1
111 98 265 1
43 111 293 1
111 43 293 1
16 80 152 1
80 16 152 1
89 96 700 1
96 89 700 1
4 12 434 1
12 4 434 1
22 75 633 1
75 22 633 1
39 68 969 1
68 39 969 1
42 85 771 1
85 42 771 1
47 99 231 1
99 47 231 1
2 22 228 1
22 2 228 1
12 72 358 1
72 12 358 1
111 112 111 1
112 111 111 1
15 24 514 1
24 15 514 1
73 75 84 1
75 73 84 1
4 75 618 1
75 4 618 1
43 85 559 1
85 43 559 1
6 70 405 1
70 6 405 1
34 39 610 1
39 34 610 1
6 15 884 1
15 6 884 1
10 30 501 1
30 10 501 1
99 111 265 1
111 99 265 1
12 75 743 1
75 12 743 1
4 14 255 1
14 4 255 1
6 12 248 1
12 6 248 1
11 13 168 1
13 11 168 1
56 68 408 1
68 56 408 1
2 30 317 1
30 2 317 1
97 112 339 1
112 97 339 1
97 111 292 1
111 97 292 1
2 7 566 1
7 2 566 1
22 25 402 1
25 22 402 1
53 85 491 1
85 53 491 1
53 99 316 1
99 53 316 1
37 99 410 1
99 37 410 1
46 54 354 1
54 46 354 1
12 71 631 1
71 12 631 1
47 111 188 1
111 47 188 1
52 111 398 1
111 52 398 1
16 17 998 1
17 16 998 1
10 13 1004 1
13 10 1004 1
85 112 702 1
112 85 702 1
46 89 794 1
89 46 794 1
55 109 337 1
109 55 337 1
89 112 666 1
112 89 666 1
46 52 244 1
52 46 244 1
7 9 490 1
9 7 490 1
16 24 782 1
24 16 782 1
70 82 411 1
82 70 411 1
2 15 805 1
15 2 805 1
19 39 853 1
39 19 853 1
22 30 218 1
30 22 218 1
42 44 208 1
44 42 208 1
85 89 220 1
89 85 220 1
4 7 733 1
7 4 733 1
10 71 639 1
71 10 639 1
16 74 335 1
74 16 335 1
96 109 176 1
109 96 176 1
4 24 144 1
24 4 144 1
6 22 333 1
22 6 333 1
14 28 286 1
28 14 286 1
10 15 968 1
15 10 968 1
18 90 1192 1
90 18 1192 1
8 22 480 1
22 8 480 1
42 95 547 1
95 42 547 1
46 112 262 1
112 46 262 1
55 115 361 1
115 55 361 1
4 6 536 1
6 4 536 1
54 89 853 1
89 54 853 1
85 98 861 1
98 85 861 1
7 31 345 1
31 7 345 1
42 53 475 1
53 42 475 1
50 51 698 1
51 50 698 1
97 98 437 1
98 97 437 1
99 109 321 1
109 99 321 1
24 30 283 1
30 24 283 1
36 38 122 1
38 36 122 1
12 24 517 1
24 12 517 1
14 75 659 1
75 14 659 1
46 95 451 1
95 46 451 1
51 95 646 1
95 51 646 1
4 13 743 1
13 4 743 1
113 114 95 1
114 113 95 1
5 9 157 1
9 5 157 1
34 110 327 1
110 34 327 1
44 113 636 1
113 44 636 1
38 68 922 1
68 38 922 1
97 109 174 1
109 97 174 1
7 13 237 1
13 7 237 1
16 73 769 1
73 16 769 1
43 97 409 1
97 43 409 1
109 111 273 1
111 109 273 1
2 9 760 1
9 2 760 1
3 70 520 1
70 3 520 1
56 69 542 1
69 56 542 1
34 58 424 1
58 34 424 1
103 106 532 1
106 103 532 1
89 115 561 1
115 89 561 1
25 88 998 1
88 25 998 1
28 80 329 1
80 28 329 1
30 82 534 1
82 30 534 1
36 88 289 1
88 36 289 1
51 97 563 1
97 51 563 1
1 33 355 1
33 1 355 1
3 71 399 1
71 3 399 1
44 95 677 1
95 44 677 1
95 99 272 1
99 95 272 1
7 92 1445 1
92 7 1445 1
12 30 419 1
30 12 419 1
15 71 394 1
71 15 394 1
46 109 326 1
109 46 326 1
94 112 366 1
112 94 366 1
5 7 538 1
7 5 538 1
29 49 928 1
49 29 928 1
53 113 487 1
113 53 487 1
25 30 292 1
30 25 292 1
37 109 343 1
109 37 343 1
42 109 434 1
109 42 434 1
43 109 418 1
109 43 418 1
44 51 440 1
51 44 440 1
53 95 553 1
95 53 553 1
20 30 328 1
30 20 328 1
81 95 542 1
95 81 542 1
17 105 863 1
105 17 863 1
52 98 272 1
98 52 272 1
55 111 434 1
111 55 434 1
66 110 549 1
110 66 549 1
70 72 158 1
72 70 158 1
96 115 214 1
115 96 214 1
10 70 382 1
70 10 382 1
16 22 735 1
22 16 735 1
24 75 604 1
75 24 604 1
29 95 532 1
95 29 532 1
37 112 610 1
112 37 610 1
94 97 266 1
97 94 266 1
24 72 544 1
72 24 544 1
71 82 622 1
82 71 622 1
81 112 823 1
112 81 823 1
28 71 506 1
71 28 506 1
71 72 402 1
72 71 402 1
81 105 772 1
105 81 772 1
10 24 654 1
24 10 654 1
49 95 692 1
95 49 692 1
51 85 514 1
85 51 514 1
46 63 897 1
63 46 897 1
34 54 521 1
54 34 521 1
29 72 629 1
72 29 629 1
4 31 397 1
31 4 397 1
32 66 416 1
66 32 416 1
43 55 485 1
55 43 485 1
55 85 300 1
85 55 300 1
89 98 818 1
98 89 818 1
7 15 461 1
15 7 461 1
44 46 353 1
46 44 353 1
46 53 547 1
53 46 547 1
7 70 592 1
70 7 592 1
97 108 170 1
108 97 170 1
4 71 523 1
71 4 523 1
52 89 1027 1
89 52 1027 1
63 98 1024 1
98 63 1024 1
37 54 645 1
54 37 645 1
51 99 497 1
99 51 497 1
101 103 106 1
103 101 106 1
30 73 455 1
73 30 455 1
40 76 327 1
76 40 327 1
89 95 416 1
95 89 416 1
10 75 732 1
75 10 732 1
67 77 525 1
77 67 525 1
2 3 405 1
3 2 405 1
9 70 641 1
70 9 641 1
51 94 733 1
94 51 733 1
14 27 449 1
27 14 449 1
47 109 317 1
109 47 317 1
29 81 342 1
81 29 342 1
35 54 571 1
54 35 571 1
7 12 856 1
12 7 856 1
45 49 111 1
49 45 111 1
104 106 195 1
106 104 195 1
4 8 148 1
8 4 148 1
17 29 223 1
29 17 223 1
47 97 280 1
97 47 280 1
0 4 861 1
4 0 861 1
2 10 438 1
10 2 438 1
5 30 380 1
30 5 380 1
24 31 318 1
31 24 318 1
46 115 378 1
115 46 378 1
94 99 399 1
99 94 399 1
6 72 449 1
72 6 449 1
42 96 429 1
96 42 429 1
8 25 389 1
25 8 389 1
20 82 329 1
82 20 329 1
48 49 410 1
49 48 410 1
52 94 506 1
94 52 506 1
92 102 211 1
102 92 211 1
6 71 586 1
71 6 586 1
30 74 403 1
74 30 403 1
2 12 394 1
12 2 394 1
4 5 350 1
5 4 350 1
7 71 395 1
71 7 395 1
79 81 136 1
81 79 136 1
79 105 747 1
105 79 747 1
8 24 258 1
24 8 258 1
22 70 443 1
70 22 443 1
31 82 641 1
82 31 641 1
72 80 384 1
80 72 384 1
76 77 238 1
77 76 238 1
7 30 462 1
30 7 462 1
23 106 1155 1
106 23 1155 1
25 75 536 1
75 25 536 1
43 95 483 1
95 43 483 1
4 25 258 1
25 4 258 1
22 72 568 1
72 22 568 1
34 38 552 1
38 34 552 1
51 111 516 1
111 51 516 1
5 70 530 1
70 5 530 1
89 111 640 1
111 89 640 1
4 26 161 1
26 4 161 1
20 25 402 1
25 20 402 1
58 77 753 1
77 58 753 1
24 74 560 1
74 24 560 1
39 55 254 1
55 39 254 1
72 75 453 1
75 72 453 1
5 14 572 1
14 5 572 1
52 99 661 1
99 52 661 1
16 71 654 1
71 16 654 1
36 54 228 1
54 36 228 1
1 39 746 1
39 1 746 1
42 112 333 1
112 42 333 1
76 88 509 1
88 76 509 1
52 97 650 1
97 52 650 1
70 101 1040 1
101 70 1040 1
9 25 252 1
25 9 252 1
50 53 744 1
53 50 744 1
109 113 333 1
113 109 333 1
63 97 673 1
97 63 673 1
74 78 322 1
78 74 322 1
112 113 116 1
113 112 116 1
14 74 378 1
74 14 378 1
54 96 167 1
96 54 167 1
58 67 368 1
67 58 368 1
12 16 384 1
16 12 384 1
19 77 567 1
77 19 567 1
37 98 666 1
98 37 666 1
39 69 918 1
69 39 918 1
9 13 376 1
13 9 376 1
31 73 397 1
73 31 397 1
25 86 638 1
86 25 638 1
38 54 263 1
54 38 263 1
3 5 603 1
5 3 603 1
16 105 923 1
105 16 923 1
44 85 817 1
85 44 817 1
37 65 654 1
65 37 654 1
43 53 293 1
53 43 293 1
53 97 456 1
97 53 456 1
55 113 437 1
113 55 437 1
1 77 531 1
77 1 531 1
14 16 483 1
16 14 483 1
16 30 615 1
30 16 615 1
1 19 351 1
19 1 351 1
15 70 606 1
70 15 606 1
20 31 387 1
31 20 387 1
67 110 507 1
110 67 507 1
14 82 179 1
82 14 179 1
7 22 454 1
22 7 454 1
28 29 741 1
29 28 741 1
12 70 392 1
70 12 392 1
21 82 511 1
82 21 511 1
25 31 272 1
31 25 272 1
43 44 290 1
44 43 290 1
51 108 676 1
108 51 676 1
20 73 397 1
73 20 397 1
32 68 304 1
68 32 304 1
109 110 135 1
110 109 135 1
44 81 890 1
81 44 890 1
10 29 893 1
29 10 893 1
15 28 819 1
28 15 819 1
79 87 531 1
87 79 531 1
16 31 718 1
31 16 718 1
39 57 754 1
57 39 754 1
2 5 685 1
5 2 685 1
7 75 499 1
75 7 499 1
18 66 623 1
66 18 623 1
3 92 1420 1
92 3 1420 1
18 62 706 1
62 18 706 1
39 66 861 1
66 39 861 1
52 81 1110 1
81 52 1110 1
9 75 548 1
75 9 548 1
16 29 882 1
29 16 882 1
7 14 868 1
14 7 868 1
19 56 574 1
56 19 574 1
37 46 651 1
46 37 651 1
1 61 385 1
61 1 385 1
33 40 654 1
40 33 654 1
46 113 335 1
113 46 335 1
47 85 508 1
85 47 508 1
50 112 538 1
112 50 538 1
38 56 731 1
56 38 731 1
58 88 918 1
88 58 918 1
95 108 123 1
108 95 123 1
3 22 347 1
22 3 347 1
35 39 531 1
39 35 531 1
76 87 753 1
87 76 753 1
46 108 360 1
108 46 360 1
63 96 897 1
96 63 897 1
1 38 962 1
38 1 962 1
38 40 158 1
40 38 158 1
54 115 339 1
115 54 339 1
96 112 337 1
112 96 337 1
101 106 633 1
106 101 633 1
6 24 555 1
24 6 555 1
23 73 568 1
73 23 568 1
47 95 361 1
95 47 361 1
52 113 478 1
113 52 478 1
90 106 378 1
106 90 378 1
37 115 443 1
115 37 443 1
50 97 711 1
97 50 711 1
55 95 221 1
95 55 221 1
65 89 679 1
89 65 679 1
96 97 322 1
97 96 322 1
2 70 412 1
70 2 412 1
4 10 570 1
10 4 570 1
49 50 585 1
50 49 585 1
43 112 376 1
112 43 376 1
70 73 402 1
73 70 402 1
1 40 950 1
40 1 950 1
61 65 175 1
65 61 175 1
4 101 1261 1
101 4 1261 1
47 66 579 1
66 47 579 1
4 30 322 1
30 4 322 1
8 10 505 1
10 8 505 1
64 65 897 1
65 64 897 1
0 75 786 1
75 0 786 1
13 24 641 1
24 13 641 1
59 63 501 1
63 59 501 1
70 75 355 1
75 70 355 1
9 22 564 1
22 9 564 1
13 14 902 1
14 13 902 1
43 96 503 1
96 43 503 1
57 77 533 1
77 57 533 1
63 95 704 1
95 63 704 1
8 70 477 1
70 8 477 1
81 113 820 1
113 81 820 1
95 112 395 1
112 95 395 1
55 94 428 1
94 55 428 1
85 113 705 1
113 85 705 1
5 8 493 1
8 5 493 1
17 49 813 1
49 17 813 1
31 101 1215 1
101 31 1215 1
42 63 848 1
63 42 848 1
3 4 707 1
4 3 707 1
13 31 424 1
31 13 424 1
33 68 378 1
68 33 378 1
72 78 300 1
78 72 300 1
81 97 523 1
97 81 523 1
10 73 783 1
73 10 783 1
15 83 194 1
83 15 194 1
31 75 419 1
75 31 419 1
9 24 385 1
24 9 385 1
22 74 594 1
74 22 594 1
37 97 271 1
97 37 271 1
85 108 596 1
108 85 596 1
6 13 864 1
13 6 864 1
5 31 333 1
31 5 333 1
15 72 724 1
72 15 724 1
53 98 671 1
98 53 671 1
30 75 454 1
75 30 454 1
58 66 198 1
66 58 198 1
14 73 703 1
73 14 703 1
37 113 578 1
113 37 578 1
21 41 236 1
41 21 236 1
33 77 332 1
77 33 332 1
39 56 973 1
56 39 973 1
44 99 632 1
99 44 632 1
49 113 706 1
113 49 706 1
22 28 590 1
28 22 590 1
31 103 1151 1
103 31 1151 1
70 106 687 1
106 70 687 1
46 51 585 1
51 46 585 1
8 71 624 1
71 8 624 1
20 71 311 1
71 20 311 1
27 70 417 1
70 27 417 1
50 81 1084 1
81 50 1084 1
66 109 621 1
109 66 621 1
81 85 175 1
85 81 175 1
20 24 393 1
24 20 393 1
55 63 600 1
63 55 600 1
5 15 278 1
15 5 278 1
35 55 497 1
55 35 497 1
60 62 241 1
62 60 241 1
67 88 939 1
88 67 939 1
55 114 395 1
114 55 395 1
3 31 315 1
31 3 315 1
52 115 545 1
115 52 545 1
54 98 204 1
98 54 204 1
62 72 566 1
72 62 566 1
5 6 733 1
6 5 733 1
9 71 488 1
71 9 488 1
58 110 699 1
110 58 699 1
49 105 843 1
105 49 843 1
62 91 1158 1
91 62 1158 1
39 96 494 1
96 39 494 1
3 14 804 1
14 3 804 1
15 27 336 1
27 15 336 1
31 83 561 1
83 31 561 1
47 112 265 1
112 47 265 1
60 100 938 1
100 60 938 1
30 106 907 1
106 30 907 1
103 104 369 1
104 103 369 1
0 70 525 1
70 0 525 1
13 73 358 1
73 13 358 1
24 73 599 1
73 24 599 1
94 109 127 1
109 94 127 1
3 6 559 1
6 3 559 1
6 16 484 1
16 6 484 1
5 75 500 1
75 5 500 1
14 83 858 1
83 14 858 1
20 70 213 1
70 20 213 1
69 98 991 1
98 69 991 1
31 106 964 1
106 31 964 1
46 94 338 1
94 46 338 1
52 54 402 1
54 52 402 1
69 112 1017 1
112 69 1017 1
8 20 420 1
20 8 420 1
40 75 477 1
75 40 477 1
45 113 652 1
113 45 652 1
49 112 609 1
112 49 609 1
62 66 562 1
66 62 562 1
101 102 595 1
102 101 595 1
107 113 400 1
113 107 400 1
112 115 269 1
115 112 269 1
13 61 843 1
61 13 843 1
14 101 1221 1
101 14 1221 1
45 53 435 1
53 45 435 1
89 114 592 1
114 89 592 1
4 27 279 1
27 4 279 1
16 75 702 1
75 16 702 1
20 23 575 1
23 20 575 1
24 41 633 1
41 24 633 1
85 109 570 1
109 85 570 1
34 77 351 1
77 34 351 1
35 36 502 1
36 35 502 1
54 109 337 1
109 54 337 1
12 73 783 1
73 12 783 1
36 56 615 1
56 36 615 1
17 81 182 1
81 17 182 1
52 59 956 1
59 52 956 1
71 75 163 1
75 71 163 1
94 111 316 1
111 94 316 1
3 101 1324 1
101 3 1324 1
43 63 639 1
63 43 639 1
9 10 955 1
10 9 955 1
36 37 542 1
37 36 542 1
5 71 431 1
71 5 431 1
21 27 209 1
27 21 209 1
42 52 325 1
52 42 325 1
15 74 683 1
74 15 683 1
24 28 571 1
28 24 571 1
30 103 1152 1
103 30 1152 1
55 108 332 1
108 55 332 1
2 83 913 1
83 2 913 1
4 48 1379 1
48 4 1379 1
6 75 726 1
75 6 726 1
19 66 600 1
66 19 600 1
24 70 465 1
70 24 465 1
25 71 434 1
71 25 434 1
53 55 448 1
55 53 448 1
81 99 581 1
99 81 581 1
84 114 684 1
114 84 684 1
0 2 460 1
2 0 460 1
29 74 571 1
74 29 571 1
48 51 548 1
51 48 548 1
25 70 480 1
70 25 480 1
59 94 905 1
94 59 905 1
52 69 993 1
69 52 993 1
67 92 922 1
92 67 922 1
73 76 450 1
76 73 450 1
39 67 776 1
67 39 776 1
40 74 182 1
74 40 182 1
49 85 634 1
85 49 634 1
59 69 338 1
69 59 338 1
71 73 163 1
73 71 163 1
90 109 492 1
109 90 492 1
9 88 1163 1
88 9 1163 1
19 100 1295 1
100 19 1295 1
28 73 629 1
73 28 629 1
39 46 678 1
46 39 678 1
95 96 288 1
96 95 288 1
2 71 519 1
71 2 519 1
11 114 1023 1
114 11 1023 1
38 96 284 1
96 38 284 1
42 66 473 1
66 42 473 1
66 69 349 1
69 66 349 1
98 113 276 1
113 98 276 1
16 48 829 1
48 16 829 1
44 108 631 1
108 44 631 1
55 65 634 1
65 55 634 1
100 101 656 1
101 100 656 1
19 38 892 1
38 19 892 1
29 51 876 1
51 29 876 1
46 114 362 1
114 46 362 1
49 52 718 1
52 49 718 1
51 55 568 1
55 51 568 1
54 67 776 1
67 54 776 1
85 115 651 1
115 85 651 1
4 9 500 1
9 4 500 1
34 55 594 1
55 34 594 1
34 67 275 1
67 34 275 1
36 76 232 1
76 36 232 1
44 97 631 1
97 44 631 1
64 88 675 1
88 64 675 1
75 87 423 1
87 75 423 1
7 101 1268 1
101 7 1268 1
32 39 692 1
39 32 692 1
23 74 648 1
74 23 648 1
34 64 445 1
64 34 445 1
111 113 191 1
113 111 191 1
0 58 565 1
58 0 565 1
7 106 1176 1
106 7 1176 1
14 103 1126 1
103 14 1126 1
23 70 494 1
70 23 494 1
35 96 448 1
96 35 448 1
36 67 733 1
67 36 733 1
98 110 300 1
110 98 300 1
11 40 844 1
40 11 844 1
13 29 290 1
29 13 290 1
13 74 757 1
74 13 757 1
49 97 622 1
97 49 622 1
51 89 661 1
89 51 661 1
2 13 744 1
13 2 744 1
6 74 506 1
74 6 506 1
21 25 360 1
25 21 360 1
46 81 867 1
81 46 867 1
0 5 1018 1
5 0 1018 1
5 58 1366 1
58 5 1366 1
13 40 857 1
40 13 857 1
25 87 575 1
87 25 575 1
63 66 706 1
66 63 706 1
96 113 315 1
113 96 315 1
35 77 284 1
77 35 284 1
63 108 791 1
108 63 791 1
85 114 680 1
114 85 680 1
95 111 347 1
111 95 347 1
104 107 401 1
107 104 401 1
3 88 1145 1
88 3 1145 1
8 78 729 1
78 8 729 1
16 70 409 1
70 16 409 1
65 113 852 1
113 65 852 1
105 114 152 1
114 105 152 1
4 70 430 1
70 4 430 1
11 29 239 1
29 11 239 1
24 76 734 1
76 24 734 1
31 74 479 1
74 31 479 1
35 37 446 1
37 35 446 1
43 66 481 1
66 43 481 1
91 109 486 1
109 91 486 1
91 110 456 1
110 91 456 1
99 108 310 1
108 99 310 1
44 111 448 1
111 44 448 1
83 101 854 1
101 83 854 1
96 108 167 1
108 96 167 1
0 56 174 1
56 0 174 1
23 104 1270 1
104 23 1270 1
25 41 554 1
41 25 554 1
82 83 881 1
83 82 881 1
3 106 1162 1
106 3 1162 1
13 65 935 1
65 13 935 1
3 27 634 1
27 3 634 1
16 78 122 1
78 16 122 1
44 107 886 1
107 44 886 1
47 89 550 1
89 47 550 1
72 103 933 1
103 72 933 1
0 22 675 1
22 0 675 1
49 108 699 1
108 49 699 1
34 37 540 1
37 34 540 1
5 86 673 1
86 5 673 1
35 58 514 1
58 35 514 1
54 97 484 1
97 54 484 1
65 114 861 1
114 65 861 1
111 115 269 1
115 111 269 1
3 15 589 1
15 3 589 1
6 28 413 1
28 6 413 1
19 102 1271 1
102 19 1271 1
39 100 771 1
100 39 771 1
81 111 760 1
111 81 760 1
5 20 424 1
20 5 424 1
10 74 381 1
74 10 381 1
62 78 287 1
78 62 287 1
66 94 692 1
94 66 692 1
36 87 808 1
87 36 808 1
39 110 466 1
110 39 466 1
44 52 464 1
52 44 464 1
44 109 562 1
109 44 562 1
45 95 654 1
95 45 654 1
27 30 343 1
30 27 343 1
27 75 419 1
75 27 419 1
42 51 463 1
51 42 463 1
54 65 986 1
65 54 986 1
60 64 187 1
64 60 187 1
89 108 535 1
108 89 535 1
2 24 548 1
24 2 548 1
6 83 986 1
83 6 986 1
8 64 1208 1
64 8 1208 1
11 73 310 1
73 11 310 1
94 98 264 1
98 94 264 1
6 73 748 1
73 6 748 1
8 16 655 1
16 8 655 1
10 17 1029 1
17 10 1029 1
15 101 1024 1
101 15 1024 1
32 63 656 1
63 32 656 1
85 94 684 1
94 85 684 1
33 56 531 1
56 33 531 1
34 96 428 1
96 34 428 1
70 74 155 1
74 70 155 1
8 13 868 1
13 8 868 1
19 67 590 1
67 19 590 1
48 79 933 1
79 48 933 1
54 68 945 1
68 54 945 1
54 84 309 1
84 54 309 1
70 83 652 1
83 70 652 1
17 22 814 1
22 17 814 1
28 62 527 1
62 28 527 1
49 94 735 1
94 49 735 1
42 54 525 1
54 42 525 1
95 98 433 1
98 95 433 1
11 65 770 1
65 11 770 1
18 106 1114 1
106 18 1114 1
19 33 238 1
33 19 238 1
21 26 271 1
26 21 271 1
37 111 552 1
111 37 552 1
50 108 645 1
108 50 645 1
8 72 485 1
72 8 485 1
13 30 546 1
30 13 546 1
28 70 247 1
70 28 247 1
66 98 720 1
98 66 720 1
10 83 1031 1
83 10 1031 1
39 98 655 1
98 39 655 1
46 66 543 1
66 46 543 1
58 60 266 1
60 58 266 1
75 101 807 1
101 75 807 1
99 113 264 1
113 99 264 1
108 109 87 1
109 108 87 1
9 74 740 1
74 9 740 1
16 79 934 1
79 16 934 1
25 72 583 1
72 25 583 1
27 82 524 1
82 27 524 1
29 48 1093 1
48 29 1093 1
37 114 513 1
114 37 513 1
41 77 345 1
77 41 345 1
7 10 896 1
10 7 896 1
8 12 346 1
12 8 346 1
25 82 617 1
82 25 617 1
30 83 641 1
83 30 641 1
69 77 618 1
77 69 618 1
6 78 581 1
78 6 581 1
9 12 856 1
12 9 856 1
89 109 541 1
109 89 541 1
98 115 287 1
115 98 287 1
0 14 728 1
14 0 728 1
3 26 678 1
26 3 678 1
38 66 807 1
66 38 807 1
47 52 540 1
52 47 540 1
50 55 863 1
55 50 863 1
66 68 378 1
68 66 378 1
2 25 585 1
25 2 585 1
12 101 1369 1
101 12 1369 1
14 20 320 1
20 14 320 1
15 16 1006 1
16 15 1006 1
34 87 945 1
87 34 945 1
36 65 943 1
65 36 943 1
5 22 506 1
22 5 506 1
26 36 616 1
36 26 616 1
30 101 1224 1
101 30 1224 1
37 95 241 1
95 37 241 1
67 76 565 1
76 67 565 1
101 104 464 1
104 101 464 1
44 112 534 1
112 44 534 1
14 26 321 1
26 14 321 1
17 80 1070 1
80 17 1070 1
37 42 712 1
42 37 712 1
81 89 308 1
89 81 308 1
83 92 1187 1
92 83 1187 1
99 110 299 1
110 99 299 1
99 115 285 1
115 99 285 1
0 27 931 1
27 0 931 1
52 85 1026 1
85 52 1026 1
70 103 965 1
103 70 965 1
0 67 703 1
67 0 703 1
3 102 1340 1
102 3 1340 1
7 73 434 1
73 7 434 1
9 64 1448 1
64 9 1448 1
22 73 618 1
73 22 618 1
23 26 522 1
26 23 522 1
25 74 582 1
74 25 582 1
32 47 724 1
47 32 724 1
84 115 643 1
115 84 643 1
105 115 176 1
115 105 176 1
9 27 309 1
27 9 309 1
55 81 401 1
81 55 401 1
2 64 992 1
64 2 992 1
3 83 681 1
83 3 681 1
21 88 754 1
88 21 754 1
28 74 188 1
74 28 188 1
32 38 642 1
38 32 642 1
47 115 383 1
115 47 383 1
8 74 530 1
74 8 530 1
9 16 1038 1
16 9 1038 1
9 72 761 1
72 9 761 1
11 33 518 1
33 11 518 1
42 89 824 1
89 42 824 1
48 101 937 1
101 48 937 1
81 115 734 1
115 81 734 1
86 93 1081 1
93 86 1081 1
15 73 336 1
73 15 336 1
35 38 574 1
38 35 574 1
37 85 343 1
85 37 343 1
42 62 705 1
62 42 705 1
28 103 1019 1
103 28 1019 1
37 47 493 1
47 37 493 1
54 114 381 1
114 54 381 1
86 87 805 1
87 86 805 1
8 75 728 1
75 8 728 1
37 87 433 1
87 37 433 1
44 55 743 1
55 44 743 1
109 112 348 1
112 109 348 1
25 76 733 1
76 25 733 1
69 115 1010 1
115 69 1010 1
72 82 298 1
82 72 298 1
0 12 517 1
12 0 517 1
3 30 397 1
30 3 397 1
9 73 497 1
73 9 497 1
11 75 388 1
75 11 388 1
21 71 214 1
71 21 214 1
66 97 717 1
97 66 717 1
96 110 214 1
110 96 214 1
9 83 411 1
83 9 411 1
24 48 1432 1
48 24 1432 1
42 113 437 1
113 42 437 1
66 90 828 1
90 66 828 1
92 100 157 1
100 92 157 1
13 28 892 1
28 13 892 1
40 41 506 1
41 40 506 1
42 94 484 1
94 42 484 1
81 114 782 1
114 81 782 1
17 48 1051 1
48 17 1051 1
43 62 845 1
62 43 845 1
48 81 996 1
81 48 996 1
8 27 425 1
27 8 425 1
29 79 257 1
79 29 257 1
41 75 187 1
75 41 187 1
83 102 1059 1
102 83 1059 1
13 72 796 1
72 13 796 1
35 89 648 1
89 35 648 1
36 100 531 1
100 36 531 1
38 87 730 1
87 38 730 1
57 66 576 1
66 57 576 1
33 57 394 1
57 33 394 1
106 107 486 1
107 106 486 1
0 33 480 1
33 0 480 1
4 61 1291 1
61 4 1291 1
20 22 544 1
22 20 544 1
26 75 488 1
75 26 488 1
64 84 478 1
84 64 478 1
97 113 312 1
113 97 312 1
102 104 159 1
104 102 159 1
1 11 394 1
11 1 394 1
15 88 1097 1
88 15 1097 1
17 72 781 1
72 17 781 1
36 84 341 1
84 36 341 1
39 52 892 1
52 39 892 1
50 94 604 1
94 50 604 1
50 99 730 1
99 50 730 1
89 113 633 1
113 89 633 1
5 76 752 1
76 5 752 1
22 76 708 1
76 22 708 1
29 75 189 1
75 29 189 1
36 96 257 1
96 36 257 1
57 102 1241 1
102 57 1241 1
6 103 1362 1
103 6 1362 1
12 29 886 1
29 12 886 1
13 76 778 1
76 13 778 1
42 108 485 1
108 42 485 1
102 107 560 1
107 102 560 1
13 25 519 1
25 13 519 1
32 40 629 1
40 32 629 1
47 62 864 1
62 47 864 1
53 89 552 1
89 53 552 1
57 94 878 1
94 57 878 1
60 78 455 1
78 60 455 1
3 18 417 1
18 3 417 1
41 114 639 1
114 41 639 1
93 109 510 1
109 93 510 1
0 6 417 1
6 0 417 1
37 52 879 1
52 37 879 1
62 90 707 1
90 62 707 1
18 58 669 1
58 18 669 1
57 59 382 1
59 57 382 1
13 71 401 1
71 13 401 1
23 40 770 1
40 23 770 1
24 27 252 1
27 24 252 1
33 69 363 1
69 33 363 1
50 80 641 1
80 50 641 1
62 80 268 1
80 62 268 1
38 63 974 1
63 38 974 1
60 61 893 1
61 60 893 1
92 101 634 1
101 92 634 1
1 59 541 1
59 1 541 1
28 82 255 1
82 28 255 1
33 38 675 1
38 33 675 1
34 66 268 1
66 34 268 1
47 54 568 1
54 47 568 1
54 113 426 1
113 54 426 1
62 103 1159 1
103 62 1159 1
13 16 1048 1
16 13 1048 1
38 77 447 1
77 38 447 1
54 100 319 1
100 54 319 1
63 94 851 1
94 63 851 1
16 103 1073 1
103 16 1073 1
19 32 289 1
32 19 289 1
27 87 439 1
87 27 439 1
65 115 847 1
115 65 847 1
79 80 991 1
80 79 991 1
80 84 162 1
84 80 162 1
91 99 166 1
99 91 166 1
98 108 315 1
108 98 315 1
1 32 484 1
32 1 484 1
27 71 367 1
71 27 367 1
27 77 594 1
77 27 594 1
29 53 887 1
53 29 887 1
71 101 966 1
101 71 966 1
78 105 821 1
105 78 821 1
82 101 1107 1
101 82 1107 1
91 93 118 1
93 91 118 1
7 88 1209 1
88 7 1209 1
26 38 554 1
38 26 554 1
42 110 303 1
110 42 303 1
49 107 859 1
107 49 859 1
0 26 879 1
26 0 879 1
46 50 303 1
50 46 303 1
63 85 364 1
85 63 364 1
71 74 359 1
74 71 359 1
74 87 714 1
87 74 714 1
5 82 673 1
82 5 673 1
12 74 431 1
74 12 431 1
32 43 699 1
43 32 699 1
85 96 743 1
96 85 743 1
97 115 218 1
115 97 218 1
58 93 1138 1
93 58 1138 1
2 60 843 1
60 2 843 1
20 27 271 1
27 20 271 1
26 71 422 1
71 26 422 1
56 79 965 1
79 56 965 1
65 96 837 1
96 65 837 1
91 103 258 1
103 91 258 1
5 74 619 1
74 5 619 1
34 36 459 1
36 34 459 1
38 57 968 1
57 38 968 1
53 109 560 1
109 53 560 1
87 96 843 1
96 87 843 1
107 108 333 1
108 107 333 1
5 23 453 1
23 5 453 1
6 106 1024 1
106 6 1024 1
35 109 338 1
109 35 338 1
37 94 426 1
94 37 426 1
40 68 919 1
68 40 919 1
43 94 518 1
94 43 518 1
47 53 268 1
53 47 268 1
39 77 312 1
77 39 312 1
1 41 715 1
41 1 715 1
43 110 298 1
110 43 298 1
19 59 618 1
59 19 618 1
46 65 744 1
65 46 744 1
47 110 210 1
110 47 210 1
63 89 569 1
89 63 569 1
29 31 454 1
31 29 454 1
88 92 521 1
92 88 521 1
15 82 832 1
82 15 832 1
19 104 1200 1
104 19 1200 1
37 43 584 1
43 37 584 1
52 109 539 1
109 52 539 1
54 69 967 1
69 54 967 1
0 76 525 1
76 0 525 1
22 101 1426 1
101 22 1426 1
24 82 536 1
82 24 536 1
36 40 213 1
40 36 213 1
51 113 663 1
113 51 663 1
0 3 712 1
3 0 712 1
8 28 459 1
28 8 459 1
35 93 718 1
93 35 718 1
40 73 549 1
73 40 549 1
16 25 843 1
25 16 843 1
18 109 857 1
109 18 857 1
27 36 659 1
36 27 659 1
45 51 254 1
51 45 254 1
81 94 732 1
94 81 732 1
2 82 688 1
82 2 688 1
39 47 551 1
47 39 551 1
42 50 271 1
50 42 271 1
47 94 415 1
94 47 415 1
77 88 709 1
88 77 709 1
54 107 612 1
107 54 612 1
83 106 894 1
106 83 894 1
0 88 782 1
88 0 782 1
37 39 117 1
39 37 117 1
45 85 677 1
85 45 677 1
52 57 1117 1
57 52 1117 1
58 59 496 1
59 58 496 1
84 88 224 1
88 84 224 1
0 7 871 1
7 0 871 1
26 30 321 1
30 26 321 1
90 94 414 1
94 90 414 1
105 107 233 1
107 105 233 1
27 74 478 1
74 27 478 1
29 30 533 1
30 29 533 1
32 62 548 1
62 32 548 1
38 69 945 1
69 38 945 1
64 92 764 1
92 64 764 1
5 24 252 1
24 5 252 1
40 77 472 1
77 40 472 1
0 77 681 1
77 0 681 1
22 88 1044 1
88 22 1044 1
24 29 657 1
29 24 657 1
38 88 311 1
88 38 311 1
59 90 1104 1
90 59 1104 1
62 63 1134 1
63 62 1134 1
63 115 886 1
115 63 886 1
96 111 286 1
111 96 286 1
22 27 524 1
27 22 524 1
29 105 795 1
105 29 795 1
33 79 486 1
79 33 486 1
57 100 1273 1
100 57 1273 1
64 107 1075 1
107 64 1075 1
17 28 894 1
28 17 894 1
51 98 763 1
98 51 763 1
97 110 221 1
110 97 221 1
7 24 631 1
24 7 631 1
11 92 1324 1
92 11 1324 1
18 82 891 1
82 18 891 1
18 103 1302 1
103 18 1302 1
38 55 598 1
55 38 598 1
48 105 862 1
105 48 862 1
54 111 422 1
111 54 422 1
56 61 920 1
61 56 920 1
91 111 390 1
111 91 390 1
7 83 551 1
83 7 551 1
8 93 1382 1
93 8 1382 1
44 98 563 1
98 44 563 1
46 110 220 1
110 46 220 1
52 63 1131 1
63 52 1131 1
69 102 1226 1
102 69 1226 1
90 110 460 1
110 90 460 1
96 114 265 1
114 96 265 1
10 101 1302 1
101 10 1302 1
25 77 710 1
77 25 710 1
39 89 325 1
89 39 325 1
70 92 982 1
92 70 982 1
3 13 410 1
13 3 410 1
17 87 519 1
87 17 519 1
45 81 759 1
81 45 759 1
88 102 433 1
102 88 433 1
23 30 259 1
30 23 259 1
29 85 473 1
85 29 473 1
66 111 646 1
111 66 646 1
32 57 493 1
57 32 493 1
34 88 672 1
88 34 672 1
77 87 602 1
87 77 602 1
87 93 848 1
93 87 848 1
2 103 1363 1
103 2 1363 1
11 115 948 1
115 11 948 1
13 83 347 1
83 13 347 1
43 45 199 1
45 43 199 1
102 106 217 1
106 102 217 1
2 27 659 1
27 2 659 1
9 28 835 1
28 9 835 1
23 31 199 1
31 23 199 1
41 87 263 1
87 41 263 1
63 99 719 1
99 63 719 1
11 12 972 1
12 11 972 1
12 83 999 1
83 12 999 1
35 87 863 1
87 35 863 1
36 39 517 1
39 36 517 1
3 9 596 1
9 3 596 1
21 86 520 1
86 21 520 1
27 31 339 1
31 27 339 1
39 59 935 1
59 39 935 1
60 66 370 1
66 60 370 1
3 103 1279 1
103 3 1279 1
8 26 300 1
26 8 300 1
15 26 469 1
26 15 469 1
27 38 594 1
38 27 594 1
38 67 820 1
67 38 820 1
39 40 508 1
40 39 508 1
54 110 373 1
110 54 373 1
14 88 613 1
88 14 613 1
32 42 728 1
42 32 728 1
34 46 395 1
46 34 395 1
37 108 355 1
108 37 355 1
43 113 467 1
113 43 467 1
52 102 475 1
102 52 475 1
6 64 941 1
64 6 941 1
20 41 386 1
41 20 386 1
35 86 906 1
86 35 906 1
39 58 1032 1
58 39 1032 1
50 111 478 1
111 50 478 1
52 96 418 1
96 52 418 1
5 78 933 1
78 5 933 1
7 74 728 1
74 7 728 1
17 74 721 1
74 17 721 1
37 38 515 1
38 37 515 1
45 114 688 1
114 45 688 1
64 78 491 1
78 64 491 1
10 103 1219 1
103 10 1219 1
16 62 313 1
62 16 313 1
23 71 443 1
71 23 443 1
26 70 383 1
70 26 383 1
32 56 384 1
56 32 384 1
32 78 484 1
78 32 484 1
36 64 637 1
64 36 637 1
36 78 263 1
78 36 263 1
42 115 508 1
115 42 508 1
48 61 765 1
61 48 765 1
48 103 924 1
103 48 924 1
3 82 903 1
82 3 903 1
16 23 833 1
23 16 833 1
43 52 553 1
52 43 553 1
81 98 940 1
98 81 940 1
90 111 396 1
111 90 396 1
3 12 737 1
12 3 737 1
33 39 630 1
39 33 630 1
39 42 762 1
42 39 762 1
47 81 624 1
81 47 624 1
56 77 690 1
77 56 690 1
94 108 97 1
108 94 97 1
20 72 238 1
72 20 238 1
27 101 1063 1
101 27 1063 1
39 109 356 1
109 39 356 1
47 59 671 1
59 47 671 1
9 76 849 1
76 9 849 1
18 59 713 1
59 18 713 1
36 89 803 1
89 36 803 1
54 64 608 1
64 54 608 1
68 115 1040 1
115 68 1040 1
7 11 254 1
11 7 254 1
26 58 1249 1
58 26 1249 1
29 41 234 1
41 29 234 1
44 47 404 1
47 44 404 1
50 110 492 1
110 50 492 1
45 48 304 1
48 45 304 1
61 63 238 1
63 61 238 1
89 94 629 1
94 89 629 1
2 92 1350 1
92 2 1350 1
7 76 747 1
76 7 747 1
11 61 675 1
61 11 675 1
30 78 663 1
78 30 663 1
41 76 493 1
76 41 493 1
42 45 300 1
45 42 300 1
70 76 285 1
76 70 285 1
95 109 146 1
109 95 146 1
108 113 292 1
113 108 292 1
14 106 722 1
106 14 722 1
28 75 567 1
75 28 567 1
43 54 646 1
54 43 646 1
69 84 944 1
84 69 944 1
95 113 351 1
113 95 351 1
9 26 419 1
26 9 419 1
63 111 831 1
111 63 831 1
77 101 754 1
101 77 754 1
37 93 575 1
93 37 575 1
75 88 798 1
88 75 798 1
80 82 469 1
82 80 469 1
2 75 673 1
75 2 673 1
17 24 864 1
24 17 864 1
66 91 902 1
91 66 902 1
112 114 196 1
114 112 196 1
0 57 825 1
57 0 825 1
22 78 803 1
78 22 803 1
39 60 1005 1
60 39 1005 1
60 92 903 1
92 60 903 1
2 78 668 1
78 2 668 1
7 8 828 1
8 7 828 1
11 32 663 1
32 11 663 1
15 20 521 1
20 15 521 1
26 77 632 1
77 26 632 1
35 65 453 1
65 35 453 1
35 88 741 1
88 35 741 1
35 100 802 1
100 35 802 1
15 64 1349 1
64 15 1349 1
44 50 287 1
50 44 287 1
67 98 738 1
98 67 738 1
2 72 507 1
72 2 507 1
8 83 868 1
83 8 868 1
9 20 557 1
20 9 557 1
26 74 432 1
74 26 432 1
37 53 629 1
53 37 629 1
41 81 452 1
81 41 452 1
95 114 280 1
114 95 280 1
5 21 332 1
21 5 332 1
36 75 517 1
75 36 517 1
8 82 379 1
82 8 379 1
24 26 201 1
26 24 201 1
32 59 581 1
59 32 581 1
44 91 726 1
91 44 726 1
53 115 576 1
115 53 576 1
54 99 587 1
99 54 587 1
77 82 682 1
82 77 682 1
80 97 779 1
97 80 779 1
10 11 986 1
11 10 986 1
14 86 272 1
86 14 272 1
40 65 1065 1
65 40 1065 1
41 50 1063 1
50 41 1063 1
41 112 775 1
112 41 775 1
52 108 555 1
108 52 555 1
54 66 740 1
66 54 740 1
11 83 383 1
83 11 383 1
33 82 804 1
82 33 804 1
54 104 337 1
104 54 337 1
67 102 981 1
102 67 981 1
0 10 381 1
10 0 381 1
8 17 1036 1
17 8 1036 1
8 73 750 1
73 8 750 1
8 88 819 1
88 8 819 1
15 29 295 1
29 15 295 1
20 26 232 1
26 20 232 1
27 58 1265 1
58 27 1265 1
45 107 840 1
107 45 840 1
68 97 933 1
97 68 933 1
83 91 835 1
91 83 835 1
1 52 1206 1
52 1 1206 1
15 76 747 1
76 15 747 1
21 59 1061 1
59 21 1061 1
27 76 622 1
76 27 622 1
39 63 657 1
63 39 657 1
0 24 899 1
24 0 899 1
20 33 587 1
33 20 587 1
36 74 242 1
74 36 242 1
38 89 763 1
89 38 763 1
49 99 587 1
99 49 587 1
53 108 584 1
108 53 584 1
55 110 380 1
110 55 380 1
89 93 471 1
93 89 471 1
90 98 163 1
98 90 163 1
19 94 903 1
94 19 903 1
37 45 726 1
45 37 726 1
66 99 784 1
99 66 784 1
2 101 1431 1
101 2 1431 1
7 72 750 1
72 7 750 1
7 102 1355 1
102 7 1355 1
68 85 974 1
85 68 974 1
86 110 816 1
110 86 816 1
40 56 722 1
56 40 722 1
51 59 486 1
59 51 486 1
54 102 313 1
102 54 313 1
67 90 867 1
90 67 867 1
79 115 682 1
115 79 682 1
95 115 205 1
115 95 205 1
104 105 204 1
105 104 204 1
