116 2668
80 81 1113 1
81 80 1113 1
42 43 239 1
43 42 239 1
56 57 840 1
57 56 840 1
44 45 194 1
45 44 194 1
16 80 152 1
80 16 152 1
68 69 164 1
69 68 164 1
30 31 127 1
31 30 127 1
62 63 1134 1
63 62 1134 1
78 81 1002 1
81 78 1002 1
78 80 116 1
80 78 116 1
43 47 146 1
47 43 146 1
42 46 173 1
46 42 173 1
57 69 378 1
69 57 378 1
22 23 140 1
23 22 140 1
16 62 313 1
62 16 313 1
43 46 341 1
46 43 341 1
46 47 309 1
47 46 309 1
24 25 135 1
25 24 135 1
28 83 861 1
83 28 861 1
106 107 486 1
107 106 486 1
102 103 508 1
103 102 508 1
56 68 408 1
68 56 408 1
16 17 998 1
17 16 998 1
28 72 116 1
72 28 116 1
90 91 735 1
91 90 735 1
42 47 281 1
47 42 281 1
73 74 458 1
74 73 458 1
29 72 629 1
72 29 629 1
78 79 878 1
79 78 878 1
103 104 369 1
104 103 369 1
56 69 542 1
69 56 542 1
104 105 204 1
105 104 204 1
76 77 238 1
77 76 238 1
35 67 262 1
67 35 262 1
57 81 488 1
81 57 488 1
79 80 991 1
80 79 991 1
50 51 698 1
51 50 698 1
105 115 176 1
115 105 176 1
86 87 805 1
87 86 805 1
2 6 165 1
6 2 165 1
17 63 324 1
63 17 324 1
57 68 520 1
68 57 520 1
61 65 175 1
65 61 175 1
91 93 118 1
93 91 118 1
13 15 277 1
15 13 277 1
55 96 492 1
96 55 492 1
79 81 136 1
81 79 136 1
10 12 181 1
12 10 181 1
46 55 584 1
55 46 584 1
71 75 163 1
75 71 163 1
90 100 182 1
100 90 182 1
73 76 450 1
76 73 450 1
11 83 383 1
83 11 383 1
23 25 373 1
25 23 373 1
93 102 600 1
102 93 600 1
16 79 934 1
79 16 934 1
51 53 271 1
53 51 271 1
4 26 161 1
26 4 161 1
14 15 772 1
15 14 772 1
44 49 304 1
49 44 304 1
56 81 1090 1
81 56 1090 1
56 80 431 1
80 56 431 1
70 74 155 1
74 70 155 1
47 55 367 1
55 47 367 1
5 9 157 1
9 5 157 1
51 52 786 1
52 51 786 1
90 93 690 1
93 90 690 1
7 13 237 1
13 7 237 1
26 27 135 1
27 26 135 1
62 80 268 1
80 62 268 1
84 85 1130 1
85 84 1130 1
7 9 490 1
9 7 490 1
20 25 402 1
25 20 402 1
48 50 202 1
50 48 202 1
88 89 1035 1
89 88 1035 1
28 82 255 1
82 28 255 1
17 62 1129 1
62 17 1129 1
24 27 252 1
27 24 252 1
103 105 173 1
105 103 173 1
95 109 146 1
109 95 146 1
7 61 813 1
61 7 813 1
22 24 386 1
24 22 386 1
92 100 157 1
100 92 157 1
99 111 265 1
111 99 265 1
9 15 219 1
15 9 219 1
4 8 148 1
8 4 148 1
16 81 1063 1
81 16 1063 1
32 33 149 1
33 32 149 1
84 87 1148 1
87 84 1148 1
29 63 531 1
63 29 531 1
17 80 1070 1
80 17 1070 1
45 49 111 1
49 45 111 1
57 80 1050 1
80 57 1050 1
23 24 403 1
24 23 403 1
100 104 240 1
104 100 240 1
0 12 517 1
12 0 517 1
90 92 135 1
92 90 135 1
28 29 741 1
29 28 741 1
102 104 159 1
104 102 159 1
17 79 135 1
79 17 135 1
90 102 246 1
102 90 246 1
74 76 203 1
76 74 203 1
13 61 843 1
61 13 843 1
6 64 941 1
64 6 941 1
10 14 380 1
14 10 380 1
12 14 278 1
14 12 278 1
73 75 84 1
75 73 84 1
75 77 210 1
77 75 210 1
16 56 380 1
56 16 380 1
16 63 1092 1
63 16 1092 1
71 77 297 1
77 71 297 1
43 96 503 1
96 43 503 1
46 96 270 1
96 46 270 1
42 96 429 1
96 42 429 1
70 71 263 1
71 70 263 1
100 102 87 1
102 100 87 1
93 100 653 1
100 93 653 1
82 83 881 1
83 82 881 1
2 64 992 1
64 2 992 1
16 78 122 1
78 16 122 1
27 89 807 1
89 27 807 1
38 39 465 1
39 38 465 1
6 8 485 1
8 6 485 1
20 24 393 1
24 20 393 1
101 102 595 1
102 101 595 1
65 89 679 1
89 65 679 1
75 76 374 1
76 75 374 1
46 49 541 1
49 46 541 1
25 27 193 1
27 25 193 1
37 41 217 1
41 37 217 1
72 76 257 1
76 72 257 1
28 62 527 1
62 28 527 1
48 49 410 1
49 48 410 1
36 41 570 1
41 36 570 1
95 103 393 1
103 95 393 1
92 104 310 1
104 92 310 1
47 49 380 1
49 47 380 1
52 53 746 1
53 52 746 1
56 79 965 1
79 56 965 1
23 31 199 1
31 23 199 1
72 73 517 1
73 72 517 1
7 65 934 1
65 7 934 1
16 57 981 1
57 16 981 1
47 96 412 1
96 47 412 1
93 101 103 1
101 93 103 1
9 13 376 1
13 9 376 1
17 32 646 1
32 17 646 1
103 115 322 1
115 103 322 1
12 60 825 1
60 12 825 1
60 61 893 1
61 60 893 1
36 37 542 1
37 36 542 1
43 55 485 1
55 43 485 1
6 7 710 1
7 6 710 1
94 96 89 1
96 94 89 1
40 72 200 1
72 40 200 1
40 75 477 1
75 40 477 1
44 46 353 1
46 44 353 1
20 21 185 1
21 20 185 1
34 115 566 1
115 34 566 1
68 81 913 1
81 68 913 1
0 10 381 1
10 0 381 1
5 15 278 1
15 5 278 1
20 26 232 1
26 20 232 1
41 75 187 1
75 41 187 1
50 52 243 1
52 50 243 1
92 93 608 1
93 92 608 1
93 103 173 1
103 93 173 1
42 55 629 1
55 42 629 1
62 79 1049 1
79 62 1049 1
25 31 272 1
31 25 272 1
57 79 431 1
79 57 431 1
2 91 1366 1
91 2 1366 1
29 75 189 1
75 29 189 1
82 86 143 1
86 82 143 1
70 77 376 1
77 70 376 1
72 83 754 1
83 72 754 1
52 90 240 1
90 52 240 1
105 114 152 1
114 105 152 1
17 81 182 1
81 17 182 1
72 74 76 1
74 72 76 1
0 107 1161 1
107 0 1161 1
22 25 402 1
25 22 402 1
100 105 430 1
105 100 430 1
6 91 1386 1
91 6 1386 1
21 27 209 1
27 21 209 1
24 26 201 1
26 24 201 1
62 72 566 1
72 62 566 1
58 107 1147 1
107 58 1147 1
70 73 402 1
73 70 402 1
0 1 800 1
1 0 800 1
66 67 177 1
67 66 177 1
20 31 387 1
31 20 387 1
108 111 286 1
111 108 286 1
47 110 210 1
110 47 210 1
98 99 479 1
99 98 479 1
63 80 1146 1
80 63 1146 1
2 93 1417 1
93 2 1417 1
17 28 894 1
28 17 894 1
104 115 184 1
115 104 184 1
13 14 902 1
14 13 902 1
54 89 853 1
89 54 853 1
4 91 1276 1
91 4 1276 1
16 28 220 1
28 16 220 1
72 75 453 1
75 72 453 1
36 40 213 1
40 36 213 1
40 82 231 1
82 40 231 1
5 27 165 1
27 5 165 1
18 19 147 1
19 18 147 1
21 25 360 1
25 21 360 1
71 76 392 1
76 71 392 1
29 62 1067 1
62 29 1067 1
19 33 238 1
33 19 238 1
9 92 1428 1
92 9 1428 1
34 35 126 1
35 34 126 1
70 82 411 1
82 70 411 1
4 35 987 1
35 4 987 1
29 76 555 1
76 29 555 1
56 78 391 1
78 56 391 1
37 96 506 1
96 37 506 1
23 51 1340 1
51 23 1340 1
90 105 516 1
105 90 516 1
14 89 1093 1
89 14 1093 1
17 57 439 1
57 17 439 1
23 30 259 1
30 23 259 1
102 105 355 1
105 102 355 1
28 33 585 1
33 28 585 1
33 72 507 1
72 33 507 1
101 103 106 1
103 101 106 1
114 115 96 1
115 114 96 1
70 76 285 1
76 70 285 1
10 11 986 1
11 10 986 1
14 107 941 1
107 14 941 1
5 89 870 1
89 5 870 1
18 64 805 1
64 18 805 1
29 83 227 1
83 29 227 1
35 115 541 1
115 35 541 1
41 73 204 1
73 41 204 1
63 72 944 1
72 63 944 1
9 61 1165 1
61 9 1165 1
17 78 955 1
78 17 955 1
27 50 1279 1
50 27 1279 1
94 97 266 1
97 94 266 1
6 12 248 1
12 6 248 1
40 41 506 1
41 40 506 1
11 19 598 1
19 11 598 1
43 45 199 1
45 43 199 1
18 74 626 1
74 18 626 1
28 63 1049 1
63 28 1049 1
29 73 113 1
73 29 113 1
93 104 478 1
104 93 478 1
2 90 1252 1
90 2 1252 1
90 104 351 1
104 90 351 1
0 60 405 1
60 0 405 1
6 93 1425 1
93 6 1425 1
44 96 580 1
96 44 580 1
51 90 888 1
90 51 888 1
82 87 849 1
87 82 849 1
62 78 287 1
78 62 287 1
75 82 661 1
82 75 661 1
92 102 211 1
102 92 211 1
11 13 168 1
13 11 168 1
64 88 675 1
88 64 675 1
17 33 512 1
33 17 512 1
29 40 655 1
40 29 655 1
38 87 730 1
87 38 730 1
20 27 271 1
27 20 271 1
36 94 246 1
94 36 246 1
37 73 278 1
73 37 278 1
13 65 935 1
65 13 935 1
43 44 290 1
44 43 290 1
58 59 496 1
59 58 496 1
112 113 116 1
113 112 116 1
6 60 799 1
60 6 799 1
43 49 240 1
49 43 240 1
54 88 224 1
88 54 224 1
37 75 239 1
75 37 239 1
61 101 1003 1
101 61 1003 1
91 100 719 1
100 91 719 1
111 112 111 1
112 111 111 1
3 11 395 1
11 3 395 1
10 13 1004 1
13 10 1004 1
32 57 493 1
57 32 493 1
73 77 274 1
77 73 274 1
97 108 170 1
108 97 170 1
58 66 198 1
66 58 198 1
14 88 613 1
88 14 613 1
102 112 391 1
112 102 391 1
58 60 266 1
60 58 266 1
99 108 310 1
108 99 310 1
18 76 581 1
76 18 581 1
57 78 938 1
78 57 938 1
61 90 1156 1
90 61 1156 1
60 107 1124 1
107 60 1124 1
94 109 127 1
109 94 127 1
107 113 400 1
113 107 400 1
11 28 875 1
28 11 875 1
44 55 743 1
55 44 743 1
91 92 669 1
92 91 669 1
24 31 318 1
31 24 318 1
27 39 536 1
39 27 536 1
6 90 1185 1
90 6 1185 1
49 51 172 1
51 49 172 1
52 106 576 1
106 52 576 1
58 106 1039 1
106 58 1039 1
17 29 223 1
29 17 223 1
71 73 163 1
73 71 163 1
1 11 394 1
11 1 394 1
32 72 471 1
72 32 471 1
12 107 1106 1
107 12 1106 1
25 110 1042 1
110 25 1042 1
62 81 1169 1
81 62 1169 1
7 90 1390 1
90 7 1390 1
32 80 590 1
80 32 590 1
50 90 473 1
90 50 473 1
32 81 728 1
81 32 728 1
66 69 349 1
69 66 349 1
22 51 1360 1
51 22 1360 1
15 61 998 1
61 15 998 1
22 50 1336 1
50 22 1336 1
28 70 247 1
70 28 247 1
28 74 188 1
74 28 188 1
52 59 956 1
59 52 956 1
70 83 652 1
83 70 652 1
3 18 417 1
18 3 417 1
3 19 382 1
19 3 382 1
3 30 397 1
30 3 397 1
20 30 328 1
30 20 328 1
40 76 327 1
76 40 327 1
60 106 915 1
106 60 915 1
90 98 163 1
98 90 163 1
63 79 303 1
79 63 303 1
73 82 720 1
82 73 720 1
95 115 205 1
115 95 205 1
37 40 562 1
40 37 562 1
41 86 672 1
86 41 672 1
48 90 628 1
90 48 628 1
79 87 531 1
87 79 531 1
49 55 664 1
55 49 664 1
72 82 298 1
82 72 298 1
62 83 1241 1
83 62 1241 1
98 102 260 1
102 98 260 1
103 114 282 1
114 103 282 1
98 112 277 1
112 98 277 1
6 18 473 1
18 6 473 1
23 50 1386 1
50 23 1386 1
70 75 355 1
75 70 355 1
28 32 528 1
32 28 528 1
3 23 271 1
23 3 271 1
8 91 1373 1
91 8 1373 1
74 82 336 1
82 74 336 1
15 89 653 1
89 15 653 1
37 94 426 1
94 37 426 1
7 93 1261 1
93 7 1261 1
29 41 234 1
41 29 234 1
33 35 375 1
35 33 375 1
71 82 622 1
82 71 622 1
85 87 616 1
87 85 616 1
95 102 514 1
102 95 514 1
4 88 829 1
88 4 829 1
8 64 1208 1
64 8 1208 1
40 73 549 1
73 40 549 1
48 51 548 1
51 48 548 1
18 72 618 1
72 18 618 1
96 110 214 1
110 96 214 1
0 106 981 1
106 0 981 1
29 37 304 1
37 29 304 1
52 58 705 1
58 52 705 1
34 67 275 1
67 34 275 1
45 46 448 1
46 45 448 1
63 83 697 1
83 63 697 1
8 9 638 1
9 8 638 1
12 106 877 1
106 12 877 1
74 75 389 1
75 74 389 1
5 13 461 1
13 5 461 1
5 26 263 1
26 5 263 1
97 109 174 1
109 97 174 1
98 111 265 1
111 98 265 1
2 18 379 1
18 2 379 1
8 19 957 1
19 8 957 1
90 113 376 1
113 90 376 1
3 7 185 1
7 3 185 1
13 113 1170 1
113 13 1170 1
97 110 221 1
110 97 221 1
93 105 305 1
105 93 305 1
29 32 631 1
32 29 631 1
13 106 1119 1
106 13 1119 1
18 73 675 1
73 18 675 1
71 86 672 1
86 71 672 1
1 98 1107 1
98 1 1107 1
6 19 593 1
19 6 593 1
94 108 97 1
108 94 97 1
97 103 349 1
103 97 349 1
99 101 266 1
101 99 266 1
100 103 576 1
103 100 576 1
36 76 232 1
76 36 232 1
91 105 371 1
105 91 371 1
7 92 1445 1
92 7 1445 1
99 103 258 1
103 99 258 1
109 110 135 1
110 109 135 1
3 70 520 1
70 3 520 1
13 60 1245 1
60 13 1245 1
36 73 600 1
73 36 600 1
61 113 968 1
113 61 968 1
4 14 255 1
14 4 255 1
9 65 1235 1
65 9 1235 1
16 32 504 1
32 16 504 1
49 50 585 1
50 49 585 1
52 89 1027 1
89 52 1027 1
11 70 629 1
70 11 629 1
33 83 733 1
83 33 733 1
36 96 257 1
96 36 257 1
32 63 656 1
63 32 656 1
32 66 416 1
66 32 416 1
75 83 351 1
83 75 351 1
68 87 1214 1
87 68 1214 1
103 108 420 1
108 103 420 1
41 76 493 1
76 41 493 1
51 91 505 1
91 51 505 1
103 111 432 1
111 103 432 1
28 79 847 1
79 28 847 1
29 109 610 1
109 29 610 1
61 106 1151 1
106 61 1151 1
97 99 180 1
99 97 180 1
0 6 417 1
6 0 417 1
21 39 356 1
39 21 356 1
19 83 893 1
83 19 893 1
28 40 248 1
40 28 248 1
41 83 252 1
83 41 252 1
15 106 965 1
106 15 965 1
24 50 1395 1
50 24 1395 1
61 102 1213 1
102 61 1213 1
33 63 547 1
63 33 547 1
35 114 586 1
114 35 586 1
11 82 992 1
82 11 992 1
52 61 1057 1
61 52 1057 1
61 92 1185 1
92 61 1185 1
75 86 685 1
86 75 685 1
103 109 477 1
109 103 477 1
7 91 1186 1
91 7 1186 1
19 28 732 1
28 19 732 1
21 38 458 1
38 21 458 1
93 112 343 1
112 93 343 1
2 100 1297 1
100 2 1297 1
17 72 781 1
72 17 781 1
22 27 524 1
27 22 524 1
29 33 510 1
33 29 510 1
44 47 404 1
47 44 404 1
90 103 653 1
103 90 653 1
15 92 1292 1
92 15 1292 1
21 81 634 1
81 21 634 1
21 96 648 1
96 21 648 1
52 91 777 1
91 52 777 1
55 98 606 1
98 55 606 1
55 99 216 1
99 55 216 1
99 112 272 1
112 99 272 1
32 62 548 1
62 32 548 1
44 48 114 1
48 44 114 1
60 64 187 1
64 60 187 1
97 114 263 1
114 97 263 1
0 14 728 1
14 0 728 1
14 106 722 1
106 14 722 1
27 54 856 1
54 27 856 1
41 72 550 1
72 41 550 1
68 84 871 1
84 68 871 1
34 66 268 1
66 34 268 1
63 78 1033 1
78 63 1033 1
61 93 934 1
93 61 934 1
79 86 986 1
86 79 986 1
99 110 299 1
110 99 299 1
24 30 283 1
30 24 283 1
38 79 739 1
79 38 739 1
12 88 689 1
88 12 689 1
22 31 234 1
31 22 234 1
91 104 542 1
104 91 542 1
13 89 713 1
89 13 713 1
60 62 241 1
62 60 241 1
69 81 801 1
81 69 801 1
103 110 496 1
110 103 496 1
17 83 381 1
83 17 381 1
21 110 690 1
110 21 690 1
22 110 1082 1
110 22 1082 1
23 100 1403 1
100 23 1403 1
26 35 893 1
35 26 893 1
29 95 532 1
95 29 532 1
11 75 388 1
75 11 388 1
15 60 1288 1
60 15 1288 1
21 24 413 1
24 21 413 1
40 74 182 1
74 40 182 1
14 60 967 1
60 14 967 1
15 107 739 1
107 15 739 1
25 30 292 1
30 25 292 1
84 86 610 1
86 84 610 1
12 18 670 1
18 12 670 1
41 77 345 1
77 41 345 1
102 113 317 1
113 102 317 1
37 38 515 1
38 37 515 1
60 63 1021 1
63 60 1021 1
61 89 738 1
89 61 738 1
92 101 634 1
101 92 634 1
106 113 395 1
113 106 395 1
108 115 135 1
115 108 135 1
28 76 345 1
76 28 345 1
2 8 554 1
8 2 554 1
4 6 536 1
6 4 536 1
24 110 1066 1
110 24 1066 1
35 110 305 1
110 35 305 1
40 71 481 1
71 40 481 1
10 113 1059 1
113 10 1059 1
52 107 835 1
107 52 835 1
89 107 337 1
107 89 337 1
9 89 869 1
89 9 869 1
33 82 804 1
82 33 804 1
65 88 1179 1
88 65 1179 1
41 82 687 1
82 41 687 1
45 55 662 1
55 45 662 1
53 98 671 1
98 53 671 1
18 70 528 1
70 18 528 1
28 78 272 1
78 28 272 1
18 28 651 1
28 18 651 1
63 81 293 1
81 63 293 1
78 87 1016 1
87 78 1016 1
12 13 959 1
13 12 959 1
33 62 690 1
62 33 690 1
57 66 576 1
66 57 576 1
88 107 781 1
107 88 781 1
104 114 171 1
114 104 171 1
8 90 1188 1
90 8 1188 1
13 90 1367 1
90 13 1367 1
14 52 1090 1
52 14 1090 1
35 66 331 1
66 35 331 1
63 109 730 1
109 63 730 1
113 114 95 1
114 113 95 1
0 13 1027 1
13 0 1027 1
8 92 1269 1
92 8 1269 1
28 80 329 1
80 28 329 1
36 62 525 1
62 36 525 1
55 110 380 1
110 55 380 1
59 92 1150 1
92 59 1150 1
81 87 551 1
87 81 551 1
95 105 309 1
105 95 309 1
3 90 1350 1
90 3 1350 1
32 79 600 1
79 32 600 1
48 105 862 1
105 48 862 1
5 92 1324 1
92 5 1324 1
93 98 589 1
98 93 589 1
10 19 724 1
19 10 724 1
32 44 667 1
44 32 667 1
42 44 208 1
44 42 208 1
50 53 744 1
53 50 744 1
51 92 878 1
92 51 878 1
67 89 830 1
89 67 830 1
28 41 661 1
41 28 661 1
51 100 973 1
100 51 973 1
15 113 1069 1
113 15 1069 1
29 36 705 1
36 29 705 1
60 113 938 1
113 60 938 1
97 111 292 1
111 97 292 1
46 98 212 1
98 46 212 1
91 114 389 1
114 91 389 1
5 24 252 1
24 5 252 1
16 33 609 1
33 16 609 1
26 58 1249 1
58 26 1249 1
36 82 401 1
82 36 401 1
0 61 943 1
61 0 943 1
9 14 725 1
14 9 725 1
10 18 609 1
18 10 609 1
4 89 1056 1
89 4 1056 1
8 18 880 1
18 8 880 1
19 76 599 1
76 19 599 1
33 64 737 1
64 33 737 1
67 88 939 1
88 67 939 1
5 14 572 1
14 5 572 1
6 61 1132 1
61 6 1132 1
8 93 1382 1
93 8 1382 1
90 112 377 1
112 90 377 1
91 113 366 1
113 91 366 1
0 113 1107 1
113 0 1107 1
17 56 1024 1
56 17 1024 1
22 30 218 1
30 22 218 1
60 108 800 1
108 60 800 1
11 76 704 1
76 11 704 1
32 56 384 1
56 32 384 1
5 20 424 1
20 5 424 1
42 110 303 1
110 42 303 1
109 115 211 1
115 109 211 1
6 13 864 1
13 6 864 1
89 106 787 1
106 89 787 1
110 111 172 1
111 110 172 1
16 83 1029 1
83 16 1029 1
17 36 828 1
36 17 828 1
26 89 900 1
89 26 900 1
73 83 298 1
83 73 298 1
7 64 1244 1
64 7 1244 1
20 110 682 1
110 20 682 1
93 113 317 1
113 93 317 1
21 85 716 1
85 21 716 1
26 107 808 1
107 26 808 1
68 79 805 1
79 68 805 1
81 96 799 1
96 81 799 1
95 97 97 1
97 95 97 1
1 92 1314 1
92 1 1314 1
12 113 1157 1
113 12 1157 1
45 96 643 1
96 45 643 1
71 74 359 1
74 71 359 1
11 18 691 1
18 11 691 1
24 67 1223 1
67 24 1223 1
29 82 824 1
82 29 824 1
38 41 513 1
41 38 513 1
2 22 228 1
22 2 228 1
16 72 287 1
72 16 287 1
29 108 631 1
108 29 631 1
38 75 499 1
75 38 499 1
77 86 724 1
86 77 724 1
5 54 1015 1
54 5 1015 1
101 111 463 1
111 101 463 1
21 87 397 1
87 21 397 1
72 108 541 1
108 72 541 1
3 31 315 1
31 3 315 1
24 51 1429 1
51 24 1429 1
29 71 259 1
71 29 259 1
36 75 517 1
75 36 517 1
37 81 336 1
81 37 336 1
55 81 401 1
81 55 401 1
68 80 778 1
80 68 778 1
74 77 362 1
77 74 362 1
91 98 616 1
98 91 616 1
95 108 123 1
108 95 123 1
7 11 254 1
11 7 254 1
37 79 267 1
79 37 267 1
55 80 931 1
80 55 931 1
6 114 1174 1
114 6 1174 1
9 71 488 1
71 9 488 1
37 86 777 1
86 37 777 1
65 92 1075 1
92 65 1075 1
24 84 1013 1
84 24 1013 1
40 79 762 1
79 40 762 1
67 115 767 1
115 67 767 1
6 113 1243 1
113 6 1243 1
10 106 807 1
106 10 807 1
11 72 773 1
72 11 773 1
10 15 968 1
15 10 968 1
10 88 586 1
88 10 586 1
23 104 1270 1
104 23 1270 1
42 49 396 1
49 42 396 1
60 88 724 1
88 60 724 1
84 88 224 1
88 84 224 1
100 106 280 1
106 100 280 1
12 64 932 1
64 12 932 1
30 70 259 1
70 30 259 1
60 65 898 1
65 60 898 1
10 86 544 1
86 10 544 1
15 38 793 1
38 15 793 1
16 29 882 1
29 16 882 1
38 86 366 1
86 38 366 1
105 108 296 1
108 105 296 1
2 88 959 1
88 2 959 1
5 65 1232 1
65 5 1232 1
36 72 276 1
72 36 276 1
36 79 738 1
79 36 738 1
39 110 466 1
110 39 466 1
45 47 345 1
47 45 345 1
46 53 547 1
53 46 547 1
50 92 549 1
92 50 549 1
51 59 486 1
59 51 486 1
71 83 425 1
83 71 425 1
108 114 218 1
114 108 218 1
10 107 1065 1
107 10 1065 1
33 76 380 1
76 33 380 1
43 110 298 1
110 43 298 1
50 89 1065 1
89 50 1065 1
65 90 1061 1
90 65 1061 1
0 112 1084 1
112 0 1084 1
44 57 766 1
57 44 766 1
44 66 318 1
66 44 318 1
49 53 406 1
53 49 406 1
55 78 841 1
78 55 841 1
29 74 571 1
74 29 571 1
32 69 338 1
69 32 338 1
45 67 282 1
67 45 282 1
4 90 1167 1
90 4 1167 1
11 73 310 1
73 11 310 1
36 38 122 1
38 36 122 1
81 85 175 1
85 81 175 1
101 104 464 1
104 101 464 1
5 25 129 1
25 5 129 1
48 58 400 1
58 48 400 1
2 7 566 1
7 2 566 1
59 61 271 1
61 59 271 1
95 104 381 1
104 95 381 1
72 80 384 1
80 72 384 1
4 52 1272 1
52 4 1272 1
17 41 414 1
41 17 414 1
19 91 1171 1
91 19 1171 1
33 40 654 1
40 33 654 1
41 71 317 1
71 41 317 1
47 53 268 1
53 47 268 1
98 101 623 1
101 98 623 1
4 114 1058 1
114 4 1058 1
20 23 575 1
23 20 575 1
41 94 523 1
94 41 523 1
71 72 402 1
72 71 402 1
83 113 937 1
113 83 937 1
109 111 273 1
111 109 273 1
76 82 520 1
82 76 520 1
81 84 1146 1
84 81 1146 1
28 73 629 1
73 28 629 1
40 86 262 1
86 40 262 1
50 54 543 1
54 50 543 1
92 105 456 1
105 92 456 1
2 4 569 1
4 2 569 1
10 82 401 1
82 10 401 1
15 65 1052 1
65 15 1052 1
18 33 288 1
33 18 288 1
26 106 767 1
106 26 767 1
0 64 574 1
64 0 574 1
4 15 597 1
15 4 597 1
7 8 828 1
8 7 828 1
46 48 368 1
48 46 368 1
103 112 375 1
112 103 375 1
10 60 650 1
60 10 650 1
10 83 1031 1
83 10 1031 1
11 53 1019 1
53 11 1019 1
19 64 848 1
64 19 848 1
19 70 573 1
70 19 573 1
25 50 1404 1
50 25 1404 1
79 82 965 1
82 79 965 1
84 94 496 1
94 84 496 1
5 38 756 1
38 5 756 1
10 64 755 1
64 10 755 1
19 72 678 1
72 19 678 1
2 105 1253 1
105 2 1253 1
47 48 490 1
48 47 490 1
94 114 259 1
114 94 259 1
100 101 656 1
101 100 656 1
11 61 675 1
61 11 675 1
24 89 1045 1
89 24 1045 1
29 79 257 1
79 29 257 1
58 89 1156 1
89 58 1156 1
11 15 385 1
15 11 385 1
23 102 1355 1
102 23 1355 1
26 110 904 1
110 26 904 1
28 75 567 1
75 28 567 1
42 109 434 1
109 42 434 1
19 32 289 1
32 19 289 1
44 81 890 1
81 44 890 1
12 93 1368 1
93 12 1368 1
23 27 506 1
27 23 506 1
31 40 592 1
40 31 592 1
38 68 922 1
68 38 922 1
52 92 317 1
92 52 317 1
61 100 1241 1
100 61 1241 1
21 47 833 1
47 21 833 1
63 101 920 1
101 63 920 1
76 95 396 1
95 76 396 1
93 114 346 1
114 93 346 1
97 115 218 1
115 97 218 1
4 9 500 1
9 4 500 1
6 10 299 1
10 6 299 1
14 61 1285 1
61 14 1285 1
37 110 431 1
110 37 431 1
1 100 1327 1
100 1 1327 1
14 113 1044 1
113 14 1044 1
15 26 469 1
26 15 469 1
101 112 405 1
112 101 405 1
34 57 567 1
57 34 567 1
40 94 393 1
94 40 393 1
41 74 484 1
74 41 484 1
13 107 881 1
107 13 881 1
14 92 1074 1
92 14 1074 1
27 65 1171 1
65 27 1171 1
27 110 890 1
110 27 890 1
33 41 611 1
41 33 611 1
91 102 669 1
102 91 669 1
100 113 356 1
113 100 356 1
5 21 332 1
21 5 332 1
18 29 740 1
29 18 740 1
35 88 741 1
88 35 741 1
48 52 415 1
52 48 415 1
89 92 938 1
92 89 938 1
91 103 258 1
103 91 258 1
19 77 567 1
77 19 567 1
23 53 1411 1
53 23 1411 1
27 67 1105 1
67 27 1105 1
33 77 332 1
77 33 332 1
38 88 311 1
88 38 311 1
50 58 486 1
58 50 486 1
64 93 1076 1
93 64 1076 1
88 106 334 1
106 88 334 1
96 111 286 1
111 96 286 1
15 58 1327 1
58 15 1327 1
21 26 271 1
26 21 271 1
29 77 357 1
77 29 357 1
31 87 639 1
87 31 639 1
44 80 785 1
80 44 785 1
64 73 1029 1
73 64 1029 1
1 95 815 1
95 1 815 1
7 102 1355 1
102 7 1355 1
9 90 1391 1
90 9 1391 1
33 79 486 1
79 33 486 1
61 112 910 1
112 61 910 1
12 15 906 1
15 12 906 1
28 36 321 1
36 28 321 1
28 71 506 1
71 28 506 1
45 84 881 1
84 45 881 1
49 96 720 1
96 49 720 1
66 88 875 1
88 66 875 1
15 90 1267 1
90 15 1267 1
54 92 376 1
92 54 376 1
72 79 733 1
79 72 733 1
74 88 485 1
88 74 485 1
97 102 534 1
102 97 534 1
21 78 664 1
78 21 664 1
39 67 776 1
67 39 776 1
40 87 708 1
87 40 708 1
68 85 974 1
85 68 974 1
21 111 835 1
111 21 835 1
34 105 727 1
105 34 727 1
61 91 822 1
91 61 822 1
70 72 158 1
72 70 158 1
77 110 393 1
110 77 393 1
98 108 315 1
108 98 315 1
4 24 144 1
24 4 144 1
4 107 958 1
107 4 958 1
48 104 822 1
104 48 822 1
53 91 265 1
91 53 265 1
90 106 378 1
106 90 378 1
8 114 1127 1
114 8 1127 1
12 61 1246 1
61 12 1246 1
30 78 663 1
78 30 663 1
64 114 838 1
114 64 838 1
94 98 264 1
98 94 264 1
0 93 1314 1
93 0 1314 1
1 17 391 1
17 1 391 1
3 51 1145 1
51 3 1145 1
22 104 1247 1
104 22 1247 1
37 43 584 1
43 37 584 1
60 101 1230 1
101 60 1230 1
47 51 339 1
51 47 339 1
75 87 423 1
87 75 423 1
77 82 682 1
82 77 682 1
1 102 1288 1
102 1 1288 1
59 100 1223 1
100 59 1223 1
61 98 1007 1
98 61 1007 1
31 77 552 1
77 31 552 1
35 105 686 1
105 35 686 1
57 62 1000 1
62 57 1000 1
96 98 184 1
98 96 184 1
108 112 335 1
112 108 335 1
5 51 1334 1
51 5 1334 1
13 92 1402 1
92 13 1402 1
15 59 1185 1
59 15 1185 1
40 80 433 1
80 40 433 1
99 102 560 1
102 99 560 1
110 115 264 1
115 110 264 1
2 102 1269 1
102 2 1269 1
36 77 422 1
77 36 422 1
65 101 880 1
101 65 880 1
80 85 1121 1
85 80 1121 1
20 40 225 1
40 20 225 1
40 83 731 1
83 40 731 1
75 108 484 1
108 75 484 1
93 115 401 1
115 93 401 1
3 10 768 1
10 3 768 1
9 91 1212 1
91 9 1212 1
18 83 953 1
83 18 953 1
23 92 1466 1
92 23 1466 1
32 96 657 1
96 32 657 1
33 75 426 1
75 33 426 1
39 81 431 1
81 39 431 1
68 78 695 1
78 68 695 1
69 84 944 1
84 69 944 1
7 15 461 1
15 7 461 1
12 52 1107 1
52 12 1107 1
14 38 497 1
38 14 497 1
18 77 606 1
77 18 606 1
21 55 604 1
55 21 604 1
45 85 677 1
85 45 677 1
55 94 428 1
94 55 428 1
74 83 697 1
83 74 697 1
90 101 719 1
101 90 719 1
95 100 576 1
100 95 576 1
96 97 322 1
97 96 322 1
3 22 347 1
22 3 347 1
34 110 327 1
110 34 327 1
3 83 681 1
83 3 681 1
8 60 1121 1
60 8 1121 1
8 100 1159 1
100 8 1159 1
96 109 176 1
109 96 176 1
99 109 321 1
109 99 321 1
103 113 295 1
113 103 295 1
2 23 340 1
23 2 340 1
30 83 641 1
83 30 641 1
32 109 589 1
109 32 589 1
41 79 379 1
79 41 379 1
50 100 650 1
100 50 650 1
54 65 986 1
65 54 986 1
69 79 707 1
79 69 707 1
86 88 460 1
88 86 460 1
94 95 213 1
95 94 213 1
0 101 1354 1
101 0 1354 1
1 19 351 1
19 1 351 1
5 71 431 1
71 5 431 1
20 39 459 1
39 20 459 1
37 76 441 1
76 37 441 1
45 80 912 1
80 45 912 1
6 83 986 1
83 6 986 1
25 47 1189 1
47 25 1189 1
32 34 327 1
34 32 327 1
32 68 304 1
68 32 304 1
49 85 634 1
85 49 634 1
64 108 748 1
108 64 748 1
5 39 639 1
39 5 639 1
15 52 1350 1
52 15 1350 1
59 112 915 1
112 59 915 1
1 59 541 1
59 1 541 1
6 14 476 1
14 6 476 1
14 70 380 1
70 14 380 1
37 99 410 1
99 37 410 1
38 89 763 1
89 38 763 1
7 113 1243 1
113 7 1243 1
20 77 434 1
77 20 434 1
26 54 816 1
54 26 816 1
39 54 618 1
54 39 618 1
42 45 300 1
45 42 300 1
61 107 939 1
107 61 939 1
10 87 1058 1
87 10 1058 1
21 80 756 1
80 21 756 1
47 99 231 1
99 47 231 1
56 66 485 1
66 56 485 1
59 106 1174 1
106 59 1174 1
8 35 1046 1
35 8 1046 1
21 43 915 1
43 21 915 1
23 90 1391 1
90 23 1391 1
23 91 1352 1
91 23 1352 1
32 40 629 1
40 32 629 1
50 67 562 1
67 50 562 1
93 95 447 1
95 93 447 1
0 65 1009 1
65 0 1009 1
39 89 325 1
89 39 325 1
40 70 311 1
70 40 311 1
43 94 518 1
94 43 518 1
44 56 714 1
56 44 714 1
52 98 272 1
98 52 272 1
25 97 955 1
97 25 955 1
31 86 707 1
86 31 707 1
32 95 664 1
95 32 664 1
44 84 739 1
84 44 739 1
51 106 972 1
106 51 972 1
3 100 1385 1
100 3 1385 1
4 106 861 1
106 4 861 1
5 107 867 1
107 5 867 1
7 100 1408 1
100 7 1408 1
23 97 1057 1
97 23 1057 1
44 85 817 1
85 44 817 1
108 109 87 1
109 108 87 1
48 67 417 1
67 48 417 1
102 115 318 1
115 102 318 1
13 93 1144 1
93 13 1144 1
14 91 1235 1
91 14 1235 1
21 37 403 1
37 21 403 1
33 67 474 1
67 33 474 1
38 40 158 1
40 38 158 1
75 99 632 1
99 75 632 1
1 90 1264 1
90 1 1264 1
2 19 481 1
19 2 481 1
27 88 863 1
88 27 863 1
39 79 371 1
79 39 371 1
42 48 243 1
48 42 243 1
45 94 668 1
94 45 668 1
52 60 638 1
60 52 638 1
0 108 876 1
108 0 876 1
1 112 1078 1
112 1 1078 1
6 100 1229 1
100 6 1229 1
11 31 475 1
31 11 475 1
23 110 1096 1
110 23 1096 1
24 87 679 1
87 24 679 1
25 26 225 1
26 25 225 1
46 110 220 1
110 46 220 1
11 29 239 1
29 11 239 1
14 26 321 1
26 14 321 1
14 58 1155 1
58 14 1155 1
14 65 1320 1
65 14 1320 1
41 87 263 1
87 41 263 1
73 84 919 1
84 73 919 1
73 87 395 1
87 73 395 1
101 109 540 1
109 101 540 1
17 37 368 1
37 17 368 1
31 70 334 1
70 31 334 1
35 48 491 1
48 35 491 1
38 106 276 1
106 38 276 1
48 115 731 1
115 48 731 1
2 3 405 1
3 2 405 1
29 101 860 1
101 29 860 1
31 83 561 1
83 31 561 1
47 98 442 1
98 47 442 1
52 54 402 1
54 52 402 1
101 105 274 1
105 101 274 1
3 91 1236 1
91 3 1236 1
5 7 538 1
7 5 538 1
25 84 1066 1
84 25 1066 1
31 71 265 1
71 31 265 1
50 102 692 1
102 50 692 1
56 85 1128 1
85 56 1128 1
63 95 704 1
95 63 704 1
94 115 181 1
115 94 181 1
95 98 433 1
98 95 433 1
98 103 555 1
103 98 555 1
100 115 381 1
115 100 381 1
2 12 394 1
12 2 394 1
22 87 870 1
87 22 870 1
31 110 923 1
110 31 923 1
33 74 480 1
74 33 480 1
42 94 484 1
94 42 484 1
62 76 527 1
76 62 527 1
77 87 602 1
87 77 602 1
100 114 352 1
114 100 352 1
13 70 648 1
70 13 648 1
39 80 834 1
80 39 834 1
62 75 893 1
75 62 893 1
70 86 500 1
86 70 500 1
4 54 890 1
54 4 890 1
37 55 221 1
55 37 221 1
40 77 472 1
77 40 472 1
80 96 505 1
96 80 505 1
93 111 397 1
111 93 397 1
0 102 1108 1
102 0 1108 1
18 93 1308 1
93 18 1308 1
51 102 955 1
102 51 955 1
100 112 410 1
112 100 410 1
6 98 1088 1
98 6 1088 1
19 114 1115 1
114 19 1115 1
37 87 433 1
87 37 433 1
38 107 545 1
107 38 545 1
48 103 924 1
103 48 924 1
60 72 692 1
72 60 692 1
78 82 455 1
82 78 455 1
92 103 574 1
103 92 574 1
25 43 1261 1
43 25 1261 1
52 100 420 1
100 52 420 1
4 12 434 1
12 4 434 1
6 105 1236 1
105 6 1236 1
19 100 1295 1
100 19 1295 1
26 34 907 1
34 26 907 1
26 50 1256 1
50 26 1256 1
96 99 428 1
99 96 428 1
108 113 292 1
113 108 292 1
0 11 958 1
11 0 958 1
27 38 594 1
38 27 594 1
40 62 664 1
62 40 664 1
54 106 240 1
106 54 240 1
55 111 434 1
111 55 434 1
105 111 367 1
111 105 367 1
3 82 903 1
82 3 903 1
11 74 727 1
74 11 727 1
26 52 1199 1
52 26 1199 1
34 44 373 1
44 34 373 1
36 63 945 1
63 36 945 1
38 54 263 1
54 38 263 1
71 79 426 1
79 71 426 1
5 50 1417 1
50 5 1417 1
54 61 1045 1
61 54 1045 1
73 86 744 1
86 73 744 1
97 112 339 1
112 97 339 1
98 113 276 1
113 98 276 1
0 8 829 1
8 0 829 1
3 13 410 1
13 3 410 1
41 70 482 1
70 41 482 1
50 104 729 1
104 50 729 1
2 104 1217 1
104 2 1217 1
5 75 500 1
75 5 500 1
11 113 1085 1
113 11 1085 1
22 102 1317 1
102 22 1317 1
26 67 1128 1
67 26 1128 1
37 77 246 1
77 37 246 1
10 61 1158 1
61 10 1158 1
39 68 969 1
68 39 969 1
51 104 868 1
104 51 868 1
53 106 847 1
106 53 847 1
22 100 1358 1
100 22 1358 1
25 51 1371 1
51 25 1371 1
27 107 753 1
107 27 753 1
95 110 248 1
110 95 248 1
5 61 1171 1
61 5 1171 1
11 30 584 1
30 11 584 1
21 97 595 1
97 21 595 1
30 82 534 1
82 30 534 1
36 87 808 1
87 36 808 1
39 56 973 1
56 39 973 1
57 85 575 1
85 57 575 1
22 84 1027 1
84 22 1027 1
24 91 1303 1
91 24 1303 1
26 30 321 1
30 26 321 1
27 51 1246 1
51 27 1246 1
35 104 705 1
104 35 705 1
74 84 507 1
84 74 507 1
74 85 839 1
85 74 839 1
76 99 626 1
99 76 626 1
97 113 312 1
113 97 312 1
105 113 210 1
113 105 210 1
34 48 431 1
48 34 431 1
36 74 242 1
74 36 242 1
36 86 441 1
86 36 441 1
37 80 842 1
80 37 842 1
40 109 467 1
109 40 467 1
0 90 1005 1
90 0 1005 1
21 49 1063 1
49 21 1063 1
45 66 369 1
66 45 369 1
59 85 741 1
85 59 741 1
65 102 1120 1
102 65 1120 1
72 81 860 1
81 72 860 1
94 111 316 1
111 94 316 1
11 41 473 1
41 11 473 1
14 90 988 1
90 14 988 1
27 92 1167 1
92 27 1167 1
36 80 330 1
80 36 330 1
83 87 158 1
87 83 158 1
90 115 420 1
115 90 420 1
95 111 347 1
111 95 347 1
109 114 278 1
114 109 278 1
8 76 729 1
76 8 729 1
16 60 498 1
60 16 498 1
16 82 421 1
82 16 421 1
18 95 915 1
95 18 915 1
25 34 1006 1
34 25 1006 1
53 107 600 1
107 53 600 1
56 62 252 1
62 56 252 1
59 90 1104 1
90 59 1104 1
65 91 690 1
91 65 690 1
69 80 866 1
80 69 866 1
3 64 1134 1
64 3 1134 1
19 30 607 1
30 19 607 1
41 62 1018 1
62 41 1018 1
48 98 566 1
98 48 566 1
50 65 837 1
65 50 837 1
11 71 374 1
71 11 374 1
13 112 1199 1
112 13 1199 1
28 81 975 1
81 28 975 1
29 80 961 1
80 29 961 1
32 45 684 1
45 32 684 1
37 39 117 1
39 37 117 1
51 61 458 1
61 51 458 1
78 83 999 1
83 78 999 1
8 12 346 1
12 8 346 1
31 41 528 1
41 31 528 1
40 63 1007 1
63 40 1007 1
40 84 485 1
84 40 485 1
41 96 611 1
96 41 611 1
95 99 272 1
99 95 272 1
95 101 458 1
101 95 458 1
13 91 1074 1
91 13 1074 1
25 37 745 1
37 25 745 1
40 81 874 1
81 40 874 1
97 105 299 1
105 97 299 1
10 52 956 1
52 10 956 1
34 114 610 1
114 34 610 1
40 45 979 1
45 40 979 1
76 83 717 1
83 76 717 1
2 10 438 1
10 2 438 1
3 53 1253 1
53 3 1253 1
24 54 987 1
54 24 987 1
26 88 791 1
88 26 791 1
28 30 436 1
30 28 436 1
34 69 465 1
69 34 465 1
38 80 426 1
80 38 426 1
54 90 282 1
90 54 282 1
63 71 659 1
71 63 659 1
10 51 1261 1
51 10 1261 1
33 34 394 1
34 33 394 1
37 47 493 1
47 37 493 1
37 71 401 1
71 37 401 1
51 112 579 1
112 51 579 1
92 112 325 1
112 92 325 1
102 111 440 1
111 102 440 1
4 65 1344 1
65 4 1344 1
46 51 585 1
51 46 585 1
58 92 982 1
92 58 982 1
65 107 863 1
107 65 863 1
73 85 516 1
85 73 516 1
13 38 919 1
38 13 919 1
17 109 666 1
109 17 666 1
3 6 559 1
6 3 559 1
3 86 986 1
86 3 986 1
21 84 830 1
84 21 830 1
52 113 478 1
113 52 478 1
64 76 611 1
76 64 611 1
67 110 507 1
110 67 507 1
75 95 407 1
95 75 407 1
11 98 1130 1
98 11 1130 1
32 41 693 1
41 32 693 1
59 113 994 1
113 59 994 1
83 94 771 1
94 83 771 1
93 97 371 1
97 93 371 1
1 8 1115 1
8 1 1115 1
6 53 1419 1
53 6 1419 1
12 65 1303 1
65 12 1303 1
14 27 449 1
27 14 449 1
15 88 1097 1
88 15 1097 1
26 91 1131 1
91 26 1131 1
53 90 787 1
90 53 787 1
3 104 1246 1
104 3 1246 1
12 100 1084 1
100 12 1084 1
14 82 179 1
82 14 179 1
31 78 755 1
78 31 755 1
37 63 543 1
63 37 543 1
51 93 605 1
93 51 605 1
1 93 1107 1
93 1 1107 1
10 70 382 1
70 10 382 1
11 90 1290 1
90 11 1290 1
12 54 794 1
54 12 794 1
31 82 641 1
82 31 641 1
42 98 381 1
98 42 381 1
72 77 430 1
77 72 430 1
111 114 232 1
114 111 232 1
19 82 964 1
82 19 964 1
32 83 847 1
83 32 847 1
53 61 678 1
61 53 678 1
0 100 1107 1
100 0 1107 1
1 57 172 1
57 1 172 1
8 105 1137 1
105 8 1137 1
9 75 548 1
75 9 548 1
10 100 983 1
100 10 983 1
12 50 1114 1
50 12 1114 1
15 54 1028 1
54 15 1028 1
51 98 763 1
98 51 763 1
60 75 915 1
75 60 915 1
60 89 1195 1
89 60 1195 1
64 66 392 1
66 64 392 1
1 62 1027 1
62 1 1027 1
3 89 961 1
89 3 961 1
11 91 974 1
91 11 974 1
38 56 731 1
56 38 731 1
39 99 432 1
99 39 432 1
1 83 729 1
83 1 729 1
9 93 1250 1
93 9 1250 1
10 89 1185 1
89 10 1185 1
48 102 819 1
102 48 819 1
55 79 394 1
79 55 394 1
61 104 1114 1
104 61 1114 1
91 107 371 1
107 91 371 1
91 115 428 1
115 91 428 1
4 5 350 1
5 4 350 1
36 43 693 1
43 36 693 1
64 74 751 1
74 64 751 1
66 68 378 1
68 66 378 1
102 109 475 1
109 102 475 1
106 112 479 1
112 106 479 1
3 33 424 1
33 3 424 1
12 90 1061 1
90 12 1061 1
14 54 716 1
54 14 716 1
15 112 1123 1
112 15 1123 1
47 78 767 1
78 47 767 1
72 95 570 1
95 72 570 1
98 105 417 1
105 98 417 1
34 109 367 1
109 34 367 1
38 81 841 1
81 38 841 1
75 94 515 1
94 75 515 1
76 109 320 1
109 76 320 1
93 94 560 1
94 93 560 1
0 98 918 1
98 0 918 1
6 88 860 1
88 6 860 1
12 48 1186 1
48 12 1186 1
27 58 1265 1
58 27 1265 1
40 78 376 1
78 40 376 1
60 83 1265 1
83 60 1265 1
65 93 802 1
93 65 802 1
0 7 871 1
7 0 871 1
11 77 511 1
77 11 511 1
41 64 1081 1
64 41 1081 1
44 94 628 1
94 44 628 1
47 97 280 1
97 47 280 1
49 110 518 1
110 49 518 1
55 97 173 1
97 55 173 1
69 87 1163 1
87 69 1163 1
97 98 437 1
98 97 437 1
1 63 334 1
63 1 334 1
18 23 573 1
23 18 573 1
48 92 683 1
92 48 683 1
4 58 1292 1
58 4 1292 1
10 53 1310 1
53 10 1310 1
18 30 564 1
30 18 564 1
38 82 362 1
82 38 362 1
39 87 370 1
87 39 370 1
64 65 897 1
65 64 897 1
70 88 635 1
88 70 635 1
11 95 744 1
95 11 744 1
33 60 632 1
60 33 632 1
42 111 258 1
111 42 258 1
44 67 332 1
67 44 332 1
48 110 500 1
110 48 500 1
50 112 538 1
112 50 538 1
54 102 313 1
102 54 313 1
65 106 1085 1
106 65 1085 1
71 87 510 1
87 71 510 1
8 109 958 1
109 8 958 1
11 14 937 1
14 11 937 1
29 99 709 1
99 29 709 1
66 84 731 1
84 66 731 1
1 12 1022 1
12 1 1022 1
4 19 922 1
19 4 922 1
4 60 1138 1
60 4 1138 1
8 88 819 1
88 8 819 1
17 19 648 1
19 17 648 1
18 111 1051 1
111 18 1051 1
33 95 646 1
95 33 646 1
50 98 448 1
98 50 448 1
83 86 863 1
86 83 863 1
93 108 478 1
108 93 478 1
105 106 359 1
106 105 359 1
32 78 484 1
78 32 484 1
37 46 651 1
46 37 651 1
42 97 497 1
97 42 497 1
48 55 832 1
55 48 832 1
63 108 791 1
108 63 791 1
80 83 1100 1
83 80 1100 1
5 112 1217 1
112 5 1217 1
13 100 1359 1
100 13 1359 1
19 90 1212 1
90 19 1212 1
32 36 555 1
36 32 555 1
43 78 794 1
78 43 794 1
53 83 977 1
83 53 977 1
95 114 280 1
114 95 280 1
8 54 913 1
54 8 913 1
8 61 1371 1
61 8 1371 1
50 85 1013 1
85 50 1013 1
52 105 664 1
105 52 664 1
73 108 560 1
108 73 560 1
80 87 1107 1
87 80 1107 1
94 103 496 1
103 94 496 1
104 110 417 1
110 104 417 1
3 92 1420 1
92 3 1420 1
5 106 957 1
106 5 957 1
20 22 544 1
22 20 544 1
23 93 1407 1
93 23 1407 1
32 46 706 1
46 32 706 1
