116 2668
30 31 127 1
31 30 127 1
26 27 135 1
27 26 135 1
62 63 1134 1
63 62 1134 1
7 9 490 1
9 7 490 1
80 81 1113 1
81 80 1113 1
38 39 465 1
39 38 465 1
7 65 934 1
65 7 934 1
5 9 157 1
9 5 157 1
28 72 116 1
72 28 116 1
104 105 204 1
105 104 204 1
36 41 570 1
41 36 570 1
42 43 239 1
43 42 239 1
22 88 1044 1
88 22 1044 1
84 85 1130 1
85 84 1130 1
95 109 146 1
109 95 146 1
16 80 152 1
80 16 152 1
17 81 182 1
81 17 182 1
56 57 840 1
57 56 840 1
52 58 705 1
58 52 705 1
36 38 122 1
38 36 122 1
36 39 517 1
39 36 517 1
68 69 164 1
69 68 164 1
103 104 369 1
104 103 369 1
1 68 549 1
68 1 549 1
7 33 515 1
33 7 515 1
16 81 1063 1
81 16 1063 1
58 59 496 1
59 58 496 1
0 1 800 1
1 0 800 1
103 105 173 1
105 103 173 1
11 13 168 1
13 11 168 1
55 96 492 1
96 55 492 1
9 15 219 1
15 9 219 1
24 25 135 1
25 24 135 1
46 78 577 1
78 46 577 1
1 59 541 1
59 1 541 1
60 90 787 1
90 60 787 1
46 84 530 1
84 46 530 1
61 65 175 1
65 61 175 1
78 80 116 1
80 78 116 1
73 75 84 1
75 73 84 1
90 103 653 1
103 90 653 1
97 115 218 1
115 97 218 1
48 67 417 1
67 48 417 1
73 74 458 1
74 73 458 1
105 107 233 1
107 105 233 1
91 103 258 1
103 91 258 1
17 80 1070 1
80 17 1070 1
60 69 564 1
69 60 564 1
58 60 266 1
60 58 266 1
78 79 878 1
79 78 878 1
28 29 741 1
29 28 741 1
38 54 263 1
54 38 263 1
46 98 212 1
98 46 212 1
17 29 223 1
29 17 223 1
49 51 172 1
51 49 172 1
0 12 517 1
12 0 517 1
29 72 629 1
72 29 629 1
92 105 456 1
105 92 456 1
11 15 385 1
15 11 385 1
22 24 386 1
24 22 386 1
39 96 494 1
96 39 494 1
38 96 284 1
96 38 284 1
48 49 410 1
49 48 410 1
97 109 174 1
109 97 174 1
0 18 364 1
18 0 364 1
91 93 118 1
93 91 118 1
46 81 867 1
81 46 867 1
5 15 278 1
15 5 278 1
19 69 323 1
69 19 323 1
59 62 914 1
62 59 914 1
59 69 338 1
69 59 338 1
42 46 173 1
46 42 173 1
69 90 1119 1
90 69 1119 1
22 50 1336 1
50 22 1336 1
73 76 450 1
76 73 450 1
5 7 538 1
7 5 538 1
28 83 861 1
83 28 861 1
54 55 651 1
55 54 651 1
7 61 813 1
61 7 813 1
1 69 441 1
69 1 441 1
36 87 808 1
87 36 808 1
75 76 374 1
76 75 374 1
59 66 363 1
66 59 363 1
78 81 1002 1
81 78 1002 1
16 78 122 1
78 16 122 1
57 68 520 1
68 57 520 1
59 60 718 1
60 59 718 1
22 23 140 1
23 22 140 1
99 111 265 1
111 99 265 1
22 30 218 1
30 22 218 1
36 37 542 1
37 36 542 1
2 6 165 1
6 2 165 1
13 15 277 1
15 13 277 1
12 14 278 1
14 12 278 1
90 91 735 1
91 90 735 1
47 110 210 1
110 47 210 1
37 96 506 1
96 37 506 1
46 96 270 1
96 46 270 1
50 88 679 1
88 50 679 1
4 6 536 1
6 4 536 1
9 65 1235 1
65 9 1235 1
1 60 923 1
60 1 923 1
46 55 584 1
55 46 584 1
17 72 781 1
72 17 781 1
46 79 801 1
79 46 801 1
48 58 400 1
58 48 400 1
10 14 380 1
14 10 380 1
94 97 266 1
97 94 266 1
96 110 214 1
110 96 214 1
1 63 334 1
63 1 334 1
6 7 710 1
7 6 710 1
23 31 199 1
31 23 199 1
20 77 434 1
77 20 434 1
60 61 893 1
61 60 893 1
86 87 805 1
87 86 805 1
91 111 390 1
111 91 390 1
24 30 283 1
30 24 283 1
13 61 843 1
61 13 843 1
9 61 1165 1
61 9 1165 1
71 77 297 1
77 71 297 1
17 28 894 1
28 17 894 1
54 96 167 1
96 54 167 1
70 71 263 1
71 70 263 1
9 33 834 1
33 9 834 1
16 56 380 1
56 16 380 1
22 25 402 1
25 22 402 1
25 39 702 1
39 25 702 1
33 35 375 1
35 33 375 1
90 105 516 1
105 90 516 1
29 83 227 1
83 29 227 1
36 85 845 1
85 36 845 1
90 104 351 1
104 90 351 1
59 63 501 1
63 59 501 1
91 99 166 1
99 91 166 1
36 96 257 1
96 36 257 1
2 18 379 1
18 2 379 1
37 38 515 1
38 37 515 1
37 55 221 1
55 37 221 1
50 84 554 1
84 50 554 1
3 23 271 1
23 3 271 1
84 88 224 1
88 84 224 1
104 106 195 1
106 104 195 1
0 58 565 1
58 0 565 1
43 55 485 1
55 43 485 1
52 60 638 1
60 52 638 1
24 34 1021 1
34 24 1021 1
34 50 475 1
50 34 475 1
97 111 292 1
111 97 292 1
7 15 461 1
15 7 461 1
36 108 330 1
108 36 330 1
7 11 254 1
11 7 254 1
16 17 998 1
17 16 998 1
42 84 665 1
84 42 665 1
59 90 1104 1
90 59 1104 1
7 64 1244 1
64 7 1244 1
25 31 272 1
31 25 272 1
48 52 415 1
52 48 415 1
19 33 238 1
33 19 238 1
20 110 682 1
110 20 682 1
54 98 204 1
98 54 204 1
38 55 598 1
55 38 598 1
41 108 476 1
108 41 476 1
98 99 479 1
99 98 479 1
16 57 981 1
57 16 981 1
23 88 1119 1
88 23 1119 1
1 62 1027 1
62 1 1027 1
15 29 295 1
29 15 295 1
25 38 749 1
38 25 749 1
67 104 923 1
104 67 923 1
5 65 1232 1
65 5 1232 1
7 35 816 1
35 7 816 1
35 65 453 1
65 35 453 1
58 66 198 1
66 58 198 1
62 69 736 1
69 62 736 1
106 107 486 1
107 106 486 1
21 39 356 1
39 21 356 1
39 54 618 1
54 39 618 1
72 81 860 1
81 72 860 1
12 26 521 1
26 12 521 1
24 31 318 1
31 24 318 1
35 45 385 1
45 35 385 1
60 62 241 1
62 60 241 1
85 87 616 1
87 85 616 1
6 8 485 1
8 6 485 1
28 80 329 1
80 28 329 1
28 81 975 1
81 28 975 1
30 50 1195 1
50 30 1195 1
3 65 942 1
65 3 942 1
45 67 282 1
67 45 282 1
76 77 238 1
77 76 238 1
4 5 350 1
5 4 350 1
3 89 961 1
89 3 961 1
22 31 234 1
31 22 234 1
46 54 354 1
54 46 354 1
100 104 240 1
104 100 240 1
25 43 1261 1
43 25 1261 1
20 47 858 1
47 20 858 1
22 34 922 1
34 22 922 1
37 39 117 1
39 37 117 1
42 50 271 1
50 42 271 1
47 96 412 1
96 47 412 1
46 80 618 1
80 46 618 1
44 45 194 1
45 44 194 1
69 104 1167 1
104 69 1167 1
31 42 1171 1
42 31 1171 1
70 76 285 1
76 70 285 1
103 111 432 1
111 103 432 1
90 106 378 1
106 90 378 1
114 115 96 1
115 114 96 1
0 68 414 1
68 0 414 1
55 98 606 1
98 55 606 1
97 114 263 1
114 97 263 1
5 61 1171 1
61 5 1171 1
21 25 360 1
25 21 360 1
60 106 915 1
106 60 915 1
41 74 484 1
74 41 484 1
60 67 538 1
67 60 538 1
100 107 640 1
107 100 640 1
72 80 384 1
80 72 384 1
103 107 239 1
107 103 239 1
21 36 510 1
36 21 510 1
31 84 971 1
84 31 971 1
67 90 867 1
90 67 867 1
92 103 574 1
103 92 574 1
36 40 213 1
40 36 213 1
39 55 254 1
55 39 254 1
46 47 309 1
47 46 309 1
25 87 575 1
87 25 575 1
26 68 1080 1
68 26 1080 1
30 42 1143 1
42 30 1143 1
10 84 516 1
84 10 516 1
78 84 235 1
84 78 235 1
11 65 770 1
65 11 770 1
0 60 405 1
60 0 405 1
9 11 523 1
11 9 523 1
9 29 484 1
29 9 484 1
1 58 829 1
58 1 829 1
42 85 771 1
85 42 771 1
58 67 368 1
67 58 368 1
93 101 103 1
101 93 103 1
109 115 211 1
115 109 211 1
25 47 1189 1
47 25 1189 1
36 54 228 1
54 36 228 1
102 103 508 1
103 102 508 1
2 8 554 1
8 2 554 1
3 64 1134 1
64 3 1134 1
25 42 1319 1
42 25 1319 1
52 59 956 1
59 52 956 1
20 25 402 1
25 20 402 1
61 107 939 1
107 61 939 1
43 47 146 1
47 43 146 1
92 93 608 1
93 92 608 1
101 103 106 1
103 101 106 1
46 85 782 1
85 46 782 1
69 103 1214 1
103 69 1214 1
74 76 203 1
76 74 203 1
1 90 1264 1
90 1 1264 1
30 112 1143 1
112 30 1143 1
92 104 310 1
104 92 310 1
16 46 699 1
46 16 699 1
25 96 984 1
96 25 984 1
49 61 452 1
61 49 452 1
59 61 271 1
61 59 271 1
100 105 430 1
105 100 430 1
59 68 484 1
68 59 484 1
60 103 1182 1
103 60 1182 1
6 15 884 1
15 6 884 1
20 96 592 1
96 20 592 1
25 50 1404 1
50 25 1404 1
47 55 367 1
55 47 367 1
104 107 401 1
107 104 401 1
30 84 877 1
84 30 877 1
59 67 245 1
67 59 245 1
94 114 259 1
114 94 259 1
24 88 947 1
88 24 947 1
56 68 408 1
68 56 408 1
82 87 849 1
87 82 849 1
92 100 157 1
100 92 157 1
1 18 493 1
18 1 493 1
6 29 840 1
29 6 840 1
43 46 341 1
46 43 341 1
47 54 568 1
54 47 568 1
95 97 97 1
97 95 97 1
96 98 184 1
98 96 184 1
40 83 731 1
83 40 731 1
50 87 1314 1
87 50 1314 1
79 84 1035 1
84 79 1035 1
27 74 478 1
74 27 478 1
28 40 248 1
40 28 248 1
17 83 381 1
83 17 381 1
79 81 136 1
81 79 136 1
48 60 501 1
60 48 501 1
75 77 210 1
77 75 210 1
13 65 935 1
65 13 935 1
18 60 647 1
60 18 647 1
81 98 940 1
98 81 940 1
50 86 1077 1
86 50 1077 1
31 46 1090 1
46 31 1090 1
51 59 486 1
59 51 486 1
61 90 1156 1
90 61 1156 1
9 64 1448 1
64 9 1448 1
24 38 730 1
38 24 730 1
24 84 1013 1
84 24 1013 1
29 81 342 1
81 29 342 1
99 103 258 1
103 99 258 1
60 107 1124 1
107 60 1124 1
94 111 316 1
111 94 316 1
65 67 361 1
67 65 361 1
37 73 278 1
73 37 278 1
24 42 1334 1
42 24 1334 1
45 65 388 1
65 45 388 1
15 83 194 1
83 15 194 1
21 31 344 1
31 21 344 1
59 106 1174 1
106 59 1174 1
0 52 934 1
52 0 934 1
39 108 341 1
108 39 341 1
49 59 382 1
59 49 382 1
1 19 351 1
19 1 351 1
6 61 1132 1
61 6 1132 1
30 34 790 1
34 30 790 1
34 70 564 1
70 34 564 1
42 47 281 1
47 42 281 1
82 84 544 1
84 82 544 1
95 115 205 1
115 95 205 1
56 78 391 1
78 56 391 1
7 29 417 1
29 7 417 1
17 73 298 1
73 17 298 1
18 58 669 1
58 18 669 1
23 84 1113 1
84 23 1113 1
40 108 451 1
108 40 451 1
52 108 555 1
108 52 555 1
56 79 965 1
79 56 965 1
69 106 1139 1
106 69 1139 1
93 103 173 1
103 93 173 1
5 49 1365 1
49 5 1365 1
6 33 588 1
33 6 588 1
9 35 1031 1
35 9 1031 1
21 38 458 1
38 21 458 1
29 73 113 1
73 29 113 1
31 70 334 1
70 31 334 1
92 111 381 1
111 92 381 1
1 32 484 1
32 1 484 1
22 84 1027 1
84 22 1027 1
22 86 800 1
86 22 800 1
25 34 1006 1
34 25 1006 1
31 71 265 1
71 31 265 1
58 90 890 1
90 58 890 1
24 50 1395 1
50 24 1395 1
67 69 345 1
69 67 345 1
0 4 861 1
4 0 861 1
5 26 263 1
26 5 263 1
19 90 1212 1
90 19 1212 1
20 55 690 1
55 20 690 1
33 65 634 1
65 33 634 1
105 115 176 1
115 105 176 1
95 105 309 1
105 95 309 1
20 38 349 1
38 20 349 1
30 46 1051 1
46 30 1051 1
38 87 730 1
87 38 730 1
4 19 922 1
19 4 922 1
69 105 1158 1
105 69 1158 1
6 64 941 1
64 6 941 1
16 28 220 1
28 16 220 1
23 25 373 1
25 23 373 1
64 65 897 1
65 64 897 1
82 85 1121 1
85 82 1121 1
90 101 719 1
101 90 719 1
33 61 545 1
61 33 545 1
39 87 370 1
87 39 370 1
43 84 824 1
84 43 824 1
45 49 111 1
49 45 111 1
94 105 354 1
105 94 354 1
59 103 1115 1
103 59 1115 1
63 69 603 1
69 63 603 1
94 95 213 1
95 94 213 1
29 71 259 1
71 29 259 1
60 63 1021 1
63 60 1021 1
69 97 875 1
97 69 875 1
4 49 1415 1
49 4 1415 1
24 82 536 1
82 24 536 1
91 101 197 1
101 91 197 1
54 87 939 1
87 54 939 1
12 68 874 1
68 12 874 1
19 61 611 1
61 19 611 1
69 107 1110 1
107 69 1110 1
105 114 152 1
114 105 152 1
37 41 217 1
41 37 217 1
43 50 494 1
50 43 494 1
43 54 646 1
54 43 646 1
48 51 548 1
51 48 548 1
1 4 1035 1
4 1 1035 1
23 30 259 1
30 23 259 1
13 48 1332 1
48 13 1332 1
29 44 1005 1
44 29 1005 1
38 46 544 1
46 38 544 1
56 74 591 1
74 56 591 1
72 73 517 1
73 72 517 1
78 98 547 1
98 78 547 1
4 61 1291 1
61 4 1291 1
91 100 719 1
100 91 719 1
5 27 165 1
27 5 165 1
21 55 604 1
55 21 604 1
34 88 672 1
88 34 672 1
38 40 158 1
40 38 158 1
59 107 1064 1
107 59 1064 1
10 12 181 1
12 10 181 1
40 41 506 1
41 40 506 1
95 110 248 1
110 95 248 1
25 88 998 1
88 25 998 1
58 69 426 1
69 58 426 1
26 74 432 1
74 26 432 1
31 112 1166 1
112 31 1166 1
93 111 397 1
111 93 397 1
95 99 272 1
99 95 272 1
58 68 392 1
68 58 392 1
59 100 1223 1
100 59 1223 1
76 84 486 1
84 76 486 1
81 84 1146 1
84 81 1146 1
94 115 181 1
115 94 181 1
5 6 733 1
6 5 733 1
11 29 239 1
29 11 239 1
24 85 1108 1
85 24 1108 1
43 85 559 1
85 43 559 1
90 107 713 1
107 90 713 1
90 114 392 1
114 90 392 1
95 111 347 1
111 95 347 1
23 50 1386 1
50 23 1386 1
29 80 961 1
80 29 961 1
31 50 1246 1
50 31 1246 1
22 70 443 1
70 22 443 1
6 9 834 1
9 6 834 1
22 43 1259 1
43 22 1259 1
25 30 292 1
30 25 292 1
31 47 1060 1
47 31 1060 1
73 81 406 1
81 73 406 1
4 14 255 1
14 4 255 1
69 100 1235 1
100 69 1235 1
72 76 257 1
76 72 257 1
1 61 385 1
61 1 385 1
41 85 509 1
85 41 509 1
84 98 455 1
98 84 455 1
80 98 568 1
98 80 568 1
105 106 359 1
106 105 359 1
12 52 1107 1
52 12 1107 1
19 94 903 1
94 19 903 1
30 70 259 1
70 30 259 1
37 43 584 1
43 37 584 1
40 72 200 1
72 40 200 1
61 106 1151 1
106 61 1151 1
94 109 127 1
109 94 127 1
10 23 699 1
23 10 699 1
23 85 1053 1
85 23 1053 1
80 83 1100 1
83 80 1100 1
37 75 239 1
75 37 239 1
50 53 744 1
53 50 744 1
73 77 274 1
77 73 274 1
76 110 394 1
110 76 394 1
97 105 299 1
105 97 299 1
20 39 459 1
39 20 459 1
38 110 451 1
110 38 451 1
50 112 538 1
112 50 538 1
111 115 269 1
115 111 269 1
60 104 980 1
104 60 980 1
97 99 180 1
99 97 180 1
100 106 280 1
106 100 280 1
12 27 629 1
27 12 629 1
38 47 654 1
47 38 654 1
50 85 1013 1
85 50 1013 1
91 92 669 1
92 91 669 1
92 114 349 1
114 92 349 1
99 109 321 1
109 99 321 1
0 14 728 1
14 0 728 1
3 50 1273 1
50 3 1273 1
52 90 240 1
90 52 240 1
111 114 232 1
114 111 232 1
10 85 1188 1
85 10 1188 1
35 64 566 1
64 35 566 1
43 96 503 1
96 43 503 1
69 94 883 1
94 69 883 1
4 60 1138 1
60 4 1138 1
90 100 182 1
100 90 182 1
71 73 163 1
73 71 163 1
4 69 1158 1
69 4 1158 1
8 107 1063 1
107 8 1063 1
20 76 380 1
76 20 380 1
61 67 382 1
67 61 382 1
14 15 772 1
15 14 772 1
16 63 1092 1
63 16 1092 1
19 100 1295 1
100 19 1295 1
31 85 906 1
85 31 906 1
27 56 1022 1
56 27 1022 1
33 64 737 1
64 33 737 1
42 78 692 1
78 42 692 1
69 91 1081 1
91 69 1081 1
0 26 879 1
26 0 879 1
25 110 1042 1
110 25 1042 1
37 76 441 1
76 37 441 1
79 80 991 1
80 79 991 1
4 63 1183 1
63 4 1183 1
21 23 542 1
23 21 542 1
21 83 382 1
83 21 382 1
30 43 1104 1
43 30 1104 1
99 105 287 1
105 99 287 1
3 31 315 1
31 3 315 1
25 36 797 1
36 25 797 1
34 77 351 1
77 34 351 1
81 85 175 1
85 81 175 1
87 88 1035 1
88 87 1035 1
93 99 208 1
99 93 208 1
24 87 679 1
87 24 679 1
28 36 321 1
36 28 321 1
41 83 252 1
83 41 252 1
41 87 263 1
87 41 263 1
42 55 629 1
55 42 629 1
42 56 786 1
56 42 786 1
86 88 460 1
88 86 460 1
20 31 387 1
31 20 387 1
47 50 544 1
50 47 544 1
52 69 993 1
69 52 993 1
16 72 287 1
72 16 287 1
21 85 716 1
85 21 716 1
53 55 448 1
55 53 448 1
3 88 1145 1
88 3 1145 1
91 102 669 1
102 91 669 1
102 104 159 1
104 102 159 1
1 57 172 1
57 1 172 1
17 76 648 1
76 17 648 1
18 32 279 1
32 18 279 1
30 85 964 1
85 30 964 1
32 61 611 1
61 32 611 1
12 74 431 1
74 12 431 1
73 84 919 1
84 73 919 1
24 43 1300 1
43 24 1300 1
25 55 952 1
55 25 952 1
27 68 1083 1
68 27 1083 1
29 76 555 1
76 29 555 1
22 42 1301 1
42 22 1301 1
34 43 397 1
43 34 397 1
52 68 984 1
68 52 984 1
62 103 1159 1
103 62 1159 1
100 103 576 1
103 100 576 1
24 36 774 1
36 24 774 1
92 102 211 1
102 92 211 1
59 104 1146 1
104 59 1146 1
34 110 327 1
110 34 327 1
39 41 161 1
41 39 161 1
48 59 599 1
59 48 599 1
70 77 376 1
77 70 376 1
22 47 1230 1
47 22 1230 1
27 79 707 1
79 27 707 1
37 54 645 1
54 37 645 1
22 110 1082 1
110 22 1082 1
24 112 1273 1
112 24 1273 1
36 55 626 1
55 36 626 1
52 106 576 1
106 52 576 1
1 52 1206 1
52 1 1206 1
9 19 928 1
19 9 928 1
34 42 401 1
42 34 401 1
47 53 268 1
53 47 268 1
49 67 315 1
67 49 315 1
81 83 446 1
83 81 446 1
8 105 1137 1
105 8 1137 1
17 78 955 1
78 17 955 1
42 70 898 1
70 42 898 1
55 81 401 1
81 55 401 1
70 75 355 1
75 70 355 1
7 92 1445 1
92 7 1445 1
17 63 324 1
63 17 324 1
22 76 708 1
76 22 708 1
46 56 752 1
56 46 752 1
6 14 476 1
14 6 476 1
12 48 1186 1
48 12 1186 1
16 98 666 1
98 16 666 1
87 110 837 1
110 87 837 1
15 61 998 1
61 15 998 1
31 43 1106 1
43 31 1106 1
77 110 393 1
110 77 393 1
0 56 174 1
56 0 174 1
16 73 769 1
73 16 769 1
20 71 311 1
71 20 311 1
32 63 656 1
63 32 656 1
55 78 841 1
78 55 841 1
78 85 1017 1
85 78 1017 1
92 115 404 1
115 92 404 1
7 13 237 1
13 7 237 1
11 33 518 1
33 11 518 1
18 19 147 1
19 18 147 1
43 70 885 1
70 43 885 1
98 102 260 1
102 98 260 1
3 25 566 1
25 3 566 1
90 92 135 1
92 90 135 1
3 34 810 1
34 3 810 1
4 18 866 1
18 4 866 1
7 45 1151 1
45 7 1151 1
42 54 525 1
54 42 525 1
55 76 571 1
76 55 571 1
94 99 399 1
99 94 399 1
22 112 1335 1
112 22 1335 1
25 54 1008 1
54 25 1008 1
25 86 638 1
86 25 638 1
87 108 698 1
108 87 698 1
34 76 309 1
76 34 309 1
42 88 725 1
88 42 725 1
60 68 469 1
68 60 469 1
1 49 776 1
49 1 776 1
4 12 434 1
12 4 434 1
4 15 597 1
15 4 597 1
7 19 519 1
19 7 519 1
31 76 584 1
76 31 584 1
66 102 974 1
102 66 974 1
29 77 357 1
77 29 357 1
46 50 303 1
50 46 303 1
53 80 1109 1
80 53 1109 1
55 85 300 1
85 55 300 1
90 97 593 1
97 90 593 1
92 107 674 1
107 92 674 1
29 33 510 1
33 29 510 1
70 84 638 1
84 70 638 1
31 38 708 1
38 31 708 1
105 111 367 1
111 105 367 1
19 107 1100 1
107 19 1100 1
37 85 343 1
85 37 343 1
46 70 798 1
70 46 798 1
80 84 162 1
84 80 162 1
97 103 349 1
103 97 349 1
0 10 381 1
10 0 381 1
47 95 361 1
95 47 361 1
55 84 914 1
84 55 914 1
53 81 650 1
81 53 650 1
10 22 580 1
22 10 580 1
12 60 825 1
60 12 825 1
13 49 1151 1
49 13 1151 1
36 46 482 1
46 36 482 1
103 115 322 1
115 103 322 1
30 76 537 1
76 30 537 1
44 49 304 1
49 44 304 1
22 87 870 1
87 22 870 1
31 34 815 1
34 31 815 1
0 59 847 1
59 0 847 1
6 65 1218 1
65 6 1218 1
11 61 675 1
61 11 675 1
15 49 1219 1
49 15 1219 1
32 33 149 1
33 32 149 1
38 43 745 1
43 38 745 1
68 90 1109 1
90 68 1109 1
91 104 542 1
104 91 542 1
72 83 754 1
83 72 754 1
101 102 595 1
102 101 595 1
103 106 532 1
106 103 532 1
1 12 1022 1
12 1 1022 1
55 80 931 1
80 55 931 1
36 83 816 1
83 36 816 1
38 108 316 1
108 38 316 1
48 61 765 1
61 48 765 1
63 72 944 1
72 63 944 1
9 13 376 1
13 9 376 1
16 84 311 1
84 16 311 1
26 52 1199 1
52 26 1199 1
30 38 642 1
38 30 642 1
30 81 847 1
81 30 847 1
43 76 617 1
76 43 617 1
49 65 308 1
65 49 308 1
56 63 1014 1
63 56 1014 1
62 68 629 1
68 62 629 1
96 108 167 1
108 96 167 1
99 113 264 1
113 99 264 1
3 85 893 1
85 3 893 1
5 51 1334 1
51 5 1334 1
35 61 480 1
61 35 480 1
47 112 265 1
112 47 265 1
48 90 628 1
90 48 628 1
66 67 177 1
67 66 177 1
109 111 273 1
111 109 273 1
5 29 493 1
29 5 493 1
30 88 865 1
88 30 865 1
84 112 720 1
112 84 720 1
92 95 594 1
95 92 594 1
45 48 304 1
48 45 304 1
60 105 1068 1
105 60 1068 1
4 26 161 1
26 4 161 1
5 11 579 1
11 5 579 1
0 69 556 1
69 0 556 1
22 46 1224 1
46 22 1224 1
42 76 612 1
76 42 612 1
79 98 871 1
98 79 871 1
16 74 335 1
74 16 335 1
26 56 972 1
56 26 972 1
37 110 431 1
110 37 431 1
47 111 188 1
111 47 188 1
77 95 322 1
95 77 322 1
5 13 461 1
13 5 461 1
13 60 1245 1
60 13 1245 1
17 44 951 1
44 17 951 1
23 43 1259 1
43 23 1259 1
24 47 1229 1
47 24 1229 1
52 54 402 1
54 52 402 1
21 87 397 1
87 21 397 1
63 68 745 1
68 63 745 1
66 68 378 1
68 66 378 1
5 45 1343 1
45 5 1343 1
18 61 737 1
61 18 737 1
21 28 487 1
28 21 487 1
105 109 371 1
109 105 371 1
31 88 956 1
88 31 956 1
39 110 466 1
110 39 466 1
67 106 941 1
106 67 941 1
101 115 407 1
115 101 407 1
4 48 1379 1
48 4 1379 1
16 79 934 1
79 16 934 1
19 105 1190 1
105 19 1190 1
21 96 648 1
96 21 648 1
59 102 1214 1
102 59 1214 1
61 100 1241 1
100 61 1241 1
63 80 1146 1
80 63 1146 1
99 114 265 1
114 99 265 1
0 74 551 1
74 0 551 1
24 76 734 1
76 24 734 1
58 103 1188 1
103 58 1188 1
9 92 1428 1
92 9 1428 1
15 65 1052 1
65 15 1052 1
20 70 213 1
70 20 213 1
42 44 208 1
44 42 208 1
42 98 381 1
98 42 381 1
47 70 837 1
70 47 837 1
48 108 684 1
108 48 684 1
58 101 1214 1
101 58 1214 1
62 90 707 1
90 62 707 1
41 73 204 1
73 41 204 1
58 62 503 1
62 58 503 1
99 102 560 1
102 99 560 1
8 33 863 1
33 8 863 1
16 29 882 1
29 16 882 1
47 76 575 1
76 47 575 1
31 77 552 1
77 31 552 1
31 86 707 1
86 31 707 1
39 47 551 1
47 39 551 1
93 109 510 1
109 93 510 1
99 115 285 1
115 99 285 1
29 40 655 1
40 29 655 1
74 75 389 1
75 74 389 1
90 93 690 1
93 90 690 1
6 18 473 1
18 6 473 1
97 113 312 1
113 97 312 1
19 60 706 1
60 19 706 1
42 81 865 1
81 42 865 1
54 85 906 1
85 54 906 1
58 106 1039 1
106 58 1039 1
85 89 220 1
89 85 220 1
91 107 371 1
107 91 371 1
70 73 402 1
73 70 402 1
10 16 218 1
16 10 218 1
17 55 513 1
55 17 513 1
46 53 547 1
53 46 547 1
57 69 378 1
69 57 378 1
76 79 567 1
79 76 567 1
0 63 1010 1
63 0 1010 1
38 85 837 1
85 38 837 1
46 99 446 1
99 46 446 1
51 65 287 1
65 51 287 1
92 94 455 1
94 92 455 1
111 112 111 1
112 111 111 1
4 58 1292 1
58 4 1292 1
25 85 1018 1
85 25 1018 1
55 70 737 1
70 55 737 1
0 48 847 1
48 0 847 1
3 30 397 1
30 3 397 1
37 47 493 1
47 37 493 1
103 114 282 1
114 103 282 1
10 56 466 1
56 10 466 1
20 34 683 1
34 20 683 1
24 46 1220 1
46 24 1220 1
54 81 951 1
81 54 951 1
71 75 163 1
75 71 163 1
88 89 1035 1
89 88 1035 1
91 105 371 1
105 91 371 1
18 59 713 1
59 18 713 1
30 47 1058 1
47 30 1058 1
20 95 541 1
95 20 541 1
22 79 859 1
79 22 859 1
23 79 797 1
79 23 797 1
36 81 848 1
81 36 848 1
71 72 402 1
72 71 402 1
94 107 417 1
107 94 417 1
20 54 606 1
54 20 606 1
47 77 509 1
77 47 509 1
85 98 861 1
98 85 861 1
90 102 246 1
102 90 246 1
19 106 1134 1
106 19 1134 1
42 112 333 1
112 42 333 1
71 76 392 1
76 71 392 1
96 113 315 1
113 96 315 1
58 61 717 1
61 58 717 1
66 101 1048 1
101 66 1048 1
1 48 985 1
48 1 985 1
1 103 1135 1
103 1 1135 1
24 110 1066 1
110 24 1066 1
28 71 506 1
71 28 506 1
37 87 433 1
87 37 433 1
51 52 786 1
52 51 786 1
56 80 431 1
80 56 431 1
67 107 894 1
107 67 894 1
72 77 430 1
77 72 430 1
23 112 1349 1
112 23 1349 1
31 81 775 1
81 31 775 1
90 111 396 1
111 90 396 1
0 32 356 1
32 0 356 1
73 80 850 1
80 73 850 1
21 41 236 1
41 21 236 1
6 35 860 1
35 6 860 1
24 70 465 1
70 24 465 1
31 55 879 1
55 31 879 1
51 67 436 1
67 51 436 1
2 58 959 1
58 2 959 1
20 21 185 1
21 20 185 1
26 57 1052 1
57 26 1052 1
29 75 189 1
75 29 189 1
34 37 540 1
37 34 540 1
58 108 852 1
108 58 852 1
11 19 598 1
19 11 598 1
11 32 663 1
32 11 663 1
17 40 824 1
40 17 824 1
17 46 930 1
46 17 930 1
54 84 309 1
84 54 309 1
84 87 1148 1
87 84 1148 1
76 86 587 1
86 76 587 1
7 8 828 1
8 7 828 1
36 84 341 1
84 36 341 1
1 26 956 1
26 1 956 1
3 7 185 1
7 3 185 1
17 32 646 1
32 17 646 1
54 110 373 1
110 54 373 1
56 84 539 1
84 56 539 1
62 66 562 1
66 62 562 1
76 96 361 1
96 76 361 1
9 49 1399 1
49 9 1399 1
56 81 1090 1
81 56 1090 1
67 103 944 1
103 67 944 1
12 58 1025 1
58 12 1025 1
37 84 862 1
84 37 862 1
42 73 906 1
73 42 906 1
73 79 296 1
79 73 296 1
2 67 952 1
67 2 952 1
17 82 1011 1
82 17 1011 1
25 37 745 1
37 25 745 1
47 98 442 1
98 47 442 1
68 97 933 1
97 68 933 1
77 112 648 1
112 77 648 1
109 110 135 1
110 109 135 1
4 13 743 1
13 4 743 1
19 64 848 1
64 19 848 1
23 86 866 1
86 23 866 1
32 72 471 1
72 32 471 1
34 87 945 1
87 34 945 1
82 83 881 1
83 82 881 1
92 97 585 1
97 92 585 1
97 101 398 1
101 97 398 1
9 44 1434 1
44 9 1434 1
28 41 661 1
41 28 661 1
76 88 509 1
88 76 509 1
50 54 543 1
54 50 543 1
102 105 355 1
105 102 355 1
47 99 231 1
99 47 231 1
92 99 572 1
99 92 572 1
1 107 981 1
107 1 981 1
37 46 651 1
46 37 651 1
58 63 892 1
63 58 892 1
0 27 931 1
27 0 931 1
20 75 348 1
75 20 348 1
36 98 402 1
98 36 402 1
54 108 319 1
108 54 319 1
67 105 903 1
105 67 903 1
85 96 743 1
96 85 743 1
93 110 487 1
110 93 487 1
36 82 401 1
82 36 401 1
39 46 678 1
46 39 678 1
48 69 703 1
69 48 703 1
56 73 886 1
73 56 886 1
71 81 550 1
81 71 550 1
81 99 581 1
99 81 581 1
95 113 351 1
113 95 351 1
99 110 299 1
110 99 299 1
107 111 490 1
111 107 490 1
8 106 905 1
106 8 905 1
10 18 609 1
18 10 609 1
23 24 403 1
24 23 403 1
23 64 1238 1
64 23 1238 1
40 85 900 1
85 40 900 1
46 112 262 1
112 46 262 1
101 111 463 1
111 101 463 1
14 18 837 1
18 14 837 1
16 42 811 1
42 16 811 1
43 88 861 1
88 43 861 1
84 86 610 1
86 84 610 1
99 101 266 1
101 99 266 1
43 78 794 1
78 43 794 1
72 75 453 1
75 72 453 1
19 104 1200 1
104 19 1200 1
42 96 429 1
96 42 429 1
69 101 1234 1
101 69 1234 1
79 96 717 1
96 79 717 1
87 96 843 1
96 87 843 1
100 102 87 1
102 100 87 1
50 70 943 1
70 50 943 1
59 101 1108 1
101 59 1108 1
62 104 898 1
104 62 898 1
63 81 293 1
81 63 293 1
69 102 1226 1
102 69 1226 1
85 88 1097 1
88 85 1097 1
11 14 937 1
14 11 937 1
11 64 1218 1
64 11 1218 1
21 24 413 1
24 21 413 1
53 54 818 1
54 53 818 1
69 111 906 1
111 69 906 1
4 9 500 1
9 4 500 1
4 68 1109 1
68 4 1109 1
20 43 937 1
43 20 937 1
26 86 416 1
86 26 416 1
27 43 1124 1
43 27 1124 1
46 88 560 1
88 46 560 1
51 89 661 1
89 51 661 1
64 88 675 1
88 64 675 1
110 112 272 1
112 110 272 1
40 71 481 1
71 40 481 1
56 98 821 1
98 56 821 1
17 84 1128 1
84 17 1128 1
38 81 841 1
81 38 841 1
61 63 238 1
63 61 238 1
67 108 667 1
108 67 667 1
3 22 347 1
22 3 347 1
3 84 1110 1
84 3 1110 1
7 49 1147 1
49 7 1147 1
14 82 179 1
82 14 179 1
19 32 289 1
32 19 289 1
39 85 433 1
85 39 433 1
43 44 290 1
44 43 290 1
47 84 791 1
84 47 791 1
57 78 938 1
78 57 938 1
64 92 764 1
92 64 764 1
19 91 1171 1
91 19 1171 1
19 114 1115 1
114 19 1115 1
30 86 614 1
86 30 614 1
47 109 317 1
109 47 317 1
48 106 864 1
106 48 864 1
53 84 1054 1
84 53 1054 1
0 57 825 1
57 0 825 1
9 45 1389 1
45 9 1389 1
24 86 569 1
86 24 569 1
38 88 311 1
88 38 311 1
60 91 1127 1
91 60 1127 1
84 89 1110 1
89 84 1110 1
85 112 702 1
112 85 702 1
20 24 393 1
24 20 393 1
28 76 345 1
76 28 345 1
34 47 428 1
47 34 428 1
36 43 693 1
43 36 693 1
46 76 517 1
76 46 517 1
47 81 624 1
81 47 624 1
47 113 338 1
113 47 338 1
66 103 1026 1
103 66 1026 1
79 85 260 1
85 79 260 1
79 88 1019 1
88 79 1019 1
98 111 265 1
111 98 265 1
1 66 683 1
66 1 683 1
10 57 1032 1
57 10 1032 1
10 79 992 1
79 10 992 1
16 53 1146 1
53 16 1146 1
23 87 803 1
87 23 803 1
25 46 1214 1
46 25 1214 1
33 40 654 1
40 33 654 1
35 77 284 1
77 35 284 1
37 77 246 1
77 37 246 1
39 52 892 1
52 39 892 1
52 103 773 1
103 52 773 1
69 115 1010 1
115 69 1010 1
4 27 279 1
27 4 279 1
31 78 755 1
78 31 755 1
38 41 513 1
41 38 513 1
63 100 1236 1
100 63 1236 1
2 4 569 1
4 2 569 1
10 46 902 1
46 10 902 1
30 77 559 1
77 30 559 1
53 78 1035 1
78 53 1035 1
16 68 706 1
68 16 706 1
26 48 1303 1
48 26 1303 1
55 71 621 1
71 55 621 1
61 69 456 1
69 61 456 1
91 94 561 1
94 91 561 1
13 67 996 1
67 13 996 1
103 109 477 1
109 103 477 1
18 63 774 1
63 18 774 1
25 84 1066 1
84 25 1066 1
50 89 1065 1
89 50 1065 1
53 98 671 1
98 53 671 1
21 84 830 1
84 21 830 1
22 26 505 1
26 22 505 1
44 75 889 1
75 44 889 1
51 86 1310 1
86 51 1310 1
59 89 931 1
89 59 931 1
99 100 610 1
100 99 610 1
20 35 677 1
35 20 677 1
36 42 628 1
42 36 628 1
50 98 448 1
98 50 448 1
52 91 777 1
91 52 777 1
92 106 400 1
106 92 400 1
29 31 454 1
31 29 454 1
44 73 947 1
73 44 947 1
49 58 594 1
58 49 594 1
52 102 475 1
102 52 475 1
43 56 867 1
56 43 867 1
47 79 596 1
79 47 596 1
99 112 272 1
112 99 272 1
55 113 437 1
113 55 437 1
57 79 431 1
79 57 431 1
62 100 836 1
100 62 836 1
6 32 555 1
32 6 555 1
10 88 586 1
88 10 586 1
17 71 423 1
71 17 423 1
37 70 546 1
70 37 546 1
42 53 475 1
53 42 475 1
53 102 802 1
102 53 802 1
57 74 830 1
74 57 830 1
80 85 1121 1
85 80 1121 1
1 101 1148 1
101 1 1148 1
17 41 414 1
41 17 414 1
22 38 846 1
38 22 846 1
24 39 767 1
39 24 767 1
32 62 548 1
62 32 548 1
52 67 728 1
67 52 728 1
73 98 854 1
98 73 854 1
83 85 549 1
85 83 549 1
4 59 1372 1
59 4 1372 1
19 68 313 1
68 19 313 1
22 27 524 1
27 22 524 1
24 54 987 1
54 24 987 1
110 115 264 1
115 110 264 1
8 92 1269 1
92 8 1269 1
19 97 912 1
97 19 912 1
28 85 1025 1
85 28 1025 1
60 97 884 1
97 60 884 1
79 86 986 1
86 79 986 1
81 96 799 1
96 81 799 1
93 102 600 1
102 93 600 1
21 30 349 1
30 21 349 1
29 32 631 1
32 29 631 1
58 104 1061 1
104 58 1061 1
62 106 794 1
106 62 794 1
64 112 765 1
112 64 765 1
6 19 593 1
19 6 593 1
12 18 670 1
18 12 670 1
20 37 510 1
37 20 510 1
22 53 1432 1
53 22 1432 1
33 114 880 1
114 33 880 1
37 98 666 1
98 37 666 1
71 83 425 1
83 71 425 1
86 110 816 1
110 86 816 1
10 43 1077 1
43 10 1077 1
28 78 272 1
78 28 272 1
33 45 716 1
45 33 716 1
37 113 578 1
113 37 578 1
38 84 429 1
84 38 429 1
46 73 842 1
73 46 842 1
70 112 906 1
112 70 906 1
11 71 374 1
71 11 374 1
37 74 520 1
74 37 520 1
70 88 635 1
88 70 635 1
3 87 809 1
87 3 809 1
6 49 1274 1
49 6 1274 1
23 97 1057 1
97 23 1057 1
99 107 302 1
107 99 302 1
112 115 269 1
115 112 269 1
2 22 228 1
22 2 228 1
21 46 873 1
46 21 873 1
47 71 801 1
71 47 801 1
91 97 336 1
97 91 336 1
25 70 480 1
70 25 480 1
28 73 629 1
73 28 629 1
30 82 534 1
82 30 534 1
42 86 1057 1
86 42 1057 1
43 45 199 1
45 43 199 1
80 99 917 1
99 80 917 1
92 109 522 1
109 92 522 1
96 99 428 1
99 96 428 1
11 83 383 1
83 11 383 1
15 17 481 1
17 15 481 1
23 70 494 1
70 23 494 1
38 50 753 1
50 38 753 1
40 73 549 1
73 40 549 1
55 73 498 1
73 55 498 1
68 115 1040 1
115 68 1040 1
73 85 516 1
85 73 516 1
95 103 393 1
103 95 393 1
17 74 721 1
74 17 721 1
23 46 1256 1
46 23 1256 1
26 47 1071 1
47 26 1071 1
55 110 380 1
110 55 380 1
12 43 1201 1
43 12 1201 1
18 67 652 1
67 18 652 1
26 109 775 1
109 26 775 1
33 71 374 1
71 33 374 1
78 96 453 1
96 78 453 1
19 63 644 1
63 19 644 1
30 71 303 1
71 30 303 1
34 35 126 1
35 34 126 1
54 99 587 1
99 54 587 1
59 105 1100 1
105 59 1100 1
68 103 1277 1
103 68 1277 1
76 81 691 1
81 76 691 1
89 107 337 1
107 89 337 1
10 76 495 1
76 10 495 1
18 107 1141 1
107 18 1141 1
28 82 255 1
82 28 255 1
30 53 1265 1
53 30 1265 1
95 114 280 1
114 95 280 1
12 69 975 1
69 12 975 1
16 99 951 1
99 16 951 1
28 108 624 1
108 28 624 1
31 64 1128 1
64 31 1128 1
35 92 768 1
92 35 768 1
41 52 1018 1
52 41 1018 1
75 95 407 1
95 75 407 1
10 112 1075 1
112 10 1075 1
28 77 540 1
77 28 540 1
34 84 580 1
84 34 580 1
37 108 355 1
108 37 355 1
41 48 1059 1
48 41 1059 1
43 79 634 1
79 43 634 1
68 101 1309 1
101 68 1309 1
26 58 1249 1
58 26 1249 1
27 52 1228 1
52 27 1228 1
28 32 528 1
32 28 528 1
51 53 271 1
53 51 271 1
98 110 300 1
110 98 300 1
2 34 808 1
34 2 808 1
17 79 135 1
79 17 135 1
51 58 753 1
58 51 753 1
53 99 316 1
99 53 316 1
79 89 364 1
89 79 364 1
3 112 1257 1
112 3 1257 1
5 48 1432 1
48 5 1432 1
8 100 1159 1
100 8 1159 1
28 31 545 1
31 28 545 1
37 93 575 1
93 37 575 1
44 74 853 1
74 44 853 1
47 87 906 1
87 47 906 1
78 89 1017 1
89 78 1017 1
93 97 371 1
97 93 371 1
8 64 1208 1
64 8 1208 1
20 29 497 1
29 20 497 1
22 82 706 1
82 22 706 1
47 57 743 1
57 47 743 1
73 78 740 1
78 73 740 1
10 74 381 1
74 10 381 1
36 72 276 1
72 36 276 1
5 64 1350 1
64 5 1350 1
10 42 1010 1
42 10 1010 1
11 49 996 1
49 11 996 1
13 45 1163 1
45 13 1163 1
39 42 762 1
42 39 762 1
39 53 692 1
53 39 692 1
41 80 868 1
80 41 868 1
54 82 561 1
82 54 561 1
62 102 862 1
102 62 862 1
86 112 947 1
112 86 947 1
1 13 546 1
13 1 546 1
28 46 774 1
46 28 774 1
36 74 242 1
74 36 242 1
48 68 728 1
68 48 728 1
101 109 540 1
109 101 540 1
2 64 992 1
64 2 992 1
3 42 1195 1
42 3 1195 1
5 35 974 1
35 5 974 1
12 97 1013 1
97 12 1013 1
14 64 1035 1
64 14 1035 1
15 64 1349 1
64 15 1349 1
16 62 313 1
62 16 313 1
18 48 957 1
48 18 957 1
58 107 1147 1
107 58 1147 1
113 114 95 1
114 113 95 1
6 72 449 1
72 6 449 1
26 79 796 1
79 26 796 1
34 86 880 1
86 34 880 1
35 44 409 1
44 35 409 1
46 57 904 1
57 46 904 1
48 104 822 1
104 48 822 1
82 86 143 1
86 82 143 1
2 88 959 1
88 2 959 1
13 14 902 1
14 13 902 1
17 33 512 1
33 17 512 1
20 30 328 1
30 20 328 1
26 69 1109 1
69 26 1109 1
36 110 412 1
110 36 412 1
39 43 659 1
43 39 659 1
1 51 787 1
51 1 787 1
6 11 866 1
11 6 866 1
34 66 268 1
66 34 268 1
43 87 1011 1
87 43 1011 1
55 99 216 1
99 55 216 1
93 95 447 1
95 93 447 1
97 104 399 1
104 97 399 1
101 114 359 1
114 101 359 1
0 62 386 1
62 0 386 1
2 60 843 1
60 2 843 1
8 19 957 1
19 8 957 1
13 90 1367 1
90 13 1367 1
23 78 887 1
78 23 887 1
26 110 904 1
110 26 904 1
40 81 874 1
81 40 874 1
52 87 1253 1
87 52 1253 1
58 91 1077 1
91 58 1077 1
63 66 706 1
66 63 706 1
23 114 1244 1
114 23 1244 1
27 57 990 1
57 27 990 1
30 55 903 1
55 30 903 1
36 80 330 1
80 36 330 1
84 96 441 1
96 84 441 1
3 86 986 1
86 3 986 1
10 78 335 1
78 10 335 1
15 33 738 1
33 15 738 1
62 105 1020 1
105 62 1020 1
69 114 1057 1
114 69 1057 1
90 99 615 1
99 90 615 1
1 106 1164 1
106 1 1164 1
4 107 958 1
107 4 958 1
14 26 321 1
26 14 321 1
47 73 730 1
73 47 730 1
50 110 492 1
110 50 492 1
61 62 1047 1
62 61 1047 1
66 69 349 1
69 66 349 1
68 94 894 1
94 68 894 1
15 28 819 1
28 15 819 1
34 38 552 1
38 34 552 1
37 66 777 1
66 37 777 1
72 74 76 1
74 72 76 1
1 56 851 1
56 1 851 1
3 35 775 1
35 3 775 1
17 75 351 1
75 17 351 1
35 75 492 1
75 35 492 1
43 112 376 1
112 43 376 1
48 65 674 1
65 48 674 1
67 101 953 1
101 67 953 1
6 28 413 1
28 6 413 1
7 106 1176 1
106 7 1176 1
12 109 879 1
109 12 879 1
18 22 537 1
22 18 537 1
21 86 520 1
86 21 520 1
31 110 923 1
110 31 923 1
34 112 579 1
112 34 579 1
38 98 432 1
98 38 432 1
39 40 508 1
40 39 508 1
12 41 846 1
41 12 846 1
21 54 704 1
54 21 704 1
27 76 622 1
76 27 622 1
28 39 686 1
39 28 686 1
30 78 663 1
78 30 663 1
35 67 262 1
67 35 262 1
108 110 194 1
110 108 194 1
0 66 594 1
66 0 594 1
13 44 1244 1
44 13 1244 1
34 75 559 1
75 34 559 1
74 79 666 1
79 74 666 1
14 17 996 1
17 14 996 1
37 86 777 1
86 37 777 1
41 72 550 1
72 41 550 1
54 88 224 1
88 54 224 1
62 80 268 1
80 62 268 1
66 93 972 1
93 66 972 1
0 90 1005 1
90 0 1005 1
1 14 1077 1
14 1 1077 1
5 33 790 1
33 5 790 1
8 104 1076 1
104 8 1076 1
15 44 1279 1
44 15 1279 1
20 22 544 1
22 20 544 1
24 96 985 1
96 24 985 1
27 48 1308 1
48 27 1308 1
28 63 1049 1
63 28 1049 1
49 106 982 1
106 49 982 1
52 113 478 1
113 52 478 1
63 103 934 1
103 63 934 1
81 112 823 1
112 81 823 1
10 82 401 1
82 10 401 1
19 59 618 1
59 19 618 1
32 49 731 1
49 32 731 1
40 54 405 1
54 40 405 1
49 60 773 1
60 49 773 1
63 101 920 1
101 63 920 1
4 7 733 1
7 4 733 1
17 30 703 1
30 17 703 1
24 37 815 1
37 24 815 1
65 89 679 1
89 65 679 1
82 88 444 1
88 82 444 1
93 112 343 1
112 93 343 1
6 77 737 1
77 6 737 1
8 60 1121 1
60 8 1121 1
15 71 394 1
71 15 394 1
16 55 931 1
55 16 931 1
19 67 590 1
67 19 590 1
20 99 812 1
99 20 812 1
27 41 398 1
41 27 398 1
37 40 562 1
40 37 562 1
61 104 1114 1
104 61 1114 1
63 74 885 1
74 63 885 1
93 96 582 1
96 93 582 1
22 85 1113 1
85 22 1113 1
35 40 644 1
40 35 644 1
63 102 1192 1
102 63 1192 1
4 29 708 1
29 4 708 1
12 76 591 1
76 12 591 1
18 69 392 1
69 18 392 1
21 80 756 1
80 21 756 1
30 64 1064 1
64 30 1064 1
37 42 712 1
42 37 712 1
42 57 855 1
57 42 855 1
43 86 1110 1
86 43 1110 1
58 102 1067 1
102 58 1067 1
61 105 1028 1
105 61 1028 1
31 96 900 1
96 31 900 1
40 96 436 1
96 40 436 1
43 73 792 1
73 43 792 1
45 61 513 1
61 45 513 1
51 66 580 1
66 51 580 1
56 88 726 1
88 56 726 1
67 68 440 1
68 67 440 1
74 84 507 1
84 74 507 1
93 94 560 1
94 93 560 1
5 44 1368 1
44 5 1368 1
8 35 1046 1
35 8 1046 1
36 73 600 1
73 36 600 1
37 50 906 1
50 37 906 1
43 74 810 1
74 43 810 1
71 84 847 1
84 71 847 1
95 96 288 1
96 95 288 1
8 18 880 1
18 8 880 1
26 97 829 1
97 26 829 1
41 81 452 1
81 41 452 1
