116 2668
30 31 127 1
31 30 127 1
42 46 173 1
46 42 173 1
43 47 146 1
47 43 146 1
44 45 194 1
45 44 194 1
42 43 239 1
43 42 239 1
28 29 741 1
29 28 741 1
1 57 172 1
57 1 172 1
58 60 266 1
60 58 266 1
46 98 212 1
98 46 212 1
95 108 123 1
108 95 123 1
0 56 174 1
56 0 174 1
28 72 116 1
72 28 116 1
5 9 157 1
9 5 157 1
45 49 111 1
49 45 111 1
43 49 240 1
49 43 240 1
29 72 629 1
72 29 629 1
103 104 369 1
104 103 369 1
56 57 840 1
57 56 840 1
42 48 243 1
48 42 243 1
48 49 410 1
49 48 410 1
42 49 396 1
49 42 396 1
20 75 348 1
75 20 348 1
30 71 303 1
71 30 303 1
31 71 265 1
71 31 265 1
9 15 219 1
15 9 219 1
42 47 281 1
47 42 281 1
27 39 536 1
39 27 536 1
70 71 263 1
71 70 263 1
43 46 341 1
46 43 341 1
11 13 168 1
13 11 168 1
42 98 381 1
98 42 381 1
44 49 304 1
49 44 304 1
22 23 140 1
23 22 140 1
0 57 825 1
57 0 825 1
21 75 222 1
75 21 222 1
42 44 208 1
44 42 208 1
106 107 486 1
107 106 486 1
5 13 461 1
13 5 461 1
43 45 199 1
45 43 199 1
32 33 149 1
33 32 149 1
50 51 698 1
51 50 698 1
46 47 309 1
47 46 309 1
73 75 84 1
75 73 84 1
19 68 313 1
68 19 313 1
2 22 228 1
22 2 228 1
43 48 391 1
48 43 391 1
18 19 147 1
19 18 147 1
22 30 218 1
30 22 218 1
57 68 520 1
68 57 520 1
102 104 159 1
104 102 159 1
14 20 320 1
20 14 320 1
45 47 345 1
47 45 345 1
2 6 165 1
6 2 165 1
23 25 373 1
25 23 373 1
8 14 205 1
14 8 205 1
3 23 271 1
23 3 271 1
42 45 300 1
45 42 300 1
47 98 442 1
98 47 442 1
111 112 111 1
112 111 111 1
7 11 254 1
11 7 254 1
70 75 355 1
75 70 355 1
19 57 426 1
57 19 426 1
52 54 402 1
54 52 402 1
80 81 1113 1
81 80 1113 1
14 75 659 1
75 14 659 1
72 75 453 1
75 72 453 1
19 56 574 1
56 19 574 1
29 73 113 1
73 29 113 1
14 29 801 1
29 14 801 1
48 50 202 1
50 48 202 1
49 51 172 1
51 49 172 1
104 105 204 1
105 104 204 1
104 107 401 1
107 104 401 1
44 46 353 1
46 44 353 1
94 115 181 1
115 94 181 1
103 105 173 1
105 103 173 1
105 115 176 1
115 105 176 1
1 68 549 1
68 1 549 1
1 19 351 1
19 1 351 1
44 48 114 1
48 44 114 1
48 51 548 1
51 48 548 1
21 71 214 1
71 21 214 1
26 27 135 1
27 26 135 1
47 49 380 1
49 47 380 1
25 30 292 1
30 25 292 1
40 41 506 1
41 40 506 1
17 28 894 1
28 17 894 1
72 73 517 1
73 72 517 1
29 75 189 1
75 29 189 1
21 30 349 1
30 21 349 1
18 38 861 1
38 18 861 1
52 53 746 1
53 52 746 1
73 74 458 1
74 73 458 1
17 72 781 1
72 17 781 1
14 28 286 1
28 14 286 1
37 40 562 1
40 37 562 1
44 47 404 1
47 44 404 1
23 30 259 1
30 23 259 1
5 15 278 1
15 5 278 1
56 68 408 1
68 56 408 1
19 69 323 1
69 19 323 1
15 29 295 1
29 15 295 1
46 55 584 1
55 46 584 1
25 71 434 1
71 25 434 1
46 48 368 1
48 46 368 1
12 13 959 1
13 12 959 1
45 48 304 1
48 45 304 1
14 21 487 1
21 14 487 1
43 44 290 1
44 43 290 1
43 98 522 1
98 43 522 1
0 19 488 1
19 0 488 1
9 13 376 1
13 9 376 1
2 31 377 1
31 2 377 1
4 14 255 1
14 4 255 1
14 72 328 1
72 14 328 1
22 31 234 1
31 22 234 1
0 68 414 1
68 0 414 1
44 98 563 1
98 44 563 1
25 26 225 1
26 25 225 1
5 11 579 1
11 5 579 1
11 71 374 1
71 11 374 1
71 75 163 1
75 71 163 1
20 70 213 1
70 20 213 1
40 75 477 1
75 40 477 1
2 30 317 1
30 2 317 1
99 112 272 1
112 99 272 1
4 15 597 1
15 4 597 1
18 107 1141 1
107 18 1141 1
4 8 148 1
8 4 148 1
30 70 259 1
70 30 259 1
17 29 223 1
29 17 223 1
13 15 277 1
15 13 277 1
14 30 414 1
30 14 414 1
55 98 606 1
98 55 606 1
20 27 271 1
27 20 271 1
19 109 838 1
109 19 838 1
103 106 532 1
106 103 532 1
15 83 194 1
83 15 194 1
1 81 501 1
81 1 501 1
27 87 439 1
87 27 439 1
78 81 1002 1
81 78 1002 1
44 50 287 1
50 44 287 1
36 40 213 1
40 36 213 1
104 106 195 1
106 104 195 1
30 75 454 1
75 30 454 1
46 49 541 1
49 46 541 1
47 48 490 1
48 47 490 1
48 53 654 1
53 48 654 1
15 28 819 1
28 15 819 1
28 75 567 1
75 28 567 1
40 82 231 1
82 40 231 1
0 1 800 1
1 0 800 1
60 62 241 1
62 60 241 1
25 31 272 1
31 25 272 1
35 54 571 1
54 35 571 1
40 73 549 1
73 40 549 1
21 31 344 1
31 21 344 1
20 29 497 1
29 20 497 1
27 37 597 1
37 27 597 1
58 61 717 1
61 58 717 1
5 7 538 1
7 5 538 1
20 21 185 1
21 20 185 1
23 26 522 1
26 23 522 1
27 41 398 1
41 27 398 1
47 90 580 1
90 47 580 1
8 15 741 1
15 8 741 1
102 103 508 1
103 102 508 1
4 29 708 1
29 4 708 1
13 71 401 1
71 13 401 1
20 40 225 1
40 20 225 1
19 38 892 1
38 19 892 1
7 25 539 1
25 7 539 1
42 112 333 1
112 42 333 1
60 63 1021 1
63 60 1021 1
37 39 117 1
39 37 117 1
29 71 259 1
71 29 259 1
79 81 136 1
81 79 136 1
6 31 464 1
31 6 464 1
14 83 858 1
83 14 858 1
78 80 116 1
80 78 116 1
7 13 237 1
13 7 237 1
7 31 345 1
31 7 345 1
82 83 881 1
83 82 881 1
10 22 580 1
22 10 580 1
34 38 552 1
38 34 552 1
22 26 505 1
26 22 505 1
42 55 629 1
55 42 629 1
52 99 661 1
99 52 661 1
4 83 726 1
83 4 726 1
8 20 420 1
20 8 420 1
37 41 217 1
41 37 217 1
90 98 163 1
98 90 163 1
21 73 247 1
73 21 247 1
71 72 402 1
72 71 402 1
87 109 723 1
109 87 723 1
18 87 1063 1
87 18 1063 1
43 90 649 1
90 43 649 1
76 81 691 1
81 76 691 1
95 109 146 1
109 95 146 1
113 115 188 1
115 113 188 1
20 72 238 1
72 20 238 1
37 75 239 1
75 37 239 1
34 104 710 1
104 34 710 1
38 68 922 1
68 38 922 1
34 103 810 1
103 34 810 1
39 87 370 1
87 39 370 1
35 52 642 1
52 35 642 1
14 15 772 1
15 14 772 1
95 107 258 1
107 95 258 1
10 30 501 1
30 10 501 1
31 83 561 1
83 31 561 1
113 114 95 1
114 113 95 1
20 37 510 1
37 20 510 1
3 22 347 1
22 3 347 1
71 73 163 1
73 71 163 1
76 77 238 1
77 76 238 1
21 70 303 1
70 21 303 1
43 51 245 1
51 43 245 1
34 54 521 1
54 34 521 1
21 25 360 1
25 21 360 1
28 73 629 1
73 28 629 1
34 56 491 1
56 34 491 1
47 111 188 1
111 47 188 1
23 31 199 1
31 23 199 1
36 72 276 1
72 36 276 1
68 80 778 1
80 68 778 1
103 107 239 1
107 103 239 1
14 25 491 1
25 14 491 1
15 71 394 1
71 15 394 1
70 72 158 1
72 70 158 1
11 25 626 1
25 11 626 1
17 79 135 1
79 17 135 1
64 85 1107 1
85 64 1107 1
72 74 76 1
74 72 76 1
18 68 315 1
68 18 315 1
48 90 628 1
90 48 628 1
104 109 377 1
109 104 377 1
20 30 328 1
30 20 328 1
40 74 182 1
74 40 182 1
49 50 585 1
50 49 585 1
9 11 523 1
11 9 523 1
21 29 329 1
29 21 329 1
28 71 506 1
71 28 506 1
54 97 484 1
97 54 484 1
45 46 448 1
46 45 448 1
58 63 892 1
63 58 892 1
1 56 851 1
56 1 851 1
19 87 1016 1
87 19 1016 1
20 71 311 1
71 20 311 1
76 84 486 1
84 76 486 1
77 79 329 1
79 77 329 1
29 40 655 1
40 29 655 1
60 61 893 1
61 60 893 1
6 12 248 1
12 6 248 1
68 81 913 1
81 68 913 1
19 34 584 1
34 19 584 1
45 50 474 1
50 45 474 1
55 96 492 1
96 55 492 1
55 102 675 1
102 55 675 1
13 31 424 1
31 13 424 1
98 112 277 1
112 98 277 1
0 18 364 1
18 0 364 1
36 37 542 1
37 36 542 1
38 87 730 1
87 38 730 1
44 53 562 1
53 44 562 1
1 69 441 1
69 1 441 1
20 26 232 1
26 20 232 1
25 73 516 1
73 25 516 1
38 84 429 1
84 38 429 1
4 24 144 1
24 4 144 1
14 22 562 1
22 14 562 1
102 106 217 1
106 102 217 1
0 87 1191 1
87 0 1191 1
94 105 354 1
105 94 354 1
2 23 340 1
23 2 340 1
7 23 337 1
23 7 337 1
47 112 265 1
112 47 265 1
70 73 402 1
73 70 402 1
8 29 833 1
29 8 833 1
21 41 236 1
41 21 236 1
28 36 321 1
36 28 321 1
57 81 488 1
81 57 488 1
47 99 231 1
99 47 231 1
4 28 477 1
28 4 477 1
7 9 490 1
9 7 490 1
76 79 567 1
79 76 567 1
22 25 402 1
25 22 402 1
39 41 161 1
41 39 161 1
97 110 221 1
110 97 221 1
98 99 479 1
99 98 479 1
14 71 582 1
71 14 582 1
18 32 279 1
32 18 279 1
25 29 556 1
29 25 556 1
52 90 240 1
90 52 240 1
61 63 238 1
63 61 238 1
14 73 703 1
73 14 703 1
101 107 310 1
107 101 310 1
3 7 185 1
7 3 185 1
8 9 638 1
9 8 638 1
13 65 935 1
65 13 935 1
16 17 998 1
17 16 998 1
53 99 316 1
99 53 316 1
15 20 521 1
20 15 521 1
91 93 118 1
93 91 118 1
20 36 396 1
36 20 396 1
82 94 609 1
94 82 609 1
46 112 262 1
112 46 262 1
101 106 633 1
106 101 633 1
12 31 545 1
31 12 545 1
28 40 248 1
40 28 248 1
56 96 743 1
96 56 743 1
11 31 475 1
31 11 475 1
14 37 824 1
37 14 824 1
51 90 888 1
90 51 888 1
0 32 356 1
32 0 356 1
5 71 431 1
71 5 431 1
14 26 321 1
26 14 321 1
20 73 397 1
73 20 397 1
37 73 278 1
73 37 278 1
54 96 167 1
96 54 167 1
58 66 198 1
66 58 198 1
67 110 507 1
110 67 507 1
18 56 478 1
56 18 478 1
2 101 1431 1
101 2 1431 1
18 109 857 1
109 18 857 1
19 106 1134 1
106 19 1134 1
41 75 187 1
75 41 187 1
43 55 485 1
55 43 485 1
54 89 853 1
89 54 853 1
63 84 1189 1
84 63 1189 1
84 86 610 1
86 84 610 1
108 109 87 1
109 108 87 1
23 71 443 1
71 23 443 1
94 103 496 1
103 94 496 1
6 7 710 1
7 6 710 1
6 30 365 1
30 6 365 1
14 40 342 1
40 14 342 1
44 112 534 1
112 44 534 1
2 10 438 1
10 2 438 1
49 98 742 1
98 49 742 1
103 109 477 1
109 103 477 1
48 98 566 1
98 48 566 1
54 99 587 1
99 54 587 1
66 67 177 1
67 66 177 1
32 99 839 1
99 32 839 1
42 90 472 1
90 42 472 1
6 71 586 1
71 6 586 1
34 96 428 1
96 34 428 1
29 37 304 1
37 29 304 1
31 70 334 1
70 31 334 1
44 51 440 1
51 44 440 1
14 82 179 1
82 14 179 1
53 112 421 1
112 53 421 1
74 75 389 1
75 74 389 1
107 108 333 1
108 107 333 1
27 75 419 1
75 27 419 1
41 82 687 1
82 41 687 1
6 22 333 1
22 6 333 1
24 49 1432 1
49 24 1432 1
107 114 333 1
114 107 333 1
11 12 972 1
12 11 972 1
19 103 1259 1
103 19 1259 1
99 111 265 1
111 99 265 1
36 75 517 1
75 36 517 1
58 65 718 1
65 58 718 1
74 76 203 1
76 74 203 1
14 70 380 1
70 14 380 1
45 98 655 1
98 45 655 1
84 85 1130 1
85 84 1130 1
84 88 224 1
88 84 224 1
0 34 567 1
34 0 567 1
5 12 722 1
12 5 722 1
17 36 828 1
36 17 828 1
21 72 388 1
72 21 388 1
56 87 1244 1
87 56 1244 1
42 111 258 1
111 42 258 1
3 26 678 1
26 3 678 1
12 28 275 1
28 12 275 1
20 28 320 1
28 20 320 1
30 83 641 1
83 30 641 1
21 40 380 1
40 21 380 1
30 72 390 1
72 30 390 1
38 109 342 1
109 38 342 1
48 112 575 1
112 48 575 1
95 104 381 1
104 95 381 1
14 41 702 1
41 14 702 1
15 72 724 1
72 15 724 1
24 26 201 1
26 24 201 1
66 96 666 1
96 66 666 1
0 96 812 1
96 0 812 1
42 51 463 1
51 42 463 1
69 106 1139 1
106 69 1139 1
114 115 96 1
115 114 96 1
27 73 417 1
73 27 417 1
107 109 392 1
109 107 392 1
1 63 334 1
63 1 334 1
22 71 471 1
71 22 471 1
48 52 415 1
52 48 415 1
15 75 396 1
75 15 396 1
60 65 898 1
65 60 898 1
7 30 462 1
30 7 462 1
14 27 449 1
27 14 449 1
20 25 402 1
25 20 402 1
47 51 339 1
51 47 339 1
17 78 955 1
78 17 955 1
105 107 233 1
107 105 233 1
4 13 743 1
13 4 743 1
7 71 395 1
71 7 395 1
34 89 759 1
89 34 759 1
45 51 254 1
51 45 254 1
4 22 457 1
22 4 457 1
25 75 536 1
75 25 536 1
105 106 359 1
106 105 359 1
20 41 386 1
41 20 386 1
42 50 271 1
50 42 271 1
74 77 362 1
77 74 362 1
99 104 430 1
104 99 430 1
46 99 446 1
99 46 446 1
107 113 400 1
113 107 400 1
11 65 770 1
65 11 770 1
12 15 906 1
15 12 906 1
46 90 324 1
90 46 324 1
30 73 455 1
73 30 455 1
38 89 763 1
89 38 763 1
51 53 271 1
53 51 271 1
55 100 739 1
100 55 739 1
14 31 528 1
31 14 528 1
21 37 403 1
37 21 403 1
24 51 1429 1
51 24 1429 1
21 28 487 1
28 21 487 1
62 64 300 1
64 62 300 1
68 77 657 1
77 68 657 1
78 79 878 1
79 78 878 1
27 74 478 1
74 27 478 1
40 72 200 1
72 40 200 1
55 97 173 1
97 55 173 1
62 68 629 1
68 62 629 1
1 38 962 1
38 1 962 1
52 61 1057 1
61 52 1057 1
34 95 480 1
95 34 480 1
76 82 520 1
82 76 520 1
4 71 523 1
71 4 523 1
27 40 481 1
40 27 481 1
38 95 382 1
95 38 382 1
12 71 631 1
71 12 631 1
16 56 380 1
56 16 380 1
17 81 182 1
81 17 182 1
41 74 484 1
74 41 484 1
47 55 367 1
55 47 367 1
8 28 459 1
28 8 459 1
23 24 403 1
24 23 403 1
46 53 547 1
53 46 547 1
89 97 385 1
97 89 385 1
25 27 193 1
27 25 193 1
42 53 475 1
53 42 475 1
6 70 405 1
70 6 405 1
42 99 482 1
99 42 482 1
15 70 606 1
70 15 606 1
25 70 480 1
70 25 480 1
34 109 367 1
109 34 367 1
98 104 286 1
104 98 286 1
54 90 282 1
90 54 282 1
57 96 913 1
96 57 913 1
89 96 700 1
96 89 700 1
16 57 981 1
57 16 981 1
35 48 491 1
48 35 491 1
38 86 366 1
86 38 366 1
94 104 298 1
104 94 298 1
0 77 681 1
77 0 681 1
14 23 650 1
23 14 650 1
39 88 762 1
88 39 762 1
5 31 333 1
31 5 333 1
18 103 1302 1
103 18 1302 1
38 104 427 1
104 38 427 1
105 109 371 1
109 105 371 1
47 50 544 1
50 47 544 1
49 53 406 1
53 49 406 1
62 63 1134 1
63 62 1134 1
2 7 566 1
7 2 566 1
61 65 175 1
65 61 175 1
77 81 453 1
81 77 453 1
19 77 567 1
77 19 567 1
95 102 514 1
102 95 514 1
96 97 322 1
97 96 322 1
9 12 856 1
12 9 856 1
9 71 488 1
71 9 488 1
15 31 431 1
31 15 431 1
9 31 394 1
31 9 394 1
10 23 699 1
23 10 699 1
10 31 619 1
31 10 619 1
35 53 585 1
53 35 585 1
71 83 425 1
83 71 425 1
89 102 866 1
102 89 866 1
23 70 494 1
70 23 494 1
34 68 487 1
68 34 487 1
13 29 290 1
29 13 290 1
1 79 428 1
79 1 428 1
4 25 258 1
25 4 258 1
41 88 824 1
88 41 824 1
55 99 216 1
99 55 216 1
0 38 744 1
38 0 744 1
1 87 873 1
87 1 873 1
21 22 558 1
22 21 558 1
41 73 204 1
73 41 204 1
51 52 786 1
52 51 786 1
74 79 666 1
79 74 666 1
1 76 689 1
76 1 689 1
8 72 485 1
72 8 485 1
86 87 805 1
87 86 805 1
4 30 322 1
30 4 322 1
18 34 602 1
34 18 602 1
38 54 263 1
54 38 263 1
76 78 312 1
78 76 312 1
15 30 522 1
30 15 522 1
18 69 392 1
69 18 392 1
31 75 419 1
75 31 419 1
34 102 761 1
102 34 761 1
52 58 705 1
58 52 705 1
63 86 1250 1
86 63 1250 1
89 95 416 1
95 89 416 1
106 109 391 1
109 106 391 1
3 25 566 1
25 3 566 1
4 72 467 1
72 4 467 1
8 75 728 1
75 8 728 1
26 30 321 1
30 26 321 1
98 111 265 1
111 98 265 1
20 23 575 1
23 20 575 1
38 103 677 1
103 38 677 1
98 100 250 1
100 98 250 1
7 65 934 1
65 7 934 1
15 25 386 1
25 15 386 1
29 70 512 1
70 29 512 1
15 82 832 1
82 15 832 1
57 87 938 1
87 57 938 1
88 95 625 1
95 88 625 1
105 113 210 1
113 105 210 1
2 21 636 1
21 2 636 1
33 60 632 1
60 33 632 1
74 86 416 1
86 74 416 1
90 100 182 1
100 90 182 1
4 5 350 1
5 4 350 1
9 29 484 1
29 9 484 1
11 30 584 1
30 11 584 1
61 89 738 1
89 61 738 1
6 11 866 1
11 6 866 1
17 73 298 1
73 17 298 1
94 114 259 1
114 94 259 1
102 107 560 1
107 102 560 1
12 72 358 1
72 12 358 1
29 36 705 1
36 29 705 1
30 82 534 1
82 30 534 1
44 99 632 1
99 44 632 1
102 109 475 1
109 102 475 1
2 3 405 1
3 2 405 1
4 20 334 1
20 4 334 1
42 100 606 1
100 42 606 1
98 106 320 1
106 98 320 1
103 115 322 1
115 103 322 1
26 75 488 1
75 26 488 1
29 83 227 1
83 29 227 1
35 44 409 1
44 35 409 1
43 50 494 1
50 43 494 1
58 62 503 1
62 58 503 1
1 18 493 1
18 1 493 1
38 107 545 1
107 38 545 1
50 112 538 1
112 50 538 1
54 55 651 1
55 54 651 1
19 107 1100 1
107 19 1100 1
36 73 600 1
73 36 600 1
68 76 626 1
76 68 626 1
10 14 380 1
14 10 380 1
1 77 531 1
77 1 531 1
8 27 425 1
27 8 425 1
76 94 331 1
94 76 331 1
4 23 506 1
23 4 506 1
9 83 411 1
83 9 411 1
10 70 382 1
70 10 382 1
46 111 189 1
111 46 189 1
90 112 377 1
112 90 377 1
1 109 814 1
109 1 814 1
4 75 618 1
75 4 618 1
32 56 384 1
56 32 384 1
77 87 602 1
87 77 602 1
16 80 152 1
80 16 152 1
28 82 255 1
82 28 255 1
37 72 595 1
72 37 595 1
68 109 832 1
109 68 832 1
82 86 143 1
86 82 143 1
104 113 229 1
113 104 229 1
18 94 904 1
94 18 904 1
25 37 745 1
37 25 745 1
29 30 533 1
30 29 533 1
31 82 641 1
82 31 641 1
44 111 448 1
111 44 448 1
46 51 585 1
51 46 585 1
26 73 503 1
73 26 503 1
28 78 272 1
78 28 272 1
34 35 126 1
35 34 126 1
34 108 452 1
108 34 452 1
38 108 316 1
108 38 316 1
88 89 1035 1
89 88 1035 1
18 104 1201 1
104 18 1201 1
28 83 861 1
83 28 861 1
49 112 609 1
112 49 609 1
8 26 300 1
26 8 300 1
41 87 263 1
87 41 263 1
48 92 683 1
92 48 683 1
68 91 1170 1
91 68 1170 1
39 89 325 1
89 39 325 1
44 55 743 1
55 44 743 1
18 84 897 1
84 18 897 1
33 110 636 1
110 33 636 1
13 28 892 1
28 13 892 1
46 96 270 1
96 46 270 1
12 30 419 1
30 12 419 1
34 87 945 1
87 34 945 1
56 109 765 1
109 56 765 1
57 69 378 1
69 57 378 1
11 70 629 1
70 11 629 1
22 70 443 1
70 22 443 1
52 100 420 1
100 52 420 1
66 69 349 1
69 66 349 1
68 87 1214 1
87 68 1214 1
101 102 595 1
102 101 595 1
94 107 417 1
107 94 417 1
13 30 546 1
30 13 546 1
50 53 744 1
53 50 744 1
77 78 550 1
78 77 550 1
18 57 564 1
57 18 564 1
34 57 567 1
57 34 567 1
19 80 851 1
80 19 851 1
23 75 601 1
75 23 601 1
35 89 648 1
89 35 648 1
82 84 544 1
84 82 544 1
5 6 733 1
6 5 733 1
15 40 725 1
40 15 725 1
17 77 417 1
77 17 417 1
24 45 1393 1
45 24 1393 1
38 56 731 1
56 38 731 1
43 112 376 1
112 43 376 1
18 106 1114 1
106 18 1114 1
45 112 552 1
112 45 552 1
50 98 448 1
98 50 448 1
57 109 768 1
109 57 768 1
67 85 682 1
85 67 682 1
3 30 397 1
30 3 397 1
11 29 239 1
29 11 239 1
18 76 581 1
76 18 581 1
19 96 931 1
96 19 931 1
55 104 526 1
104 55 526 1
80 103 1029 1
103 80 1029 1
36 70 395 1
70 36 395 1
45 67 282 1
67 45 282 1
50 90 473 1
90 50 473 1
75 82 661 1
82 75 661 1
53 54 818 1
54 53 818 1
59 63 501 1
63 59 501 1
102 105 355 1
105 102 355 1
104 108 301 1
108 104 301 1
4 9 500 1
9 4 500 1
4 31 397 1
31 4 397 1
91 103 258 1
103 91 258 1
98 102 260 1
102 98 260 1
100 102 87 1
102 100 87 1
6 10 299 1
10 6 299 1
47 52 540 1
52 47 540 1
0 63 1010 1
63 0 1010 1
25 72 583 1
72 25 583 1
32 57 493 1
57 32 493 1
40 83 731 1
83 40 731 1
5 65 1232 1
65 5 1232 1
16 77 611 1
77 16 611 1
17 74 721 1
74 17 721 1
35 50 559 1
50 35 559 1
43 100 743 1
100 43 743 1
60 66 370 1
66 60 370 1
103 108 420 1
108 103 420 1
3 10 768 1
10 3 768 1
19 81 772 1
81 19 772 1
4 21 414 1
21 4 414 1
16 81 1063 1
81 16 1063 1
21 82 511 1
82 21 511 1
35 67 262 1
67 35 262 1
57 77 533 1
77 57 533 1
91 99 166 1
99 91 166 1
73 86 744 1
86 73 744 1
76 115 499 1
115 76 499 1
3 39 792 1
39 3 792 1
6 13 864 1
13 6 864 1
8 25 389 1
25 8 389 1
9 25 252 1
25 9 252 1
90 92 135 1
92 90 135 1
105 114 152 1
114 105 152 1
11 21 514 1
21 11 514 1
20 22 544 1
22 20 544 1
21 83 382 1
83 21 382 1
33 61 545 1
61 33 545 1
73 82 720 1
82 73 720 1
28 30 436 1
30 28 436 1
38 102 472 1
102 38 472 1
111 113 191 1
113 111 191 1
28 70 247 1
70 28 247 1
49 90 859 1
90 49 859 1
90 99 615 1
99 90 615 1
10 26 620 1
26 10 620 1
11 15 385 1
15 11 385 1
21 27 209 1
27 21 209 1
38 76 305 1
76 38 305 1
6 21 662 1
21 6 662 1
10 25 735 1
25 10 735 1
12 29 886 1
29 12 886 1
20 87 562 1
87 20 562 1
9 30 478 1
30 9 478 1
64 67 549 1
67 64 549 1
58 96 780 1
96 58 780 1
18 95 915 1
95 18 915 1
43 52 553 1
52 43 553 1
55 90 757 1
90 55 757 1
58 89 1156 1
89 58 1156 1
96 109 176 1
109 96 176 1
22 24 386 1
24 22 386 1
57 80 1050 1
80 57 1050 1
24 43 1300 1
43 24 1300 1
32 103 1045 1
103 32 1045 1
49 111 530 1
111 49 530 1
82 115 739 1
115 82 739 1
18 88 1010 1
88 18 1010 1
27 86 519 1
86 27 519 1
35 51 483 1
51 35 483 1
57 63 249 1
63 57 249 1
68 69 164 1
69 68 164 1
20 83 565 1
83 20 565 1
32 60 487 1
60 32 487 1
6 9 834 1
9 6 834 1
7 22 454 1
22 7 454 1
2 71 519 1
71 2 519 1
43 99 372 1
99 43 372 1
3 27 634 1
27 3 634 1
9 70 641 1
70 9 641 1
10 64 755 1
64 10 755 1
11 73 310 1
73 11 310 1
13 70 648 1
70 13 648 1
58 59 496 1
59 58 496 1
1 34 639 1
34 1 639 1
19 104 1200 1
104 19 1200 1
1 96 958 1
96 1 958 1
28 74 188 1
74 28 188 1
69 77 618 1
77 69 618 1
69 103 1214 1
103 69 1214 1
100 112 410 1
112 100 410 1
9 28 835 1
28 9 835 1
39 96 494 1
96 39 494 1
56 77 690 1
77 56 690 1
65 92 1075 1
92 65 1075 1
1 80 1054 1
80 1 1054 1
2 25 585 1
25 2 585 1
39 56 973 1
56 39 973 1
75 83 351 1
83 75 351 1
76 80 424 1
80 76 424 1
20 39 459 1
39 20 459 1
48 55 832 1
55 48 832 1
28 81 975 1
81 28 975 1
83 115 786 1
115 83 786 1
104 114 171 1
114 104 171 1
9 20 557 1
20 9 557 1
15 36 848 1
36 15 848 1
32 69 338 1
69 32 338 1
69 90 1119 1
90 69 1119 1
80 106 591 1
106 80 591 1
9 72 761 1
72 9 761 1
32 34 327 1
34 32 327 1
46 50 303 1
50 46 303 1
56 99 1051 1
99 56 1051 1
56 104 1033 1
104 56 1033 1
62 92 837 1
92 62 837 1
5 83 447 1
83 5 447 1
37 71 401 1
71 37 401 1
19 32 289 1
32 19 289 1
20 82 329 1
82 20 329 1
26 39 604 1
39 26 604 1
42 52 325 1
52 42 325 1
35 97 412 1
97 35 412 1
45 111 467 1
111 45 467 1
52 112 417 1
112 52 417 1
57 79 431 1
79 57 431 1
21 23 542 1
23 21 542 1
96 98 184 1
98 96 184 1
1 32 484 1
32 1 484 1
18 108 925 1
108 18 925 1
48 54 669 1
54 48 669 1
53 90 787 1
90 53 787 1
93 112 343 1
112 93 343 1
13 25 519 1
25 13 519 1
72 79 733 1
79 72 733 1
11 23 552 1
23 11 552 1
61 84 1150 1
84 61 1150 1
0 69 556 1
69 0 556 1
11 64 1218 1
64 11 1218 1
50 52 243 1
52 50 243 1
9 88 1163 1
88 9 1163 1
13 72 796 1
72 13 796 1
48 100 791 1
100 48 791 1
84 109 579 1
109 84 579 1
9 14 725 1
14 9 725 1
11 72 773 1
72 11 773 1
39 109 356 1
109 39 356 1
69 91 1081 1
91 69 1081 1
78 115 652 1
115 78 652 1
10 16 218 1
16 10 218 1
23 27 506 1
27 23 506 1
36 74 242 1
74 36 242 1
54 56 722 1
56 54 722 1
57 104 1139 1
104 57 1139 1
66 110 549 1
110 66 549 1
74 84 507 1
84 74 507 1
81 109 623 1
109 81 623 1
88 109 538 1
109 88 538 1
47 110 210 1
110 47 210 1
50 66 475 1
66 50 475 1
51 65 287 1
65 51 287 1
8 39 869 1
39 8 869 1
10 71 639 1
71 10 639 1
36 71 552 1
71 36 552 1
54 68 945 1
68 54 945 1
62 114 890 1
114 62 890 1
0 103 1292 1
103 0 1292 1
5 70 530 1
70 5 530 1
8 83 868 1
83 8 868 1
21 26 271 1
26 21 271 1
35 65 453 1
65 35 453 1
38 57 968 1
57 38 968 1
45 53 435 1
53 45 435 1
46 100 451 1
100 46 451 1
46 104 454 1
104 46 454 1
56 69 542 1
69 56 542 1
5 30 380 1
30 5 380 1
19 76 599 1
76 19 599 1
35 99 514 1
99 35 514 1
40 87 708 1
87 40 708 1
7 21 555 1
21 7 555 1
9 65 1235 1
65 9 1235 1
56 89 1199 1
89 56 1199 1
56 103 1239 1
103 56 1239 1
35 45 385 1
45 35 385 1
57 103 1078 1
103 57 1078 1
97 99 180 1
99 97 180 1
37 82 780 1
82 37 780 1
40 94 393 1
94 40 393 1
77 80 662 1
80 77 662 1
96 102 343 1
102 96 343 1
8 22 480 1
22 8 480 1
24 29 657 1
29 24 657 1
47 53 268 1
53 47 268 1
108 114 218 1
114 108 218 1
7 64 1244 1
64 7 1244 1
15 100 1225 1
100 15 1225 1
30 41 563 1
41 30 563 1
33 86 892 1
86 33 892 1
104 115 184 1
115 104 184 1
32 66 416 1
66 32 416 1
35 58 514 1
58 35 514 1
45 55 662 1
55 45 662 1
21 74 343 1
74 21 343 1
35 47 370 1
47 35 370 1
69 109 801 1
109 69 801 1
78 103 971 1
103 78 971 1
95 103 393 1
103 95 393 1
106 108 322 1
108 106 322 1
1 78 939 1
78 1 939 1
33 85 703 1
85 33 703 1
14 74 378 1
74 14 378 1
15 21 348 1
21 15 348 1
15 73 336 1
73 15 336 1
29 74 571 1
74 29 571 1
6 93 1425 1
93 6 1425 1
79 84 1035 1
84 79 1035 1
20 74 213 1
74 20 213 1
28 37 709 1
37 28 709 1
31 72 482 1
72 31 482 1
43 111 293 1
111 43 293 1
62 85 1177 1
85 62 1177 1
84 94 496 1
94 84 496 1
106 113 395 1
113 106 395 1
10 21 662 1
21 10 662 1
10 72 309 1
72 10 309 1
26 70 383 1
70 26 383 1
29 31 454 1
31 29 454 1
36 100 531 1
100 36 531 1
0 60 405 1
60 0 405 1
1 103 1135 1
103 1 1135 1
4 70 430 1
70 4 430 1
17 75 351 1
75 17 351 1
20 31 387 1
31 20 387 1
38 69 945 1
69 38 945 1
80 107 937 1
107 80 937 1
91 104 542 1
104 91 542 1
34 107 734 1
107 34 734 1
94 109 127 1
109 94 127 1
8 23 562 1
23 8 562 1
9 21 431 1
21 9 431 1
14 17 996 1
17 14 996 1
17 20 694 1
20 17 694 1
26 29 574 1
29 26 574 1
63 79 303 1
79 63 303 1
8 41 768 1
41 8 768 1
18 91 1236 1
91 18 1236 1
62 80 268 1
80 62 268 1
0 91 1266 1
91 0 1266 1
5 29 493 1
29 5 493 1
9 75 548 1
75 9 548 1
16 92 852 1
92 16 852 1
18 77 606 1
77 18 606 1
31 73 397 1
73 31 397 1
94 113 328 1
113 94 328 1
99 103 258 1
103 99 258 1
14 24 389 1
24 14 389 1
24 83 669 1
83 24 669 1
28 31 545 1
31 28 545 1
34 69 465 1
69 34 465 1
56 102 1030 1
102 56 1030 1
90 97 593 1
97 90 593 1
34 55 594 1
55 34 594 1
48 111 498 1
111 48 498 1
22 75 633 1
75 22 633 1
40 86 262 1
86 40 262 1
103 114 282 1
114 103 282 1
28 79 847 1
79 28 847 1
47 66 579 1
66 47 579 1
69 76 643 1
76 69 643 1
102 113 317 1
113 102 317 1
7 15 461 1
15 7 461 1
24 59 1364 1
59 24 1364 1
51 98 763 1
98 51 763 1
82 88 444 1
88 82 444 1
46 52 244 1
52 46 244 1
62 84 326 1
84 62 326 1
73 76 450 1
76 73 450 1
4 26 161 1
26 4 161 1
24 25 135 1
25 24 135 1
53 98 671 1
98 53 671 1
68 103 1277 1
103 68 1277 1
44 52 464 1
52 44 464 1
1 90 1264 1
90 1 1264 1
3 64 1134 1
64 3 1134 1
34 97 481 1
97 34 481 1
56 80 431 1
80 56 431 1
87 102 995 1
102 87 995 1
12 93 1368 1
93 12 1368 1
40 76 327 1
76 40 327 1
76 109 320 1
109 76 320 1
86 96 642 1
96 86 642 1
35 43 347 1
43 35 347 1
35 90 713 1
90 35 713 1
36 78 263 1
78 36 263 1
57 76 691 1
76 57 691 1
95 106 414 1
106 95 414 1
107 115 298 1
115 107 298 1
49 100 971 1
100 49 971 1
3 8 773 1
8 3 773 1
5 25 129 1
25 5 129 1
18 85 983 1
85 18 983 1
25 28 633 1
28 25 633 1
34 99 586 1
99 34 586 1
38 94 246 1
94 38 246 1
52 60 638 1
60 52 638 1
52 97 650 1
97 52 650 1
96 99 428 1
99 96 428 1
59 102 1214 1
102 59 1214 1
63 77 536 1
77 63 536 1
61 86 1324 1
86 61 1324 1
23 72 638 1
72 23 638 1
37 70 546 1
70 37 546 1
38 77 447 1
77 38 447 1
66 89 963 1
89 66 963 1
111 115 269 1
115 111 269 1
14 36 526 1
36 14 526 1
38 63 974 1
63 38 974 1
43 53 293 1
53 43 293 1
27 29 470 1
29 27 470 1
35 100 802 1
100 35 802 1
59 69 338 1
69 59 338 1
3 20 648 1
20 3 648 1
27 72 496 1
72 27 496 1
80 91 1082 1
91 80 1082 1
0 109 816 1
109 0 816 1
1 84 1139 1
84 1 1139 1
10 74 381 1
74 10 381 1
32 96 657 1
96 32 657 1
52 65 959 1
65 52 959 1
78 106 572 1
106 78 572 1
97 102 534 1
102 97 534 1
101 104 464 1
104 101 464 1
69 107 1110 1
107 69 1110 1
72 77 430 1
77 72 430 1
91 112 368 1
112 91 368 1
53 111 406 1
111 53 406 1
12 22 481 1
22 12 481 1
29 82 824 1
82 29 824 1
38 62 642 1
62 38 642 1
54 100 319 1
100 54 319 1
62 65 1049 1
65 62 1049 1
80 105 872 1
105 80 872 1
93 111 397 1
111 93 397 1
2 70 412 1
70 2 412 1
38 88 311 1
88 38 311 1
63 88 1219 1
88 63 1219 1
19 102 1271 1
102 19 1271 1
37 87 433 1
87 37 433 1
38 97 469 1
97 38 469 1
83 94 771 1
94 83 771 1
84 108 592 1
108 84 592 1
95 101 458 1
101 95 458 1
7 12 856 1
12 7 856 1
38 82 362 1
82 38 362 1
41 86 672 1
86 41 672 1
60 92 903 1
92 60 903 1
7 67 937 1
67 7 937 1
8 21 536 1
21 8 536 1
50 54 543 1
54 50 543 1
101 103 106 1
103 101 106 1
6 15 884 1
15 6 884 1
15 37 533 1
37 15 533 1
16 74 335 1
74 16 335 1
32 85 794 1
85 32 794 1
33 99 821 1
99 33 821 1
48 99 711 1
99 48 711 1
2 26 618 1
26 2 618 1
6 23 465 1
23 6 465 1
12 65 1303 1
65 12 1303 1
19 63 644 1
63 19 644 1
87 88 1035 1
88 87 1035 1
8 70 477 1
70 8 477 1
18 114 1134 1
114 18 1134 1
21 94 569 1
94 21 569 1
50 67 562 1
67 50 562 1
102 108 413 1
108 102 413 1
30 40 513 1
40 30 513 1
34 106 693 1
106 34 693 1
47 97 280 1
97 47 280 1
90 96 335 1
96 90 335 1
0 66 594 1
66 0 594 1
37 100 814 1
100 37 814 1
44 100 799 1
100 44 799 1
1 104 1183 1
104 1 1183 1
37 74 520 1
74 37 520 1
39 95 233 1
95 39 233 1
65 67 361 1
67 65 361 1
71 82 622 1
82 71 622 1
81 87 551 1
87 81 551 1
90 91 735 1
91 90 735 1
30 37 688 1
37 30 688 1
80 104 734 1
104 80 734 1
11 28 875 1
28 11 875 1
19 95 883 1
95 19 883 1
58 92 982 1
92 58 982 1
85 89 220 1
89 85 220 1
85 110 584 1
110 85 584 1
5 72 634 1
72 5 634 1
17 111 850 1
111 17 850 1
25 39 702 1
39 25 702 1
34 91 729 1
91 34 729 1
110 112 272 1
112 110 272 1
0 16 380 1
16 0 380 1
32 84 691 1
84 32 691 1
38 91 783 1
91 38 783 1
38 106 276 1
106 38 276 1
61 66 546 1
66 61 546 1
47 91 332 1
91 47 332 1
53 91 265 1
91 53 265 1
77 84 711 1
84 77 711 1
1 54 1073 1
54 1 1073 1
3 70 520 1
70 3 520 1
4 12 434 1
12 4 434 1
10 88 586 1
88 10 586 1
13 83 347 1
83 13 347 1
16 78 122 1
78 16 122 1
27 77 594 1
77 27 594 1
60 84 519 1
84 60 519 1
78 111 693 1
111 78 693 1
40 100 662 1
100 40 662 1
53 115 576 1
115 53 576 1
8 37 922 1
37 8 922 1
10 27 715 1
27 10 715 1
27 70 417 1
70 27 417 1
35 66 331 1
66 35 331 1
50 111 478 1
111 50 478 1
87 106 830 1
106 87 830 1
8 17 1036 1
17 8 1036 1
95 105 309 1
105 95 309 1
27 88 863 1
88 27 863 1
33 58 627 1
58 33 627 1
39 40 508 1
40 39 508 1
49 52 718 1
52 49 718 1
54 57 1038 1
57 54 1038 1
68 84 871 1
84 68 871 1
4 36 686 1
36 4 686 1
18 80 767 1
80 18 767 1
36 77 422 1
77 36 422 1
36 82 401 1
82 36 401 1
74 81 792 1
81 74 792 1
83 113 937 1
113 83 937 1
60 64 187 1
64 60 187 1
5 28 699 1
28 5 699 1
5 88 1026 1
88 5 1026 1
13 21 494 1
21 13 494 1
25 83 553 1
83 25 553 1
45 99 570 1
99 45 570 1
54 58 818 1
58 54 818 1
63 69 603 1
69 63 603 1
103 113 295 1
113 103 295 1
0 104 1096 1
104 0 1096 1
33 34 394 1
34 33 394 1
36 76 232 1
76 36 232 1
43 96 503 1
96 43 503 1
50 92 549 1
92 50 549 1
57 90 1197 1
90 57 1197 1
78 94 474 1
94 78 474 1
87 103 754 1
103 87 754 1
9 40 778 1
40 9 778 1
32 104 940 1
104 32 940 1
33 66 503 1
66 33 503 1
33 84 801 1
84 33 801 1
51 66 580 1
66 51 580 1
59 66 363 1
66 59 363 1
74 87 714 1
87 74 714 1
56 95 883 1
95 56 883 1
79 80 991 1
80 79 991 1
99 110 299 1
110 99 299 1
0 62 386 1
62 0 386 1
12 83 999 1
83 12 999 1
63 68 745 1
68 63 745 1
68 104 1183 1
104 68 1183 1
74 82 336 1
82 74 336 1
84 89 1110 1
89 84 1110 1
86 89 1016 1
89 86 1016 1
2 14 572 1
14 2 572 1
41 83 252 1
83 41 252 1
59 61 271 1
61 59 271 1
76 103 780 1
103 76 780 1
40 71 481 1
71 40 481 1
52 96 418 1
96 52 418 1
57 99 846 1
99 57 846 1
0 54 794 1
54 0 794 1
3 31 315 1
31 3 315 1
18 102 1258 1
102 18 1258 1
19 59 618 1
59 19 618 1
37 88 804 1
88 37 804 1
94 108 97 1
108 94 97 1
97 100 590 1
100 97 590 1
3 14 804 1
14 3 804 1
7 70 592 1
70 7 592 1
12 14 278 1
14 12 278 1
24 47 1229 1
47 24 1229 1
34 105 727 1
105 34 727 1
56 85 1128 1
85 56 1128 1
77 86 724 1
86 77 724 1
88 102 433 1
102 88 433 1
91 106 697 1
106 91 697 1
4 40 486 1
40 4 486 1
4 73 633 1
73 4 633 1
6 83 986 1
83 6 986 1
13 73 358 1
73 13 358 1
21 115 657 1
115 21 657 1
38 96 284 1
96 38 284 1
60 86 1011 1
86 60 1011 1
99 102 560 1
102 99 560 1
110 111 172 1
111 110 172 1
12 70 392 1
70 12 392 1
13 61 843 1
61 13 843 1
14 81 1094 1
81 14 1094 1
16 68 706 1
68 16 706 1
63 96 897 1
96 63 897 1
68 107 1166 1
107 68 1166 1
84 95 699 1
95 84 699 1
19 39 853 1
39 19 853 1
32 91 981 1
91 32 981 1
39 97 289 1
97 39 289 1
41 109 485 1
109 41 485 1
81 103 738 1
103 81 738 1
6 25 624 1
25 6 624 1
6 114 1174 1
114 6 1174 1
22 83 792 1
83 22 792 1
41 95 382 1
95 41 382 1
53 100 830 1
100 53 830 1
89 110 588 1
110 89 588 1
18 74 626 1
74 18 626 1
80 109 607 1
109 80 607 1
112 113 116 1
113 112 116 1
4 7 733 1
7 4 733 1
9 41 527 1
41 9 527 1
19 108 910 1
108 19 910 1
26 71 422 1
71 26 422 1
53 105 581 1
105 53 581 1
0 99 1111 1
99 0 1111 1
7 88 1209 1
88 7 1209 1
18 89 1085 1
89 18 1085 1
49 55 664 1
55 49 664 1
52 98 272 1
98 52 272 1
67 97 637 1
97 67 637 1
95 114 280 1
114 95 280 1
8 81 1156 1
81 8 1156 1
9 95 899 1
95 9 899 1
14 39 770 1
39 14 770 1
40 115 529 1
115 40 529 1
0 86 874 1
86 0 874 1
2 83 913 1
83 2 913 1
8 40 521 1
40 8 521 1
23 29 606 1
29 23 606 1
62 77 741 1
77 62 741 1
10 18 609 1
18 10 609 1
26 87 560 1
87 26 560 1
37 83 399 1
83 37 399 1
43 54 646 1
54 43 646 1
38 41 513 1
41 38 513 1
46 102 463 1
102 46 463 1
4 11 819 1
11 4 819 1
39 86 698 1
86 39 698 1
6 14 476 1
14 6 476 1
9 82 826 1
82 9 826 1
53 104 704 1
104 53 704 1
73 79 296 1
79 73 296 1
16 79 934 1
79 16 934 1
34 85 678 1
85 34 678 1
51 112 579 1
112 51 579 1
68 106 1131 1
106 68 1131 1
87 104 852 1
104 87 852 1
3 4 707 1
4 3 707 1
17 70 666 1
70 17 666 1
32 110 609 1
110 32 609 1
52 55 814 1
55 52 814 1
7 83 551 1
83 7 551 1
10 73 783 1
73 10 783 1
24 37 815 1
37 24 815 1
35 46 430 1
46 35 430 1
40 88 385 1
88 40 385 1
98 107 585 1
107 98 585 1
0 89 1205 1
89 0 1205 1
57 102 1241 1
102 57 1241 1
84 114 684 1
114 84 684 1
99 100 610 1
100 99 610 1
19 84 968 1
84 19 968 1
19 89 1004 1
89 19 1004 1
63 74 885 1
74 63 885 1
76 105 661 1
105 76 661 1
8 92 1269 1
92 8 1269 1
10 12 181 1
12 10 181 1
41 94 523 1
94 41 523 1
85 114 680 1
114 85 680 1
87 89 476 1
89 87 476 1
51 54 884 1
54 51 884 1
56 66 485 1
66 56 485 1
68 79 805 1
79 68 805 1
69 101 1234 1
101 69 1234 1
84 87 1148 1
87 84 1148 1
105 108 296 1
108 105 296 1
3 59 922 1
59 3 922 1
19 88 1069 1
88 19 1069 1
29 41 234 1
41 29 234 1
57 98 1043 1
98 57 1043 1
81 94 732 1
94 81 732 1
91 107 371 1
107 91 371 1
94 102 378 1
102 94 378 1
1 106 1164 1
106 1 1164 1
5 8 493 1
8 5 493 1
12 23 607 1
23 12 607 1
13 23 488 1
23 13 488 1
13 100 1359 1
100 13 1359 1
19 91 1171 1
91 19 1171 1
23 39 847 1
39 23 847 1
38 74 265 1
74 38 265 1
49 99 587 1
99 49 587 1
81 82 1081 1
82 81 1081 1
8 30 385 1
30 8 385 1
10 41 849 1
41 10 849 1
24 42 1334 1
42 24 1334 1
29 79 257 1
79 29 257 1
30 88 865 1
88 30 865 1
87 107 525 1
107 87 525 1
8 16 655 1
16 8 655 1
22 72 568 1
72 22 568 1
47 100 643 1
100 47 643 1
32 63 656 1
63 32 656 1
35 49 434 1
49 35 434 1
10 11 986 1
11 10 986 1
17 92 1178 1
92 17 1178 1
23 37 838 1
37 23 838 1
69 104 1167 1
104 69 1167 1
88 108 517 1
108 88 517 1
89 100 936 1
100 89 936 1
0 58 565 1
58 0 565 1
11 85 574 1
85 11 574 1
35 60 562 1
60 35 562 1
38 85 837 1
85 38 837 1
44 67 332 1
67 44 332 1
47 54 568 1
54 47 568 1
66 98 720 1
98 66 720 1
87 108 698 1
108 87 698 1
73 77 274 1
77 73 274 1
95 96 288 1
96 95 288 1
11 67 846 1
67 11 846 1
41 70 482 1
70 41 482 1
41 72 550 1
72 41 550 1
47 96 412 1
96 47 412 1
80 93 1087 1
93 80 1087 1
81 84 1146 1
84 81 1146 1
4 37 812 1
37 4 812 1
35 55 497 1
55 35 497 1
35 96 448 1
96 35 448 1
0 102 1108 1
102 0 1108 1
18 86 1008 1
86 18 1008 1
54 86 568 1
86 54 568 1
69 78 773 1
78 69 773 1
75 77 210 1
77 75 210 1
106 114 322 1
114 106 322 1
2 107 1169 1
107 2 1169 1
11 22 654 1
22 11 654 1
18 33 288 1
33 18 288 1
18 41 854 1
41 18 854 1
27 30 343 1
30 27 343 1
83 101 854 1
101 83 854 1
72 83 754 1
83 72 754 1
76 114 580 1
114 76 580 1
79 86 986 1
86 79 986 1
89 99 398 1
99 89 398 1
10 93 1289 1
93 10 1289 1
56 63 1014 1
63 56 1014 1
57 78 938 1
78 57 938 1
66 99 784 1
99 66 784 1
4 49 1415 1
49 4 1415 1
13 75 440 1
75 13 440 1
16 72 287 1
72 16 287 1
57 91 921 1
91 57 921 1
62 69 736 1
69 62 736 1
104 112 332 1
112 104 332 1
