116 2668
58 59 496 1
59 58 496 1
44 45 194 1
45 44 194 1
42 43 239 1
43 42 239 1
29 72 629 1
72 29 629 1
68 69 164 1
69 68 164 1
43 47 146 1
47 43 146 1
42 45 300 1
45 42 300 1
84 85 1130 1
85 84 1130 1
24 25 135 1
25 24 135 1
0 18 364 1
18 0 364 1
41 73 204 1
73 41 204 1
45 49 111 1
49 45 111 1
9 65 1235 1
65 9 1235 1
43 45 199 1
45 43 199 1
43 46 341 1
46 43 341 1
42 44 208 1
44 42 208 1
29 73 113 1
73 29 113 1
42 46 173 1
46 42 173 1
52 54 402 1
54 52 402 1
91 92 669 1
92 91 669 1
13 15 277 1
15 13 277 1
26 27 135 1
27 26 135 1
36 38 122 1
38 36 122 1
36 37 542 1
37 36 542 1
28 83 861 1
83 28 861 1
86 87 805 1
87 86 805 1
11 15 385 1
15 11 385 1
76 77 238 1
77 76 238 1
46 47 309 1
47 46 309 1
16 80 152 1
80 16 152 1
73 75 84 1
75 73 84 1
60 61 893 1
61 60 893 1
74 76 203 1
76 74 203 1
78 79 878 1
79 78 878 1
73 74 458 1
74 73 458 1
36 40 213 1
40 36 213 1
59 61 271 1
61 59 271 1
30 31 127 1
31 30 127 1
72 73 517 1
73 72 517 1
38 40 158 1
40 38 158 1
40 72 200 1
72 40 200 1
45 46 448 1
46 45 448 1
37 38 515 1
38 37 515 1
38 39 465 1
39 38 465 1
5 65 1232 1
65 5 1232 1
28 72 116 1
72 28 116 1
37 39 117 1
39 37 117 1
70 71 263 1
71 70 263 1
43 49 240 1
49 43 240 1
93 101 103 1
101 93 103 1
90 91 735 1
91 90 735 1
32 68 304 1
68 32 304 1
44 46 353 1
46 44 353 1
46 49 541 1
49 46 541 1
8 9 638 1
9 8 638 1
29 41 234 1
41 29 234 1
5 9 157 1
9 5 157 1
41 72 550 1
72 41 550 1
47 49 380 1
49 47 380 1
72 74 76 1
74 72 76 1
29 83 227 1
83 29 227 1
72 76 257 1
76 72 257 1
75 77 210 1
77 75 210 1
36 41 570 1
41 36 570 1
6 8 485 1
8 6 485 1
7 13 237 1
13 7 237 1
51 89 661 1
89 51 661 1
42 49 396 1
49 42 396 1
61 63 238 1
63 61 238 1
11 13 168 1
13 11 168 1
70 76 285 1
76 70 285 1
37 41 217 1
41 37 217 1
70 77 376 1
77 70 376 1
67 85 682 1
85 67 682 1
28 29 741 1
29 28 741 1
73 77 274 1
77 73 274 1
41 75 187 1
75 41 187 1
7 15 461 1
15 7 461 1
104 105 204 1
105 104 204 1
43 44 290 1
44 43 290 1
64 85 1107 1
85 64 1107 1
70 75 355 1
75 70 355 1
58 61 717 1
61 58 717 1
2 6 165 1
6 2 165 1
17 29 223 1
29 17 223 1
29 74 571 1
74 29 571 1
9 24 385 1
24 9 385 1
18 68 315 1
68 18 315 1
23 25 373 1
25 23 373 1
9 27 309 1
27 9 309 1
5 24 252 1
24 5 252 1
60 63 1021 1
63 60 1021 1
36 72 276 1
72 36 276 1
66 69 349 1
69 66 349 1
38 41 513 1
41 38 513 1
40 41 506 1
41 40 506 1
16 78 122 1
78 16 122 1
20 30 328 1
30 20 328 1
42 47 281 1
47 42 281 1
16 28 220 1
28 16 220 1
48 58 400 1
58 48 400 1
64 67 549 1
67 64 549 1
70 73 402 1
73 70 402 1
72 83 754 1
83 72 754 1
23 65 1169 1
65 23 1169 1
34 67 275 1
67 34 275 1
45 47 345 1
47 45 345 1
52 58 705 1
58 52 705 1
28 82 255 1
82 28 255 1
101 103 106 1
103 101 106 1
5 23 453 1
23 5 453 1
40 73 549 1
73 40 549 1
44 49 304 1
49 44 304 1
90 98 163 1
98 90 163 1
95 109 146 1
109 95 146 1
38 72 305 1
72 38 305 1
41 74 484 1
74 41 484 1
73 76 450 1
76 73 450 1
23 67 1077 1
67 23 1077 1
71 75 163 1
75 71 163 1
64 65 897 1
65 64 897 1
92 100 157 1
100 92 157 1
66 68 378 1
68 66 378 1
18 32 279 1
32 18 279 1
27 65 1171 1
65 27 1171 1
29 38 680 1
38 29 680 1
51 53 271 1
53 51 271 1
22 24 386 1
24 22 386 1
12 61 1246 1
61 12 1246 1
37 40 562 1
40 37 562 1
52 59 956 1
59 52 956 1
28 80 329 1
80 28 329 1
12 60 825 1
60 12 825 1
32 33 149 1
33 32 149 1
39 40 508 1
40 39 508 1
13 61 843 1
61 13 843 1
3 11 395 1
11 3 395 1
84 87 1148 1
87 84 1148 1
5 25 129 1
25 5 129 1
20 38 349 1
38 20 349 1
23 64 1238 1
64 23 1238 1
15 65 1052 1
65 15 1052 1
51 55 568 1
55 51 568 1
90 92 135 1
92 90 135 1
19 83 893 1
83 19 893 1
82 83 881 1
83 82 881 1
93 99 208 1
99 93 208 1
1 57 172 1
57 1 172 1
19 33 238 1
33 19 238 1
80 82 469 1
82 80 469 1
18 19 147 1
19 18 147 1
18 66 623 1
66 18 623 1
20 31 387 1
31 20 387 1
23 24 403 1
24 23 403 1
94 113 328 1
113 94 328 1
3 23 271 1
23 3 271 1
92 93 608 1
93 92 608 1
17 63 324 1
63 17 324 1
24 27 252 1
27 24 252 1
11 83 383 1
83 11 383 1
20 40 225 1
40 20 225 1
33 96 703 1
96 33 703 1
31 33 517 1
33 31 517 1
56 57 840 1
57 56 840 1
99 103 258 1
103 99 258 1
22 23 140 1
23 22 140 1
41 77 345 1
77 41 345 1
51 52 786 1
52 51 786 1
4 6 536 1
6 4 536 1
13 29 290 1
29 13 290 1
16 17 998 1
17 16 998 1
91 93 118 1
93 91 118 1
5 15 278 1
15 5 278 1
25 30 292 1
30 25 292 1
2 62 788 1
62 2 788 1
7 61 813 1
61 7 813 1
9 15 219 1
15 9 219 1
17 28 894 1
28 17 894 1
52 61 1057 1
61 52 1057 1
64 84 478 1
84 64 478 1
93 115 401 1
115 93 401 1
54 89 853 1
89 54 853 1
29 40 655 1
40 29 655 1
20 39 459 1
39 20 459 1
60 62 241 1
62 60 241 1
94 107 417 1
107 94 417 1
24 65 1330 1
65 24 1330 1
4 65 1344 1
65 4 1344 1
19 72 678 1
72 19 678 1
85 87 616 1
87 85 616 1
7 65 934 1
65 7 934 1
29 36 705 1
36 29 705 1
39 41 161 1
41 39 161 1
25 65 1263 1
65 25 1263 1
0 66 594 1
66 0 594 1
20 55 690 1
55 20 690 1
93 103 173 1
103 93 173 1
110 113 304 1
113 110 304 1
23 35 930 1
35 23 930 1
99 101 266 1
101 99 266 1
12 52 1107 1
52 12 1107 1
15 23 561 1
23 15 561 1
101 102 595 1
102 101 595 1
4 64 1218 1
64 4 1218 1
9 26 419 1
26 9 419 1
17 62 1129 1
62 17 1129 1
24 35 1010 1
35 24 1010 1
91 99 166 1
99 91 166 1
19 29 673 1
29 19 673 1
29 76 555 1
76 29 555 1
78 80 116 1
80 78 116 1
1 19 351 1
19 1 351 1
24 26 201 1
26 24 201 1
4 26 161 1
26 4 161 1
10 28 213 1
28 10 213 1
54 55 651 1
55 54 651 1
109 115 211 1
115 109 211 1
37 72 595 1
72 37 595 1
4 9 500 1
9 4 500 1
40 70 311 1
70 40 311 1
51 54 884 1
54 51 884 1
0 58 565 1
58 0 565 1
32 69 338 1
69 32 338 1
19 32 289 1
32 19 289 1
12 58 1025 1
58 12 1025 1
20 37 510 1
37 20 510 1
53 55 448 1
55 53 448 1
20 21 185 1
21 20 185 1
71 77 297 1
77 71 297 1
105 114 152 1
114 105 152 1
36 39 517 1
39 36 517 1
0 103 1292 1
103 0 1292 1
91 101 197 1
101 91 197 1
94 96 89 1
96 94 89 1
52 89 1027 1
89 52 1027 1
93 102 600 1
102 93 600 1
33 73 444 1
73 33 444 1
103 104 369 1
104 103 369 1
7 11 254 1
11 7 254 1
67 91 790 1
91 67 790 1
23 30 259 1
30 23 259 1
56 78 391 1
78 56 391 1
0 32 356 1
32 0 356 1
91 103 258 1
103 91 258 1
93 109 510 1
109 93 510 1
105 109 371 1
109 105 371 1
14 15 772 1
15 14 772 1
16 79 934 1
79 16 934 1
24 30 283 1
30 24 283 1
36 73 600 1
73 36 600 1
91 115 428 1
115 91 428 1
62 63 1134 1
63 62 1134 1
91 109 486 1
109 91 486 1
67 84 830 1
84 67 830 1
48 59 599 1
59 48 599 1
12 13 959 1
13 12 959 1
40 76 327 1
76 40 327 1
99 115 285 1
115 99 285 1
85 91 456 1
91 85 456 1
95 115 205 1
115 95 205 1
0 19 488 1
19 0 488 1
32 96 657 1
96 32 657 1
61 89 738 1
89 61 738 1
39 73 305 1
73 39 305 1
70 74 155 1
74 70 155 1
97 110 221 1
110 97 221 1
25 27 193 1
27 25 193 1
74 77 362 1
77 74 362 1
105 115 176 1
115 105 176 1
21 36 510 1
36 21 510 1
52 60 638 1
60 52 638 1
58 89 1156 1
89 58 1156 1
5 7 538 1
7 5 538 1
31 40 592 1
40 31 592 1
40 74 182 1
74 40 182 1
41 70 482 1
70 41 482 1
64 92 764 1
92 64 764 1
71 73 163 1
73 71 163 1
8 50 1336 1
50 8 1336 1
44 47 404 1
47 44 404 1
4 5 350 1
5 4 350 1
31 73 397 1
73 31 397 1
38 73 580 1
73 38 580 1
111 115 269 1
115 111 269 1
68 110 813 1
110 68 813 1
102 111 440 1
111 102 440 1
3 31 315 1
31 3 315 1
7 9 490 1
9 7 490 1
68 96 891 1
96 68 891 1
70 72 158 1
72 70 158 1
40 77 472 1
77 40 472 1
60 88 724 1
88 60 724 1
28 62 527 1
62 28 527 1
73 83 298 1
83 73 298 1
2 4 569 1
4 2 569 1
16 62 313 1
62 16 313 1
8 27 425 1
27 8 425 1
9 25 252 1
25 9 252 1
20 24 393 1
24 20 393 1
23 31 199 1
31 23 199 1
34 66 268 1
66 34 268 1
41 76 493 1
76 41 493 1
34 91 729 1
91 34 729 1
38 55 598 1
55 38 598 1
65 67 361 1
67 65 361 1
75 76 374 1
76 75 374 1
102 103 508 1
103 102 508 1
12 59 1240 1
59 12 1240 1
16 82 421 1
82 16 421 1
5 27 165 1
27 5 165 1
9 23 475 1
23 9 475 1
36 54 228 1
54 36 228 1
76 79 567 1
79 76 567 1
69 110 773 1
110 69 773 1
10 14 380 1
14 10 380 1
92 105 456 1
105 92 456 1
0 68 414 1
68 0 414 1
76 78 312 1
78 76 312 1
103 105 173 1
105 103 173 1
37 73 278 1
73 37 278 1
54 58 818 1
58 54 818 1
56 99 1051 1
99 56 1051 1
67 105 903 1
105 67 903 1
3 7 185 1
7 3 185 1
4 23 506 1
23 4 506 1
91 105 371 1
105 91 371 1
5 67 1194 1
67 5 1194 1
26 89 900 1
89 26 900 1
46 96 270 1
96 46 270 1
59 63 501 1
63 59 501 1
84 86 610 1
86 84 610 1
20 25 402 1
25 20 402 1
22 25 402 1
25 22 402 1
30 33 526 1
33 30 526 1
0 56 174 1
56 0 174 1
18 28 651 1
28 18 651 1
48 51 548 1
51 48 548 1
25 67 1191 1
67 25 1191 1
84 91 1024 1
91 84 1024 1
6 9 834 1
9 6 834 1
12 29 886 1
29 12 886 1
27 89 807 1
89 27 807 1
49 98 742 1
98 49 742 1
51 59 486 1
59 51 486 1
97 109 174 1
109 97 174 1
68 113 1115 1
113 68 1115 1
5 11 579 1
11 5 579 1
29 31 454 1
31 29 454 1
90 99 615 1
99 90 615 1
20 36 396 1
36 20 396 1
39 72 575 1
72 39 575 1
52 53 746 1
53 52 746 1
96 110 214 1
110 96 214 1
9 20 557 1
20 9 557 1
55 56 1043 1
56 55 1043 1
72 82 298 1
82 72 298 1
90 112 377 1
112 90 377 1
2 101 1431 1
101 2 1431 1
39 83 378 1
83 39 378 1
80 83 1100 1
83 80 1100 1
3 83 681 1
83 3 681 1
92 99 572 1
99 92 572 1
7 51 1137 1
51 7 1137 1
37 55 221 1
55 37 221 1
60 89 1195 1
89 60 1195 1
80 81 1113 1
81 80 1113 1
114 115 96 1
115 114 96 1
1 29 521 1
29 1 521 1
17 79 135 1
79 17 135 1
45 67 282 1
67 45 282 1
92 115 404 1
115 92 404 1
2 50 1192 1
50 2 1192 1
22 35 922 1
35 22 922 1
67 92 922 1
92 67 922 1
28 79 847 1
79 28 847 1
92 102 211 1
102 92 211 1
25 35 978 1
35 25 978 1
0 28 492 1
28 0 492 1
4 8 148 1
8 4 148 1
5 64 1350 1
64 5 1350 1
100 102 87 1
102 100 87 1
100 104 240 1
104 100 240 1
18 58 669 1
58 18 669 1
37 77 246 1
77 37 246 1
50 85 1013 1
85 50 1013 1
81 85 175 1
85 81 175 1
84 90 466 1
90 84 466 1
29 37 304 1
37 29 304 1
13 74 757 1
74 13 757 1
29 39 339 1
39 29 339 1
59 102 1214 1
102 59 1214 1
8 26 300 1
26 8 300 1
99 102 560 1
102 99 560 1
9 21 431 1
21 9 431 1
12 83 999 1
83 12 999 1
21 41 236 1
41 21 236 1
31 74 479 1
74 31 479 1
32 66 416 1
66 32 416 1
35 65 453 1
65 35 453 1
97 99 180 1
99 97 180 1
17 83 381 1
83 17 381 1
56 79 965 1
79 56 965 1
84 92 597 1
92 84 597 1
51 58 753 1
58 51 753 1
20 27 271 1
27 20 271 1
68 97 933 1
97 68 933 1
74 75 389 1
75 74 389 1
94 110 220 1
110 94 220 1
72 77 430 1
77 72 430 1
1 28 918 1
28 1 918 1
31 79 660 1
79 31 660 1
48 99 711 1
99 48 711 1
81 84 1146 1
84 81 1146 1
92 98 220 1
98 92 220 1
38 54 263 1
54 38 263 1
66 103 1026 1
103 66 1026 1
33 76 380 1
76 33 380 1
101 113 350 1
113 101 350 1
17 57 439 1
57 17 439 1
63 106 1106 1
106 63 1106 1
66 93 972 1
93 66 972 1
92 101 634 1
101 92 634 1
36 76 232 1
76 36 232 1
19 28 732 1
28 19 732 1
45 90 767 1
90 45 767 1
67 90 867 1
90 67 867 1
3 15 589 1
15 3 589 1
12 28 275 1
28 12 275 1
17 61 534 1
61 17 534 1
34 90 664 1
90 34 664 1
37 70 546 1
70 37 546 1
16 81 1063 1
81 16 1063 1
39 55 254 1
55 39 254 1
90 103 653 1
103 90 653 1
98 99 479 1
99 98 479 1
10 12 181 1
12 10 181 1
29 77 357 1
77 29 357 1
68 76 626 1
76 68 626 1
9 51 1357 1
51 9 1357 1
32 76 341 1
76 32 341 1
36 74 242 1
74 36 242 1
72 80 384 1
80 72 384 1
93 104 478 1
104 93 478 1
2 8 554 1
8 2 554 1
4 60 1138 1
60 4 1138 1
13 52 1405 1
52 13 1405 1
22 30 218 1
30 22 218 1
28 76 345 1
76 28 345 1
47 55 367 1
55 47 367 1
53 54 818 1
54 53 818 1
91 98 616 1
98 91 616 1
10 82 401 1
82 10 401 1
11 65 770 1
65 11 770 1
12 62 664 1
62 12 664 1
69 113 1075 1
113 69 1075 1
99 109 321 1
109 99 321 1
13 60 1245 1
60 13 1245 1
40 86 262 1
86 40 262 1
64 91 1046 1
91 64 1046 1
77 78 550 1
78 77 550 1
9 64 1448 1
64 9 1448 1
20 33 587 1
33 20 587 1
25 31 272 1
31 25 272 1
29 61 711 1
61 29 711 1
38 83 760 1
83 38 760 1
61 88 1219 1
88 61 1219 1
1 72 829 1
72 1 829 1
21 53 1018 1
53 21 1018 1
29 59 896 1
59 29 896 1
33 35 375 1
35 33 375 1
36 55 626 1
55 36 626 1
93 100 653 1
100 93 653 1
101 115 407 1
115 101 407 1
1 83 729 1
83 1 729 1
33 40 654 1
40 33 654 1
13 51 1107 1
51 13 1107 1
42 85 771 1
85 42 771 1
85 90 1018 1
90 85 1018 1
42 90 472 1
90 42 472 1
59 60 718 1
60 59 718 1
87 91 820 1
91 87 820 1
13 14 902 1
14 13 902 1
15 31 431 1
31 15 431 1
69 97 875 1
97 69 875 1
90 109 492 1
109 90 492 1
2 60 843 1
60 2 843 1
15 20 521 1
20 15 521 1
29 33 510 1
33 29 510 1
34 35 126 1
35 34 126 1
48 98 566 1
98 48 566 1
82 86 143 1
86 82 143 1
90 115 420 1
115 90 420 1
0 99 1111 1
99 0 1111 1
10 17 1029 1
17 10 1029 1
18 69 392 1
69 18 392 1
11 88 1176 1
88 11 1176 1
50 63 1042 1
63 50 1042 1
69 94 883 1
94 69 883 1
90 93 690 1
93 90 690 1
10 13 1004 1
13 10 1004 1
37 54 645 1
54 37 645 1
54 59 1020 1
59 54 1020 1
93 105 305 1
105 93 305 1
2 58 959 1
58 2 959 1
40 83 731 1
83 40 731 1
92 103 574 1
103 92 574 1
11 23 552 1
23 11 552 1
27 67 1105 1
67 27 1105 1
31 39 657 1
39 31 657 1
44 67 332 1
67 44 332 1
48 52 415 1
52 48 415 1
4 15 597 1
15 4 597 1
66 67 177 1
67 66 177 1
4 50 1323 1
50 4 1323 1
10 60 650 1
60 10 650 1
41 83 252 1
83 41 252 1
107 113 400 1
113 107 400 1
0 93 1314 1
93 0 1314 1
0 101 1354 1
101 0 1354 1
17 72 781 1
72 17 781 1
26 65 1232 1
65 26 1232 1
28 38 358 1
38 28 358 1
29 79 257 1
79 29 257 1
33 72 507 1
72 33 507 1
38 78 371 1
78 38 371 1
4 35 987 1
35 4 987 1
11 14 937 1
14 11 937 1
16 57 981 1
57 16 981 1
29 52 1136 1
52 29 1136 1
56 69 542 1
69 56 542 1
2 12 394 1
12 2 394 1
33 74 480 1
74 33 480 1
49 90 859 1
90 49 859 1
7 31 345 1
31 7 345 1
37 81 336 1
81 37 336 1
36 77 422 1
77 36 422 1
36 80 330 1
80 36 330 1
42 84 665 1
84 42 665 1
63 114 926 1
114 63 926 1
21 81 634 1
81 21 634 1
33 41 611 1
41 33 611 1
12 63 1218 1
63 12 1218 1
45 98 655 1
98 45 655 1
85 92 1003 1
92 85 1003 1
41 81 452 1
81 41 452 1
95 99 272 1
99 95 272 1
5 35 974 1
35 5 974 1
21 38 458 1
38 21 458 1
27 51 1246 1
51 27 1246 1
49 95 692 1
95 49 692 1
58 60 266 1
60 58 266 1
62 101 1225 1
101 62 1225 1
95 108 123 1
108 95 123 1
103 115 322 1
115 103 322 1
0 69 556 1
69 0 556 1
2 3 405 1
3 2 405 1
16 83 1029 1
83 16 1029 1
17 59 758 1
59 17 758 1
50 53 744 1
53 50 744 1
59 89 931 1
89 59 931 1
68 94 894 1
94 68 894 1
8 24 258 1
24 8 258 1
13 88 1216 1
88 13 1216 1
84 93 1016 1
93 84 1016 1
91 100 719 1
100 91 719 1
93 97 371 1
97 93 371 1
2 22 228 1
22 2 228 1
21 39 356 1
39 21 356 1
51 61 458 1
61 51 458 1
96 113 315 1
113 96 315 1
8 91 1373 1
91 8 1373 1
16 36 349 1
36 16 349 1
108 109 87 1
109 108 87 1
3 6 559 1
6 3 559 1
25 64 1312 1
64 25 1312 1
26 91 1131 1
91 26 1131 1
55 89 213 1
89 55 213 1
32 47 724 1
47 32 724 1
52 72 837 1
72 52 837 1
102 104 159 1
104 102 159 1
7 29 417 1
29 7 417 1
13 72 796 1
72 13 796 1
24 31 318 1
31 24 318 1
35 67 262 1
67 35 262 1
44 84 739 1
84 44 739 1
1 68 549 1
68 1 549 1
17 36 828 1
36 17 828 1
20 53 1075 1
53 20 1075 1
99 111 265 1
111 99 265 1
1 18 493 1
18 1 493 1
62 81 1169 1
81 62 1169 1
62 83 1241 1
83 62 1241 1
97 115 218 1
115 97 218 1
102 115 318 1
115 102 318 1
17 41 414 1
41 17 414 1
20 26 232 1
26 20 232 1
36 70 395 1
70 36 395 1
66 102 974 1
102 66 974 1
48 50 202 1
50 48 202 1
58 99 956 1
99 58 956 1
69 107 1110 1
107 69 1110 1
90 105 516 1
105 90 516 1
98 115 287 1
115 98 287 1
25 26 225 1
26 25 225 1
15 51 1162 1
51 15 1162 1
15 88 1097 1
88 15 1097 1
17 81 182 1
81 17 182 1
75 88 798 1
88 75 798 1
12 72 358 1
72 12 358 1
17 60 1082 1
60 17 1082 1
38 79 739 1
79 38 739 1
17 38 824 1
38 17 824 1
20 41 386 1
41 20 386 1
34 103 810 1
103 34 810 1
68 79 805 1
79 68 805 1
85 105 668 1
105 85 668 1
66 101 1048 1
101 66 1048 1
84 105 801 1
105 84 801 1
93 111 397 1
111 93 397 1
101 114 359 1
114 101 359 1
8 85 1245 1
85 8 1245 1
10 11 986 1
11 10 986 1
16 38 439 1
38 16 439 1
29 75 189 1
75 29 189 1
30 67 972 1
67 30 972 1
34 98 528 1
98 34 528 1
40 55 690 1
55 40 690 1
44 85 817 1
85 44 817 1
50 60 475 1
60 50 475 1
24 67 1223 1
67 24 1223 1
50 91 845 1
91 50 845 1
0 1 800 1
1 0 800 1
4 7 733 1
7 4 733 1
46 68 860 1
68 46 860 1
62 87 1274 1
87 62 1274 1
35 110 305 1
110 35 305 1
50 51 698 1
51 50 698 1
66 110 549 1
110 66 549 1
77 110 393 1
110 77 393 1
0 59 847 1
59 0 847 1
23 85 1053 1
85 23 1053 1
69 103 1214 1
103 69 1214 1
72 75 453 1
75 72 453 1
90 100 182 1
100 90 182 1
6 50 1151 1
50 6 1151 1
7 63 675 1
63 7 675 1
15 24 514 1
24 15 514 1
20 70 213 1
70 20 213 1
39 78 740 1
78 39 740 1
1 96 958 1
96 1 958 1
5 26 263 1
26 5 263 1
20 73 397 1
73 20 397 1
12 14 278 1
14 12 278 1
56 66 485 1
66 56 485 1
7 73 434 1
73 7 434 1
19 58 678 1
58 19 678 1
28 41 661 1
41 28 661 1
48 90 628 1
90 48 628 1
52 63 1131 1
63 52 1131 1
28 36 321 1
36 28 321 1
34 92 737 1
92 34 737 1
62 80 268 1
80 62 268 1
69 78 773 1
78 69 773 1
98 111 265 1
111 98 265 1
74 79 666 1
79 74 666 1
92 114 349 1
114 92 349 1
16 37 809 1
37 16 809 1
29 80 961 1
80 29 961 1
29 82 824 1
82 29 824 1
31 38 708 1
38 31 708 1
33 94 670 1
94 33 670 1
46 98 212 1
98 46 212 1
72 79 733 1
79 72 733 1
79 81 136 1
81 79 136 1
18 72 618 1
72 18 618 1
4 67 1210 1
67 4 1210 1
34 87 945 1
87 34 945 1
51 65 287 1
65 51 287 1
57 77 533 1
77 57 533 1
91 112 368 1
112 91 368 1
93 113 317 1
113 93 317 1
1 17 391 1
17 1 391 1
4 27 279 1
27 4 279 1
13 73 358 1
73 13 358 1
16 76 379 1
76 16 379 1
76 80 424 1
80 76 424 1
76 110 394 1
110 76 394 1
21 27 209 1
27 21 209 1
43 78 794 1
78 43 794 1
57 102 1241 1
102 57 1241 1
97 103 349 1
103 97 349 1
100 103 576 1
103 100 576 1
109 110 135 1
110 109 135 1
15 21 348 1
21 15 348 1
21 37 403 1
37 21 403 1
31 41 528 1
41 31 528 1
80 86 567 1
86 80 567 1
104 114 171 1
114 104 171 1
12 89 1220 1
89 12 1220 1
15 83 194 1
83 15 194 1
20 65 1049 1
65 20 1049 1
25 79 804 1
79 25 804 1
63 89 569 1
89 63 569 1
106 114 322 1
114 106 322 1
1 59 541 1
59 1 541 1
6 64 941 1
64 6 941 1
26 51 1298 1
51 26 1298 1
28 73 629 1
73 28 629 1
59 101 1108 1
101 59 1108 1
14 61 1285 1
61 14 1285 1
38 86 366 1
86 38 366 1
75 81 434 1
81 75 434 1
85 108 596 1
108 85 596 1
5 13 461 1
13 5 461 1
28 81 975 1
81 28 975 1
45 112 552 1
112 45 552 1
34 101 848 1
101 34 848 1
50 52 243 1
52 50 243 1
9 50 1509 1
50 9 1509 1
16 72 287 1
72 16 287 1
17 73 298 1
73 17 298 1
79 80 991 1
80 79 991 1
99 100 610 1
100 99 610 1
32 110 609 1
110 32 609 1
42 67 468 1
67 42 468 1
10 88 586 1
88 10 586 1
27 53 1217 1
53 27 1217 1
69 104 1167 1
104 69 1167 1
71 100 1020 1
100 71 1020 1
6 91 1386 1
91 6 1386 1
14 60 967 1
60 14 967 1
17 52 1166 1
52 17 1166 1
19 41 815 1
41 19 815 1
19 68 313 1
68 19 313 1
59 99 857 1
99 59 857 1
34 84 580 1
84 34 580 1
34 93 788 1
93 34 788 1
40 75 477 1
75 40 477 1
62 103 1159 1
103 62 1159 1
93 110 487 1
110 93 487 1
8 65 1425 1
65 8 1425 1
20 78 525 1
78 20 525 1
50 90 473 1
90 50 473 1
75 94 515 1
94 75 515 1
1 16 963 1
16 1 963 1
11 29 239 1
29 11 239 1
21 65 973 1
65 21 973 1
46 55 584 1
55 46 584 1
2 91 1366 1
91 2 1366 1
9 67 1237 1
67 9 1237 1
15 29 295 1
29 15 295 1
31 72 482 1
72 31 482 1
38 77 447 1
77 38 447 1
39 86 698 1
86 39 698 1
53 108 584 1
108 53 584 1
57 79 431 1
79 57 431 1
77 94 396 1
94 77 396 1
13 63 653 1
63 13 653 1
21 25 360 1
25 21 360 1
25 78 882 1
78 25 882 1
86 88 460 1
88 86 460 1
92 112 325 1
112 92 325 1
93 114 346 1
114 93 346 1
2 93 1417 1
93 2 1417 1
21 26 271 1
26 21 271 1
22 50 1336 1
50 22 1336 1
56 103 1239 1
103 56 1239 1
58 101 1214 1
101 58 1214 1
4 91 1276 1
91 4 1276 1
16 29 882 1
29 16 882 1
17 80 1070 1
80 17 1070 1
45 85 677 1
85 45 677 1
50 89 1065 1
89 50 1065 1
23 45 1302 1
45 23 1302 1
38 80 426 1
80 38 426 1
42 109 434 1
109 42 434 1
44 90 651 1
90 44 651 1
19 59 618 1
59 19 618 1
19 80 851 1
80 19 851 1
33 75 426 1
75 33 426 1
2 18 379 1
18 2 379 1
32 72 471 1
72 32 471 1
59 72 1001 1
72 59 1001 1
84 109 579 1
109 84 579 1
102 113 317 1
113 102 317 1
12 15 906 1
15 12 906 1
12 17 1046 1
17 12 1046 1
14 82 179 1
82 14 179 1
20 77 434 1
77 20 434 1
37 75 239 1
75 37 239 1
47 96 412 1
96 47 412 1
56 68 408 1
68 56 408 1
78 82 455 1
82 78 455 1
103 109 477 1
109 103 477 1
8 67 1258 1
67 8 1258 1
31 83 561 1
83 31 561 1
36 83 816 1
83 36 816 1
42 108 485 1
108 42 485 1
104 115 184 1
115 104 184 1
12 19 781 1
19 12 781 1
21 71 214 1
71 21 214 1
59 111 815 1
111 59 815 1
62 85 1177 1
85 62 1177 1
8 98 1104 1
98 8 1104 1
30 78 663 1
78 30 663 1
48 61 765 1
61 48 765 1
64 81 1132 1
81 64 1132 1
66 113 829 1
113 66 829 1
71 76 392 1
76 71 392 1
83 88 1071 1
88 83 1071 1
98 100 250 1
100 98 250 1
90 101 719 1
101 90 719 1
31 76 584 1
76 31 584 1
68 72 754 1
72 68 754 1
91 114 389 1
114 91 389 1
11 19 598 1
19 11 598 1
44 92 695 1
92 44 695 1
52 55 814 1
55 52 814 1
57 96 913 1
96 57 913 1
110 111 172 1
111 110 172 1
13 17 364 1
17 13 364 1
73 82 720 1
82 73 720 1
19 73 625 1
73 19 625 1
22 88 1044 1
88 22 1044 1
28 37 709 1
37 28 709 1
28 40 248 1
40 28 248 1
32 79 600 1
79 32 600 1
45 92 789 1
92 45 789 1
15 25 386 1
25 15 386 1
23 50 1386 1
50 23 1386 1
44 96 580 1
96 44 580 1
87 90 1142 1
90 87 1142 1
99 110 299 1
110 99 299 1
20 79 665 1
79 20 665 1
23 27 506 1
27 23 506 1
36 52 586 1
52 36 586 1
83 96 859 1
96 83 859 1
92 104 310 1
104 92 310 1
32 46 706 1
46 32 706 1
50 108 645 1
108 50 645 1
69 109 801 1
109 69 801 1
81 87 551 1
87 81 551 1
95 101 458 1
101 95 458 1
101 109 540 1
109 101 540 1
2 19 481 1
19 2 481 1
18 83 953 1
83 18 953 1
31 96 900 1
96 31 900 1
50 62 545 1
62 50 545 1
58 63 892 1
63 58 892 1
38 81 841 1
81 38 841 1
53 89 552 1
89 53 552 1
73 81 406 1
81 73 406 1
91 95 424 1
95 91 424 1
15 60 1288 1
60 15 1288 1
21 40 380 1
40 21 380 1
28 68 788 1
68 28 788 1
39 96 494 1
96 39 494 1
17 37 368 1
37 17 368 1
20 74 213 1
74 20 213 1
34 105 727 1
105 34 727 1
35 107 663 1
107 35 663 1
45 64 610 1
64 45 610 1
95 98 433 1
98 95 433 1
6 85 1205 1
85 6 1205 1
10 62 483 1
62 10 483 1
78 81 1002 1
81 78 1002 1
3 5 603 1
5 3 603 1
3 30 397 1
30 3 397 1
13 59 1042 1
59 13 1042 1
36 86 441 1
86 36 441 1
46 48 368 1
48 46 368 1
52 62 619 1
62 52 619 1
98 105 417 1
105 98 417 1
0 80 485 1
80 0 485 1
7 24 631 1
24 7 631 1
26 53 1271 1
53 26 1271 1
30 40 513 1
40 30 513 1
41 80 868 1
80 41 868 1
2 34 808 1
34 2 808 1
33 77 332 1
77 33 332 1
34 85 678 1
85 34 678 1
69 93 1169 1
93 69 1169 1
96 107 486 1
107 96 486 1
13 83 347 1
83 13 347 1
33 38 675 1
38 33 675 1
33 110 636 1
110 33 636 1
41 61 840 1
61 41 840 1
46 56 752 1
56 46 752 1
5 8 493 1
8 5 493 1
12 88 689 1
88 12 689 1
30 96 854 1
96 30 854 1
37 76 441 1
76 37 441 1
44 64 436 1
64 44 436 1
0 16 380 1
16 0 380 1
7 59 970 1
59 7 970 1
24 96 985 1
96 24 985 1
48 89 1015 1
89 48 1015 1
105 108 296 1
108 105 296 1
3 24 623 1
24 3 623 1
37 86 777 1
86 37 777 1
3 50 1273 1
50 3 1273 1
7 74 728 1
74 7 728 1
28 39 686 1
39 28 686 1
30 32 574 1
32 30 574 1
41 71 317 1
71 41 317 1
65 92 1075 1
92 65 1075 1
67 114 792 1
114 67 792 1
70 94 557 1
94 70 557 1
95 110 248 1
110 95 248 1
6 23 465 1
23 6 465 1
7 35 816 1
35 7 816 1
8 64 1208 1
64 8 1208 1
55 70 737 1
70 55 737 1
81 83 446 1
83 81 446 1
108 112 335 1
112 108 335 1
2 90 1252 1
90 2 1252 1
25 33 765 1
33 25 765 1
37 78 740 1
78 37 740 1
58 102 1067 1
102 58 1067 1
81 82 1081 1
82 81 1081 1
104 111 377 1
111 104 377 1
27 91 1074 1
91 27 1074 1
28 78 272 1
78 28 272 1
42 78 692 1
78 42 692 1
49 55 664 1
55 49 664 1
49 56 904 1
56 49 904 1
66 104 942 1
104 66 942 1
67 69 345 1
69 67 345 1
39 70 540 1
70 39 540 1
39 82 719 1
82 39 719 1
43 56 867 1
56 43 867 1
8 51 1496 1
51 8 1496 1
18 101 1348 1
101 18 1348 1
30 39 678 1
39 30 678 1
45 84 881 1
84 45 881 1
57 78 938 1
78 57 938 1
3 65 942 1
65 3 942 1
6 100 1229 1
100 6 1229 1
30 79 725 1
79 30 725 1
98 102 260 1
102 98 260 1
104 109 377 1
109 104 377 1
12 54 794 1
54 12 794 1
20 51 1095 1
51 20 1095 1
36 78 263 1
78 36 263 1
67 104 923 1
104 67 923 1
69 101 1234 1
101 69 1234 1
13 76 778 1
76 13 778 1
38 70 414 1
70 38 414 1
40 82 231 1
82 40 231 1
57 66 576 1
66 57 576 1
104 107 401 1
107 104 401 1
6 115 1087 1
115 6 1087 1
18 103 1302 1
103 18 1302 1
20 76 380 1
76 20 380 1
38 82 362 1
82 38 362 1
3 35 775 1
35 3 775 1
11 28 875 1
28 11 875 1
44 110 439 1
110 44 439 1
54 62 567 1
62 54 567 1
63 81 293 1
81 63 293 1
93 95 447 1
95 93 447 1
6 35 860 1
35 6 860 1
9 89 869 1
89 9 869 1
15 61 998 1
61 15 998 1
31 78 755 1
78 31 755 1
33 39 630 1
39 33 630 1
37 94 426 1
94 37 426 1
44 98 563 1
98 44 563 1
74 78 322 1
78 74 322 1
85 114 680 1
114 85 680 1
111 112 111 1
112 111 111 1
9 11 523 1
11 9 523 1
10 83 1031 1
83 10 1031 1
19 111 1024 1
111 19 1024 1
44 112 534 1
112 44 534 1
76 82 520 1
82 76 520 1
88 89 1035 1
89 88 1035 1
6 90 1185 1
90 6 1185 1
43 71 852 1
71 43 852 1
4 85 1130 1
85 4 1130 1
8 89 1179 1
89 8 1179 1
15 73 336 1
73 15 336 1
16 69 803 1
69 16 803 1
18 113 1181 1
113 18 1181 1
19 74 670 1
74 19 670 1
33 68 378 1
68 33 378 1
46 90 324 1
90 46 324 1
54 72 501 1
72 54 501 1
54 86 568 1
86 54 568 1
92 109 522 1
109 92 522 1
0 102 1108 1
102 0 1108 1
101 104 464 1
104 101 464 1
6 112 1257 1
112 6 1257 1
16 77 611 1
77 16 611 1
37 57 643 1
57 37 643 1
95 105 309 1
105 95 309 1
1 82 1112 1
82 1 1112 1
3 22 347 1
22 3 347 1
21 73 247 1
73 21 247 1
27 55 790 1
55 27 790 1
44 109 562 1
109 44 562 1
59 103 1115 1
103 59 1115 1
71 109 576 1
109 71 576 1
77 82 682 1
82 77 682 1
82 84 544 1
84 82 544 1
102 106 217 1
106 102 217 1
13 58 1244 1
58 13 1244 1
19 96 931 1
96 19 931 1
25 53 1369 1
53 25 1369 1
38 74 265 1
74 38 265 1
69 79 707 1
79 69 707 1
77 80 662 1
80 77 662 1
97 111 292 1
111 97 292 1
99 113 264 1
113 99 264 1
18 82 891 1
82 18 891 1
27 114 923 1
114 27 923 1
71 92 1069 1
92 71 1069 1
97 101 398 1
101 97 398 1
5 50 1417 1
50 5 1417 1
8 90 1188 1
90 8 1188 1
15 35 881 1
35 15 881 1
23 44 1318 1
44 23 1318 1
28 74 188 1
74 28 188 1
36 79 738 1
79 36 738 1
48 49 410 1
49 48 410 1
49 112 609 1
112 49 609 1
50 112 538 1
112 50 538 1
70 86 500 1
86 70 500 1
84 104 642 1
104 84 642 1
1 111 979 1
111 1 979 1
3 19 382 1
19 3 382 1
6 7 710 1
7 6 710 1
17 74 721 1
74 17 721 1
26 34 907 1
34 26 907 1
29 70 512 1
70 29 512 1
40 54 405 1
54 40 405 1
64 71 973 1
71 64 973 1
64 105 985 1
105 64 985 1
77 79 329 1
79 77 329 1
105 106 359 1
106 105 359 1
112 115 269 1
115 112 269 1
2 103 1363 1
103 2 1363 1
4 24 144 1
24 4 144 1
7 23 337 1
23 7 337 1
15 63 805 1
63 15 805 1
24 53 1427 1
53 24 1427 1
53 79 677 1
79 53 677 1
58 103 1188 1
103 58 1188 1
0 2 460 1
2 0 460 1
15 53 1143 1
53 15 1143 1
31 53 1248 1
53 31 1248 1
31 55 879 1
55 31 879 1
38 75 499 1
75 38 499 1
38 76 305 1
76 38 305 1
49 115 753 1
115 49 753 1
53 56 1149 1
56 53 1149 1
68 78 695 1
78 68 695 1
75 104 746 1
104 75 746 1
100 115 381 1
115 100 381 1
5 45 1343 1
45 5 1343 1
62 84 326 1
84 62 326 1
6 26 607 1
26 6 607 1
50 61 923 1
61 50 923 1
69 96 887 1
96 69 887 1
73 94 596 1
94 73 596 1
85 86 1120 1
86 85 1120 1
97 104 399 1
104 97 399 1
97 112 339 1
112 97 339 1
3 4 707 1
4 3 707 1
9 98 1256 1
98 9 1256 1
6 92 1291 1
92 6 1291 1
9 13 376 1
13 9 376 1
9 35 1031 1
35 9 1031 1
16 68 706 1
68 16 706 1
22 89 1126 1
89 22 1126 1
64 114 838 1
114 64 838 1
80 87 1107 1
87 80 1107 1
31 35 790 1
35 31 790 1
36 53 880 1
53 36 880 1
50 84 554 1
84 50 554 1
109 112 348 1
112 109 348 1
7 33 515 1
33 7 515 1
13 65 935 1
65 13 935 1
28 32 528 1
32 28 528 1
31 36 716 1
36 31 716 1
48 112 575 1
112 48 575 1
57 113 1031 1
113 57 1031 1
58 62 503 1
62 58 503 1
69 76 643 1
76 69 643 1
0 62 386 1
62 0 386 1
1 113 1104 1
113 1 1104 1
27 92 1167 1
92 27 1167 1
30 44 1163 1
44 30 1163 1
40 80 433 1
80 40 433 1
102 105 355 1
105 102 355 1
4 11 819 1
11 4 819 1
34 86 880 1
86 34 880 1
35 96 448 1
96 35 448 1
36 59 964 1
59 36 964 1
39 77 312 1
77 39 312 1
44 68 695 1
68 44 695 1
55 72 755 1
72 55 755 1
77 81 453 1
81 77 453 1
18 102 1258 1
102 18 1258 1
19 88 1069 1
88 19 1069 1
26 50 1256 1
50 26 1256 1
35 94 438 1
94 35 438 1
35 98 563 1
98 35 563 1
51 56 1024 1
56 51 1024 1
64 106 847 1
106 64 847 1
89 91 402 1
91 89 402 1
91 108 473 1
108 91 473 1
5 20 424 1
20 5 424 1
6 12 248 1
12 6 248 1
7 98 1238 1
98 7 1238 1
39 74 501 1
74 39 501 1
42 92 498 1
92 42 498 1
60 75 915 1
75 60 915 1
6 27 679 1
27 6 679 1
14 65 1320 1
65 14 1320 1
29 54 871 1
54 29 871 1
34 110 327 1
110 34 327 1
38 52 654 1
52 38 654 1
99 112 272 1
112 99 272 1
0 10 381 1
10 0 381 1
1 69 441 1
69 1 441 1
2 102 1269 1
102 2 1269 1
17 82 1011 1
82 17 1011 1
18 59 713 1
59 18 713 1
48 115 731 1
115 48 731 1
63 88 1219 1
88 63 1219 1
88 106 334 1
106 88 334 1
101 111 463 1
111 101 463 1
4 34 986 1
34 4 986 1
21 55 604 1
55 21 604 1
31 77 552 1
77 31 552 1
37 83 399 1
83 37 399 1
43 90 649 1
90 43 649 1
67 109 581 1
109 67 581 1
92 95 594 1
95 92 594 1
111 114 232 1
114 111 232 1
4 84 906 1
84 4 906 1
8 21 536 1
21 8 536 1
29 58 1070 1
58 29 1070 1
39 87 370 1
87 39 370 1
48 55 832 1
55 48 832 1
50 64 302 1
64 50 302 1
61 75 723 1
75 61 723 1
73 96 674 1
96 73 674 1
90 108 470 1
108 90 470 1
93 112 343 1
112 93 343 1
29 81 342 1
81 29 342 1
32 56 384 1
56 32 384 1
54 61 1045 1
61 54 1045 1
81 86 1091 1
86 81 1091 1
84 112 720 1
112 84 720 1
30 45 1169 1
45 30 1169 1
36 81 848 1
81 36 848 1
71 107 693 1
107 71 693 1
36 75 517 1
75 36 517 1
54 103 653 1
103 54 653 1
58 72 849 1
72 58 849 1
100 105 430 1
105 100 430 1
102 114 295 1
114 102 295 1
33 70 413 1
70 33 413 1
65 89 679 1
89 65 679 1
67 78 722 1
78 67 722 1
95 97 97 1
97 95 97 1
112 113 116 1
113 112 116 1
12 41 846 1
41 12 846 1
14 89 1093 1
89 14 1093 1
26 67 1128 1
67 26 1128 1
49 99 587 1
99 49 587 1
50 115 676 1
115 50 676 1
6 65 1218 1
65 6 1218 1
12 48 1186 1
48 12 1186 1
14 83 858 1
83 14 858 1
17 54 969 1
54 17 969 1
57 59 382 1
59 57 382 1
68 107 1166 1
107 68 1166 1
84 115 643 1
115 84 643 1
90 114 392 1
114 90 392 1
99 104 430 1
104 99 430 1
11 12 972 1
12 11 972 1
39 81 431 1
81 39 431 1
101 105 274 1
105 101 274 1
7 52 1400 1
52 7 1400 1
32 94 642 1
94 32 642 1
42 64 503 1
64 42 503 1
47 48 490 1
48 47 490 1
55 78 841 1
78 55 841 1
58 93 1138 1
93 58 1138 1
70 110 664 1
110 70 664 1
71 91 911 1
91 71 911 1
6 67 991 1
67 6 991 1
29 63 531 1
63 29 531 1
30 70 259 1
70 30 259 1
45 96 643 1
96 45 643 1
56 91 1205 1
91 56 1205 1
71 86 672 1
86 71 672 1
79 82 965 1
82 79 965 1
103 114 282 1
114 103 282 1
1 106 1164 1
106 1 1164 1
2 52 1249 1
52 2 1249 1
8 114 1127 1
114 8 1127 1
32 113 906 1
113 32 906 1
61 73 720 1
73 61 720 1
0 72 516 1
72 0 516 1
2 87 993 1
87 2 993 1
58 111 784 1
111 58 784 1
79 83 420 1
83 79 420 1
92 111 381 1
111 92 381 1
96 111 286 1
111 96 286 1
2 26 618 1
26 2 618 1
21 64 1051 1
64 21 1051 1
35 54 571 1
54 35 571 1
51 95 646 1
95 51 646 1
54 87 939 1
87 54 939 1
67 87 1092 1
87 67 1092 1
85 106 897 1
106 85 897 1
87 88 1035 1
88 87 1035 1
91 102 669 1
102 91 669 1
110 112 272 1
112 110 272 1
4 114 1058 1
114 4 1058 1
10 81 1126 1
81 10 1126 1
17 19 648 1
19 17 648 1
29 57 596 1
57 29 596 1
62 93 1180 1
93 62 1180 1
66 97 717 1
97 66 717 1
1 10 979 1
10 1 979 1
1 37 646 1
37 1 646 1
10 61 1158 1
61 10 1158 1
19 61 611 1
61 19 611 1
27 64 1222 1
64 27 1222 1
32 97 697 1
97 32 697 1
39 75 260 1
75 39 260 1
61 114 963 1
114 61 963 1
66 105 960 1
105 66 960 1
76 94 331 1
94 76 331 1
8 92 1269 1
92 8 1269 1
25 96 984 1
96 25 984 1
47 70 837 1
70 47 837 1
66 115 807 1
115 66 807 1
2 35 833 1
35 2 833 1
14 22 562 1
22 14 562 1
21 51 1039 1
51 21 1039 1
50 58 486 1
58 50 486 1
75 86 685 1
86 75 685 1
87 109 723 1
109 87 723 1
33 97 678 1
97 33 678 1
45 109 572 1
109 45 572 1
71 90 1013 1
90 71 1013 1
26 87 560 1
87 26 560 1
37 113 578 1
113 37 578 1
47 56 905 1
56 47 905 1
51 98 763 1
98 51 763 1
75 111 718 1
111 75 718 1
95 112 395 1
112 95 395 1
102 110 495 1
110 102 495 1
2 66 917 1
66 2 917 1
25 47 1189 1
47 25 1189 1
33 55 720 1
55 33 720 1
46 78 577 1
78 46 577 1
1 41 715 1
41 1 715 1
1 73 531 1
73 1 531 1
6 101 1437 1
101 6 1437 1
7 14 868 1
14 7 868 1
10 29 893 1
29 10 893 1
19 40 851 1
40 19 851 1
20 29 497 1
29 20 497 1
24 33 797 1
33 24 797 1
28 77 540 1
77 28 540 1
34 99 586 1
99 34 586 1
42 98 381 1
98 42 381 1
50 67 562 1
67 50 562 1
56 76 519 1
76 56 519 1
79 96 717 1
96 79 717 1
6 98 1088 1
98 6 1088 1
16 18 646 1
18 16 646 1
24 47 1229 1
47 24 1229 1
27 98 999 1
98 27 999 1
29 96 758 1
96 29 758 1
45 95 654 1
95 45 654 1
71 110 676 1
110 71 676 1
1 76 689 1
76 1 689 1
4 13 743 1
13 4 743 1
16 39 805 1
39 16 805 1
18 93 1308 1
93 18 1308 1
57 82 1164 1
82 57 1164 1
100 109 518 1
109 100 518 1
0 82 741 1
82 0 741 1
1 102 1288 1
102 1 1288 1
3 64 1134 1
64 3 1134 1
4 25 258 1
25 4 258 1
66 84 731 1
84 66 731 1
7 111 1173 1
111 7 1173 1
15 39 506 1
39 15 506 1
16 56 380 1
56 16 380 1
20 72 238 1
72 20 238 1
22 67 1070 1
67 22 1070 1
23 53 1411 1
53 23 1411 1
39 80 834 1
80 39 834 1
40 96 436 1
96 40 436 1
92 106 400 1
106 92 400 1
98 112 277 1
112 98 277 1
1 77 531 1
77 1 531 1
9 95 899 1
95 9 899 1
10 15 968 1
15 10 968 1
13 28 892 1
28 13 892 1
23 26 522 1
26 23 522 1
32 43 699 1
43 32 699 1
39 94 407 1
94 39 407 1
40 94 393 1
94 40 393 1
71 74 359 1
74 71 359 1
100 111 457 1
111 100 457 1
47 78 767 1
78 47 767 1
82 88 444 1
88 82 444 1
89 98 818 1
98 89 818 1
1 32 484 1
32 1 484 1
5 21 332 1
21 5 332 1
15 74 683 1
74 15 683 1
22 87 870 1
87 22 870 1
30 64 1064 1
64 30 1064 1
63 83 697 1
83 63 697 1
24 46 1220 1
46 24 1220 1
30 35 784 1
35 30 784 1
57 69 378 1
69 57 378 1
90 95 589 1
95 90 589 1
3 33 424 1
33 3 424 1
7 48 1293 1
48 7 1293 1
9 53 1347 1
53 9 1347 1
13 89 713 1
89 13 713 1
19 102 1271 1
102 19 1271 1
24 64 1287 1
64 24 1287 1
