116 2668
24 25 135 1
25 24 135 1
44 45 194 1
45 44 194 1
11 13 168 1
13 11 168 1
42 43 239 1
43 42 239 1
30 31 127 1
31 30 127 1
28 72 116 1
72 28 116 1
38 54 263 1
54 38 263 1
44 49 304 1
49 44 304 1
42 47 281 1
47 42 281 1
43 47 146 1
47 43 146 1
101 103 106 1
103 101 106 1
48 51 548 1
51 48 548 1
91 93 118 1
93 91 118 1
42 46 173 1
46 42 173 1
42 49 396 1
49 42 396 1
93 101 103 1
101 93 103 1
32 33 149 1
33 32 149 1
10 13 1004 1
13 10 1004 1
29 73 113 1
73 29 113 1
29 72 629 1
72 29 629 1
72 74 76 1
74 72 76 1
1 57 172 1
57 1 172 1
10 12 181 1
12 10 181 1
12 13 959 1
13 12 959 1
73 75 84 1
75 73 84 1
73 79 296 1
79 73 296 1
43 49 240 1
49 43 240 1
0 32 356 1
32 0 356 1
91 101 197 1
101 91 197 1
28 29 741 1
29 28 741 1
18 19 147 1
19 18 147 1
54 55 651 1
55 54 651 1
91 103 258 1
103 91 258 1
14 15 772 1
15 14 772 1
55 96 492 1
96 55 492 1
93 103 173 1
103 93 173 1
37 73 278 1
73 37 278 1
10 11 986 1
11 10 986 1
36 40 213 1
40 36 213 1
46 47 309 1
47 46 309 1
90 91 735 1
91 90 735 1
45 49 111 1
49 45 111 1
29 74 571 1
74 29 571 1
29 79 257 1
79 29 257 1
47 49 380 1
49 47 380 1
107 115 298 1
115 107 298 1
43 46 341 1
46 43 341 1
95 108 123 1
108 95 123 1
20 21 185 1
21 20 185 1
49 51 172 1
51 49 172 1
98 99 479 1
99 98 479 1
3 7 185 1
7 3 185 1
80 81 1113 1
81 80 1113 1
56 57 840 1
57 56 840 1
16 80 152 1
80 16 152 1
34 35 126 1
35 34 126 1
102 104 159 1
104 102 159 1
44 47 404 1
47 44 404 1
0 33 480 1
33 0 480 1
75 79 318 1
79 75 318 1
50 85 1013 1
85 50 1013 1
6 7 710 1
7 6 710 1
11 12 972 1
12 11 972 1
35 67 262 1
67 35 262 1
29 37 304 1
37 29 304 1
78 80 116 1
80 78 116 1
42 44 208 1
44 42 208 1
73 74 458 1
74 73 458 1
2 6 165 1
6 2 165 1
37 79 267 1
79 37 267 1
16 17 998 1
17 16 998 1
92 93 608 1
93 92 608 1
44 51 440 1
51 44 440 1
45 51 254 1
51 45 254 1
91 92 669 1
92 91 669 1
92 101 634 1
101 92 634 1
36 54 228 1
54 36 228 1
54 97 484 1
97 54 484 1
21 27 209 1
27 21 209 1
84 85 1130 1
85 84 1130 1
36 78 263 1
78 36 263 1
76 79 567 1
79 76 567 1
5 24 252 1
24 5 252 1
2 22 228 1
22 2 228 1
15 72 724 1
72 15 724 1
43 44 290 1
44 43 290 1
92 103 574 1
103 92 574 1
26 27 135 1
27 26 135 1
36 74 242 1
74 36 242 1
54 96 167 1
96 54 167 1
58 65 718 1
65 58 718 1
28 74 188 1
74 28 188 1
38 88 311 1
88 38 311 1
45 48 304 1
48 45 304 1
34 67 275 1
67 34 275 1
96 97 322 1
97 96 322 1
55 97 173 1
97 55 173 1
15 29 295 1
29 15 295 1
71 75 163 1
75 71 163 1
76 77 238 1
77 76 238 1
24 34 1021 1
34 24 1021 1
30 74 403 1
74 30 403 1
35 65 453 1
65 35 453 1
70 77 376 1
77 70 376 1
12 15 906 1
15 12 906 1
99 112 272 1
112 99 272 1
34 110 327 1
110 34 327 1
36 55 626 1
55 36 626 1
70 71 263 1
71 70 263 1
61 63 238 1
63 61 238 1
31 74 479 1
74 31 479 1
66 67 177 1
67 66 177 1
72 73 517 1
73 72 517 1
29 75 189 1
75 29 189 1
105 107 233 1
107 105 233 1
8 64 1208 1
64 8 1208 1
12 14 278 1
14 12 278 1
68 114 1093 1
114 68 1093 1
4 91 1276 1
91 4 1276 1
88 89 1035 1
89 88 1035 1
4 90 1167 1
90 4 1167 1
41 78 770 1
78 41 770 1
51 77 677 1
77 51 677 1
2 3 405 1
3 2 405 1
0 56 174 1
56 0 174 1
36 86 441 1
86 36 441 1
59 66 363 1
66 59 363 1
5 25 129 1
25 5 129 1
8 9 638 1
9 8 638 1
35 110 305 1
110 35 305 1
99 111 265 1
111 99 265 1
103 104 369 1
104 103 369 1
15 28 819 1
28 15 819 1
54 88 224 1
88 54 224 1
103 113 295 1
113 103 295 1
104 105 204 1
105 104 204 1
46 49 541 1
49 46 541 1
90 100 182 1
100 90 182 1
14 20 320 1
20 14 320 1
14 28 286 1
28 14 286 1
37 72 595 1
72 37 595 1
44 98 563 1
98 44 563 1
0 57 825 1
57 0 825 1
4 8 148 1
8 4 148 1
20 71 311 1
71 20 311 1
45 47 345 1
47 45 345 1
102 113 317 1
113 102 317 1
28 79 847 1
79 28 847 1
42 45 300 1
45 42 300 1
90 93 690 1
93 90 690 1
27 88 863 1
88 27 863 1
37 74 520 1
74 37 520 1
43 45 199 1
45 43 199 1
74 78 322 1
78 74 322 1
40 74 182 1
74 40 182 1
44 48 114 1
48 44 114 1
58 59 496 1
59 58 496 1
31 40 592 1
40 31 592 1
5 34 1016 1
34 5 1016 1
24 27 252 1
27 24 252 1
25 34 1006 1
34 25 1006 1
36 41 570 1
41 36 570 1
47 81 624 1
81 47 624 1
14 29 801 1
29 14 801 1
0 1 800 1
1 0 800 1
2 7 566 1
7 2 566 1
38 96 284 1
96 38 284 1
105 114 152 1
114 105 152 1
36 72 276 1
72 36 276 1
41 74 484 1
74 41 484 1
48 49 410 1
49 48 410 1
102 103 508 1
103 102 508 1
50 77 782 1
77 50 782 1
38 97 469 1
97 38 469 1
67 110 507 1
110 67 507 1
74 86 416 1
86 74 416 1
104 114 171 1
114 104 171 1
11 15 385 1
15 11 385 1
32 63 656 1
63 32 656 1
46 98 212 1
98 46 212 1
38 55 598 1
55 38 598 1
1 56 851 1
56 1 851 1
105 115 176 1
115 105 176 1
25 27 193 1
27 25 193 1
30 40 513 1
40 30 513 1
52 77 798 1
77 52 798 1
45 98 655 1
98 45 655 1
51 76 794 1
76 51 794 1
21 88 754 1
88 21 754 1
38 86 366 1
86 38 366 1
70 75 355 1
75 70 355 1
68 107 1166 1
107 68 1166 1
20 75 348 1
75 20 348 1
36 37 542 1
37 36 542 1
75 77 210 1
77 75 210 1
30 72 390 1
72 30 390 1
71 79 426 1
79 71 426 1
74 75 389 1
75 74 389 1
98 112 277 1
112 98 277 1
73 76 450 1
76 73 450 1
74 79 666 1
79 74 666 1
0 19 488 1
19 0 488 1
12 60 825 1
60 12 825 1
37 41 217 1
41 37 217 1
72 79 733 1
79 72 733 1
16 56 380 1
56 16 380 1
56 78 391 1
78 56 391 1
5 9 157 1
9 5 157 1
6 60 799 1
60 6 799 1
47 98 442 1
98 47 442 1
100 101 656 1
101 100 656 1
21 86 520 1
86 21 520 1
50 65 837 1
65 50 837 1
72 78 300 1
78 72 300 1
98 111 265 1
111 98 265 1
28 63 1049 1
63 28 1049 1
49 98 742 1
98 49 742 1
86 87 805 1
87 86 805 1
17 80 1070 1
80 17 1070 1
79 81 136 1
81 79 136 1
77 79 329 1
79 77 329 1
101 102 595 1
102 101 595 1
64 65 897 1
65 64 897 1
90 92 135 1
92 90 135 1
8 92 1269 1
92 8 1269 1
10 28 213 1
28 10 213 1
54 89 853 1
89 54 853 1
50 51 698 1
51 50 698 1
10 63 1159 1
63 10 1159 1
11 61 675 1
61 11 675 1
33 63 547 1
63 33 547 1
87 89 476 1
89 87 476 1
101 113 350 1
113 101 350 1
53 83 977 1
83 53 977 1
90 103 653 1
103 90 653 1
93 100 653 1
100 93 653 1
54 86 568 1
86 54 568 1
31 32 596 1
32 31 596 1
46 55 584 1
55 46 584 1
0 13 1027 1
13 0 1027 1
13 33 629 1
33 13 629 1
18 33 288 1
33 18 288 1
107 114 333 1
114 107 333 1
72 75 453 1
75 72 453 1
71 77 297 1
77 71 297 1
78 81 1002 1
81 78 1002 1
15 37 533 1
37 15 533 1
1 33 355 1
33 1 355 1
2 18 379 1
18 2 379 1
3 18 417 1
18 3 417 1
28 73 629 1
73 28 629 1
7 33 515 1
33 7 515 1
13 15 277 1
15 13 277 1
25 71 434 1
71 25 434 1
71 73 163 1
73 71 163 1
100 103 576 1
103 100 576 1
9 35 1031 1
35 9 1031 1
111 112 111 1
112 111 111 1
21 87 397 1
87 21 397 1
88 97 687 1
97 88 687 1
43 81 665 1
81 43 665 1
0 11 958 1
11 0 958 1
30 36 645 1
36 30 645 1
37 86 777 1
86 37 777 1
19 33 238 1
33 19 238 1
73 77 274 1
77 73 274 1
11 72 773 1
72 11 773 1
14 72 328 1
72 14 328 1
100 102 87 1
102 100 87 1
0 7 871 1
7 0 871 1
8 14 205 1
14 8 205 1
24 71 494 1
71 24 494 1
29 30 533 1
30 29 533 1
17 29 223 1
29 17 223 1
42 51 463 1
51 42 463 1
52 53 746 1
53 52 746 1
63 72 944 1
72 63 944 1
16 72 287 1
72 16 287 1
28 75 567 1
75 28 567 1
11 33 518 1
33 11 518 1
18 22 537 1
22 18 537 1
31 72 482 1
72 31 482 1
42 81 865 1
81 42 865 1
8 35 1046 1
35 8 1046 1
76 81 691 1
81 76 691 1
4 5 350 1
5 4 350 1
9 67 1237 1
67 9 1237 1
34 66 268 1
66 34 268 1
36 96 257 1
96 36 257 1
72 86 399 1
86 72 399 1
75 76 374 1
76 75 374 1
23 25 373 1
25 23 373 1
36 97 483 1
97 36 483 1
37 75 239 1
75 37 239 1
40 72 200 1
72 40 200 1
50 70 943 1
70 50 943 1
4 67 1210 1
67 4 1210 1
28 30 436 1
30 28 436 1
20 87 562 1
87 20 562 1
49 81 721 1
81 49 721 1
65 85 476 1
85 65 476 1
16 28 220 1
28 16 220 1
36 38 122 1
38 36 122 1
53 76 824 1
76 53 824 1
42 98 381 1
98 42 381 1
27 38 594 1
38 27 594 1
81 115 734 1
115 81 734 1
89 97 385 1
97 89 385 1
4 93 1288 1
93 4 1288 1
9 65 1235 1
65 9 1235 1
37 94 426 1
94 37 426 1
14 64 1035 1
64 14 1035 1
22 23 140 1
23 22 140 1
5 67 1194 1
67 5 1194 1
27 86 519 1
86 27 519 1
31 36 716 1
36 31 716 1
59 77 694 1
77 59 694 1
4 9 500 1
9 4 500 1
35 58 514 1
58 35 514 1
40 54 405 1
54 40 405 1
78 106 572 1
106 78 572 1
10 60 650 1
60 10 650 1
39 84 850 1
84 39 850 1
50 66 475 1
66 50 475 1
21 75 222 1
75 21 222 1
8 102 1117 1
102 8 1117 1
12 28 275 1
28 12 275 1
1 32 484 1
32 1 484 1
10 61 1158 1
61 10 1158 1
14 30 414 1
30 14 414 1
90 101 719 1
101 90 719 1
100 104 240 1
104 100 240 1
9 102 1277 1
102 9 1277 1
8 101 1359 1
101 8 1359 1
10 15 968 1
15 10 968 1
11 28 875 1
28 11 875 1
39 88 762 1
88 39 762 1
92 102 211 1
102 92 211 1
28 37 709 1
37 28 709 1
34 65 549 1
65 34 549 1
48 76 699 1
76 48 699 1
88 96 385 1
96 88 385 1
91 100 719 1
100 91 719 1
5 110 1022 1
110 5 1022 1
21 26 271 1
26 21 271 1
48 73 1028 1
73 48 1028 1
13 60 1245 1
60 13 1245 1
20 70 213 1
70 20 213 1
24 110 1066 1
110 24 1066 1
26 88 791 1
88 26 791 1
4 64 1218 1
64 4 1218 1
9 64 1448 1
64 9 1448 1
11 32 663 1
32 11 663 1
40 78 376 1
78 40 376 1
9 34 1087 1
34 9 1087 1
12 30 419 1
30 12 419 1
20 88 611 1
88 20 611 1
24 85 1108 1
85 24 1108 1
41 81 452 1
81 41 452 1
12 29 886 1
29 12 886 1
38 89 763 1
89 38 763 1
62 103 1159 1
103 62 1159 1
99 113 264 1
113 99 264 1
21 30 349 1
30 21 349 1
38 39 465 1
39 38 465 1
68 69 164 1
69 68 164 1
15 30 522 1
30 15 522 1
20 64 962 1
64 20 962 1
23 24 403 1
24 23 403 1
27 30 343 1
30 27 343 1
34 64 445 1
64 34 445 1
44 81 890 1
81 44 890 1
6 13 864 1
13 6 864 1
14 37 824 1
37 14 824 1
24 88 947 1
88 24 947 1
51 52 786 1
52 51 786 1
17 81 182 1
81 17 182 1
51 73 868 1
73 51 868 1
13 32 767 1
32 13 767 1
17 44 951 1
44 17 951 1
48 77 756 1
77 48 756 1
2 19 481 1
19 2 481 1
6 12 248 1
12 6 248 1
12 31 545 1
31 12 545 1
25 110 1042 1
110 25 1042 1
27 85 894 1
85 27 894 1
49 73 903 1
73 49 903 1
80 98 568 1
98 80 568 1
48 75 966 1
75 48 966 1
52 76 677 1
76 52 677 1
64 102 855 1
102 64 855 1
67 90 867 1
90 67 867 1
12 72 358 1
72 12 358 1
41 43 793 1
43 41 793 1
48 65 674 1
65 48 674 1
15 73 336 1
73 15 336 1
41 106 653 1
106 41 653 1
13 61 843 1
61 13 843 1
21 71 214 1
71 21 214 1
47 80 841 1
80 47 841 1
16 78 122 1
78 16 122 1
21 85 716 1
85 21 716 1
5 71 431 1
71 5 431 1
20 79 665 1
79 20 665 1
27 31 339 1
31 27 339 1
29 71 259 1
71 29 259 1
13 28 892 1
28 13 892 1
43 73 792 1
73 43 792 1
92 113 313 1
113 92 313 1
43 51 245 1
51 43 245 1
92 100 157 1
100 92 157 1
20 28 320 1
28 20 320 1
44 46 353 1
46 44 353 1
59 94 905 1
94 59 905 1
2 23 340 1
23 2 340 1
7 60 1133 1
60 7 1133 1
11 63 488 1
63 11 488 1
39 89 325 1
89 39 325 1
41 73 204 1
73 41 204 1
46 81 867 1
81 46 867 1
50 84 554 1
84 50 554 1
70 76 285 1
76 70 285 1
93 104 478 1
104 93 478 1
46 96 270 1
96 46 270 1
5 50 1417 1
50 5 1417 1
88 110 590 1
110 88 590 1
101 104 464 1
104 101 464 1
3 23 271 1
23 3 271 1
4 103 1174 1
103 4 1174 1
21 31 344 1
31 21 344 1
27 84 956 1
84 27 956 1
32 56 384 1
56 32 384 1
55 86 895 1
86 55 895 1
0 18 364 1
18 0 364 1
17 49 813 1
49 17 813 1
26 39 604 1
39 26 604 1
29 31 454 1
31 29 454 1
50 71 1043 1
71 50 1043 1
2 91 1366 1
91 2 1366 1
7 13 237 1
13 7 237 1
96 109 176 1
109 96 176 1
0 63 1010 1
63 0 1010 1
76 80 424 1
80 76 424 1
19 69 323 1
69 19 323 1
82 83 881 1
83 82 881 1
20 27 271 1
27 20 271 1
21 74 343 1
74 21 343 1
23 88 1119 1
88 23 1119 1
47 109 317 1
109 47 317 1
48 50 202 1
50 48 202 1
62 101 1225 1
101 62 1225 1
25 85 1018 1
85 25 1018 1
36 73 600 1
73 36 600 1
2 93 1417 1
93 2 1417 1
13 72 796 1
72 13 796 1
5 23 453 1
23 5 453 1
20 52 976 1
52 20 976 1
47 51 339 1
51 47 339 1
68 105 1200 1
105 68 1200 1
17 83 381 1
83 17 381 1
20 50 1025 1
50 20 1025 1
28 31 545 1
31 28 545 1
42 73 906 1
73 42 906 1
70 79 638 1
79 70 638 1
86 97 801 1
97 86 801 1
4 92 1237 1
92 4 1237 1
10 72 309 1
72 10 309 1
21 24 413 1
24 21 413 1
44 83 1178 1
83 44 1178 1
109 110 135 1
110 109 135 1
1 19 351 1
19 1 351 1
2 101 1431 1
101 2 1431 1
7 18 581 1
18 7 581 1
15 75 396 1
75 15 396 1
37 48 879 1
48 37 879 1
0 10 381 1
10 0 381 1
76 84 486 1
84 76 486 1
94 95 213 1
95 94 213 1
3 19 382 1
19 3 382 1
3 22 347 1
22 3 347 1
5 35 974 1
35 5 974 1
10 33 638 1
33 10 638 1
32 86 868 1
86 32 868 1
10 14 380 1
14 10 380 1
37 76 441 1
76 37 441 1
16 81 1063 1
81 16 1063 1
39 96 494 1
96 39 494 1
20 77 434 1
77 20 434 1
30 32 574 1
32 30 574 1
33 57 394 1
57 33 394 1
15 74 683 1
74 15 683 1
56 80 431 1
80 56 431 1
81 83 446 1
83 81 446 1
4 70 430 1
70 4 430 1
28 78 272 1
78 28 272 1
30 75 454 1
75 30 454 1
46 109 326 1
109 46 326 1
67 93 875 1
93 67 875 1
25 88 998 1
88 25 998 1
51 75 837 1
75 51 837 1
51 98 763 1
98 51 763 1
21 40 380 1
40 21 380 1
35 64 566 1
64 35 566 1
72 80 384 1
80 72 384 1
8 91 1373 1
91 8 1373 1
18 68 315 1
68 18 315 1
40 41 506 1
41 40 506 1
26 38 554 1
38 26 554 1
52 59 956 1
59 52 956 1
73 85 516 1
85 73 516 1
80 83 1100 1
83 80 1100 1
41 80 868 1
80 41 868 1
64 103 1097 1
103 64 1097 1
58 66 198 1
66 58 198 1
40 55 690 1
55 40 690 1
104 113 229 1
113 104 229 1
13 63 653 1
63 13 653 1
46 99 446 1
99 46 446 1
45 83 1099 1
83 45 1099 1
63 86 1250 1
86 63 1250 1
92 104 310 1
104 92 310 1
2 69 758 1
69 2 758 1
81 107 591 1
107 81 591 1
0 6 417 1
6 0 417 1
3 6 559 1
6 3 559 1
30 71 303 1
71 30 303 1
57 106 1143 1
106 57 1143 1
103 105 173 1
105 103 173 1
108 109 87 1
109 108 87 1
29 86 839 1
86 29 839 1
63 74 885 1
74 63 885 1
21 89 648 1
89 21 648 1
14 75 659 1
75 14 659 1
32 57 493 1
57 32 493 1
32 74 456 1
74 32 456 1
70 73 402 1
73 70 402 1
55 89 213 1
89 55 213 1
62 91 1158 1
91 62 1158 1
21 25 360 1
25 21 360 1
39 97 289 1
97 39 289 1
65 67 361 1
67 65 361 1
86 89 1016 1
89 86 1016 1
19 62 792 1
62 19 792 1
39 52 892 1
52 39 892 1
8 71 624 1
71 8 624 1
11 56 1037 1
56 11 1037 1
37 71 401 1
71 37 401 1
40 86 262 1
86 40 262 1
78 79 878 1
79 78 878 1
17 28 894 1
28 17 894 1
50 52 243 1
52 50 243 1
45 90 767 1
90 45 767 1
45 111 467 1
111 45 467 1
46 78 577 1
78 46 577 1
28 40 248 1
40 28 248 1
73 78 740 1
78 73 740 1
96 110 214 1
110 96 214 1
5 65 1232 1
65 5 1232 1
20 89 778 1
89 20 778 1
28 80 329 1
80 28 329 1
87 88 1035 1
88 87 1035 1
90 111 396 1
111 90 396 1
17 73 298 1
73 17 298 1
44 80 785 1
80 44 785 1
0 31 726 1
31 0 726 1
7 11 254 1
11 7 254 1
35 66 331 1
66 35 331 1
43 98 522 1
98 43 522 1
51 79 637 1
79 51 637 1
62 90 707 1
90 62 707 1
79 80 991 1
80 79 991 1
93 114 346 1
114 93 346 1
2 103 1363 1
103 2 1363 1
14 79 974 1
79 14 974 1
17 72 781 1
72 17 781 1
30 73 455 1
73 30 455 1
77 90 787 1
90 77 787 1
9 71 488 1
71 9 488 1
60 64 187 1
64 60 187 1
52 90 240 1
90 52 240 1
8 93 1382 1
93 8 1382 1
11 60 1139 1
60 11 1139 1
15 20 521 1
20 15 521 1
20 73 397 1
73 20 397 1
62 82 720 1
82 62 720 1
91 113 366 1
113 91 366 1
13 14 902 1
14 13 902 1
16 74 335 1
74 16 335 1
40 73 549 1
73 40 549 1
48 79 933 1
79 48 933 1
17 47 731 1
47 17 731 1
28 86 383 1
86 28 383 1
79 94 650 1
94 79 650 1
11 17 224 1
17 11 224 1
19 22 594 1
22 19 594 1
20 29 497 1
29 20 497 1
34 71 603 1
71 34 603 1
3 95 915 1
95 3 915 1
8 103 1268 1
103 8 1268 1
9 104 1161 1
104 9 1161 1
50 59 774 1
59 50 774 1
60 63 1021 1
63 60 1021 1
67 91 790 1
91 67 790 1
15 79 543 1
79 15 543 1
28 83 861 1
83 28 861 1
66 69 349 1
69 66 349 1
97 109 174 1
109 97 174 1
7 32 649 1
32 7 649 1
19 32 289 1
32 19 289 1
27 37 597 1
37 27 597 1
35 92 768 1
92 35 768 1
50 75 983 1
75 50 983 1
23 38 892 1
38 23 892 1
71 85 660 1
85 71 660 1
9 90 1391 1
90 9 1391 1
18 32 279 1
32 18 279 1
40 87 708 1
87 40 708 1
0 12 517 1
12 0 517 1
7 12 856 1
12 7 856 1
21 72 388 1
72 21 388 1
15 65 1052 1
65 15 1052 1
43 74 810 1
74 43 810 1
48 94 667 1
94 48 667 1
103 114 282 1
114 103 282 1
21 36 510 1
36 21 510 1
43 78 794 1
78 43 794 1
53 99 316 1
99 53 316 1
6 33 588 1
33 6 588 1
49 80 1008 1
80 49 1008 1
90 102 246 1
102 90 246 1
22 69 897 1
69 22 897 1
37 78 740 1
78 37 740 1
40 96 436 1
96 40 436 1
8 67 1258 1
67 8 1258 1
20 85 844 1
85 20 844 1
3 111 1163 1
111 3 1163 1
5 66 1239 1
66 5 1239 1
9 92 1428 1
92 9 1428 1
12 63 1218 1
63 12 1218 1
38 40 158 1
40 38 158 1
42 109 434 1
109 42 434 1
91 104 542 1
104 91 542 1
4 101 1261 1
101 4 1261 1
37 85 343 1
85 37 343 1
86 88 460 1
88 86 460 1
6 19 593 1
19 6 593 1
24 30 283 1
30 24 283 1
30 63 932 1
63 30 932 1
37 43 584 1
43 37 584 1
41 79 379 1
79 41 379 1
45 112 552 1
112 45 552 1
3 93 1309 1
93 3 1309 1
90 98 163 1
98 90 163 1
8 20 420 1
20 8 420 1
11 16 1004 1
16 11 1004 1
21 84 830 1
84 21 830 1
37 40 562 1
40 37 562 1
53 112 421 1
112 53 421 1
5 94 896 1
94 5 896 1
90 114 392 1
114 90 392 1
5 26 263 1
26 5 263 1
14 73 703 1
73 14 703 1
25 31 272 1
31 25 272 1
35 59 475 1
59 35 475 1
49 76 758 1
76 49 758 1
53 80 1109 1
80 53 1109 1
5 85 946 1
85 5 946 1
17 43 764 1
43 17 764 1
24 96 985 1
96 24 985 1
29 41 234 1
41 29 234 1
31 33 517 1
33 31 517 1
90 104 351 1
104 90 351 1
20 37 510 1
37 20 510 1
36 46 482 1
46 36 482 1
42 115 508 1
115 42 508 1
49 83 1093 1
83 49 1093 1
60 61 893 1
61 60 893 1
77 85 495 1
85 77 495 1
11 29 239 1
29 11 239 1
25 50 1404 1
50 25 1404 1
48 58 400 1
58 48 400 1
51 83 1017 1
83 51 1017 1
76 98 527 1
98 76 527 1
77 110 393 1
110 77 393 1
93 113 317 1
113 93 317 1
41 72 550 1
72 41 550 1
73 94 596 1
94 73 596 1
14 65 1320 1
65 14 1320 1
41 86 672 1
86 41 672 1
75 85 521 1
85 75 521 1
87 97 649 1
97 87 649 1
102 114 295 1
114 102 295 1
5 70 530 1
70 5 530 1
8 12 346 1
12 8 346 1
26 68 1080 1
68 26 1080 1
46 112 262 1
112 46 262 1
7 19 519 1
19 7 519 1
21 38 458 1
38 21 458 1
59 65 304 1
65 59 304 1
104 107 401 1
107 104 401 1
24 31 318 1
31 24 318 1
29 40 655 1
40 29 655 1
33 56 531 1
56 33 531 1
17 74 721 1
74 17 721 1
32 36 555 1
36 32 555 1
30 86 614 1
86 30 614 1
32 78 484 1
78 32 484 1
45 77 650 1
77 45 650 1
50 67 562 1
67 50 562 1
6 92 1291 1
92 6 1291 1
18 69 392 1
69 18 392 1
24 50 1395 1
50 24 1395 1
59 67 245 1
67 59 245 1
0 36 643 1
36 0 643 1
16 29 882 1
29 16 882 1
51 94 733 1
94 51 733 1
65 102 1120 1
102 65 1120 1
8 34 1027 1
34 8 1027 1
31 63 863 1
63 31 863 1
44 111 448 1
111 44 448 1
91 111 390 1
111 91 390 1
93 105 305 1
105 93 305 1
0 78 431 1
78 0 431 1
11 74 727 1
74 11 727 1
34 58 424 1
58 34 424 1
43 115 517 1
115 43 517 1
50 76 672 1
76 50 672 1
53 77 709 1
77 53 709 1
76 83 717 1
83 76 717 1
91 99 166 1
99 91 166 1
6 11 866 1
11 6 866 1
15 58 1327 1
58 15 1327 1
28 61 1076 1
61 28 1076 1
71 94 614 1
94 71 614 1
74 81 792 1
81 74 792 1
11 14 937 1
14 11 937 1
15 31 431 1
31 15 431 1
21 79 530 1
79 21 530 1
24 35 1010 1
35 24 1010 1
27 74 478 1
74 27 478 1
22 32 649 1
32 22 649 1
26 50 1256 1
50 26 1256 1
29 36 705 1
36 29 705 1
8 15 741 1
15 8 741 1
9 70 641 1
70 9 641 1
27 54 856 1
54 27 856 1
78 86 556 1
86 78 556 1
4 100 1129 1
100 4 1129 1
20 72 238 1
72 20 238 1
29 76 555 1
76 29 555 1
48 59 599 1
59 48 599 1
55 56 1043 1
56 55 1043 1
79 83 420 1
83 79 420 1
91 102 669 1
102 91 669 1
64 71 973 1
71 64 973 1
74 85 839 1
85 74 839 1
17 45 840 1
45 17 840 1
51 59 486 1
59 51 486 1
68 108 915 1
108 68 915 1
12 33 709 1
33 12 709 1
23 26 522 1
26 23 522 1
26 107 808 1
107 26 808 1
51 70 1035 1
70 51 1035 1
60 102 963 1
102 60 963 1
6 8 485 1
8 6 485 1
9 58 1436 1
58 9 1436 1
29 48 1093 1
48 29 1093 1
36 88 289 1
88 36 289 1
45 46 448 1
46 45 448 1
66 77 590 1
77 66 590 1
66 110 549 1
110 66 549 1
92 99 572 1
99 92 572 1
14 71 582 1
71 14 582 1
49 112 609 1
112 49 609 1
72 87 771 1
87 72 771 1
9 91 1212 1
91 9 1212 1
21 28 487 1
28 21 487 1
33 60 632 1
60 33 632 1
95 114 280 1
114 95 280 1
26 84 884 1
84 26 884 1
30 37 688 1
37 30 688 1
30 41 563 1
41 30 563 1
55 78 841 1
78 55 841 1
5 88 1026 1
88 5 1026 1
13 31 424 1
31 13 424 1
14 63 1216 1
63 14 1216 1
32 55 771 1
55 32 771 1
45 81 759 1
81 45 759 1
60 101 1230 1
101 60 1230 1
64 101 1142 1
101 64 1142 1
89 96 700 1
96 89 700 1
2 92 1350 1
92 2 1350 1
13 56 1122 1
56 13 1122 1
39 86 698 1
86 39 698 1
55 109 337 1
109 55 337 1
18 105 1215 1
105 18 1215 1
23 54 1116 1
54 23 1116 1
25 30 292 1
30 25 292 1
41 94 523 1
94 41 523 1
49 77 681 1
77 49 681 1
53 98 671 1
98 53 671 1
67 92 922 1
92 67 922 1
24 94 920 1
94 24 920 1
28 36 321 1
36 28 321 1
51 85 514 1
85 51 514 1
64 104 887 1
104 64 887 1
68 115 1040 1
115 68 1040 1
72 97 655 1
97 72 655 1
21 73 247 1
73 21 247 1
38 87 730 1
87 38 730 1
42 48 243 1
48 42 243 1
5 8 493 1
8 5 493 1
20 84 687 1
84 20 687 1
24 65 1330 1
65 24 1330 1
31 86 707 1
86 31 707 1
41 55 403 1
55 41 403 1
55 88 845 1
88 55 845 1
84 88 224 1
88 84 224 1
12 64 932 1
64 12 932 1
100 113 356 1
113 100 356 1
26 86 416 1
86 26 416 1
42 74 795 1
74 42 795 1
46 74 677 1
74 46 677 1
74 80 415 1
80 74 415 1
78 84 235 1
84 78 235 1
82 111 920 1
111 82 920 1
112 113 116 1
113 112 116 1
17 79 135 1
79 17 135 1
41 54 714 1
54 41 714 1
6 64 941 1
64 6 941 1
7 101 1268 1
101 7 1268 1
13 17 364 1
17 13 364 1
21 29 329 1
29 21 329 1
28 71 506 1
71 28 506 1
36 89 803 1
89 36 803 1
41 42 897 1
42 41 897 1
51 90 888 1
90 51 888 1
39 54 618 1
54 39 618 1
76 78 312 1
78 76 312 1
86 96 642 1
96 86 642 1
90 99 615 1
99 90 615 1
1 18 493 1
18 1 493 1
22 30 218 1
30 22 218 1
40 88 385 1
88 40 385 1
50 64 302 1
64 50 302 1
10 29 893 1
29 10 893 1
33 61 545 1
61 33 545 1
59 110 728 1
110 59 728 1
6 10 299 1
10 6 299 1
8 70 477 1
70 8 477 1
11 31 475 1
31 11 475 1
12 17 1046 1
17 12 1046 1
15 40 725 1
40 15 725 1
20 30 328 1
30 20 328 1
28 87 873 1
87 28 873 1
34 104 710 1
104 34 710 1
47 78 767 1
78 47 767 1
59 76 776 1
76 59 776 1
65 66 537 1
66 65 537 1
73 81 406 1
81 73 406 1
99 102 560 1
102 99 560 1
114 115 96 1
115 114 96 1
11 78 988 1
78 11 988 1
20 86 362 1
86 20 362 1
22 31 234 1
31 22 234 1
27 96 825 1
96 27 825 1
29 43 829 1
43 29 829 1
92 110 485 1
110 92 485 1
49 115 753 1
115 49 753 1
53 82 1252 1
82 53 1252 1
93 102 600 1
102 93 600 1
21 50 1091 1
50 21 1091 1
23 27 506 1
27 23 506 1
43 112 376 1
112 43 376 1
5 64 1350 1
64 5 1350 1
41 47 698 1
47 41 698 1
43 109 418 1
109 43 418 1
100 114 352 1
114 100 352 1
25 106 972 1
106 25 972 1
29 49 928 1
49 29 928 1
8 65 1425 1
65 8 1425 1
10 62 483 1
62 10 483 1
36 84 341 1
84 36 341 1
50 94 604 1
94 50 604 1
4 77 744 1
77 4 744 1
27 87 439 1
87 27 439 1
51 81 628 1
81 51 628 1
5 27 165 1
27 5 165 1
17 56 1024 1
56 17 1024 1
27 39 536 1
39 27 536 1
36 63 945 1
63 36 945 1
41 115 555 1
115 41 555 1
43 48 391 1
48 43 391 1
59 75 858 1
75 59 858 1
75 94 515 1
94 75 515 1
77 82 682 1
82 77 682 1
15 61 998 1
61 15 998 1
19 63 644 1
63 19 644 1
19 112 1132 1
112 19 1132 1
45 99 570 1
99 45 570 1
61 72 984 1
72 61 984 1
0 30 652 1
30 0 652 1
4 69 1158 1
69 4 1158 1
8 90 1188 1
90 8 1188 1
14 21 487 1
21 14 487 1
20 26 232 1
26 20 232 1
21 37 403 1
37 21 403 1
30 79 725 1
79 30 725 1
34 60 439 1
60 34 439 1
36 79 738 1
79 36 738 1
47 55 367 1
55 47 367 1
85 88 1097 1
88 85 1097 1
4 66 1205 1
66 4 1205 1
4 82 403 1
82 4 403 1
5 20 424 1
20 5 424 1
15 71 394 1
71 15 394 1
30 106 907 1
106 30 907 1
47 95 361 1
95 47 361 1
73 86 744 1
86 73 744 1
0 60 405 1
60 0 405 1
25 96 984 1
96 25 984 1
28 76 345 1
76 28 345 1
44 112 534 1
112 44 534 1
46 80 618 1
80 46 618 1
59 71 893 1
71 59 893 1
97 110 221 1
110 97 221 1
14 35 910 1
35 14 910 1
15 60 1288 1
60 15 1288 1
98 109 329 1
109 98 329 1
6 18 473 1
18 6 473 1
16 47 880 1
47 16 880 1
27 50 1279 1
50 27 1279 1
46 73 842 1
73 46 842 1
50 100 650 1
100 50 650 1
90 113 376 1
113 90 376 1
15 87 271 1
87 15 271 1
55 95 221 1
95 55 221 1
62 83 1241 1
83 62 1241 1
3 101 1324 1
101 3 1324 1
19 82 964 1
82 19 964 1
29 83 227 1
83 29 227 1
35 71 557 1
71 35 557 1
50 90 473 1
90 50 473 1
65 104 1022 1
104 65 1022 1
79 86 986 1
86 79 986 1
99 101 266 1
101 99 266 1
14 58 1155 1
58 14 1155 1
24 66 1233 1
66 24 1233 1
37 87 433 1
87 37 433 1
2 4 569 1
4 2 569 1
26 69 1109 1
69 26 1109 1
37 81 336 1
81 37 336 1
47 73 730 1
73 47 730 1
65 110 634 1
110 65 634 1
80 99 917 1
99 80 917 1
3 33 424 1
33 3 424 1
29 78 851 1
78 29 851 1
36 56 615 1
56 36 615 1
43 79 634 1
79 43 634 1
45 76 694 1
76 45 694 1
98 113 276 1
113 98 276 1
4 50 1323 1
50 4 1323 1
31 71 265 1
71 31 265 1
44 76 656 1
76 44 656 1
47 111 188 1
111 47 188 1
51 65 287 1
65 51 287 1
4 20 334 1
20 4 334 1
24 106 959 1
106 24 959 1
31 41 528 1
41 31 528 1
48 83 1266 1
83 48 1266 1
50 110 492 1
110 50 492 1
62 63 1134 1
63 62 1134 1
7 56 986 1
56 7 986 1
12 32 661 1
32 12 661 1
15 21 348 1
21 15 348 1
23 93 1407 1
93 23 1407 1
27 94 748 1
94 27 748 1
48 70 972 1
70 48 972 1
91 105 371 1
105 91 371 1
5 89 870 1
89 5 870 1
10 17 1029 1
17 10 1029 1
37 54 645 1
54 37 645 1
55 99 216 1
99 55 216 1
14 31 528 1
31 14 528 1
27 75 419 1
75 27 419 1
55 74 679 1
74 55 679 1
58 60 266 1
60 58 266 1
67 69 345 1
69 67 345 1
3 108 970 1
108 3 970 1
62 69 736 1
69 62 736 1
6 101 1437 1
101 6 1437 1
21 96 648 1
96 21 648 1
26 66 1142 1
66 26 1142 1
37 84 862 1
84 37 862 1
44 90 651 1
90 44 651 1
53 81 650 1
81 53 650 1
0 86 874 1
86 0 874 1
5 21 332 1
21 5 332 1
25 35 978 1
35 25 978 1
31 56 851 1
56 31 851 1
68 95 921 1
95 68 921 1
88 94 422 1
94 88 422 1
9 60 1369 1
60 9 1369 1
14 74 378 1
74 14 378 1
62 100 836 1
100 62 836 1
81 98 940 1
98 81 940 1
10 19 724 1
19 10 724 1
12 61 1246 1
61 12 1246 1
18 107 1141 1
107 18 1141 1
26 115 841 1
115 26 841 1
42 78 692 1
78 42 692 1
49 79 702 1
79 49 702 1
71 72 402 1
72 71 402 1
90 105 516 1
105 90 516 1
7 22 454 1
22 7 454 1
10 32 558 1
32 10 558 1
15 94 858 1
94 15 858 1
27 73 417 1
73 27 417 1
31 106 964 1
106 31 964 1
70 94 557 1
94 70 557 1
13 29 290 1
29 13 290 1
24 26 201 1
26 24 201 1
64 100 818 1
100 64 818 1
73 80 850 1
80 73 850 1
81 106 949 1
106 81 949 1
16 83 1029 1
83 16 1029 1
27 71 367 1
71 27 367 1
28 81 975 1
81 28 975 1
31 73 397 1
73 31 397 1
36 80 330 1
80 36 330 1
46 54 354 1
54 46 354 1
44 77 681 1
77 44 681 1
36 87 808 1
87 36 808 1
70 90 900 1
90 70 900 1
71 74 359 1
74 71 359 1
6 22 333 1
22 6 333 1
17 78 955 1
78 17 955 1
21 97 595 1
97 21 595 1
34 88 672 1
88 34 672 1
64 91 1046 1
91 64 1046 1
22 33 600 1
33 22 600 1
38 94 246 1
94 38 246 1
44 73 947 1
73 44 947 1
44 99 632 1
99 44 632 1
49 99 587 1
99 49 587 1
52 88 542 1
88 52 542 1
59 115 981 1
115 59 981 1
60 65 898 1
65 60 898 1
15 64 1349 1
64 15 1349 1
17 42 942 1
42 17 942 1
31 78 755 1
78 31 755 1
34 93 788 1
93 34 788 1
56 106 934 1
106 56 934 1
58 61 717 1
61 58 717 1
66 94 692 1
94 66 692 1
69 90 1119 1
90 69 1119 1
85 94 684 1
94 85 684 1
3 92 1420 1
92 3 1420 1
25 65 1263 1
65 25 1263 1
47 94 415 1
94 47 415 1
59 84 1069 1
84 59 1069 1
64 92 764 1
92 64 764 1
4 35 987 1
35 4 987 1
9 110 1098 1
110 9 1098 1
21 54 704 1
54 21 704 1
24 67 1223 1
67 24 1223 1
29 81 342 1
81 29 342 1
32 72 471 1
72 32 471 1
52 84 487 1
84 52 487 1
76 82 520 1
82 76 520 1
113 114 95 1
114 113 95 1
38 57 968 1
57 38 968 1
42 79 812 1
79 42 812 1
58 75 949 1
75 58 949 1
60 92 903 1
92 60 903 1
97 111 292 1
111 97 292 1
15 63 805 1
63 15 805 1
43 95 483 1
95 43 483 1
66 75 790 1
75 66 790 1
75 78 667 1
78 75 667 1
2 60 843 1
60 2 843 1
16 75 702 1
75 16 702 1
20 82 329 1
82 20 329 1
43 80 868 1
80 43 868 1
54 87 939 1
87 54 939 1
76 85 717 1
85 76 717 1
23 89 1070 1
89 23 1070 1
29 87 356 1
87 29 356 1
7 92 1445 1
92 7 1445 1
47 108 359 1
108 47 359 1
53 62 1123 1
62 53 1123 1
53 90 787 1
90 53 787 1
54 94 226 1
94 54 226 1
19 68 313 1
68 19 313 1
46 51 585 1
51 46 585 1
59 107 1064 1
107 59 1064 1
82 112 963 1
112 82 963 1
94 109 127 1
109 94 127 1
1 47 849 1
47 1 849 1
13 16 1048 1
16 13 1048 1
18 62 706 1
62 18 706 1
26 87 560 1
87 26 560 1
34 92 737 1
92 34 737 1
40 75 477 1
75 40 477 1
48 98 566 1
98 48 566 1
0 22 675 1
22 0 675 1
26 89 900 1
89 26 900 1
30 88 865 1
88 30 865 1
3 105 1215 1
105 3 1215 1
8 100 1159 1
100 8 1159 1
35 60 562 1
60 35 562 1
60 103 1182 1
103 60 1182 1
64 67 549 1
67 64 549 1
66 71 813 1
71 66 813 1
81 94 732 1
94 81 732 1
14 86 272 1
86 14 272 1
37 70 546 1
70 37 546 1
40 46 685 1
46 40 685 1
71 88 827 1
88 71 827 1
90 110 460 1
110 90 460 1
110 113 304 1
113 110 304 1
24 54 987 1
54 24 987 1
24 84 1013 1
84 24 1013 1
27 36 659 1
36 27 659 1
29 63 531 1
63 29 531 1
46 111 189 1
111 46 189 1
52 89 1027 1
89 52 1027 1
57 78 938 1
78 57 938 1
58 64 312 1
64 58 312 1
0 55 1069 1
55 0 1069 1
9 101 1217 1
101 9 1217 1
15 36 848 1
36 15 848 1
25 94 912 1
94 25 912 1
27 65 1171 1
65 27 1171 1
41 75 187 1
75 41 187 1
54 74 471 1
74 54 471 1
55 72 755 1
72 55 755 1
64 113 831 1
113 64 831 1
65 100 1146 1
100 65 1146 1
1 68 549 1
68 1 549 1
9 103 1158 1
103 9 1158 1
10 16 218 1
16 10 218 1
17 41 414 1
41 17 414 1
40 61 1067 1
61 40 1067 1
47 74 751 1
74 47 751 1
47 115 383 1
115 47 383 1
74 76 203 1
76 74 203 1
79 82 965 1
82 79 965 1
79 85 260 1
85 79 260 1
14 87 842 1
87 14 842 1
15 86 825 1
86 15 825 1
37 77 246 1
77 37 246 1
65 77 615 1
77 65 615 1
25 26 225 1
26 25 225 1
32 41 693 1
41 32 693 1
35 70 574 1
70 35 574 1
37 42 712 1
42 37 712 1
37 49 736 1
49 37 736 1
40 97 584 1
97 40 584 1
41 46 810 1
46 41 810 1
77 94 396 1
94 77 396 1
80 106 591 1
106 80 591 1
6 103 1362 1
103 6 1362 1
13 30 546 1
30 13 546 1
34 50 475 1
50 34 475 1
39 85 433 1
85 39 433 1
42 76 612 1
76 42 612 1
69 82 1105 1
82 69 1105 1
71 110 676 1
110 71 676 1
7 93 1261 1
93 7 1261 1
16 49 1030 1
49 16 1030 1
34 59 511 1
59 34 511 1
49 85 634 1
85 49 634 1
4 62 1000 1
62 4 1000 1
13 78 1046 1
78 13 1046 1
15 41 349 1
41 15 349 1
37 88 804 1
88 37 804 1
53 89 552 1
89 53 552 1
82 91 1133 1
91 82 1133 1
19 103 1259 1
103 19 1259 1
24 38 730 1
38 24 730 1
31 87 639 1
87 31 639 1
65 71 835 1
71 65 835 1
66 115 807 1
115 66 807 1
70 110 664 1
110 70 664 1
45 80 912 1
80 45 912 1
47 99 231 1
99 47 231 1
55 111 434 1
111 55 434 1
16 73 769 1
73 16 769 1
21 52 1052 1
52 21 1052 1
29 80 961 1
80 29 961 1
30 78 663 1
78 30 663 1
43 108 477 1
108 43 477 1
75 84 839 1
84 75 839 1
95 115 205 1
115 95 205 1
2 8 554 1
8 2 554 1
25 67 1191 1
67 25 1191 1
36 75 517 1
75 36 517 1
71 76 392 1
76 71 392 1
17 98 995 1
98 17 995 1
27 34 903 1
34 27 903 1
36 43 693 1
43 36 693 1
36 106 343 1
106 36 343 1
42 112 333 1
112 42 333 1
11 30 584 1
30 11 584 1
14 48 1233 1
48 14 1233 1
35 77 284 1
77 35 284 1
37 46 651 1
46 37 651 1
37 80 842 1
80 37 842 1
39 87 370 1
87 39 370 1
40 71 481 1
71 40 481 1
42 108 485 1
108 42 485 1
74 106 540 1
106 74 540 1
77 84 711 1
84 77 711 1
92 111 381 1
111 92 381 1
5 77 694 1
77 5 694 1
17 76 648 1
76 17 648 1
34 103 810 1
103 34 810 1
48 85 925 1
85 48 925 1
81 114 782 1
114 81 782 1
2 33 510 1
33 2 510 1
6 32 555 1
32 6 555 1
8 60 1121 1
60 8 1121 1
31 54 940 1
54 31 940 1
47 48 490 1
48 47 490 1
59 69 338 1
69 59 338 1
62 102 862 1
102 62 862 1
99 103 258 1
103 99 258 1
14 27 449 1
27 14 449 1
37 51 673 1
51 37 673 1
42 94 484 1
94 42 484 1
46 85 782 1
85 46 782 1
24 40 584 1
40 24 584 1
39 50 947 1
50 39 947 1
40 63 1007 1
63 40 1007 1
7 23 337 1
23 7 337 1
51 53 271 1
53 51 271 1
72 76 257 1
76 72 257 1
27 110 890 1
110 27 890 1
29 51 876 1
51 29 876 1
32 40 629 1
40 32 629 1
35 50 559 1
50 35 559 1
45 73 892 1
73 45 892 1
1 69 441 1
69 1 441 1
4 102 1078 1
102 4 1078 1
14 60 967 1
60 14 967 1
18 103 1302 1
103 18 1302 1
50 88 679 1
88 50 679 1
15 27 336 1
27 15 336 1
20 65 1049 1
65 20 1049 1
23 34 949 1
34 23 949 1
25 66 1220 1
66 25 1220 1
25 84 1066 1
84 25 1066 1
42 80 740 1
80 42 740 1
58 67 368 1
67 58 368 1
9 15 219 1
15 9 219 1
11 40 844 1
40 11 844 1
50 73 1055 1
73 50 1055 1
53 79 677 1
79 53 677 1
67 77 525 1
77 67 525 1
3 99 1120 1
99 3 1120 1
13 74 757 1
74 13 757 1
26 85 985 1
85 26 985 1
9 62 1305 1
62 9 1305 1
18 101 1348 1
101 18 1348 1
24 41 633 1
41 24 633 1
52 70 942 1
70 52 942 1
4 105 1055 1
105 4 1055 1
14 61 1285 1
61 14 1285 1
15 48 1360 1
48 15 1360 1
49 75 865 1
75 49 865 1
83 99 770 1
99 83 770 1
43 55 485 1
55 43 485 1
54 111 422 1
111 54 422 1
56 98 821 1
98 56 821 1
69 93 1169 1
93 69 1169 1
70 85 848 1
85 70 848 1
82 90 824 1
90 82 824 1
25 38 749 1
38 25 749 1
27 106 796 1
106 27 796 1
38 110 451 1
110 38 451 1
59 79 694 1
79 59 694 1
63 97 673 1
97 63 673 1
74 84 507 1
84 74 507 1
91 114 389 1
114 91 389 1
28 62 527 1
62 28 527 1
30 33 526 1
33 30 526 1
33 68 378 1
68 33 378 1
39 110 466 1
110 39 466 1
42 85 771 1
85 42 771 1
56 74 591 1
74 56 591 1
62 80 268 1
80 62 268 1
67 103 944 1
103 67 944 1
3 55 957 1
55 3 957 1
16 57 981 1
57 16 981 1
17 57 439 1
57 17 439 1
43 94 518 1
94 43 518 1
65 94 821 1
94 65 821 1
20 74 213 1
74 20 213 1
53 111 406 1
111 53 406 1
67 70 784 1
70 67 784 1
29 42 967 1
42 29 967 1
30 87 699 1
87 30 699 1
31 57 796 1
57 31 796 1
31 75 419 1
75 31 419 1
37 89 294 1
89 37 294 1
40 84 485 1
84 40 485 1
45 82 1188 1
82 45 1188 1
52 82 943 1
82 52 943 1
64 66 392 1
66 64 392 1
5 104 1063 1
104 5 1063 1
11 57 518 1
57 11 518 1
17 106 979 1
106 17 979 1
23 31 199 1
31 23 199 1
35 94 438 1
94 35 438 1
42 77 643 1
77 42 643 1
55 87 559 1
87 55 559 1
84 107 904 1
107 84 904 1
29 94 678 1
94 29 678 1
42 99 482 1
99 42 482 1
79 106 876 1
106 79 876 1
17 37 368 1
37 17 368 1
23 110 1096 1
110 23 1096 1
40 79 762 1
79 40 762 1
47 112 265 1
112 47 265 1
95 109 146 1
109 95 146 1
30 54 873 1
54 30 873 1
32 61 611 1
61 32 611 1
70 84 638 1
84 70 638 1
99 109 321 1
109 99 321 1
12 74 431 1
74 12 431 1
61 100 1241 1
100 61 1241 1
62 93 1180 1
93 62 1180 1
65 75 753 1
75 65 753 1
