116 2668
94 97 266 1
97 94 266 1
30 31 127 1
31 30 127 1
42 44 208 1
44 42 208 1
104 105 204 1
105 104 204 1
90 91 735 1
91 90 735 1
11 13 168 1
13 11 168 1
105 114 152 1
114 105 152 1
44 45 194 1
45 44 194 1
21 97 595 1
97 21 595 1
25 27 193 1
27 25 193 1
78 79 878 1
79 78 878 1
26 27 135 1
27 26 135 1
91 105 371 1
105 91 371 1
96 97 322 1
97 96 322 1
43 45 199 1
45 43 199 1
80 81 1113 1
81 80 1113 1
48 49 410 1
49 48 410 1
90 105 516 1
105 90 516 1
50 51 698 1
51 50 698 1
47 49 380 1
49 47 380 1
79 81 136 1
81 79 136 1
78 81 1002 1
81 78 1002 1
90 92 135 1
92 90 135 1
45 47 345 1
47 45 345 1
76 77 238 1
77 76 238 1
44 49 304 1
49 44 304 1
22 23 140 1
23 22 140 1
25 26 225 1
26 25 225 1
29 72 629 1
72 29 629 1
73 74 458 1
74 73 458 1
24 25 135 1
25 24 135 1
21 36 510 1
36 21 510 1
91 93 118 1
93 91 118 1
94 96 89 1
96 94 89 1
42 45 300 1
45 42 300 1
103 105 173 1
105 103 173 1
90 99 615 1
99 90 615 1
28 79 847 1
79 28 847 1
45 49 111 1
49 45 111 1
49 51 172 1
51 49 172 1
82 97 814 1
97 82 814 1
73 77 274 1
77 73 274 1
22 24 386 1
24 22 386 1
28 29 741 1
29 28 741 1
64 84 478 1
84 64 478 1
21 96 648 1
96 21 648 1
29 79 257 1
79 29 257 1
34 35 126 1
35 34 126 1
42 43 239 1
43 42 239 1
42 46 173 1
46 42 173 1
2 6 165 1
6 2 165 1
91 99 166 1
99 91 166 1
28 72 116 1
72 28 116 1
36 94 246 1
94 36 246 1
43 47 146 1
47 43 146 1
24 26 201 1
26 24 201 1
36 97 483 1
97 36 483 1
48 51 548 1
51 48 548 1
62 63 1134 1
63 62 1134 1
74 76 203 1
76 74 203 1
21 94 569 1
94 21 569 1
90 104 351 1
104 90 351 1
29 80 961 1
80 29 961 1
5 8 493 1
8 5 493 1
55 96 492 1
96 55 492 1
29 81 342 1
81 29 342 1
44 48 114 1
48 44 114 1
8 9 638 1
9 8 638 1
29 78 851 1
78 29 851 1
59 69 338 1
69 59 338 1
82 94 609 1
94 82 609 1
42 47 281 1
47 42 281 1
42 49 396 1
49 42 396 1
78 80 116 1
80 78 116 1
91 92 669 1
92 91 669 1
104 114 171 1
114 104 171 1
28 78 272 1
78 28 272 1
84 86 610 1
86 84 610 1
44 47 404 1
47 44 404 1
91 114 389 1
114 91 389 1
24 27 252 1
27 24 252 1
73 76 450 1
76 73 450 1
24 30 283 1
30 24 283 1
43 46 341 1
46 43 341 1
14 15 772 1
15 14 772 1
17 81 182 1
81 17 182 1
16 81 1063 1
81 16 1063 1
46 98 212 1
98 46 212 1
91 103 258 1
103 91 258 1
91 104 542 1
104 91 542 1
4 26 161 1
26 4 161 1
0 69 556 1
69 0 556 1
13 60 1245 1
60 13 1245 1
31 33 517 1
33 31 517 1
85 87 616 1
87 85 616 1
12 13 959 1
13 12 959 1
90 103 653 1
103 90 653 1
103 104 369 1
104 103 369 1
90 93 690 1
93 90 690 1
10 12 181 1
12 10 181 1
13 61 843 1
61 13 843 1
60 63 1021 1
63 60 1021 1
43 44 290 1
44 43 290 1
15 83 194 1
83 15 194 1
16 80 152 1
80 16 152 1
7 13 237 1
13 7 237 1
99 105 287 1
105 99 287 1
59 90 1104 1
90 59 1104 1
59 66 363 1
66 59 363 1
84 85 1130 1
85 84 1130 1
5 9 157 1
9 5 157 1
24 31 318 1
31 24 318 1
4 5 350 1
5 4 350 1
21 82 511 1
82 21 511 1
29 36 705 1
36 29 705 1
85 89 220 1
89 85 220 1
93 105 305 1
105 93 305 1
93 101 103 1
101 93 103 1
59 61 271 1
61 59 271 1
65 85 476 1
85 65 476 1
92 93 608 1
93 92 608 1
33 35 375 1
35 33 375 1
5 27 165 1
27 5 165 1
79 80 991 1
80 79 991 1
1 63 334 1
63 1 334 1
12 60 825 1
60 12 825 1
36 82 401 1
82 36 401 1
68 69 164 1
69 68 164 1
19 69 323 1
69 19 323 1
61 63 238 1
63 61 238 1
92 103 574 1
103 92 574 1
2 88 959 1
88 2 959 1
72 76 257 1
76 72 257 1
16 29 882 1
29 16 882 1
16 72 287 1
72 16 287 1
99 111 265 1
111 99 265 1
36 87 808 1
87 36 808 1
60 61 893 1
61 60 893 1
82 83 881 1
83 82 881 1
19 105 1190 1
105 19 1190 1
75 77 210 1
77 75 210 1
19 90 1212 1
90 19 1212 1
26 84 884 1
84 26 884 1
58 59 496 1
59 58 496 1
20 27 271 1
27 20 271 1
90 114 392 1
114 90 392 1
51 53 271 1
53 51 271 1
5 25 129 1
25 5 129 1
92 105 456 1
105 92 456 1
10 14 380 1
14 10 380 1
22 64 1169 1
64 22 1169 1
42 48 243 1
48 42 243 1
56 69 542 1
69 56 542 1
74 77 362 1
77 74 362 1
22 26 505 1
26 22 505 1
28 81 975 1
81 28 975 1
37 40 562 1
40 37 562 1
1 57 172 1
57 1 172 1
36 96 257 1
96 36 257 1
87 94 753 1
94 87 753 1
23 24 403 1
24 23 403 1
69 90 1119 1
90 69 1119 1
19 114 1115 1
114 19 1115 1
72 73 517 1
73 72 517 1
72 74 76 1
74 72 76 1
102 103 508 1
103 102 508 1
22 30 218 1
30 22 218 1
37 39 117 1
39 37 117 1
49 98 742 1
98 49 742 1
22 25 402 1
25 22 402 1
93 99 208 1
99 93 208 1
38 73 580 1
73 38 580 1
42 98 381 1
98 42 381 1
91 112 368 1
112 91 368 1
28 80 329 1
80 28 329 1
11 60 1139 1
60 11 1139 1
30 33 526 1
33 30 526 1
99 103 258 1
103 99 258 1
3 6 559 1
6 3 559 1
48 50 202 1
50 48 202 1
19 91 1171 1
91 19 1171 1
7 61 813 1
61 7 813 1
6 7 710 1
7 6 710 1
21 27 209 1
27 21 209 1
45 48 304 1
48 45 304 1
36 37 542 1
37 36 542 1
90 98 163 1
98 90 163 1
96 110 214 1
110 96 214 1
20 24 393 1
24 20 393 1
37 41 217 1
41 37 217 1
43 49 240 1
49 43 240 1
44 46 353 1
46 44 353 1
73 75 84 1
75 73 84 1
6 12 248 1
12 6 248 1
45 46 448 1
46 45 448 1
36 83 816 1
83 36 816 1
4 22 457 1
22 4 457 1
46 55 584 1
55 46 584 1
4 27 279 1
27 4 279 1
49 50 585 1
50 49 585 1
58 61 717 1
61 58 717 1
99 104 430 1
104 99 430 1
21 29 329 1
29 21 329 1
69 93 1169 1
93 69 1169 1
72 80 384 1
80 72 384 1
72 81 860 1
81 72 860 1
1 98 1107 1
98 1 1107 1
87 97 649 1
97 87 649 1
6 8 485 1
8 6 485 1
21 87 397 1
87 21 397 1
46 49 541 1
49 46 541 1
99 114 265 1
114 99 265 1
72 79 733 1
79 72 733 1
92 99 572 1
99 92 572 1
25 31 272 1
31 25 272 1
36 41 570 1
41 36 570 1
56 57 840 1
57 56 840 1
13 63 653 1
63 13 653 1
20 30 328 1
30 20 328 1
84 87 1148 1
87 84 1148 1
22 31 234 1
31 22 234 1
65 67 361 1
67 65 361 1
0 19 488 1
19 0 488 1
40 41 506 1
41 40 506 1
47 98 442 1
98 47 442 1
103 113 295 1
113 103 295 1
13 15 277 1
15 13 277 1
22 84 1027 1
84 22 1027 1
43 55 485 1
55 43 485 1
39 41 161 1
41 39 161 1
54 89 853 1
89 54 853 1
58 60 266 1
60 58 266 1
6 18 473 1
18 6 473 1
21 83 382 1
83 21 382 1
66 67 177 1
67 66 177 1
32 33 149 1
33 32 149 1
47 48 490 1
48 47 490 1
70 77 376 1
77 70 376 1
31 73 397 1
73 31 397 1
52 58 705 1
58 52 705 1
22 88 1044 1
88 22 1044 1
61 69 456 1
69 61 456 1
90 112 377 1
112 90 377 1
20 25 402 1
25 20 402 1
60 62 241 1
62 60 241 1
92 104 310 1
104 92 310 1
92 102 211 1
102 92 211 1
0 56 174 1
56 0 174 1
14 82 179 1
82 14 179 1
82 96 637 1
96 82 637 1
105 112 319 1
112 105 319 1
12 18 670 1
18 12 670 1
19 59 618 1
59 19 618 1
31 77 552 1
77 31 552 1
12 14 278 1
14 12 278 1
82 87 849 1
87 82 849 1
104 106 195 1
106 104 195 1
10 13 1004 1
13 10 1004 1
25 30 292 1
30 25 292 1
45 110 453 1
110 45 453 1
25 84 1066 1
84 25 1066 1
32 72 471 1
72 32 471 1
98 106 320 1
106 98 320 1
86 87 805 1
87 86 805 1
59 105 1100 1
105 59 1100 1
2 22 228 1
22 2 228 1
4 25 258 1
25 4 258 1
35 71 557 1
71 35 557 1
99 112 272 1
112 99 272 1
98 99 479 1
99 98 479 1
79 96 717 1
96 79 717 1
85 86 1120 1
86 85 1120 1
59 91 926 1
91 59 926 1
59 92 1150 1
92 59 1150 1
102 107 560 1
107 102 560 1
20 26 232 1
26 20 232 1
44 98 563 1
98 44 563 1
69 101 1234 1
101 69 1234 1
93 114 346 1
114 93 346 1
16 17 998 1
17 16 998 1
21 55 604 1
55 21 604 1
49 112 609 1
112 49 609 1
59 114 1002 1
114 59 1002 1
4 8 148 1
8 4 148 1
18 74 626 1
74 18 626 1
47 110 210 1
110 47 210 1
3 7 185 1
7 3 185 1
17 79 135 1
79 17 135 1
70 75 355 1
75 70 355 1
101 105 274 1
105 101 274 1
13 18 772 1
18 13 772 1
24 84 1013 1
84 24 1013 1
27 89 807 1
89 27 807 1
54 86 568 1
86 54 568 1
11 63 488 1
63 11 488 1
55 94 428 1
94 55 428 1
57 69 378 1
69 57 378 1
69 91 1081 1
91 69 1081 1
83 97 654 1
97 83 654 1
3 25 566 1
25 3 566 1
36 80 330 1
80 36 330 1
47 104 532 1
104 47 532 1
91 101 197 1
101 91 197 1
99 101 266 1
101 99 266 1
5 26 263 1
26 5 263 1
24 70 465 1
70 24 465 1
0 58 565 1
58 0 565 1
10 15 968 1
15 10 968 1
31 72 482 1
72 31 482 1
52 60 638 1
60 52 638 1
70 76 285 1
76 70 285 1
10 60 650 1
60 10 650 1
46 47 309 1
47 46 309 1
25 85 1018 1
85 25 1018 1
25 88 998 1
88 25 998 1
58 69 426 1
69 58 426 1
36 40 213 1
40 36 213 1
7 65 934 1
65 7 934 1
19 104 1200 1
104 19 1200 1
56 68 408 1
68 56 408 1
60 89 1195 1
89 60 1195 1
12 58 1025 1
58 12 1025 1
29 83 227 1
83 29 227 1
18 60 647 1
60 18 647 1
93 103 173 1
103 93 173 1
29 97 574 1
97 29 574 1
30 73 455 1
73 30 455 1
82 86 143 1
86 82 143 1
41 73 204 1
73 41 204 1
0 59 847 1
59 0 847 1
29 76 555 1
76 29 555 1
64 65 897 1
65 64 897 1
0 93 1314 1
93 0 1314 1
112 114 196 1
114 112 196 1
92 101 634 1
101 92 634 1
16 36 349 1
36 16 349 1
64 85 1107 1
85 64 1107 1
93 112 343 1
112 93 343 1
55 97 173 1
97 55 173 1
48 112 575 1
112 48 575 1
50 53 744 1
53 50 744 1
2 25 585 1
25 2 585 1
12 15 906 1
15 12 906 1
21 28 487 1
28 21 487 1
58 66 198 1
66 58 198 1
72 78 300 1
78 72 300 1
90 101 719 1
101 90 719 1
29 94 678 1
94 29 678 1
5 88 1026 1
88 5 1026 1
18 68 315 1
68 18 315 1
101 114 359 1
114 101 359 1
0 1 800 1
1 0 800 1
32 76 341 1
76 32 341 1
83 94 771 1
94 83 771 1
105 106 359 1
106 105 359 1
1 32 484 1
32 1 484 1
2 30 317 1
30 2 317 1
47 90 580 1
90 47 580 1
27 88 863 1
88 27 863 1
59 112 915 1
112 59 915 1
3 85 893 1
85 3 893 1
30 77 559 1
77 30 559 1
92 112 325 1
112 92 325 1
0 12 517 1
12 0 517 1
4 24 144 1
24 4 144 1
67 114 792 1
114 67 792 1
2 24 548 1
24 2 548 1
13 95 821 1
95 13 821 1
49 90 859 1
90 49 859 1
18 95 915 1
95 18 915 1
1 61 385 1
61 1 385 1
46 94 338 1
94 46 338 1
1 56 851 1
56 1 851 1
11 12 972 1
12 11 972 1
22 86 800 1
86 22 800 1
30 32 574 1
32 30 574 1
101 103 106 1
103 101 106 1
3 64 1134 1
64 3 1134 1
14 83 858 1
83 14 858 1
17 78 955 1
78 17 955 1
22 27 524 1
27 22 524 1
38 74 265 1
74 38 265 1
16 28 220 1
28 16 220 1
29 96 758 1
96 29 758 1
28 31 545 1
31 28 545 1
28 76 345 1
76 28 345 1
23 26 522 1
26 23 522 1
30 72 390 1
72 30 390 1
0 61 943 1
61 0 943 1
27 87 439 1
87 27 439 1
103 112 375 1
112 103 375 1
15 18 910 1
18 15 910 1
47 112 265 1
112 47 265 1
97 110 221 1
110 97 221 1
102 104 159 1
104 102 159 1
7 60 1133 1
60 7 1133 1
21 78 664 1
78 21 664 1
40 87 708 1
87 40 708 1
16 78 122 1
78 16 122 1
26 86 416 1
86 26 416 1
1 69 441 1
69 1 441 1
17 98 995 1
98 17 995 1
68 107 1166 1
107 68 1166 1
0 68 414 1
68 0 414 1
100 103 576 1
103 100 576 1
7 9 490 1
9 7 490 1
28 30 436 1
30 28 436 1
20 21 185 1
21 20 185 1
38 77 447 1
77 38 447 1
90 102 246 1
102 90 246 1
93 104 478 1
104 93 478 1
101 104 464 1
104 101 464 1
1 106 1164 1
106 1 1164 1
32 73 550 1
73 32 550 1
69 105 1158 1
105 69 1158 1
33 71 374 1
71 33 374 1
38 40 158 1
40 38 158 1
47 106 636 1
106 47 636 1
72 77 430 1
77 72 430 1
94 110 220 1
110 94 220 1
70 71 263 1
71 70 263 1
103 114 282 1
114 103 282 1
21 79 530 1
79 21 530 1
31 70 334 1
70 31 334 1
36 55 626 1
55 36 626 1
103 110 496 1
110 103 496 1
3 54 1096 1
54 3 1096 1
35 110 305 1
110 35 305 1
9 113 1235 1
113 9 1235 1
34 71 603 1
71 34 603 1
17 80 1070 1
80 17 1070 1
26 88 791 1
88 26 791 1
22 38 846 1
38 22 846 1
23 38 892 1
38 23 892 1
28 82 255 1
82 28 255 1
31 75 419 1
75 31 419 1
36 46 482 1
46 36 482 1
64 86 1029 1
86 64 1029 1
56 59 788 1
59 56 788 1
86 88 460 1
88 86 460 1
27 30 343 1
30 27 343 1
27 97 789 1
97 27 789 1
39 40 508 1
40 39 508 1
86 89 1016 1
89 86 1016 1
37 87 433 1
87 37 433 1
80 83 1100 1
83 80 1100 1
26 82 411 1
82 26 411 1
3 60 1005 1
60 3 1005 1
34 79 586 1
79 34 586 1
98 104 286 1
104 98 286 1
0 60 405 1
60 0 405 1
20 34 683 1
34 20 683 1
24 86 569 1
86 24 569 1
49 91 630 1
91 49 630 1
65 89 679 1
89 65 679 1
4 82 403 1
82 4 403 1
19 57 426 1
57 19 426 1
19 93 1252 1
93 19 1252 1
24 64 1287 1
64 24 1287 1
71 75 163 1
75 71 163 1
25 87 575 1
87 25 575 1
112 115 269 1
115 112 269 1
49 105 843 1
105 49 843 1
61 95 778 1
95 61 778 1
6 13 864 1
13 6 864 1
21 80 756 1
80 21 756 1
25 82 617 1
82 25 617 1
31 71 265 1
71 31 265 1
43 98 522 1
98 43 522 1
47 111 188 1
111 47 188 1
88 89 1035 1
89 88 1035 1
4 20 334 1
20 4 334 1
7 67 937 1
67 7 937 1
21 110 690 1
110 21 690 1
92 114 349 1
114 92 349 1
1 62 1027 1
62 1 1027 1
10 11 986 1
11 10 986 1
78 110 569 1
110 78 569 1
6 22 333 1
22 6 333 1
45 98 655 1
98 45 655 1
57 93 1026 1
93 57 1026 1
1 68 549 1
68 1 549 1
2 70 412 1
70 2 412 1
23 25 373 1
25 23 373 1
0 57 825 1
57 0 825 1
10 82 401 1
82 10 401 1
18 32 279 1
32 18 279 1
18 63 774 1
63 18 774 1
28 83 861 1
83 28 861 1
38 106 276 1
106 38 276 1
46 48 368 1
48 46 368 1
81 111 760 1
111 81 760 1
15 61 998 1
61 15 998 1
27 82 524 1
82 27 524 1
20 31 387 1
31 20 387 1
27 31 339 1
31 27 339 1
78 96 453 1
96 78 453 1
98 111 265 1
111 98 265 1
2 27 659 1
27 2 659 1
6 60 799 1
60 6 799 1
10 22 580 1
22 10 580 1
28 96 577 1
96 28 577 1
20 22 544 1
22 20 544 1
69 99 970 1
99 69 970 1
5 20 424 1
20 5 424 1
7 11 254 1
11 7 254 1
9 35 1031 1
35 9 1031 1
26 64 1183 1
64 26 1183 1
2 8 554 1
8 2 554 1
5 10 825 1
10 5 825 1
61 107 939 1
107 61 939 1
77 88 709 1
88 77 709 1
7 58 1136 1
58 7 1136 1
10 52 956 1
52 10 956 1
19 49 882 1
49 19 882 1
30 70 259 1
70 30 259 1
32 74 456 1
74 32 456 1
33 81 613 1
81 33 613 1
43 80 868 1
80 43 868 1
48 98 566 1
98 48 566 1
36 78 263 1
78 36 263 1
59 93 1026 1
93 59 1026 1
55 98 606 1
98 55 606 1
3 22 347 1
22 3 347 1
36 86 441 1
86 36 441 1
99 110 299 1
110 99 299 1
103 107 239 1
107 103 239 1
6 25 624 1
25 6 624 1
19 101 1295 1
101 19 1295 1
23 64 1238 1
64 23 1238 1
33 34 394 1
34 33 394 1
55 110 380 1
110 55 380 1
92 113 313 1
113 92 313 1
10 88 586 1
88 10 586 1
41 74 484 1
74 41 484 1
98 102 260 1
102 98 260 1
3 11 395 1
11 3 395 1
6 24 555 1
24 6 555 1
18 73 675 1
73 18 675 1
23 31 199 1
31 23 199 1
47 105 464 1
105 47 464 1
54 55 651 1
55 54 651 1
12 62 664 1
62 12 664 1
31 74 479 1
74 31 479 1
38 39 465 1
39 38 465 1
2 12 394 1
12 2 394 1
16 79 934 1
79 16 934 1
21 37 403 1
37 21 403 1
30 76 537 1
76 30 537 1
38 76 305 1
76 38 305 1
46 96 270 1
96 46 270 1
0 14 728 1
14 0 728 1
4 88 829 1
88 4 829 1
34 78 466 1
78 34 466 1
95 107 258 1
107 95 258 1
2 23 340 1
23 2 340 1
8 25 389 1
25 8 389 1
17 29 223 1
29 17 223 1
39 95 233 1
95 39 233 1
42 50 271 1
50 42 271 1
56 62 252 1
62 56 252 1
57 59 382 1
59 57 382 1
30 64 1064 1
64 30 1064 1
57 99 846 1
99 57 846 1
58 89 1156 1
89 58 1156 1
11 65 770 1
65 11 770 1
54 87 939 1
87 54 939 1
6 88 860 1
88 6 860 1
31 38 708 1
38 31 708 1
31 76 584 1
76 31 584 1
47 91 332 1
91 47 332 1
101 112 405 1
112 101 405 1
25 89 956 1
89 25 956 1
39 55 254 1
55 39 254 1
42 51 463 1
51 42 463 1
90 111 396 1
111 90 396 1
25 86 638 1
86 25 638 1
47 99 231 1
99 47 231 1
3 24 623 1
24 3 623 1
4 34 986 1
34 4 986 1
7 12 856 1
12 7 856 1
11 85 574 1
85 11 574 1
18 76 581 1
76 18 581 1
30 74 403 1
74 30 403 1
71 77 297 1
77 71 297 1
78 97 697 1
97 78 697 1
5 58 1366 1
58 5 1366 1
15 95 730 1
95 15 730 1
20 97 635 1
97 20 635 1
5 24 252 1
24 5 252 1
10 86 544 1
86 10 544 1
24 88 947 1
88 24 947 1
60 88 724 1
88 60 724 1
86 94 606 1
94 86 606 1
3 27 634 1
27 3 634 1
23 50 1386 1
50 23 1386 1
29 31 454 1
31 29 454 1
44 112 534 1
112 44 534 1
2 31 377 1
31 2 377 1
44 51 440 1
51 44 440 1
59 101 1108 1
101 59 1108 1
92 100 157 1
100 92 157 1
105 113 210 1
113 105 210 1
5 82 673 1
82 5 673 1
17 96 834 1
96 17 834 1
24 34 1021 1
34 24 1021 1
69 92 1197 1
92 69 1197 1
69 114 1057 1
114 69 1057 1
95 108 123 1
108 95 123 1
104 115 184 1
115 104 184 1
3 89 961 1
89 3 961 1
16 41 813 1
41 16 813 1
36 72 276 1
72 36 276 1
52 59 956 1
59 52 956 1
59 103 1115 1
103 59 1115 1
0 63 1010 1
63 0 1010 1
14 108 790 1
108 14 790 1
20 35 677 1
35 20 677 1
34 94 438 1
94 34 438 1
61 92 1185 1
92 61 1185 1
87 96 843 1
96 87 843 1
2 65 1144 1
65 2 1144 1
0 13 1027 1
13 0 1027 1
16 76 379 1
76 16 379 1
31 32 596 1
32 31 596 1
45 55 662 1
55 45 662 1
102 105 355 1
105 102 355 1
0 101 1354 1
101 0 1354 1
4 23 506 1
23 4 506 1
15 63 805 1
63 15 805 1
19 68 313 1
68 19 313 1
27 84 956 1
84 27 956 1
3 65 942 1
65 3 942 1
43 110 298 1
110 43 298 1
51 91 505 1
91 51 505 1
65 88 1179 1
88 65 1179 1
77 86 724 1
86 77 724 1
82 84 544 1
84 82 544 1
29 34 696 1
34 29 696 1
43 96 503 1
96 43 503 1
61 68 615 1
68 61 615 1
73 95 476 1
95 73 476 1
0 62 386 1
62 0 386 1
16 32 504 1
32 16 504 1
18 77 606 1
77 18 606 1
29 32 631 1
32 29 631 1
9 58 1436 1
58 9 1436 1
20 82 329 1
82 20 329 1
38 41 513 1
41 38 513 1
46 80 618 1
80 46 618 1
89 108 535 1
108 89 535 1
17 43 764 1
43 17 764 1
29 46 914 1
46 29 914 1
45 111 467 1
111 45 467 1
1 107 981 1
107 1 981 1
21 25 360 1
25 21 360 1
29 37 304 1
37 29 304 1
3 13 410 1
13 3 410 1
3 88 1145 1
88 3 1145 1
34 82 812 1
82 34 812 1
34 110 327 1
110 34 327 1
57 68 520 1
68 57 520 1
74 88 485 1
88 74 485 1
91 113 366 1
113 91 366 1
17 47 731 1
47 17 731 1
27 86 519 1
86 27 519 1
11 15 385 1
15 11 385 1
12 74 431 1
74 12 431 1
19 112 1132 1
112 19 1132 1
28 97 752 1
97 28 752 1
79 97 479 1
97 79 479 1
16 74 335 1
74 16 335 1
58 113 963 1
113 58 963 1
59 99 857 1
99 59 857 1
17 99 704 1
99 17 704 1
23 67 1077 1
67 23 1077 1
45 112 552 1
112 45 552 1
51 90 888 1
90 51 888 1
25 64 1312 1
64 25 1312 1
36 79 738 1
79 36 738 1
75 76 374 1
76 75 374 1
21 108 562 1
108 21 562 1
104 112 332 1
112 104 332 1
13 107 881 1
107 13 881 1
46 97 424 1
97 46 424 1
81 96 799 1
96 81 799 1
30 79 725 1
79 30 725 1
37 55 221 1
55 37 221 1
80 96 505 1
96 80 505 1
8 113 1216 1
113 8 1216 1
10 89 1185 1
89 10 1185 1
28 36 321 1
36 28 321 1
95 109 146 1
109 95 146 1
5 89 870 1
89 5 870 1
20 89 778 1
89 20 778 1
58 88 918 1
88 58 918 1
76 86 587 1
86 76 587 1
85 88 1097 1
88 85 1097 1
91 98 616 1
98 91 616 1
11 61 675 1
61 11 675 1
25 77 710 1
77 25 710 1
100 102 87 1
102 100 87 1
2 3 405 1
3 2 405 1
10 58 862 1
58 10 862 1
30 84 877 1
84 30 877 1
87 89 476 1
89 87 476 1
12 63 1218 1
63 12 1218 1
29 30 533 1
30 29 533 1
52 89 1027 1
89 52 1027 1
2 7 566 1
7 2 566 1
4 84 906 1
84 4 906 1
20 28 320 1
28 20 320 1
22 70 443 1
70 22 443 1
29 82 824 1
82 29 824 1
31 34 815 1
34 31 815 1
36 76 232 1
76 36 232 1
57 90 1197 1
90 57 1197 1
86 97 801 1
97 86 801 1
113 114 95 1
114 113 95 1
1 60 923 1
60 1 923 1
14 18 837 1
18 14 837 1
100 105 430 1
105 100 430 1
98 105 417 1
105 98 417 1
0 11 958 1
11 0 958 1
23 30 259 1
30 23 259 1
54 60 681 1
60 54 681 1
70 73 402 1
73 70 402 1
2 5 685 1
5 2 685 1
46 50 303 1
50 46 303 1
4 30 322 1
30 4 322 1
26 87 560 1
87 26 560 1
69 103 1214 1
103 69 1214 1
84 88 224 1
88 84 224 1
89 95 416 1
95 89 416 1
100 109 518 1
109 100 518 1
105 107 233 1
107 105 233 1
114 115 96 1
115 114 96 1
2 77 699 1
77 2 699 1
9 61 1165 1
61 9 1165 1
27 54 856 1
54 27 856 1
27 85 894 1
85 27 894 1
102 115 318 1
115 102 318 1
21 40 380 1
40 21 380 1
22 33 600 1
33 22 600 1
30 34 790 1
34 30 790 1
33 79 486 1
79 33 486 1
66 69 349 1
69 66 349 1
48 105 862 1
105 48 862 1
49 53 406 1
53 49 406 1
80 94 538 1
94 80 538 1
47 51 339 1
51 47 339 1
57 101 1081 1
101 57 1081 1
13 58 1244 1
58 13 1244 1
13 65 935 1
65 13 935 1
29 41 234 1
41 29 234 1
51 114 700 1
114 51 700 1
69 107 1110 1
107 69 1110 1
31 79 660 1
79 31 660 1
87 88 1035 1
88 87 1035 1
30 75 454 1
75 30 454 1
35 45 385 1
45 35 385 1
56 101 1297 1
101 56 1297 1
1 59 541 1
59 1 541 1
2 67 952 1
67 2 952 1
12 61 1246 1
61 12 1246 1
49 104 900 1
104 49 900 1
63 107 821 1
107 63 821 1
19 47 942 1
47 19 942 1
39 73 305 1
73 39 305 1
41 80 868 1
80 41 868 1
0 52 934 1
52 0 934 1
17 45 840 1
45 17 840 1
21 26 271 1
26 21 271 1
54 85 906 1
85 54 906 1
9 89 869 1
89 9 869 1
10 25 735 1
25 10 735 1
16 37 809 1
37 16 809 1
31 35 790 1
35 31 790 1
80 97 779 1
97 80 779 1
19 99 1048 1
99 19 1048 1
50 91 845 1
91 50 845 1
63 106 1106 1
106 63 1106 1
84 89 1110 1
89 84 1110 1
10 18 609 1
18 10 609 1
37 111 552 1
111 37 552 1
43 79 634 1
79 43 634 1
59 113 994 1
113 59 994 1
6 11 866 1
11 6 866 1
17 44 951 1
44 17 951 1
41 81 452 1
81 41 452 1
82 108 675 1
108 82 675 1
17 62 1129 1
62 17 1129 1
80 111 747 1
111 80 747 1
103 111 432 1
111 103 432 1
4 64 1218 1
64 4 1218 1
12 89 1220 1
89 12 1220 1
51 105 775 1
105 51 775 1
92 111 381 1
111 92 381 1
100 110 522 1
110 100 522 1
54 88 224 1
88 54 224 1
59 68 484 1
68 59 484 1
8 27 425 1
27 8 425 1
15 82 832 1
82 15 832 1
16 46 699 1
46 16 699 1
27 109 761 1
109 27 761 1
68 102 1226 1
102 68 1226 1
69 104 1167 1
104 69 1167 1
79 94 650 1
94 79 650 1
95 102 514 1
102 95 514 1
7 95 897 1
95 7 897 1
1 95 815 1
95 1 815 1
5 21 332 1
21 5 332 1
18 30 564 1
30 18 564 1
42 80 740 1
80 42 740 1
49 114 742 1
114 49 742 1
63 68 745 1
68 63 745 1
0 91 1266 1
91 0 1266 1
26 85 985 1
85 26 985 1
27 96 825 1
96 27 825 1
29 73 113 1
73 29 113 1
34 97 481 1
97 34 481 1
67 105 903 1
105 67 903 1
74 75 389 1
75 74 389 1
75 85 521 1
85 75 521 1
95 115 205 1
115 95 205 1
107 113 400 1
113 107 400 1
1 19 351 1
19 1 351 1
36 81 848 1
81 36 848 1
47 80 841 1
80 47 841 1
51 52 786 1
52 51 786 1
30 35 784 1
35 30 784 1
49 99 587 1
99 49 587 1
4 14 255 1
14 4 255 1
6 15 884 1
15 6 884 1
34 84 580 1
84 34 580 1
48 90 628 1
90 48 628 1
56 66 485 1
66 56 485 1
1 13 546 1
13 1 546 1
9 75 548 1
75 9 548 1
23 84 1113 1
84 23 1113 1
52 54 402 1
54 52 402 1
76 79 567 1
79 76 567 1
1 101 1148 1
101 1 1148 1
5 71 431 1
71 5 431 1
6 30 365 1
30 6 365 1
9 65 1235 1
65 9 1235 1
32 44 667 1
44 32 667 1
34 53 664 1
53 34 664 1
40 106 412 1
106 40 412 1
46 51 585 1
51 46 585 1
68 103 1277 1
103 68 1277 1
106 107 486 1
107 106 486 1
1 11 394 1
11 1 394 1
30 86 614 1
86 30 614 1
84 94 496 1
94 84 496 1
3 23 271 1
23 3 271 1
8 75 728 1
75 8 728 1
19 115 1045 1
115 19 1045 1
1 44 896 1
44 1 896 1
2 33 510 1
33 2 510 1
14 22 562 1
22 14 562 1
16 62 313 1
62 16 313 1
44 50 287 1
50 44 287 1
84 97 749 1
97 84 749 1
101 102 595 1
102 101 595 1
7 59 970 1
59 7 970 1
54 96 167 1
96 54 167 1
64 77 767 1
77 64 767 1
105 110 411 1
110 105 411 1
13 85 695 1
85 13 695 1
19 106 1134 1
106 19 1134 1
34 86 880 1
86 34 880 1
81 83 446 1
83 81 446 1
16 43 905 1
43 16 905 1
52 108 555 1
108 52 555 1
21 81 634 1
81 21 634 1
26 97 829 1
97 26 829 1
102 106 217 1
106 102 217 1
21 86 520 1
86 21 520 1
25 97 955 1
97 25 955 1
41 76 493 1
76 41 493 1
41 83 252 1
83 41 252 1
51 98 763 1
98 51 763 1
6 10 299 1
10 6 299 1
14 28 286 1
28 14 286 1
25 71 434 1
71 25 434 1
37 46 651 1
46 37 651 1
20 96 592 1
96 20 592 1
43 48 391 1
48 43 391 1
104 113 229 1
113 104 229 1
5 83 447 1
83 5 447 1
9 15 219 1
15 9 219 1
16 96 566 1
96 16 566 1
77 87 602 1
87 77 602 1
91 111 390 1
111 91 390 1
33 45 716 1
45 33 716 1
37 109 343 1
109 37 343 1
1 18 493 1
18 1 493 1
4 31 397 1
31 4 397 1
37 96 506 1
96 37 506 1
42 112 333 1
112 42 333 1
62 68 629 1
68 62 629 1
25 70 480 1
70 25 480 1
43 81 665 1
81 43 665 1
48 91 808 1
91 48 808 1
49 106 982 1
106 49 982 1
90 107 713 1
107 90 713 1
113 115 188 1
115 113 188 1
2 18 379 1
18 2 379 1
7 75 499 1
75 7 499 1
37 73 278 1
73 37 278 1
51 112 579 1
112 51 579 1
57 106 1143 1
106 57 1143 1
72 86 399 1
86 72 399 1
7 63 675 1
63 7 675 1
9 12 856 1
12 9 856 1
17 41 414 1
41 17 414 1
25 54 1008 1
54 25 1008 1
31 78 755 1
78 31 755 1
37 98 666 1
98 37 666 1
50 90 473 1
90 50 473 1
68 106 1131 1
106 68 1131 1
16 83 1029 1
83 16 1029 1
18 72 618 1
72 18 618 1
40 72 200 1
72 40 200 1
77 85 495 1
85 77 495 1
78 94 474 1
94 78 474 1
0 114 1065 1
114 0 1065 1
11 18 691 1
18 11 691 1
14 20 320 1
20 14 320 1
48 100 791 1
100 48 791 1
58 93 1138 1
93 58 1138 1
60 85 1115 1
85 60 1115 1
61 89 738 1
89 61 738 1
72 109 524 1
109 72 524 1
4 28 477 1
28 4 477 1
11 77 511 1
77 11 511 1
16 73 769 1
73 16 769 1
38 88 311 1
88 38 311 1
55 87 559 1
87 55 559 1
2 71 519 1
71 2 519 1
12 95 927 1
95 12 927 1
13 14 902 1
14 13 902 1
13 89 713 1
89 13 713 1
33 115 808 1
115 33 808 1
39 96 494 1
96 39 494 1
60 68 469 1
68 60 469 1
79 110 592 1
110 79 592 1
16 111 812 1
111 16 812 1
17 36 828 1
36 17 828 1
48 114 717 1
114 48 717 1
71 88 827 1
88 71 827 1
80 110 643 1
110 80 643 1
6 31 464 1
31 6 464 1
12 76 591 1
76 12 591 1
32 63 656 1
63 32 656 1
35 113 606 1
113 35 606 1
69 112 1017 1
112 69 1017 1
90 100 182 1
100 90 182 1
6 63 1114 1
63 6 1114 1
21 46 873 1
46 21 873 1
37 81 336 1
81 37 336 1
37 97 271 1
97 37 271 1
40 80 433 1
80 40 433 1
57 66 576 1
66 57 576 1
13 77 608 1
77 13 608 1
18 61 737 1
61 18 737 1
22 74 594 1
74 22 594 1
23 71 443 1
71 23 443 1
28 74 188 1
74 28 188 1
64 88 675 1
88 64 675 1
5 113 1156 1
113 5 1156 1
11 64 1218 1
64 11 1218 1
14 89 1093 1
89 14 1093 1
26 89 900 1
89 26 900 1
42 111 258 1
111 42 258 1
52 69 993 1
69 52 993 1
64 74 751 1
74 64 751 1
80 98 568 1
98 80 568 1
99 102 560 1
102 99 560 1
3 84 1110 1
84 3 1110 1
4 79 928 1
79 4 928 1
19 92 1295 1
92 19 1295 1
19 98 1076 1
98 19 1076 1
22 34 922 1
34 22 922 1
41 77 345 1
77 41 345 1
65 84 1120 1
84 65 1120 1
77 84 711 1
84 77 711 1
92 98 220 1
98 92 220 1
106 114 322 1
114 106 322 1
1 52 1206 1
52 1 1206 1
6 75 726 1
75 6 726 1
33 72 507 1
72 33 507 1
49 103 837 1
103 49 837 1
57 91 921 1
91 57 921 1
60 69 564 1
69 60 564 1
63 98 1024 1
98 63 1024 1
64 75 961 1
75 64 961 1
4 21 414 1
21 4 414 1
5 6 733 1
6 5 733 1
9 10 955 1
10 9 955 1
25 34 1006 1
34 25 1006 1
40 81 874 1
81 40 874 1
47 55 367 1
55 47 367 1
55 79 394 1
79 55 394 1
2 58 959 1
58 2 959 1
27 94 748 1
94 27 748 1
59 67 245 1
67 59 245 1
90 113 376 1
113 90 376 1
14 95 814 1
95 14 814 1
16 98 666 1
98 16 666 1
23 70 494 1
70 23 494 1
40 73 549 1
73 40 549 1
97 108 170 1
108 97 170 1
104 110 417 1
110 104 417 1
7 88 1209 1
88 7 1209 1
43 106 752 1
106 43 752 1
80 100 687 1
100 80 687 1
49 59 382 1
59 49 382 1
56 60 232 1
60 56 232 1
81 110 659 1
110 81 659 1
4 70 430 1
70 4 430 1
5 34 1016 1
34 5 1016 1
30 38 642 1
38 30 642 1
31 81 775 1
81 31 775 1
39 76 461 1
76 39 461 1
40 83 731 1
83 40 731 1
53 80 1109 1
80 53 1109 1
8 30 385 1
30 8 385 1
41 111 726 1
111 41 726 1
45 81 759 1
81 45 759 1
50 105 813 1
105 50 813 1
59 104 1146 1
104 59 1146 1
2 4 569 1
4 2 569 1
21 41 236 1
41 21 236 1
26 30 321 1
30 26 321 1
29 109 610 1
109 29 610 1
35 67 262 1
67 35 262 1
48 53 654 1
53 48 654 1
57 105 1066 1
105 57 1066 1
58 101 1214 1
101 58 1214 1
81 98 940 1
98 81 940 1
19 33 238 1
33 19 238 1
20 84 687 1
84 20 687 1
31 64 1128 1
64 31 1128 1
66 105 960 1
105 66 960 1
76 84 486 1
84 76 486 1
3 18 417 1
18 3 417 1
3 30 397 1
30 3 397 1
19 111 1024 1
111 19 1024 1
20 86 362 1
86 20 362 1
54 94 226 1
94 54 226 1
92 107 674 1
107 92 674 1
110 111 172 1
111 110 172 1
14 54 716 1
54 14 716 1
19 103 1259 1
103 19 1259 1
28 32 528 1
32 28 528 1
38 70 414 1
70 38 414 1
15 89 653 1
89 15 653 1
35 114 586 1
114 35 586 1
70 86 500 1
86 70 500 1
2 10 438 1
10 2 438 1
5 53 1317 1
53 5 1317 1
20 79 665 1
79 20 665 1
33 38 675 1
38 33 675 1
35 111 452 1
111 35 452 1
41 72 550 1
72 41 550 1
43 111 293 1
111 43 293 1
44 111 448 1
111 44 448 1
49 111 530 1
111 49 530 1
89 97 385 1
97 89 385 1
89 109 541 1
109 89 541 1
102 109 475 1
109 102 475 1
10 54 681 1
54 10 681 1
28 86 383 1
86 28 383 1
34 70 564 1
70 34 564 1
61 62 1047 1
62 61 1047 1
1 46 993 1
46 1 993 1
26 31 365 1
31 26 365 1
39 109 356 1
109 39 356 1
29 33 510 1
33 29 510 1
47 81 624 1
81 47 624 1
54 63 1046 1
63 54 1046 1
68 101 1309 1
101 68 1309 1
4 53 1405 1
53 4 1405 1
6 74 506 1
74 6 506 1
8 29 833 1
29 8 833 1
9 95 899 1
95 9 899 1
19 44 886 1
44 19 886 1
22 71 471 1
71 22 471 1
26 34 907 1
34 26 907 1
45 100 889 1
100 45 889 1
14 58 1155 1
58 14 1155 1
47 50 544 1
50 47 544 1
57 58 735 1
58 57 735 1
61 65 175 1
65 61 175 1
67 101 953 1
101 67 953 1
98 103 555 1
103 98 555 1
0 90 1005 1
90 0 1005 1
1 99 923 1
99 1 923 1
2 74 545 1
74 2 545 1
3 52 1342 1
52 3 1342 1
6 27 679 1
27 6 679 1
12 108 895 1
108 12 895 1
17 49 813 1
49 17 813 1
18 28 651 1
28 18 651 1
21 109 565 1
109 21 565 1
31 86 707 1
86 31 707 1
57 98 1043 1
98 57 1043 1
70 88 635 1
88 70 635 1
86 96 642 1
96 86 642 1
104 111 377 1
111 104 377 1
0 15 1084 1
15 0 1084 1
12 88 689 1
88 12 689 1
13 62 1248 1
62 13 1248 1
28 94 557 1
94 28 557 1
54 84 309 1
84 54 309 1
55 82 916 1
82 55 916 1
21 84 830 1
84 21 830 1
24 38 730 1
38 24 730 1
28 73 629 1
73 28 629 1
29 40 655 1
40 29 655 1
29 53 887 1
53 29 887 1
54 108 319 1
108 54 319 1
61 102 1213 1
102 61 1213 1
24 79 893 1
79 24 893 1
63 95 704 1
95 63 704 1
99 100 610 1
100 99 610 1
7 8 828 1
8 7 828 1
15 107 739 1
107 15 739 1
17 90 1158 1
90 17 1158 1
29 74 571 1
74 29 571 1
47 114 366 1
114 47 366 1
51 59 486 1
59 51 486 1
56 90 896 1
90 56 896 1
56 92 1017 1
92 56 1017 1
66 92 904 1
92 66 904 1
0 105 1170 1
105 0 1170 1
7 15 461 1
15 7 461 1
8 24 258 1
24 8 258 1
37 85 343 1
85 37 343 1
50 64 302 1
64 50 302 1
50 112 538 1
112 50 538 1
60 65 898 1
65 60 898 1
68 105 1200 1
105 68 1200 1
13 64 1328 1
64 13 1328 1
18 107 1141 1
107 18 1141 1
24 33 797 1
33 24 797 1
37 78 740 1
78 37 740 1
38 54 263 1
54 38 263 1
38 86 366 1
86 38 366 1
53 83 977 1
83 53 977 1
55 86 895 1
86 55 895 1
67 71 764 1
71 67 764 1
70 74 155 1
74 70 155 1
76 87 753 1
87 76 753 1
79 82 965 1
82 79 965 1
83 108 716 1
108 83 716 1
105 115 176 1
115 105 176 1
5 75 500 1
75 5 500 1
8 53 1492 1
53 8 1492 1
39 74 501 1
74 39 501 1
42 81 865 1
81 42 865 1
47 103 476 1
103 47 476 1
50 52 243 1
52 50 243 1
72 75 453 1
75 72 453 1
96 108 167 1
108 96 167 1
101 115 407 1
115 101 407 1
6 65 1218 1
65 6 1218 1
20 94 527 1
94 20 527 1
36 84 341 1
84 36 341 1
48 59 599 1
59 48 599 1
99 108 310 1
108 99 310 1
8 82 379 1
82 8 379 1
12 77 756 1
77 12 756 1
16 40 399 1
40 16 399 1
50 103 905 1
103 50 905 1
0 10 381 1
10 0 381 1
2 73 679 1
73 2 679 1
16 42 811 1
42 16 811 1
27 28 565 1
28 27 565 1
73 109 538 1
109 73 538 1
23 88 1119 1
88 23 1119 1
27 108 748 1
108 27 748 1
37 80 842 1
80 37 842 1
61 90 1156 1
90 61 1156 1
62 74 590 1
74 62 590 1
40 47 783 1
47 40 783 1
41 87 263 1
87 41 263 1
49 110 518 1
110 49 518 1
53 86 1248 1
86 53 1248 1
71 73 163 1
73 71 163 1
6 9 834 1
9 6 834 1
24 71 494 1
71 24 494 1
26 54 816 1
54 26 816 1
33 78 590 1
78 33 590 1
83 96 859 1
96 83 859 1
102 111 440 1
111 102 440 1
111 112 111 1
112 111 111 1
24 82 536 1
82 24 536 1
93 110 487 1
110 93 487 1
5 12 722 1
12 5 722 1
6 73 748 1
73 6 748 1
7 89 868 1
89 7 868 1
12 32 661 1
32 12 661 1
17 72 781 1
72 17 781 1
19 107 1100 1
107 19 1100 1
28 70 247 1
70 28 247 1
33 73 444 1
73 33 444 1
40 110 582 1
110 40 582 1
41 62 1018 1
62 41 1018 1
46 53 547 1
53 46 547 1
56 93 1249 1
93 56 1249 1
59 107 1064 1
107 59 1064 1
1 17 391 1
17 1 391 1
15 60 1288 1
60 15 1288 1
35 53 585 1
53 35 585 1
51 100 973 1
100 51 973 1
54 95 438 1
95 54 438 1
13 52 1405 1
52 13 1405 1
21 39 356 1
39 21 356 1
52 61 1057 1
61 52 1057 1
58 67 368 1
67 58 368 1
104 107 401 1
107 104 401 1
10 70 382 1
70 10 382 1
16 45 943 1
45 16 943 1
23 33 604 1
33 23 604 1
45 80 912 1
80 45 912 1
46 111 189 1
111 46 189 1
57 111 890 1
111 57 890 1
62 98 668 1
98 62 668 1
81 99 581 1
99 81 581 1
100 113 356 1
113 100 356 1
10 27 715 1
27 10 715 1
13 88 1216 1
88 13 1216 1
29 111 842 1
111 29 842 1
0 66 594 1
66 0 594 1
1 66 683 1
66 1 683 1
6 77 737 1
77 6 737 1
8 83 868 1
83 8 868 1
9 29 484 1
29 9 484 1
14 25 491 1
25 14 491 1
32 45 684 1
45 32 684 1
36 85 845 1
85 36 845 1
54 82 561 1
82 54 561 1
60 74 699 1
74 60 699 1
67 104 923 1
104 67 923 1
93 111 397 1
111 93 397 1
2 20 581 1
20 2 581 1
19 48 943 1
48 19 943 1
23 34 949 1
34 23 949 1
34 64 445 1
64 34 445 1
40 78 376 1
78 40 376 1
19 113 1158 1
113 19 1158 1
21 34 706 1
34 21 706 1
38 72 305 1
72 38 305 1
45 99 570 1
99 45 570 1
46 79 801 1
79 46 801 1
62 69 736 1
69 62 736 1
91 110 456 1
110 91 456 1
105 111 367 1
111 105 367 1
108 114 218 1
114 108 218 1
111 115 269 1
115 111 269 1
4 83 726 1
83 4 726 1
11 62 1169 1
62 11 1169 1
21 89 648 1
89 21 648 1
25 75 536 1
75 25 536 1
35 100 802 1
100 35 802 1
54 97 484 1
97 54 484 1
59 115 981 1
115 59 981 1
82 89 1043 1
89 82 1043 1
1 90 1264 1
90 1 1264 1
13 59 1042 1
59 13 1042 1
18 62 706 1
62 18 706 1
20 113 831 1
113 20 831 1
42 106 676 1
106 42 676 1
53 78 1035 1
78 53 1035 1
56 58 427 1
58 56 427 1
11 75 388 1
75 11 388 1
22 73 618 1
73 22 618 1
52 88 542 1
88 52 542 1
54 62 567 1
62 54 567 1
64 73 1029 1
73 64 1029 1
66 101 1048 1
101 66 1048 1
67 92 922 1
92 67 922 1
101 107 310 1
107 101 310 1
15 85 720 1
85 15 720 1
16 44 837 1
44 16 837 1
74 84 507 1
84 74 507 1
91 106 697 1
106 91 697 1
96 98 184 1
98 96 184 1
112 113 116 1
113 112 116 1
9 33 834 1
33 9 834 1
13 75 440 1
75 13 440 1
15 28 819 1
28 15 819 1
53 82 1252 1
82 53 1252 1
53 108 584 1
108 53 584 1
90 106 378 1
106 90 378 1
2 38 808 1
38 2 808 1
24 28 571 1
28 24 571 1
26 38 554 1
38 26 554 1
39 72 575 1
72 39 575 1
50 98 448 1
98 50 448 1
85 97 439 1
97 85 439 1
3 31 315 1
31 3 315 1
4 74 492 1
74 4 492 1
11 107 831 1
107 11 831 1
14 113 1044 1
113 14 1044 1
17 28 894 1
28 17 894 1
17 76 648 1
76 17 648 1
34 36 459 1
36 34 459 1
34 81 688 1
81 34 688 1
39 106 557 1
106 39 557 1
56 61 920 1
61 56 920 1
76 82 520 1
82 76 520 1
78 111 693 1
111 78 693 1
81 104 910 1
104 81 910 1
10 24 654 1
24 10 654 1
20 70 213 1
70 20 213 1
29 77 357 1
77 29 357 1
30 71 303 1
71 30 303 1
32 81 728 1
81 32 728 1
44 106 847 1
106 44 847 1
67 93 875 1
93 67 875 1
3 86 986 1
86 3 986 1
5 35 974 1
35 5 974 1
5 70 530 1
70 5 530 1
20 78 525 1
78 20 525 1
46 110 220 1
110 46 220 1
57 92 1242 1
92 57 1242 1
3 26 678 1
26 3 678 1
17 42 942 1
42 17 942 1
30 88 865 1
88 30 865 1
37 94 426 1
94 37 426 1
