116 2668
24 25 135 1
25 24 135 1
42 43 239 1
43 42 239 1
14 82 179 1
82 14 179 1
7 9 490 1
9 7 490 1
44 45 194 1
45 44 194 1
4 8 148 1
8 4 148 1
30 31 127 1
31 30 127 1
91 93 118 1
93 91 118 1
32 33 149 1
33 32 149 1
29 72 629 1
72 29 629 1
28 72 116 1
72 28 116 1
82 86 143 1
86 82 143 1
43 46 341 1
46 43 341 1
43 49 240 1
49 43 240 1
43 55 485 1
55 43 485 1
105 114 152 1
114 105 152 1
90 91 735 1
91 90 735 1
46 49 541 1
49 46 541 1
2 6 165 1
6 2 165 1
46 51 585 1
51 46 585 1
28 29 741 1
29 28 741 1
46 47 309 1
47 46 309 1
62 63 1134 1
63 62 1134 1
25 27 193 1
27 25 193 1
34 35 126 1
35 34 126 1
44 49 304 1
49 44 304 1
73 74 458 1
74 73 458 1
46 55 584 1
55 46 584 1
17 62 1129 1
62 17 1129 1
50 51 698 1
51 50 698 1
51 53 271 1
53 51 271 1
48 49 410 1
49 48 410 1
42 46 173 1
46 42 173 1
17 81 182 1
81 17 182 1
42 49 396 1
49 42 396 1
79 81 136 1
81 79 136 1
19 69 323 1
69 19 323 1
42 55 629 1
55 42 629 1
32 72 471 1
72 32 471 1
49 51 172 1
51 49 172 1
17 63 324 1
63 17 324 1
43 47 146 1
47 43 146 1
42 47 281 1
47 42 281 1
42 44 208 1
44 42 208 1
47 55 367 1
55 47 367 1
55 96 492 1
96 55 492 1
72 74 76 1
74 72 76 1
24 27 252 1
27 24 252 1
109 115 211 1
115 109 211 1
29 32 631 1
32 29 631 1
42 45 300 1
45 42 300 1
90 99 615 1
99 90 615 1
56 99 1051 1
99 56 1051 1
38 39 465 1
39 38 465 1
17 79 135 1
79 17 135 1
10 14 380 1
14 10 380 1
10 82 401 1
82 10 401 1
17 29 223 1
29 17 223 1
3 7 185 1
7 3 185 1
7 65 934 1
65 7 934 1
47 49 380 1
49 47 380 1
17 28 894 1
28 17 894 1
22 24 386 1
24 22 386 1
52 53 746 1
53 52 746 1
43 51 245 1
51 43 245 1
114 115 96 1
115 114 96 1
23 67 1077 1
67 23 1077 1
73 75 84 1
75 73 84 1
23 25 373 1
25 23 373 1
43 44 290 1
44 43 290 1
58 59 496 1
59 58 496 1
91 99 166 1
99 91 166 1
81 83 446 1
83 81 446 1
6 8 485 1
8 6 485 1
91 107 371 1
107 91 371 1
29 62 1067 1
62 29 1067 1
21 25 360 1
25 21 360 1
1 61 385 1
61 1 385 1
47 98 442 1
98 47 442 1
32 62 548 1
62 32 548 1
101 103 106 1
103 101 106 1
62 72 566 1
72 62 566 1
91 105 371 1
105 91 371 1
43 45 199 1
45 43 199 1
51 55 568 1
55 51 568 1
93 101 103 1
101 93 103 1
23 24 403 1
24 23 403 1
29 79 257 1
79 29 257 1
33 72 507 1
72 33 507 1
46 98 212 1
98 46 212 1
91 101 197 1
101 91 197 1
91 114 389 1
114 91 389 1
76 77 238 1
77 76 238 1
3 65 942 1
65 3 942 1
11 13 168 1
13 11 168 1
29 33 510 1
33 29 510 1
60 61 893 1
61 60 893 1
70 73 402 1
73 70 402 1
45 49 111 1
49 45 111 1
99 100 610 1
100 99 610 1
42 48 243 1
48 42 243 1
90 93 690 1
93 90 690 1
6 60 799 1
60 6 799 1
39 96 494 1
96 39 494 1
46 48 368 1
48 46 368 1
0 58 565 1
58 0 565 1
99 101 266 1
101 99 266 1
86 88 460 1
88 86 460 1
90 101 719 1
101 90 719 1
50 53 744 1
53 50 744 1
43 48 391 1
48 43 391 1
50 52 243 1
52 50 243 1
49 55 664 1
55 49 664 1
51 52 786 1
52 51 786 1
22 23 140 1
23 22 140 1
29 81 342 1
81 29 342 1
80 81 1113 1
81 80 1113 1
37 47 493 1
47 37 493 1
25 43 1261 1
43 25 1261 1
22 50 1336 1
50 22 1336 1
54 88 224 1
88 54 224 1
48 51 548 1
51 48 548 1
94 97 266 1
97 94 266 1
1 59 541 1
59 1 541 1
25 45 1358 1
45 25 1358 1
2 8 554 1
8 2 554 1
90 100 182 1
100 90 182 1
32 68 304 1
68 32 304 1
13 61 843 1
61 13 843 1
22 64 1169 1
64 22 1169 1
90 92 135 1
92 90 135 1
93 114 346 1
114 93 346 1
54 87 939 1
87 54 939 1
22 25 402 1
25 22 402 1
106 114 322 1
114 106 322 1
85 89 220 1
89 85 220 1
28 62 527 1
62 28 527 1
36 40 213 1
40 36 213 1
70 71 263 1
71 70 263 1
21 24 413 1
24 21 413 1
93 107 357 1
107 93 357 1
91 92 669 1
92 91 669 1
108 109 87 1
109 108 87 1
10 85 1188 1
85 10 1188 1
29 63 531 1
63 29 531 1
50 54 543 1
54 50 543 1
93 105 305 1
105 93 305 1
34 45 409 1
45 34 409 1
8 9 638 1
9 8 638 1
93 112 343 1
112 93 343 1
17 72 781 1
72 17 781 1
61 63 238 1
63 61 238 1
28 79 847 1
79 28 847 1
95 109 146 1
109 95 146 1
108 115 135 1
115 108 135 1
6 12 248 1
12 6 248 1
8 61 1371 1
61 8 1371 1
29 83 227 1
83 29 227 1
4 58 1292 1
58 4 1292 1
35 45 385 1
45 35 385 1
75 77 210 1
77 75 210 1
4 6 536 1
6 4 536 1
94 105 354 1
105 94 354 1
12 60 825 1
60 12 825 1
75 76 374 1
76 75 374 1
104 113 229 1
113 104 229 1
1 63 334 1
63 1 334 1
3 9 596 1
9 3 596 1
35 110 305 1
110 35 305 1
44 46 353 1
46 44 353 1
54 84 309 1
84 54 309 1
84 85 1130 1
85 84 1130 1
95 115 205 1
115 95 205 1
66 67 177 1
67 66 177 1
94 107 417 1
107 94 417 1
25 50 1404 1
50 25 1404 1
70 75 355 1
75 70 355 1
97 111 292 1
111 97 292 1
107 114 333 1
114 107 333 1
93 99 208 1
99 93 208 1
55 98 606 1
98 55 606 1
33 68 378 1
68 33 378 1
65 89 679 1
89 65 679 1
26 27 135 1
27 26 135 1
33 62 690 1
62 33 690 1
5 15 278 1
15 5 278 1
71 77 297 1
77 71 297 1
88 89 1035 1
89 88 1035 1
94 114 259 1
114 94 259 1
24 43 1300 1
43 24 1300 1
32 79 600 1
79 32 600 1
105 109 371 1
109 105 371 1
95 99 272 1
99 95 272 1
44 55 743 1
55 44 743 1
23 85 1053 1
85 23 1053 1
42 98 381 1
98 42 381 1
46 50 303 1
50 46 303 1
72 79 733 1
79 72 733 1
3 23 271 1
23 3 271 1
5 9 157 1
9 5 157 1
37 41 217 1
41 37 217 1
48 55 832 1
55 48 832 1
62 81 1169 1
81 62 1169 1
28 81 975 1
81 28 975 1
95 97 97 1
97 95 97 1
2 7 566 1
7 2 566 1
27 87 439 1
87 27 439 1
109 114 278 1
114 109 278 1
24 50 1395 1
50 24 1395 1
91 95 424 1
95 91 424 1
8 58 1298 1
58 8 1298 1
12 13 959 1
13 12 959 1
47 51 339 1
51 47 339 1
109 110 135 1
110 109 135 1
30 33 526 1
33 30 526 1
72 73 517 1
73 72 517 1
99 111 265 1
111 99 265 1
14 86 272 1
86 14 272 1
95 108 123 1
108 95 123 1
22 31 234 1
31 22 234 1
97 107 263 1
107 97 263 1
2 65 1144 1
65 2 1144 1
25 67 1191 1
67 25 1191 1
21 27 209 1
27 21 209 1
23 50 1386 1
50 23 1386 1
37 110 431 1
110 37 431 1
71 75 163 1
75 71 163 1
109 111 273 1
111 109 273 1
11 15 385 1
15 11 385 1
24 45 1393 1
45 24 1393 1
32 63 656 1
63 32 656 1
39 55 254 1
55 39 254 1
78 80 116 1
80 78 116 1
30 72 390 1
72 30 390 1
99 108 310 1
108 99 310 1
38 55 598 1
55 38 598 1
91 106 697 1
106 91 697 1
92 93 608 1
93 92 608 1
100 112 410 1
112 100 410 1
104 112 332 1
112 104 332 1
16 28 220 1
28 16 220 1
34 110 327 1
110 34 327 1
73 76 450 1
76 73 450 1
39 97 289 1
97 39 289 1
85 87 616 1
87 85 616 1
13 15 277 1
15 13 277 1
23 27 506 1
27 23 506 1
70 77 376 1
77 70 376 1
7 8 828 1
8 7 828 1
24 54 987 1
54 24 987 1
36 54 228 1
54 36 228 1
37 55 221 1
55 37 221 1
16 78 122 1
78 16 122 1
38 41 513 1
41 38 513 1
1 102 1288 1
102 1 1288 1
58 60 266 1
60 58 266 1
16 80 152 1
80 16 152 1
24 38 730 1
38 24 730 1
99 103 258 1
103 99 258 1
38 96 284 1
96 38 284 1
71 73 163 1
73 71 163 1
91 112 368 1
112 91 368 1
21 23 542 1
23 21 542 1
93 103 173 1
103 93 173 1
34 44 373 1
44 34 373 1
42 51 463 1
51 42 463 1
43 50 494 1
50 43 494 1
53 79 677 1
79 53 677 1
9 65 1235 1
65 9 1235 1
38 54 263 1
54 38 263 1
47 96 412 1
96 47 412 1
0 1 800 1
1 0 800 1
11 14 937 1
14 11 937 1
29 30 533 1
30 29 533 1
50 55 863 1
55 50 863 1
93 100 653 1
100 93 653 1
105 107 233 1
107 105 233 1
95 114 280 1
114 95 280 1
58 91 1077 1
91 58 1077 1
105 115 176 1
115 105 176 1
63 81 293 1
81 63 293 1
25 51 1371 1
51 25 1371 1
28 32 528 1
32 28 528 1
57 84 1116 1
84 57 1116 1
72 76 257 1
76 72 257 1
90 103 653 1
103 90 653 1
2 64 992 1
64 2 992 1
54 55 651 1
55 54 651 1
95 105 309 1
105 95 309 1
96 113 315 1
113 96 315 1
91 115 428 1
115 91 428 1
40 79 762 1
79 40 762 1
99 112 272 1
112 99 272 1
24 31 318 1
31 24 318 1
97 114 263 1
114 97 263 1
44 47 404 1
47 44 404 1
37 109 343 1
109 37 343 1
51 54 884 1
54 51 884 1
46 53 547 1
53 46 547 1
95 106 414 1
106 95 414 1
28 83 861 1
83 28 861 1
94 109 127 1
109 94 127 1
103 104 369 1
104 103 369 1
6 61 1132 1
61 6 1132 1
27 43 1124 1
43 27 1124 1
94 99 399 1
99 94 399 1
99 107 302 1
107 99 302 1
90 107 713 1
107 90 713 1
47 110 210 1
110 47 210 1
94 115 181 1
115 94 181 1
95 107 258 1
107 95 258 1
13 60 1245 1
60 13 1245 1
37 96 506 1
96 37 506 1
48 50 202 1
50 48 202 1
4 26 161 1
26 4 161 1
25 31 272 1
31 25 272 1
4 91 1276 1
91 4 1276 1
16 17 998 1
17 16 998 1
19 106 1134 1
106 19 1134 1
93 94 560 1
94 93 560 1
17 32 646 1
32 17 646 1
62 79 1049 1
79 62 1049 1
62 83 1241 1
83 62 1241 1
45 110 453 1
110 45 453 1
74 76 203 1
76 74 203 1
92 100 157 1
100 92 157 1
104 111 377 1
111 104 377 1
110 111 172 1
111 110 172 1
60 63 1021 1
63 60 1021 1
103 112 375 1
112 103 375 1
91 94 561 1
94 91 561 1
22 88 1044 1
88 22 1044 1
39 40 508 1
40 39 508 1
90 94 414 1
94 90 414 1
2 4 569 1
4 2 569 1
24 51 1429 1
51 24 1429 1
27 45 1240 1
45 27 1240 1
36 38 122 1
38 36 122 1
69 106 1139 1
106 69 1139 1
82 85 1121 1
85 82 1121 1
90 105 516 1
105 90 516 1
102 104 159 1
104 102 159 1
5 7 538 1
7 5 538 1
35 44 409 1
44 35 409 1
37 115 443 1
115 37 443 1
38 87 730 1
87 38 730 1
36 98 402 1
98 36 402 1
44 48 114 1
48 44 114 1
91 109 486 1
109 91 486 1
94 95 213 1
95 94 213 1
18 64 805 1
64 18 805 1
37 38 515 1
38 37 515 1
77 110 393 1
110 77 393 1
91 108 473 1
108 91 473 1
92 101 634 1
101 92 634 1
101 107 310 1
107 101 310 1
63 76 747 1
76 63 747 1
90 95 589 1
95 90 589 1
91 100 719 1
100 91 719 1
97 115 218 1
115 97 218 1
36 51 908 1
51 36 908 1
105 106 359 1
106 105 359 1
52 54 402 1
54 52 402 1
33 79 486 1
79 33 486 1
22 43 1259 1
43 22 1259 1
25 42 1319 1
42 25 1319 1
92 95 594 1
95 92 594 1
99 109 321 1
109 99 321 1
28 30 436 1
30 28 436 1
37 113 578 1
113 37 578 1
19 90 1212 1
90 19 1212 1
22 45 1298 1
45 22 1298 1
36 53 880 1
53 36 880 1
42 50 271 1
50 42 271 1
79 83 420 1
83 79 420 1
17 80 1070 1
80 17 1070 1
27 38 594 1
38 27 594 1
28 33 585 1
33 28 585 1
29 73 113 1
73 29 113 1
46 74 677 1
74 46 677 1
10 12 181 1
12 10 181 1
87 88 1035 1
88 87 1035 1
90 97 593 1
97 90 593 1
54 85 906 1
85 54 906 1
87 89 476 1
89 87 476 1
3 25 566 1
25 3 566 1
16 72 287 1
72 16 287 1
29 76 555 1
76 29 555 1
39 94 407 1
94 39 407 1
43 96 503 1
96 43 503 1
90 112 377 1
112 90 377 1
91 97 336 1
97 91 336 1
26 91 1131 1
91 26 1131 1
2 66 917 1
66 2 917 1
4 90 1167 1
90 4 1167 1
69 114 1057 1
114 69 1057 1
90 106 378 1
106 90 378 1
100 101 656 1
101 100 656 1
19 105 1190 1
105 19 1190 1
54 89 853 1
89 54 853 1
97 99 180 1
99 97 180 1
49 98 742 1
98 49 742 1
62 68 629 1
68 62 629 1
23 64 1238 1
64 23 1238 1
72 81 860 1
81 72 860 1
92 99 572 1
99 92 572 1
11 12 972 1
12 11 972 1
27 42 1179 1
42 27 1179 1
27 54 856 1
54 27 856 1
32 81 728 1
81 32 728 1
48 98 566 1
98 48 566 1
65 85 476 1
85 65 476 1
36 44 727 1
44 36 727 1
92 112 325 1
112 92 325 1
22 54 1063 1
54 22 1063 1
37 98 666 1
98 37 666 1
3 22 347 1
22 3 347 1
28 78 272 1
78 28 272 1
54 86 568 1
86 54 568 1
19 91 1171 1
91 19 1171 1
22 44 1293 1
44 22 1293 1
27 67 1105 1
67 27 1105 1
47 48 490 1
48 47 490 1
98 111 265 1
111 98 265 1
22 42 1301 1
42 22 1301 1
24 34 1021 1
34 24 1021 1
24 55 1018 1
55 24 1018 1
10 86 544 1
86 10 544 1
25 55 952 1
55 25 952 1
58 90 890 1
90 58 890 1
25 44 1369 1
44 25 1369 1
28 73 629 1
73 28 629 1
29 74 571 1
74 29 571 1
58 61 717 1
61 58 717 1
12 14 278 1
14 12 278 1
23 89 1070 1
89 23 1070 1
57 69 378 1
69 57 378 1
23 54 1116 1
54 23 1116 1
28 53 1155 1
53 28 1155 1
85 86 1120 1
86 85 1120 1
97 105 299 1
105 97 299 1
101 112 405 1
112 101 405 1
15 65 1052 1
65 15 1052 1
21 71 214 1
71 21 214 1
22 30 218 1
30 22 218 1
43 98 522 1
98 43 522 1
58 99 956 1
99 58 956 1
80 83 1100 1
83 80 1100 1
23 84 1113 1
84 23 1113 1
17 83 381 1
83 17 381 1
40 72 200 1
72 40 200 1
91 103 258 1
103 91 258 1
14 65 1320 1
65 14 1320 1
28 74 188 1
74 28 188 1
104 110 417 1
110 104 417 1
44 51 440 1
51 44 440 1
26 66 1142 1
66 26 1142 1
33 81 613 1
81 33 613 1
54 57 1038 1
57 54 1038 1
72 83 754 1
83 72 754 1
8 59 1427 1
59 8 1427 1
10 84 516 1
84 10 516 1
25 54 1008 1
54 25 1008 1
28 40 248 1
40 28 248 1
32 76 341 1
76 32 341 1
107 115 298 1
115 107 298 1
21 43 915 1
43 21 915 1
23 86 866 1
86 23 866 1
37 46 651 1
46 37 651 1
50 84 554 1
84 50 554 1
34 67 275 1
67 34 275 1
84 88 224 1
88 84 224 1
90 114 392 1
114 90 392 1
93 115 401 1
115 93 401 1
21 55 604 1
55 21 604 1
37 43 584 1
43 37 584 1
61 65 175 1
65 61 175 1
61 100 1241 1
100 61 1241 1
84 87 1148 1
87 84 1148 1
95 111 347 1
111 95 347 1
97 104 399 1
104 97 399 1
111 115 269 1
115 111 269 1
58 107 1147 1
107 58 1147 1
93 109 510 1
109 93 510 1
2 67 952 1
67 2 952 1
36 41 570 1
41 36 570 1
37 53 629 1
53 37 629 1
51 98 763 1
98 51 763 1
99 115 285 1
115 99 285 1
17 53 802 1
53 17 802 1
44 98 563 1
98 44 563 1
47 113 338 1
113 47 338 1
25 34 1006 1
34 25 1006 1
56 68 408 1
68 56 408 1
63 68 745 1
68 63 745 1
74 75 389 1
75 74 389 1
98 99 479 1
99 98 479 1
11 71 374 1
71 11 374 1
21 86 520 1
86 21 520 1
73 77 274 1
77 73 274 1
45 47 345 1
47 45 345 1
106 115 278 1
115 106 278 1
8 14 205 1
14 8 205 1
17 33 512 1
33 17 512 1
29 40 655 1
40 29 655 1
33 63 547 1
63 33 547 1
57 81 488 1
81 57 488 1
67 105 903 1
105 67 903 1
94 108 97 1
108 94 97 1
15 89 653 1
89 15 653 1
22 38 846 1
38 22 846 1
56 80 431 1
80 56 431 1
94 96 89 1
96 94 89 1
28 63 1049 1
63 28 1049 1
38 40 158 1
40 38 158 1
39 100 771 1
100 39 771 1
0 99 1111 1
99 0 1111 1
24 35 1010 1
35 24 1010 1
27 55 790 1
55 27 790 1
56 90 896 1
90 56 896 1
32 83 847 1
83 32 847 1
59 102 1214 1
102 59 1214 1
68 83 1108 1
83 68 1108 1
94 100 422 1
100 94 422 1
93 106 650 1
106 93 650 1
107 112 482 1
112 107 482 1
23 31 199 1
31 23 199 1
36 46 482 1
46 36 482 1
40 81 874 1
81 40 874 1
42 96 429 1
96 42 429 1
57 80 1050 1
80 57 1050 1
29 53 887 1
53 29 887 1
67 85 682 1
85 67 682 1
94 104 298 1
104 94 298 1
108 111 286 1
111 108 286 1
37 104 610 1
104 37 610 1
101 111 463 1
111 101 463 1
25 38 749 1
38 25 749 1
61 90 1156 1
90 61 1156 1
16 62 313 1
62 16 313 1
97 108 170 1
108 97 170 1
69 81 801 1
81 69 801 1
69 105 1158 1
105 69 1158 1
110 113 304 1
113 110 304 1
0 59 847 1
59 0 847 1
10 23 699 1
23 10 699 1
15 61 998 1
61 15 998 1
24 96 985 1
96 24 985 1
77 104 668 1
104 77 668 1
1 58 829 1
58 1 829 1
24 44 1385 1
44 24 1385 1
94 106 271 1
106 94 271 1
101 104 464 1
104 101 464 1
3 89 961 1
89 3 961 1
11 82 992 1
82 11 992 1
44 110 439 1
110 44 439 1
97 113 312 1
113 97 312 1
100 107 640 1
107 100 640 1
0 112 1084 1
112 0 1084 1
36 74 242 1
74 36 242 1
49 74 960 1
74 49 960 1
63 72 944 1
72 63 944 1
4 9 500 1
9 4 500 1
19 114 1115 1
114 19 1115 1
46 96 270 1
96 46 270 1
47 111 188 1
111 47 188 1
108 114 218 1
114 108 218 1
1 13 546 1
13 1 546 1
4 61 1291 1
61 4 1291 1
13 14 902 1
14 13 902 1
21 113 840 1
113 21 840 1
24 30 283 1
30 24 283 1
75 103 753 1
103 75 753 1
4 59 1372 1
59 4 1372 1
21 22 558 1
22 21 558 1
27 88 863 1
88 27 863 1
6 7 710 1
7 6 710 1
24 67 1223 1
67 24 1223 1
40 41 506 1
41 40 506 1
40 46 685 1
46 40 685 1
41 110 601 1
110 41 601 1
49 50 585 1
50 49 585 1
10 89 1185 1
89 10 1185 1
102 111 440 1
111 102 440 1
41 53 839 1
53 41 839 1
76 110 394 1
110 76 394 1
4 60 1138 1
60 4 1138 1
29 68 883 1
68 29 883 1
48 59 599 1
59 48 599 1
93 104 478 1
104 93 478 1
19 107 1100 1
107 19 1100 1
25 87 575 1
87 25 575 1
61 92 1185 1
92 61 1185 1
101 109 540 1
109 101 540 1
102 112 391 1
112 102 391 1
104 109 377 1
109 104 377 1
111 112 111 1
112 111 111 1
22 27 524 1
27 22 524 1
68 72 754 1
72 68 754 1
2 9 760 1
9 2 760 1
2 60 843 1
60 2 843 1
24 42 1334 1
42 24 1334 1
29 80 961 1
80 29 961 1
61 99 773 1
99 61 773 1
75 101 807 1
101 75 807 1
84 86 610 1
86 84 610 1
11 61 675 1
61 11 675 1
34 50 475 1
50 34 475 1
39 47 551 1
47 39 551 1
11 28 875 1
28 11 875 1
22 51 1360 1
51 22 1360 1
26 59 1291 1
59 26 1291 1
34 41 686 1
41 34 686 1
47 53 268 1
53 47 268 1
24 87 679 1
87 24 679 1
36 55 626 1
55 36 626 1
43 54 646 1
54 43 646 1
23 45 1302 1
45 23 1302 1
53 62 1123 1
62 53 1123 1
83 108 716 1
108 83 716 1
86 89 1016 1
89 86 1016 1
21 50 1091 1
50 21 1091 1
23 87 803 1
87 23 803 1
45 46 448 1
46 45 448 1
45 67 282 1
67 45 282 1
58 95 897 1
95 58 897 1
97 100 590 1
100 97 590 1
6 58 957 1
58 6 957 1
23 88 1119 1
88 23 1119 1
28 80 329 1
80 28 329 1
55 113 437 1
113 55 437 1
0 61 943 1
61 0 943 1
36 39 517 1
39 36 517 1
56 58 427 1
58 56 427 1
63 83 697 1
83 63 697 1
45 55 662 1
55 45 662 1
94 101 576 1
101 94 576 1
1 8 1115 1
8 1 1115 1
40 83 731 1
83 40 731 1
90 108 470 1
108 90 470 1
101 108 495 1
108 101 495 1
1 90 1264 1
90 1 1264 1
26 58 1249 1
58 26 1249 1
44 50 287 1
50 44 287 1
72 78 300 1
78 72 300 1
102 103 508 1
103 102 508 1
62 76 527 1
76 62 527 1
92 104 310 1
104 92 310 1
46 79 801 1
79 46 801 1
58 106 1039 1
106 58 1039 1
108 110 194 1
110 108 194 1
8 65 1425 1
65 8 1425 1
36 50 658 1
50 36 658 1
36 37 542 1
37 36 542 1
61 112 910 1
112 61 910 1
101 102 595 1
102 101 595 1
103 113 295 1
113 103 295 1
105 108 296 1
108 105 296 1
30 71 303 1
71 30 303 1
33 83 733 1
83 33 733 1
36 49 877 1
49 36 877 1
40 47 783 1
47 40 783 1
53 55 448 1
55 53 448 1
69 83 1050 1
83 69 1050 1
76 99 626 1
99 76 626 1
83 90 1178 1
90 83 1178 1
62 80 268 1
80 62 268 1
68 99 1044 1
99 68 1044 1
74 110 560 1
110 74 560 1
99 104 430 1
104 99 430 1
8 60 1121 1
60 8 1121 1
34 49 481 1
49 34 481 1
56 87 1244 1
87 56 1244 1
72 110 621 1
110 72 621 1
96 98 184 1
98 96 184 1
4 107 958 1
107 4 958 1
59 76 776 1
76 59 776 1
99 105 287 1
105 99 287 1
39 95 233 1
95 39 233 1
60 91 1127 1
91 60 1127 1
64 88 675 1
88 64 675 1
76 111 559 1
111 76 559 1
10 64 755 1
64 10 755 1
27 89 807 1
89 27 807 1
30 46 1051 1
46 30 1051 1
69 80 866 1
80 69 866 1
79 80 991 1
80 79 991 1
93 108 478 1
108 93 478 1
13 89 713 1
89 13 713 1
15 39 506 1
39 15 506 1
17 68 840 1
68 17 840 1
25 96 984 1
96 25 984 1
27 85 894 1
85 27 894 1
30 32 574 1
32 30 574 1
76 98 527 1
98 76 527 1
91 111 390 1
111 91 390 1
93 95 447 1
95 93 447 1
17 78 955 1
78 17 955 1
26 87 560 1
87 26 560 1
29 77 357 1
77 29 357 1
52 57 1117 1
57 52 1117 1
9 61 1165 1
61 9 1165 1
38 47 654 1
47 38 654 1
86 87 805 1
87 86 805 1
51 74 987 1
74 51 987 1
68 69 164 1
69 68 164 1
1 76 689 1
76 1 689 1
40 74 182 1
74 40 182 1
63 80 1146 1
80 63 1146 1
1 77 531 1
77 1 531 1
4 95 869 1
95 4 869 1
19 57 426 1
57 19 426 1
29 75 189 1
75 29 189 1
32 74 456 1
74 32 456 1
30 110 901 1
110 30 901 1
57 79 431 1
79 57 431 1
96 110 214 1
110 96 214 1
22 55 1091 1
55 22 1091 1
0 102 1108 1
102 0 1108 1
27 96 825 1
96 27 825 1
38 108 316 1
108 38 316 1
44 74 853 1
74 44 853 1
46 52 244 1
52 46 244 1
91 104 542 1
104 91 542 1
23 105 1262 1
105 23 1262 1
37 50 906 1
50 37 906 1
96 97 322 1
97 96 322 1
100 104 240 1
104 100 240 1
10 22 580 1
22 10 580 1
96 109 176 1
109 96 176 1
82 88 444 1
88 82 444 1
97 98 437 1
98 97 437 1
101 105 274 1
105 101 274 1
101 115 407 1
115 101 407 1
21 51 1039 1
51 21 1039 1
26 90 1088 1
90 26 1088 1
36 45 799 1
45 36 799 1
37 51 673 1
51 37 673 1
44 54 668 1
54 44 668 1
53 72 1064 1
72 53 1064 1
0 56 174 1
56 0 174 1
4 7 733 1
7 4 733 1
12 58 1025 1
58 12 1025 1
37 39 117 1
39 37 117 1
56 60 232 1
60 56 232 1
3 24 623 1
24 3 623 1
21 87 397 1
87 21 397 1
38 43 745 1
43 38 745 1
39 108 341 1
108 39 341 1
42 54 525 1
54 42 525 1
53 54 818 1
54 53 818 1
3 67 879 1
67 3 879 1
17 76 648 1
76 17 648 1
47 74 751 1
74 47 751 1
50 67 562 1
67 50 562 1
76 103 780 1
103 76 780 1
99 102 560 1
102 99 560 1
1 19 351 1
19 1 351 1
25 49 1387 1
49 25 1387 1
26 67 1128 1
67 26 1128 1
37 40 562 1
40 37 562 1
8 12 346 1
12 8 346 1
12 61 1246 1
61 12 1246 1
22 49 1332 1
49 22 1332 1
25 30 292 1
30 25 292 1
92 107 674 1
107 92 674 1
96 111 286 1
111 96 286 1
1 68 549 1
68 1 549 1
7 61 813 1
61 7 813 1
12 89 1220 1
89 12 1220 1
26 97 829 1
97 26 829 1
37 42 712 1
42 37 712 1
92 94 455 1
94 92 455 1
3 5 603 1
5 3 603 1
31 71 265 1
71 31 265 1
5 92 1324 1
92 5 1324 1
6 13 864 1
13 6 864 1
38 44 815 1
44 38 815 1
104 107 401 1
107 104 401 1
3 21 582 1
21 3 582 1
5 27 165 1
27 5 165 1
10 88 586 1
88 10 586 1
69 90 1119 1
90 69 1119 1
5 65 1232 1
65 5 1232 1
64 67 549 1
67 64 549 1
98 113 276 1
113 98 276 1
106 112 479 1
112 106 479 1
112 113 116 1
113 112 116 1
7 92 1445 1
92 7 1445 1
25 85 1018 1
85 25 1018 1
38 113 550 1
113 38 550 1
46 73 842 1
73 46 842 1
95 100 576 1
100 95 576 1
4 5 350 1
5 4 350 1
6 64 941 1
64 6 941 1
23 43 1259 1
43 23 1259 1
56 94 768 1
94 56 768 1
58 89 1156 1
89 58 1156 1
60 90 787 1
90 60 787 1
76 101 848 1
101 76 848 1
104 105 204 1
105 104 204 1
37 103 537 1
103 37 537 1
3 43 1099 1
43 3 1099 1
23 38 892 1
38 23 892 1
46 72 723 1
72 46 723 1
96 104 297 1
104 96 297 1
4 99 1138 1
99 4 1138 1
8 95 956 1
95 8 956 1
37 54 645 1
54 37 645 1
48 54 669 1
54 48 669 1
64 93 1076 1
93 64 1076 1
0 76 525 1
76 0 525 1
21 82 511 1
82 21 511 1
30 62 878 1
62 30 878 1
31 50 1246 1
50 31 1246 1
50 64 302 1
64 50 302 1
69 91 1081 1
91 69 1081 1
100 111 457 1
111 100 457 1
103 110 496 1
110 103 496 1
13 63 653 1
63 13 653 1
68 81 913 1
81 68 913 1
16 29 882 1
29 16 882 1
39 111 575 1
111 39 575 1
94 111 316 1
111 94 316 1
106 107 486 1
107 106 486 1
22 67 1070 1
67 22 1070 1
40 53 1023 1
53 40 1023 1
47 115 383 1
115 47 383 1
54 96 167 1
96 54 167 1
56 100 1019 1
100 56 1019 1
95 112 395 1
112 95 395 1
75 104 746 1
104 75 746 1
27 113 1016 1
113 27 1016 1
47 109 317 1
109 47 317 1
68 98 994 1
98 68 994 1
100 106 280 1
106 100 280 1
1 75 562 1
75 1 562 1
40 96 436 1
96 40 436 1
1 100 1327 1
100 1 1327 1
72 75 453 1
75 72 453 1
93 97 371 1
97 93 371 1
103 109 477 1
109 103 477 1
0 4 861 1
4 0 861 1
0 60 405 1
60 0 405 1
0 90 1005 1
90 0 1005 1
8 106 905 1
106 8 905 1
14 85 1160 1
85 14 1160 1
19 95 883 1
95 19 883 1
21 31 344 1
31 21 344 1
26 114 936 1
114 26 936 1
75 110 565 1
110 75 565 1
97 109 174 1
109 97 174 1
6 14 476 1
14 6 476 1
6 91 1386 1
91 6 1386 1
24 113 1216 1
113 24 1216 1
10 11 986 1
11 10 986 1
30 73 455 1
73 30 455 1
58 112 884 1
112 58 884 1
4 12 434 1
12 4 434 1
19 100 1295 1
100 19 1295 1
21 96 648 1
96 21 648 1
30 79 725 1
79 30 725 1
53 81 650 1
81 53 650 1
4 19 922 1
19 4 922 1
20 31 387 1
31 20 387 1
40 97 584 1
97 40 584 1
48 52 415 1
52 48 415 1
71 110 676 1
110 71 676 1
82 84 544 1
84 82 544 1
104 114 171 1
114 104 171 1
4 106 861 1
106 4 861 1
8 91 1373 1
91 8 1373 1
14 61 1285 1
61 14 1285 1
24 52 1359 1
52 24 1359 1
25 71 434 1
71 25 434 1
70 76 285 1
76 70 285 1
103 107 239 1
107 103 239 1
19 68 313 1
68 19 313 1
25 35 978 1
35 25 978 1
30 74 403 1
74 30 403 1
39 115 411 1
115 39 411 1
41 103 653 1
103 41 653 1
65 82 1280 1
82 65 1280 1
7 11 254 1
11 7 254 1
12 106 877 1
106 12 877 1
24 85 1108 1
85 24 1108 1
34 43 397 1
43 34 397 1
41 75 187 1
75 41 187 1
53 83 977 1
83 53 977 1
53 98 671 1
98 53 671 1
63 111 831 1
111 63 831 1
95 101 458 1
101 95 458 1
0 75 786 1
75 0 786 1
19 83 893 1
83 19 893 1
82 89 1043 1
89 82 1043 1
3 27 634 1
27 3 634 1
6 65 1218 1
65 6 1218 1
24 88 947 1
88 24 947 1
77 102 773 1
102 77 773 1
99 110 299 1
110 99 299 1
4 93 1288 1
93 4 1288 1
5 11 579 1
11 5 579 1
52 79 1040 1
79 52 1040 1
56 95 883 1
95 56 883 1
6 19 593 1
19 6 593 1
14 89 1093 1
89 14 1093 1
19 60 706 1
60 19 706 1
20 30 328 1
30 20 328 1
45 50 474 1
50 45 474 1
77 113 641 1
113 77 641 1
99 114 265 1
114 99 265 1
27 50 1279 1
50 27 1279 1
30 44 1163 1
44 30 1163 1
41 54 714 1
54 41 714 1
55 87 559 1
87 55 559 1
60 93 1168 1
93 60 1168 1
68 76 626 1
76 68 626 1
16 63 1092 1
63 16 1092 1
34 36 459 1
36 34 459 1
72 80 384 1
80 72 384 1
83 91 835 1
91 83 835 1
92 114 349 1
114 92 349 1
6 18 473 1
18 6 473 1
31 33 517 1
33 31 517 1
51 96 733 1
96 51 733 1
60 107 1124 1
107 60 1124 1
60 112 882 1
112 60 882 1
9 92 1428 1
92 9 1428 1
37 108 355 1
108 37 355 1
84 89 1110 1
89 84 1110 1
37 77 246 1
77 37 246 1
46 110 220 1
110 46 220 1
51 73 868 1
73 51 868 1
63 103 934 1
103 63 934 1
74 78 322 1
78 74 322 1
101 114 359 1
114 101 359 1
3 15 589 1
15 3 589 1
10 16 218 1
16 10 218 1
16 81 1063 1
81 16 1063 1
30 53 1265 1
53 30 1265 1
37 114 513 1
114 37 513 1
21 104 765 1
104 21 765 1
24 53 1427 1
53 24 1427 1
27 34 903 1
34 27 903 1
35 41 612 1
41 35 612 1
41 83 252 1
83 41 252 1
67 109 581 1
109 67 581 1
100 103 576 1
103 100 576 1
22 86 800 1
86 22 800 1
25 113 1193 1
113 25 1193 1
45 51 254 1
51 45 254 1
69 93 1169 1
93 69 1169 1
98 110 300 1
110 98 300 1
27 86 519 1
86 27 519 1
37 71 401 1
71 37 401 1
40 49 1047 1
49 40 1047 1
90 98 163 1
98 90 163 1
7 15 461 1
15 7 461 1
28 82 255 1
82 28 255 1
35 88 741 1
88 35 741 1
41 79 379 1
79 41 379 1
73 79 296 1
79 73 296 1
92 106 400 1
106 92 400 1
100 102 87 1
102 100 87 1
8 92 1269 1
92 8 1269 1
21 89 648 1
89 21 648 1
57 89 760 1
89 57 760 1
85 88 1097 1
88 85 1097 1
11 65 770 1
65 11 770 1
23 65 1169 1
65 23 1169 1
37 44 792 1
44 37 792 1
39 113 565 1
113 39 565 1
41 102 822 1
102 41 822 1
56 101 1297 1
101 56 1297 1
90 104 351 1
104 90 351 1
97 101 398 1
101 97 398 1
7 89 868 1
89 7 868 1
43 113 467 1
113 43 467 1
90 115 420 1
115 90 420 1
32 73 550 1
73 32 550 1
34 37 540 1
37 34 540 1
97 112 339 1
112 97 339 1
107 109 392 1
109 107 392 1
8 107 1063 1
107 8 1063 1
14 28 286 1
28 14 286 1
41 87 263 1
87 41 263 1
58 100 1047 1
100 58 1047 1
77 111 559 1
111 77 559 1
40 98 586 1
98 40 586 1
45 98 655 1
98 45 655 1
47 104 532 1
104 47 532 1
3 31 315 1
31 3 315 1
11 70 629 1
70 11 629 1
11 75 388 1
75 11 388 1
19 81 772 1
81 19 772 1
45 54 766 1
54 45 766 1
53 73 880 1
73 53 880 1
63 79 303 1
79 63 303 1
18 112 1158 1
112 18 1158 1
23 51 1340 1
51 23 1340 1
23 82 788 1
82 23 788 1
63 99 719 1
99 63 719 1
77 103 704 1
103 77 704 1
94 113 328 1
113 94 328 1
101 110 541 1
110 101 541 1
22 34 922 1
34 22 922 1
26 105 921 1
105 26 921 1
38 42 697 1
42 38 697 1
8 100 1159 1
100 8 1159 1
21 45 1031 1
45 21 1031 1
30 40 513 1
40 30 513 1
58 93 1138 1
93 58 1138 1
69 84 944 1
84 69 944 1
94 112 366 1
112 94 366 1
28 46 774 1
46 28 774 1
38 46 544 1
46 38 544 1
61 102 1213 1
102 61 1213 1
3 85 893 1
85 3 893 1
30 35 784 1
35 30 784 1
68 111 952 1
111 68 952 1
99 106 562 1
106 99 562 1
3 42 1195 1
42 3 1195 1
21 42 978 1
42 21 978 1
24 49 1432 1
49 24 1432 1
38 110 451 1
110 38 451 1
39 90 806 1
90 39 806 1
4 100 1129 1
100 4 1129 1
22 46 1224 1
46 22 1224 1
31 82 641 1
82 31 641 1
37 101 579 1
101 37 579 1
39 99 432 1
99 39 432 1
87 108 698 1
108 87 698 1
37 87 433 1
87 37 433 1
38 53 897 1
53 38 897 1
47 97 280 1
97 47 280 1
53 74 995 1
74 53 995 1
56 91 1205 1
91 56 1205 1
90 111 396 1
111 90 396 1
112 114 196 1
114 112 196 1
5 8 493 1
8 5 493 1
12 15 906 1
15 12 906 1
26 93 1144 1
93 26 1144 1
49 78 930 1
78 49 930 1
102 113 317 1
113 102 317 1
8 19 957 1
19 8 957 1
29 111 842 1
111 29 842 1
59 111 815 1
111 59 815 1
106 109 391 1
109 106 391 1
3 50 1273 1
50 3 1273 1
21 38 458 1
38 21 458 1
27 44 1251 1
44 27 1251 1
32 111 773 1
111 32 773 1
38 45 872 1
45 38 872 1
51 113 663 1
113 51 663 1
64 84 478 1
84 64 478 1
65 67 361 1
67 65 361 1
75 112 790 1
112 75 790 1
102 108 413 1
108 102 413 1
6 10 299 1
10 6 299 1
35 38 574 1
38 35 574 1
39 114 488 1
114 39 488 1
57 85 575 1
85 57 575 1
76 79 567 1
79 76 567 1
105 112 319 1
112 105 319 1
108 112 335 1
112 108 335 1
0 8 829 1
8 0 829 1
15 38 793 1
38 15 793 1
16 82 421 1
82 16 421 1
17 40 824 1
40 17 824 1
33 35 375 1
35 33 375 1
39 41 161 1
41 39 161 1
43 110 298 1
110 43 298 1
104 108 301 1
108 104 301 1
0 6 417 1
6 0 417 1
1 4 1035 1
4 1 1035 1
5 13 461 1
13 5 461 1
16 84 311 1
84 16 311 1
19 93 1252 1
93 19 1252 1
20 21 185 1
21 20 185 1
36 84 341 1
84 36 341 1
37 111 552 1
111 37 552 1
41 108 476 1
108 41 476 1
56 61 920 1
61 56 920 1
96 108 167 1
108 96 167 1
4 97 964 1
97 4 964 1
24 36 774 1
36 24 774 1
33 53 922 1
53 33 922 1
38 88 311 1
88 38 311 1
40 73 549 1
73 40 549 1
49 54 854 1
54 49 854 1
49 73 903 1
73 49 903 1
53 113 487 1
113 53 487 1
64 65 897 1
65 64 897 1
10 18 609 1
18 10 609 1
36 42 628 1
42 36 628 1
40 44 926 1
44 40 926 1
40 110 582 1
110 40 582 1
45 48 304 1
48 45 304 1
46 78 577 1
78 46 577 1
49 96 720 1
96 49 720 1
52 55 814 1
55 52 814 1
62 66 562 1
66 62 562 1
68 79 805 1
79 68 805 1
21 49 1063 1
49 21 1063 1
27 35 871 1
35 27 871 1
80 115 707 1
115 80 707 1
103 105 173 1
105 103 173 1
103 111 432 1
111 103 432 1
19 63 644 1
63 19 644 1
19 84 968 1
84 19 968 1
30 77 559 1
77 30 559 1
35 67 262 1
67 35 262 1
40 80 433 1
80 40 433 1
41 77 345 1
77 41 345 1
60 103 1182 1
103 60 1182 1
98 109 329 1
109 98 329 1
25 46 1214 1
46 25 1214 1
32 77 383 1
77 32 383 1
38 109 342 1
109 38 342 1
68 90 1109 1
90 68 1109 1
70 74 155 1
74 70 155 1
11 63 488 1
63 11 488 1
37 102 749 1
102 37 749 1
4 114 1058 1
114 4 1058 1
22 35 922 1
35 22 922 1
45 87 1158 1
87 45 1158 1
49 53 406 1
53 49 406 1
60 106 915 1
106 60 915 1
92 105 456 1
105 92 456 1
16 56 380 1
56 16 380 1
27 37 597 1
37 27 597 1
35 36 502 1
36 35 502 1
40 55 690 1
55 40 690 1
40 115 529 1
115 40 529 1
41 70 482 1
70 41 482 1
43 74 810 1
74 43 810 1
51 79 637 1
79 51 637 1
53 84 1054 1
84 53 1054 1
112 115 269 1
115 112 269 1
1 99 923 1
99 1 923 1
27 65 1171 1
65 27 1171 1
32 40 629 1
40 32 629 1
34 42 401 1
42 34 401 1
60 99 983 1
99 60 983 1
62 73 961 1
73 62 961 1
96 115 214 1
115 96 214 1
98 115 287 1
115 98 287 1
12 82 376 1
82 12 376 1
15 24 514 1
24 15 514 1
26 107 808 1
107 26 808 1
35 103 749 1
103 35 749 1
75 102 865 1
102 75 865 1
80 106 591 1
106 80 591 1
83 95 609 1
95 83 609 1
90 109 492 1
109 90 492 1
4 92 1237 1
92 4 1237 1
6 93 1425 1
93 6 1425 1
18 20 736 1
20 18 736 1
18 70 528 1
70 18 528 1
19 62 792 1
62 19 792 1
25 37 745 1
37 25 745 1
36 47 622 1
47 36 622 1
39 87 370 1
87 39 370 1
58 102 1067 1
102 58 1067 1
77 92 835 1
92 77 835 1
87 96 843 1
96 87 843 1
2 12 394 1
12 2 394 1
3 86 986 1
86 3 986 1
26 108 761 1
108 26 761 1
30 50 1195 1
50 30 1195 1
34 52 574 1
52 34 574 1
36 72 276 1
72 36 276 1
38 50 753 1
50 38 753 1
64 85 1107 1
85 64 1107 1
1 92 1314 1
92 1 1314 1
2 58 959 1
58 2 959 1
3 51 1145 1
51 3 1145 1
12 88 689 1
88 12 689 1
28 76 345 1
76 28 345 1
57 64 941 1
64 57 941 1
0 12 517 1
12 0 517 1
0 70 525 1
70 0 525 1
15 88 1097 1
88 15 1097 1
20 26 232 1
26 20 232 1
46 113 335 1
113 46 335 1
56 98 821 1
98 56 821 1
92 115 404 1
115 92 404 1
102 107 560 1
107 102 560 1
1 7 452 1
7 1 452 1
9 15 219 1
15 9 219 1
29 110 702 1
110 29 702 1
80 84 162 1
84 80 162 1
108 113 292 1
113 108 292 1
4 101 1261 1
101 4 1261 1
25 86 638 1
86 25 638 1
28 75 567 1
75 28 567 1
29 46 914 1
46 29 914 1
36 78 263 1
78 36 263 1
39 109 356 1
109 39 356 1
49 110 518 1
110 49 518 1
50 96 527 1
96 50 527 1
92 97 585 1
97 92 585 1
98 103 555 1
103 98 555 1
1 11 394 1
11 1 394 1
3 87 809 1
87 3 809 1
37 97 271 1
97 37 271 1
63 112 915 1
112 63 915 1
77 101 754 1
101 77 754 1
100 114 352 1
114 100 352 1
15 22 650 1
22 15 650 1
71 113 890 1
113 71 890 1
83 93 883 1
93 83 883 1
90 102 246 1
102 90 246 1
24 37 815 1
37 24 815 1
39 54 618 1
54 39 618 1
39 88 762 1
88 39 762 1
58 92 982 1
92 58 982 1
59 66 363 1
66 59 363 1
61 103 1017 1
103 61 1017 1
67 114 792 1
114 67 792 1
79 98 871 1
98 79 871 1
104 115 184 1
115 104 184 1
1 12 1022 1
12 1 1022 1
4 105 1055 1
105 4 1055 1
16 74 335 1
74 16 335 1
6 107 1177 1
107 6 1177 1
8 99 1228 1
99 8 1228 1
32 66 416 1
66 32 416 1
40 51 1061 1
51 40 1061 1
43 52 553 1
52 43 553 1
45 113 652 1
113 45 652 1
92 108 488 1
108 92 488 1
110 115 264 1
115 110 264 1
17 30 703 1
30 17 703 1
31 64 1128 1
64 31 1128 1
33 40 654 1
40 33 654 1
38 115 384 1
115 38 384 1
41 71 317 1
71 41 317 1
71 74 359 1
74 71 359 1
89 92 938 1
92 89 938 1
36 79 738 1
79 36 738 1
39 93 576 1
93 39 576 1
62 69 736 1
69 62 736 1
100 108 467 1
108 100 467 1
0 95 915 1
95 0 915 1
17 60 1082 1
60 17 1082 1
31 77 552 1
77 31 552 1
37 45 726 1
45 37 726 1
56 63 1014 1
63 56 1014 1
98 101 623 1
101 98 623 1
6 11 866 1
11 6 866 1
10 65 1203 1
65 10 1203 1
20 33 587 1
33 20 587 1
33 77 332 1
77 33 332 1
76 102 684 1
102 76 684 1
1 9 878 1
9 1 878 1
5 21 332 1
21 5 332 1
6 112 1257 1
112 6 1257 1
13 28 892 1
28 13 892 1
13 82 976 1
82 13 976 1
23 37 838 1
37 23 838 1
24 110 1066 1
110 24 1066 1
25 110 1042 1
110 25 1042 1
26 115 841 1
115 26 841 1
34 66 268 1
66 34 268 1
37 52 879 1
52 37 879 1
40 111 707 1
111 40 707 1
56 92 1017 1
92 56 1017 1
6 9 834 1
9 6 834 1
33 61 545 1
61 33 545 1
39 98 655 1
98 39 655 1
53 68 1064 1
68 53 1064 1
59 61 271 1
61 59 271 1
53 77 709 1
77 53 709 1
65 92 1075 1
92 65 1075 1
2 14 572 1
14 2 572 1
3 45 1118 1
45 3 1118 1
24 46 1220 1
46 24 1220 1
40 108 451 1
108 40 451 1
50 66 475 1
66 50 475 1
52 84 487 1
84 52 487 1
58 88 918 1
88 58 918 1
111 114 232 1
114 111 232 1
11 17 224 1
17 11 224 1
24 71 494 1
71 24 494 1
38 97 469 1
97 38 469 1
50 57 991 1
57 50 991 1
1 60 923 1
60 1 923 1
8 13 868 1
13 8 868 1
17 52 1166 1
52 17 1166 1
24 86 569 1
86 24 569 1
26 109 775 1
109 26 775 1
36 48 746 1
48 36 746 1
67 86 1148 1
86 67 1148 1
74 79 666 1
79 74 666 1
92 102 211 1
102 92 211 1
1 112 1078 1
112 1 1078 1
44 96 580 1
96 44 580 1
53 71 983 1
71 53 983 1
66 68 378 1
68 66 378 1
8 90 1188 1
90 8 1188 1
80 108 630 1
108 80 630 1
1 17 391 1
17 1 391 1
16 60 498 1
60 16 498 1
20 77 434 1
77 20 434 1
37 94 426 1
94 37 426 1
30 38 642 1
38 30 642 1
34 54 521 1
54 34 521 1
92 103 574 1
103 92 574 1
11 29 239 1
29 11 239 1
26 55 856 1
55 26 856 1
37 75 239 1
75 37 239 1
42 110 303 1
110 42 303 1
42 113 437 1
113 42 437 1
59 91 926 1
91 59 926 1
109 112 348 1
112 109 348 1
9 14 725 1
14 9 725 1
23 114 1244 1
114 23 1244 1
37 74 520 1
74 37 520 1
38 94 246 1
94 38 246 1
41 55 403 1
55 41 403 1
47 50 544 1
50 47 544 1
48 96 608 1
96 48 608 1
50 87 1314 1
87 50 1314 1
66 69 349 1
69 66 349 1
107 111 490 1
111 107 490 1
12 107 1106 1
107 12 1106 1
31 38 708 1
38 31 708 1
39 43 659 1
43 39 659 1
80 95 719 1
95 80 719 1
80 109 607 1
109 80 607 1
83 115 786 1
115 83 786 1
2 91 1366 1
91 2 1366 1
10 54 681 1
54 10 681 1
