116 2668
28 72 116 1
72 28 116 1
30 31 127 1
31 30 127 1
113 114 95 1
114 113 95 1
97 109 174 1
109 97 174 1
92 93 608 1
93 92 608 1
49 51 172 1
51 49 172 1
72 74 76 1
74 72 76 1
25 27 193 1
27 25 193 1
17 29 223 1
29 17 223 1
3 7 185 1
7 3 185 1
100 102 87 1
102 100 87 1
101 103 106 1
103 101 106 1
91 93 118 1
93 91 118 1
17 81 182 1
81 17 182 1
2 3 405 1
3 2 405 1
30 72 390 1
72 30 390 1
29 73 113 1
73 29 113 1
8 9 638 1
9 8 638 1
102 103 508 1
103 102 508 1
100 101 656 1
101 100 656 1
91 92 669 1
92 91 669 1
96 98 184 1
98 96 184 1
105 114 152 1
114 105 152 1
99 111 265 1
111 99 265 1
6 22 333 1
22 6 333 1
16 80 152 1
80 16 152 1
44 45 194 1
45 44 194 1
12 22 481 1
22 12 481 1
111 112 111 1
112 111 111 1
28 30 436 1
30 28 436 1
94 97 266 1
97 94 266 1
92 100 157 1
100 92 157 1
95 109 146 1
109 95 146 1
24 25 135 1
25 24 135 1
42 43 239 1
43 42 239 1
61 65 175 1
65 61 175 1
2 7 566 1
7 2 566 1
3 23 271 1
23 3 271 1
43 45 199 1
45 43 199 1
99 112 272 1
112 99 272 1
16 72 287 1
72 16 287 1
97 114 263 1
114 97 263 1
58 59 496 1
59 58 496 1
96 97 322 1
97 96 322 1
100 103 576 1
103 100 576 1
5 26 263 1
26 5 263 1
29 72 629 1
72 29 629 1
75 95 407 1
95 75 407 1
2 6 165 1
6 2 165 1
25 26 225 1
26 25 225 1
24 26 201 1
26 24 201 1
13 15 277 1
15 13 277 1
48 49 410 1
49 48 410 1
79 81 136 1
81 79 136 1
51 53 271 1
53 51 271 1
96 109 176 1
109 96 176 1
29 81 342 1
81 29 342 1
42 46 173 1
46 42 173 1
97 113 312 1
113 97 312 1
19 69 323 1
69 19 323 1
95 97 97 1
97 95 97 1
28 80 329 1
80 28 329 1
38 54 263 1
54 38 263 1
50 66 475 1
66 50 475 1
96 110 214 1
110 96 214 1
101 102 595 1
102 101 595 1
28 31 545 1
31 28 545 1
77 95 322 1
95 77 322 1
31 72 482 1
72 31 482 1
44 48 114 1
48 44 114 1
16 28 220 1
28 16 220 1
93 103 173 1
103 93 173 1
98 111 265 1
111 98 265 1
3 22 347 1
22 3 347 1
22 23 140 1
23 22 140 1
96 114 265 1
114 96 265 1
1 57 172 1
57 1 172 1
56 57 840 1
57 56 840 1
2 24 548 1
24 2 548 1
14 27 449 1
27 14 449 1
26 27 135 1
27 26 135 1
6 12 248 1
12 6 248 1
67 69 345 1
69 67 345 1
99 113 264 1
113 99 264 1
28 29 741 1
29 28 741 1
93 100 653 1
100 93 653 1
76 95 396 1
95 76 396 1
17 79 135 1
79 17 135 1
73 74 458 1
74 73 458 1
59 69 338 1
69 59 338 1
45 49 111 1
49 45 111 1
7 23 337 1
23 7 337 1
73 75 84 1
75 73 84 1
26 101 1114 1
101 26 1114 1
37 77 246 1
77 37 246 1
38 39 465 1
39 38 465 1
80 81 1113 1
81 80 1113 1
95 115 205 1
115 95 205 1
48 50 202 1
50 48 202 1
93 101 103 1
101 93 103 1
29 79 257 1
79 29 257 1
28 74 188 1
74 28 188 1
42 44 208 1
44 42 208 1
2 22 228 1
22 2 228 1
6 7 710 1
7 6 710 1
48 51 548 1
51 48 548 1
44 49 304 1
49 44 304 1
72 80 384 1
80 72 384 1
12 14 278 1
14 12 278 1
8 91 1373 1
91 8 1373 1
75 76 374 1
76 75 374 1
76 77 238 1
77 76 238 1
43 49 240 1
49 43 240 1
78 80 116 1
80 78 116 1
11 85 574 1
85 11 574 1
30 74 403 1
74 30 403 1
10 13 1004 1
13 10 1004 1
43 46 341 1
46 43 341 1
48 52 415 1
52 48 415 1
70 71 263 1
71 70 263 1
9 23 475 1
23 9 475 1
17 73 298 1
73 17 298 1
35 67 262 1
67 35 262 1
37 39 117 1
39 37 117 1
5 93 1207 1
93 5 1207 1
50 52 243 1
52 50 243 1
11 31 475 1
31 11 475 1
97 115 218 1
115 97 218 1
98 99 479 1
99 98 479 1
77 109 318 1
109 77 318 1
92 102 211 1
102 92 211 1
61 63 238 1
63 61 238 1
72 78 300 1
78 72 300 1
7 22 454 1
22 7 454 1
112 113 116 1
113 112 116 1
4 9 500 1
9 4 500 1
96 113 315 1
113 96 315 1
58 66 198 1
66 58 198 1
46 53 547 1
53 46 547 1
105 113 210 1
113 105 210 1
95 105 309 1
105 95 309 1
5 25 129 1
25 5 129 1
73 79 296 1
79 73 296 1
46 55 584 1
55 46 584 1
59 61 271 1
61 59 271 1
10 12 181 1
12 10 181 1
103 113 295 1
113 103 295 1
36 72 276 1
72 36 276 1
109 113 333 1
113 109 333 1
36 38 122 1
38 36 122 1
109 114 278 1
114 109 278 1
36 37 542 1
37 36 542 1
62 63 1134 1
63 62 1134 1
101 113 350 1
113 101 350 1
75 77 210 1
77 75 210 1
94 109 127 1
109 94 127 1
11 13 168 1
13 11 168 1
38 40 158 1
40 38 158 1
41 83 252 1
83 41 252 1
4 25 258 1
25 4 258 1
2 26 618 1
26 2 618 1
5 91 1178 1
91 5 1178 1
8 23 562 1
23 8 562 1
31 71 265 1
71 31 265 1
43 47 146 1
47 43 146 1
96 111 286 1
111 96 286 1
97 105 299 1
105 97 299 1
8 93 1382 1
93 8 1382 1
72 73 517 1
73 72 517 1
78 81 1002 1
81 78 1002 1
37 75 239 1
75 37 239 1
39 115 411 1
115 39 411 1
56 68 408 1
68 56 408 1
28 40 248 1
40 28 248 1
32 72 471 1
72 32 471 1
37 110 431 1
110 37 431 1
14 25 491 1
25 14 491 1
42 45 300 1
45 42 300 1
32 68 304 1
68 32 304 1
60 64 187 1
64 60 187 1
86 87 805 1
87 86 805 1
96 99 428 1
99 96 428 1
100 113 356 1
113 100 356 1
0 18 364 1
18 0 364 1
22 25 402 1
25 22 402 1
31 78 755 1
78 31 755 1
42 48 243 1
48 42 243 1
90 91 735 1
91 90 735 1
49 53 406 1
53 49 406 1
91 100 719 1
100 91 719 1
14 26 321 1
26 14 321 1
36 40 213 1
40 36 213 1
64 88 675 1
88 64 675 1
39 95 233 1
95 39 233 1
10 15 968 1
15 10 968 1
90 102 246 1
102 90 246 1
37 108 355 1
108 37 355 1
3 6 559 1
6 3 559 1
5 103 1104 1
103 5 1104 1
59 66 363 1
66 59 363 1
103 114 282 1
114 103 282 1
111 113 191 1
113 111 191 1
4 8 148 1
8 4 148 1
29 31 454 1
31 29 454 1
110 111 172 1
111 110 172 1
2 8 554 1
8 2 554 1
44 46 353 1
46 44 353 1
54 88 224 1
88 54 224 1
99 114 265 1
114 99 265 1
11 29 239 1
29 11 239 1
77 115 503 1
115 77 503 1
104 107 401 1
107 104 401 1
5 92 1324 1
92 5 1324 1
37 38 515 1
38 37 515 1
12 16 384 1
16 12 384 1
37 111 552 1
111 37 552 1
92 104 310 1
104 92 310 1
94 114 259 1
114 94 259 1
6 26 607 1
26 6 607 1
29 80 961 1
80 29 961 1
99 105 287 1
105 99 287 1
37 73 278 1
73 37 278 1
92 114 349 1
114 92 349 1
95 114 280 1
114 95 280 1
6 101 1437 1
101 6 1437 1
108 115 135 1
115 108 135 1
5 100 1233 1
100 5 1233 1
39 55 254 1
55 39 254 1
92 113 313 1
113 92 313 1
104 105 204 1
105 104 204 1
16 20 522 1
20 16 522 1
17 78 955 1
78 17 955 1
2 23 340 1
23 2 340 1
3 9 596 1
9 3 596 1
74 78 322 1
78 74 322 1
23 25 373 1
25 23 373 1
37 41 217 1
41 37 217 1
5 8 493 1
8 5 493 1
73 76 450 1
76 73 450 1
108 110 194 1
110 108 194 1
34 35 126 1
35 34 126 1
59 67 245 1
67 59 245 1
2 93 1417 1
93 2 1417 1
13 31 424 1
31 13 424 1
29 74 571 1
74 29 571 1
2 25 585 1
25 2 585 1
30 70 259 1
70 30 259 1
69 83 1050 1
83 69 1050 1
92 103 574 1
103 92 574 1
2 9 760 1
9 2 760 1
3 5 603 1
5 3 603 1
93 102 600 1
102 93 600 1
53 70 1067 1
70 53 1067 1
2 91 1366 1
91 2 1366 1
4 23 506 1
23 4 506 1
4 27 279 1
27 4 279 1
13 81 530 1
81 13 530 1
64 92 764 1
92 64 764 1
74 112 785 1
112 74 785 1
43 44 290 1
44 43 290 1
5 101 1174 1
101 5 1174 1
109 111 273 1
111 109 273 1
51 52 786 1
52 51 786 1
66 67 177 1
67 66 177 1
46 52 244 1
52 46 244 1
29 46 914 1
46 29 914 1
82 87 849 1
87 82 849 1
12 30 419 1
30 12 419 1
28 78 272 1
78 28 272 1
30 78 663 1
78 30 663 1
36 76 232 1
76 36 232 1
50 58 486 1
58 50 486 1
95 96 288 1
96 95 288 1
31 70 334 1
70 31 334 1
90 92 135 1
92 90 135 1
2 5 685 1
5 2 685 1
16 62 313 1
62 16 313 1
77 97 366 1
97 77 366 1
1 61 385 1
61 1 385 1
17 46 930 1
46 17 930 1
47 53 268 1
53 47 268 1
75 115 597 1
115 75 597 1
95 99 272 1
99 95 272 1
3 25 566 1
25 3 566 1
20 27 271 1
27 20 271 1
95 113 351 1
113 95 351 1
74 75 389 1
75 74 389 1
2 4 569 1
4 2 569 1
3 18 417 1
18 3 417 1
109 110 135 1
110 109 135 1
22 30 218 1
30 22 218 1
38 95 382 1
95 38 382 1
57 68 520 1
68 57 520 1
29 37 304 1
37 29 304 1
77 110 393 1
110 77 393 1
94 95 213 1
95 94 213 1
94 96 89 1
96 94 89 1
28 36 321 1
36 28 321 1
30 40 513 1
40 30 513 1
96 108 167 1
108 96 167 1
101 114 359 1
114 101 359 1
17 63 324 1
63 17 324 1
20 72 238 1
72 20 238 1
39 77 312 1
77 39 312 1
40 72 200 1
72 40 200 1
3 26 678 1
26 3 678 1
6 24 555 1
24 6 555 1
16 30 615 1
30 16 615 1
29 75 189 1
75 29 189 1
109 115 211 1
115 109 211 1
39 96 494 1
96 39 494 1
14 24 389 1
24 14 389 1
80 84 162 1
84 80 162 1
8 24 258 1
24 8 258 1
13 30 546 1
30 13 546 1
46 48 368 1
48 46 368 1
105 109 371 1
109 105 371 1
7 9 490 1
9 7 490 1
9 90 1391 1
90 9 1391 1
17 43 764 1
43 17 764 1
20 30 328 1
30 20 328 1
59 89 931 1
89 59 931 1
5 23 453 1
23 5 453 1
20 113 831 1
113 20 831 1
28 81 975 1
81 28 975 1
105 112 319 1
112 105 319 1
20 114 742 1
114 20 742 1
31 74 479 1
74 31 479 1
36 54 228 1
54 36 228 1
92 105 456 1
105 92 456 1
22 24 386 1
24 22 386 1
29 30 533 1
30 29 533 1
37 99 410 1
99 37 410 1
39 110 466 1
110 39 466 1
21 108 562 1
108 21 562 1
35 108 425 1
108 35 425 1
100 114 352 1
114 100 352 1
67 89 830 1
89 67 830 1
82 115 739 1
115 82 739 1
98 110 300 1
110 98 300 1
111 114 232 1
114 111 232 1
16 74 335 1
74 16 335 1
36 74 242 1
74 36 242 1
41 73 204 1
73 41 204 1
38 77 447 1
77 38 447 1
75 94 515 1
94 75 515 1
46 49 541 1
49 46 541 1
63 81 293 1
81 63 293 1
5 27 165 1
27 5 165 1
41 87 263 1
87 41 263 1
21 40 380 1
40 21 380 1
31 75 419 1
75 31 419 1
36 99 637 1
99 36 637 1
58 61 717 1
61 58 717 1
77 96 456 1
96 77 456 1
13 86 1003 1
86 13 1003 1
35 110 305 1
110 35 305 1
46 79 801 1
79 46 801 1
90 100 182 1
100 90 182 1
22 70 443 1
70 22 443 1
102 113 317 1
113 102 317 1
35 37 446 1
37 35 446 1
91 112 368 1
112 91 368 1
32 74 456 1
74 32 456 1
87 106 830 1
106 87 830 1
42 49 396 1
49 42 396 1
77 108 373 1
108 77 373 1
88 101 935 1
101 88 935 1
12 28 275 1
28 12 275 1
55 96 492 1
96 55 492 1
5 102 1167 1
102 5 1167 1
92 101 634 1
101 92 634 1
6 27 679 1
27 6 679 1
8 92 1269 1
92 8 1269 1
46 111 189 1
111 46 189 1
72 112 844 1
112 72 844 1
3 24 623 1
24 3 623 1
12 21 630 1
21 12 630 1
49 63 596 1
63 49 596 1
91 99 166 1
99 91 166 1
98 112 277 1
112 98 277 1
1 87 873 1
87 1 873 1
12 70 392 1
70 12 392 1
48 58 400 1
58 48 400 1
4 14 255 1
14 4 255 1
17 72 781 1
72 17 781 1
19 59 618 1
59 19 618 1
14 22 562 1
22 14 562 1
37 95 241 1
95 37 241 1
44 50 287 1
50 44 287 1
67 90 867 1
90 67 867 1
71 77 297 1
77 71 297 1
3 93 1309 1
93 3 1309 1
15 83 194 1
83 15 194 1
16 29 882 1
29 16 882 1
22 31 234 1
31 22 234 1
30 73 455 1
73 30 455 1
20 70 213 1
70 20 213 1
96 112 337 1
112 96 337 1
4 26 161 1
26 4 161 1
110 115 264 1
115 110 264 1
9 91 1212 1
91 9 1212 1
43 48 391 1
48 43 391 1
43 53 293 1
53 43 293 1
39 108 341 1
108 39 341 1
96 115 214 1
115 96 214 1
64 84 478 1
84 64 478 1
72 75 453 1
75 72 453 1
74 80 415 1
80 74 415 1
73 81 406 1
81 73 406 1
100 104 240 1
104 100 240 1
31 73 397 1
73 31 397 1
64 95 830 1
95 64 830 1
27 101 1063 1
101 27 1063 1
28 32 528 1
32 28 528 1
36 98 402 1
98 36 402 1
109 112 348 1
112 109 348 1
112 114 196 1
114 112 196 1
1 58 829 1
58 1 829 1
21 27 209 1
27 21 209 1
46 51 585 1
51 46 585 1
98 113 276 1
113 98 276 1
29 78 851 1
78 29 851 1
37 115 443 1
115 37 443 1
57 63 249 1
63 57 249 1
88 100 425 1
100 88 425 1
11 81 403 1
81 11 403 1
16 17 998 1
17 16 998 1
0 19 488 1
19 0 488 1
40 108 451 1
108 40 451 1
105 111 367 1
111 105 367 1
17 80 1070 1
80 17 1070 1
55 99 216 1
99 55 216 1
11 73 310 1
73 11 310 1
16 78 122 1
78 16 122 1
30 71 303 1
71 30 303 1
60 62 241 1
62 60 241 1
64 77 767 1
77 64 767 1
93 113 317 1
113 93 317 1
4 22 457 1
22 4 457 1
5 90 1279 1
90 5 1279 1
15 69 1077 1
69 15 1077 1
16 70 409 1
70 16 409 1
19 58 678 1
58 19 678 1
38 108 316 1
108 38 316 1
6 93 1425 1
93 6 1425 1
38 96 284 1
96 38 284 1
6 16 484 1
16 6 484 1
95 111 347 1
111 95 347 1
3 14 804 1
14 3 804 1
97 111 292 1
111 97 292 1
2 12 394 1
12 2 394 1
4 5 350 1
5 4 350 1
4 7 733 1
7 4 733 1
21 25 360 1
25 21 360 1
35 54 571 1
54 35 571 1
108 109 87 1
109 108 87 1
17 49 813 1
49 17 813 1
46 47 309 1
47 46 309 1
58 69 426 1
69 58 426 1
3 4 707 1
4 3 707 1
3 8 773 1
8 3 773 1
32 56 384 1
56 32 384 1
34 54 521 1
54 34 521 1
9 67 1237 1
67 9 1237 1
38 76 305 1
76 38 305 1
52 53 746 1
53 52 746 1
94 105 354 1
105 94 354 1
5 24 252 1
24 5 252 1
99 110 299 1
110 99 299 1
6 25 624 1
25 6 624 1
64 114 838 1
114 64 838 1
26 103 1030 1
103 26 1030 1
28 73 629 1
73 28 629 1
54 55 651 1
55 54 651 1
2 101 1431 1
101 2 1431 1
4 24 144 1
24 4 144 1
12 27 629 1
27 12 629 1
34 108 452 1
108 34 452 1
84 85 1130 1
85 84 1130 1
35 77 284 1
77 35 284 1
93 112 343 1
112 93 343 1
97 110 221 1
110 97 221 1
0 56 174 1
56 0 174 1
10 16 218 1
16 10 218 1
14 21 487 1
21 14 487 1
30 75 454 1
75 30 454 1
43 51 245 1
51 43 245 1
82 86 143 1
86 82 143 1
4 6 536 1
6 4 536 1
13 73 358 1
73 13 358 1
17 53 802 1
53 17 802 1
22 93 1426 1
93 22 1426 1
31 40 592 1
40 31 592 1
53 71 983 1
71 53 983 1
79 80 991 1
80 79 991 1
99 109 321 1
109 99 321 1
37 55 221 1
55 37 221 1
51 63 543 1
63 51 543 1
1 63 334 1
63 1 334 1
24 27 252 1
27 24 252 1
29 43 829 1
43 29 829 1
36 111 534 1
111 36 534 1
44 66 318 1
66 44 318 1
71 75 163 1
75 71 163 1
74 76 203 1
76 74 203 1
9 92 1428 1
92 9 1428 1
13 29 290 1
29 13 290 1
15 59 1185 1
59 15 1185 1
38 115 384 1
115 38 384 1
72 81 860 1
81 72 860 1
11 30 584 1
30 11 584 1
16 46 699 1
46 16 699 1
76 79 567 1
79 76 567 1
16 112 888 1
112 16 888 1
21 24 413 1
24 21 413 1
22 27 524 1
27 22 524 1
59 83 1103 1
83 59 1103 1
6 20 561 1
20 6 561 1
60 94 741 1
94 60 741 1
91 101 197 1
101 91 197 1
37 96 506 1
96 37 506 1
38 55 598 1
55 38 598 1
11 28 875 1
28 11 875 1
75 97 469 1
97 75 469 1
12 24 517 1
24 12 517 1
76 97 459 1
97 76 459 1
60 88 724 1
88 60 724 1
66 69 349 1
69 66 349 1
12 25 617 1
25 12 617 1
23 93 1407 1
93 23 1407 1
31 36 716 1
36 31 716 1
76 105 661 1
105 76 661 1
46 98 212 1
98 46 212 1
54 96 167 1
96 54 167 1
1 68 549 1
68 1 549 1
54 98 204 1
98 54 204 1
62 102 862 1
102 62 862 1
69 89 1015 1
89 69 1015 1
0 3 712 1
3 0 712 1
7 12 856 1
12 7 856 1
75 109 462 1
109 75 462 1
93 114 346 1
114 93 346 1
6 14 476 1
14 6 476 1
34 95 480 1
95 34 480 1
81 85 175 1
85 81 175 1
99 108 310 1
108 99 310 1
45 48 304 1
48 45 304 1
31 53 1248 1
53 31 1248 1
36 96 257 1
96 36 257 1
89 90 968 1
90 89 968 1
12 72 358 1
72 12 358 1
17 28 894 1
28 17 894 1
20 22 544 1
22 20 544 1
26 93 1144 1
93 26 1144 1
96 105 387 1
105 96 387 1
32 44 667 1
44 32 667 1
39 75 260 1
75 39 260 1
40 54 405 1
54 40 405 1
59 90 1104 1
90 59 1104 1
94 113 328 1
113 94 328 1
16 53 1146 1
53 16 1146 1
22 26 505 1
26 22 505 1
37 71 401 1
71 37 401 1
39 105 458 1
105 39 458 1
64 76 611 1
76 64 611 1
70 72 158 1
72 70 158 1
97 108 170 1
108 97 170 1
8 22 480 1
22 8 480 1
18 19 147 1
19 18 147 1
42 52 325 1
52 42 325 1
46 72 723 1
72 46 723 1
76 109 320 1
109 76 320 1
98 100 250 1
100 98 250 1
0 2 460 1
2 0 460 1
5 6 733 1
6 5 733 1
38 110 451 1
110 38 451 1
8 90 1188 1
90 8 1188 1
11 17 224 1
17 11 224 1
24 91 1303 1
91 24 1303 1
30 80 748 1
80 30 748 1
75 110 565 1
110 75 565 1
97 99 180 1
99 97 180 1
20 34 683 1
34 20 683 1
11 71 374 1
71 11 374 1
28 70 247 1
70 28 247 1
29 85 473 1
85 29 473 1
30 32 574 1
32 30 574 1
58 89 1156 1
89 58 1156 1
83 85 549 1
85 83 549 1
10 28 213 1
28 10 213 1
93 105 305 1
105 93 305 1
1 83 729 1
83 1 729 1
2 18 379 1
18 2 379 1
5 113 1156 1
113 5 1156 1
20 26 232 1
26 20 232 1
3 19 382 1
19 3 382 1
13 28 892 1
28 13 892 1
34 38 552 1
38 34 552 1
38 88 311 1
88 38 311 1
39 109 356 1
109 39 356 1
71 73 163 1
73 71 163 1
6 23 465 1
23 6 465 1
26 100 1042 1
100 26 1042 1
95 112 395 1
112 95 395 1
17 42 942 1
42 17 942 1
55 98 606 1
98 55 606 1
10 22 580 1
22 10 580 1
21 28 487 1
28 21 487 1
53 73 880 1
73 53 880 1
58 68 392 1
68 58 392 1
72 99 831 1
99 72 831 1
75 112 790 1
112 75 790 1
34 88 672 1
88 34 672 1
41 85 509 1
85 41 509 1
42 47 281 1
47 42 281 1
77 105 632 1
105 77 632 1
83 106 894 1
106 83 894 1
85 87 616 1
87 85 616 1
38 99 625 1
99 38 625 1
57 61 216 1
61 57 216 1
58 60 266 1
60 58 266 1
68 98 994 1
98 68 994 1
88 96 385 1
96 88 385 1
91 103 258 1
103 91 258 1
12 74 431 1
74 12 431 1
29 63 531 1
63 29 531 1
43 73 792 1
73 43 792 1
50 59 774 1
59 50 774 1
62 101 1225 1
101 62 1225 1
91 113 366 1
113 91 366 1
5 114 1065 1
114 5 1065 1
29 49 928 1
49 29 928 1
33 75 426 1
75 33 426 1
55 77 412 1
77 55 412 1
71 76 392 1
76 71 392 1
83 87 158 1
87 83 158 1
5 9 157 1
9 5 157 1
34 77 351 1
77 34 351 1
20 78 525 1
78 20 525 1
103 105 173 1
105 103 173 1
36 95 408 1
95 36 408 1
39 99 432 1
99 39 432 1
95 108 123 1
108 95 123 1
98 114 276 1
114 98 276 1
98 109 329 1
109 98 329 1
108 111 286 1
111 108 286 1
1 65 536 1
65 1 536 1
11 107 831 1
107 11 831 1
38 75 499 1
75 38 499 1
79 85 260 1
85 79 260 1
37 76 441 1
76 37 441 1
64 97 835 1
97 64 835 1
64 105 985 1
105 64 985 1
65 89 679 1
89 65 679 1
1 106 1164 1
106 1 1164 1
10 53 1310 1
53 10 1310 1
12 20 477 1
20 12 477 1
91 102 669 1
102 91 669 1
16 22 735 1
22 16 735 1
20 109 557 1
109 20 557 1
30 36 645 1
36 30 645 1
39 97 289 1
97 39 289 1
43 81 665 1
81 43 665 1
74 95 497 1
95 74 497 1
7 93 1261 1
93 7 1261 1
11 15 385 1
15 11 385 1
98 108 315 1
108 98 315 1
99 115 285 1
115 99 285 1
5 14 572 1
14 5 572 1
19 67 590 1
67 19 590 1
20 31 387 1
31 20 387 1
24 101 1299 1
101 24 1299 1
40 74 182 1
74 40 182 1
91 111 390 1
111 91 390 1
10 14 380 1
14 10 380 1
13 17 364 1
17 13 364 1
20 112 885 1
112 20 885 1
21 71 214 1
71 21 214 1
31 80 848 1
80 31 848 1
51 65 287 1
65 51 287 1
63 65 312 1
65 63 312 1
91 98 616 1
98 91 616 1
10 11 986 1
11 10 986 1
10 80 357 1
80 10 357 1
16 49 1030 1
49 16 1030 1
34 64 445 1
64 34 445 1
37 98 666 1
98 37 666 1
42 50 271 1
50 42 271 1
57 58 735 1
58 57 735 1
11 53 1019 1
53 11 1019 1
20 25 402 1
25 20 402 1
23 33 604 1
33 23 604 1
12 13 959 1
13 12 959 1
47 69 806 1
69 47 806 1
62 72 566 1
72 62 566 1
69 90 1119 1
90 69 1119 1
74 99 759 1
99 74 759 1
33 106 906 1
106 33 906 1
64 100 818 1
100 64 818 1
12 31 545 1
31 12 545 1
18 68 315 1
68 18 315 1
90 93 690 1
93 90 690 1
29 41 234 1
41 29 234 1
9 24 385 1
24 9 385 1
48 59 599 1
59 48 599 1
88 92 521 1
92 88 521 1
53 55 448 1
55 53 448 1
85 107 509 1
107 85 509 1
7 8 828 1
8 7 828 1
26 88 791 1
88 26 791 1
47 79 596 1
79 47 596 1
52 98 272 1
98 52 272 1
14 15 772 1
15 14 772 1
14 84 681 1
84 14 681 1
23 91 1352 1
91 23 1352 1
77 99 529 1
99 77 529 1
77 111 559 1
111 77 559 1
42 53 475 1
53 42 475 1
91 114 389 1
114 91 389 1
24 93 1326 1
93 24 1326 1
35 88 741 1
88 35 741 1
36 112 594 1
112 36 594 1
37 112 610 1
112 37 610 1
41 79 379 1
79 41 379 1
68 74 749 1
74 68 749 1
9 93 1250 1
93 9 1250 1
29 36 705 1
36 29 705 1
34 109 367 1
109 34 367 1
46 112 262 1
112 46 262 1
76 94 331 1
94 76 331 1
76 99 626 1
99 76 626 1
94 115 181 1
115 94 181 1
98 102 260 1
102 98 260 1
12 80 516 1
80 12 516 1
47 52 540 1
52 47 540 1
97 112 339 1
112 97 339 1
73 112 858 1
112 73 858 1
18 22 537 1
22 18 537 1
33 83 733 1
83 33 733 1
88 114 584 1
114 88 584 1
0 26 879 1
26 0 879 1
14 16 483 1
16 14 483 1
68 112 1063 1
112 68 1063 1
77 114 582 1
114 77 582 1
88 103 842 1
103 88 842 1
97 98 437 1
98 97 437 1
7 26 675 1
26 7 675 1
19 33 238 1
33 19 238 1
30 112 1143 1
112 30 1143 1
64 109 686 1
109 64 686 1
11 83 383 1
83 11 383 1
61 89 738 1
89 61 738 1
75 82 661 1
82 75 661 1
2 14 572 1
14 2 572 1
2 92 1350 1
92 2 1350 1
75 86 685 1
86 75 685 1
10 30 501 1
30 10 501 1
16 113 881 1
113 16 881 1
20 21 185 1
21 20 185 1
21 30 349 1
30 21 349 1
39 87 370 1
87 39 370 1
111 115 269 1
115 111 269 1
6 91 1386 1
91 6 1386 1
28 62 527 1
62 28 527 1
36 80 330 1
80 36 330 1
47 83 886 1
83 47 886 1
17 51 751 1
51 17 751 1
20 94 527 1
94 20 527 1
114 115 96 1
115 114 96 1
13 78 1046 1
78 13 1046 1
34 114 610 1
114 34 610 1
39 94 407 1
94 39 407 1
42 51 463 1
51 42 463 1
64 96 625 1
96 64 625 1
72 111 772 1
111 72 772 1
19 83 893 1
83 19 893 1
34 36 459 1
36 34 459 1
54 108 319 1
108 54 319 1
74 81 792 1
81 74 792 1
29 53 887 1
53 29 887 1
33 86 892 1
86 33 892 1
34 37 540 1
37 34 540 1
70 73 402 1
73 70 402 1
75 111 718 1
111 75 718 1
41 106 653 1
106 41 653 1
10 73 783 1
73 10 783 1
16 111 812 1
111 16 812 1
46 96 270 1
96 46 270 1
70 112 906 1
112 70 906 1
72 79 733 1
79 72 733 1
92 112 325 1
112 92 325 1
94 110 220 1
110 94 220 1
37 40 562 1
40 37 562 1
40 99 752 1
99 40 752 1
48 66 357 1
66 48 357 1
36 75 517 1
75 36 517 1
36 108 330 1
108 36 330 1
39 114 488 1
114 39 488 1
68 96 891 1
96 68 891 1
92 111 381 1
111 92 381 1
8 47 1265 1
47 8 1265 1
35 39 531 1
39 35 531 1
46 81 867 1
81 46 867 1
77 94 396 1
94 77 396 1
6 70 405 1
70 6 405 1
11 41 473 1
41 11 473 1
36 104 476 1
104 36 476 1
82 106 562 1
106 82 562 1
5 22 506 1
22 5 506 1
17 37 368 1
37 17 368 1
42 55 629 1
55 42 629 1
73 85 516 1
85 73 516 1
7 14 868 1
14 7 868 1
16 79 934 1
79 16 934 1
19 82 964 1
82 19 964 1
46 73 842 1
73 46 842 1
46 99 446 1
99 46 446 1
75 99 632 1
99 75 632 1
102 104 159 1
104 102 159 1
22 72 568 1
72 22 568 1
32 62 548 1
62 32 548 1
37 105 506 1
105 37 506 1
63 79 303 1
79 63 303 1
64 94 688 1
94 64 688 1
70 76 285 1
76 70 285 1
7 25 539 1
25 7 539 1
10 21 662 1
21 10 662 1
17 75 351 1
75 17 351 1
29 42 967 1
42 29 967 1
33 82 804 1
82 33 804 1
75 87 423 1
87 75 423 1
1 56 851 1
56 1 851 1
26 102 984 1
102 26 984 1
37 46 651 1
46 37 651 1
64 106 847 1
106 64 847 1
8 26 300 1
26 8 300 1
26 91 1131 1
91 26 1131 1
93 99 208 1
99 93 208 1
97 103 349 1
103 97 349 1
3 12 737 1
12 3 737 1
8 25 389 1
25 8 389 1
11 75 388 1
75 11 388 1
15 86 825 1
86 15 825 1
29 111 842 1
111 29 842 1
36 68 821 1
68 36 821 1
64 82 943 1
82 64 943 1
18 23 573 1
23 18 573 1
52 90 240 1
90 52 240 1
76 96 361 1
96 76 361 1
88 102 433 1
102 88 433 1
13 107 881 1
107 13 881 1
17 74 721 1
74 17 721 1
23 92 1466 1
92 23 1466 1
67 106 941 1
106 67 941 1
75 105 690 1
105 75 690 1
7 24 631 1
24 7 631 1
16 31 718 1
31 16 718 1
35 69 473 1
69 35 473 1
39 41 161 1
41 39 161 1
46 109 326 1
109 46 326 1
73 77 274 1
77 73 274 1
77 82 682 1
82 77 682 1
92 97 585 1
97 92 585 1
45 46 448 1
46 45 448 1
32 45 684 1
45 32 684 1
62 80 268 1
80 62 268 1
92 99 572 1
99 92 572 1
25 101 1245 1
101 25 1245 1
34 113 628 1
113 34 628 1
55 110 380 1
110 55 380 1
16 99 951 1
99 16 951 1
75 108 484 1
108 75 484 1
14 20 320 1
20 14 320 1
16 73 769 1
73 16 769 1
110 114 289 1
114 110 289 1
0 1 800 1
1 0 800 1
11 33 518 1
33 11 518 1
21 70 303 1
70 21 303 1
41 77 345 1
77 41 345 1
43 72 870 1
72 43 870 1
64 93 1076 1
93 64 1076 1
1 59 541 1
59 1 541 1
10 70 382 1
70 10 382 1
35 38 574 1
38 35 574 1
4 12 434 1
12 4 434 1
36 107 612 1
107 36 612 1
13 53 1148 1
53 13 1148 1
14 23 650 1
23 14 650 1
16 43 905 1
43 16 905 1
20 80 604 1
80 20 604 1
29 32 631 1
32 29 631 1
29 71 259 1
71 29 259 1
40 86 262 1
86 40 262 1
43 55 485 1
55 43 485 1
45 66 369 1
66 45 369 1
51 61 458 1
61 51 458 1
53 85 491 1
85 53 491 1
84 92 597 1
92 84 597 1
92 98 220 1
98 92 220 1
93 104 478 1
104 93 478 1
3 91 1236 1
91 3 1236 1
32 43 699 1
43 32 699 1
36 86 441 1
86 36 441 1
75 96 592 1
96 75 592 1
0 60 405 1
60 0 405 1
30 53 1265 1
53 30 1265 1
36 73 600 1
73 36 600 1
0 101 1354 1
101 0 1354 1
11 72 773 1
72 11 773 1
20 105 754 1
105 20 754 1
48 53 654 1
53 48 654 1
50 51 698 1
51 50 698 1
66 106 937 1
106 66 937 1
20 84 687 1
84 20 687 1
20 95 541 1
95 20 541 1
45 47 345 1
47 45 345 1
74 79 666 1
79 74 666 1
0 103 1292 1
103 0 1292 1
20 101 958 1
101 20 958 1
108 112 335 1
112 108 335 1
113 115 188 1
115 113 188 1
15 19 867 1
19 15 867 1
22 53 1432 1
53 22 1432 1
12 53 1414 1
53 12 1414 1
61 107 939 1
107 61 939 1
89 100 936 1
100 89 936 1
96 100 371 1
100 96 371 1
31 33 517 1
33 31 517 1
41 47 698 1
47 41 698 1
21 31 344 1
31 21 344 1
15 67 1089 1
67 15 1089 1
16 81 1063 1
81 16 1063 1
17 85 352 1
85 17 352 1
20 44 1027 1
44 20 1027 1
40 70 311 1
70 40 311 1
58 90 890 1
90 58 890 1
84 98 455 1
98 84 455 1
95 104 381 1
104 95 381 1
99 103 258 1
103 99 258 1
102 114 295 1
114 102 295 1
3 92 1420 1
92 3 1420 1
13 74 757 1
74 13 757 1
37 79 267 1
79 37 267 1
54 100 319 1
100 54 319 1
110 112 272 1
112 110 272 1
14 93 1238 1
93 14 1238 1
42 79 812 1
79 42 812 1
71 85 660 1
85 71 660 1
5 18 901 1
18 5 901 1
18 32 279 1
32 18 279 1
23 24 403 1
24 23 403 1
36 78 263 1
78 36 263 1
76 111 559 1
111 76 559 1
10 17 1029 1
17 10 1029 1
47 81 624 1
81 47 624 1
59 102 1214 1
102 59 1214 1
1 69 441 1
69 1 441 1
36 77 422 1
77 36 422 1
43 79 634 1
79 43 634 1
47 73 730 1
73 47 730 1
7 15 461 1
15 7 461 1
47 55 367 1
55 47 367 1
54 67 776 1
67 54 776 1
77 113 641 1
113 77 641 1
91 105 371 1
105 91 371 1
1 41 715 1
41 1 715 1
11 76 704 1
76 11 704 1
11 78 988 1
78 11 988 1
15 23 561 1
23 15 561 1
22 91 1377 1
91 22 1377 1
95 110 248 1
110 95 248 1
99 101 266 1
101 99 266 1
13 72 796 1
72 13 796 1
20 32 609 1
32 20 609 1
22 28 590 1
28 22 590 1
22 74 594 1
74 22 594 1
31 86 707 1
86 31 707 1
49 50 585 1
50 49 585 1
64 104 887 1
104 64 887 1
76 115 499 1
115 76 499 1
86 110 816 1
110 86 816 1
41 98 784 1
98 41 784 1
46 80 618 1
80 46 618 1
3 27 634 1
27 3 634 1
8 14 205 1
14 8 205 1
34 101 848 1
101 34 848 1
1 89 788 1
89 1 788 1
17 31 618 1
31 17 618 1
19 25 860 1
25 19 860 1
32 66 416 1
66 32 416 1
73 95 476 1
95 73 476 1
79 98 871 1
98 79 871 1
10 31 619 1
31 10 619 1
21 26 271 1
26 21 271 1
39 54 618 1
54 39 618 1
50 57 991 1
57 50 991 1
57 87 938 1
87 57 938 1
87 115 746 1
115 87 746 1
22 71 471 1
71 22 471 1
31 81 775 1
81 31 775 1
88 93 930 1
93 88 930 1
6 30 365 1
30 6 365 1
11 80 1102 1
80 11 1102 1
29 48 1093 1
48 29 1093 1
57 81 488 1
81 57 488 1
62 84 326 1
84 62 326 1
67 83 1007 1
83 67 1007 1
11 74 727 1
74 11 727 1
15 21 348 1
21 15 348 1
28 112 911 1
112 28 911 1
29 44 1005 1
44 29 1005 1
48 63 912 1
63 48 912 1
49 61 452 1
61 49 452 1
60 97 884 1
97 60 884 1
67 88 939 1
88 67 939 1
0 27 931 1
27 0 931 1
12 112 1186 1
112 12 1186 1
55 105 373 1
105 55 373 1
76 112 647 1
112 76 647 1
13 83 347 1
83 13 347 1
17 48 1051 1
48 17 1051 1
18 58 669 1
58 18 669 1
30 86 614 1
86 30 614 1
32 36 555 1
36 32 555 1
34 92 737 1
92 34 737 1
45 69 625 1
69 45 625 1
74 111 713 1
111 74 713 1
77 98 628 1
98 77 628 1
84 109 579 1
109 84 579 1
18 60 647 1
60 18 647 1
19 66 600 1
66 19 600 1
25 93 1273 1
93 25 1273 1
38 109 342 1
109 38 342 1
54 110 373 1
110 54 373 1
57 66 576 1
66 57 576 1
62 103 1159 1
103 62 1159 1
84 94 496 1
94 84 496 1
103 106 532 1
106 103 532 1
9 15 219 1
15 9 219 1
18 74 626 1
74 18 626 1
32 81 728 1
81 32 728 1
72 76 257 1
76 72 257 1
6 34 815 1
34 6 815 1
27 103 986 1
103 27 986 1
36 71 552 1
71 36 552 1
97 100 590 1
100 97 590 1
106 115 278 1
115 106 278 1
57 69 378 1
69 57 378 1
58 67 368 1
67 58 368 1
73 94 596 1
94 73 596 1
0 22 675 1
22 0 675 1
13 75 440 1
75 13 440 1
74 113 753 1
113 74 753 1
92 109 522 1
109 92 522 1
8 67 1258 1
67 8 1258 1
9 89 869 1
89 9 869 1
34 39 610 1
39 34 610 1
37 72 595 1
72 37 595 1
41 55 403 1
55 41 403 1
51 70 1035 1
70 51 1035 1
91 104 542 1
104 91 542 1
3 101 1324 1
101 3 1324 1
15 33 738 1
33 15 738 1
23 67 1077 1
67 23 1077 1
40 75 477 1
75 40 477 1
42 73 906 1
73 42 906 1
57 59 382 1
59 57 382 1
72 113 813 1
113 72 813 1
84 114 684 1
114 84 684 1
12 26 521 1
26 12 521 1
20 24 393 1
24 20 393 1
20 62 800 1
62 20 800 1
26 114 936 1
114 26 936 1
36 88 289 1
88 36 289 1
76 114 580 1
114 76 580 1
28 79 847 1
79 28 847 1
31 37 658 1
37 31 658 1
41 81 452 1
81 41 452 1
62 74 590 1
74 62 590 1
10 81 1126 1
81 10 1126 1
37 87 433 1
87 37 433 1
58 83 1281 1
83 58 1281 1
34 96 428 1
96 34 428 1
65 107 863 1
107 65 863 1
75 79 318 1
79 75 318 1
76 104 623 1
104 76 623 1
6 18 473 1
18 6 473 1
20 28 320 1
28 20 320 1
20 111 827 1
111 20 827 1
29 112 910 1
112 29 910 1
87 110 837 1
110 87 837 1
100 105 430 1
105 100 430 1
2 27 659 1
27 2 659 1
32 60 487 1
60 32 487 1
32 78 484 1
78 32 484 1
39 106 557 1
106 39 557 1
52 83 1260 1
83 52 1260 1
90 103 653 1
103 90 653 1
105 107 233 1
107 105 233 1
105 115 176 1
115 105 176 1
0 5 1018 1
5 0 1018 1
11 23 552 1
23 11 552 1
34 44 373 1
44 34 373 1
39 111 575 1
111 39 575 1
41 68 978 1
68 41 978 1
0 25 940 1
25 0 940 1
5 89 870 1
89 5 870 1
26 66 1142 1
66 26 1142 1
38 111 560 1
111 38 560 1
54 90 282 1
90 54 282 1
99 100 610 1
100 99 610 1
103 112 375 1
112 103 375 1
5 7 538 1
7 5 538 1
6 92 1291 1
92 6 1291 1
9 35 1031 1
35 9 1031 1
23 27 506 1
27 23 506 1
41 86 672 1
86 41 672 1
53 78 1035 1
78 53 1035 1
63 85 364 1
85 63 364 1
80 107 937 1
107 80 937 1
6 113 1243 1
113 6 1243 1
40 115 529 1
115 40 529 1
61 69 456 1
69 61 456 1
73 115 669 1
115 73 669 1
74 94 426 1
94 74 426 1
19 47 942 1
47 19 942 1
19 90 1212 1
90 19 1212 1
29 76 555 1
76 29 555 1
37 109 343 1
109 37 343 1
88 108 517 1
108 88 517 1
92 96 390 1
96 92 390 1
21 22 558 1
22 21 558 1
45 50 474 1
50 45 474 1
73 111 787 1
111 73 787 1
82 97 814 1
97 82 814 1
16 26 698 1
26 16 698 1
16 51 1106 1
51 16 1106 1
23 82 788 1
82 23 788 1
33 64 737 1
64 33 737 1
88 95 625 1
95 88 625 1
3 15 589 1
15 3 589 1
11 70 629 1
70 11 629 1
19 89 1004 1
89 19 1004 1
31 76 584 1
76 31 584 1
41 61 840 1
61 41 840 1
45 57 653 1
57 45 653 1
55 111 434 1
111 55 434 1
61 90 1156 1
90 61 1156 1
75 114 683 1
114 75 683 1
90 98 163 1
98 90 163 1
3 103 1279 1
103 3 1279 1
10 78 335 1
78 10 335 1
20 75 348 1
75 20 348 1
20 99 812 1
99 20 812 1
34 99 586 1
99 34 586 1
47 90 580 1
90 47 580 1
55 79 394 1
79 55 394 1
1 85 630 1
85 1 630 1
12 23 607 1
23 12 607 1
17 62 1129 1
62 17 1129 1
32 75 514 1
75 32 514 1
53 72 1064 1
72 53 1064 1
54 77 571 1
77 54 571 1
65 85 476 1
85 65 476 1
65 104 1022 1
104 65 1022 1
68 86 1151 1
86 68 1151 1
70 80 524 1
80 70 524 1
20 71 311 1
71 20 311 1
21 34 706 1
34 21 706 1
26 113 1029 1
113 26 1029 1
37 85 343 1
85 37 343 1
42 98 381 1
98 42 381 1
43 63 639 1
63 43 639 1
45 51 254 1
51 45 254 1
56 87 1244 1
87 56 1244 1
88 104 496 1
104 88 496 1
17 71 423 1
71 17 423 1
23 26 522 1
26 23 522 1
33 71 374 1
71 33 374 1
41 76 493 1
76 41 493 1
47 51 339 1
51 47 339 1
83 86 863 1
86 83 863 1
20 103 873 1
103 20 873 1
49 52 718 1
52 49 718 1
66 68 378 1
68 66 378 1
20 46 831 1
46 20 831 1
36 79 738 1
79 36 738 1
37 42 712 1
42 37 712 1
38 97 469 1
97 38 469 1
57 106 1143 1
106 57 1143 1
71 110 676 1
110 71 676 1
84 96 441 1
96 84 441 1
88 94 422 1
94 88 422 1
10 62 483 1
62 10 483 1
28 53 1155 1
53 28 1155 1
33 77 332 1
77 33 332 1
35 115 541 1
115 35 541 1
49 65 308 1
65 49 308 1
92 95 594 1
95 92 594 1
2 19 481 1
19 2 481 1
27 34 903 1
34 27 903 1
29 51 876 1
51 29 876 1
32 80 590 1
80 32 590 1
42 108 485 1
108 42 485 1
62 68 629 1
68 62 629 1
2 100 1297 1
100 2 1297 1
11 87 539 1
87 11 539 1
38 41 513 1
41 38 513 1
57 79 431 1
79 57 431 1
85 106 897 1
106 85 897 1
99 104 430 1
104 99 430 1
0 58 565 1
58 0 565 1
16 21 674 1
21 16 674 1
16 42 811 1
42 16 811 1
33 41 611 1
41 33 611 1
64 65 897 1
65 64 897 1
70 75 355 1
75 70 355 1
10 86 544 1
86 10 544 1
11 84 1188 1
84 11 1188 1
49 81 721 1
81 49 721 1
69 106 1139 1
106 69 1139 1
75 78 667 1
78 75 667 1
94 108 97 1
108 94 97 1
4 67 1210 1
67 4 1210 1
6 8 485 1
8 6 485 1
13 71 401 1
71 13 401 1
24 113 1216 1
113 24 1216 1
84 88 224 1
88 84 224 1
89 106 787 1
106 89 787 1
4 59 1372 1
59 4 1372 1
9 14 725 1
14 9 725 1
12 15 906 1
15 12 906 1
28 46 774 1
46 28 774 1
36 105 576 1
105 36 576 1
38 98 432 1
98 38 432 1
41 110 601 1
110 41 601 1
44 98 563 1
98 44 563 1
48 61 765 1
61 48 765 1
52 59 956 1
59 52 956 1
53 81 650 1
81 53 650 1
54 99 587 1
99 54 587 1
56 60 232 1
60 56 232 1
64 75 961 1
75 64 961 1
68 88 1023 1
88 68 1023 1
7 92 1445 1
92 7 1445 1
9 59 1335 1
59 9 1335 1
17 47 731 1
47 17 731 1
33 67 474 1
67 33 474 1
33 76 380 1
76 33 380 1
7 67 937 1
67 7 937 1
9 47 1209 1
47 9 1209 1
55 89 213 1
89 55 213 1
65 105 928 1
105 65 928 1
9 104 1161 1
104 9 1161 1
12 78 490 1
78 12 490 1
49 62 929 1
62 49 929 1
49 72 1014 1
72 49 1014 1
26 50 1256 1
50 26 1256 1
47 111 188 1
111 47 188 1
51 55 568 1
55 51 568 1
9 22 564 1
22 9 564 1
13 87 493 1
87 13 493 1
29 47 768 1
47 29 768 1
31 32 596 1
32 31 596 1
58 106 1039 1
106 58 1039 1
76 113 641 1
113 76 641 1
82 95 720 1
95 82 720 1
6 100 1229 1
100 6 1229 1
11 12 972 1
12 11 972 1
25 70 480 1
70 25 480 1
68 72 754 1
72 68 754 1
70 94 557 1
94 70 557 1
22 78 803 1
78 22 803 1
29 83 227 1
83 29 227 1
63 78 1033 1
78 63 1033 1
16 27 777 1
27 16 777 1
75 113 758 1
113 75 758 1
80 85 1121 1
85 80 1121 1
84 102 581 1
102 84 581 1
4 90 1167 1
90 4 1167 1
36 41 570 1
41 36 570 1
39 65 768 1
65 39 768 1
46 50 303 1
50 46 303 1
88 97 687 1
97 88 687 1
20 97 635 1
97 20 635 1
27 100 1073 1
100 27 1073 1
48 69 703 1
69 48 703 1
60 61 893 1
61 60 893 1
60 101 1230 1
101 60 1230 1
84 100 555 1
100 84 555 1
0 23 768 1
23 0 768 1
20 74 213 1
74 20 213 1
56 86 911 1
86 56 911 1
64 87 1344 1
87 64 1344 1
64 103 1097 1
103 64 1097 1
16 101 1154 1
101 16 1154 1
28 99 923 1
99 28 923 1
34 40 622 1
40 34 622 1
43 112 376 1
112 43 376 1
45 108 643 1
108 45 643 1
50 98 448 1
98 50 448 1
51 85 514 1
85 51 514 1
13 80 1155 1
80 13 1155 1
14 80 575 1
80 14 575 1
29 70 512 1
70 29 512 1
55 114 395 1
114 55 395 1
73 80 850 1
80 73 850 1
7 27 597 1
27 7 597 1
13 41 490 1
41 13 490 1
34 100 771 1
100 34 771 1
37 47 493 1
47 37 493 1
73 78 740 1
78 73 740 1
84 113 718 1
113 84 718 1
108 113 292 1
113 108 292 1
9 25 252 1
25 9 252 1
15 22 650 1
22 15 650 1
31 85 906 1
85 31 906 1
31 107 927 1
107 31 927 1
32 86 868 1
86 32 868 1
56 72 566 1
72 56 566 1
66 102 974 1
102 66 974 1
86 115 706 1
115 86 706 1
95 98 433 1
98 95 433 1
15 47 1025 1
47 15 1025 1
16 24 782 1
24 16 782 1
44 51 440 1
51 44 440 1
77 87 602 1
87 77 602 1
6 31 464 1
31 6 464 1
10 72 309 1
72 10 309 1
11 79 342 1
79 11 342 1
24 70 465 1
70 24 465 1
35 86 906 1
86 35 906 1
46 74 677 1
74 46 677 1
