116 2668
80 81 1113 1
81 80 1113 1
4 8 148 1
8 4 148 1
48 51 548 1
51 48 548 1
56 57 840 1
57 56 840 1
29 72 629 1
72 29 629 1
5 9 157 1
9 5 157 1
44 45 194 1
45 44 194 1
98 99 479 1
99 98 479 1
16 17 998 1
17 16 998 1
43 47 146 1
47 43 146 1
25 27 193 1
27 25 193 1
24 25 135 1
25 24 135 1
26 27 135 1
27 26 135 1
24 27 252 1
27 24 252 1
11 13 168 1
13 11 168 1
22 64 1169 1
64 22 1169 1
30 31 127 1
31 30 127 1
76 77 238 1
77 76 238 1
51 52 786 1
52 51 786 1
78 81 1002 1
81 78 1002 1
28 72 116 1
72 28 116 1
1 57 172 1
57 1 172 1
16 80 152 1
80 16 152 1
42 47 281 1
47 42 281 1
2 6 165 1
6 2 165 1
16 81 1063 1
81 16 1063 1
73 74 458 1
74 73 458 1
36 38 122 1
38 36 122 1
52 53 746 1
53 52 746 1
24 26 201 1
26 24 201 1
42 44 208 1
44 42 208 1
20 21 185 1
21 20 185 1
34 35 126 1
35 34 126 1
42 43 239 1
43 42 239 1
70 71 263 1
71 70 263 1
19 90 1212 1
90 19 1212 1
2 22 228 1
22 2 228 1
13 15 277 1
15 13 277 1
17 81 182 1
81 17 182 1
78 80 116 1
80 78 116 1
37 39 117 1
39 37 117 1
91 93 118 1
93 91 118 1
16 56 380 1
56 16 380 1
61 65 175 1
65 61 175 1
21 25 360 1
25 21 360 1
38 39 465 1
39 38 465 1
54 55 651 1
55 54 651 1
92 93 608 1
93 92 608 1
45 49 111 1
49 45 111 1
84 85 1130 1
85 84 1130 1
42 45 300 1
45 42 300 1
16 78 122 1
78 16 122 1
22 23 140 1
23 22 140 1
7 13 237 1
13 7 237 1
42 46 173 1
46 42 173 1
101 103 106 1
103 101 106 1
57 81 488 1
81 57 488 1
75 76 374 1
76 75 374 1
20 70 213 1
70 20 213 1
96 97 322 1
97 96 322 1
84 86 610 1
86 84 610 1
17 80 1070 1
80 17 1070 1
16 57 981 1
57 16 981 1
6 30 365 1
30 6 365 1
23 64 1238 1
64 23 1238 1
74 76 203 1
76 74 203 1
13 61 843 1
61 13 843 1
19 69 323 1
69 19 323 1
22 88 1044 1
88 22 1044 1
74 75 389 1
75 74 389 1
3 7 185 1
7 3 185 1
36 72 276 1
72 36 276 1
5 7 538 1
7 5 538 1
37 38 515 1
38 37 515 1
90 92 135 1
92 90 135 1
66 67 177 1
67 66 177 1
5 25 129 1
25 5 129 1
51 55 568 1
55 51 568 1
55 98 606 1
98 55 606 1
72 74 76 1
74 72 76 1
73 76 450 1
76 73 450 1
57 78 938 1
78 57 938 1
79 81 136 1
81 79 136 1
36 37 542 1
37 36 542 1
24 110 1066 1
110 24 1066 1
44 49 304 1
49 44 304 1
90 91 735 1
91 90 735 1
70 77 376 1
77 70 376 1
1 56 851 1
56 1 851 1
11 61 675 1
61 11 675 1
9 65 1235 1
65 9 1235 1
71 77 297 1
77 71 297 1
56 78 391 1
78 56 391 1
5 65 1232 1
65 5 1232 1
51 54 884 1
54 51 884 1
52 55 814 1
55 52 814 1
36 39 517 1
39 36 517 1
11 15 385 1
15 11 385 1
55 96 492 1
96 55 492 1
73 75 84 1
75 73 84 1
32 33 149 1
33 32 149 1
41 73 204 1
73 41 204 1
46 47 309 1
47 46 309 1
62 63 1134 1
63 62 1134 1
64 88 675 1
88 64 675 1
60 63 1021 1
63 60 1021 1
2 64 992 1
64 2 992 1
70 76 285 1
76 70 285 1
9 92 1428 1
92 9 1428 1
78 79 878 1
79 78 878 1
43 46 341 1
46 43 341 1
3 92 1420 1
92 3 1420 1
17 78 955 1
78 17 955 1
75 77 210 1
77 75 210 1
60 61 893 1
61 60 893 1
17 57 439 1
57 17 439 1
9 25 252 1
25 9 252 1
23 93 1407 1
93 23 1407 1
48 54 669 1
54 48 669 1
0 10 381 1
10 0 381 1
26 110 904 1
110 26 904 1
41 75 187 1
75 41 187 1
92 100 157 1
100 92 157 1
86 88 460 1
88 86 460 1
7 11 254 1
11 7 254 1
12 62 664 1
62 12 664 1
52 54 402 1
54 52 402 1
46 55 584 1
55 46 584 1
90 102 246 1
102 90 246 1
66 68 378 1
68 66 378 1
81 85 175 1
85 81 175 1
7 9 490 1
9 7 490 1
37 95 241 1
95 37 241 1
51 53 271 1
53 51 271 1
29 83 227 1
83 29 227 1
86 87 805 1
87 86 805 1
72 76 257 1
76 72 257 1
111 114 232 1
114 111 232 1
2 30 317 1
30 2 317 1
3 61 814 1
61 3 814 1
20 25 402 1
25 20 402 1
14 22 562 1
22 14 562 1
2 23 340 1
23 2 340 1
29 36 705 1
36 29 705 1
1 16 963 1
16 1 963 1
27 110 890 1
110 27 890 1
39 41 161 1
41 39 161 1
61 63 238 1
63 61 238 1
46 49 541 1
49 46 541 1
1 68 549 1
68 1 549 1
57 80 1050 1
80 57 1050 1
79 80 991 1
80 79 991 1
17 56 1024 1
56 17 1024 1
23 31 199 1
31 23 199 1
103 104 369 1
104 103 369 1
3 23 271 1
23 3 271 1
7 61 813 1
61 7 813 1
42 49 396 1
49 42 396 1
2 93 1417 1
93 2 1417 1
35 45 385 1
45 35 385 1
72 73 517 1
73 72 517 1
34 110 327 1
110 34 327 1
6 64 941 1
64 6 941 1
3 5 603 1
5 3 603 1
21 110 690 1
110 21 690 1
7 15 461 1
15 7 461 1
71 92 1069 1
92 71 1069 1
105 114 152 1
114 105 152 1
43 45 199 1
45 43 199 1
20 71 311 1
71 20 311 1
21 27 209 1
27 21 209 1
21 41 236 1
41 21 236 1
51 98 763 1
98 51 763 1
53 55 448 1
55 53 448 1
10 60 650 1
60 10 650 1
56 81 1090 1
81 56 1090 1
5 13 461 1
13 5 461 1
25 26 225 1
26 25 225 1
41 77 345 1
77 41 345 1
51 99 497 1
99 51 497 1
71 75 163 1
75 71 163 1
38 73 580 1
73 38 580 1
50 51 698 1
51 50 698 1
46 53 547 1
53 46 547 1
73 77 274 1
77 73 274 1
56 80 431 1
80 56 431 1
3 13 410 1
13 3 410 1
93 103 173 1
103 93 173 1
36 74 242 1
74 36 242 1
3 9 596 1
9 3 596 1
5 27 165 1
27 5 165 1
6 31 464 1
31 6 464 1
28 29 741 1
29 28 741 1
38 54 263 1
54 38 263 1
35 64 566 1
64 35 566 1
38 74 265 1
74 38 265 1
18 82 891 1
82 18 891 1
32 57 493 1
57 32 493 1
50 53 744 1
53 50 744 1
20 24 393 1
24 20 393 1
21 93 922 1
93 21 922 1
39 54 618 1
54 39 618 1
5 61 1171 1
61 5 1171 1
39 96 494 1
96 39 494 1
41 74 484 1
74 41 484 1
46 56 752 1
56 46 752 1
60 64 187 1
64 60 187 1
29 80 961 1
80 29 961 1
25 110 1042 1
110 25 1042 1
41 109 485 1
109 41 485 1
12 13 959 1
13 12 959 1
72 80 384 1
80 72 384 1
76 91 787 1
91 76 787 1
22 34 922 1
34 22 922 1
28 32 528 1
32 28 528 1
14 24 389 1
24 14 389 1
46 80 618 1
80 46 618 1
77 104 668 1
104 77 668 1
80 85 1121 1
85 80 1121 1
3 15 589 1
15 3 589 1
9 67 1237 1
67 9 1237 1
91 103 258 1
103 91 258 1
6 23 465 1
23 6 465 1
104 105 204 1
105 104 204 1
50 52 243 1
52 50 243 1
82 86 143 1
86 82 143 1
17 79 135 1
79 17 135 1
18 19 147 1
19 18 147 1
59 66 363 1
66 59 363 1
98 102 260 1
102 98 260 1
5 92 1324 1
92 5 1324 1
23 30 259 1
30 23 259 1
77 100 819 1
100 77 819 1
55 99 216 1
99 55 216 1
76 104 623 1
104 76 623 1
93 110 487 1
110 93 487 1
37 75 239 1
75 37 239 1
96 98 184 1
98 96 184 1
8 60 1121 1
60 8 1121 1
18 30 564 1
30 18 564 1
37 54 645 1
54 37 645 1
28 81 975 1
81 28 975 1
36 73 600 1
73 36 600 1
84 88 224 1
88 84 224 1
72 75 453 1
75 72 453 1
77 109 318 1
109 77 318 1
84 87 1148 1
87 84 1148 1
19 100 1295 1
100 19 1295 1
29 55 507 1
55 29 507 1
48 55 832 1
55 48 832 1
77 90 787 1
90 77 787 1
93 100 653 1
100 93 653 1
38 41 513 1
41 38 513 1
85 89 220 1
89 85 220 1
9 35 1031 1
35 9 1031 1
19 92 1295 1
92 19 1295 1
48 50 202 1
50 48 202 1
7 65 934 1
65 7 934 1
23 35 930 1
35 23 930 1
3 11 395 1
11 3 395 1
78 85 1017 1
85 78 1017 1
43 49 240 1
49 43 240 1
99 102 560 1
102 99 560 1
28 80 329 1
80 28 329 1
67 69 345 1
69 67 345 1
5 24 252 1
24 5 252 1
36 79 738 1
79 36 738 1
1 17 391 1
17 1 391 1
46 78 577 1
78 46 577 1
46 81 867 1
81 46 867 1
85 87 616 1
87 85 616 1
74 109 457 1
109 74 457 1
18 44 915 1
44 18 915 1
19 102 1271 1
102 19 1271 1
45 47 345 1
47 45 345 1
70 73 402 1
73 70 402 1
86 109 700 1
109 86 700 1
9 61 1165 1
61 9 1165 1
18 111 1051 1
111 18 1051 1
34 64 445 1
64 34 445 1
71 90 1013 1
90 71 1013 1
6 22 333 1
22 6 333 1
20 93 974 1
93 20 974 1
32 79 600 1
79 32 600 1
37 109 343 1
109 37 343 1
48 52 415 1
52 48 415 1
75 87 423 1
87 75 423 1
72 95 570 1
95 72 570 1
24 35 1010 1
35 24 1010 1
27 96 825 1
96 27 825 1
31 83 561 1
83 31 561 1
16 28 220 1
28 16 220 1
20 77 434 1
77 20 434 1
36 80 330 1
80 36 330 1
55 97 173 1
97 55 173 1
25 65 1263 1
65 25 1263 1
109 110 135 1
110 109 135 1
8 10 505 1
10 8 505 1
77 92 835 1
92 77 835 1
113 114 95 1
114 113 95 1
21 24 413 1
24 21 413 1
28 78 272 1
78 28 272 1
56 58 427 1
58 56 427 1
95 109 146 1
109 95 146 1
9 27 309 1
27 9 309 1
36 41 570 1
41 36 570 1
39 75 260 1
75 39 260 1
83 87 158 1
87 83 158 1
94 97 266 1
97 94 266 1
37 74 520 1
74 37 520 1
48 49 410 1
49 48 410 1
38 109 342 1
109 38 342 1
58 66 198 1
66 58 198 1
91 102 669 1
102 91 669 1
38 55 598 1
55 38 598 1
38 96 284 1
96 38 284 1
32 78 484 1
78 32 484 1
39 74 501 1
74 39 501 1
38 95 382 1
95 38 382 1
3 31 315 1
31 3 315 1
21 31 344 1
31 21 344 1
28 82 255 1
82 28 255 1
37 73 278 1
73 37 278 1
74 95 497 1
95 74 497 1
18 28 651 1
28 18 651 1
59 69 338 1
69 59 338 1
70 75 355 1
75 70 355 1
13 65 935 1
65 13 935 1
17 85 352 1
85 17 352 1
29 73 113 1
73 29 113 1
73 95 476 1
95 73 476 1
28 40 248 1
40 28 248 1
41 76 493 1
76 41 493 1
57 79 431 1
79 57 431 1
93 104 478 1
104 93 478 1
19 91 1171 1
91 19 1171 1
38 75 499 1
75 38 499 1
39 109 356 1
109 39 356 1
24 96 985 1
96 24 985 1
35 44 409 1
44 35 409 1
77 91 668 1
91 77 668 1
90 93 690 1
93 90 690 1
62 80 268 1
80 62 268 1
5 35 974 1
35 5 974 1
15 39 506 1
39 15 506 1
36 75 517 1
75 36 517 1
77 110 393 1
110 77 393 1
112 113 116 1
113 112 116 1
68 69 164 1
69 68 164 1
74 82 336 1
82 74 336 1
97 105 299 1
105 97 299 1
9 11 523 1
11 9 523 1
23 34 949 1
34 23 949 1
77 103 704 1
103 77 704 1
20 27 271 1
27 20 271 1
45 64 610 1
64 45 610 1
24 34 1021 1
34 24 1021 1
39 55 254 1
55 39 254 1
43 55 485 1
55 43 485 1
11 106 1080 1
106 11 1080 1
9 13 376 1
13 9 376 1
16 32 504 1
32 16 504 1
43 44 290 1
44 43 290 1
81 84 1146 1
84 81 1146 1
4 5 350 1
5 4 350 1
16 79 934 1
79 16 934 1
17 32 646 1
32 17 646 1
23 110 1096 1
110 23 1096 1
41 110 601 1
110 41 601 1
50 55 863 1
55 50 863 1
58 61 717 1
61 58 717 1
67 103 944 1
103 67 944 1
82 111 920 1
111 82 920 1
20 31 387 1
31 20 387 1
20 110 682 1
110 20 682 1
21 26 271 1
26 21 271 1
21 104 765 1
104 21 765 1
32 81 728 1
81 32 728 1
37 41 217 1
41 37 217 1
49 51 172 1
51 49 172 1
4 14 255 1
14 4 255 1
1 78 939 1
78 1 939 1
15 61 998 1
61 15 998 1
21 71 214 1
71 21 214 1
67 90 867 1
90 67 867 1
9 23 475 1
23 9 475 1
12 63 1218 1
63 12 1218 1
22 35 922 1
35 22 922 1
32 56 384 1
56 32 384 1
32 80 590 1
80 32 590 1
72 83 754 1
83 72 754 1
91 92 669 1
92 91 669 1
2 60 843 1
60 2 843 1
36 81 848 1
81 36 848 1
82 83 881 1
83 82 881 1
20 94 527 1
94 20 527 1
25 93 1273 1
93 25 1273 1
30 110 901 1
110 30 901 1
36 76 232 1
76 36 232 1
36 83 816 1
83 36 816 1
41 83 252 1
83 41 252 1
60 62 241 1
62 60 241 1
60 65 898 1
65 60 898 1
9 71 488 1
71 9 488 1
30 34 790 1
34 30 790 1
60 101 1230 1
101 60 1230 1
90 98 163 1
98 90 163 1
108 114 218 1
114 108 218 1
17 28 894 1
28 17 894 1
29 74 571 1
74 29 571 1
94 105 354 1
105 94 354 1
2 4 569 1
4 2 569 1
5 67 1194 1
67 5 1194 1
11 12 972 1
12 11 972 1
16 62 313 1
62 16 313 1
80 84 162 1
84 80 162 1
5 8 493 1
8 5 493 1
6 34 815 1
34 6 815 1
31 93 1221 1
93 31 1221 1
36 96 257 1
96 36 257 1
15 83 194 1
83 15 194 1
26 67 1128 1
67 26 1128 1
44 47 404 1
47 44 404 1
67 102 981 1
102 67 981 1
94 114 259 1
114 94 259 1
4 93 1288 1
93 4 1288 1
5 11 579 1
11 5 579 1
5 26 263 1
26 5 263 1
22 30 218 1
30 22 218 1
82 109 693 1
109 82 693 1
26 96 811 1
96 26 811 1
58 89 1156 1
89 58 1156 1
10 14 380 1
14 10 380 1
21 38 458 1
38 21 458 1
25 92 1338 1
92 25 1338 1
32 72 471 1
72 32 471 1
55 72 755 1
72 55 755 1
100 110 522 1
110 100 522 1
9 93 1250 1
93 9 1250 1
16 85 1095 1
85 16 1095 1
23 92 1466 1
92 23 1466 1
30 93 1229 1
93 30 1229 1
33 35 375 1
35 33 375 1
96 110 214 1
110 96 214 1
4 10 570 1
10 4 570 1
10 11 986 1
11 10 986 1
14 82 179 1
82 14 179 1
19 68 313 1
68 19 313 1
66 69 349 1
69 66 349 1
4 22 457 1
22 4 457 1
4 34 986 1
34 4 986 1
7 25 539 1
25 7 539 1
48 98 566 1
98 48 566 1
21 92 1010 1
92 21 1010 1
25 35 978 1
35 25 978 1
29 62 1067 1
62 29 1067 1
76 82 520 1
82 76 520 1
108 113 292 1
113 108 292 1
22 45 1298 1
45 22 1298 1
28 30 436 1
30 28 436 1
54 95 438 1
95 54 438 1
38 76 305 1
76 38 305 1
36 95 408 1
95 36 408 1
75 109 462 1
109 75 462 1
105 109 371 1
109 105 371 1
12 60 825 1
60 12 825 1
21 73 247 1
73 21 247 1
24 43 1300 1
43 24 1300 1
48 99 711 1
99 48 711 1
71 76 392 1
76 71 392 1
74 77 362 1
77 74 362 1
106 107 486 1
107 106 486 1
111 113 191 1
113 111 191 1
29 79 257 1
79 29 257 1
39 95 233 1
95 39 233 1
44 46 353 1
46 44 353 1
61 103 1017 1
103 61 1017 1
17 29 223 1
29 17 223 1
19 77 567 1
77 19 567 1
19 111 1024 1
111 19 1024 1
20 41 386 1
41 20 386 1
24 30 283 1
30 24 283 1
30 33 526 1
33 30 526 1
36 40 213 1
40 36 213 1
76 95 396 1
95 76 396 1
20 38 349 1
38 20 349 1
0 60 405 1
60 0 405 1
10 64 755 1
64 10 755 1
74 83 697 1
83 74 697 1
112 115 269 1
115 112 269 1
16 46 699 1
46 16 699 1
21 100 934 1
100 21 934 1
24 65 1330 1
65 24 1330 1
29 32 631 1
32 29 631 1
54 98 204 1
98 54 204 1
76 100 714 1
100 76 714 1
91 100 719 1
100 91 719 1
39 40 508 1
40 39 508 1
66 77 590 1
77 66 590 1
91 110 456 1
110 91 456 1
17 62 1129 1
62 17 1129 1
19 67 590 1
67 19 590 1
36 54 228 1
54 36 228 1
61 89 738 1
89 61 738 1
91 101 197 1
101 91 197 1
14 64 1035 1
64 14 1035 1
46 52 244 1
52 46 244 1
72 79 733 1
79 72 733 1
92 103 574 1
103 92 574 1
18 22 537 1
22 18 537 1
62 101 1225 1
101 62 1225 1
74 87 714 1
87 74 714 1
3 25 566 1
25 3 566 1
25 104 1095 1
104 25 1095 1
55 73 498 1
73 55 498 1
100 104 240 1
104 100 240 1
30 82 534 1
82 30 534 1
39 87 370 1
87 39 370 1
110 111 172 1
111 110 172 1
14 23 650 1
23 14 650 1
18 86 1008 1
86 18 1008 1
69 90 1119 1
90 69 1119 1
5 15 278 1
15 5 278 1
22 44 1293 1
44 22 1293 1
31 110 923 1
110 31 923 1
66 71 813 1
71 66 813 1
36 55 626 1
55 36 626 1
8 14 205 1
14 8 205 1
20 76 380 1
76 20 380 1
40 79 762 1
79 40 762 1
11 60 1139 1
60 11 1139 1
25 31 272 1
31 25 272 1
41 82 687 1
82 41 687 1
47 49 380 1
49 47 380 1
76 103 780 1
103 76 780 1
9 24 385 1
24 9 385 1
37 72 595 1
72 37 595 1
46 57 904 1
57 46 904 1
90 103 653 1
103 90 653 1
99 111 265 1
111 99 265 1
9 10 955 1
10 9 955 1
37 96 506 1
96 37 506 1
55 95 221 1
95 55 221 1
101 104 464 1
104 101 464 1
60 103 1182 1
103 60 1182 1
75 95 407 1
95 75 407 1
11 63 488 1
63 11 488 1
76 109 320 1
109 76 320 1
36 78 263 1
78 36 263 1
67 92 922 1
92 67 922 1
74 96 467 1
96 74 467 1
8 12 346 1
12 8 346 1
17 63 324 1
63 17 324 1
71 73 163 1
73 71 163 1
105 107 233 1
107 105 233 1
110 114 289 1
114 110 289 1
11 65 770 1
65 11 770 1
97 115 218 1
115 97 218 1
27 68 1083 1
68 27 1083 1
41 87 263 1
87 41 263 1
46 98 212 1
98 46 212 1
94 95 213 1
95 94 213 1
95 104 381 1
104 95 381 1
5 71 431 1
71 5 431 1
41 95 382 1
95 41 382 1
94 109 127 1
109 94 127 1
15 92 1292 1
92 15 1292 1
109 115 211 1
115 109 211 1
104 109 377 1
109 104 377 1
104 110 417 1
110 104 417 1
18 69 392 1
69 18 392 1
43 96 503 1
96 43 503 1
49 59 382 1
59 49 382 1
1 115 1005 1
115 1 1005 1
40 81 874 1
81 40 874 1
92 110 485 1
110 92 485 1
95 108 123 1
108 95 123 1
102 111 440 1
111 102 440 1
11 92 1324 1
92 11 1324 1
29 75 189 1
75 29 189 1
10 12 181 1
12 10 181 1
10 65 1203 1
65 10 1203 1
52 98 272 1
98 52 272 1
67 77 525 1
77 67 525 1
97 113 312 1
113 97 312 1
2 24 548 1
24 2 548 1
14 34 879 1
34 14 879 1
25 41 554 1
41 25 554 1
29 52 1136 1
52 29 1136 1
53 54 818 1
54 53 818 1
96 113 315 1
113 96 315 1
3 35 775 1
35 3 775 1
21 76 440 1
76 21 440 1
29 95 532 1
95 29 532 1
48 53 654 1
53 48 654 1
6 60 799 1
60 6 799 1
43 97 409 1
97 43 409 1
46 50 303 1
50 46 303 1
104 115 184 1
115 104 184 1
18 64 805 1
64 18 805 1
67 71 764 1
71 67 764 1
105 115 176 1
115 105 176 1
4 91 1276 1
91 4 1276 1
6 8 485 1
8 6 485 1
8 22 480 1
22 8 480 1
15 29 295 1
29 15 295 1
26 104 905 1
104 26 905 1
29 76 555 1
76 29 555 1
37 40 562 1
40 37 562 1
13 92 1402 1
92 13 1402 1
17 72 781 1
72 17 781 1
25 96 984 1
96 25 984 1
52 99 661 1
99 52 661 1
56 68 408 1
68 56 408 1
98 111 265 1
111 98 265 1
3 65 942 1
65 3 942 1
94 110 220 1
110 94 220 1
15 36 848 1
36 15 848 1
28 36 321 1
36 28 321 1
29 81 342 1
81 29 342 1
30 44 1163 1
44 30 1163 1
35 110 305 1
110 35 305 1
88 103 842 1
103 88 842 1
62 72 566 1
72 62 566 1
65 103 905 1
103 65 905 1
31 33 517 1
33 31 517 1
0 58 565 1
58 0 565 1
32 114 865 1
114 32 865 1
91 99 166 1
99 91 166 1
27 43 1124 1
43 27 1124 1
41 96 611 1
96 41 611 1
47 111 188 1
111 47 188 1
53 80 1109 1
80 53 1109 1
100 111 457 1
111 100 457 1
19 66 600 1
66 19 600 1
35 65 453 1
65 35 453 1
58 68 392 1
68 58 392 1
80 83 1100 1
83 80 1100 1
109 112 348 1
112 109 348 1
2 8 554 1
8 2 554 1
39 73 305 1
73 39 305 1
67 110 507 1
110 67 507 1
9 103 1158 1
103 9 1158 1
20 92 945 1
92 20 945 1
37 55 221 1
55 37 221 1
54 96 167 1
96 54 167 1
23 25 373 1
25 23 373 1
88 109 538 1
109 88 538 1
28 79 847 1
79 28 847 1
54 99 587 1
99 54 587 1
72 111 772 1
111 72 772 1
79 85 260 1
85 79 260 1
5 103 1104 1
103 5 1104 1
20 100 857 1
100 20 857 1
22 24 386 1
24 22 386 1
37 101 579 1
101 37 579 1
59 67 245 1
67 59 245 1
59 102 1214 1
102 59 1214 1
12 52 1107 1
52 12 1107 1
14 35 910 1
35 14 910 1
16 63 1092 1
63 16 1092 1
38 72 305 1
72 38 305 1
40 74 182 1
74 40 182 1
76 101 848 1
101 76 848 1
93 101 103 1
101 93 103 1
4 30 322 1
30 4 322 1
15 75 396 1
75 15 396 1
16 29 882 1
29 16 882 1
72 81 860 1
81 72 860 1
23 24 403 1
24 23 403 1
31 100 1216 1
100 31 1216 1
94 100 422 1
100 94 422 1
94 108 97 1
108 94 97 1
103 112 375 1
112 103 375 1
6 14 476 1
14 6 476 1
27 47 1038 1
47 27 1038 1
33 34 394 1
34 33 394 1
40 78 376 1
78 40 376 1
70 93 1035 1
93 70 1035 1
72 78 300 1
78 72 300 1
113 115 188 1
115 113 188 1
9 26 419 1
26 9 419 1
12 72 358 1
72 12 358 1
54 87 939 1
87 54 939 1
13 63 653 1
63 13 653 1
16 72 287 1
72 16 287 1
30 64 1064 1
64 30 1064 1
47 110 210 1
110 47 210 1
55 74 679 1
74 55 679 1
59 62 914 1
62 59 914 1
73 83 298 1
83 73 298 1
73 87 395 1
87 73 395 1
16 50 737 1
50 16 737 1
21 70 303 1
70 21 303 1
36 87 808 1
87 36 808 1
50 54 543 1
54 50 543 1
61 107 939 1
107 61 939 1
2 14 572 1
14 2 572 1
12 17 1046 1
17 12 1046 1
13 106 1119 1
106 13 1119 1
17 36 828 1
36 17 828 1
27 104 911 1
104 27 911 1
29 37 304 1
37 29 304 1
33 79 486 1
79 33 486 1
6 18 473 1
18 6 473 1
19 59 618 1
59 19 618 1
21 96 648 1
96 21 648 1
52 72 837 1
72 52 837 1
103 109 477 1
109 103 477 1
21 77 387 1
77 21 387 1
37 76 441 1
76 37 441 1
39 83 378 1
83 39 378 1
38 87 730 1
87 38 730 1
58 59 496 1
59 58 496 1
70 91 1000 1
91 70 1000 1
1 80 1054 1
80 1 1054 1
48 59 599 1
59 48 599 1
109 114 278 1
114 109 278 1
30 35 784 1
35 30 784 1
97 110 221 1
110 97 221 1
7 92 1445 1
92 7 1445 1
95 96 288 1
96 95 288 1
6 35 860 1
35 6 860 1
6 93 1425 1
93 6 1425 1
18 91 1236 1
91 18 1236 1
28 114 809 1
114 28 809 1
37 63 543 1
63 37 543 1
70 74 155 1
74 70 155 1
72 94 485 1
94 72 485 1
73 109 538 1
109 73 538 1
76 90 664 1
90 76 664 1
76 93 823 1
93 76 823 1
28 108 624 1
108 28 624 1
34 77 351 1
77 34 351 1
35 69 473 1
69 35 473 1
44 64 436 1
64 44 436 1
50 63 1042 1
63 50 1042 1
69 103 1214 1
103 69 1214 1
45 46 448 1
46 45 448 1
53 111 406 1
111 53 406 1
58 60 266 1
60 58 266 1
63 112 915 1
112 63 915 1
34 109 367 1
109 34 367 1
4 6 536 1
6 4 536 1
9 15 219 1
15 9 219 1
40 72 200 1
72 40 200 1
64 65 897 1
65 64 897 1
0 18 364 1
18 0 364 1
4 23 506 1
23 4 506 1
12 106 877 1
106 12 877 1
15 41 349 1
41 15 349 1
18 33 288 1
33 18 288 1
50 56 674 1
56 50 674 1
64 84 478 1
84 64 478 1
87 95 598 1
95 87 598 1
2 34 808 1
34 2 808 1
20 26 232 1
26 20 232 1
28 62 527 1
62 28 527 1
94 96 89 1
96 94 89 1
18 114 1134 1
114 18 1134 1
41 71 317 1
71 41 317 1
100 102 87 1
102 100 87 1
2 88 959 1
88 2 959 1
4 9 500 1
9 4 500 1
27 92 1167 1
92 27 1167 1
30 94 797 1
94 30 797 1
71 103 908 1
103 71 908 1
72 82 298 1
82 72 298 1
77 102 773 1
102 77 773 1
95 97 97 1
97 95 97 1
103 107 239 1
107 103 239 1
5 21 332 1
21 5 332 1
6 33 588 1
33 6 588 1
7 60 1133 1
60 7 1133 1
29 87 356 1
87 29 356 1
29 102 1018 1
102 29 1018 1
52 62 619 1
62 52 619 1
20 101 958 1
101 20 958 1
21 91 892 1
91 21 892 1
22 93 1426 1
93 22 1426 1
26 41 487 1
41 26 487 1
34 93 788 1
93 34 788 1
73 102 944 1
102 73 944 1
5 93 1207 1
93 5 1207 1
12 15 906 1
15 12 906 1
32 108 663 1
108 32 663 1
38 82 362 1
82 38 362 1
59 103 1115 1
103 59 1115 1
29 41 234 1
41 29 234 1
59 100 1223 1
100 59 1223 1
71 110 676 1
110 71 676 1
106 112 479 1
112 106 479 1
9 70 641 1
70 9 641 1
15 31 431 1
31 15 431 1
53 57 825 1
57 53 825 1
61 101 1003 1
101 61 1003 1
70 92 982 1
92 70 982 1
16 36 349 1
36 16 349 1
17 40 824 1
40 17 824 1
18 88 1010 1
88 18 1010 1
21 94 569 1
94 21 569 1
24 47 1229 1
47 24 1229 1
41 94 523 1
94 41 523 1
70 94 557 1
94 70 557 1
79 108 585 1
108 79 585 1
7 24 631 1
24 7 631 1
24 93 1326 1
93 24 1326 1
38 83 760 1
83 38 760 1
91 104 542 1
104 91 542 1
96 99 428 1
99 96 428 1
0 4 861 1
4 0 861 1
20 30 328 1
30 20 328 1
20 73 397 1
73 20 397 1
77 93 729 1
93 77 729 1
5 110 1022 1
110 5 1022 1
6 44 1164 1
44 6 1164 1
15 37 533 1
37 15 533 1
19 93 1252 1
93 19 1252 1
31 35 790 1
35 31 790 1
36 94 246 1
94 36 246 1
1 81 501 1
81 1 501 1
33 40 654 1
40 33 654 1
34 71 603 1
71 34 603 1
53 56 1149 1
56 53 1149 1
53 72 1064 1
72 53 1064 1
53 98 671 1
98 53 671 1
59 90 1104 1
90 59 1104 1
72 87 771 1
87 72 771 1
75 82 661 1
82 75 661 1
2 103 1363 1
103 2 1363 1
12 16 384 1
16 12 384 1
15 25 386 1
25 15 386 1
27 71 367 1
71 27 367 1
38 70 414 1
70 38 414 1
39 97 289 1
97 39 289 1
9 21 431 1
21 9 431 1
70 82 411 1
82 70 411 1
54 74 471 1
74 54 471 1
7 31 345 1
31 7 345 1
12 28 275 1
28 12 275 1
25 71 434 1
71 25 434 1
28 46 774 1
46 28 774 1
34 88 672 1
88 34 672 1
76 92 745 1
92 76 745 1
10 22 580 1
22 10 580 1
24 94 920 1
94 24 920 1
27 93 1095 1
93 27 1095 1
29 46 914 1
46 29 914 1
40 80 433 1
80 40 433 1
41 55 403 1
55 41 403 1
59 91 926 1
91 59 926 1
60 107 1124 1
107 60 1124 1
65 88 1179 1
88 65 1179 1
88 89 1035 1
89 88 1035 1
92 104 310 1
104 92 310 1
5 23 453 1
23 5 453 1
14 65 1320 1
65 14 1320 1
28 83 861 1
83 28 861 1
41 97 446 1
97 41 446 1
62 102 862 1
102 62 862 1
2 31 377 1
31 2 377 1
6 7 710 1
7 6 710 1
20 104 727 1
104 20 727 1
73 99 684 1
99 73 684 1
2 94 947 1
94 2 947 1
10 106 807 1
106 10 807 1
15 21 348 1
21 15 348 1
17 50 1130 1
50 17 1130 1
33 81 613 1
81 33 613 1
54 97 484 1
97 54 484 1
79 84 1035 1
84 79 1035 1
100 105 430 1
105 100 430 1
12 112 1186 1
112 12 1186 1
28 74 188 1
74 28 188 1
62 81 1169 1
81 62 1169 1
67 68 440 1
68 67 440 1
69 91 1081 1
91 69 1081 1
21 36 510 1
36 21 510 1
40 97 584 1
97 40 584 1
57 58 735 1
58 57 735 1
67 88 939 1
88 67 939 1
75 83 351 1
83 75 351 1
102 103 508 1
103 102 508 1
14 30 414 1
30 14 414 1
20 36 396 1
36 20 396 1
21 75 222 1
75 21 222 1
38 68 922 1
68 38 922 1
51 59 486 1
59 51 486 1
73 94 596 1
94 73 596 1
101 102 595 1
102 101 595 1
17 55 513 1
55 17 513 1
25 67 1191 1
67 25 1191 1
39 72 575 1
72 39 575 1
50 57 991 1
57 50 991 1
50 60 475 1
60 50 475 1
76 102 684 1
102 76 684 1
85 86 1120 1
86 85 1120 1
46 96 270 1
96 46 270 1
73 79 296 1
79 73 296 1
82 87 849 1
87 82 849 1
92 102 211 1
102 92 211 1
31 92 1282 1
92 31 1282 1
64 89 1175 1
89 64 1175 1
71 93 964 1
93 71 964 1
90 100 182 1
100 90 182 1
102 104 159 1
104 102 159 1
4 60 1138 1
60 4 1138 1
28 94 557 1
94 28 557 1
73 82 720 1
82 73 720 1
73 98 854 1
98 73 854 1
9 106 1074 1
106 9 1074 1
54 72 501 1
72 54 501 1
69 88 1077 1
88 69 1077 1
83 90 1178 1
90 83 1178 1
91 111 390 1
111 91 390 1
0 56 174 1
56 0 174 1
63 80 1146 1
80 63 1146 1
6 28 413 1
28 6 413 1
78 84 235 1
84 78 235 1
87 89 476 1
89 87 476 1
105 111 367 1
111 105 367 1
37 104 610 1
104 37 610 1
32 105 956 1
105 32 956 1
35 68 531 1
68 35 531 1
58 69 426 1
69 58 426 1
1 58 829 1
58 1 829 1
24 104 1101 1
104 24 1101 1
37 108 355 1
108 37 355 1
105 108 296 1
108 105 296 1
4 67 1210 1
67 4 1210 1
53 81 650 1
81 53 650 1
97 98 437 1
98 97 437 1
12 101 1369 1
101 12 1369 1
30 113 1109 1
113 30 1109 1
36 109 326 1
109 36 326 1
43 53 293 1
53 43 293 1
52 63 1131 1
63 52 1131 1
63 115 886 1
115 63 886 1
3 90 1350 1
90 3 1350 1
26 68 1080 1
68 26 1080 1
29 53 887 1
53 29 887 1
54 75 692 1
75 54 692 1
57 115 958 1
115 57 958 1
82 91 1133 1
91 82 1133 1
95 113 351 1
113 95 351 1
114 115 96 1
115 114 96 1
18 32 279 1
32 18 279 1
31 94 836 1
94 31 836 1
4 88 829 1
88 4 829 1
25 39 702 1
39 25 702 1
28 33 585 1
33 28 585 1
35 42 425 1
42 35 425 1
10 61 1158 1
61 10 1158 1
21 30 349 1
30 21 349 1
27 41 398 1
41 27 398 1
52 80 618 1
80 52 618 1
73 96 674 1
96 73 674 1
7 23 337 1
23 7 337 1
22 82 706 1
82 22 706 1
27 65 1171 1
65 27 1171 1
30 72 390 1
72 30 390 1
38 77 447 1
77 38 447 1
39 65 768 1
65 39 768 1
46 111 189 1
111 46 189 1
49 98 742 1
98 49 742 1
51 63 543 1
63 51 543 1
81 111 760 1
111 81 760 1
81 114 782 1
114 81 782 1
90 101 719 1
101 90 719 1
3 103 1279 1
103 3 1279 1
20 75 348 1
75 20 348 1
26 88 791 1
88 26 791 1
42 56 786 1
56 42 786 1
79 87 531 1
87 79 531 1
79 114 741 1
114 79 741 1
15 38 793 1
38 15 793 1
17 46 930 1
46 17 930 1
35 47 370 1
47 35 370 1
63 83 697 1
83 63 697 1
45 58 519 1
58 45 519 1
55 87 559 1
87 55 559 1
69 77 618 1
77 69 618 1
86 111 918 1
111 86 918 1
94 113 328 1
113 94 328 1
13 39 622 1
39 13 622 1
18 42 999 1
42 18 999 1
23 44 1318 1
44 23 1318 1
25 43 1261 1
43 25 1261 1
32 46 706 1
46 32 706 1
28 85 1025 1
85 28 1025 1
32 43 699 1
43 32 699 1
36 62 525 1
62 36 525 1
46 84 530 1
84 46 530 1
48 62 640 1
62 48 640 1
96 115 214 1
115 96 214 1
4 26 161 1
26 4 161 1
5 106 957 1
106 5 957 1
13 75 440 1
75 13 440 1
37 115 443 1
115 37 443 1
38 86 366 1
86 38 366 1
40 113 703 1
113 40 703 1
76 87 753 1
87 76 753 1
84 89 1110 1
89 84 1110 1
95 114 280 1
114 95 280 1
14 88 613 1
88 14 613 1
20 82 329 1
82 20 329 1
23 45 1302 1
45 23 1302 1
38 94 246 1
94 38 246 1
44 82 1116 1
82 44 1116 1
93 94 560 1
94 93 560 1
95 112 395 1
112 95 395 1
2 91 1366 1
91 2 1366 1
19 98 1076 1
98 19 1076 1
22 86 800 1
86 22 800 1
26 77 632 1
77 26 632 1
28 111 842 1
111 28 842 1
39 61 794 1
61 39 794 1
8 23 562 1
23 8 562 1
18 113 1181 1
113 18 1181 1
41 70 482 1
70 41 482 1
46 97 424 1
97 46 424 1
23 89 1070 1
89 23 1070 1
24 41 633 1
41 24 633 1
27 35 871 1
35 27 871 1
76 94 331 1
94 76 331 1
87 88 1035 1
88 87 1035 1
0 9 1111 1
9 0 1111 1
3 64 1134 1
64 3 1134 1
34 44 373 1
44 34 373 1
59 101 1108 1
101 59 1108 1
71 100 1020 1
100 71 1020 1
96 108 167 1
108 96 167 1
2 110 1015 1
110 2 1015 1
15 71 394 1
71 15 394 1
20 91 956 1
91 20 956 1
22 110 1082 1
110 22 1082 1
34 69 465 1
69 34 465 1
40 82 231 1
82 40 231 1
97 99 180 1
99 97 180 1
0 64 574 1
64 0 574 1
21 67 905 1
67 21 905 1
53 99 316 1
99 53 316 1
54 59 1020 1
59 54 1020 1
59 104 1146 1
104 59 1146 1
80 111 747 1
111 80 747 1
1 66 683 1
66 1 683 1
29 38 680 1
38 29 680 1
69 92 1197 1
92 69 1197 1
86 95 706 1
95 86 706 1
91 98 616 1
98 91 616 1
97 114 263 1
114 97 263 1
23 88 1119 1
88 23 1119 1
37 61 677 1
61 37 677 1
39 115 411 1
115 39 411 1
50 81 1084 1
81 50 1084 1
74 94 426 1
94 74 426 1
105 110 411 1
110 105 411 1
9 58 1436 1
58 9 1436 1
28 84 456 1
84 28 456 1
57 68 520 1
68 57 520 1
66 70 775 1
70 66 775 1
97 109 174 1
109 97 174 1
106 115 278 1
115 106 278 1
9 34 1087 1
34 9 1087 1
34 114 610 1
114 34 610 1
40 109 467 1
109 40 467 1
50 78 628 1
78 50 628 1
1 63 334 1
63 1 334 1
30 32 574 1
32 30 574 1
70 90 900 1
90 70 900 1
76 83 717 1
83 76 717 1
27 67 1105 1
67 27 1105 1
46 51 585 1
51 46 585 1
47 114 366 1
114 47 366 1
68 98 994 1
98 68 994 1
26 34 907 1
34 26 907 1
29 78 851 1
78 29 851 1
29 111 842 1
111 29 842 1
31 34 815 1
34 31 815 1
35 92 768 1
92 35 768 1
40 112 757 1
112 40 757 1
50 62 545 1
62 50 545 1
97 112 339 1
112 97 339 1
103 105 173 1
105 103 173 1
10 34 709 1
34 10 709 1
41 72 550 1
72 41 550 1
13 60 1245 1
60 13 1245 1
31 82 641 1
82 31 641 1
34 45 409 1
45 34 409 1
26 109 775 1
109 26 775 1
37 87 433 1
87 37 433 1
102 112 391 1
112 102 391 1
0 69 556 1
69 0 556 1
2 65 1144 1
65 2 1144 1
3 60 1005 1
60 3 1005 1
5 20 424 1
20 5 424 1
10 13 1004 1
13 10 1004 1
12 75 743 1
75 12 743 1
20 34 683 1
34 20 683 1
21 37 403 1
37 21 403 1
21 109 565 1
109 21 565 1
22 65 1204 1
65 22 1204 1
26 43 1155 1
43 26 1155 1
42 78 692 1
78 42 692 1
59 77 694 1
77 59 694 1
70 110 664 1
110 70 664 1
77 82 682 1
82 77 682 1
77 87 602 1
87 77 602 1
82 95 720 1
95 82 720 1
27 97 789 1
97 27 789 1
34 94 438 1
94 34 438 1
49 55 664 1
55 49 664 1
66 100 968 1
100 66 968 1
90 99 615 1
99 90 615 1
101 112 405 1
112 101 405 1
36 108 330 1
108 36 330 1
12 70 392 1
70 12 392 1
19 110 862 1
110 19 862 1
26 65 1232 1
65 26 1232 1
75 101 807 1
101 75 807 1
110 113 304 1
113 110 304 1
4 103 1174 1
103 4 1174 1
37 99 410 1
99 37 410 1
40 73 549 1
73 40 549 1
46 85 782 1
85 46 782 1
56 79 965 1
79 56 965 1
68 92 1202 1
92 68 1202 1
3 67 879 1
67 3 879 1
12 29 886 1
29 12 886 1
32 47 724 1
47 32 724 1
34 47 428 1
47 34 428 1
3 93 1309 1
93 3 1309 1
4 64 1218 1
64 4 1218 1
7 21 555 1
21 7 555 1
8 9 638 1
9 8 638 1
22 42 1301 1
42 22 1301 1
26 73 503 1
73 26 503 1
30 42 1143 1
42 30 1143 1
49 52 718 1
52 49 718 1
50 80 641 1
80 50 641 1
75 90 927 1
90 75 927 1
0 19 488 1
19 0 488 1
5 10 825 1
10 5 825 1
17 89 445 1
89 17 445 1
32 50 755 1
50 32 755 1
51 62 1045 1
62 51 1045 1
58 65 718 1
65 58 718 1
10 84 516 1
84 10 516 1
22 113 1310 1
113 22 1310 1
23 91 1352 1
91 23 1352 1
72 108 541 1
108 72 541 1
109 111 273 1
111 109 273 1
111 112 111 1
112 111 111 1
22 49 1332 1
49 22 1332 1
33 108 673 1
108 33 673 1
34 108 452 1
108 34 452 1
40 75 477 1
75 40 477 1
47 97 280 1
97 47 280 1
66 102 974 1
102 66 974 1
34 82 812 1
82 34 812 1
40 94 393 1
94 40 393 1
47 96 412 1
96 47 412 1
2 113 1266 1
113 2 1266 1
9 90 1391 1
90 9 1391 1
14 108 790 1
108 14 790 1
29 39 339 1
39 29 339 1
34 86 880 1
86 34 880 1
39 76 461 1
76 39 461 1
109 113 333 1
113 109 333 1
16 68 706 1
68 16 706 1
17 84 1128 1
84 17 1128 1
18 105 1215 1
105 18 1215 1
26 38 554 1
38 26 554 1
35 67 262 1
67 35 262 1
36 85 845 1
85 36 845 1
47 53 268 1
53 47 268 1
47 56 905 1
56 47 905 1
62 83 1241 1
83 62 1241 1
73 110 637 1
110 73 637 1
77 86 724 1
86 77 724 1
80 87 1107 1
87 80 1107 1
8 65 1425 1
65 8 1425 1
13 52 1405 1
52 13 1405 1
19 83 893 1
83 19 893 1
42 82 1028 1
82 42 1028 1
52 87 1253 1
87 52 1253 1
61 106 1151 1
106 61 1151 1
19 76 599 1
76 19 599 1
32 42 728 1
42 32 728 1
37 65 654 1
65 37 654 1
49 56 904 1
56 49 904 1
74 112 785 1
112 74 785 1
76 111 559 1
111 76 559 1
88 101 935 1
101 88 935 1
1 98 1107 1
98 1 1107 1
16 84 311 1
84 16 311 1
21 103 830 1
103 21 830 1
30 114 1027 1
114 30 1027 1
64 86 1029 1
86 64 1029 1
82 113 905 1
113 82 905 1
0 107 1161 1
107 0 1161 1
4 70 430 1
70 4 430 1
5 60 1275 1
60 5 1275 1
24 113 1216 1
113 24 1216 1
28 75 567 1
75 28 567 1
29 51 876 1
51 29 876 1
30 111 1066 1
111 30 1066 1
34 70 564 1
70 34 564 1
57 84 1116 1
84 57 1116 1
111 115 269 1
115 111 269 1
60 88 724 1
88 60 724 1
67 93 875 1
93 67 875 1
0 11 958 1
11 0 958 1
10 88 586 1
88 10 586 1
26 69 1109 1
69 26 1109 1
48 65 674 1
65 48 674 1
55 78 841 1
78 55 841 1
65 89 679 1
89 65 679 1
9 89 869 1
89 9 869 1
34 67 275 1
67 34 275 1
38 40 158 1
40 38 158 1
52 56 797 1
56 52 797 1
95 115 205 1
115 95 205 1
7 35 816 1
35 7 816 1
7 41 617 1
41 7 617 1
17 52 1166 1
52 17 1166 1
21 97 595 1
97 21 595 1
26 71 422 1
71 26 422 1
35 43 347 1
43 35 347 1
61 92 1185 1
92 61 1185 1
101 107 310 1
107 101 310 1
24 39 767 1
39 24 767 1
25 94 912 1
94 25 912 1
26 70 383 1
70 26 383 1
46 72 723 1
72 46 723 1
64 69 676 1
69 64 676 1
0 8 829 1
8 0 829 1
19 82 964 1
82 19 964 1
25 30 292 1
30 25 292 1
29 33 510 1
33 29 510 1
49 50 585 1
50 49 585 1
90 104 351 1
104 90 351 1
4 110 1015 1
110 4 1015 1
11 107 831 1
107 11 831 1
17 66 847 1
66 17 847 1
25 77 710 1
77 25 710 1
63 101 920 1
101 63 920 1
92 106 400 1
106 92 400 1
2 18 379 1
18 2 379 1
6 10 299 1
10 6 299 1
14 26 321 1
26 14 321 1
26 93 1144 1
93 26 1144 1
28 76 345 1
76 28 345 1
39 104 557 1
104 39 557 1
63 89 569 1
89 63 569 1
77 83 539 1
83 77 539 1
4 35 987 1
35 4 987 1
9 110 1098 1
110 9 1098 1
11 103 1036 1
103 11 1036 1
12 51 1375 1
51 12 1375 1
21 95 510 1
95 21 510 1
27 73 417 1
73 27 417 1
95 110 248 1
110 95 248 1
1 39 746 1
39 1 746 1
41 102 822 1
102 41 822 1
58 63 892 1
63 58 892 1
72 77 430 1
77 72 430 1
102 110 495 1
110 102 495 1
21 39 356 1
39 21 356 1
25 70 480 1
70 25 480 1
42 57 855 1
57 42 855 1
69 100 1235 1
100 69 1235 1
87 109 723 1
109 87 723 1
99 101 266 1
101 99 266 1
4 24 144 1
24 4 144 1
18 34 602 1
34 18 602 1
33 56 531 1
56 33 531 1
37 97 271 1
97 37 271 1
46 54 354 1
54 46 354 1
0 91 1266 1
91 0 1266 1
38 104 427 1
104 38 427 1
39 78 740 1
78 39 740 1
41 104 687 1
104 41 687 1
43 108 477 1
108 43 477 1
54 73 776 1
73 54 776 1
57 85 575 1
85 57 575 1
70 72 158 1
72 70 158 1
0 32 356 1
32 0 356 1
52 83 1260 1
83 52 1260 1
56 66 485 1
66 56 485 1
83 86 863 1
86 83 863 1
93 102 600 1
102 93 600 1
95 105 309 1
105 95 309 1
3 19 382 1
19 3 382 1
9 69 1181 1
69 9 1181 1
22 108 1017 1
108 22 1017 1
24 108 938 1
108 24 938 1
39 94 407 1
94 39 407 1
59 98 975 1
98 59 975 1
74 99 759 1
99 74 759 1
82 84 544 1
84 82 544 1
99 104 430 1
104 99 430 1
5 58 1366 1
58 5 1366 1
8 62 964 1
62 8 964 1
16 106 659 1
106 16 659 1
26 54 816 1
54 26 816 1
29 98 934 1
98 29 934 1
29 99 709 1
99 29 709 1
37 103 537 1
103 37 537 1
64 107 1075 1
107 64 1075 1
72 102 769 1
102 72 769 1
74 86 416 1
86 74 416 1
75 91 753 1
91 75 753 1
75 100 924 1
100 75 924 1
82 88 444 1
88 82 444 1
4 31 397 1
31 4 397 1
12 80 516 1
80 12 516 1
13 37 594 1
37 13 594 1
16 66 708 1
66 16 708 1
29 96 758 1
96 29 758 1
40 41 506 1
41 40 506 1
73 86 744 1
86 73 744 1
83 109 722 1
109 83 722 1
2 9 760 1
9 2 760 1
2 10 438 1
10 2 438 1
3 110 994 1
110 3 994 1
27 39 536 1
39 27 536 1
28 95 668 1
95 28 668 1
48 103 924 1
103 48 924 1
58 67 368 1
67 58 368 1
2 25 585 1
25 2 585 1
4 90 1167 1
90 4 1167 1
60 89 1195 1
89 60 1195 1
66 103 1026 1
103 66 1026 1
