116 2668
80 81 1113 1
81 80 1113 1
56 57 840 1
57 56 840 1
42 43 239 1
43 42 239 1
58 59 496 1
59 58 496 1
28 72 116 1
72 28 116 1
28 29 741 1
29 28 741 1
42 47 281 1
47 42 281 1
43 47 146 1
47 43 146 1
4 6 536 1
6 4 536 1
29 72 629 1
72 29 629 1
16 28 220 1
28 16 220 1
25 27 193 1
27 25 193 1
44 45 194 1
45 44 194 1
73 74 458 1
74 73 458 1
42 46 173 1
46 42 173 1
24 25 135 1
25 24 135 1
7 65 934 1
65 7 934 1
16 72 287 1
72 16 287 1
16 17 998 1
17 16 998 1
70 71 263 1
71 70 263 1
28 81 975 1
81 28 975 1
30 31 127 1
31 30 127 1
17 80 1070 1
80 17 1070 1
46 47 309 1
47 46 309 1
17 81 182 1
81 17 182 1
26 27 135 1
27 26 135 1
16 80 152 1
80 16 152 1
59 89 931 1
89 59 931 1
72 80 384 1
80 72 384 1
73 77 274 1
77 73 274 1
43 46 341 1
46 43 341 1
78 79 878 1
79 78 878 1
74 76 203 1
76 74 203 1
43 45 199 1
45 43 199 1
28 80 329 1
80 28 329 1
29 36 705 1
36 29 705 1
86 87 805 1
87 86 805 1
76 79 567 1
79 76 567 1
11 13 168 1
13 11 168 1
16 62 313 1
62 16 313 1
51 89 661 1
89 51 661 1
36 72 276 1
72 36 276 1
13 15 277 1
15 13 277 1
84 85 1130 1
85 84 1130 1
6 7 710 1
7 6 710 1
10 12 181 1
12 10 181 1
76 78 312 1
78 76 312 1
7 9 490 1
9 7 490 1
16 81 1063 1
81 16 1063 1
36 81 848 1
81 36 848 1
5 9 157 1
9 5 157 1
55 98 606 1
98 55 606 1
46 98 212 1
98 46 212 1
48 52 415 1
52 48 415 1
72 81 860 1
81 72 860 1
68 69 164 1
69 68 164 1
76 77 238 1
77 76 238 1
70 77 376 1
77 70 376 1
78 80 116 1
80 78 116 1
79 80 991 1
80 79 991 1
73 76 450 1
76 73 450 1
70 73 402 1
73 70 402 1
29 81 342 1
81 29 342 1
48 51 548 1
51 48 548 1
51 59 486 1
59 51 486 1
17 28 894 1
28 17 894 1
16 76 379 1
76 16 379 1
35 67 262 1
67 35 262 1
0 57 825 1
57 0 825 1
17 63 324 1
63 17 324 1
44 46 353 1
46 44 353 1
39 86 698 1
86 39 698 1
0 56 174 1
56 0 174 1
16 79 934 1
79 16 934 1
71 77 297 1
77 71 297 1
59 61 271 1
61 59 271 1
74 77 362 1
77 74 362 1
17 29 223 1
29 17 223 1
28 36 321 1
36 28 321 1
29 80 961 1
80 29 961 1
91 93 118 1
93 91 118 1
72 76 257 1
76 72 257 1
37 40 562 1
40 37 562 1
7 13 237 1
13 7 237 1
16 78 122 1
78 16 122 1
79 81 136 1
81 79 136 1
61 65 175 1
65 61 175 1
12 13 959 1
13 12 959 1
42 44 208 1
44 42 208 1
15 83 194 1
83 15 194 1
92 100 157 1
100 92 157 1
6 64 941 1
64 6 941 1
91 92 669 1
92 91 669 1
100 104 240 1
104 100 240 1
36 76 232 1
76 36 232 1
49 55 664 1
55 49 664 1
39 41 161 1
41 39 161 1
51 53 271 1
53 51 271 1
90 91 735 1
91 90 735 1
78 81 1002 1
81 78 1002 1
91 102 669 1
102 91 669 1
9 65 1235 1
65 9 1235 1
82 86 143 1
86 82 143 1
1 68 549 1
68 1 549 1
12 14 278 1
14 12 278 1
28 62 527 1
62 28 527 1
12 64 932 1
64 12 932 1
16 29 882 1
29 16 882 1
67 88 939 1
88 67 939 1
91 103 258 1
103 91 258 1
36 80 330 1
80 36 330 1
32 80 590 1
80 32 590 1
60 61 893 1
61 60 893 1
17 72 781 1
72 17 781 1
26 110 904 1
110 26 904 1
50 67 562 1
67 50 562 1
53 55 448 1
55 53 448 1
72 74 76 1
74 72 76 1
16 63 1092 1
63 16 1092 1
56 79 965 1
79 56 965 1
4 69 1158 1
69 4 1158 1
43 44 290 1
44 43 290 1
58 61 717 1
61 58 717 1
45 49 111 1
49 45 111 1
5 65 1232 1
65 5 1232 1
9 48 1507 1
48 9 1507 1
20 25 402 1
25 20 402 1
51 61 458 1
61 51 458 1
52 89 1027 1
89 52 1027 1
51 58 753 1
58 51 753 1
48 67 417 1
67 48 417 1
22 50 1336 1
50 22 1336 1
74 78 322 1
78 74 322 1
1 69 441 1
69 1 441 1
6 65 1218 1
65 6 1218 1
17 79 135 1
79 17 135 1
22 25 402 1
25 22 402 1
14 15 772 1
15 14 772 1
44 47 404 1
47 44 404 1
62 72 566 1
72 62 566 1
64 65 897 1
65 64 897 1
76 80 424 1
80 76 424 1
14 82 179 1
82 14 179 1
45 46 448 1
46 45 448 1
1 57 172 1
57 1 172 1
48 49 410 1
49 48 410 1
76 81 691 1
81 76 691 1
13 64 1328 1
64 13 1328 1
52 58 705 1
58 52 705 1
85 87 616 1
87 85 616 1
4 90 1167 1
90 4 1167 1
21 77 387 1
77 21 387 1
22 87 870 1
87 22 870 1
38 40 158 1
40 38 158 1
20 40 225 1
40 20 225 1
5 67 1194 1
67 5 1194 1
16 36 349 1
36 16 349 1
44 98 563 1
98 44 563 1
51 52 786 1
52 51 786 1
58 89 1156 1
89 58 1156 1
90 103 653 1
103 90 653 1
2 4 569 1
4 2 569 1
46 96 270 1
96 46 270 1
52 90 240 1
90 52 240 1
61 89 738 1
89 61 738 1
93 100 653 1
100 93 653 1
8 69 1192 1
69 8 1192 1
9 51 1357 1
51 9 1357 1
11 15 385 1
15 11 385 1
61 100 1241 1
100 61 1241 1
49 51 172 1
51 49 172 1
60 63 1021 1
63 60 1021 1
72 78 300 1
78 72 300 1
56 80 431 1
80 56 431 1
32 33 149 1
33 32 149 1
47 98 442 1
98 47 442 1
13 65 935 1
65 13 935 1
17 36 828 1
36 17 828 1
2 6 165 1
6 2 165 1
5 51 1334 1
51 5 1334 1
11 14 937 1
14 11 937 1
16 32 504 1
32 16 504 1
44 49 304 1
49 44 304 1
7 64 1244 1
64 7 1244 1
11 83 383 1
83 11 383 1
45 47 345 1
47 45 345 1
9 90 1391 1
90 9 1391 1
21 76 440 1
76 21 440 1
46 55 584 1
55 46 584 1
20 37 510 1
37 20 510 1
54 55 651 1
55 54 651 1
90 92 135 1
92 90 135 1
5 7 538 1
7 5 538 1
15 92 1292 1
92 15 1292 1
36 79 738 1
79 36 738 1
7 92 1445 1
92 7 1445 1
9 61 1165 1
61 9 1165 1
0 1 800 1
1 0 800 1
74 79 666 1
79 74 666 1
88 89 1035 1
89 88 1035 1
103 104 369 1
104 103 369 1
7 61 813 1
61 7 813 1
41 86 672 1
86 41 672 1
25 26 225 1
26 25 225 1
3 7 185 1
7 3 185 1
5 23 453 1
23 5 453 1
6 13 864 1
13 6 864 1
90 100 182 1
100 90 182 1
25 67 1191 1
67 25 1191 1
56 81 1090 1
81 56 1090 1
6 9 834 1
9 6 834 1
25 50 1404 1
50 25 1404 1
4 5 350 1
5 4 350 1
9 89 869 1
89 9 869 1
5 35 974 1
35 5 974 1
9 92 1428 1
92 9 1428 1
17 32 646 1
32 17 646 1
37 43 584 1
43 37 584 1
52 59 956 1
59 52 956 1
72 73 517 1
73 72 517 1
92 93 608 1
93 92 608 1
39 54 618 1
54 39 618 1
36 94 246 1
94 36 246 1
60 64 187 1
64 60 187 1
62 81 1169 1
81 62 1169 1
12 15 906 1
15 12 906 1
29 31 454 1
31 29 454 1
3 5 603 1
5 3 603 1
84 87 1148 1
87 84 1148 1
0 68 414 1
68 0 414 1
21 36 510 1
36 21 510 1
37 77 246 1
77 37 246 1
57 68 520 1
68 57 520 1
62 80 268 1
80 62 268 1
26 87 560 1
87 26 560 1
28 79 847 1
79 28 847 1
114 115 96 1
115 114 96 1
22 23 140 1
23 22 140 1
70 74 155 1
74 70 155 1
2 69 758 1
69 2 758 1
4 9 500 1
9 4 500 1
16 74 335 1
74 16 335 1
90 104 351 1
104 90 351 1
39 87 370 1
87 39 370 1
101 103 106 1
103 101 106 1
52 69 993 1
69 52 993 1
20 87 562 1
87 20 562 1
51 65 287 1
65 51 287 1
80 96 505 1
96 80 505 1
90 93 690 1
93 90 690 1
17 37 368 1
37 17 368 1
37 42 712 1
42 37 712 1
21 73 247 1
73 21 247 1
9 59 1335 1
59 9 1335 1
32 56 384 1
56 32 384 1
29 82 824 1
82 29 824 1
32 72 471 1
72 32 471 1
48 50 202 1
50 48 202 1
50 51 698 1
51 50 698 1
4 7 733 1
7 4 733 1
26 34 907 1
34 26 907 1
22 88 1044 1
88 22 1044 1
56 111 893 1
111 56 893 1
72 79 733 1
79 72 733 1
59 69 338 1
69 59 338 1
40 79 762 1
79 40 762 1
42 45 300 1
45 42 300 1
20 43 937 1
43 20 937 1
52 53 746 1
53 52 746 1
20 21 185 1
21 20 185 1
23 25 373 1
25 23 373 1
31 72 482 1
72 31 482 1
54 83 966 1
83 54 966 1
24 50 1395 1
50 24 1395 1
37 47 493 1
47 37 493 1
60 65 898 1
65 60 898 1
2 67 952 1
67 2 952 1
47 99 231 1
99 47 231 1
5 59 1317 1
59 5 1317 1
42 98 381 1
98 42 381 1
63 111 831 1
111 63 831 1
17 78 955 1
78 17 955 1
57 79 431 1
79 57 431 1
97 107 263 1
107 97 263 1
5 89 870 1
89 5 870 1
39 104 557 1
104 39 557 1
113 114 95 1
114 113 95 1
5 48 1432 1
48 5 1432 1
24 27 252 1
27 24 252 1
28 31 545 1
31 28 545 1
11 12 972 1
12 11 972 1
20 26 232 1
26 20 232 1
62 74 590 1
74 62 590 1
69 90 1119 1
90 69 1119 1
17 56 1024 1
56 17 1024 1
53 61 678 1
61 53 678 1
28 82 255 1
82 28 255 1
60 62 241 1
62 60 241 1
63 79 303 1
79 63 303 1
20 42 954 1
42 20 954 1
36 78 263 1
78 36 263 1
49 53 406 1
53 49 406 1
56 78 391 1
78 56 391 1
0 10 381 1
10 0 381 1
71 73 163 1
73 71 163 1
16 33 609 1
33 16 609 1
40 43 865 1
43 40 865 1
52 61 1057 1
61 52 1057 1
91 100 719 1
100 91 719 1
59 65 304 1
65 59 304 1
49 98 742 1
98 49 742 1
99 111 265 1
111 99 265 1
22 85 1113 1
85 22 1113 1
82 109 693 1
109 82 693 1
92 104 310 1
104 92 310 1
6 15 884 1
15 6 884 1
26 86 416 1
86 26 416 1
48 58 400 1
58 48 400 1
93 104 478 1
104 93 478 1
27 110 890 1
110 27 890 1
44 55 743 1
55 44 743 1
14 83 858 1
83 14 858 1
17 76 648 1
76 17 648 1
35 48 491 1
48 35 491 1
76 111 559 1
111 76 559 1
102 103 508 1
103 102 508 1
6 69 829 1
69 6 829 1
82 83 881 1
83 82 881 1
90 102 246 1
102 90 246 1
27 50 1279 1
50 27 1279 1
36 41 570 1
41 36 570 1
3 65 942 1
65 3 942 1
17 62 1129 1
62 17 1129 1
23 92 1466 1
92 23 1466 1
52 54 402 1
54 52 402 1
75 77 210 1
77 75 210 1
28 76 345 1
76 28 345 1
21 78 664 1
78 21 664 1
13 83 347 1
83 13 347 1
40 76 327 1
76 40 327 1
40 78 376 1
78 40 376 1
46 99 446 1
99 46 446 1
9 67 1237 1
67 9 1237 1
48 65 674 1
65 48 674 1
72 77 430 1
77 72 430 1
48 90 628 1
90 48 628 1
5 90 1279 1
90 5 1279 1
92 102 211 1
102 92 211 1
16 73 769 1
73 16 769 1
28 32 528 1
32 28 528 1
32 78 484 1
78 32 484 1
73 78 740 1
78 73 740 1
38 79 739 1
79 38 739 1
52 83 1260 1
83 52 1260 1
21 74 343 1
74 21 343 1
23 24 403 1
24 23 403 1
22 66 1066 1
66 22 1066 1
36 37 542 1
37 36 542 1
58 66 198 1
66 58 198 1
29 62 1067 1
62 29 1067 1
54 86 568 1
86 54 568 1
62 76 527 1
76 62 527 1
24 67 1223 1
67 24 1223 1
28 78 272 1
78 28 272 1
96 97 322 1
97 96 322 1
9 52 1482 1
52 9 1482 1
58 69 426 1
69 58 426 1
37 38 515 1
38 37 515 1
2 50 1192 1
50 2 1192 1
40 95 491 1
95 40 491 1
4 64 1218 1
64 4 1218 1
36 40 213 1
40 36 213 1
37 76 441 1
76 37 441 1
4 48 1379 1
48 4 1379 1
5 25 129 1
25 5 129 1
22 24 386 1
24 22 386 1
28 30 436 1
30 28 436 1
20 30 328 1
30 20 328 1
38 39 465 1
39 38 465 1
53 58 934 1
58 53 934 1
74 80 415 1
80 74 415 1
1 61 385 1
61 1 385 1
62 63 1134 1
63 62 1134 1
9 100 1346 1
100 9 1346 1
81 96 799 1
96 81 799 1
84 86 610 1
86 84 610 1
7 91 1186 1
91 7 1186 1
7 48 1293 1
48 7 1293 1
13 61 843 1
61 13 843 1
32 81 728 1
81 32 728 1
38 107 545 1
107 38 545 1
56 112 990 1
112 56 990 1
5 58 1366 1
58 5 1366 1
7 100 1408 1
100 7 1408 1
50 88 679 1
88 50 679 1
16 111 812 1
111 16 812 1
30 75 454 1
75 30 454 1
16 56 380 1
56 16 380 1
35 49 434 1
49 35 434 1
2 8 554 1
8 2 554 1
36 73 600 1
73 36 600 1
13 14 902 1
14 13 902 1
25 88 998 1
88 25 998 1
59 100 1223 1
100 59 1223 1
6 91 1386 1
91 6 1386 1
9 13 376 1
13 9 376 1
11 54 1068 1
54 11 1068 1
48 89 1015 1
89 48 1015 1
63 81 293 1
81 63 293 1
26 37 668 1
37 26 668 1
93 101 103 1
101 93 103 1
4 52 1272 1
52 4 1272 1
32 79 600 1
79 32 600 1
51 67 436 1
67 51 436 1
73 75 84 1
75 73 84 1
7 90 1390 1
90 7 1390 1
30 72 390 1
72 30 390 1
4 65 1344 1
65 4 1344 1
40 80 433 1
80 40 433 1
100 102 87 1
102 100 87 1
75 91 753 1
91 75 753 1
6 60 799 1
60 6 799 1
6 90 1185 1
90 6 1185 1
56 76 519 1
76 56 519 1
3 23 271 1
23 3 271 1
21 79 530 1
79 21 530 1
71 103 908 1
103 71 908 1
94 105 354 1
105 94 354 1
6 12 248 1
12 6 248 1
20 22 544 1
22 20 544 1
20 27 271 1
27 20 271 1
50 89 1065 1
89 50 1065 1
25 87 575 1
87 25 575 1
42 115 508 1
115 42 508 1
67 89 830 1
89 67 830 1
78 111 693 1
111 78 693 1
40 73 549 1
73 40 549 1
66 67 177 1
67 66 177 1
66 88 875 1
88 66 875 1
85 88 1097 1
88 85 1097 1
2 88 959 1
88 2 959 1
34 66 268 1
66 34 268 1
70 75 355 1
75 70 355 1
74 81 792 1
81 74 792 1
75 102 865 1
102 75 865 1
1 52 1206 1
52 1 1206 1
37 81 336 1
81 37 336 1
54 109 337 1
109 54 337 1
63 80 1146 1
80 63 1146 1
91 101 197 1
101 91 197 1
12 62 664 1
62 12 664 1
30 73 455 1
73 30 455 1
36 77 422 1
77 36 422 1
65 89 679 1
89 65 679 1
67 69 345 1
69 67 345 1
7 15 461 1
15 7 461 1
77 81 453 1
81 77 453 1
93 102 600 1
102 93 600 1
36 96 257 1
96 36 257 1
1 56 851 1
56 1 851 1
8 14 205 1
14 8 205 1
48 92 683 1
92 48 683 1
62 73 961 1
73 62 961 1
4 100 1129 1
100 4 1129 1
36 62 525 1
62 36 525 1
63 76 747 1
76 63 747 1
5 61 1171 1
61 5 1171 1
9 69 1181 1
69 9 1181 1
10 14 380 1
14 10 380 1
28 40 248 1
40 28 248 1
45 98 655 1
98 45 655 1
21 37 403 1
37 21 403 1
32 46 706 1
46 32 706 1
26 39 604 1
39 26 604 1
78 84 235 1
84 78 235 1
4 8 148 1
8 4 148 1
34 86 880 1
86 34 880 1
65 92 1075 1
92 65 1075 1
77 78 550 1
78 77 550 1
6 61 1132 1
61 6 1132 1
15 52 1350 1
52 15 1350 1
23 50 1386 1
50 23 1386 1
23 88 1119 1
88 23 1119 1
15 64 1349 1
64 15 1349 1
35 44 409 1
44 35 409 1
21 94 569 1
94 21 569 1
24 30 283 1
30 24 283 1
28 74 188 1
74 28 188 1
35 110 305 1
110 35 305 1
63 72 944 1
72 63 944 1
21 27 209 1
27 21 209 1
29 109 610 1
109 29 610 1
21 25 360 1
25 21 360 1
32 57 493 1
57 32 493 1
37 110 431 1
110 37 431 1
40 72 200 1
72 40 200 1
0 69 556 1
69 0 556 1
13 52 1405 1
52 13 1405 1
27 67 1105 1
67 27 1105 1
31 43 1106 1
43 31 1106 1
47 110 210 1
110 47 210 1
56 63 1014 1
63 56 1014 1
24 35 1010 1
35 24 1010 1
37 73 278 1
73 37 278 1
100 103 576 1
103 100 576 1
103 105 173 1
105 103 173 1
8 68 1123 1
68 8 1123 1
48 104 822 1
104 48 822 1
21 72 388 1
72 21 388 1
46 49 541 1
49 46 541 1
30 74 403 1
74 30 403 1
79 87 531 1
87 79 531 1
98 99 479 1
99 98 479 1
34 110 327 1
110 34 327 1
3 25 566 1
25 3 566 1
59 66 363 1
66 59 363 1
59 88 1182 1
88 59 1182 1
82 84 544 1
84 82 544 1
4 13 743 1
13 4 743 1
4 61 1291 1
61 4 1291 1
25 110 1042 1
110 25 1042 1
28 33 585 1
33 28 585 1
36 38 122 1
38 36 122 1
66 86 1121 1
86 66 1121 1
108 114 218 1
114 108 218 1
1 53 949 1
53 1 949 1
43 76 617 1
76 43 617 1
13 48 1332 1
48 13 1332 1
21 40 380 1
40 21 380 1
76 84 486 1
84 76 486 1
91 104 542 1
104 91 542 1
9 64 1448 1
64 9 1448 1
34 35 126 1
35 34 126 1
57 78 938 1
78 57 938 1
57 80 1050 1
80 57 1050 1
4 59 1372 1
59 4 1372 1
30 43 1104 1
43 30 1104 1
33 80 703 1
80 33 703 1
2 9 760 1
9 2 760 1
3 92 1420 1
92 3 1420 1
20 47 858 1
47 20 858 1
36 109 326 1
109 36 326 1
52 68 984 1
68 52 984 1
69 89 1015 1
89 69 1015 1
17 111 850 1
111 17 850 1
37 80 842 1
80 37 842 1
39 94 407 1
94 39 407 1
80 84 162 1
84 80 162 1
5 6 733 1
6 5 733 1
5 92 1324 1
92 5 1324 1
63 70 849 1
70 63 849 1
7 51 1137 1
51 7 1137 1
25 35 978 1
35 25 978 1
28 63 1049 1
63 28 1049 1
46 80 618 1
80 46 618 1
56 99 1051 1
99 56 1051 1
68 97 933 1
97 68 933 1
113 115 188 1
115 113 188 1
7 102 1355 1
102 7 1355 1
20 23 575 1
23 20 575 1
41 104 687 1
104 41 687 1
52 100 420 1
100 52 420 1
6 8 485 1
8 6 485 1
12 60 825 1
60 12 825 1
19 69 323 1
69 19 323 1
55 96 492 1
96 55 492 1
13 60 1245 1
60 13 1245 1
17 77 417 1
77 17 417 1
57 112 990 1
112 57 990 1
101 110 541 1
110 101 541 1
0 12 517 1
12 0 517 1
2 22 228 1
22 2 228 1
16 60 498 1
60 16 498 1
30 40 513 1
40 30 513 1
36 82 401 1
82 36 401 1
8 52 1288 1
52 8 1288 1
11 52 1305 1
52 11 1305 1
14 68 1034 1
68 14 1034 1
22 84 1027 1
84 22 1027 1
52 92 317 1
92 52 317 1
53 54 818 1
54 53 818 1
79 84 1035 1
84 79 1035 1
17 38 824 1
38 17 824 1
64 88 675 1
88 64 675 1
92 103 574 1
103 92 574 1
40 74 182 1
74 40 182 1
73 79 296 1
79 73 296 1
9 91 1212 1
91 9 1212 1
21 43 915 1
43 21 915 1
30 42 1143 1
42 30 1143 1
33 81 613 1
81 33 613 1
42 96 429 1
96 42 429 1
56 84 539 1
84 56 539 1
57 81 488 1
81 57 488 1
64 92 764 1
92 64 764 1
4 15 597 1
15 4 597 1
10 97 936 1
97 10 936 1
27 89 807 1
89 27 807 1
35 45 385 1
45 35 385 1
42 99 482 1
99 42 482 1
0 60 405 1
60 0 405 1
18 19 147 1
19 18 147 1
37 111 552 1
111 37 552 1
57 111 890 1
111 57 890 1
104 105 204 1
105 104 204 1
2 18 379 1
18 2 379 1
48 61 765 1
61 48 765 1
63 73 569 1
73 63 569 1
21 26 271 1
26 21 271 1
30 76 537 1
76 30 537 1
33 72 507 1
72 33 507 1
59 92 1150 1
92 59 1150 1
29 79 257 1
79 29 257 1
41 82 687 1
82 41 687 1
61 90 1156 1
90 61 1156 1
67 90 867 1
90 67 867 1
76 99 626 1
99 76 626 1
16 40 399 1
40 16 399 1
40 42 830 1
42 40 830 1
65 100 1146 1
100 65 1146 1
16 77 611 1
77 16 611 1
70 76 285 1
76 70 285 1
90 105 516 1
105 90 516 1
101 102 595 1
102 101 595 1
17 96 834 1
96 17 834 1
27 88 863 1
88 27 863 1
30 79 725 1
79 30 725 1
33 38 675 1
38 33 675 1
5 50 1417 1
50 5 1417 1
16 37 809 1
37 16 809 1
22 26 505 1
26 22 505 1
32 40 629 1
40 32 629 1
47 76 575 1
76 47 575 1
51 100 973 1
100 51 973 1
51 104 868 1
104 51 868 1
79 96 717 1
96 79 717 1
93 103 173 1
103 93 173 1
17 40 824 1
40 17 824 1
20 31 387 1
31 20 387 1
56 68 408 1
68 56 408 1
96 98 184 1
98 96 184 1
19 70 573 1
70 19 573 1
20 24 393 1
24 20 393 1
20 38 349 1
38 20 349 1
32 76 341 1
76 32 341 1
36 74 242 1
74 36 242 1
71 75 163 1
75 71 163 1
71 92 1069 1
92 71 1069 1
86 109 700 1
109 86 700 1
42 106 676 1
106 42 676 1
71 102 966 1
102 71 966 1
74 75 389 1
75 74 389 1
79 94 650 1
94 79 650 1
13 92 1402 1
92 13 1402 1
16 96 566 1
96 16 566 1
58 65 718 1
65 58 718 1
66 87 1186 1
87 66 1186 1
5 113 1156 1
113 5 1156 1
22 67 1070 1
67 22 1070 1
27 34 903 1
34 27 903 1
37 71 401 1
71 37 401 1
50 85 1013 1
85 50 1013 1
79 86 986 1
86 79 986 1
10 109 786 1
109 10 786 1
26 66 1142 1
66 26 1142 1
27 37 597 1
37 27 597 1
37 72 595 1
72 37 595 1
40 81 874 1
81 40 874 1
64 91 1046 1
91 64 1046 1
1 8 1115 1
8 1 1115 1
4 91 1276 1
91 4 1276 1
9 50 1509 1
50 9 1509 1
20 115 646 1
115 20 646 1
21 38 458 1
38 21 458 1
33 57 394 1
57 33 394 1
48 59 599 1
59 48 599 1
1 59 541 1
59 1 541 1
63 75 591 1
75 63 591 1
3 9 596 1
9 3 596 1
6 48 1184 1
48 6 1184 1
10 28 213 1
28 10 213 1
36 63 945 1
63 36 945 1
35 50 559 1
50 35 559 1
38 94 246 1
94 38 246 1
52 104 543 1
104 52 543 1
62 111 802 1
111 62 802 1
80 94 538 1
94 80 538 1
71 105 832 1
105 71 832 1
23 67 1077 1
67 23 1077 1
39 109 356 1
109 39 356 1
59 60 718 1
60 59 718 1
79 82 965 1
82 79 965 1
6 92 1291 1
92 6 1291 1
8 48 1406 1
48 8 1406 1
19 71 541 1
71 19 541 1
24 110 1066 1
110 24 1066 1
96 109 176 1
109 96 176 1
104 114 171 1
114 104 171 1
9 104 1161 1
104 9 1161 1
20 39 459 1
39 20 459 1
29 63 531 1
63 29 531 1
40 63 1007 1
63 40 1007 1
5 105 1032 1
105 5 1032 1
10 82 401 1
82 10 401 1
10 84 516 1
84 10 516 1
13 90 1367 1
90 13 1367 1
37 63 543 1
63 37 543 1
17 33 512 1
33 17 512 1
31 75 419 1
75 31 419 1
62 79 1049 1
79 62 1049 1
81 84 1146 1
84 81 1146 1
82 87 849 1
87 82 849 1
89 90 968 1
90 89 968 1
72 96 519 1
96 72 519 1
85 86 1120 1
86 85 1120 1
0 8 829 1
8 0 829 1
0 81 1076 1
81 0 1076 1
68 88 1023 1
88 68 1023 1
24 43 1300 1
43 24 1300 1
34 44 373 1
44 34 373 1
32 73 550 1
73 32 550 1
37 96 506 1
96 37 506 1
41 73 204 1
73 41 204 1
41 88 824 1
88 41 824 1
54 98 204 1
98 54 204 1
62 78 287 1
78 62 287 1
76 85 717 1
85 76 717 1
94 96 89 1
96 94 89 1
7 59 970 1
59 7 970 1
17 57 439 1
57 17 439 1
29 94 678 1
94 29 678 1
34 87 945 1
87 34 945 1
41 87 263 1
87 41 263 1
42 112 333 1
112 42 333 1
49 50 585 1
50 49 585 1
38 81 841 1
81 38 841 1
41 92 949 1
92 41 949 1
51 92 878 1
92 51 878 1
81 82 1081 1
82 81 1081 1
104 109 377 1
109 104 377 1
2 64 992 1
64 2 992 1
4 92 1237 1
92 4 1237 1
22 99 1240 1
99 22 1240 1
26 85 985 1
85 26 985 1
31 73 397 1
73 31 397 1
37 87 433 1
87 37 433 1
38 97 469 1
97 38 469 1
53 89 552 1
89 53 552 1
58 100 1047 1
100 58 1047 1
83 92 1187 1
92 83 1187 1
103 114 282 1
114 103 282 1
104 115 184 1
115 104 184 1
22 27 524 1
27 22 524 1
29 96 758 1
96 29 758 1
28 73 629 1
73 28 629 1
30 77 559 1
77 30 559 1
37 39 117 1
39 37 117 1
38 96 284 1
96 38 284 1
39 83 378 1
83 39 378 1
43 96 503 1
96 43 503 1
48 100 791 1
100 48 791 1
62 75 893 1
75 62 893 1
83 100 1134 1
100 83 1134 1
23 65 1169 1
65 23 1169 1
28 38 358 1
38 28 358 1
37 79 267 1
79 37 267 1
63 74 885 1
74 63 885 1
90 101 719 1
101 90 719 1
35 90 713 1
90 35 713 1
36 39 517 1
39 36 517 1
37 78 740 1
78 37 740 1
54 87 939 1
87 54 939 1
58 60 266 1
60 58 266 1
3 50 1273 1
50 3 1273 1
4 23 506 1
23 4 506 1
4 51 1418 1
51 4 1418 1
10 54 681 1
54 10 681 1
28 75 567 1
75 28 567 1
40 77 472 1
77 40 472 1
3 114 1184 1
114 3 1184 1
5 52 1379 1
52 5 1379 1
8 9 638 1
9 8 638 1
10 11 986 1
11 10 986 1
11 65 770 1
65 11 770 1
18 30 564 1
30 18 564 1
59 67 245 1
67 59 245 1
79 111 717 1
111 79 717 1
1 58 829 1
58 1 829 1
46 72 723 1
72 46 723 1
2 24 548 1
24 2 548 1
14 88 613 1
88 14 613 1
28 109 610 1
109 28 610 1
32 74 456 1
74 32 456 1
70 102 879 1
102 70 879 1
72 75 453 1
75 72 453 1
72 109 524 1
109 72 524 1
4 67 1210 1
67 4 1210 1
25 34 1006 1
34 25 1006 1
48 91 808 1
91 48 808 1
2 23 340 1
23 2 340 1
3 51 1145 1
51 3 1145 1
48 93 850 1
93 48 850 1
52 55 814 1
55 52 814 1
53 98 671 1
98 53 671 1
59 90 1104 1
90 59 1104 1
66 84 731 1
84 66 731 1
24 26 201 1
26 24 201 1
30 70 259 1
70 30 259 1
80 111 747 1
111 80 747 1
5 100 1233 1
100 5 1233 1
16 30 615 1
30 16 615 1
50 52 243 1
52 50 243 1
65 113 852 1
113 65 852 1
87 112 968 1
112 87 968 1
14 86 272 1
86 14 272 1
16 46 699 1
46 16 699 1
20 74 213 1
74 20 213 1
21 31 344 1
31 21 344 1
25 89 956 1
89 25 956 1
47 96 412 1
96 47 412 1
23 93 1407 1
93 23 1407 1
28 96 577 1
96 28 577 1
39 55 254 1
55 39 254 1
48 88 830 1
88 48 830 1
52 88 542 1
88 52 542 1
69 88 1077 1
88 69 1077 1
0 14 728 1
14 0 728 1
25 43 1261 1
43 25 1261 1
25 105 1085 1
105 25 1085 1
56 74 591 1
74 56 591 1
5 88 1026 1
88 5 1026 1
9 58 1436 1
58 9 1436 1
18 91 1236 1
91 18 1236 1
19 47 942 1
47 19 942 1
38 80 426 1
80 38 426 1
43 98 522 1
98 43 522 1
59 104 1146 1
104 59 1146 1
87 88 1035 1
88 87 1035 1
39 52 892 1
52 39 892 1
4 18 866 1
18 4 866 1
12 97 1013 1
97 12 1013 1
18 75 668 1
75 18 668 1
21 70 303 1
70 21 303 1
40 94 393 1
94 40 393 1
5 13 461 1
13 5 461 1
22 115 1138 1
115 22 1138 1
23 31 199 1
31 23 199 1
2 48 1199 1
48 2 1199 1
10 62 483 1
62 10 483 1
20 76 380 1
76 20 380 1
26 84 884 1
84 26 884 1
34 42 401 1
42 34 401 1
63 77 536 1
77 63 536 1
84 99 865 1
99 84 865 1
1 90 1264 1
90 1 1264 1
16 57 981 1
57 16 981 1
29 32 631 1
32 29 631 1
33 36 610 1
36 33 610 1
38 78 371 1
78 38 371 1
71 90 1013 1
90 71 1013 1
40 107 641 1
107 40 641 1
73 81 406 1
81 73 406 1
105 114 152 1
114 105 152 1
10 81 1126 1
81 10 1126 1
18 88 1010 1
88 18 1010 1
30 38 642 1
38 30 642 1
44 99 632 1
99 44 632 1
3 105 1215 1
105 3 1215 1
39 68 969 1
68 39 969 1
81 94 732 1
94 81 732 1
3 113 1250 1
113 3 1250 1
5 24 252 1
24 5 252 1
26 38 554 1
38 26 554 1
30 37 688 1
37 30 688 1
39 82 719 1
82 39 719 1
70 72 158 1
72 70 158 1
4 35 987 1
35 4 987 1
10 99 1105 1
99 10 1105 1
19 103 1259 1
103 19 1259 1
29 33 510 1
33 29 510 1
29 76 555 1
76 29 555 1
37 41 217 1
41 37 217 1
88 92 521 1
92 88 521 1
4 58 1292 1
58 4 1292 1
20 34 683 1
34 20 683 1
20 78 525 1
78 20 525 1
34 106 693 1
106 34 693 1
72 82 298 1
82 72 298 1
77 80 662 1
80 77 662 1
87 89 476 1
89 87 476 1
15 91 1009 1
91 15 1009 1
37 70 546 1
70 37 546 1
40 47 783 1
47 40 783 1
42 78 692 1
78 42 692 1
92 105 456 1
105 92 456 1
19 33 238 1
33 19 238 1
101 104 464 1
104 101 464 1
82 85 1121 1
85 82 1121 1
17 74 721 1
74 17 721 1
18 24 845 1
24 18 845 1
31 46 1090 1
46 31 1090 1
47 55 367 1
55 47 367 1
79 85 260 1
85 79 260 1
19 101 1295 1
101 19 1295 1
43 99 372 1
99 43 372 1
74 84 507 1
84 74 507 1
3 45 1118 1
45 3 1118 1
31 42 1171 1
42 31 1171 1
34 50 475 1
50 34 475 1
36 86 441 1
86 36 441 1
58 68 392 1
68 58 392 1
61 92 1185 1
92 61 1185 1
71 91 911 1
91 71 911 1
85 99 448 1
99 85 448 1
3 21 582 1
21 3 582 1
5 49 1365 1
49 5 1365 1
8 90 1188 1
90 8 1188 1
20 73 397 1
73 20 397 1
33 94 670 1
94 33 670 1
34 84 580 1
84 34 580 1
47 78 767 1
78 47 767 1
59 68 484 1
68 59 484 1
72 94 485 1
94 72 485 1
102 105 355 1
105 102 355 1
4 103 1174 1
103 4 1174 1
15 82 832 1
82 15 832 1
53 59 742 1
59 53 742 1
55 99 216 1
99 55 216 1
3 89 961 1
89 3 961 1
61 63 238 1
63 61 238 1
64 108 748 1
108 64 748 1
71 114 814 1
114 71 814 1
1 60 923 1
60 1 923 1
2 68 671 1
68 2 671 1
6 18 473 1
18 6 473 1
17 94 764 1
94 17 764 1
24 45 1393 1
45 24 1393 1
27 87 439 1
87 27 439 1
29 54 871 1
54 29 871 1
45 108 643 1
108 45 643 1
82 99 978 1
99 82 978 1
13 54 1130 1
54 13 1130 1
30 99 1049 1
99 30 1049 1
35 51 483 1
51 35 483 1
48 53 654 1
53 48 654 1
48 55 832 1
55 48 832 1
54 56 722 1
56 54 722 1
85 95 486 1
95 85 486 1
6 52 1192 1
52 6 1192 1
9 88 1163 1
88 9 1163 1
22 34 922 1
34 22 922 1
26 88 791 1
88 26 791 1
28 37 709 1
37 28 709 1
35 88 741 1
88 35 741 1
40 70 311 1
70 40 311 1
61 104 1114 1
104 61 1114 1
21 96 648 1
96 21 648 1
49 104 900 1
104 49 900 1
89 92 938 1
92 89 938 1
6 100 1229 1
100 6 1229 1
10 68 756 1
68 10 756 1
16 31 718 1
31 16 718 1
31 40 592 1
40 31 592 1
32 34 327 1
34 32 327 1
43 78 794 1
78 43 794 1
14 64 1035 1
64 14 1035 1
30 46 1051 1
46 30 1051 1
32 36 555 1
36 32 555 1
2 90 1252 1
90 2 1252 1
24 31 318 1
31 24 318 1
33 78 590 1
78 33 590 1
43 72 870 1
72 43 870 1
44 112 534 1
112 44 534 1
45 55 662 1
55 45 662 1
60 75 915 1
75 60 915 1
74 85 839 1
85 74 839 1
78 87 1016 1
87 78 1016 1
78 99 844 1
99 78 844 1
97 111 292 1
111 97 292 1
24 66 1233 1
66 24 1233 1
87 115 746 1
115 87 746 1
7 114 1176 1
114 7 1176 1
16 38 439 1
38 16 439 1
27 35 871 1
35 27 871 1
37 46 651 1
46 37 651 1
52 67 728 1
67 52 728 1
58 88 918 1
88 58 918 1
63 78 1033 1
78 63 1033 1
78 96 453 1
96 78 453 1
5 53 1317 1
53 5 1317 1
7 11 254 1
11 7 254 1
14 54 716 1
54 14 716 1
24 34 1021 1
34 24 1021 1
28 77 540 1
77 28 540 1
47 80 841 1
80 47 841 1
54 82 561 1
82 54 561 1
65 88 1179 1
88 65 1179 1
77 79 329 1
79 77 329 1
99 109 321 1
109 99 321 1
10 13 1004 1
13 10 1004 1
14 109 799 1
109 14 799 1
15 90 1267 1
90 15 1267 1
21 71 214 1
71 21 214 1
29 30 533 1
30 29 533 1
31 77 552 1
77 31 552 1
38 84 429 1
84 38 429 1
39 66 861 1
66 39 861 1
45 67 282 1
67 45 282 1
46 95 451 1
95 46 451 1
84 111 669 1
111 84 669 1
33 35 375 1
35 33 375 1
41 103 653 1
103 41 653 1
1 89 788 1
89 1 788 1
23 91 1352 1
91 23 1352 1
58 83 1281 1
83 58 1281 1
3 27 634 1
27 3 634 1
12 82 376 1
82 12 376 1
26 41 487 1
41 26 487 1
35 105 686 1
105 35 686 1
65 108 767 1
108 65 767 1
2 7 566 1
7 2 566 1
13 109 892 1
109 13 892 1
17 109 666 1
109 17 666 1
43 77 556 1
77 43 556 1
55 109 337 1
109 55 337 1
15 100 1225 1
100 15 1225 1
15 109 824 1
109 15 824 1
16 75 702 1
75 16 702 1
19 67 590 1
67 19 590 1
20 70 213 1
70 20 213 1
22 86 800 1
86 22 800 1
57 63 249 1
63 57 249 1
57 106 1143 1
106 57 1143 1
60 69 564 1
69 60 564 1
0 111 985 1
111 0 985 1
20 50 1025 1
50 20 1025 1
18 101 1348 1
101 18 1348 1
19 90 1212 1
90 19 1212 1
32 112 880 1
112 32 880 1
56 87 1244 1
87 56 1244 1
67 104 923 1
104 67 923 1
2 91 1366 1
91 2 1366 1
20 77 434 1
77 20 434 1
21 41 236 1
41 21 236 1
25 45 1358 1
45 25 1358 1
54 57 1038 1
57 54 1038 1
64 75 961 1
75 64 961 1
0 79 944 1
79 0 944 1
6 11 866 1
11 6 866 1
38 66 807 1
66 38 807 1
73 80 850 1
80 73 850 1
75 92 967 1
92 75 967 1
84 110 598 1
110 84 598 1
93 99 208 1
99 93 208 1
95 112 395 1
112 95 395 1
6 59 1126 1
59 6 1126 1
16 109 631 1
109 16 631 1
23 64 1238 1
64 23 1238 1
32 42 728 1
42 32 728 1
32 77 383 1
77 32 383 1
88 104 496 1
104 88 496 1
0 99 1111 1
99 0 1111 1
7 23 337 1
23 7 337 1
27 106 796 1
106 27 796 1
79 99 574 1
99 79 574 1
95 107 258 1
107 95 258 1
29 73 113 1
73 29 113 1
46 56 752 1
56 46 752 1
47 109 317 1
109 47 317 1
61 69 456 1
69 61 456 1
61 91 822 1
91 61 822 1
100 105 430 1
105 100 430 1
106 115 278 1
115 106 278 1
9 60 1369 1
60 9 1369 1
10 29 893 1
29 10 893 1
29 75 189 1
75 29 189 1
31 44 1185 1
44 31 1185 1
38 87 730 1
87 38 730 1
46 112 262 1
112 46 262 1
20 106 592 1
106 20 592 1
23 83 710 1
83 23 710 1
27 85 894 1
85 27 894 1
29 38 680 1
38 29 680 1
64 114 838 1
114 64 838 1
78 86 556 1
86 78 556 1
39 106 557 1
106 39 557 1
65 114 861 1
114 65 861 1
1 2 743 1
2 1 743 1
4 89 1056 1
89 4 1056 1
15 48 1360 1
48 15 1360 1
21 87 397 1
87 21 397 1
51 90 888 1
90 51 888 1
57 84 1116 1
84 57 1116 1
0 17 982 1
17 0 982 1
14 41 702 1
41 14 702 1
40 87 708 1
87 40 708 1
43 115 517 1
115 43 517 1
50 66 475 1
66 50 475 1
89 104 710 1
104 89 710 1
0 63 1010 1
63 0 1010 1
5 69 1149 1
69 5 1149 1
7 113 1243 1
113 7 1243 1
12 65 1303 1
65 12 1303 1
86 88 460 1
88 86 460 1
11 97 774 1
97 11 774 1
45 50 474 1
50 45 474 1
10 80 357 1
80 10 357 1
65 91 690 1
91 65 690 1
65 102 1120 1
102 65 1120 1
102 104 159 1
104 102 159 1
4 19 922 1
19 4 922 1
21 80 756 1
80 21 756 1
33 77 332 1
77 33 332 1
49 54 854 1
54 49 854 1
67 101 953 1
101 67 953 1
107 111 490 1
111 107 490 1
8 100 1159 1
100 8 1159 1
41 105 605 1
105 41 605 1
90 114 392 1
114 90 392 1
1 4 1035 1
4 1 1035 1
14 52 1090 1
52 14 1090 1
26 40 419 1
40 26 419 1
38 57 968 1
57 38 968 1
48 69 703 1
69 48 703 1
75 103 753 1
103 75 753 1
7 104 1243 1
104 7 1243 1
8 59 1427 1
59 8 1427 1
26 50 1256 1
50 26 1256 1
46 78 577 1
78 46 577 1
47 106 636 1
106 47 636 1
57 69 378 1
69 57 378 1
8 58 1298 1
58 8 1298 1
11 48 1197 1
48 11 1197 1
41 109 485 1
109 41 485 1
49 52 718 1
52 49 718 1
50 87 1314 1
87 50 1314 1
70 103 965 1
103 70 965 1
103 113 295 1
113 103 295 1
14 85 1160 1
85 14 1160 1
25 37 745 1
37 25 745 1
27 77 594 1
77 27 594 1
33 62 690 1
62 33 690 1
37 74 520 1
74 37 520 1
37 106 622 1
106 37 622 1
44 48 114 1
48 44 114 1
52 65 959 1
65 52 959 1
66 89 963 1
89 66 963 1
110 111 172 1
111 110 172 1
111 112 111 1
112 111 111 1
36 105 576 1
105 36 576 1
68 107 1166 1
107 68 1166 1
87 106 830 1
106 87 830 1
11 64 1218 1
64 11 1218 1
25 85 1018 1
85 25 1018 1
43 108 477 1
108 43 477 1
55 56 1043 1
56 55 1043 1
64 97 835 1
97 64 835 1
87 99 759 1
99 87 759 1
16 21 674 1
21 16 674 1
24 105 1115 1
105 24 1115 1
31 33 517 1
33 31 517 1
40 41 506 1
41 40 506 1
55 104 526 1
104 55 526 1
62 70 663 1
70 62 663 1
68 89 1110 1
89 68 1110 1
79 95 480 1
95 79 480 1
1 6 868 1
6 1 868 1
3 31 315 1
31 3 315 1
8 61 1371 1
61 8 1371 1
11 60 1139 1
60 11 1139 1
19 110 862 1
110 19 862 1
33 66 503 1
66 33 503 1
38 74 265 1
74 38 265 1
42 80 740 1
80 42 740 1
46 79 801 1
79 46 801 1
58 67 368 1
67 58 368 1
62 82 720 1
82 62 720 1
15 54 1028 1
54 15 1028 1
48 64 369 1
64 48 369 1
68 106 1131 1
106 68 1131 1
74 112 785 1
112 74 785 1
2 14 572 1
14 2 572 1
6 75 726 1
75 6 726 1
16 99 951 1
99 16 951 1
20 110 682 1
110 20 682 1
23 87 803 1
87 23 803 1
29 37 304 1
37 29 304 1
41 94 523 1
94 41 523 1
65 90 1061 1
90 65 1061 1
2 93 1417 1
93 2 1417 1
17 73 298 1
73 17 298 1
18 103 1302 1
103 18 1302 1
37 112 610 1
112 37 610 1
56 62 252 1
62 56 252 1
66 68 378 1
68 66 378 1
88 105 671 1
105 88 671 1
3 24 623 1
24 3 623 1
18 64 805 1
64 18 805 1
29 40 655 1
40 29 655 1
39 40 508 1
40 39 508 1
51 55 568 1
55 51 568 1
52 93 761 1
93 52 761 1
60 74 699 1
74 60 699 1
67 108 667 1
108 67 667 1
93 111 397 1
111 93 397 1
14 69 1104 1
69 14 1104 1
16 47 880 1
47 16 880 1
46 109 326 1
109 46 326 1
74 87 714 1
87 74 714 1
83 85 549 1
85 83 549 1
42 76 612 1
76 42 612 1
56 82 787 1
82 56 787 1
83 95 609 1
95 83 609 1
33 79 486 1
79 33 486 1
71 74 359 1
74 71 359 1
100 101 656 1
101 100 656 1
27 43 1124 1
43 27 1124 1
29 83 227 1
83 29 227 1
47 84 791 1
84 47 791 1
81 111 760 1
111 81 760 1
9 71 488 1
71 9 488 1
29 78 851 1
78 29 851 1
41 100 894 1
100 41 894 1
57 86 1231 1
86 57 1231 1
75 76 374 1
76 75 374 1
76 96 361 1
96 76 361 1
5 108 888 1
108 5 888 1
15 39 506 1
39 15 506 1
21 30 349 1
30 21 349 1
21 85 716 1
85 21 716 1
31 45 1171 1
45 31 1171 1
42 55 629 1
55 42 629 1
99 101 266 1
101 99 266 1
11 29 239 1
29 11 239 1
11 85 574 1
85 11 574 1
31 70 334 1
70 31 334 1
40 46 685 1
46 40 685 1
60 91 1127 1
91 60 1127 1
83 86 863 1
86 83 863 1
0 80 485 1
80 0 485 1
4 24 144 1
24 4 144 1
16 82 421 1
82 16 421 1
17 19 648 1
19 17 648 1
24 89 1045 1
89 24 1045 1
42 111 258 1
111 42 258 1
107 115 298 1
115 107 298 1
12 83 999 1
83 12 999 1
13 100 1359 1
100 13 1359 1
34 37 540 1
37 34 540 1
60 100 938 1
100 60 938 1
76 87 753 1
87 76 753 1
19 63 644 1
63 19 644 1
31 36 716 1
36 31 716 1
34 43 397 1
43 34 397 1
46 76 517 1
76 46 517 1
60 111 787 1
111 60 787 1
61 83 902 1
83 61 902 1
64 69 676 1
69 64 676 1
74 113 753 1
113 74 753 1
97 99 180 1
99 97 180 1
98 109 329 1
109 98 329 1
20 107 666 1
107 20 666 1
21 29 329 1
29 21 329 1
23 85 1053 1
85 23 1053 1
32 37 626 1
37 32 626 1
38 72 305 1
72 38 305 1
39 105 458 1
105 39 458 1
43 94 518 1
94 43 518 1
61 113 968 1
113 61 968 1
67 92 922 1
92 67 922 1
78 112 768 1
112 78 768 1
7 12 856 1
12 7 856 1
15 41 349 1
41 15 349 1
21 81 634 1
81 21 634 1
31 102 1165 1
102 31 1165 1
39 95 233 1
95 39 233 1
56 106 934 1
106 56 934 1
65 67 361 1
67 65 361 1
89 100 936 1
100 89 936 1
15 65 1052 1
65 15 1052 1
23 114 1244 1
114 23 1244 1
30 47 1058 1
47 30 1058 1
46 81 867 1
81 46 867 1
49 67 315 1
67 49 315 1
62 109 711 1
109 62 711 1
2 25 585 1
25 2 585 1
16 42 811 1
42 16 811 1
17 82 1011 1
82 17 1011 1
32 38 642 1
38 32 642 1
47 81 624 1
81 47 624 1
77 105 632 1
105 77 632 1
86 110 816 1
110 86 816 1
91 98 616 1
98 91 616 1
2 5 685 1
5 2 685 1
22 107 1142 1
107 22 1142 1
38 73 580 1
73 38 580 1
42 84 665 1
84 42 665 1
99 113 264 1
113 99 264 1
0 62 386 1
62 0 386 1
25 40 618 1
40 25 618 1
26 67 1128 1
67 26 1128 1
40 96 436 1
96 40 436 1
58 95 897 1
95 58 897 1
97 114 263 1
114 97 263 1
39 115 411 1
115 39 411 1
40 111 707 1
111 40 707 1
47 111 188 1
111 47 188 1
50 115 676 1
115 50 676 1
51 88 1099 1
88 51 1099 1
80 98 568 1
98 80 568 1
0 82 741 1
82 0 741 1
7 89 868 1
89 7 868 1
11 55 701 1
55 11 701 1
23 105 1262 1
105 23 1262 1
25 51 1371 1
51 25 1371 1
30 84 877 1
84 30 877 1
58 104 1061 1
104 58 1061 1
80 97 779 1
97 80 779 1
103 115 322 1
115 103 322 1
2 19 481 1
19 2 481 1
9 93 1250 1
93 9 1250 1
13 91 1074 1
91 13 1074 1
24 88 947 1
88 24 947 1
37 84 862 1
84 37 862 1
38 76 305 1
76 38 305 1
49 100 971 1
100 49 971 1
54 68 945 1
68 54 945 1
105 115 176 1
115 105 176 1
6 58 957 1
58 6 957 1
7 60 1133 1
60 7 1133 1
20 95 541 1
95 20 541 1
30 33 526 1
33 30 526 1
32 63 656 1
63 32 656 1
37 86 777 1
86 37 777 1
