116 2668
44 49 304 1
49 44 304 1
44 45 194 1
45 44 194 1
43 44 290 1
44 43 290 1
42 46 173 1
46 42 173 1
45 49 111 1
49 45 111 1
43 49 240 1
49 43 240 1
42 47 281 1
47 42 281 1
42 43 239 1
43 42 239 1
28 72 116 1
72 28 116 1
43 46 341 1
46 43 341 1
80 81 1113 1
81 80 1113 1
96 111 286 1
111 96 286 1
43 45 199 1
45 43 199 1
43 47 146 1
47 43 146 1
46 96 270 1
96 46 270 1
44 96 580 1
96 44 580 1
73 74 458 1
74 73 458 1
47 49 380 1
49 47 380 1
46 47 309 1
47 46 309 1
49 96 720 1
96 49 720 1
46 49 541 1
49 46 541 1
30 31 127 1
31 30 127 1
43 96 503 1
96 43 503 1
98 111 265 1
111 98 265 1
44 111 448 1
111 44 448 1
42 44 208 1
44 42 208 1
96 98 184 1
98 96 184 1
98 99 479 1
99 98 479 1
78 79 878 1
79 78 878 1
44 47 404 1
47 44 404 1
42 49 396 1
49 42 396 1
29 72 629 1
72 29 629 1
44 46 353 1
46 44 353 1
49 111 530 1
111 49 530 1
102 103 508 1
103 102 508 1
96 110 214 1
110 96 214 1
16 81 1063 1
81 16 1063 1
42 96 429 1
96 42 429 1
47 96 412 1
96 47 412 1
43 111 293 1
111 43 293 1
45 47 345 1
47 45 345 1
50 52 243 1
52 50 243 1
64 84 478 1
84 64 478 1
48 49 410 1
49 48 410 1
42 45 300 1
45 42 300 1
79 81 136 1
81 79 136 1
29 76 555 1
76 29 555 1
45 96 643 1
96 45 643 1
1 11 394 1
11 1 394 1
49 98 742 1
98 49 742 1
55 98 606 1
98 55 606 1
46 111 189 1
111 46 189 1
59 61 271 1
61 59 271 1
44 98 563 1
98 44 563 1
72 76 257 1
76 72 257 1
55 96 492 1
96 55 492 1
1 57 172 1
57 1 172 1
91 101 197 1
101 91 197 1
45 111 467 1
111 45 467 1
73 76 450 1
76 73 450 1
16 80 152 1
80 16 152 1
44 48 114 1
48 44 114 1
47 110 210 1
110 47 210 1
78 81 1002 1
81 78 1002 1
72 74 76 1
74 72 76 1
76 77 238 1
77 76 238 1
59 89 931 1
89 59 931 1
47 111 188 1
111 47 188 1
46 98 212 1
98 46 212 1
6 84 795 1
84 6 795 1
49 55 664 1
55 49 664 1
16 17 998 1
17 16 998 1
42 110 303 1
110 42 303 1
104 105 204 1
105 104 204 1
99 111 265 1
111 99 265 1
10 12 181 1
12 10 181 1
25 27 193 1
27 25 193 1
28 29 741 1
29 28 741 1
45 46 448 1
46 45 448 1
92 93 608 1
93 92 608 1
45 110 453 1
110 45 453 1
42 111 258 1
111 42 258 1
46 55 584 1
55 46 584 1
16 79 934 1
79 16 934 1
31 33 517 1
33 31 517 1
17 28 894 1
28 17 894 1
93 101 103 1
101 93 103 1
105 115 176 1
115 105 176 1
74 76 203 1
76 74 203 1
17 63 324 1
63 17 324 1
95 108 123 1
108 95 123 1
0 28 492 1
28 0 492 1
61 89 738 1
89 61 738 1
16 56 380 1
56 16 380 1
37 77 246 1
77 37 246 1
91 93 118 1
93 91 118 1
40 41 506 1
41 40 506 1
52 53 746 1
53 52 746 1
16 72 287 1
72 16 287 1
51 52 786 1
52 51 786 1
17 57 439 1
57 17 439 1
43 98 522 1
98 43 522 1
46 110 220 1
110 46 220 1
78 80 116 1
80 78 116 1
48 96 608 1
96 48 608 1
72 80 384 1
80 72 384 1
31 71 265 1
71 31 265 1
43 55 485 1
55 43 485 1
55 99 216 1
99 55 216 1
47 48 490 1
48 47 490 1
24 25 135 1
25 24 135 1
6 30 365 1
30 6 365 1
72 73 517 1
73 72 517 1
28 83 861 1
83 28 861 1
62 80 268 1
80 62 268 1
96 99 428 1
99 96 428 1
44 110 439 1
110 44 439 1
110 111 172 1
111 110 172 1
61 63 238 1
63 61 238 1
54 89 853 1
89 54 853 1
29 40 655 1
40 29 655 1
4 26 161 1
26 4 161 1
46 48 368 1
48 46 368 1
16 74 335 1
74 16 335 1
20 30 328 1
30 20 328 1
16 62 313 1
62 16 313 1
25 35 978 1
35 25 978 1
52 54 402 1
54 52 402 1
79 80 991 1
80 79 991 1
9 15 219 1
15 9 219 1
64 87 1344 1
87 64 1344 1
44 55 743 1
55 44 743 1
29 73 113 1
73 29 113 1
19 69 323 1
69 19 323 1
5 25 129 1
25 5 129 1
56 80 431 1
80 56 431 1
42 48 243 1
48 42 243 1
17 79 135 1
79 17 135 1
36 41 570 1
41 36 570 1
84 86 610 1
86 84 610 1
70 77 376 1
77 70 376 1
10 14 380 1
14 10 380 1
17 72 781 1
72 17 781 1
32 33 149 1
33 32 149 1
37 41 217 1
41 37 217 1
20 31 387 1
31 20 387 1
26 27 135 1
27 26 135 1
17 29 223 1
29 17 223 1
70 75 355 1
75 70 355 1
75 77 210 1
77 75 210 1
11 13 168 1
13 11 168 1
77 78 550 1
78 77 550 1
41 73 204 1
73 41 204 1
72 81 860 1
81 72 860 1
27 87 439 1
87 27 439 1
7 31 345 1
31 7 345 1
73 75 84 1
75 73 84 1
95 109 146 1
109 95 146 1
64 86 1029 1
86 64 1029 1
37 40 562 1
40 37 562 1
49 110 518 1
110 49 518 1
37 38 515 1
38 37 515 1
16 78 122 1
78 16 122 1
22 64 1169 1
64 22 1169 1
26 88 791 1
88 26 791 1
43 48 391 1
48 43 391 1
74 81 792 1
81 74 792 1
76 81 691 1
81 76 691 1
4 24 144 1
24 4 144 1
62 63 1134 1
63 62 1134 1
74 80 415 1
80 74 415 1
47 98 442 1
98 47 442 1
36 40 213 1
40 36 213 1
48 98 566 1
98 48 566 1
0 72 516 1
72 0 516 1
28 76 345 1
76 28 345 1
36 37 542 1
37 36 542 1
7 30 462 1
30 7 462 1
56 81 1090 1
81 56 1090 1
36 76 232 1
76 36 232 1
48 51 548 1
51 48 548 1
17 81 182 1
81 17 182 1
60 63 1021 1
63 60 1021 1
6 64 941 1
64 6 941 1
0 17 982 1
17 0 982 1
37 76 441 1
76 37 441 1
67 105 903 1
105 67 903 1
1 17 391 1
17 1 391 1
29 41 234 1
41 29 234 1
34 35 126 1
35 34 126 1
57 73 601 1
73 57 601 1
43 110 298 1
110 43 298 1
49 99 587 1
99 49 587 1
62 72 566 1
72 62 566 1
28 80 329 1
80 28 329 1
55 111 434 1
111 55 434 1
70 76 285 1
76 70 285 1
41 74 484 1
74 41 484 1
29 81 342 1
81 29 342 1
17 62 1129 1
62 17 1129 1
45 98 655 1
98 45 655 1
16 76 379 1
76 16 379 1
22 84 1027 1
84 22 1027 1
29 83 227 1
83 29 227 1
38 39 465 1
39 38 465 1
16 28 220 1
28 16 220 1
34 64 445 1
64 34 445 1
46 99 446 1
99 46 446 1
67 93 875 1
93 67 875 1
59 66 363 1
66 59 363 1
41 83 252 1
83 41 252 1
42 98 381 1
98 42 381 1
47 99 231 1
99 47 231 1
50 53 744 1
53 50 744 1
1 13 546 1
13 1 546 1
4 8 148 1
8 4 148 1
29 63 531 1
63 29 531 1
30 33 526 1
33 30 526 1
93 105 305 1
105 93 305 1
16 29 882 1
29 16 882 1
24 35 1010 1
35 24 1010 1
37 75 239 1
75 37 239 1
45 48 304 1
48 45 304 1
68 97 933 1
97 68 933 1
84 87 1148 1
87 84 1148 1
103 105 173 1
105 103 173 1
10 13 1004 1
13 10 1004 1
38 82 362 1
82 38 362 1
28 63 1049 1
63 28 1049 1
58 59 496 1
59 58 496 1
74 75 389 1
75 74 389 1
12 13 959 1
13 12 959 1
29 80 961 1
80 29 961 1
43 99 372 1
99 43 372 1
60 61 893 1
61 60 893 1
101 103 106 1
103 101 106 1
23 105 1262 1
105 23 1262 1
98 112 277 1
112 98 277 1
5 27 165 1
27 5 165 1
47 55 367 1
55 47 367 1
29 74 571 1
74 29 571 1
76 80 424 1
80 76 424 1
37 79 267 1
79 37 267 1
76 78 312 1
78 76 312 1
29 77 357 1
77 29 357 1
48 50 202 1
50 48 202 1
48 55 832 1
55 48 832 1
6 86 719 1
86 6 719 1
22 82 706 1
82 22 706 1
36 73 600 1
73 36 600 1
54 59 1020 1
59 54 1020 1
56 57 840 1
57 56 840 1
13 14 902 1
14 13 902 1
22 27 524 1
27 22 524 1
28 62 527 1
62 28 527 1
70 73 402 1
73 70 402 1
28 74 188 1
74 28 188 1
51 54 884 1
54 51 884 1
72 83 754 1
83 72 754 1
97 109 174 1
109 97 174 1
17 74 721 1
74 17 721 1
67 92 922 1
92 67 922 1
48 111 498 1
111 48 498 1
99 112 272 1
112 99 272 1
31 87 639 1
87 31 639 1
36 74 242 1
74 36 242 1
73 77 274 1
77 73 274 1
75 76 374 1
76 75 374 1
11 57 518 1
57 11 518 1
25 64 1312 1
64 25 1312 1
0 1 800 1
1 0 800 1
7 33 515 1
33 7 515 1
36 72 276 1
72 36 276 1
25 87 575 1
87 25 575 1
27 64 1222 1
64 27 1222 1
30 87 699 1
87 30 699 1
111 112 111 1
112 111 111 1
5 26 263 1
26 5 263 1
29 37 304 1
37 29 304 1
37 80 842 1
80 37 842 1
44 99 632 1
99 44 632 1
17 76 648 1
76 17 648 1
48 52 415 1
52 48 415 1
56 62 252 1
62 56 252 1
13 29 290 1
29 13 290 1
95 97 97 1
97 95 97 1
104 115 184 1
115 104 184 1
41 80 868 1
80 41 868 1
84 85 1130 1
85 84 1130 1
17 80 1070 1
80 17 1070 1
76 79 567 1
79 76 567 1
62 81 1169 1
81 62 1169 1
112 113 116 1
113 112 116 1
37 81 336 1
81 37 336 1
102 104 159 1
104 102 159 1
94 108 97 1
108 94 97 1
7 65 934 1
65 7 934 1
20 21 185 1
21 20 185 1
100 115 381 1
115 100 381 1
0 30 652 1
30 0 652 1
30 64 1064 1
64 30 1064 1
41 76 493 1
76 41 493 1
57 79 431 1
79 57 431 1
92 100 157 1
100 92 157 1
3 85 893 1
85 3 893 1
16 73 769 1
73 16 769 1
50 51 698 1
51 50 698 1
93 100 653 1
100 93 653 1
37 73 278 1
73 37 278 1
102 105 355 1
105 102 355 1
74 79 666 1
79 74 666 1
11 17 224 1
17 11 224 1
90 100 182 1
100 90 182 1
57 74 830 1
74 57 830 1
90 92 135 1
92 90 135 1
100 101 656 1
101 100 656 1
29 36 705 1
36 29 705 1
5 88 1026 1
88 5 1026 1
36 81 848 1
81 36 848 1
56 79 965 1
79 56 965 1
103 106 532 1
106 103 532 1
42 55 629 1
55 42 629 1
51 53 271 1
53 51 271 1
41 81 452 1
81 41 452 1
96 112 337 1
112 96 337 1
2 22 228 1
22 2 228 1
14 58 1155 1
58 14 1155 1
26 50 1256 1
50 26 1256 1
27 38 594 1
38 27 594 1
57 72 874 1
72 57 874 1
13 61 843 1
61 13 843 1
41 72 550 1
72 41 550 1
56 63 1014 1
63 56 1014 1
103 104 369 1
104 103 369 1
0 76 525 1
76 0 525 1
1 61 385 1
61 1 385 1
73 81 406 1
81 73 406 1
20 71 311 1
71 20 311 1
52 89 1027 1
89 52 1027 1
106 114 322 1
114 106 322 1
29 62 1067 1
62 29 1067 1
45 67 282 1
67 45 282 1
0 29 925 1
29 0 925 1
29 75 189 1
75 29 189 1
37 39 117 1
39 37 117 1
38 60 768 1
60 38 768 1
29 78 851 1
78 29 851 1
65 92 1075 1
92 65 1075 1
30 84 877 1
84 30 877 1
21 76 440 1
76 21 440 1
91 103 258 1
103 91 258 1
42 99 482 1
99 42 482 1
51 59 486 1
59 51 486 1
17 78 955 1
78 17 955 1
86 87 805 1
87 86 805 1
0 11 958 1
11 0 958 1
100 104 240 1
104 100 240 1
0 57 825 1
57 0 825 1
25 31 272 1
31 25 272 1
59 63 501 1
63 59 501 1
17 56 1024 1
56 17 1024 1
25 65 1263 1
65 25 1263 1
16 63 1092 1
63 16 1092 1
28 57 964 1
57 28 964 1
33 39 630 1
39 33 630 1
55 112 466 1
112 55 466 1
58 88 918 1
88 58 918 1
17 73 298 1
73 17 298 1
29 79 257 1
79 29 257 1
105 110 411 1
110 105 411 1
4 58 1292 1
58 4 1292 1
37 78 740 1
78 37 740 1
0 56 174 1
56 0 174 1
18 68 315 1
68 18 315 1
63 72 944 1
72 63 944 1
63 80 1146 1
80 63 1146 1
11 29 239 1
29 11 239 1
20 87 562 1
87 20 562 1
27 35 871 1
35 27 871 1
58 61 717 1
61 58 717 1
48 110 500 1
110 48 500 1
102 106 217 1
106 102 217 1
30 71 303 1
71 30 303 1
3 90 1350 1
90 3 1350 1
5 24 252 1
24 5 252 1
30 70 259 1
70 30 259 1
40 63 1007 1
63 40 1007 1
40 80 433 1
80 40 433 1
51 55 568 1
55 51 568 1
64 85 1107 1
85 64 1107 1
97 113 312 1
113 97 312 1
28 81 975 1
81 28 975 1
17 61 534 1
61 17 534 1
18 32 279 1
32 18 279 1
40 83 731 1
83 40 731 1
53 63 685 1
63 53 685 1
68 80 778 1
80 68 778 1
98 110 300 1
110 98 300 1
18 66 623 1
66 18 623 1
27 88 863 1
88 27 863 1
22 87 870 1
87 22 870 1
72 75 453 1
75 72 453 1
28 73 629 1
73 28 629 1
56 78 391 1
78 56 391 1
73 80 850 1
80 73 850 1
101 102 595 1
102 101 595 1
72 79 733 1
79 72 733 1
100 105 430 1
105 100 430 1
45 55 662 1
55 45 662 1
91 100 719 1
100 91 719 1
91 92 669 1
92 91 669 1
16 57 981 1
57 16 981 1
65 85 476 1
85 65 476 1
22 53 1432 1
53 22 1432 1
36 38 122 1
38 36 122 1
34 86 880 1
86 34 880 1
36 77 422 1
77 36 422 1
36 80 330 1
80 36 330 1
54 61 1045 1
61 54 1045 1
41 75 187 1
75 41 187 1
28 61 1076 1
61 28 1076 1
99 103 258 1
103 99 258 1
19 91 1171 1
91 19 1171 1
35 88 741 1
88 35 741 1
48 54 669 1
54 48 669 1
94 95 213 1
95 94 213 1
10 58 862 1
58 10 862 1
29 33 510 1
33 29 510 1
28 36 321 1
36 28 321 1
35 87 863 1
87 35 863 1
40 82 231 1
82 40 231 1
41 77 345 1
77 41 345 1
86 106 508 1
106 86 508 1
92 105 456 1
105 92 456 1
15 83 194 1
83 15 194 1
24 26 201 1
26 24 201 1
26 38 554 1
38 26 554 1
38 40 158 1
40 38 158 1
5 35 974 1
35 5 974 1
73 79 296 1
79 73 296 1
0 16 380 1
16 0 380 1
20 39 459 1
39 20 459 1
25 71 434 1
71 25 434 1
31 32 596 1
32 31 596 1
20 107 666 1
107 20 666 1
0 63 1010 1
63 0 1010 1
8 26 300 1
26 8 300 1
29 57 596 1
57 29 596 1
38 53 897 1
53 38 897 1
40 62 664 1
62 40 664 1
63 83 697 1
83 63 697 1
15 30 522 1
30 15 522 1
85 87 616 1
87 85 616 1
103 107 239 1
107 103 239 1
24 93 1326 1
93 24 1326 1
38 88 311 1
88 38 311 1
3 92 1420 1
92 3 1420 1
36 83 816 1
83 36 816 1
37 74 520 1
74 37 520 1
40 72 200 1
72 40 200 1
52 59 956 1
59 52 956 1
77 79 329 1
79 77 329 1
97 112 339 1
112 97 339 1
10 30 501 1
30 10 501 1
35 65 453 1
65 35 453 1
45 105 804 1
105 45 804 1
71 75 163 1
75 71 163 1
40 81 874 1
81 40 874 1
56 72 566 1
72 56 566 1
57 76 691 1
76 57 691 1
59 101 1108 1
101 59 1108 1
31 64 1128 1
64 31 1128 1
38 63 974 1
63 38 974 1
70 71 263 1
71 70 263 1
20 86 362 1
86 20 362 1
30 72 390 1
72 30 390 1
56 76 519 1
76 56 519 1
57 81 488 1
81 57 488 1
20 33 587 1
33 20 587 1
34 87 945 1
87 34 945 1
93 103 173 1
103 93 173 1
63 76 747 1
76 63 747 1
67 101 953 1
101 67 953 1
11 73 310 1
73 11 310 1
37 72 595 1
72 37 595 1
82 84 544 1
84 82 544 1
102 113 317 1
113 102 317 1
22 86 800 1
86 22 800 1
70 72 158 1
72 70 158 1
3 5 603 1
5 3 603 1
13 33 629 1
33 13 629 1
24 88 947 1
88 24 947 1
33 60 632 1
60 33 632 1
11 33 518 1
33 11 518 1
34 84 580 1
84 34 580 1
21 31 344 1
31 21 344 1
6 87 1046 1
87 6 1046 1
27 39 536 1
39 27 536 1
38 64 755 1
64 38 755 1
38 41 513 1
41 38 513 1
39 60 1005 1
60 39 1005 1
57 63 249 1
63 57 249 1
104 113 229 1
113 104 229 1
16 36 349 1
36 16 349 1
106 107 486 1
107 106 486 1
0 18 364 1
18 0 364 1
1 73 531 1
73 1 531 1
3 7 185 1
7 3 185 1
23 35 930 1
35 23 930 1
33 71 374 1
71 33 374 1
58 89 1156 1
89 58 1156 1
65 67 361 1
67 65 361 1
70 74 155 1
74 70 155 1
102 107 560 1
107 102 560 1
22 26 505 1
26 22 505 1
32 79 600 1
79 32 600 1
47 105 464 1
105 47 464 1
48 101 937 1
101 48 937 1
19 101 1295 1
101 19 1295 1
63 79 303 1
79 63 303 1
68 74 749 1
74 68 749 1
32 56 384 1
56 32 384 1
24 64 1287 1
64 24 1287 1
37 56 930 1
56 37 930 1
77 81 453 1
81 77 453 1
71 107 693 1
107 71 693 1
2 50 1192 1
50 2 1192 1
51 91 505 1
91 51 505 1
5 65 1232 1
65 5 1232 1
24 34 1021 1
34 24 1021 1
60 62 241 1
62 60 241 1
62 74 590 1
74 62 590 1
0 83 1120 1
83 0 1120 1
21 77 387 1
77 21 387 1
18 102 1258 1
102 18 1258 1
28 75 567 1
75 28 567 1
29 61 711 1
61 29 711 1
75 82 661 1
82 75 661 1
24 58 1328 1
58 24 1328 1
30 76 537 1
76 30 537 1
52 63 1131 1
63 52 1131 1
63 81 293 1
81 63 293 1
97 100 590 1
100 97 590 1
11 71 374 1
71 11 374 1
89 101 462 1
101 89 462 1
6 15 884 1
15 6 884 1
31 76 584 1
76 31 584 1
55 103 351 1
103 55 351 1
71 73 163 1
73 71 163 1
76 83 717 1
83 76 717 1
22 38 846 1
38 22 846 1
7 15 461 1
15 7 461 1
25 94 912 1
94 25 912 1
39 40 508 1
40 39 508 1
63 74 885 1
74 63 885 1
63 78 1033 1
78 63 1033 1
0 10 381 1
10 0 381 1
1 29 521 1
29 1 521 1
2 4 569 1
4 2 569 1
4 88 829 1
88 4 829 1
32 81 728 1
81 32 728 1
69 94 883 1
94 69 883 1
71 87 510 1
87 71 510 1
17 36 828 1
36 17 828 1
54 63 1046 1
63 54 1046 1
1 28 918 1
28 1 918 1
16 32 504 1
32 16 504 1
17 54 969 1
54 17 969 1
20 22 544 1
22 20 544 1
20 27 271 1
27 20 271 1
31 70 334 1
70 31 334 1
37 70 546 1
70 37 546 1
40 74 182 1
74 40 182 1
25 34 1006 1
34 25 1006 1
18 19 147 1
19 18 147 1
34 65 549 1
65 34 549 1
36 62 525 1
62 36 525 1
78 97 697 1
97 78 697 1
113 114 95 1
114 113 95 1
54 55 651 1
55 54 651 1
32 78 484 1
78 32 484 1
36 52 586 1
52 36 586 1
45 99 570 1
99 45 570 1
5 67 1194 1
67 5 1194 1
26 35 893 1
35 26 893 1
41 82 687 1
82 41 687 1
56 74 591 1
74 56 591 1
0 33 480 1
33 0 480 1
32 60 487 1
60 32 487 1
35 64 566 1
64 35 566 1
36 63 945 1
63 36 945 1
40 73 549 1
73 40 549 1
66 89 963 1
89 66 963 1
0 81 1076 1
81 0 1076 1
11 12 972 1
12 11 972 1
24 27 252 1
27 24 252 1
25 92 1338 1
92 25 1338 1
28 30 436 1
30 28 436 1
37 82 780 1
82 37 780 1
47 103 476 1
103 47 476 1
57 68 520 1
68 57 520 1
69 107 1110 1
107 69 1110 1
82 88 444 1
88 82 444 1
3 25 566 1
25 3 566 1
6 31 464 1
31 6 464 1
36 78 263 1
78 36 263 1
40 76 327 1
76 40 327 1
47 115 383 1
115 47 383 1
12 29 886 1
29 12 886 1
35 110 305 1
110 35 305 1
74 77 362 1
77 74 362 1
92 101 634 1
101 92 634 1
17 40 824 1
40 17 824 1
23 115 1150 1
115 23 1150 1
41 56 991 1
56 41 991 1
70 109 564 1
109 70 564 1
0 20 725 1
20 0 725 1
49 112 609 1
112 49 609 1
57 80 1050 1
80 57 1050 1
62 76 527 1
76 62 527 1
63 89 569 1
89 63 569 1
0 80 485 1
80 0 485 1
23 47 1228 1
47 23 1228 1
8 65 1425 1
65 8 1425 1
59 60 718 1
60 59 718 1
77 80 662 1
80 77 662 1
40 52 792 1
52 40 792 1
50 101 936 1
101 50 936 1
95 102 514 1
102 95 514 1
1 12 1022 1
12 1 1022 1
9 65 1235 1
65 9 1235 1
48 99 711 1
99 48 711 1
21 39 356 1
39 21 356 1
32 80 590 1
80 32 590 1
40 78 376 1
78 40 376 1
49 51 172 1
51 49 172 1
53 54 818 1
54 53 818 1
64 71 973 1
71 64 973 1
19 67 590 1
67 19 590 1
23 92 1466 1
92 23 1466 1
99 101 266 1
101 99 266 1
46 51 585 1
51 46 585 1
47 67 492 1
67 47 492 1
67 91 790 1
91 67 790 1
33 40 654 1
40 33 654 1
87 107 525 1
107 87 525 1
91 99 166 1
99 91 166 1
98 102 260 1
102 98 260 1
0 74 551 1
74 0 551 1
20 38 349 1
38 20 349 1
27 82 524 1
82 27 524 1
28 53 1155 1
53 28 1155 1
36 75 517 1
75 36 517 1
40 77 472 1
77 40 472 1
88 89 1035 1
89 88 1035 1
19 114 1115 1
114 19 1115 1
66 101 1048 1
101 66 1048 1
1 72 829 1
72 1 829 1
21 29 329 1
29 21 329 1
28 79 847 1
79 28 847 1
38 76 305 1
76 38 305 1
39 63 657 1
63 39 657 1
56 73 886 1
73 56 886 1
97 115 218 1
115 97 218 1
33 76 380 1
76 33 380 1
41 62 1018 1
62 41 1018 1
103 113 295 1
113 103 295 1
28 54 527 1
54 28 527 1
0 6 417 1
6 0 417 1
0 62 386 1
62 0 386 1
2 6 165 1
6 2 165 1
74 78 322 1
78 74 322 1
2 24 548 1
24 2 548 1
28 56 545 1
56 28 545 1
38 84 429 1
84 38 429 1
41 63 682 1
63 41 682 1
50 54 543 1
54 50 543 1
68 79 805 1
79 68 805 1
29 56 983 1
56 29 983 1
99 110 299 1
110 99 299 1
40 53 1023 1
53 40 1023 1
62 79 1049 1
79 62 1049 1
2 25 585 1
25 2 585 1
19 89 1004 1
89 19 1004 1
25 67 1191 1
67 25 1191 1
30 86 614 1
86 30 614 1
33 37 555 1
37 33 555 1
36 39 517 1
39 36 517 1
81 83 446 1
83 81 446 1
106 113 395 1
113 106 395 1
39 87 370 1
87 39 370 1
0 73 829 1
73 0 829 1
10 76 495 1
76 10 495 1
20 76 380 1
76 20 380 1
55 107 232 1
107 55 232 1
4 14 255 1
14 4 255 1
6 28 413 1
28 6 413 1
20 84 687 1
84 20 687 1
24 87 679 1
87 24 679 1
28 84 456 1
84 28 456 1
51 89 661 1
89 51 661 1
100 102 87 1
102 100 87 1
108 109 87 1
109 108 87 1
47 91 332 1
91 47 332 1
6 20 561 1
20 6 561 1
21 78 664 1
78 21 664 1
27 71 367 1
71 27 367 1
35 45 385 1
45 35 385 1
51 98 763 1
98 51 763 1
80 83 1100 1
83 80 1100 1
0 13 1027 1
13 0 1027 1
0 14 728 1
14 0 728 1
11 76 704 1
76 11 704 1
16 99 951 1
99 16 951 1
19 95 883 1
95 19 883 1
30 83 641 1
83 30 641 1
51 58 753 1
58 51 753 1
54 76 415 1
76 54 415 1
6 85 1205 1
85 6 1205 1
75 80 775 1
80 75 775 1
78 104 706 1
104 78 706 1
92 115 404 1
115 92 404 1
15 84 1175 1
84 15 1175 1
15 85 720 1
85 15 720 1
30 32 574 1
32 30 574 1
68 73 821 1
73 68 821 1
7 25 539 1
25 7 539 1
12 72 358 1
72 12 358 1
38 87 730 1
87 38 730 1
6 24 555 1
24 6 555 1
11 31 475 1
31 11 475 1
21 70 303 1
70 21 303 1
23 67 1077 1
67 23 1077 1
38 54 263 1
54 38 263 1
90 115 420 1
115 90 420 1
107 114 333 1
114 107 333 1
9 64 1448 1
64 9 1448 1
102 108 413 1
108 102 413 1
0 31 726 1
31 0 726 1
21 27 209 1
27 21 209 1
32 72 471 1
72 32 471 1
82 114 823 1
114 82 823 1
4 93 1288 1
93 4 1288 1
20 64 962 1
64 20 962 1
28 40 248 1
40 28 248 1
67 100 988 1
100 67 988 1
77 109 318 1
109 77 318 1
113 115 188 1
115 113 188 1
14 107 941 1
107 14 941 1
15 28 819 1
28 15 819 1
18 106 1114 1
106 18 1114 1
26 37 668 1
37 26 668 1
83 114 861 1
114 83 861 1
6 95 980 1
95 6 980 1
50 88 679 1
88 50 679 1
66 106 937 1
106 66 937 1
12 14 278 1
14 12 278 1
73 78 740 1
78 73 740 1
10 29 893 1
29 10 893 1
10 72 309 1
72 10 309 1
16 41 813 1
41 16 813 1
33 87 839 1
87 33 839 1
44 112 534 1
112 44 534 1
6 109 932 1
109 6 932 1
16 98 666 1
98 16 666 1
24 86 569 1
86 24 569 1
28 41 661 1
41 28 661 1
47 51 339 1
51 47 339 1
48 91 808 1
91 48 808 1
58 60 266 1
60 58 266 1
61 100 1241 1
100 61 1241 1
60 83 1265 1
83 60 1265 1
67 110 507 1
110 67 507 1
69 83 1050 1
83 69 1050 1
82 85 1121 1
85 82 1121 1
16 40 399 1
40 16 399 1
10 20 506 1
20 10 506 1
59 82 1290 1
82 59 1290 1
102 114 295 1
114 102 295 1
1 54 1073 1
54 1 1073 1
6 7 710 1
7 6 710 1
29 53 887 1
53 29 887 1
63 73 569 1
73 63 569 1
98 101 623 1
101 98 623 1
102 112 391 1
112 102 391 1
1 14 1077 1
14 1 1077 1
7 21 555 1
21 7 555 1
8 58 1298 1
58 8 1298 1
12 58 1025 1
58 12 1025 1
13 28 892 1
28 13 892 1
21 33 567 1
33 21 567 1
7 71 395 1
71 7 395 1
14 83 858 1
83 14 858 1
89 91 402 1
91 89 402 1
93 104 478 1
104 93 478 1
1 33 355 1
33 1 355 1
26 41 487 1
41 26 487 1
37 71 401 1
71 37 401 1
39 77 312 1
77 39 312 1
40 75 477 1
75 40 477 1
85 92 1003 1
92 85 1003 1
1 18 493 1
18 1 493 1
29 32 631 1
32 29 631 1
33 80 703 1
80 33 703 1
40 79 762 1
79 40 762 1
72 77 430 1
77 72 430 1
73 82 720 1
82 73 720 1
82 89 1043 1
89 82 1043 1
10 33 638 1
33 10 638 1
25 26 225 1
26 25 225 1
32 76 341 1
76 32 341 1
68 81 913 1
81 68 913 1
3 27 634 1
27 3 634 1
6 34 815 1
34 6 815 1
13 54 1130 1
54 13 1130 1
15 64 1349 1
64 15 1349 1
21 87 397 1
87 21 397 1
24 109 943 1
109 24 943 1
28 82 255 1
82 28 255 1
31 56 851 1
56 31 851 1
36 79 738 1
79 36 738 1
66 67 177 1
67 66 177 1
96 103 531 1
103 96 531 1
7 12 856 1
12 7 856 1
14 61 1285 1
61 14 1285 1
15 60 1288 1
60 15 1288 1
18 72 618 1
72 18 618 1
22 25 402 1
25 22 402 1
26 53 1271 1
53 26 1271 1
27 37 597 1
37 27 597 1
31 77 552 1
77 31 552 1
101 105 274 1
105 101 274 1
108 114 218 1
114 108 218 1
15 29 295 1
29 15 295 1
18 28 651 1
28 18 651 1
28 70 247 1
70 28 247 1
34 38 552 1
38 34 552 1
72 78 300 1
78 72 300 1
23 25 373 1
25 23 373 1
33 56 531 1
56 33 531 1
33 72 507 1
72 33 507 1
77 95 322 1
95 77 322 1
1 59 541 1
59 1 541 1
19 97 912 1
97 19 912 1
27 86 519 1
86 27 519 1
32 102 997 1
102 32 997 1
52 58 705 1
58 52 705 1
87 106 830 1
106 87 830 1
97 99 180 1
99 97 180 1
100 113 356 1
113 100 356 1
58 101 1214 1
101 58 1214 1
62 68 629 1
68 62 629 1
68 78 695 1
78 68 695 1
6 10 299 1
10 6 299 1
9 88 1163 1
88 9 1163 1
13 17 364 1
17 13 364 1
21 32 632 1
32 21 632 1
23 42 1326 1
42 23 1326 1
35 67 262 1
67 35 262 1
36 82 401 1
82 36 401 1
39 41 161 1
41 39 161 1
97 110 221 1
110 97 221 1
2 26 618 1
26 2 618 1
24 67 1223 1
67 24 1223 1
25 30 292 1
30 25 292 1
36 54 228 1
54 36 228 1
54 72 501 1
72 54 501 1
56 83 1181 1
83 56 1181 1
62 78 287 1
78 62 287 1
3 67 879 1
67 3 879 1
20 70 213 1
70 20 213 1
25 86 638 1
86 25 638 1
37 63 543 1
63 37 543 1
45 92 789 1
92 45 789 1
110 115 264 1
115 110 264 1
27 31 339 1
31 27 339 1
29 54 871 1
54 29 871 1
41 78 770 1
78 41 770 1
55 110 380 1
110 55 380 1
77 97 366 1
97 77 366 1
82 83 881 1
83 82 881 1
13 57 681 1
57 13 681 1
13 76 778 1
76 13 778 1
20 83 565 1
83 20 565 1
10 11 986 1
11 10 986 1
15 75 396 1
75 15 396 1
21 53 1018 1
53 21 1018 1
21 73 247 1
73 21 247 1
32 62 548 1
62 32 548 1
94 107 417 1
107 94 417 1
98 103 555 1
103 98 555 1
5 9 157 1
9 5 157 1
23 104 1270 1
104 23 1270 1
40 60 806 1
60 40 806 1
77 83 539 1
83 77 539 1
106 109 391 1
109 106 391 1
0 61 943 1
61 0 943 1
39 88 762 1
88 39 762 1
45 93 714 1
93 45 714 1
105 113 210 1
113 105 210 1
26 82 411 1
82 26 411 1
33 65 634 1
65 33 634 1
41 79 379 1
79 41 379 1
78 99 844 1
99 78 844 1
15 22 650 1
22 15 650 1
15 71 394 1
71 15 394 1
17 41 414 1
41 17 414 1
35 105 686 1
105 35 686 1
53 76 824 1
76 53 824 1
59 91 926 1
91 59 926 1
66 114 833 1
114 66 833 1
85 86 1120 1
86 85 1120 1
103 108 420 1
108 103 420 1
108 110 194 1
110 108 194 1
22 88 1044 1
88 22 1044 1
23 93 1407 1
93 23 1407 1
33 77 332 1
77 33 332 1
43 112 376 1
112 43 376 1
60 87 1321 1
87 60 1321 1
67 104 923 1
104 67 923 1
10 28 213 1
28 10 213 1
17 89 445 1
89 17 445 1
57 71 630 1
71 57 630 1
61 83 902 1
83 61 902 1
93 115 401 1
115 93 401 1
103 110 496 1
110 103 496 1
9 50 1509 1
50 9 1509 1
60 66 370 1
66 60 370 1
18 103 1302 1
103 18 1302 1
23 45 1302 1
45 23 1302 1
48 58 400 1
58 48 400 1
48 104 822 1
104 48 822 1
50 58 486 1
58 50 486 1
56 68 408 1
68 56 408 1
62 82 720 1
82 62 720 1
64 65 897 1
65 64 897 1
65 71 835 1
71 65 835 1
9 85 935 1
85 9 935 1
17 83 381 1
83 17 381 1
25 88 998 1
88 25 998 1
35 92 768 1
92 35 768 1
53 78 1035 1
78 53 1035 1
54 58 818 1
58 54 818 1
60 88 724 1
88 60 724 1
65 87 1028 1
87 65 1028 1
2 64 992 1
64 2 992 1
7 13 237 1
13 7 237 1
32 63 656 1
63 32 656 1
62 66 562 1
66 62 562 1
93 102 600 1
102 93 600 1
13 63 653 1
63 13 653 1
22 75 633 1
75 22 633 1
27 84 956 1
84 27 956 1
64 82 943 1
82 64 943 1
94 114 259 1
114 94 259 1
0 84 624 1
84 0 624 1
19 59 618 1
59 19 618 1
26 52 1199 1
52 26 1199 1
33 81 613 1
81 33 613 1
39 61 794 1
61 39 794 1
6 22 333 1
22 6 333 1
11 28 875 1
28 11 875 1
39 83 378 1
83 39 378 1
62 83 1241 1
83 62 1241 1
96 104 297 1
104 96 297 1
103 114 282 1
114 103 282 1
3 62 1020 1
62 3 1020 1
7 20 669 1
20 7 669 1
18 62 706 1
62 18 706 1
29 82 824 1
82 29 824 1
36 70 395 1
70 36 395 1
39 79 371 1
79 39 371 1
52 61 1057 1
61 52 1057 1
97 101 398 1
101 97 398 1
23 110 1096 1
110 23 1096 1
33 78 590 1
78 33 590 1
33 83 733 1
83 33 733 1
38 71 546 1
71 38 546 1
48 59 599 1
59 48 599 1
53 77 709 1
77 53 709 1
58 91 1077 1
91 58 1077 1
67 103 944 1
103 67 944 1
7 10 896 1
10 7 896 1
20 32 609 1
32 20 609 1
21 62 926 1
62 21 926 1
52 101 819 1
101 52 819 1
55 102 675 1
102 55 675 1
57 78 938 1
78 57 938 1
6 71 586 1
71 6 586 1
49 103 837 1
103 49 837 1
57 61 216 1
61 57 216 1
63 82 1211 1
82 63 1211 1
15 72 724 1
72 15 724 1
21 30 349 1
30 21 349 1
56 75 833 1
75 56 833 1
5 92 1324 1
92 5 1324 1
33 38 675 1
38 33 675 1
37 88 804 1
88 37 804 1
63 77 536 1
77 63 536 1
67 90 867 1
90 67 867 1
91 105 371 1
105 91 371 1
96 108 167 1
108 96 167 1
1 63 334 1
63 1 334 1
3 65 942 1
65 3 942 1
4 59 1372 1
59 4 1372 1
17 59 758 1
59 17 758 1
42 51 463 1
51 42 463 1
66 85 836 1
85 66 836 1
87 88 1035 1
88 87 1035 1
91 98 616 1
98 91 616 1
25 33 765 1
33 25 765 1
44 105 811 1
105 44 811 1
62 73 961 1
73 62 961 1
65 88 1179 1
88 65 1179 1
68 86 1151 1
86 68 1151 1
1 10 979 1
10 1 979 1
5 50 1417 1
50 5 1417 1
18 30 564 1
30 18 564 1
36 56 615 1
56 36 615 1
39 78 740 1
78 39 740 1
62 85 1177 1
85 62 1177 1
99 102 560 1
102 99 560 1
12 76 591 1
76 12 591 1
43 103 618 1
103 43 618 1
48 90 628 1
90 48 628 1
53 82 1252 1
82 53 1252 1
70 78 427 1
78 70 427 1
0 36 643 1
36 0 643 1
20 73 397 1
73 20 397 1
55 101 371 1
101 55 371 1
84 95 699 1
95 84 699 1
104 106 195 1
106 104 195 1
8 14 205 1
14 8 205 1
20 75 348 1
75 20 348 1
44 103 860 1
103 44 860 1
45 103 818 1
103 45 818 1
50 91 845 1
91 50 845 1
52 88 542 1
88 52 542 1
82 87 849 1
87 82 849 1
95 113 351 1
113 95 351 1
8 45 1422 1
45 8 1422 1
19 83 893 1
83 19 893 1
36 53 880 1
53 36 880 1
49 105 843 1
105 49 843 1
59 100 1223 1
100 59 1223 1
90 104 351 1
104 90 351 1
0 38 744 1
38 0 744 1
9 90 1391 1
90 9 1391 1
12 54 794 1
54 12 794 1
104 110 417 1
110 104 417 1
4 95 869 1
95 4 869 1
5 64 1350 1
64 5 1350 1
7 94 992 1
94 7 992 1
15 65 1052 1
65 15 1052 1
19 103 1259 1
103 19 1259 1
67 115 767 1
115 67 767 1
102 109 475 1
109 102 475 1
12 33 709 1
33 12 709 1
21 75 222 1
75 21 222 1
29 39 339 1
39 29 339 1
33 57 394 1
57 33 394 1
39 107 280 1
107 39 280 1
52 83 1260 1
83 52 1260 1
71 76 392 1
76 71 392 1
103 115 322 1
115 103 322 1
0 79 944 1
79 0 944 1
1 74 790 1
74 1 790 1
12 32 661 1
32 12 661 1
29 38 680 1
38 29 680 1
30 106 907 1
106 30 907 1
40 88 385 1
88 40 385 1
44 67 332 1
67 44 332 1
61 62 1047 1
62 61 1047 1
72 114 738 1
114 72 738 1
75 81 434 1
81 75 434 1
103 109 477 1
109 103 477 1
16 37 809 1
37 16 809 1
16 53 1146 1
53 16 1146 1
19 106 1134 1
106 19 1134 1
49 91 630 1
91 49 630 1
100 112 410 1
112 100 410 1
7 32 649 1
32 7 649 1
15 87 271 1
87 15 271 1
46 112 262 1
112 46 262 1
53 80 1109 1
80 53 1109 1
67 85 682 1
85 67 682 1
73 83 298 1
83 73 298 1
109 110 135 1
110 109 135 1
0 77 681 1
77 0 681 1
19 68 313 1
68 19 313 1
28 89 998 1
89 28 998 1
37 57 643 1
57 37 643 1
39 54 618 1
54 39 618 1
39 69 918 1
69 39 918 1
107 108 333 1
108 107 333 1
15 61 998 1
61 15 998 1
18 97 954 1
97 18 954 1
24 94 920 1
94 24 920 1
28 77 540 1
77 28 540 1
30 109 796 1
109 30 796 1
66 112 753 1
112 66 753 1
6 70 405 1
70 6 405 1
7 29 417 1
29 7 417 1
14 29 801 1
29 14 801 1
18 95 915 1
95 18 915 1
34 94 438 1
94 34 438 1
86 109 700 1
109 86 700 1
3 21 582 1
21 3 582 1
6 25 624 1
25 6 624 1
24 50 1395 1
50 24 1395 1
38 77 447 1
77 38 447 1
70 80 524 1
80 70 524 1
7 87 691 1
87 7 691 1
17 82 1011 1
82 17 1011 1
19 61 611 1
61 19 611 1
32 113 906 1
113 32 906 1
51 99 497 1
99 51 497 1
59 88 1182 1
88 59 1182 1
78 95 636 1
95 78 636 1
1 68 549 1
68 1 549 1
7 108 971 1
108 7 971 1
10 84 516 1
84 10 516 1
16 77 611 1
77 16 611 1
30 56 778 1
56 30 778 1
47 101 478 1
101 47 478 1
57 113 1031 1
113 57 1031 1
61 66 546 1
66 61 546 1
96 102 343 1
102 96 343 1
0 75 786 1
75 0 786 1
19 108 910 1
108 19 910 1
24 65 1330 1
65 24 1330 1
39 103 503 1
103 39 503 1
56 71 777 1
71 56 777 1
86 93 1081 1
93 86 1081 1
97 108 170 1
108 97 170 1
10 53 1310 1
53 10 1310 1
19 112 1132 1
112 19 1132 1
25 85 1018 1
85 25 1018 1
38 75 499 1
75 38 499 1
39 89 325 1
89 39 325 1
75 109 462 1
109 75 462 1
80 99 917 1
99 80 917 1
95 103 393 1
103 95 393 1
13 39 622 1
39 13 622 1
14 59 1320 1
59 14 1320 1
32 112 880 1
112 32 880 1
42 105 625 1
105 42 625 1
45 104 837 1
104 45 837 1
53 60 1040 1
60 53 1040 1
53 83 977 1
83 53 977 1
68 85 974 1
85 68 974 1
10 83 1031 1
83 10 1031 1
24 92 1330 1
92 24 1330 1
28 52 856 1
52 28 856 1
28 78 272 1
78 28 272 1
29 70 512 1
70 29 512 1
31 73 397 1
73 31 397 1
38 57 968 1
57 38 968 1
49 67 315 1
67 49 315 1
56 77 690 1
77 56 690 1
85 94 684 1
94 85 684 1
5 38 756 1
38 5 756 1
13 72 796 1
72 13 796 1
33 79 486 1
79 33 486 1
21 79 530 1
79 21 530 1
26 34 907 1
34 26 907 1
30 57 852 1
57 30 852 1
34 85 678 1
85 34 678 1
41 52 1018 1
52 41 1018 1
61 80 1112 1
80 61 1112 1
71 82 622 1
82 71 622 1
76 82 520 1
82 76 520 1
6 18 473 1
18 6 473 1
23 103 1345 1
103 23 1345 1
27 34 903 1
34 27 903 1
32 39 692 1
39 32 692 1
42 103 682 1
103 42 682 1
66 93 972 1
93 66 972 1
20 106 592 1
106 20 592 1
31 35 790 1
35 31 790 1
37 60 955 1
60 37 955 1
38 73 580 1
73 38 580 1
11 72 773 1
72 11 773 1
14 20 320 1
20 14 320 1
19 58 678 1
58 19 678 1
32 104 940 1
104 32 940 1
38 56 731 1
56 38 731 1
0 32 356 1
32 0 356 1
6 12 248 1
12 6 248 1
14 24 389 1
24 14 389 1
22 50 1336 1
50 22 1336 1
33 35 375 1
35 33 375 1
50 89 1065 1
89 50 1065 1
104 111 377 1
111 104 377 1
108 111 286 1
111 108 286 1
21 38 458 1
38 21 458 1
21 63 810 1
63 21 810 1
31 72 482 1
72 31 482 1
35 94 438 1
94 35 438 1
41 53 839 1
53 41 839 1
78 109 527 1
109 78 527 1
18 70 528 1
70 18 528 1
25 70 480 1
70 25 480 1
28 114 809 1
114 28 809 1
36 60 646 1
60 36 646 1
75 83 351 1
83 75 351 1
83 84 1154 1
84 83 1154 1
83 87 158 1
87 83 158 1
5 60 1275 1
60 5 1275 1
8 47 1265 1
47 8 1265 1
8 88 819 1
88 8 819 1
9 81 803 1
81 9 803 1
11 74 727 1
74 11 727 1
18 86 1008 1
86 18 1008 1
26 40 419 1
40 26 419 1
38 74 265 1
74 38 265 1
61 72 984 1
72 61 984 1
61 101 1003 1
101 61 1003 1
97 102 534 1
102 97 534 1
24 91 1303 1
91 24 1303 1
32 66 416 1
66 32 416 1
70 84 638 1
84 70 638 1
89 90 968 1
90 89 968 1
1 89 788 1
89 1 788 1
7 92 1445 1
92 7 1445 1
13 83 347 1
83 13 347 1
37 83 399 1
83 37 399 1
61 114 963 1
114 61 963 1
62 90 707 1
90 62 707 1
63 68 745 1
68 63 745 1
71 74 359 1
74 71 359 1
74 82 336 1
82 74 336 1
76 84 486 1
84 76 486 1
80 97 779 1
97 80 779 1
18 33 288 1
33 18 288 1
22 71 471 1
71 22 471 1
27 85 894 1
85 27 894 1
33 41 611 1
41 33 611 1
56 60 232 1
60 56 232 1
75 79 318 1
79 75 318 1
10 38 560 1
38 10 560 1
13 73 358 1
73 13 358 1
16 75 702 1
75 16 702 1
31 57 796 1
57 31 796 1
44 91 726 1
91 44 726 1
78 102 697 1
102 78 697 1
0 41 952 1
41 0 952 1
65 93 802 1
93 65 802 1
90 105 516 1
105 90 516 1
2 27 659 1
27 2 659 1
29 31 454 1
31 29 454 1
30 77 559 1
77 30 559 1
59 93 1026 1
93 59 1026 1
94 110 220 1
110 94 220 1
99 113 264 1
113 99 264 1
14 76 580 1
76 14 580 1
18 80 767 1
80 18 767 1
29 52 1136 1
52 29 1136 1
64 88 675 1
88 64 675 1
66 86 1121 1
86 66 1121 1
15 56 1170 1
56 15 1170 1
23 88 1119 1
88 23 1119 1
37 54 645 1
54 37 645 1
41 68 978 1
68 41 978 1
48 67 417 1
67 48 417 1
54 66 740 1
66 54 740 1
97 104 399 1
104 97 399 1
11 14 937 1
14 11 937 1
12 30 419 1
30 12 419 1
13 38 919 1
38 13 919 1
14 41 702 1
41 14 702 1
25 39 702 1
39 25 702 1
33 102 1043 1
102 33 1043 1
37 53 629 1
53 37 629 1
53 84 1054 1
84 53 1054 1
9 40 778 1
40 9 778 1
9 80 1146 1
80 9 1146 1
17 32 646 1
32 17 646 1
31 37 658 1
37 31 658 1
35 39 531 1
39 35 531 1
37 62 953 1
62 37 953 1
45 91 637 1
91 45 637 1
50 59 774 1
59 50 774 1
66 103 1026 1
103 66 1026 1
87 94 753 1
94 87 753 1
104 112 332 1
112 104 332 1
3 66 920 1
66 3 920 1
4 34 986 1
34 4 986 1
14 57 1154 1
57 14 1154 1
18 79 755 1
79 18 755 1
21 37 403 1
37 21 403 1
23 39 847 1
39 23 847 1
86 113 874 1
113 86 874 1
100 103 576 1
103 100 576 1
5 39 639 1
39 5 639 1
6 76 615 1
76 6 615 1
22 34 922 1
34 22 922 1
24 84 1013 1
84 24 1013 1
26 39 604 1
39 26 604 1
28 37 709 1
37 28 709 1
47 104 532 1
104 47 532 1
49 101 814 1
101 49 814 1
71 85 660 1
85 71 660 1
103 111 432 1
111 103 432 1
0 37 925 1
37 0 925 1
7 60 1133 1
60 7 1133 1
7 83 551 1
83 7 551 1
11 20 668 1
20 11 668 1
13 58 1244 1
58 13 1244 1
26 65 1232 1
65 26 1232 1
37 87 433 1
87 37 433 1
67 94 677 1
94 67 677 1
10 81 1126 1
81 10 1126 1
11 79 342 1
79 11 342 1
19 94 903 1
94 19 903 1
21 72 388 1
72 21 388 1
36 88 289 1
88 36 289 1
105 111 367 1
111 105 367 1
0 71 700 1
71 0 700 1
4 48 1379 1
48 4 1379 1
21 81 634 1
81 21 634 1
32 57 493 1
57 32 493 1
74 83 697 1
83 74 697 1
96 105 387 1
105 96 387 1
7 76 747 1
76 7 747 1
17 51 751 1
51 17 751 1
28 38 358 1
38 28 358 1
45 65 388 1
65 45 388 1
95 101 458 1
101 95 458 1
2 93 1417 1
93 2 1417 1
13 20 655 1
20 13 655 1
102 115 318 1
115 102 318 1
6 94 917 1
94 6 917 1
15 82 832 1
82 15 832 1
