116 2668
80 81 1113 1
81 80 1113 1
49 51 172 1
51 49 172 1
58 59 496 1
59 58 496 1
42 47 281 1
47 42 281 1
43 47 146 1
47 43 146 1
44 45 194 1
45 44 194 1
46 47 309 1
47 46 309 1
98 99 479 1
99 98 479 1
48 49 410 1
49 48 410 1
56 78 391 1
78 56 391 1
8 9 638 1
9 8 638 1
44 49 304 1
49 44 304 1
78 79 878 1
79 78 878 1
101 102 595 1
102 101 595 1
42 43 239 1
43 42 239 1
42 46 173 1
46 42 173 1
63 81 293 1
81 63 293 1
30 31 127 1
31 30 127 1
22 23 140 1
23 22 140 1
95 108 123 1
108 95 123 1
19 69 323 1
69 19 323 1
2 6 165 1
6 2 165 1
4 8 148 1
8 4 148 1
68 69 164 1
69 68 164 1
16 78 122 1
78 16 122 1
45 49 111 1
49 45 111 1
5 27 165 1
27 5 165 1
44 48 114 1
48 44 114 1
22 30 218 1
30 22 218 1
46 51 585 1
51 46 585 1
48 51 548 1
51 48 548 1
63 80 1146 1
80 63 1146 1
78 80 116 1
80 78 116 1
4 24 144 1
24 4 144 1
23 31 199 1
31 23 199 1
16 79 934 1
79 16 934 1
102 103 508 1
103 102 508 1
59 61 271 1
61 59 271 1
36 37 542 1
37 36 542 1
111 112 111 1
112 111 111 1
13 15 277 1
15 13 277 1
16 56 380 1
56 16 380 1
58 60 266 1
60 58 266 1
66 67 177 1
67 66 177 1
11 17 224 1
17 11 224 1
16 63 1092 1
63 16 1092 1
12 13 959 1
13 12 959 1
46 52 244 1
52 46 244 1
8 24 258 1
24 8 258 1
43 46 341 1
46 43 341 1
57 63 249 1
63 57 249 1
62 80 268 1
80 62 268 1
42 98 381 1
98 42 381 1
78 81 1002 1
81 78 1002 1
23 30 259 1
30 23 259 1
36 81 848 1
81 36 848 1
87 89 476 1
89 87 476 1
62 63 1134 1
63 62 1134 1
36 80 330 1
80 36 330 1
86 88 460 1
88 86 460 1
11 65 770 1
65 11 770 1
29 72 629 1
72 29 629 1
19 68 313 1
68 19 313 1
56 80 431 1
80 56 431 1
100 102 87 1
102 100 87 1
4 9 500 1
9 4 500 1
16 80 152 1
80 16 152 1
47 55 367 1
55 47 367 1
16 81 1063 1
81 16 1063 1
58 61 717 1
61 58 717 1
37 40 562 1
40 37 562 1
46 55 584 1
55 46 584 1
55 96 492 1
96 55 492 1
61 63 238 1
63 61 238 1
29 79 257 1
79 29 257 1
56 63 1014 1
63 56 1014 1
92 93 608 1
93 92 608 1
25 27 193 1
27 25 193 1
32 33 149 1
33 32 149 1
5 26 263 1
26 5 263 1
57 68 520 1
68 57 520 1
77 107 536 1
107 77 536 1
103 104 369 1
104 103 369 1
30 64 1064 1
64 30 1064 1
84 85 1130 1
85 84 1130 1
94 108 97 1
108 94 97 1
24 25 135 1
25 24 135 1
45 51 254 1
51 45 254 1
72 79 733 1
79 72 733 1
49 65 308 1
65 49 308 1
54 55 651 1
55 54 651 1
63 78 1033 1
78 63 1033 1
60 62 241 1
62 60 241 1
46 49 541 1
49 46 541 1
55 98 606 1
98 55 606 1
22 31 234 1
31 22 234 1
43 45 199 1
45 43 199 1
43 98 522 1
98 43 522 1
73 75 84 1
75 73 84 1
47 96 412 1
96 47 412 1
51 65 287 1
65 51 287 1
29 33 510 1
33 29 510 1
72 78 300 1
78 72 300 1
10 12 181 1
12 10 181 1
91 99 166 1
99 91 166 1
56 81 1090 1
81 56 1090 1
96 99 428 1
99 96 428 1
8 93 1382 1
93 8 1382 1
26 27 135 1
27 26 135 1
45 48 304 1
48 45 304 1
93 112 343 1
112 93 343 1
9 24 385 1
24 9 385 1
38 39 465 1
39 38 465 1
43 96 503 1
96 43 503 1
46 66 543 1
66 46 543 1
57 59 382 1
59 57 382 1
63 79 303 1
79 63 303 1
101 103 106 1
103 101 106 1
36 40 213 1
40 36 213 1
51 52 786 1
52 51 786 1
42 44 208 1
44 42 208 1
82 83 881 1
83 82 881 1
18 68 315 1
68 18 315 1
14 15 772 1
15 14 772 1
47 98 442 1
98 47 442 1
47 51 339 1
51 47 339 1
40 41 506 1
41 40 506 1
44 51 440 1
51 44 440 1
100 103 576 1
103 100 576 1
57 81 488 1
81 57 488 1
76 77 238 1
77 76 238 1
9 15 219 1
15 9 219 1
56 79 965 1
79 56 965 1
50 51 698 1
51 50 698 1
8 92 1269 1
92 8 1269 1
8 15 741 1
15 8 741 1
23 64 1238 1
64 23 1238 1
22 25 402 1
25 22 402 1
5 25 129 1
25 5 129 1
62 81 1169 1
81 62 1169 1
100 101 656 1
101 100 656 1
43 55 485 1
55 43 485 1
56 60 232 1
60 56 232 1
55 99 216 1
99 55 216 1
31 71 265 1
71 31 265 1
60 61 893 1
61 60 893 1
104 107 401 1
107 104 401 1
18 19 147 1
19 18 147 1
61 62 1047 1
62 61 1047 1
18 57 564 1
57 18 564 1
48 52 415 1
52 48 415 1
96 98 184 1
98 96 184 1
111 113 191 1
113 111 191 1
33 72 507 1
72 33 507 1
45 50 474 1
50 45 474 1
2 50 1192 1
50 2 1192 1
44 47 404 1
47 44 404 1
28 29 741 1
29 28 741 1
1 9 878 1
9 1 878 1
59 68 484 1
68 59 484 1
16 62 313 1
62 16 313 1
42 49 396 1
49 42 396 1
92 112 325 1
112 92 325 1
3 7 185 1
7 3 185 1
47 49 380 1
49 47 380 1
24 110 1066 1
110 24 1066 1
62 78 287 1
78 62 287 1
49 50 585 1
50 49 585 1
11 12 972 1
12 11 972 1
112 113 116 1
113 112 116 1
18 81 878 1
81 18 878 1
22 27 524 1
27 22 524 1
57 61 216 1
61 57 216 1
5 21 332 1
21 5 332 1
2 22 228 1
22 2 228 1
14 20 320 1
20 14 320 1
42 55 629 1
55 42 629 1
56 62 252 1
62 56 252 1
81 113 820 1
113 81 820 1
8 14 205 1
14 8 205 1
22 64 1169 1
64 22 1169 1
4 26 161 1
26 4 161 1
42 52 325 1
52 42 325 1
22 88 1044 1
88 22 1044 1
43 44 290 1
44 43 290 1
97 110 221 1
110 97 221 1
31 79 660 1
79 31 660 1
59 66 363 1
66 59 363 1
42 99 482 1
99 42 482 1
64 88 675 1
88 64 675 1
30 71 303 1
71 30 303 1
31 64 1128 1
64 31 1128 1
43 99 372 1
99 43 372 1
34 35 126 1
35 34 126 1
48 65 674 1
65 48 674 1
69 92 1197 1
92 69 1197 1
77 104 668 1
104 77 668 1
46 48 368 1
48 46 368 1
47 99 231 1
99 47 231 1
23 88 1119 1
88 23 1119 1
16 72 287 1
72 16 287 1
20 21 185 1
21 20 185 1
57 80 1050 1
80 57 1050 1
79 81 136 1
81 79 136 1
5 24 252 1
24 5 252 1
9 92 1428 1
92 9 1428 1
45 47 345 1
47 45 345 1
104 105 204 1
105 104 204 1
3 22 347 1
22 3 347 1
18 113 1181 1
113 18 1181 1
20 41 386 1
41 20 386 1
4 25 258 1
25 4 258 1
20 37 510 1
37 20 510 1
33 41 611 1
41 33 611 1
42 51 463 1
51 42 463 1
48 50 202 1
50 48 202 1
8 25 389 1
25 8 389 1
80 84 162 1
84 80 162 1
38 40 158 1
40 38 158 1
46 67 554 1
67 46 554 1
94 95 213 1
95 94 213 1
39 89 325 1
89 39 325 1
44 50 287 1
50 44 287 1
56 57 840 1
57 56 840 1
3 23 271 1
23 3 271 1
37 41 217 1
41 37 217 1
49 52 718 1
52 49 718 1
42 45 300 1
45 42 300 1
4 5 350 1
5 4 350 1
46 96 270 1
96 46 270 1
42 48 243 1
48 42 243 1
4 20 334 1
20 4 334 1
3 89 961 1
89 3 961 1
37 109 343 1
109 37 343 1
82 84 544 1
84 82 544 1
85 89 220 1
89 85 220 1
1 65 536 1
65 1 536 1
37 38 515 1
38 37 515 1
2 64 992 1
64 2 992 1
7 13 237 1
13 7 237 1
23 25 373 1
25 23 373 1
18 80 767 1
80 18 767 1
86 87 805 1
87 86 805 1
27 88 863 1
88 27 863 1
45 65 388 1
65 45 388 1
92 100 157 1
100 92 157 1
25 64 1312 1
64 25 1312 1
11 49 996 1
49 11 996 1
11 13 168 1
13 11 168 1
32 103 1045 1
103 32 1045 1
80 113 810 1
113 80 810 1
109 111 273 1
111 109 273 1
6 15 884 1
15 6 884 1
28 79 847 1
79 28 847 1
67 92 922 1
92 67 922 1
26 41 487 1
41 26 487 1
29 32 631 1
32 29 631 1
58 108 852 1
108 58 852 1
28 72 116 1
72 28 116 1
37 112 610 1
112 37 610 1
52 83 1260 1
83 52 1260 1
44 46 353 1
46 44 353 1
61 98 1007 1
98 61 1007 1
51 55 568 1
55 51 568 1
79 80 991 1
80 79 991 1
25 110 1042 1
110 25 1042 1
50 64 302 1
64 50 302 1
10 17 1029 1
17 10 1029 1
9 67 1237 1
67 9 1237 1
29 78 851 1
78 29 851 1
32 101 1092 1
101 32 1092 1
63 113 947 1
113 63 947 1
45 102 889 1
102 45 889 1
62 79 1049 1
79 62 1049 1
38 54 263 1
54 38 263 1
58 95 897 1
95 58 897 1
13 93 1144 1
93 13 1144 1
90 92 135 1
92 90 135 1
15 41 349 1
41 15 349 1
46 53 547 1
53 46 547 1
52 53 746 1
53 52 746 1
14 41 702 1
41 14 702 1
16 28 220 1
28 16 220 1
4 14 255 1
14 4 255 1
2 5 685 1
5 2 685 1
28 82 255 1
82 28 255 1
3 31 315 1
31 3 315 1
19 82 964 1
82 19 964 1
20 24 393 1
24 20 393 1
58 106 1039 1
106 58 1039 1
93 105 305 1
105 93 305 1
5 9 157 1
9 5 157 1
14 37 824 1
37 14 824 1
46 98 212 1
98 46 212 1
101 106 633 1
106 101 633 1
60 108 800 1
108 60 800 1
113 115 188 1
115 113 188 1
3 30 397 1
30 3 397 1
11 74 727 1
74 11 727 1
15 92 1292 1
92 15 1292 1
87 99 759 1
99 87 759 1
10 73 783 1
73 10 783 1
32 102 997 1
102 32 997 1
49 53 406 1
53 49 406 1
52 55 814 1
55 52 814 1
81 84 1146 1
84 81 1146 1
113 114 95 1
114 113 95 1
28 112 911 1
112 28 911 1
57 78 938 1
78 57 938 1
11 48 1197 1
48 11 1197 1
51 53 271 1
53 51 271 1
59 60 718 1
60 59 718 1
2 7 566 1
7 2 566 1
33 81 613 1
81 33 613 1
56 87 1244 1
87 56 1244 1
1 11 394 1
11 1 394 1
23 27 506 1
27 23 506 1
28 80 329 1
80 28 329 1
39 109 356 1
109 39 356 1
90 106 378 1
106 90 378 1
23 86 866 1
86 23 866 1
58 66 198 1
66 58 198 1
18 63 774 1
63 18 774 1
21 41 236 1
41 21 236 1
47 52 540 1
52 47 540 1
10 65 1203 1
65 10 1203 1
10 75 732 1
75 10 732 1
52 66 667 1
66 52 667 1
2 23 340 1
23 2 340 1
10 13 1004 1
13 10 1004 1
22 86 800 1
86 22 800 1
82 86 143 1
86 82 143 1
103 114 282 1
114 103 282 1
11 73 310 1
73 11 310 1
50 67 562 1
67 50 562 1
91 98 616 1
98 91 616 1
12 15 906 1
15 12 906 1
18 59 713 1
59 18 713 1
33 40 654 1
40 33 654 1
47 48 490 1
48 47 490 1
48 90 628 1
90 48 628 1
94 97 266 1
97 94 266 1
3 88 1145 1
88 3 1145 1
27 110 890 1
110 27 890 1
43 51 245 1
51 43 245 1
58 68 392 1
68 58 392 1
72 113 813 1
113 72 813 1
4 64 1218 1
64 4 1218 1
28 62 527 1
62 28 527 1
45 46 448 1
46 45 448 1
51 96 733 1
96 51 733 1
57 113 1031 1
113 57 1031 1
88 89 1035 1
89 88 1035 1
29 41 234 1
41 29 234 1
72 81 860 1
81 72 860 1
103 107 239 1
107 103 239 1
17 65 592 1
65 17 592 1
26 40 419 1
40 26 419 1
29 31 454 1
31 29 454 1
9 14 725 1
14 9 725 1
25 31 272 1
31 25 272 1
36 38 122 1
38 36 122 1
56 89 1199 1
89 56 1199 1
73 76 450 1
76 73 450 1
8 67 1258 1
67 8 1258 1
99 113 264 1
113 99 264 1
11 51 955 1
51 11 955 1
50 65 837 1
65 50 837 1
12 65 1303 1
65 12 1303 1
2 66 917 1
66 2 917 1
13 100 1359 1
100 13 1359 1
17 79 135 1
79 17 135 1
28 63 1049 1
63 28 1049 1
60 99 983 1
99 60 983 1
48 98 566 1
98 48 566 1
79 84 1035 1
84 79 1035 1
29 40 655 1
40 29 655 1
38 82 362 1
82 38 362 1
2 4 569 1
4 2 569 1
28 81 975 1
81 28 975 1
33 113 927 1
113 33 927 1
58 89 1156 1
89 58 1156 1
14 24 389 1
24 14 389 1
30 34 790 1
34 30 790 1
16 29 882 1
29 16 882 1
21 37 403 1
37 21 403 1
15 93 1054 1
93 15 1054 1
28 37 709 1
37 28 709 1
34 79 586 1
79 34 586 1
8 20 420 1
20 8 420 1
114 115 96 1
115 114 96 1
10 28 213 1
28 10 213 1
44 65 564 1
65 44 564 1
6 50 1151 1
50 6 1151 1
43 49 240 1
49 43 240 1
2 30 317 1
30 2 317 1
6 67 991 1
67 6 991 1
19 109 838 1
109 19 838 1
91 113 366 1
113 91 366 1
112 114 196 1
114 112 196 1
2 67 952 1
67 2 952 1
7 30 462 1
30 7 462 1
25 30 292 1
30 25 292 1
28 40 248 1
40 28 248 1
29 101 860 1
101 29 860 1
57 58 735 1
58 57 735 1
58 98 810 1
98 58 810 1
99 106 562 1
106 99 562 1
20 93 974 1
93 20 974 1
56 58 427 1
58 56 427 1
28 33 585 1
33 28 585 1
37 93 575 1
93 37 575 1
15 21 348 1
21 15 348 1
22 110 1082 1
110 22 1082 1
56 72 566 1
72 56 566 1
63 111 831 1
111 63 831 1
93 100 653 1
100 93 653 1
20 110 682 1
110 20 682 1
108 115 135 1
115 108 135 1
7 23 337 1
23 7 337 1
3 5 603 1
5 3 603 1
3 27 634 1
27 3 634 1
13 71 401 1
71 13 401 1
24 26 201 1
26 24 201 1
91 106 697 1
106 91 697 1
6 12 248 1
12 6 248 1
8 64 1208 1
64 8 1208 1
56 68 408 1
68 56 408 1
103 108 420 1
108 103 420 1
36 94 246 1
94 36 246 1
84 113 718 1
113 84 718 1
5 67 1194 1
67 5 1194 1
28 78 272 1
78 28 272 1
29 70 512 1
70 29 512 1
56 99 1051 1
99 56 1051 1
61 81 506 1
81 61 506 1
90 103 653 1
103 90 653 1
5 7 538 1
7 5 538 1
50 66 475 1
66 50 475 1
68 81 913 1
81 68 913 1
11 44 1105 1
44 11 1105 1
4 6 536 1
6 4 536 1
9 21 431 1
21 9 431 1
72 80 384 1
80 72 384 1
5 22 506 1
22 5 506 1
28 34 618 1
34 28 618 1
35 45 385 1
45 35 385 1
59 95 862 1
95 59 862 1
60 95 868 1
95 60 868 1
64 86 1029 1
86 64 1029 1
52 54 402 1
54 52 402 1
92 105 456 1
105 92 456 1
7 50 1347 1
50 7 1347 1
12 50 1114 1
50 12 1114 1
1 3 446 1
3 1 446 1
105 112 319 1
112 105 319 1
7 15 461 1
15 7 461 1
30 35 784 1
35 30 784 1
8 105 1137 1
105 8 1137 1
74 76 203 1
76 74 203 1
21 24 413 1
24 21 413 1
40 82 231 1
82 40 231 1
49 90 859 1
90 49 859 1
61 80 1112 1
80 61 1112 1
69 109 801 1
109 69 801 1
90 100 182 1
100 90 182 1
4 27 279 1
27 4 279 1
11 45 1014 1
45 11 1014 1
58 99 956 1
99 58 956 1
27 41 398 1
41 27 398 1
40 101 898 1
101 40 898 1
36 57 914 1
57 36 914 1
38 109 342 1
109 38 342 1
42 96 429 1
96 42 429 1
0 6 417 1
6 0 417 1
36 68 821 1
68 36 821 1
40 81 874 1
81 40 874 1
87 88 1035 1
88 87 1035 1
0 82 741 1
82 0 741 1
4 93 1288 1
93 4 1288 1
5 39 639 1
39 5 639 1
6 26 607 1
26 6 607 1
12 101 1369 1
101 12 1369 1
57 79 431 1
79 57 431 1
68 80 778 1
80 68 778 1
3 87 809 1
87 3 809 1
75 105 690 1
105 75 690 1
60 63 1021 1
63 60 1021 1
12 100 1084 1
100 12 1084 1
28 84 456 1
84 28 456 1
45 96 643 1
96 45 643 1
62 106 794 1
106 62 794 1
109 112 348 1
112 109 348 1
14 40 342 1
40 14 342 1
31 86 707 1
86 31 707 1
34 71 603 1
71 34 603 1
49 55 664 1
55 49 664 1
17 73 298 1
73 17 298 1
27 39 536 1
39 27 536 1
77 114 582 1
114 77 582 1
1 7 452 1
7 1 452 1
7 12 856 1
12 7 856 1
29 113 879 1
113 29 879 1
36 84 341 1
84 36 341 1
16 34 555 1
34 16 555 1
25 41 554 1
41 25 554 1
73 77 274 1
77 73 274 1
97 108 170 1
108 97 170 1
4 110 1015 1
110 4 1015 1
10 64 755 1
64 10 755 1
33 79 486 1
79 33 486 1
33 80 703 1
80 33 703 1
55 91 297 1
91 55 297 1
106 113 395 1
113 106 395 1
4 15 597 1
15 4 597 1
5 23 453 1
23 5 453 1
16 73 769 1
73 16 769 1
44 98 563 1
98 44 563 1
54 58 818 1
58 54 818 1
87 106 830 1
106 87 830 1
51 67 436 1
67 51 436 1
67 97 637 1
97 67 637 1
69 90 1119 1
90 69 1119 1
86 89 1016 1
89 86 1016 1
9 20 557 1
20 9 557 1
82 113 905 1
113 82 905 1
59 89 931 1
89 59 931 1
102 104 159 1
104 102 159 1
108 114 218 1
114 108 218 1
18 36 784 1
36 18 784 1
59 63 501 1
63 59 501 1
5 110 1022 1
110 5 1022 1
8 50 1336 1
50 8 1336 1
16 31 718 1
31 16 718 1
35 110 305 1
110 35 305 1
65 104 1022 1
104 65 1022 1
79 113 788 1
113 79 788 1
19 57 426 1
57 19 426 1
21 109 565 1
109 21 565 1
45 107 840 1
107 45 840 1
67 69 345 1
69 67 345 1
45 74 897 1
74 45 897 1
47 66 579 1
66 47 579 1
61 108 835 1
108 61 835 1
3 9 596 1
9 3 596 1
35 44 409 1
44 35 409 1
39 40 508 1
40 39 508 1
77 103 704 1
103 77 704 1
7 64 1244 1
64 7 1244 1
36 113 562 1
113 36 562 1
59 106 1174 1
106 59 1174 1
82 87 849 1
87 82 849 1
100 104 240 1
104 100 240 1
92 114 349 1
114 92 349 1
7 9 490 1
9 7 490 1
29 84 1027 1
84 29 1027 1
39 41 161 1
41 39 161 1
49 96 720 1
96 49 720 1
62 72 566 1
72 62 566 1
68 113 1115 1
113 68 1115 1
78 89 1017 1
89 78 1017 1
4 50 1323 1
50 4 1323 1
15 100 1225 1
100 15 1225 1
61 95 778 1
95 61 778 1
70 73 402 1
73 70 402 1
72 106 580 1
106 72 580 1
53 91 265 1
91 53 265 1
10 11 986 1
11 10 986 1
28 70 247 1
70 28 247 1
52 61 1057 1
61 52 1057 1
59 108 883 1
108 59 883 1
81 112 823 1
112 81 823 1
106 115 278 1
115 106 278 1
19 92 1295 1
92 19 1295 1
21 39 356 1
39 21 356 1
21 26 271 1
26 21 271 1
25 32 836 1
32 25 836 1
47 53 268 1
53 47 268 1
2 25 585 1
25 2 585 1
7 25 539 1
25 7 539 1
20 36 396 1
36 20 396 1
60 80 480 1
80 60 480 1
67 110 507 1
110 67 507 1
72 115 649 1
115 72 649 1
8 21 536 1
21 8 536 1
46 50 303 1
50 46 303 1
49 74 960 1
74 49 960 1
57 106 1143 1
106 57 1143 1
5 6 733 1
6 5 733 1
12 73 783 1
73 12 783 1
55 58 998 1
58 55 998 1
59 69 338 1
69 59 338 1
72 76 257 1
76 72 257 1
78 113 766 1
113 78 766 1
10 86 544 1
86 10 544 1
13 92 1402 1
92 13 1402 1
44 96 580 1
96 44 580 1
58 62 503 1
62 58 503 1
9 65 1235 1
65 9 1235 1
10 41 849 1
41 10 849 1
6 49 1274 1
49 6 1274 1
10 105 1072 1
105 10 1072 1
15 37 533 1
37 15 533 1
58 87 1355 1
87 58 1355 1
7 31 345 1
31 7 345 1
9 93 1250 1
93 9 1250 1
25 50 1404 1
50 25 1404 1
30 86 614 1
86 30 614 1
38 94 246 1
94 38 246 1
40 113 703 1
113 40 703 1
49 98 742 1
98 49 742 1
105 110 411 1
110 105 411 1
13 29 290 1
29 13 290 1
18 111 1051 1
111 18 1051 1
68 109 832 1
109 68 832 1
12 71 631 1
71 12 631 1
35 50 559 1
50 35 559 1
43 95 483 1
95 43 483 1
45 100 889 1
100 45 889 1
38 85 837 1
85 38 837 1
44 74 853 1
74 44 853 1
52 59 956 1
59 52 956 1
18 33 288 1
33 18 288 1
36 83 816 1
83 36 816 1
63 72 944 1
72 63 944 1
23 71 443 1
71 23 443 1
36 112 594 1
112 36 594 1
48 74 887 1
74 48 887 1
57 89 760 1
89 57 760 1
37 92 835 1
92 37 835 1
43 48 391 1
48 43 391 1
57 69 378 1
69 57 378 1
93 111 397 1
111 93 397 1
7 8 828 1
8 7 828 1
32 100 1015 1
100 32 1015 1
60 106 915 1
106 60 915 1
76 107 636 1
107 76 636 1
5 8 493 1
8 5 493 1
10 23 699 1
23 10 699 1
4 41 642 1
41 4 642 1
8 13 868 1
13 8 868 1
69 70 750 1
70 69 750 1
85 87 616 1
87 85 616 1
6 65 1218 1
65 6 1218 1
15 65 1052 1
65 15 1052 1
40 80 433 1
80 40 433 1
62 99 1000 1
99 62 1000 1
102 107 560 1
107 102 560 1
3 110 994 1
110 3 994 1
6 7 710 1
7 6 710 1
6 66 934 1
66 6 934 1
13 65 935 1
65 13 935 1
19 84 968 1
84 19 968 1
23 110 1096 1
110 23 1096 1
24 67 1223 1
67 24 1223 1
65 100 1146 1
100 65 1146 1
67 77 525 1
77 67 525 1
78 84 235 1
84 78 235 1
102 106 217 1
106 102 217 1
4 88 829 1
88 4 829 1
4 92 1237 1
92 4 1237 1
12 30 419 1
30 12 419 1
14 74 378 1
74 14 378 1
18 78 674 1
78 18 674 1
22 50 1336 1
50 22 1336 1
28 71 506 1
71 28 506 1
33 57 394 1
57 33 394 1
53 54 818 1
54 53 818 1
9 69 1181 1
69 9 1181 1
9 110 1098 1
110 9 1098 1
16 57 981 1
57 16 981 1
33 62 690 1
62 33 690 1
13 28 892 1
28 13 892 1
14 82 179 1
82 14 179 1
16 17 998 1
17 16 998 1
54 59 1020 1
59 54 1020 1
57 109 768 1
109 57 768 1
104 114 171 1
114 104 171 1
24 27 252 1
27 24 252 1
44 102 816 1
102 44 816 1
52 98 272 1
98 52 272 1
67 105 903 1
105 67 903 1
72 84 493 1
84 72 493 1
2 8 554 1
8 2 554 1
10 30 501 1
30 10 501 1
11 100 1299 1
100 11 1299 1
26 39 604 1
39 26 604 1
44 107 886 1
107 44 886 1
89 96 700 1
96 89 700 1
4 69 1158 1
69 4 1158 1
8 110 1076 1
110 8 1076 1
21 25 360 1
25 21 360 1
31 41 528 1
41 31 528 1
40 83 731 1
83 40 731 1
105 111 367 1
111 105 367 1
20 38 349 1
38 20 349 1
21 71 214 1
71 21 214 1
33 63 547 1
63 33 547 1
47 67 492 1
67 47 492 1
56 106 934 1
106 56 934 1
68 78 695 1
78 68 695 1
0 19 488 1
19 0 488 1
4 90 1167 1
90 4 1167 1
13 41 490 1
41 13 490 1
33 37 555 1
37 33 555 1
36 85 845 1
85 36 845 1
20 109 557 1
109 20 557 1
29 80 961 1
80 29 961 1
33 71 374 1
71 33 374 1
52 58 705 1
58 52 705 1
53 92 739 1
92 53 739 1
94 112 366 1
112 94 366 1
21 40 380 1
40 21 380 1
48 55 832 1
55 48 832 1
63 84 1189 1
84 63 1189 1
18 106 1114 1
106 18 1114 1
28 36 321 1
36 28 321 1
30 110 901 1
110 30 901 1
43 108 477 1
108 43 477 1
53 67 640 1
67 53 640 1
7 104 1243 1
104 7 1243 1
17 74 721 1
74 17 721 1
25 26 225 1
26 25 225 1
32 72 471 1
72 32 471 1
38 83 760 1
83 38 760 1
78 87 1016 1
87 78 1016 1
94 109 127 1
109 94 127 1
29 81 342 1
81 29 342 1
90 107 713 1
107 90 713 1
4 21 414 1
21 4 414 1
13 17 364 1
17 13 364 1
22 35 922 1
35 22 922 1
23 105 1262 1
105 23 1262 1
31 34 815 1
34 31 815 1
69 94 883 1
94 69 883 1
70 75 355 1
75 70 355 1
0 83 1120 1
83 0 1120 1
13 33 629 1
33 13 629 1
15 33 738 1
33 15 738 1
21 38 458 1
38 21 458 1
27 30 343 1
30 27 343 1
48 102 819 1
102 48 819 1
12 29 886 1
29 12 886 1
40 84 485 1
84 40 485 1
53 82 1252 1
82 53 1252 1
3 64 1134 1
64 3 1134 1
10 109 786 1
109 10 786 1
18 82 891 1
82 18 891 1
28 111 842 1
111 28 842 1
35 67 262 1
67 35 262 1
60 98 728 1
98 60 728 1
18 109 857 1
109 18 857 1
33 36 610 1
36 33 610 1
39 86 698 1
86 39 698 1
28 83 861 1
83 28 861 1
31 72 482 1
72 31 482 1
72 74 76 1
74 72 76 1
8 69 1192 1
69 8 1192 1
9 50 1509 1
50 9 1509 1
14 112 1099 1
112 14 1099 1
51 98 763 1
98 51 763 1
57 62 1000 1
62 57 1000 1
61 83 902 1
83 61 902 1
7 71 395 1
71 7 395 1
36 78 263 1
78 36 263 1
9 13 376 1
13 9 376 1
27 40 481 1
40 27 481 1
83 84 1154 1
84 83 1154 1
99 111 265 1
111 99 265 1
0 84 624 1
84 0 624 1
5 66 1239 1
66 5 1239 1
8 23 562 1
23 8 562 1
11 75 388 1
75 11 388 1
59 98 975 1
98 59 975 1
73 100 1005 1
100 73 1005 1
14 93 1238 1
93 14 1238 1
19 53 1115 1
53 19 1115 1
27 64 1222 1
64 27 1222 1
32 41 693 1
41 32 693 1
37 80 842 1
80 37 842 1
45 67 282 1
67 45 282 1
66 77 590 1
77 66 590 1
96 97 322 1
97 96 322 1
18 88 1010 1
88 18 1010 1
28 109 610 1
109 28 610 1
37 39 117 1
39 37 117 1
42 66 473 1
66 42 473 1
1 50 1095 1
50 1 1095 1
1 100 1327 1
100 1 1327 1
6 35 860 1
35 6 860 1
9 97 970 1
97 9 970 1
48 66 357 1
66 48 357 1
70 82 411 1
82 70 411 1
75 109 462 1
109 75 462 1
80 85 1121 1
85 80 1121 1
106 107 486 1
107 106 486 1
12 35 895 1
35 12 895 1
17 76 648 1
76 17 648 1
19 83 893 1
83 19 893 1
33 78 590 1
78 33 590 1
79 99 574 1
99 79 574 1
21 27 209 1
27 21 209 1
56 113 1026 1
113 56 1026 1
2 12 394 1
12 2 394 1
47 54 568 1
54 47 568 1
51 66 580 1
66 51 580 1
70 76 285 1
76 70 285 1
91 111 390 1
111 91 390 1
7 22 454 1
22 7 454 1
9 37 724 1
37 9 724 1
27 89 807 1
89 27 807 1
55 61 711 1
61 55 711 1
85 94 684 1
94 85 684 1
95 98 433 1
98 95 433 1
95 99 272 1
99 95 272 1
1 12 1022 1
12 1 1022 1
25 88 998 1
88 25 998 1
37 94 426 1
94 37 426 1
53 75 842 1
75 53 842 1
58 96 780 1
96 58 780 1
65 73 763 1
73 65 763 1
26 70 383 1
70 26 383 1
34 44 373 1
44 34 373 1
36 82 401 1
82 36 401 1
64 110 621 1
110 64 621 1
88 110 590 1
110 88 590 1
10 74 381 1
74 10 381 1
17 34 689 1
34 17 689 1
31 32 596 1
32 31 596 1
58 90 890 1
90 58 890 1
78 106 572 1
106 78 572 1
63 98 1024 1
98 63 1024 1
68 95 921 1
95 68 921 1
1 8 1115 1
8 1 1115 1
6 48 1184 1
48 6 1184 1
14 92 1074 1
92 14 1074 1
15 20 521 1
20 15 521 1
6 8 485 1
8 6 485 1
12 41 846 1
41 12 846 1
30 32 574 1
32 30 574 1
31 78 755 1
78 31 755 1
31 88 956 1
88 31 956 1
37 81 336 1
81 37 336 1
53 93 353 1
93 53 353 1
55 59 850 1
59 55 850 1
89 99 398 1
99 89 398 1
14 84 681 1
84 14 681 1
36 41 570 1
41 36 570 1
57 111 890 1
111 57 890 1
79 86 986 1
86 79 986 1
81 114 782 1
114 81 782 1
93 109 510 1
109 93 510 1
40 72 200 1
72 40 200 1
60 78 455 1
78 60 455 1
66 69 349 1
69 66 349 1
98 111 265 1
111 98 265 1
0 88 782 1
88 0 782 1
10 29 893 1
29 10 893 1
18 58 669 1
58 18 669 1
36 52 586 1
52 36 586 1
42 53 475 1
53 42 475 1
52 67 728 1
67 52 728 1
73 105 753 1
105 73 753 1
74 91 918 1
91 74 918 1
75 77 210 1
77 75 210 1
78 99 844 1
99 78 844 1
12 45 1250 1
45 12 1250 1
35 76 333 1
76 35 333 1
46 59 785 1
59 46 785 1
66 107 978 1
107 66 978 1
20 26 232 1
26 20 232 1
24 92 1330 1
92 24 1330 1
44 90 651 1
90 44 651 1
82 112 963 1
112 82 963 1
3 25 566 1
25 3 566 1
21 36 510 1
36 21 510 1
28 57 964 1
57 28 964 1
44 99 632 1
99 44 632 1
60 101 1230 1
101 60 1230 1
65 67 361 1
67 65 361 1
2 70 412 1
70 2 412 1
27 31 339 1
31 27 339 1
34 62 521 1
62 34 521 1
47 95 361 1
95 47 361 1
50 110 492 1
110 50 492 1
82 111 920 1
111 82 920 1
91 101 197 1
101 91 197 1
10 35 781 1
35 10 781 1
12 64 932 1
64 12 932 1
19 26 891 1
26 19 891 1
29 62 1067 1
62 29 1067 1
36 39 517 1
39 36 517 1
67 90 867 1
90 67 867 1
79 89 364 1
89 79 364 1
90 95 589 1
95 90 589 1
10 70 382 1
70 10 382 1
20 40 225 1
40 20 225 1
49 100 971 1
100 49 971 1
75 91 753 1
91 75 753 1
12 28 275 1
28 12 275 1
26 82 411 1
82 26 411 1
29 30 533 1
30 29 533 1
37 85 343 1
85 37 343 1
40 109 467 1
109 40 467 1
40 112 757 1
112 40 757 1
48 96 608 1
96 48 608 1
50 100 650 1
100 50 650 1
62 113 914 1
113 62 914 1
65 74 952 1
74 65 952 1
74 86 416 1
86 74 416 1
9 105 1106 1
105 9 1106 1
14 33 786 1
33 14 786 1
49 67 315 1
67 49 315 1
3 85 893 1
85 3 893 1
62 83 1241 1
83 62 1241 1
80 112 813 1
112 80 813 1
83 94 771 1
94 83 771 1
37 82 780 1
82 37 780 1
2 35 833 1
35 2 833 1
18 56 478 1
56 18 478 1
18 69 392 1
69 18 392 1
31 33 517 1
33 31 517 1
36 56 615 1
56 36 615 1
62 98 668 1
98 62 668 1
63 112 915 1
112 63 915 1
1 4 1035 1
4 1 1035 1
6 44 1164 1
44 6 1164 1
59 96 904 1
96 59 904 1
10 34 709 1
34 10 709 1
60 81 1111 1
81 60 1111 1
74 98 633 1
98 74 633 1
0 74 551 1
74 0 551 1
8 112 1273 1
112 8 1273 1
56 108 829 1
108 56 829 1
97 104 399 1
104 97 399 1
7 110 1011 1
110 7 1011 1
8 100 1159 1
100 8 1159 1
13 31 424 1
31 13 424 1
17 28 894 1
28 17 894 1
19 36 821 1
36 19 821 1
19 70 573 1
70 19 573 1
40 57 982 1
57 40 982 1
1 90 1264 1
90 1 1264 1
2 26 618 1
26 2 618 1
4 67 1210 1
67 4 1210 1
8 37 922 1
37 8 922 1
15 29 295 1
29 15 295 1
15 53 1143 1
53 15 1143 1
28 94 557 1
94 28 557 1
36 63 945 1
63 36 945 1
37 113 578 1
113 37 578 1
63 99 719 1
99 63 719 1
79 106 876 1
106 79 876 1
6 70 405 1
70 6 405 1
13 37 594 1
37 13 594 1
36 109 326 1
109 36 326 1
40 94 393 1
94 40 393 1
43 52 553 1
52 43 553 1
19 113 1158 1
113 19 1158 1
37 84 862 1
84 37 862 1
38 87 730 1
87 38 730 1
43 66 481 1
66 43 481 1
45 98 655 1
98 45 655 1
46 77 585 1
77 46 585 1
52 65 959 1
65 52 959 1
59 62 914 1
62 59 914 1
90 102 246 1
102 90 246 1
10 14 380 1
14 10 380 1
26 69 1109 1
69 26 1109 1
30 79 725 1
79 30 725 1
58 63 892 1
63 58 892 1
60 91 1127 1
91 60 1127 1
61 99 773 1
99 61 773 1
64 102 855 1
102 64 855 1
76 114 580 1
114 76 580 1
95 97 97 1
97 95 97 1
3 8 773 1
8 3 773 1
5 97 910 1
97 5 910 1
33 114 880 1
114 33 880 1
46 99 446 1
99 46 446 1
64 100 818 1
100 64 818 1
71 104 863 1
104 71 863 1
73 93 853 1
93 73 853 1
2 110 1015 1
110 2 1015 1
11 104 1111 1
104 11 1111 1
18 62 706 1
62 18 706 1
37 111 552 1
111 37 552 1
39 87 370 1
87 39 370 1
45 101 807 1
101 45 807 1
49 91 630 1
91 49 630 1
60 103 1182 1
103 60 1182 1
20 105 754 1
105 20 754 1
61 113 968 1
113 61 968 1
71 79 426 1
79 71 426 1
97 105 299 1
105 97 299 1
2 27 659 1
27 2 659 1
12 17 1046 1
17 12 1046 1
28 73 629 1
73 28 629 1
29 71 259 1
71 29 259 1
30 70 259 1
70 30 259 1
32 64 603 1
64 32 603 1
38 112 604 1
112 38 604 1
56 59 788 1
59 56 788 1
14 53 1349 1
53 14 1349 1
18 87 1063 1
87 18 1063 1
33 101 1066 1
101 33 1066 1
44 66 318 1
66 44 318 1
46 65 744 1
65 46 744 1
24 50 1395 1
50 24 1395 1
53 55 448 1
55 53 448 1
80 82 469 1
82 80 469 1
10 71 639 1
71 10 639 1
13 73 358 1
73 13 358 1
15 71 394 1
71 15 394 1
24 64 1287 1
64 24 1287 1
56 61 920 1
61 56 920 1
97 109 174 1
109 97 174 1
7 21 555 1
21 7 555 1
10 31 619 1
31 10 619 1
14 25 491 1
25 14 491 1
24 93 1326 1
93 24 1326 1
46 54 354 1
54 46 354 1
4 22 457 1
22 4 457 1
6 51 1338 1
51 6 1338 1
26 88 791 1
88 26 791 1
85 97 439 1
97 85 439 1
90 108 470 1
108 90 470 1
18 61 737 1
61 18 737 1
24 37 815 1
37 24 815 1
30 50 1195 1
50 30 1195 1
41 64 1081 1
64 41 1081 1
53 83 977 1
83 53 977 1
8 53 1492 1
53 8 1492 1
12 74 431 1
74 12 431 1
25 35 978 1
35 25 978 1
75 93 807 1
93 75 807 1
2 88 959 1
88 2 959 1
11 50 1265 1
50 11 1265 1
18 26 857 1
26 18 857 1
20 53 1075 1
53 20 1075 1
32 106 871 1
106 32 871 1
34 72 552 1
72 34 552 1
37 105 506 1
105 37 506 1
52 108 555 1
108 52 555 1
57 84 1116 1
84 57 1116 1
0 48 847 1
48 0 847 1
7 100 1408 1
100 7 1408 1
18 84 897 1
84 18 897 1
70 78 427 1
78 70 427 1
80 94 538 1
94 80 538 1
93 103 173 1
103 93 173 1
15 24 514 1
24 15 514 1
38 55 598 1
55 38 598 1
54 96 167 1
96 54 167 1
71 111 839 1
111 71 839 1
6 13 864 1
13 6 864 1
9 100 1346 1
100 9 1346 1
14 114 959 1
114 14 959 1
15 83 194 1
83 15 194 1
17 35 579 1
35 17 579 1
33 112 908 1
112 33 908 1
46 95 451 1
95 46 451 1
72 101 1016 1
101 72 1016 1
87 96 843 1
96 87 843 1
95 103 393 1
103 95 393 1
98 113 276 1
113 98 276 1
0 49 1001 1
49 0 1001 1
1 92 1314 1
92 1 1314 1
12 93 1368 1
93 12 1368 1
18 37 833 1
37 18 833 1
20 75 348 1
75 20 348 1
41 93 733 1
93 41 733 1
63 89 569 1
89 63 569 1
65 77 615 1
77 65 615 1
1 69 441 1
69 1 441 1
12 70 392 1
70 12 392 1
24 115 1029 1
115 24 1029 1
46 90 324 1
90 46 324 1
48 101 937 1
101 48 937 1
58 80 712 1
80 58 712 1
92 94 455 1
94 92 455 1
1 104 1183 1
104 1 1183 1
10 15 968 1
15 10 968 1
17 29 223 1
29 17 223 1
29 85 473 1
85 29 473 1
74 99 759 1
99 74 759 1
29 37 304 1
37 29 304 1
36 108 330 1
108 36 330 1
39 88 762 1
88 39 762 1
62 70 663 1
70 62 663 1
62 101 1225 1
101 62 1225 1
104 110 417 1
110 104 417 1
0 86 874 1
86 0 874 1
12 49 1320 1
49 12 1320 1
43 50 494 1
50 43 494 1
44 64 436 1
64 44 436 1
102 115 318 1
115 102 318 1
5 50 1417 1
50 5 1417 1
6 90 1185 1
90 6 1185 1
10 79 992 1
79 10 992 1
15 73 336 1
73 15 336 1
25 66 1220 1
66 25 1220 1
26 36 616 1
36 26 616 1
68 106 1131 1
106 68 1131 1
105 109 371 1
109 105 371 1
1 51 787 1
51 1 787 1
6 53 1419 1
53 6 1419 1
47 50 544 1
50 47 544 1
80 99 917 1
99 80 917 1
83 85 549 1
85 83 549 1
12 33 709 1
33 12 709 1
26 54 816 1
54 26 816 1
50 102 692 1
102 50 692 1
63 114 926 1
114 63 926 1
13 30 546 1
30 13 546 1
24 97 1000 1
97 24 1000 1
51 90 888 1
90 51 888 1
65 75 753 1
75 65 753 1
69 95 876 1
95 69 876 1
70 72 158 1
72 70 158 1
74 75 389 1
75 74 389 1
80 87 1107 1
87 80 1107 1
84 87 1148 1
87 84 1148 1
1 13 546 1
13 1 546 1
15 26 469 1
26 15 469 1
22 70 443 1
70 22 443 1
25 102 1186 1
102 25 1186 1
25 103 1172 1
103 25 1172 1
28 113 881 1
113 28 881 1
33 84 801 1
84 33 801 1
6 9 834 1
9 6 834 1
28 38 358 1
38 28 358 1
59 97 823 1
97 59 823 1
77 97 366 1
97 77 366 1
6 64 941 1
64 6 941 1
19 28 732 1
28 19 732 1
43 58 647 1
58 43 647 1
46 108 360 1
108 46 360 1
48 53 654 1
53 48 654 1
48 107 958 1
107 48 958 1
59 80 1038 1
80 59 1038 1
98 106 320 1
106 98 320 1
9 25 252 1
25 9 252 1
14 21 487 1
21 14 487 1
32 62 548 1
62 32 548 1
81 106 949 1
106 81 949 1
93 101 103 1
101 93 103 1
98 108 315 1
108 98 315 1
3 86 986 1
86 3 986 1
23 34 949 1
34 23 949 1
25 93 1273 1
93 25 1273 1
31 63 863 1
63 31 863 1
42 58 582 1
58 42 582 1
59 81 740 1
81 59 740 1
64 65 897 1
65 64 897 1
66 90 828 1
90 66 828 1
81 82 1081 1
82 81 1081 1
90 91 735 1
91 90 735 1
6 20 561 1
20 6 561 1
19 37 776 1
37 19 776 1
45 66 369 1
66 45 369 1
66 97 717 1
97 66 717 1
89 106 787 1
106 89 787 1
31 62 966 1
62 31 966 1
60 113 938 1
113 60 938 1
5 41 483 1
41 5 483 1
6 93 1425 1
93 6 1425 1
8 19 957 1
19 8 957 1
15 40 725 1
40 15 725 1
34 70 564 1
70 34 564 1
43 67 388 1
67 43 388 1
75 86 685 1
86 75 685 1
87 98 1003 1
98 87 1003 1
92 103 574 1
103 92 574 1
12 51 1375 1
51 12 1375 1
14 36 526 1
36 14 526 1
73 74 458 1
74 73 458 1
2 20 581 1
20 2 581 1
5 89 870 1
89 5 870 1
25 67 1191 1
67 25 1191 1
26 38 554 1
38 26 554 1
29 112 910 1
112 29 910 1
38 41 513 1
41 38 513 1
51 74 987 1
74 51 987 1
63 87 821 1
87 63 821 1
77 102 773 1
102 77 773 1
6 83 986 1
83 6 986 1
10 93 1289 1
93 10 1289 1
29 109 610 1
109 29 610 1
35 71 557 1
71 35 557 1
41 101 711 1
101 41 711 1
42 108 485 1
108 42 485 1
54 91 742 1
91 54 742 1
79 87 531 1
87 79 531 1
16 84 311 1
84 16 311 1
22 26 505 1
26 22 505 1
32 79 600 1
79 32 600 1
34 78 466 1
78 34 466 1
47 97 280 1
97 47 280 1
77 105 632 1
105 77 632 1
8 41 768 1
41 8 768 1
10 33 638 1
33 10 638 1
20 67 918 1
67 20 918 1
71 72 402 1
72 71 402 1
72 114 738 1
114 72 738 1
28 41 661 1
41 28 661 1
30 102 1111 1
102 30 1111 1
33 68 378 1
68 33 378 1
46 97 424 1
97 46 424 1
48 100 791 1
100 48 791 1
53 69 959 1
69 53 959 1
61 114 963 1
114 61 963 1
23 70 494 1
70 23 494 1
35 64 566 1
64 35 566 1
39 94 407 1
94 39 407 1
9 19 928 1
19 9 928 1
20 92 945 1
92 20 945 1
35 65 453 1
65 35 453 1
52 77 798 1
77 52 798 1
55 83 558 1
83 55 558 1
72 73 517 1
73 72 517 1
72 82 298 1
82 72 298 1
95 96 288 1
96 95 288 1
5 30 380 1
30 5 380 1
5 85 946 1
85 5 946 1
36 59 964 1
59 36 964 1
40 74 182 1
74 40 182 1
54 90 282 1
90 54 282 1
76 108 370 1
108 76 370 1
10 20 506 1
20 10 506 1
16 86 543 1
86 16 543 1
30 88 865 1
88 30 865 1
35 77 284 1
77 35 284 1
42 83 1110 1
83 42 1110 1
54 97 484 1
97 54 484 1
63 106 1106 1
106 63 1106 1
78 86 556 1
86 78 556 1
82 91 1133 1
91 82 1133 1
17 78 955 1
78 17 955 1
44 53 562 1
53 44 562 1
48 103 924 1
103 48 924 1
59 87 1210 1
87 59 1210 1
12 48 1186 1
48 12 1186 1
55 95 221 1
95 55 221 1
63 68 745 1
68 63 745 1
70 106 687 1
106 70 687 1
102 114 295 1
114 102 295 1
13 21 494 1
21 13 494 1
16 70 409 1
70 16 409 1
52 95 665 1
95 52 665 1
80 83 1100 1
83 80 1100 1
15 112 1123 1
112 15 1123 1
17 75 351 1
75 17 351 1
32 108 663 1
108 32 663 1
107 114 333 1
114 107 333 1
2 21 636 1
21 2 636 1
11 76 704 1
76 11 704 1
29 63 531 1
63 29 531 1
31 110 923 1
110 31 923 1
37 69 822 1
69 37 822 1
67 104 923 1
104 67 923 1
84 99 865 1
99 84 865 1
86 91 1101 1
91 86 1101 1
6 92 1291 1
92 6 1291 1
36 61 965 1
61 36 965 1
39 78 740 1
78 39 740 1
51 100 973 1
100 51 973 1
57 72 874 1
72 57 874 1
64 93 1076 1
93 64 1076 1
64 101 1142 1
101 64 1142 1
83 87 158 1
87 83 158 1
18 40 807 1
40 18 807 1
20 82 329 1
82 20 329 1
38 89 763 1
89 38 763 1
74 101 945 1
101 74 945 1
84 89 1110 1
89 84 1110 1
96 107 486 1
107 96 486 1
16 87 1049 1
87 16 1049 1
23 35 930 1
35 23 930 1
25 40 618 1
40 25 618 1
27 86 519 1
86 27 519 1
29 34 696 1
34 29 696 1
30 101 1224 1
101 30 1224 1
34 86 880 1
86 34 880 1
34 96 428 1
96 34 428 1
40 79 762 1
79 40 762 1
56 86 911 1
86 56 911 1
58 113 963 1
113 58 963 1
68 85 974 1
85 68 974 1
12 44 1177 1
44 12 1177 1
13 101 1137 1
101 13 1137 1
18 72 618 1
72 18 618 1
19 20 766 1
20 19 766 1
38 110 451 1
110 38 451 1
41 75 187 1
75 41 187 1
44 100 799 1
100 44 799 1
46 107 643 1
107 46 643 1
49 73 903 1
73 49 903 1
55 89 213 1
89 55 213 1
55 108 332 1
108 55 332 1
57 87 938 1
87 57 938 1
68 108 915 1
108 68 915 1
71 77 297 1
77 71 297 1
81 111 760 1
111 81 760 1
82 88 444 1
88 82 444 1
94 113 328 1
113 94 328 1
97 115 218 1
115 97 218 1
5 38 756 1
38 5 756 1
9 109 978 1
109 9 978 1
13 75 440 1
75 13 440 1
22 71 471 1
71 22 471 1
56 91 1205 1
91 56 1205 1
92 97 585 1
97 92 585 1
3 4 707 1
4 3 707 1
20 69 935 1
69 20 935 1
24 105 1115 1
105 24 1115 1
46 58 646 1
58 46 646 1
50 96 527 1
96 50 527 1
55 60 1020 1
60 55 1020 1
55 74 679 1
74 55 679 1
61 106 1151 1
106 61 1151 1
66 108 706 1
108 66 706 1
86 110 816 1
110 86 816 1
109 113 333 1
113 109 333 1
8 66 1233 1
66 8 1233 1
17 86 1035 1
86 17 1035 1
46 83 1042 1
83 46 1042 1
54 82 561 1
82 54 561 1
57 85 575 1
85 57 575 1
59 113 994 1
113 59 994 1
76 103 780 1
103 76 780 1
1 95 815 1
95 1 815 1
13 109 892 1
109 13 892 1
13 112 1199 1
112 13 1199 1
