116 2668
42 43 239 1
43 42 239 1
44 45 194 1
45 44 194 1
30 31 127 1
31 30 127 1
43 47 146 1
47 43 146 1
56 57 840 1
57 56 840 1
48 51 548 1
51 48 548 1
22 23 140 1
23 22 140 1
48 49 410 1
49 48 410 1
45 49 111 1
49 45 111 1
42 46 173 1
46 42 173 1
44 49 304 1
49 44 304 1
84 85 1130 1
85 84 1130 1
29 72 629 1
72 29 629 1
80 81 1113 1
81 80 1113 1
28 29 741 1
29 28 741 1
42 47 281 1
47 42 281 1
28 72 116 1
72 28 116 1
11 13 168 1
13 11 168 1
43 45 199 1
45 43 199 1
91 93 118 1
93 91 118 1
17 81 182 1
81 17 182 1
2 6 165 1
6 2 165 1
43 46 341 1
46 43 341 1
73 74 458 1
74 73 458 1
64 84 478 1
84 64 478 1
42 45 300 1
45 42 300 1
49 51 172 1
51 49 172 1
46 47 309 1
47 46 309 1
76 77 238 1
77 76 238 1
79 81 136 1
81 79 136 1
8 9 638 1
9 8 638 1
47 49 380 1
49 47 380 1
16 78 122 1
78 16 122 1
34 35 126 1
35 34 126 1
78 80 116 1
80 78 116 1
17 79 135 1
79 17 135 1
66 67 177 1
67 66 177 1
3 84 1110 1
84 3 1110 1
25 27 193 1
27 25 193 1
43 49 240 1
49 43 240 1
27 84 956 1
84 27 956 1
42 49 396 1
49 42 396 1
78 81 1002 1
81 78 1002 1
42 44 208 1
44 42 208 1
45 47 345 1
47 45 345 1
59 66 363 1
66 59 363 1
84 86 610 1
86 84 610 1
44 48 114 1
48 44 114 1
100 102 87 1
102 100 87 1
97 104 399 1
104 97 399 1
20 30 328 1
30 20 328 1
5 9 157 1
9 5 157 1
3 23 271 1
23 3 271 1
24 25 135 1
25 24 135 1
113 114 95 1
114 113 95 1
4 8 148 1
8 4 148 1
22 84 1027 1
84 22 1027 1
44 55 743 1
55 44 743 1
55 96 492 1
96 55 492 1
54 55 651 1
55 54 651 1
22 64 1169 1
64 22 1169 1
97 99 180 1
99 97 180 1
111 112 111 1
112 111 111 1
20 31 387 1
31 20 387 1
36 37 542 1
37 36 542 1
60 61 893 1
61 60 893 1
90 92 135 1
92 90 135 1
104 107 401 1
107 104 401 1
23 84 1113 1
84 23 1113 1
10 12 181 1
12 10 181 1
16 17 998 1
17 16 998 1
46 49 541 1
49 46 541 1
73 76 450 1
76 73 450 1
43 44 290 1
44 43 290 1
3 27 634 1
27 3 634 1
112 113 116 1
113 112 116 1
49 55 664 1
55 49 664 1
72 74 76 1
74 72 76 1
47 48 490 1
48 47 490 1
72 73 517 1
73 72 517 1
74 76 203 1
76 74 203 1
62 63 1134 1
63 62 1134 1
72 76 257 1
76 72 257 1
45 48 304 1
48 45 304 1
27 85 894 1
85 27 894 1
42 48 243 1
48 42 243 1
44 46 353 1
46 44 353 1
64 88 675 1
88 64 675 1
45 55 662 1
55 45 662 1
70 71 263 1
71 70 263 1
42 111 258 1
111 42 258 1
66 68 378 1
68 66 378 1
101 103 106 1
103 101 106 1
22 86 800 1
86 22 800 1
47 111 188 1
111 47 188 1
58 61 717 1
61 58 717 1
103 104 369 1
104 103 369 1
45 46 448 1
46 45 448 1
3 22 347 1
22 3 347 1
46 55 584 1
55 46 584 1
24 27 252 1
27 24 252 1
63 79 303 1
79 63 303 1
46 48 368 1
48 46 368 1
85 87 616 1
87 85 616 1
48 50 202 1
50 48 202 1
29 73 113 1
73 29 113 1
48 112 575 1
112 48 575 1
17 78 955 1
78 17 955 1
43 111 293 1
111 43 293 1
48 53 654 1
53 48 654 1
12 13 959 1
13 12 959 1
66 69 349 1
69 66 349 1
71 75 163 1
75 71 163 1
1 19 351 1
19 1 351 1
60 63 1021 1
63 60 1021 1
38 41 513 1
41 38 513 1
54 98 204 1
98 54 204 1
95 97 97 1
97 95 97 1
24 26 201 1
26 24 201 1
50 51 698 1
51 50 698 1
99 111 265 1
111 99 265 1
67 69 345 1
69 67 345 1
75 77 210 1
77 75 210 1
84 87 1148 1
87 84 1148 1
62 81 1169 1
81 62 1169 1
16 81 1063 1
81 16 1063 1
22 24 386 1
24 22 386 1
104 105 204 1
105 104 204 1
23 27 506 1
27 23 506 1
23 86 866 1
86 23 866 1
51 55 568 1
55 51 568 1
99 108 310 1
108 99 310 1
43 48 391 1
48 43 391 1
32 66 416 1
66 32 416 1
12 14 278 1
14 12 278 1
14 15 772 1
15 14 772 1
39 96 494 1
96 39 494 1
44 51 440 1
51 44 440 1
71 77 297 1
77 71 297 1
105 114 152 1
114 105 152 1
70 75 355 1
75 70 355 1
90 91 735 1
91 90 735 1
73 75 84 1
75 73 84 1
42 112 333 1
112 42 333 1
58 60 266 1
60 58 266 1
95 115 205 1
115 95 205 1
26 27 135 1
27 26 135 1
3 85 893 1
85 3 893 1
23 25 373 1
25 23 373 1
1 100 1327 1
100 1 1327 1
15 83 194 1
83 15 194 1
95 107 258 1
107 95 258 1
59 63 501 1
63 59 501 1
48 55 832 1
55 48 832 1
3 64 1134 1
64 3 1134 1
82 86 143 1
86 82 143 1
1 61 385 1
61 1 385 1
103 106 532 1
106 103 532 1
86 87 805 1
87 86 805 1
105 107 233 1
107 105 233 1
95 108 123 1
108 95 123 1
8 26 300 1
26 8 300 1
22 27 524 1
27 22 524 1
4 9 500 1
9 4 500 1
11 12 972 1
12 11 972 1
23 24 403 1
24 23 403 1
108 115 135 1
115 108 135 1
11 15 385 1
15 11 385 1
41 75 187 1
75 41 187 1
59 102 1214 1
102 59 1214 1
82 83 881 1
83 82 881 1
61 63 238 1
63 61 238 1
91 92 669 1
92 91 669 1
23 64 1238 1
64 23 1238 1
44 47 404 1
47 44 404 1
79 80 991 1
80 79 991 1
3 86 986 1
86 3 986 1
98 100 250 1
100 98 250 1
51 53 271 1
53 51 271 1
45 51 254 1
51 45 254 1
109 110 135 1
110 109 135 1
4 6 536 1
6 4 536 1
43 55 485 1
55 43 485 1
59 68 484 1
68 59 484 1
68 69 164 1
69 68 164 1
97 108 170 1
108 97 170 1
64 65 897 1
65 64 897 1
88 89 1035 1
89 88 1035 1
94 97 266 1
97 94 266 1
98 99 479 1
99 98 479 1
102 103 508 1
103 102 508 1
14 83 858 1
83 14 858 1
78 79 878 1
79 78 878 1
90 100 182 1
100 90 182 1
56 79 965 1
79 56 965 1
20 25 402 1
25 20 402 1
73 77 274 1
77 73 274 1
27 86 519 1
86 27 519 1
16 28 220 1
28 16 220 1
75 76 374 1
76 75 374 1
20 21 185 1
21 20 185 1
42 55 629 1
55 42 629 1
95 104 381 1
104 95 381 1
97 103 349 1
103 97 349 1
38 39 465 1
39 38 465 1
47 51 339 1
51 47 339 1
57 79 431 1
79 57 431 1
70 73 402 1
73 70 402 1
104 106 195 1
106 104 195 1
29 75 189 1
75 29 189 1
32 33 149 1
33 32 149 1
17 28 894 1
28 17 894 1
35 65 453 1
65 35 453 1
14 82 179 1
82 14 179 1
21 39 356 1
39 21 356 1
17 80 1070 1
80 17 1070 1
34 84 580 1
84 34 580 1
59 106 1174 1
106 59 1174 1
49 111 530 1
111 49 530 1
47 110 210 1
110 47 210 1
16 56 380 1
56 16 380 1
26 64 1183 1
64 26 1183 1
95 109 146 1
109 95 146 1
25 31 272 1
31 25 272 1
63 102 1192 1
102 63 1192 1
43 112 376 1
112 43 376 1
72 75 453 1
75 72 453 1
92 93 608 1
93 92 608 1
16 72 287 1
72 16 287 1
28 78 272 1
78 28 272 1
58 59 496 1
59 58 496 1
59 103 1115 1
103 59 1115 1
70 77 376 1
77 70 376 1
49 112 609 1
112 49 609 1
56 78 391 1
78 56 391 1
100 104 240 1
104 100 240 1
66 103 1026 1
103 66 1026 1
97 110 221 1
110 97 221 1
16 79 934 1
79 16 934 1
16 80 152 1
80 16 152 1
46 111 189 1
111 46 189 1
1 102 1288 1
102 1 1288 1
50 52 243 1
52 50 243 1
14 22 562 1
22 14 562 1
85 86 1120 1
86 85 1120 1
103 107 239 1
107 103 239 1
52 54 402 1
54 52 402 1
94 96 89 1
96 94 89 1
61 100 1241 1
100 61 1241 1
29 76 555 1
76 29 555 1
64 85 1107 1
85 64 1107 1
99 115 285 1
115 99 285 1
22 85 1113 1
85 22 1113 1
106 107 486 1
107 106 486 1
47 55 367 1
55 47 367 1
59 61 271 1
61 59 271 1
27 64 1222 1
64 27 1222 1
59 69 338 1
69 59 338 1
44 112 534 1
112 44 534 1
95 99 272 1
99 95 272 1
102 104 159 1
104 102 159 1
10 11 986 1
11 10 986 1
19 69 323 1
69 19 323 1
46 112 262 1
112 46 262 1
72 78 300 1
78 72 300 1
105 115 176 1
115 105 176 1
51 54 884 1
54 51 884 1
26 88 791 1
88 26 791 1
60 62 241 1
62 60 241 1
49 50 585 1
50 49 585 1
97 102 534 1
102 97 534 1
98 108 315 1
108 98 315 1
27 89 807 1
89 27 807 1
37 38 515 1
38 37 515 1
60 79 1000 1
79 60 1000 1
12 15 906 1
15 12 906 1
48 111 498 1
111 48 498 1
49 53 406 1
53 49 406 1
97 115 218 1
115 97 218 1
2 4 569 1
4 2 569 1
25 30 292 1
30 25 292 1
37 41 217 1
41 37 217 1
65 84 1120 1
84 65 1120 1
32 81 728 1
81 32 728 1
48 52 415 1
52 48 415 1
62 79 1049 1
79 62 1049 1
23 85 1053 1
85 23 1053 1
67 104 923 1
104 67 923 1
111 113 191 1
113 111 191 1
110 111 172 1
111 110 172 1
18 60 647 1
60 18 647 1
46 96 270 1
96 46 270 1
112 114 196 1
114 112 196 1
41 77 345 1
77 41 345 1
48 54 669 1
54 48 669 1
37 114 513 1
114 37 513 1
46 53 547 1
53 46 547 1
63 81 293 1
81 63 293 1
46 51 585 1
51 46 585 1
74 75 389 1
75 74 389 1
16 62 313 1
62 16 313 1
6 10 299 1
10 6 299 1
25 85 1018 1
85 25 1018 1
64 86 1029 1
86 64 1029 1
11 83 383 1
83 11 383 1
16 57 981 1
57 16 981 1
28 75 567 1
75 28 567 1
43 96 503 1
96 43 503 1
2 64 992 1
64 2 992 1
17 29 223 1
29 17 223 1
47 112 265 1
112 47 265 1
10 18 609 1
18 10 609 1
5 26 263 1
26 5 263 1
97 100 590 1
100 97 590 1
5 65 1232 1
65 5 1232 1
62 80 268 1
80 62 268 1
70 76 285 1
76 70 285 1
17 56 1024 1
56 17 1024 1
14 91 1235 1
91 14 1235 1
22 26 505 1
26 22 505 1
5 24 252 1
24 5 252 1
65 92 1075 1
92 65 1075 1
8 14 205 1
14 8 205 1
37 98 666 1
98 37 666 1
0 56 174 1
56 0 174 1
69 103 1214 1
103 69 1214 1
9 26 419 1
26 9 419 1
5 8 493 1
8 5 493 1
17 63 324 1
63 17 324 1
32 68 304 1
68 32 304 1
76 99 626 1
99 76 626 1
108 114 218 1
114 108 218 1
18 83 953 1
83 18 953 1
104 110 417 1
110 104 417 1
42 96 429 1
96 42 429 1
108 109 87 1
109 108 87 1
60 81 1111 1
81 60 1111 1
37 40 562 1
40 37 562 1
44 111 448 1
111 44 448 1
17 72 781 1
72 17 781 1
96 97 322 1
97 96 322 1
17 57 439 1
57 17 439 1
97 111 292 1
111 97 292 1
107 108 333 1
108 107 333 1
4 61 1291 1
61 4 1291 1
22 25 402 1
25 22 402 1
69 104 1167 1
104 69 1167 1
45 111 467 1
111 45 467 1
1 83 729 1
83 1 729 1
9 24 385 1
24 9 385 1
13 15 277 1
15 13 277 1
94 99 399 1
99 94 399 1
34 86 880 1
86 34 880 1
99 110 299 1
110 99 299 1
14 86 272 1
86 14 272 1
97 109 174 1
109 97 174 1
10 83 1031 1
83 10 1031 1
82 84 544 1
84 82 544 1
19 102 1271 1
102 19 1271 1
20 27 271 1
27 20 271 1
68 103 1277 1
103 68 1277 1
1 58 829 1
58 1 829 1
29 41 234 1
41 29 234 1
32 72 471 1
72 32 471 1
41 94 523 1
94 41 523 1
84 88 224 1
88 84 224 1
10 28 213 1
28 10 213 1
11 112 1101 1
112 11 1101 1
14 26 321 1
26 14 321 1
23 31 199 1
31 23 199 1
104 108 301 1
108 104 301 1
1 59 541 1
59 1 541 1
34 64 445 1
64 34 445 1
41 72 550 1
72 41 550 1
96 98 184 1
98 96 184 1
29 33 510 1
33 29 510 1
31 71 265 1
71 31 265 1
11 29 239 1
29 11 239 1
15 82 832 1
82 15 832 1
17 60 1082 1
60 17 1082 1
32 78 484 1
78 32 484 1
99 103 258 1
103 99 258 1
66 96 666 1
96 66 666 1
24 84 1013 1
84 24 1013 1
29 77 357 1
77 29 357 1
105 108 296 1
108 105 296 1
1 11 394 1
11 1 394 1
7 33 515 1
33 7 515 1
8 88 819 1
88 8 819 1
14 88 613 1
88 14 613 1
58 102 1067 1
102 58 1067 1
6 7 710 1
7 6 710 1
27 88 863 1
88 27 863 1
90 98 163 1
98 90 163 1
97 107 263 1
107 97 263 1
62 78 287 1
78 62 287 1
0 99 1111 1
99 0 1111 1
12 22 481 1
22 12 481 1
21 25 360 1
25 21 360 1
23 65 1169 1
65 23 1169 1
51 112 579 1
112 51 579 1
4 26 161 1
26 4 161 1
100 107 640 1
107 100 640 1
23 105 1262 1
105 23 1262 1
28 70 247 1
70 28 247 1
57 78 938 1
78 57 938 1
68 106 1131 1
106 68 1131 1
99 114 265 1
114 99 265 1
3 65 942 1
65 3 942 1
38 96 284 1
96 38 284 1
66 97 717 1
97 66 717 1
34 82 812 1
82 34 812 1
45 96 643 1
96 45 643 1
52 53 746 1
53 52 746 1
72 112 844 1
112 72 844 1
35 110 305 1
110 35 305 1
67 68 440 1
68 67 440 1
70 72 158 1
72 70 158 1
13 29 290 1
29 13 290 1
20 24 393 1
24 20 393 1
20 26 232 1
26 20 232 1
44 96 580 1
96 44 580 1
47 53 268 1
53 47 268 1
52 90 240 1
90 52 240 1
98 104 286 1
104 98 286 1
6 28 413 1
28 6 413 1
30 33 526 1
33 30 526 1
59 79 694 1
79 59 694 1
98 102 260 1
102 98 260 1
0 101 1354 1
101 0 1354 1
34 85 678 1
85 34 678 1
52 61 1057 1
61 52 1057 1
55 98 606 1
98 55 606 1
32 80 590 1
80 32 590 1
85 89 220 1
89 85 220 1
18 19 147 1
19 18 147 1
29 74 571 1
74 29 571 1
5 91 1178 1
91 5 1178 1
38 77 447 1
77 38 447 1
42 51 463 1
51 42 463 1
94 111 316 1
111 94 316 1
5 35 974 1
35 5 974 1
32 62 548 1
62 32 548 1
95 98 433 1
98 95 433 1
7 65 934 1
65 7 934 1
24 64 1287 1
64 24 1287 1
45 112 552 1
112 45 552 1
91 105 371 1
105 91 371 1
96 110 214 1
110 96 214 1
28 76 345 1
76 28 345 1
61 90 1156 1
90 61 1156 1
41 76 493 1
76 41 493 1
4 58 1292 1
58 4 1292 1
18 101 1348 1
101 18 1348 1
34 87 945 1
87 34 945 1
23 88 1119 1
88 23 1119 1
37 39 117 1
39 37 117 1
55 94 428 1
94 55 428 1
59 67 245 1
67 59 245 1
59 100 1223 1
100 59 1223 1
94 110 220 1
110 94 220 1
3 24 623 1
24 3 623 1
15 86 825 1
86 15 825 1
51 52 786 1
52 51 786 1
59 104 1146 1
104 59 1146 1
3 89 961 1
89 3 961 1
29 112 910 1
112 29 910 1
55 108 332 1
108 55 332 1
95 103 393 1
103 95 393 1
99 109 321 1
109 99 321 1
50 54 543 1
54 50 543 1
54 96 167 1
96 54 167 1
95 100 576 1
100 95 576 1
93 105 305 1
105 93 305 1
0 17 982 1
17 0 982 1
4 60 1138 1
60 4 1138 1
25 84 1066 1
84 25 1066 1
29 83 227 1
83 29 227 1
61 102 1213 1
102 61 1213 1
88 91 958 1
91 88 958 1
107 115 298 1
115 107 298 1
22 88 1044 1
88 22 1044 1
36 38 122 1
38 36 122 1
51 111 516 1
111 51 516 1
57 95 781 1
95 57 781 1
0 57 825 1
57 0 825 1
23 92 1466 1
92 23 1466 1
29 70 512 1
70 29 512 1
64 93 1076 1
93 64 1076 1
72 113 813 1
113 72 813 1
95 110 248 1
110 95 248 1
32 79 600 1
79 32 600 1
39 41 161 1
41 39 161 1
111 115 269 1
115 111 269 1
22 82 706 1
82 22 706 1
23 26 522 1
26 23 522 1
25 86 638 1
86 25 638 1
37 77 246 1
77 37 246 1
67 85 682 1
85 67 682 1
22 31 234 1
31 22 234 1
34 65 549 1
65 34 549 1
43 51 245 1
51 43 245 1
47 94 415 1
94 47 415 1
72 81 860 1
81 72 860 1
96 104 297 1
104 96 297 1
2 7 566 1
7 2 566 1
17 62 1129 1
62 17 1129 1
24 86 569 1
86 24 569 1
33 38 675 1
38 33 675 1
3 25 566 1
25 3 566 1
104 115 184 1
115 104 184 1
89 92 938 1
92 89 938 1
97 98 437 1
98 97 437 1
9 90 1391 1
90 9 1391 1
23 35 930 1
35 23 930 1
37 105 506 1
105 37 506 1
46 54 354 1
54 46 354 1
8 60 1121 1
60 8 1121 1
14 64 1035 1
64 14 1035 1
17 61 534 1
61 17 534 1
43 110 298 1
110 43 298 1
64 91 1046 1
91 64 1046 1
104 109 377 1
109 104 377 1
111 114 232 1
114 111 232 1
0 16 380 1
16 0 380 1
30 38 642 1
38 30 642 1
99 104 430 1
104 99 430 1
10 13 1004 1
13 10 1004 1
14 23 650 1
23 14 650 1
49 54 854 1
54 49 854 1
62 101 1225 1
101 62 1225 1
88 92 521 1
92 88 521 1
97 105 299 1
105 97 299 1
41 74 484 1
74 41 484 1
82 87 849 1
87 82 849 1
88 93 930 1
93 88 930 1
95 105 309 1
105 95 309 1
98 109 329 1
109 98 329 1
28 41 661 1
41 28 661 1
34 110 327 1
110 34 327 1
4 52 1272 1
52 4 1272 1
47 96 412 1
96 47 412 1
108 113 292 1
113 108 292 1
5 64 1350 1
64 5 1350 1
24 85 1108 1
85 24 1108 1
41 73 204 1
73 41 204 1
55 111 434 1
111 55 434 1
56 108 829 1
108 56 829 1
74 78 322 1
78 74 322 1
100 103 576 1
103 100 576 1
30 35 784 1
35 30 784 1
55 99 216 1
99 55 216 1
92 105 456 1
105 92 456 1
31 40 592 1
40 31 592 1
66 104 942 1
104 66 942 1
77 108 373 1
108 77 373 1
5 92 1324 1
92 5 1324 1
6 12 248 1
12 6 248 1
26 84 884 1
84 26 884 1
57 81 488 1
81 57 488 1
90 102 246 1
102 90 246 1
28 32 528 1
32 28 528 1
55 109 337 1
109 55 337 1
68 97 933 1
97 68 933 1
69 105 1158 1
105 69 1158 1
96 99 428 1
99 96 428 1
100 106 280 1
106 100 280 1
4 5 350 1
5 4 350 1
19 103 1259 1
103 19 1259 1
40 82 231 1
82 40 231 1
58 63 892 1
63 58 892 1
61 79 487 1
79 61 487 1
65 67 361 1
67 65 361 1
66 80 709 1
80 66 709 1
72 77 430 1
77 72 430 1
84 89 1110 1
89 84 1110 1
5 93 1207 1
93 5 1207 1
15 87 271 1
87 15 271 1
3 87 809 1
87 3 809 1
27 34 903 1
34 27 903 1
37 108 355 1
108 37 355 1
10 72 309 1
72 10 309 1
20 71 311 1
71 20 311 1
30 71 303 1
71 30 303 1
38 71 546 1
71 38 546 1
99 113 264 1
113 99 264 1
101 102 595 1
102 101 595 1
8 91 1373 1
91 8 1373 1
28 33 585 1
33 28 585 1
36 41 570 1
41 36 570 1
36 77 422 1
77 36 422 1
3 88 1145 1
88 3 1145 1
3 92 1420 1
92 3 1420 1
6 83 986 1
83 6 986 1
28 112 911 1
112 28 911 1
32 59 581 1
59 32 581 1
32 67 439 1
67 32 439 1
37 104 610 1
104 37 610 1
58 88 918 1
88 58 918 1
77 94 396 1
94 77 396 1
96 109 176 1
109 96 176 1
28 81 975 1
81 28 975 1
94 108 97 1
108 94 97 1
99 112 272 1
112 99 272 1
0 10 381 1
10 0 381 1
10 14 380 1
14 10 380 1
27 30 343 1
30 27 343 1
37 109 343 1
109 37 343 1
19 68 313 1
68 19 313 1
25 89 956 1
89 25 956 1
38 40 158 1
40 38 158 1
90 93 690 1
93 90 690 1
95 102 514 1
102 95 514 1
99 102 560 1
102 99 560 1
6 9 834 1
9 6 834 1
12 53 1414 1
53 12 1414 1
21 27 209 1
27 21 209 1
94 109 127 1
109 94 127 1
30 34 790 1
34 30 790 1
41 78 770 1
78 41 770 1
57 108 842 1
108 57 842 1
1 13 546 1
13 1 546 1
16 32 504 1
32 16 504 1
31 86 707 1
86 31 707 1
39 94 407 1
94 39 407 1
109 115 211 1
115 109 211 1
114 115 96 1
115 114 96 1
61 83 902 1
83 61 902 1
68 96 891 1
96 68 891 1
76 94 331 1
94 76 331 1
22 91 1377 1
91 22 1377 1
24 30 283 1
30 24 283 1
65 88 1179 1
88 65 1179 1
72 79 733 1
79 72 733 1
109 111 273 1
111 109 273 1
94 115 181 1
115 94 181 1
60 88 724 1
88 60 724 1
63 89 569 1
89 63 569 1
107 114 333 1
114 107 333 1
10 17 1029 1
17 10 1029 1
95 106 414 1
106 95 414 1
2 26 618 1
26 2 618 1
44 54 668 1
54 44 668 1
101 106 633 1
106 101 633 1
110 114 289 1
114 110 289 1
66 102 974 1
102 66 974 1
8 24 258 1
24 8 258 1
13 61 843 1
61 13 843 1
39 71 417 1
71 39 417 1
65 89 679 1
89 65 679 1
66 79 758 1
79 66 758 1
1 63 334 1
63 1 334 1
2 8 554 1
8 2 554 1
2 9 760 1
9 2 760 1
14 84 681 1
84 14 681 1
15 35 881 1
35 15 881 1
28 73 629 1
73 28 629 1
47 99 231 1
99 47 231 1
50 53 744 1
53 50 744 1
8 61 1371 1
61 8 1371 1
22 30 218 1
30 22 218 1
76 113 641 1
113 76 641 1
96 103 531 1
103 96 531 1
73 83 298 1
83 73 298 1
86 105 797 1
105 86 797 1
19 83 893 1
83 19 893 1
23 89 1070 1
89 23 1070 1
86 110 816 1
110 86 816 1
4 83 726 1
83 4 726 1
18 62 706 1
62 18 706 1
21 80 756 1
80 21 756 1
29 32 631 1
32 29 631 1
36 56 615 1
56 36 615 1
37 56 930 1
56 37 930 1
54 100 319 1
100 54 319 1
69 97 875 1
97 69 875 1
8 70 477 1
70 8 477 1
19 101 1295 1
101 19 1295 1
23 30 259 1
30 23 259 1
37 110 431 1
110 37 431 1
41 71 317 1
71 41 317 1
68 102 1226 1
102 68 1226 1
31 38 708 1
38 31 708 1
35 44 409 1
44 35 409 1
38 94 246 1
94 38 246 1
56 74 591 1
74 56 591 1
67 97 637 1
97 67 637 1
98 110 300 1
110 98 300 1
99 100 610 1
100 99 610 1
1 29 521 1
29 1 521 1
5 88 1026 1
88 5 1026 1
54 104 337 1
104 54 337 1
56 99 1051 1
99 56 1051 1
103 108 420 1
108 103 420 1
9 92 1428 1
92 9 1428 1
10 15 968 1
15 10 968 1
11 90 1290 1
90 11 1290 1
14 18 837 1
18 14 837 1
22 34 922 1
34 22 922 1
59 96 904 1
96 59 904 1
67 103 944 1
103 67 944 1
103 105 173 1
105 103 173 1
21 31 344 1
31 21 344 1
28 71 506 1
71 28 506 1
52 58 705 1
58 52 705 1
1 106 1164 1
106 1 1164 1
6 8 485 1
8 6 485 1
16 29 882 1
29 16 882 1
77 97 366 1
97 77 366 1
86 114 787 1
114 86 787 1
6 18 473 1
18 6 473 1
66 106 937 1
106 66 937 1
98 115 287 1
115 98 287 1
3 34 810 1
34 3 810 1
28 46 774 1
46 28 774 1
17 41 414 1
41 17 414 1
86 88 460 1
88 86 460 1
108 110 194 1
110 108 194 1
12 91 1349 1
91 12 1349 1
23 34 949 1
34 23 949 1
38 78 371 1
78 38 371 1
42 54 525 1
54 42 525 1
93 101 103 1
101 93 103 1
21 30 349 1
30 21 349 1
27 31 339 1
31 27 339 1
39 55 254 1
55 39 254 1
64 87 1344 1
87 64 1344 1
68 101 1309 1
101 68 1309 1
92 98 220 1
98 92 220 1
14 93 1238 1
93 14 1238 1
29 78 851 1
78 29 851 1
56 81 1090 1
81 56 1090 1
76 112 647 1
112 76 647 1
77 95 322 1
95 77 322 1
80 85 1121 1
85 80 1121 1
12 52 1107 1
52 12 1107 1
36 114 494 1
114 36 494 1
43 99 372 1
99 43 372 1
70 74 155 1
74 70 155 1
75 83 351 1
83 75 351 1
92 100 157 1
100 92 157 1
59 101 1108 1
101 59 1108 1
19 97 912 1
97 19 912 1
25 35 978 1
35 25 978 1
45 110 453 1
110 45 453 1
53 112 421 1
112 53 421 1
55 112 466 1
112 55 466 1
68 94 894 1
94 68 894 1
92 104 310 1
104 92 310 1
7 90 1390 1
90 7 1390 1
96 111 286 1
111 96 286 1
5 14 572 1
14 5 572 1
37 71 401 1
71 37 401 1
75 113 758 1
113 75 758 1
76 111 559 1
111 76 559 1
99 101 266 1
101 99 266 1
15 113 1069 1
113 15 1069 1
18 32 279 1
32 18 279 1
25 37 745 1
37 25 745 1
55 110 380 1
110 55 380 1
3 31 315 1
31 3 315 1
33 60 632 1
60 33 632 1
56 80 431 1
80 56 431 1
70 83 652 1
83 70 652 1
1 73 531 1
73 1 531 1
32 96 657 1
96 32 657 1
36 40 213 1
40 36 213 1
41 83 252 1
83 41 252 1
61 73 720 1
73 61 720 1
11 61 675 1
61 11 675 1
45 54 766 1
54 45 766 1
64 82 943 1
82 64 943 1
72 99 831 1
99 72 831 1
77 83 539 1
83 77 539 1
98 111 265 1
111 98 265 1
8 64 1208 1
64 8 1208 1
10 16 218 1
16 10 218 1
11 100 1299 1
100 11 1299 1
13 112 1199 1
112 13 1199 1
14 19 916 1
19 14 916 1
42 108 485 1
108 42 485 1
54 112 454 1
112 54 454 1
71 76 392 1
76 71 392 1
15 31 431 1
31 15 431 1
29 71 259 1
71 29 259 1
42 110 303 1
110 42 303 1
56 95 883 1
95 56 883 1
65 85 476 1
85 65 476 1
11 14 937 1
14 11 937 1
23 91 1352 1
91 23 1352 1
28 74 188 1
74 28 188 1
44 53 562 1
53 44 562 1
63 103 934 1
103 63 934 1
96 106 277 1
106 96 277 1
5 23 453 1
23 5 453 1
59 81 740 1
81 59 740 1
83 93 883 1
93 83 883 1
22 35 922 1
35 22 922 1
62 103 1159 1
103 62 1159 1
74 79 666 1
79 74 666 1
108 111 286 1
111 108 286 1
19 107 1100 1
107 19 1100 1
22 93 1426 1
93 22 1426 1
28 113 881 1
113 28 881 1
32 69 338 1
69 32 338 1
33 78 590 1
78 33 590 1
52 59 956 1
59 52 956 1
57 99 846 1
99 57 846 1
68 81 913 1
81 68 913 1
82 85 1121 1
85 82 1121 1
107 109 392 1
109 107 392 1
9 33 834 1
33 9 834 1
20 22 544 1
22 20 544 1
36 71 552 1
71 36 552 1
37 95 241 1
95 37 241 1
39 75 260 1
75 39 260 1
40 41 506 1
41 40 506 1
0 76 525 1
76 0 525 1
2 18 379 1
18 2 379 1
12 23 607 1
23 12 607 1
32 103 1045 1
103 32 1045 1
37 96 506 1
96 37 506 1
39 106 557 1
106 39 557 1
63 68 745 1
68 63 745 1
25 26 225 1
26 25 225 1
102 107 560 1
107 102 560 1
4 14 255 1
14 4 255 1
4 88 829 1
88 4 829 1
7 9 490 1
9 7 490 1
43 54 646 1
54 43 646 1
57 80 1050 1
80 57 1050 1
74 81 792 1
81 74 792 1
97 101 398 1
101 97 398 1
26 30 321 1
30 26 321 1
35 45 385 1
45 35 385 1
75 114 683 1
114 75 683 1
4 18 866 1
18 4 866 1
12 93 1368 1
93 12 1368 1
37 113 578 1
113 37 578 1
66 95 734 1
95 66 734 1
72 111 772 1
111 72 772 1
86 109 700 1
109 86 700 1
4 90 1167 1
90 4 1167 1
39 56 973 1
56 39 973 1
71 73 163 1
73 71 163 1
95 96 288 1
96 95 288 1
0 18 364 1
18 0 364 1
4 93 1288 1
93 4 1288 1
15 114 987 1
114 15 987 1
20 78 525 1
78 20 525 1
43 108 477 1
108 43 477 1
46 72 723 1
72 46 723 1
56 115 941 1
115 56 941 1
57 74 830 1
74 57 830 1
96 108 167 1
108 96 167 1
98 114 276 1
114 98 276 1
31 82 641 1
82 31 641 1
63 101 920 1
101 63 920 1
66 81 845 1
81 66 845 1
1 103 1135 1
103 1 1135 1
3 105 1215 1
105 3 1215 1
4 91 1276 1
91 4 1276 1
15 110 937 1
110 15 937 1
17 75 351 1
75 17 351 1
27 87 439 1
87 27 439 1
52 93 761 1
93 52 761 1
54 110 373 1
110 54 373 1
69 102 1226 1
102 69 1226 1
87 110 837 1
110 87 837 1
1 17 391 1
17 1 391 1
8 33 863 1
33 8 863 1
34 67 275 1
67 34 275 1
35 86 906 1
86 35 906 1
38 75 499 1
75 38 499 1
52 112 417 1
112 52 417 1
64 89 1175 1
89 64 1175 1
65 90 1061 1
90 65 1061 1
76 108 370 1
108 76 370 1
1 15 757 1
15 1 757 1
21 71 214 1
71 21 214 1
54 108 319 1
108 54 319 1
67 89 830 1
89 67 830 1
72 80 384 1
80 72 384 1
89 98 818 1
98 89 818 1
97 106 471 1
106 97 471 1
105 113 210 1
113 105 210 1
1 107 981 1
107 1 981 1
24 35 1010 1
35 24 1010 1
47 90 580 1
90 47 580 1
3 14 804 1
14 3 804 1
10 29 893 1
29 10 893 1
69 106 1139 1
106 69 1139 1
0 1 800 1
1 0 800 1
6 72 449 1
72 6 449 1
37 54 645 1
54 37 645 1
37 107 342 1
107 37 342 1
76 114 580 1
114 76 580 1
21 38 458 1
38 21 458 1
28 80 329 1
80 28 329 1
44 50 287 1
50 44 287 1
54 89 853 1
89 54 853 1
67 96 668 1
96 67 668 1
19 73 625 1
73 19 625 1
20 39 459 1
39 20 459 1
37 89 294 1
89 37 294 1
47 54 568 1
54 47 568 1
86 107 792 1
107 86 792 1
93 97 371 1
97 93 371 1
110 115 264 1
115 110 264 1
1 60 923 1
60 1 923 1
4 7 733 1
7 4 733 1
13 28 892 1
28 13 892 1
33 75 426 1
75 33 426 1
35 64 566 1
64 35 566 1
35 84 678 1
84 35 678 1
37 57 643 1
57 37 643 1
54 109 337 1
109 54 337 1
69 107 1110 1
107 69 1110 1
77 114 582 1
114 77 582 1
9 83 411 1
83 9 411 1
12 114 1083 1
114 12 1083 1
25 34 1006 1
34 25 1006 1
27 82 524 1
82 27 524 1
46 52 244 1
52 46 244 1
58 100 1047 1
100 58 1047 1
0 41 952 1
41 0 952 1
5 90 1279 1
90 5 1279 1
10 53 1310 1
53 10 1310 1
17 74 721 1
74 17 721 1
25 110 1042 1
110 25 1042 1
28 53 1155 1
53 28 1155 1
43 94 518 1
94 43 518 1
16 55 931 1
55 16 931 1
19 100 1295 1
100 19 1295 1
42 53 475 1
53 42 475 1
42 99 482 1
99 42 482 1
47 52 540 1
52 47 540 1
74 77 362 1
77 74 362 1
6 82 587 1
82 6 587 1
20 86 362 1
86 20 362 1
30 82 534 1
82 30 534 1
30 86 614 1
86 30 614 1
47 109 317 1
109 47 317 1
0 108 876 1
108 0 876 1
2 82 688 1
82 2 688 1
17 33 512 1
33 17 512 1
18 82 891 1
82 18 891 1
29 113 879 1
113 29 879 1
43 98 522 1
98 43 522 1
60 101 1230 1
101 60 1230 1
76 97 459 1
97 76 459 1
87 105 742 1
105 87 742 1
100 108 467 1
108 100 467 1
2 5 685 1
5 2 685 1
6 53 1419 1
53 6 1419 1
28 83 861 1
83 28 861 1
39 40 508 1
40 39 508 1
49 99 587 1
99 49 587 1
1 68 549 1
68 1 549 1
12 83 999 1
83 12 999 1
20 23 575 1
23 20 575 1
22 89 1126 1
89 22 1126 1
67 87 1092 1
87 67 1092 1
92 114 349 1
114 92 349 1
2 93 1417 1
93 2 1417 1
16 74 335 1
74 16 335 1
22 105 1261 1
105 22 1261 1
29 61 711 1
61 29 711 1
39 46 678 1
46 39 678 1
49 96 720 1
96 49 720 1
54 111 422 1
111 54 422 1
11 19 598 1
19 11 598 1
27 65 1171 1
65 27 1171 1
32 60 487 1
60 32 487 1
36 74 242 1
74 36 242 1
54 113 426 1
113 54 426 1
70 78 427 1
78 70 427 1
9 58 1436 1
58 9 1436 1
68 80 778 1
80 68 778 1
14 27 449 1
27 14 449 1
17 21 542 1
21 17 542 1
25 80 959 1
80 25 959 1
11 113 1085 1
113 11 1085 1
13 75 440 1
75 13 440 1
23 87 803 1
87 23 803 1
104 114 171 1
114 104 171 1
17 32 646 1
32 17 646 1
98 103 555 1
103 98 555 1
1 75 562 1
75 1 562 1
15 19 867 1
19 15 867 1
46 108 360 1
108 46 360 1
51 96 733 1
96 51 733 1
90 104 351 1
104 90 351 1
109 114 278 1
114 109 278 1
36 39 517 1
39 36 517 1
36 98 402 1
98 36 402 1
82 93 1124 1
93 82 1124 1
89 104 710 1
104 89 710 1
8 10 505 1
10 8 505 1
11 28 875 1
28 11 875 1
16 41 813 1
41 16 813 1
18 63 774 1
63 18 774 1
98 105 417 1
105 98 417 1
32 76 341 1
76 32 341 1
46 94 338 1
94 46 338 1
47 108 359 1
108 47 359 1
26 65 1232 1
65 26 1232 1
59 97 823 1
97 59 823 1
62 89 1215 1
89 62 1215 1
97 114 263 1
114 97 263 1
4 33 810 1
33 4 810 1
28 111 842 1
111 28 842 1
39 68 969 1
68 39 969 1
52 91 777 1
91 52 777 1
71 83 425 1
83 71 425 1
88 101 935 1
101 88 935 1
98 107 585 1
107 98 585 1
2 30 317 1
30 2 317 1
5 50 1417 1
50 5 1417 1
16 46 699 1
46 16 699 1
31 84 971 1
84 31 971 1
37 99 410 1
99 37 410 1
53 55 448 1
55 53 448 1
87 95 598 1
95 87 598 1
31 35 790 1
35 31 790 1
33 77 332 1
77 33 332 1
51 94 733 1
94 51 733 1
55 56 1043 1
56 55 1043 1
55 113 437 1
113 55 437 1
74 99 759 1
99 74 759 1
9 91 1212 1
91 9 1212 1
42 98 381 1
98 42 381 1
54 99 587 1
99 54 587 1
60 83 1265 1
83 60 1265 1
24 34 1021 1
34 24 1021 1
30 64 1064 1
64 30 1064 1
37 75 239 1
75 37 239 1
50 112 538 1
112 50 538 1
14 92 1074 1
92 14 1074 1
22 65 1204 1
65 22 1204 1
35 82 851 1
82 35 851 1
57 115 958 1
115 57 958 1
59 95 862 1
95 59 862 1
73 102 944 1
102 73 944 1
5 22 506 1
22 5 506 1
17 73 298 1
73 17 298 1
33 41 611 1
41 33 611 1
59 60 718 1
60 59 718 1
77 99 529 1
99 77 529 1
10 19 724 1
19 10 724 1
14 53 1349 1
53 14 1349 1
31 41 528 1
41 31 528 1
40 83 731 1
83 40 731 1
49 52 718 1
52 49 718 1
66 101 1048 1
101 66 1048 1
19 59 618 1
59 19 618 1
42 76 612 1
76 42 612 1
45 50 474 1
50 45 474 1
0 6 417 1
6 0 417 1
39 78 740 1
78 39 740 1
39 80 834 1
80 39 834 1
63 66 706 1
66 63 706 1
83 91 835 1
91 83 835 1
1 98 1107 1
98 1 1107 1
7 30 462 1
30 7 462 1
10 82 401 1
82 10 401 1
31 33 517 1
33 31 517 1
83 101 854 1
101 83 854 1
0 83 1120 1
83 0 1120 1
24 50 1395 1
50 24 1395 1
33 76 380 1
76 33 380 1
44 113 636 1
113 44 636 1
0 19 488 1
19 0 488 1
7 11 254 1
11 7 254 1
8 12 346 1
12 8 346 1
8 18 880 1
18 8 880 1
13 17 364 1
17 13 364 1
21 40 380 1
40 21 380 1
22 87 870 1
87 22 870 1
28 44 945 1
44 28 945 1
30 84 877 1
84 30 877 1
36 108 330 1
108 36 330 1
7 29 417 1
29 7 417 1
12 86 512 1
86 12 512 1
31 37 658 1
37 31 658 1
42 113 437 1
113 42 437 1
52 100 420 1
100 52 420 1
55 115 361 1
115 55 361 1
6 93 1425 1
93 6 1425 1
29 111 842 1
111 29 842 1
36 92 596 1
92 36 596 1
56 114 997 1
114 56 997 1
0 95 915 1
95 0 915 1
5 27 165 1
27 5 165 1
19 58 678 1
58 19 678 1
31 75 419 1
75 31 419 1
37 86 777 1
86 37 777 1
59 107 1064 1
107 59 1064 1
61 81 506 1
81 61 506 1
74 80 415 1
80 74 415 1
99 105 287 1
105 99 287 1
6 33 588 1
33 6 588 1
32 63 656 1
63 32 656 1
33 73 444 1
73 33 444 1
52 92 317 1
92 52 317 1
5 34 1016 1
34 5 1016 1
13 100 1359 1
100 13 1359 1
38 56 731 1
56 38 731 1
45 98 655 1
98 45 655 1
50 65 837 1
65 50 837 1
56 96 743 1
96 56 743 1
60 102 963 1
102 60 963 1
70 80 524 1
80 70 524 1
110 113 304 1
113 110 304 1
1 18 493 1
18 1 493 1
12 31 545 1
31 12 545 1
15 71 394 1
71 15 394 1
29 46 914 1
46 29 914 1
41 56 991 1
56 41 991 1
44 110 439 1
110 44 439 1
108 112 335 1
112 108 335 1
10 75 732 1
75 10 732 1
30 40 513 1
40 30 513 1
36 54 228 1
54 36 228 1
42 114 483 1
114 42 483 1
54 114 381 1
114 54 381 1
8 90 1188 1
90 8 1188 1
36 75 517 1
75 36 517 1
40 103 804 1
103 40 804 1
9 61 1165 1
61 9 1165 1
41 99 593 1
99 41 593 1
1 101 1148 1
101 1 1148 1
8 83 868 1
83 8 868 1
30 41 563 1
41 30 563 1
41 96 611 1
96 41 611 1
67 84 830 1
84 67 830 1
67 95 667 1
95 67 667 1
77 111 559 1
111 77 559 1
87 115 746 1
115 87 746 1
95 114 280 1
114 95 280 1
24 89 1045 1
89 24 1045 1
28 48 960 1
48 28 960 1
37 55 221 1
55 37 221 1
1 10 979 1
10 1 979 1
21 81 634 1
81 21 634 1
54 59 1020 1
59 54 1020 1
67 105 903 1
105 67 903 1
94 98 264 1
98 94 264 1
9 14 725 1
14 9 725 1
31 34 815 1
34 31 815 1
32 94 642 1
94 32 642 1
36 76 232 1
76 36 232 1
38 73 580 1
73 38 580 1
58 93 1138 1
93 58 1138 1
76 78 312 1
78 76 312 1
83 90 1178 1
90 83 1178 1
1 79 428 1
79 1 428 1
15 40 725 1
40 15 725 1
63 69 603 1
69 63 603 1
66 85 836 1
85 66 836 1
75 78 667 1
78 75 667 1
47 97 280 1
97 47 280 1
59 73 875 1
73 59 875 1
72 94 485 1
94 72 485 1
3 36 883 1
36 3 883 1
10 60 650 1
60 10 650 1
19 105 1190 1
105 19 1190 1
29 39 339 1
39 29 339 1
45 53 435 1
53 45 435 1
102 106 217 1
106 102 217 1
1 90 1264 1
90 1 1264 1
2 33 510 1
33 2 510 1
25 65 1263 1
65 25 1263 1
35 93 718 1
93 35 718 1
66 94 692 1
94 66 692 1
18 68 315 1
68 18 315 1
31 39 657 1
39 31 657 1
34 37 540 1
37 34 540 1
42 94 484 1
94 42 484 1
43 109 418 1
109 43 418 1
90 107 713 1
107 90 713 1
6 60 799 1
60 6 799 1
34 93 788 1
93 34 788 1
37 42 712 1
42 37 712 1
63 100 1236 1
100 63 1236 1
77 110 393 1
110 77 393 1
92 102 211 1
102 92 211 1
5 110 1022 1
110 5 1022 1
11 75 388 1
75 11 388 1
13 31 424 1
31 13 424 1
24 31 318 1
31 24 318 1
38 57 968 1
57 38 968 1
40 114 619 1
114 40 619 1
46 76 517 1
76 46 517 1
49 110 518 1
110 49 518 1
71 94 614 1
94 71 614 1
77 109 318 1
109 77 318 1
15 84 1175 1
84 15 1175 1
24 65 1330 1
65 24 1330 1
26 85 985 1
85 26 985 1
36 110 412 1
110 36 412 1
77 113 641 1
113 77 641 1
3 37 746 1
37 3 746 1
31 114 1052 1
114 31 1052 1
50 55 863 1
55 50 863 1
73 81 406 1
81 73 406 1
77 90 787 1
90 77 787 1
93 104 478 1
104 93 478 1
0 12 517 1
12 0 517 1
34 44 373 1
44 34 373 1
11 72 773 1
72 11 773 1
14 31 528 1
31 14 528 1
23 36 889 1
36 23 889 1
33 72 507 1
72 33 507 1
67 106 941 1
106 67 941 1
84 105 801 1
105 84 801 1
93 110 487 1
110 93 487 1
20 80 604 1
80 20 604 1
26 91 1131 1
91 26 1131 1
42 77 643 1
77 42 643 1
68 70 709 1
70 68 709 1
113 115 188 1
115 113 188 1
13 90 1367 1
90 13 1367 1
15 23 561 1
23 15 561 1
21 78 664 1
78 21 664 1
28 77 540 1
77 28 540 1
34 105 727 1
105 34 727 1
36 89 803 1
89 36 803 1
93 99 208 1
99 93 208 1
48 113 676 1
113 48 676 1
57 96 913 1
96 57 913 1
68 79 805 1
79 68 805 1
77 107 536 1
107 77 536 1
95 101 458 1
101 95 458 1
10 113 1059 1
113 10 1059 1
23 93 1407 1
93 23 1407 1
43 76 617 1
76 43 617 1
52 98 272 1
98 52 272 1
54 115 339 1
115 54 339 1
58 90 890 1
90 58 890 1
58 107 1147 1
107 58 1147 1
83 106 894 1
106 83 894 1
91 110 456 1
110 91 456 1
106 110 467 1
110 106 467 1
13 20 655 1
20 13 655 1
13 92 1402 1
92 13 1402 1
23 82 788 1
82 23 788 1
62 102 862 1
102 62 862 1
98 112 277 1
112 98 277 1
11 73 310 1
73 11 310 1
57 97 767 1
97 57 767 1
58 106 1039 1
106 58 1039 1
87 111 938 1
111 87 938 1
13 83 347 1
83 13 347 1
16 76 379 1
76 16 379 1
17 39 453 1
39 17 453 1
36 57 914 1
57 36 914 1
47 98 442 1
98 47 442 1
58 66 198 1
66 58 198 1
71 113 890 1
113 71 890 1
106 108 322 1
108 106 322 1
1 14 1077 1
14 1 1077 1
6 29 840 1
29 6 840 1
20 35 677 1
35 20 677 1
21 28 487 1
28 21 487 1
22 53 1432 1
53 22 1432 1
28 39 686 1
39 28 686 1
91 98 616 1
98 91 616 1
6 16 484 1
16 6 484 1
16 108 661 1
108 16 661 1
17 40 824 1
40 17 824 1
19 99 1048 1
99 19 1048 1
30 78 663 1
78 30 663 1
38 76 305 1
76 38 305 1
45 109 572 1
109 45 572 1
58 83 1281 1
83 58 1281 1
106 109 391 1
109 106 391 1
14 87 842 1
87 14 842 1
16 33 609 1
33 16 609 1
18 102 1258 1
102 18 1258 1
24 88 947 1
88 24 947 1
25 55 952 1
55 25 952 1
29 99 709 1
99 29 709 1
36 105 576 1
105 36 576 1
39 110 466 1
110 39 466 1
41 79 379 1
79 41 379 1
42 109 434 1
109 42 434 1
77 96 456 1
96 77 456 1
81 101 734 1
101 81 734 1
103 109 477 1
109 103 477 1
29 81 342 1
81 29 342 1
61 106 1151 1
106 61 1151 1
77 93 729 1
93 77 729 1
87 113 899 1
113 87 899 1
100 101 656 1
101 100 656 1
0 60 405 1
60 0 405 1
6 14 476 1
14 6 476 1
6 64 941 1
64 6 941 1
11 92 1324 1
92 11 1324 1
35 87 863 1
87 35 863 1
37 43 584 1
43 37 584 1
46 99 446 1
99 46 446 1
68 73 821 1
73 68 821 1
69 81 801 1
81 69 801 1
82 101 1107 1
101 82 1107 1
83 102 1059 1
102 83 1059 1
87 114 818 1
114 87 818 1
90 97 593 1
97 90 593 1
9 88 1163 1
88 9 1163 1
18 73 675 1
73 18 675 1
32 55 771 1
55 32 771 1
32 73 550 1
73 32 550 1
33 61 545 1
61 33 545 1
38 68 922 1
68 38 922 1
55 97 173 1
97 55 173 1
56 76 519 1
76 56 519 1
57 66 576 1
66 57 576 1
85 88 1097 1
88 85 1097 1
89 105 535 1
105 89 535 1
29 79 257 1
79 29 257 1
50 92 549 1
92 50 549 1
100 115 381 1
115 100 381 1
101 104 464 1
104 101 464 1
104 111 377 1
111 104 377 1
5 84 1110 1
84 5 1110 1
32 74 456 1
74 32 456 1
36 43 693 1
43 36 693 1
3 30 397 1
30 3 397 1
7 32 649 1
32 7 649 1
33 68 378 1
68 33 378 1
35 85 553 1
85 35 553 1
42 71 934 1
71 42 934 1
79 101 758 1
101 79 758 1
92 97 585 1
97 92 585 1
