5118 26978
7432 15820
20180 21899
10974 28523
24730 37501
6548 21537
11372 4160
26994 6864
36549 32464
6638 19860
36144 27838
37830 30065
19889 16993
18778 19508
27723 33681
37081 21062
28587 7167
29763 8678
38447 27695
13530 5403
23766 2648
38739 10988
35527 21648
35696 5147
7238 31648
24365 39057
22658 8890
15912 8971
4874 11541
35633 39871
29322 4738
36116 37973
27483 25815
3843 39385
22787 18255
6374 26424
28007 481
38677 38657
25278 35368
10068 28222
5490 3515
33305 33828
16825 38054
10915 36830
32013 3528
15783 278
12983 39288
9619 19240
13104 20826
31651 13634
26828 4747
4178 16655
17742 2472
27068 28004
8707 31766
16024 13544
18974 35079
13095 35163
8165 25659
12026 7359
14132 16454
35170 28790
1620 12574
11988 6016
7129 12946
20658 22298
24205 15198
31597 15917
16887 3983
10313 39062
23628 22239
38062 32209
32278 11425
36465 22878
35243 25757
1190 32718
17419 3300
7603 33468
37183 8769
12280 16701
9048 23104
17512 24613
38217 11203
36955 4321
15285 34348
39325 27789
35585 38491
17895 34904
1200 34919
37125 27545
9118 20810
26812 7754
36360 21875
19833 18330
34074 84
37325 27281
568 34098
8067 34895
33495 30303
8489 5668
2105 35125
28608 458
25466 1740
23414 18346
36051 3623
6405 10955
8761 19852
24928 26810
26387 12419
20452 38243
27893 2880
31712 34799
3660 31906
915 22200
31906 11706
38915 953
31413 35638
34211 11448
12794 20823
39354 25488
20385 24029
754 34413
6681 35344
28756 14841
20013 19857
38885 34698
21748 18859
11374 35100
18327 31596
31344 31124
19440 28317
18047 4413
33706 29343
18745 9780
37816 2722
731 3724
15887 37906
1741 1181
6398 515
14893 25826
1129 33981
13195 32185
14171 18529
38556 21507
3289 17210
29827 37237
16898 29081
11027 14623
10518 14637
4559 12705
17928 10999
38416 7206
29700 11337
31973 14060
13011 22470
11079 4735
34934 37279
39310 19144
34553 21106
38483 26247
5105 6146
12688 39284
20137 10005
22756 2394
709 31656
13284 1778
3564 10853
20954 2531
28608 458
18531 19929
24002 17061
13604 20487
14709 13158
38582 26257
9703 20819
13906 14964
28355 10893
38831 10525
12227 7321
8243 22281
29472 35781
33750 4538
1292 2413
8642 87
32544 15220
280 12796
30490 31334
30639 15871
801 29737
15056 28727
20972 16060
13128 1496
10281 22921
8805 16198
8699 7898
9269 20253
11029 7021
11338 8884
9183 2612
18017 7112
9652 39847
6029 33846
14920 19345
10875 13060
4180 34894
2633 20726
28804 20155
21461 32120
9873 14489
4949 4943
36740 17778
2870 31060
8206 18882
33964 23828
20649 6983
8479 21021
373 4924
8675 26456
24414 17774
8444 2350
14139 15564
28760 10692
7618 23302
23896 5564
37655 13412
22491 9991
7167 10882
17672 36068
19287 7582
2134 24239
4408 15019
31369 25717
25954 25351
1068 19322
16284 4934
16934 19931
1206 22746
35737 14246
24398 37867
36399 26306
5762 12674
19557 27099
22170 39871
14687 23333
12146 3321
6300 27408
39150 35747
27519 33040
26962 5494
2819 36413
24156 14505
19599 3044
35552 3213
35494 37472
32316 22530
5400 34006
11657 39849
9935 1181
20402 9122
27839 35258
37882 17287
26788 37061
7938 17089
9644 39117
33807 366
32253 35049
23610 1720
35596 6257
24050 10078
34606 34100
17961 24001
23262 9727
27309 1512
28597 20811
15719 24598
32610 14262
660 38067
33381 12254
36006 2933
33478 7306
29109 18071
18397 38447
31106 18719
26377 8357
8555 38783
33562 6713
13918 23546
28655 37447
7095 39877
5095 33418
7249 12258
2815 29737
17081 37459
18081 38989
3814 5395
18587 10893
33203 21143
1768 8157
6864 15662
11746 29940
6510 21194
13931 26226
25710 19162
23354 6035
32576 1738
32229 39461
18807 34096
5246 9450
29030 3255
9862 7177
35045 7802
32378 27365
18473 8863
34656 5548
33086 29610
36424 17746
34920 29803
19285 33226
16074 37451
36784 7837
15610 18297
19364 26636
4396 19939
39186 18940
30654 30700
36812 13835
24960 17223
14138 1144
3910 33634
11244 27685
19866 19341
27942 11098
20471 21703
1581 28743
1458 35021
30354 35286
22825 22126
32584 17833
29296 36944
20752 17951
37397 31149
19550 28437
13200 21464
1112 37551
1055 22077
14357 33121
15798 4632
5325 32563
3296 134
27040 5046
13847 34969
23707 3544
21361 2531
32 9203
29974 18664
34733 31710
34041 35644
23719 35882
39510 10572
13223 20973
24650 4274
17033 30964
6172 4787
29874 14262
35900 15063
31745 6744
6421 36698
36959 25823
2394 32657
5095 12276
25776 6939
1659 1375
2373 21543
29286 5129
11636 15414
13713 36382
10168 29353
31815 10269
17674 8908
32927 17895
35109 5075
27592 11760
24597 30541
12408 35983
32405 38082
33776 5515
37371 12961
37087 10246
15701 20709
4756 37788
22114 18886
35559 3877
17908 20663
9366 25688
2387 17639
22060 13661
36120 2847
2136 2719
497 17639
11105 30504
