9419 8488
20021 7158
28894 34042
33533 3871
4231 33072
25674 31783
29345 30613
38557 12477
31120 11377
13216 7585
37989 35078
38824 29286
22359 1536
26235 28307
29027 21053
27924 9642
38027 33433
38787 22841
30158 8949
5191 19718
14471 8467
26383 31572
18187 7443
19110 5164
16224 28182
27607 22224
15593 9888
36246 15450
16502 35373
9127 26839
3754 15493
13714 12946
21842 8263
7986 11036
39388 1567
6544 31919
30510 35042
4535 15085
29336 20428
10460 23608
26895 30822
15573 18018
39487 29296
14821 27963
6027 28626
13609 7716
36185 39035
2709 20552
28081 27663
20897 39917
7192 20941
38794 25439
8505 3342
22786 2997
35041 39936
25007 19626
31914 39713
38796 19270
38721 29039
13757 791
6783 533
38111 9221
24946 38294
13328 395
28623 20520
9353 4312
17864 5617
17960 9130
19814 8255
4760 4784
33533 3871
19302 32726
19581 27589
39560 31056
16820 33337
33190 36384
35747 10893
19529 24452
21273 24736
18318 9036
427 35772
17113 35812
8932 20199
11253 2126
12156 25147
33940 3801
3168 35095
10953 8265
32663 6893
16926 1917
17737 27864
30776 38393
1874 19472
31065 9728
19400 27962
11227 17529
8931 8607
37361 38582
31041 36097
30896 32008
10345 7864
33273 35504
30458 27087
6696 31061
4525 11447
7124 2034
36205 18461
21638 5149
16057 29443
7459 20197
33795 29668
9999 23041
10628 22844
4749 24361
2663 27346
22486 23733
33440 26053
29429 2664
13553 12961
12842 19343
657 10862
22484 12706
10204 5775
31699 17245
36176 37309
1101 24773
2045 29880
29450 12027
31559 33218
29211 25661
15916 23153
17767 34500
35908 32648
23655 38374
22292 23194
19862 26230
19091 24544
27322 24736
37727 22214
29091 12637
37951 20933
2477 9957
31754 10628
25507 35447
25196 27714
14937 37118
38517 12630
38038 763
15595 33531
21003 9822
7295 28721
9345 14610
9341 4498
6631 5190
906 32067
38553 23456
18673 24599
34463 15799
6205 34639
967 36034
37497 3266
26067 37333
4899 15011
16590 16152
13390 3989
2628 12645
5682 4740
11342 14979
5106 1856
37437 18279
36850 5170
30070 34234
22634 26826
28589 11905
20673 25382
27384 13989
9593 30265
28917 22685
34680 33601
4023 30774
33405 32119
39170 4954
2577 3497
17844 24552
22160 32907
34539 31197
23712 1899
26340 36089
16813 16307
31447 14148
14252 39289
29813 9680
21519 13958
36886 17956
1603 4297
28987 13520
19703 18571
6479 12534
23668 35093
4744 15485
27691 29853
39884 10855
30269 22845
27311 17950
38001 25075
573 29348
6231 17887
24285 13748
32983 15510
27850 15363
10627 2694
20814 15404
2076 38093
24050 29892
10628 17432
23595 36279
33704 2006
38499 29727
13409 11568
4980 13585
24888 16865
12581 21421
19774 19117
13639 20091
2852 9347
35615 29666
35399 15654
30163 3714
33617 9547
35972 35560
12017 33768
39849 34500
20259 3402
5002 35986
27701 14314
30887 35555
14800 8519
8516 24616
32963 20609
19145 39515
16559 12813
31377 28340
10265 26901
18290 6201
32597 37129
23675 26137
23271 39604
3564 23292
32995 2962
30068 1856
23338 16609
6635 9337
32920 11768
18955 6441
2036 29150
23085 37376
12574 17536
38009 26116
35102 10239
18270 12697
105 18906
9158 31905
14906 12468
2123 31671
13758 32006
27788 22847
18683 21210
33549 19717
19166 19401
28949 30401
11841 7387
11764 24616
29252 32770
16189 9907
19321 31699
34744 30583
18485 38770
36781 22618
35329 16292
31059 4142
34791 16671
30432 25105
3484 3785
13062 6547
30538 13567
3611 14941
22221 37343
12254 37539
44 13651
3029 13279
19211 453
31978 2544
24596 31769
4604 30225
19710 33972
20229 5375
20794 32557
7820 6807
39551 38709
20324 37992
2565 15876
11795 30822
38809 36794
34139 2797
37558 22618
33354 23185
7202 20199
28098 2100
29424 15477
33544 18203
9222 35503
13769 23368
12751 35395
9266 24579
16799 39025
25506 32590
19455 25371
39236 9547
14503 11246
202 30985
11033 13903
13314 39041
39549 21815
18159 39549
3185 33806
33689 2544
15718 25653
36539 32852
33506 39648
37363 2262
2729 12269
4088 6319
10115 11990
20887 17245
35622 25669
475 477
29666 13695
5727 33971
19930 37732
3050 27377
19616 31178
37228 30516
33178 35951
18854 13410
33381 35056
29887 38621
32931 16689
8047 23845
28232 14238
26621 29587
23766 4817
24772 33953
27515 25664
18280 39125
17833 36279
24948 10155
21009 18540
21922 3747
35064 23738
33006 20369
2811 16596
30687 26713
33481 29261
36415 4794
13413 34448
31959 28586
25139 9037
11884 30179
4491 28178
1773 7624
29538 34011
11453 4637
9820 8771
17771 4897
33586 35831
25591 25624
21172 31178
20825 7004
3425 14461
6122 31239
1836 12586
25348 20643
34842 12830
28159 33984
31874 3091
28325 38888
28291 19629
1739 4035
20251 12025
34769 36877
8924 33876
5391 39399
6654 31519
13416 5338
23912 14718
8428 14042
2955 12769
18249 7152
20727 9872
23272 35718
